x coord,y coord,z coord,rank
0.0147566,0.0467375,0.0739207,0
0.0686093,0.0324003,0.0912421,0
0.0313193,0.0653945,0.100122,0
0.0966852,0.0829414,0.101714,0
0.0991794,0.0212898,0.0455189,0
0.222255,0.0217858,0.0146919,0
0.145279,0.0367302,0.0629571,0
0.0191034,0.00283892,0.0870619,0
0.184516,0.0704731,0.0773792,0
0.0498058,0.081729,0.00979153,0
0.0229882,0.0233309,0.0470786,0
0.149982,0.0248215,0.102486,0
0.125773,0.0384535,0.0916983,0
0.166183,0.0121486,0.0823146,0
0.166929,0.0527872,0.0681581,0
0.059344,0.00255286,0.0874843,0
0.073597,0.0219775,0.00220989,0
0.216631,0.0482648,0.0162442,0
0.217689,0.0229763,0.0690463,0
0.187157,0.0394824,0.0583057,0
0.0170234,0.0135082,0.0295199,0
0.213513,0.0258647,0.0657834,0
0.142042,0.00701053,0.0304044,0
0.191315,0.071877,0.00616501,0
0.179496,0.0200446,0.0511241,0
0.220846,0.0273879,0.06645,0
0.0745301,0.0760129,0.0833667,0
0.215264,0.027683,0.0610049,0
0.216464,0.0272409,0.067101,0
0.181692,0.0342501,0.0729355,0
0.215533,0.0305946,0.061536,0
0.117845,0.0289807,0.0395061,0
0.189822,0.014762,0.0465339,0
0.0858437,0.00904107,0.0895737,0
0.160256,0.0655558,0.00742691,0
0.0844335,0.0235228,0.0363877,0
0.187725,0.0275853,0.00279835,0
0.214533,0.0310306,0.065574,0
0.211755,0.0756096,0.0868211,0
0.209173,0.047519,0.019913,0
0.00875681,0.0174371,0.0289515,0
0.218628,0.0313298,0.0675655,0
0.0255655,0.023443,0.0730904,0
0.197706,0.00709388,0.0144041,0
0.212033,0.030544,0.0633763,0
0.214687,0.0328975,0.0671471,0
0.211278,0.0294183,0.0638558,0
0.179313,0.0673035,0.0492531,0
0.0495393,0.0337332,0.0841033,0
0.158138,0.0783592,0.0214821,0
0.111822,0.0812566,0.0201299,0
0.216083,0.031071,0.0686694,0
0.102508,0.0639082,0.0669116,0
0.00910823,0.0142022,0.00493167,0
0.216492,0.0315826,0.0676826,0
0.21439,0.0270588,0.0629499,0
0.176668,0.0770383,0.0200173,0
0.0876468,0.0215294,0.052017,0
0.199187,0.0749012,0.0859968,0
0.215951,0.0257708,0.0622924,0
0.215446,0.0308004,0.0617591,0
0.212442,0.0341171,0.0631452,0
0.186805,0.00644622,0.0931299,0
0.217113,0.0283597,0.0640744,0
0.101129,0.0685901,0.0366956,0
0.217381,0.0357566,0.061693,0
0.182101,0.0145518,0.0145849,0
0.107403,0.0354282,0.0886959,0
0.180022,0.020458,0.0969397,0
0.0398171,0.0337807,0.0254644,0
0.211196,0.0268481,0.0646132,0
0.21457,0.0328438,0.0634517,0
0.219678,0.0261536,0.0673164,0
0.215064,0.0251304,0.0641666,0
0.0869705,0.0559755,0.0457028,0
0.211996,0.0288934,0.0616396,0
0.172723,0.0744386,0.0740211,0
0.216699,0.0278325,0.0631766,0
0.216033,0.0265157,0.067481,0
0.0927411,0.0700239,0.0741919,0
0.217003,0.0284811,0.0664515,0
0.0576984,0.0789664,0.00607703,0
0.000216002,0.067724,0.0421933,0
0.139771,0.0596768,0.0706249,0
0.215953,0.0304726,0.0630943,0
0.162758,0.00856665,0.0681739,0
0.209414,0.0289879,0.0656538,0
0.209863,0.0582607,0.0290374,0
0.210855,0.0325826,0.0640246,0
0.216359,0.0263673,0.0667478,0
0.21968,0.0312304,0.0642144,0
0.14096,0.0293375,0.0163278,0
0.135752,0.0748928,0.030754,0
0.101262,0.0755294,0.0651347,0
0.209892,0.0316678,0.0652627,0
0.216049,0.0301499,0.0706049,0
0.0139771,0.0396654,0.0945378,0
0.0657988,0.0100867,0.0532681,0
0.0717574,0.0283173,0.024671,0
0.213913,0.0359854,0.0646431,0
0.161528,0.043597,0.0877967,0
0.212821,0.035014,0.0657073,0
0.216912,0.0318936,0.0638333,0
0.219239,0.0284073,0.0656212,0
0.171649,0.0784739,0.0824181,0
0.0654669,0.00230823,0.0814575,0
0.0156933,0.0595774,0.00252902,0
0.208687,0.0759199,0.0884769,0
0.152751,0.0538921,0.0221539,0
0.182338,0.0442318,0.089937,0
0.0408743,0.0148663,0.0201745,0
0.110446,0.0783356,0.0370382,0
0.11467,0.0299443,0.0613128,0
0.0657419,0.0624196,0.0045258,0
0.0526176,0.0398302,0.0617004,0
0.0968984,0.00324962,0.0357596,0
0.0235678,0.0532207,0.085831,0
0.0245719,0.0501101,0.0899182,0
0.0677363,0.0146497,0.098012,0
0.0731964,0.0234951,0.0104915,0
0.0963783,0.0253404,0.0209845,0
0.0576948,0.0286864,0.0339959,0
0.0917064,0.0518345,0.0018153,0
0.0231592,0.00985159,0.009529,0
0.0760686,0.0168037,0.0725163,0
0.0530433,0.0532453,0.0972421,0
0.052426,0.0761182,0.0331191,0
0.0869388,0.0336051,0.102519,0
0.104669,0.125743,0.180798,1
0.0284303,0.17669,0.2,1
0.119865,0.175281,0.107439,1
0.00520197,0.169559,0.130816,1
0.0804913,0.207555,0.196019,1
0.207491,0.155625,0.108551,1
0.0593159,0.176298,0.192706,1
0.172346,0.179696,0.22259,1
0.0636356,0.180565,0.219215,1
0.130813,0.201189,0.135901,1
0.0479618,0.161681,0.154887,1
0.0508074,0.167799,0.120213,1
0.0913219,0.22251,0.218628,1
0.0315937,0.152815,0.202937,1
0.155261,0.144037,0.13644,1
0.0383566,0.171594,0.15538,1
0.0577149,0.126624,0.15122,1
0.0159088,0.209355,0.214353,1
0.0958863,0.217473,0.191255,1
0.164953,0.152229,0.204844,1
0.167715,0.13116,0.195216,1
0.0496531,0.134446,0.215336,1
0.137983,0.199894,0.132975,1
0.0890148,0.150353,0.12069,1
0.16512,0.174951,0.117977,1
0.0695298,0.201879,0.181977,1
0.0863181,0.123342,0.147065,1
0.0382417,0.135455,0.168304,1
0.10054,0.177794,0.108024,1
0.163579,0.19585,0.162335,1
0.0622723,0.136144,0.185966,1
0.0458435,0.141797,0.166446,1
0.0658745,0.192568,0.145636,1
0.150399,0.18252,0.183154,1
0.0960936,0.17677,0.112813,1
0.0921606,0.131335,0.147794,1
0.0425897,0.169704,0.199045,1
0.159727,0.218164,0.169225,1
0.0385032,0.215056,0.200449,1
0.0795544,0.153081,0.223599,1
0.148987,0.171248,0.131026,1
0.0153921,0.18039,0.181781,1
0.0640755,0.180606,0.114934,1
0.0109364,0.144625,0.159954,1
0.114061,0.189944,0.157363,1
0.223803,0.167358,0.187726,1
0.00909542,0.191955,0.167286,1
0.0633651,0.154183,0.160868,1
0.191755,0.156519,0.162522,1
0.168429,0.134974,0.126525,1
0.0580683,0.205641,0.126374,1
0.0317341,0.146294,0.18998,1
0.100059,0.221978,0.165026,1
0.199304,0.200459,0.141633,1
0.0113395,0.134456,0.207796,1
0.102452,0.185032,0.146685,1
0.0451814,0.185359,0.125184,1
0.203235,0.217275,0.116228,1
0.19176,0.12237,0.139575,1
0.0383247,0.221221,0.153777,1
0.201585,0.202954,0.146032,1
0.192688,0.199312,0.144556,1
0.121159,0.221019,0.130814,1
0.158746,0.166678,0.137966,1
0.223526,0.183037,0.148087,1
0.154459,0.182672,0.119314,1
0.114955,0.221975,0.122596,1
0.166293,0.139374,0.177764,1
0.224098,0.126772,0.218543,1
0.00909684,0.126936,0.223978,1
0.153631,0.211436,0.181224,1
0.119608,0.136103,0.132819,1
0.12284,0.124403,0.190485,1
0.198085,0.136579,0.173973,1
0.163227,0.147188,0.180109,1
0.170747,0.19047,0.117164,1
0.0419405,0.136064,0.161784,1
0.0932321,0.14024,0.129387,1
0.134832,0.21494,0.142962,1
0.028431,0.165451,0.108559,1
0.219711,0.190644,0.165115,1
0.0354894,0.129807,0.210509,1
0.0556605,0.191488,0.112036,1
0.173685,0.182963,0.177444,1
0.188897,0.197049,0.193393,1
0.0115161,0.134394,0.21779,1
0.0135525,0.169679,0.132212,1
0.00266453,0.220735,0.199831,1
0.122591,0.154975,0.120402,1
0.0973189,0.120102,0.155483,1
0.0307025,0.151847,0.132912,1
0.10022,0.152359,0.206526,1
0.141538,0.183169,0.219921,1
0.0490824,0.195323,0.162072,1
0.188454,0.125781,0.139114,1
0.0352332,0.160492,0.129563,1
0.211522,0.158256,0.215362,1
0.186047,0.124405,0.112291,1
0.0671571,0.129377,0.122566,1
0.0841773,0.21684,0.128946,1
0.0577276,0.13679,0.115563,1
0.117742,0.158224,0.105031,1
0.0113422,0.156393,0.191049,1
0.2133,0.207229,0.122832,1
0.0656777,0.122304,0.164718,1
0.0217159,0.147312,0.112801,1
0.00700721,0.197447,0.187723,1
0.209921,0.209328,0.147108,1
0.0488401,0.137125,0.207686,1
0.0559375,0.125104,0.162794,1
0.119334,0.155505,0.163607,1
0.224954,0.147679,0.154288,1
0.161603,0.175771,0.116406,1
0.0989415,0.165589,0.12724,1
0.0616647,0.205545,0.138662,1
0.00272666,0.219173,0.205272,1
0.149177,0.152406,0.219343,1
0.0806304,0.220056,0.148293,1
0.143339,0.158509,0.223083,1
0.115839,0.197339,0.126074,1
0.0691007,0.160121,0.132732,1
0.157011,0.164347,0.121354,1
0.0306088,0.125294,0.138026,1
0.0700443,0.131405,0.161001,1
0.148163,0.222076,0.0730079,2
0.191004,0.118553,0.0708686,2
0.124879,0.177608,0.0867996,2
0.0493393,0.129454,0.0209442,2
0.0737079,0.212284,0.0803522,2
0.0976543,0.181296,0.0625363,2
0.0395777,0.137136,0.0713645,2
0.173528,0.149,0.0643734,2
0.21989,0.0950116,0.0495847,2
0.0578685,0.184332,0.0643559,2
0.0554059,0.147672,0.0594054,2
0.188641,0.175143,0.00879696,2
0.0661056,0.135876,0.0511415,2
0.187684,0.168813,0.0738732,2
0.1398,0.111712,0.0592639,2
0.210475,0.114099,0.0522621,2
0.100083,0.166478,0.0695241,2
0.160562,0.196247,0.0251981,2
0.210823,0.13968,0.0844076,2
0.206609,0.136339,0.0597781,2
0.163714,0.147183,0.0493983,2
0.00494576,0.161331,0.054608,2
0.0355795,0.118258,0.0425856,2
0.0866256,0.180047,0.0128287,2
0.00893165,0.20187,0.0505646,2
0.17563,0.192619,0.0225502,2
0.0271011,0.171704,0.0659768,2
0.050252,0.0942593,0.026529,2
0.205695,0.20613,0.0714134,2
0.125829,0.12808,0.043076,2
0.195928,0.14093,0.0976269,2
0.0115293,0.130155,0.0803432,2
0.0380887,0.111063,0.0522445,2
0.194638,0.114179,0.0811418,2
0.203952,0.155428,0.101661,2
0.21179,0.188342,0.0517733,2
0.0643431,0.15746,0.0117493,2
0.0230206,0.187934,0.102306,2
0.160487,0.114906,0.0445447,2
0.0537294,0.221525,0.0815746,2
0.12836,0.128312,0.0826537,2
0.188712,0.142492,0.00751659,2
0.14967,0.162519,0.0212086,2
0.104476,0.164548,0.0279032,2
0.0162961,0.0893689,0.0798687,2
0.120511,0.157252,0.0168179,2
0.0212625,0.210297,0.0757394,2
0.075603,0.120297,0.00332991,2
0.121298,0.210506,0.0425926,2
0.0278444,0.178685,0.0809381,2
0.188952,0.139923,0.00309045,2
0.123245,0.224487,0.0804703,2
0.100314,0.095579,0.0616112,2
0.207179,0.151386,0.0637988,2
0.109545,0.163837,0.00660424,2
0.182855,0.173503,0.0244117,2
0.121873,0.222744,0.0982652,2
0.00136877,0.160693,0.0540637,2
0.181629,0.0994835,0.0396098,2
0.0976064,0.175438,0.0903525,2
0.101849,0.115955,0.0850627,2
0.0702565,0.144714,0.0743575,2
0.0149279,0.170781,0.0342268,2
0.154206,0.183407,0.0816122,2
0.183361,0.185779,0.0872503,2
0.129018,0.11077,0.0504389,2
0.0387611,0.154049,0.0834326,2
0.0914727,0.104924,0.0221761,2
0.012302,0.222027,0.0493911,2
0.0798565,0.205623,0.00833161,2
0.134232,0.191978,0.0850584,2
0.185788,0.202508,0.0273936,2
0.0330052,0.134829,0.0705053,2
0.211745,0.101101,0.00259577,2
0.165712,0.158751,0.0873651,2
0.0314339,0.115249,0.0202117,2
0.123489,0.164825,0.0460215,2
0.00592221,0.148014,0.0868901,2
0.0573866,0.148399,0.0733612,2
0.0836137,0.160588,0.00643722,2
0.0811094,0.117392,0.0162831,2
0.171333,0.12657,0.0407305,2
0.0676612,0.198513,0.043144,2
0.0148866,0.150611,0.0760026,2
0.133534,0.197622,0.0777475,2
0.0827682,0.20994,0.0384568,2
0.133826,0.126426,0.0347849,2
0.0483146,0.119658,0.0797061,2
0.145901,0.220262,0.0445402,2
0.171949,0.1093,0.0186874,2
0.16747,0.18179,0.0661836,2
0.0112274,0.196719,0.09293,2
0.17035,0.0975669,0.0908769,2
0.0695013,0.150571,0.0377573,2
0.0864073,0.195649,0.0922853,2
0.162479,0.143234,0.0459391,2
0.105152,0.194145,0.0534464,2
0.070762,0.171839,0.0989485,2
0.0367812,0.179493,0.0334223,2
0.0908393,0.196415,0.0284358,2
0.0204219,0.161246,0.081892,2
0.195395,0.216452,0.0654795,2
0.0330862,0.2203,0.0916928,2
0.10398,0.0969769,0.0613132,2
0.095634,0.22419,0.0788918,2
0.129369,0.133895,0.101622,2
0.0157297,0.192942,0.093016,2
0.0796864,0.174324,0.0904622,2
0.0876641,0.209638,0.0675623,2
0.102209,0.163258,0.00487928,2
0.0185529,0.198059,0.0621811,2
0.0840397,0.22053,0.00589972,2
0.107492,0.160434,0.0644612,2
0.0791159,0.173253,0.0450461,2
0.112609,0.132534,0.0361552,2
0.0214032,0.197848,0.0924418,2
0.131838,0.161186,0.0684032,2
0.132544,0.210221,0.0945605,2
0.021898,0.205315,0.0106995,2
0.0460369,0.177616,0.0308647,2
0.137756,0.145188,0.047994,2
0.0386365,0.131344,0.0377886,2
0.0682021,0.188088,0.0996088,2
0.128899,0.153452,0.0289594,2
0.0933366,0.102797,0.0105606,2
0.0796039,0.106062,0.0963648,2
0.155468,0.104033,0.0956682,2
0.206096,0.0875743,0.0728464,2
0.185652,0.0233624,0.152065,3
0.124,0.100354,0.180579,3
0.0986404,0.070549,0.171957,3
0.149497,0.00503637,0.148093,3
0.1109,0.0594655,0.104302,3
0.18534,0.0707847,0.216453,3
0.126794,0.0631699,0.180402,3
0.0240408,0.0587729,0.135612,3
0.107887,0.0521523,0.148435,3
0.147923,0.0946069,0.175011,3
0.142218,0.0834487,0.105909,3
0.0335424,0.0559508,0.182051,3
0.0735641,0.0844319,0.115772,3
0.106907,0.0577616,0.17806,3
0.0271454,0.0324972,0.156251,3
0.081214,0.0679084,0.178419,3
0.115361,0.00888014,0.17595,3
0.0284111,0.0379138,0.160636,3
0.0106454,0.0112903,0.108669,3
0.00645074,0.0955373,0.180503,3
0.194306,0.0141525,0.210082,3
0.216171,0.0112508,0.223421,3
0.0940779,0.0231756,0.145253,3
0.0153912,0.00245343,0.104894,3
0.149092,0.000341322,0.203863,3
0.167586,0.11717,0.197318,3
0.126453,0.0263649,0.163768,3
0.111539,0.00404386,0.120866,3
0.0525718,0.0955149,0.127865,3
0.168231,0.00966596,0.150236,3
0.187655,0.0755751,0.123133,3
0.00210085,0.0348799,0.160496,3
0.176028,0.0573357,0.116273,3
0.199152,0.0702289,0.186637,3
0.211151,0.0143606,0.118965,3
0.105488,0.0288349,0.182739,3
0.0629263,0.0622471,0.200376,3
0.169573,0.0981478,0.15705,3
0.101048,0.0917121,0.14473,3
0.155887,0.073171,0.195628,3
0.000769123,0.0424782,0.119361,3
0.155042,0.0890199,0.155123,3
0.155983,0.0708509,0.154189,3
0.153311,0.112123,0.200929,3
0.21895,0.041132,0.160457,3
0.0842985,0.0743294,0.186949,3
0.0239604,0.00648948,0.111483,3
0.00785056,0.0831397,0.208223,3
0.117061,0.0343984,0.114926,3
0.119933,0.0164292,0.129805,3
0.0928006,0.0888184,0.104562,3
0.138058,0.00168029,0.154826,3
0.198809,0.0651575,0.13101,3
0.114932,0.013122,0.142819,3
0.166502,0.00669735,0.177407,3
0.182942,0.045985,0.138972,3
0.159542,0.0183742,0.131778,3
0.094189,0.0247155,0.113737,3
0.0842685,0.0824443,0.13609,3
0.0740076,0.0926337,0.140182,3
0.224975,0.0609663,0.199687,3
0.0336382,0.00702467,0.133131,3
0.179193,0.0907295,0.184004,3
0.20422,0.0373034,0.207352,3
0.149272,0.00403097,0.103021,3
0.217326,0.109033,0.218143,3
0.0975308,0.0159148,0.203663,3
0.222022,0.054821,0.114459,3
0.0911796,0.10235,0.172232,3
0.0701265,0.0150011,0.222116,3
0.124419,0.0245022,0.176094,3
0.0407325,0.0392322,0.105294,3
0.0759853,0.0833178,0.166519,3
0.206148,0.00149052,0.217893,3
0.0183094,0.0328927,0.215627,3
0.0417837,0.110958,0.193807,3
0.104759,0.0350321,0.180494,3
0.092554,0.00182446,0.209799,3
0.223878,0.00370585,0.131195,3
0.0919762,0.0450131,0.181702,3
0.144778,0.109056,0.194134,3
0.164647,0.018867,0.139499,3
0.0603566,0.0106492,0.14642,3
0.0346296,0.0300627,0.12974,3
0.201853,0.0795763,0.187974,3
0.162741,0.0258036,0.128374,3
0.07089,0.0149652,0.151268,3
0.127307,0.0724434,0.192709,3
0.206145,0.0759937,0.144445,3
0.108662,0.0325993,0.163347,3
0.00030026,0.0458229,0.177051,3
0.0459656,0.0769603,0.20054,3
0.199195,0.0428297,0.200672,3
0.183061,0.0981067,0.168571,3
0.176685,0.0124176,0.18753,3
0.18154,0.065723,0.148873,3
0.212385,0.0848777,0.168624,3
0.0985306,0.0601214,0.201525,3
0.172927,0.0773889,0.169674,3
0.05879,0.0446491,0.186458,3
0.126874,0.116073,0.123173,3
0.185548,0.0450275,0.133977,3
0.208031,0.0517369,0.129363,3
0.192755,0.0529954,0.172092,3
0.0937823,0.110517,0.185805,3
0.151883,0.0974207,0.19665,3
0.0780424,0.0385325,0.105708,3
0.048693,0.088404,0.121346,3
0.0671131,0.0448468,0.140971,3
0.121092,0.0813593,0.220671,3
0.0535617,0.00849816,0.152932,3
0.0511209,0.0429214,0.194884,3
0.0362994,0.0317009,0.184956,3
0.0752186,0.072708,0.158189,3
0.0605111,0.0534951,0.207322,3
0.170574,0.115116,0.114513,3
0.0216981,0.0362137,0.118616,3
0.209173,0.0620716,0.168112,3
0.219387,0.074852,0.106291,3
0.0685425,0.11676,0.155419,3
