x coord,y coord,z coord,rank
0.0252626,0.0820707,0.0199307,0
0.0560228,0.00935712,0.0710236,0
0.103722,0.0267111,0.058512,0
0.0407865,0.0380723,0.0426257,0
0.0452348,0.0100992,0.097322,0
0.217361,0.000541496,0.0239784,0
0.172014,0.0533065,0.0193733,0
0.00966186,0.0253668,0.0164814,0
0.116201,0.0617331,0.0918275,0
0.00627493,0.0654773,0.0719276,0
0.0334623,0.0273007,0.0316394,0
0.0689593,0.0577921,0.0909569,0
0.0931314,0.00841732,0.00536338,0
0.199777,0.0288673,0.0705072,0
0.207348,0.0657631,0.0639108,0
0.139916,0.0204647,0.0778719,0
0.117803,0.0744763,0.088903,0
0.210162,0.0215801,0.00743818,0
0.217714,0.0298625,0.0708062,0
0.218142,0.0093373,0.0332142,0
0.033454,0.0398233,0.000892741,0
0.207237,0.0385394,0.0749117,0
0.163211,0.0106694,0.0258204,0
0.128883,0.043025,0.00344008,0
0.173966,0.0698557,0.0328307,0
0.208129,0.0316017,0.0744346,0
0.107895,0.0486247,0.0793769,0
0.208851,0.0331738,0.0689138,0
0.21116,0.0364964,0.0717292,0
0.157893,0.0633597,0.0958808,0
0.210962,0.0345388,0.0727001,0
0.131294,0.0255233,0.0812128,0
0.218919,0.0780535,0.101252,0
0.0139251,0.0739343,0.0253617,0
0.192845,0.0602943,0.000438654,0
0.12418,0.000700973,0.0107666,0
0.193423,0.0626564,0.0433825,0
0.208943,0.0362275,0.0726928,0
0.164109,0.0632477,0.0783423,0
0.196183,0.0548681,0.00758765,0
0.0403034,0.0303793,0.00279409,0
0.209492,0.0365588,0.0700033,0
0.0553662,0.0185956,0.0935475,0
0.137748,0.0350524,0.00893695,0
0.209777,0.0333136,0.0713258,0
0.209597,0.0389548,0.0707283,0
0.211229,0.0309418,0.0707909,0
0.143181,0.0562878,0.0729374,0
0.0424814,0.0137168,0.0931096,0
0.0964872,0.014181,0.0543895,0
0.0888708,0.0693385,0.0414636,0
0.213059,0.0363941,0.0690369,0
0.0948954,0.0750389,0.0528663,0
0.0453064,0.00545643,0.0065047,0
0.213531,0.0376917,0.0693087,0
0.213144,0.0346788,0.0718069,0
0.177246,0.0809805,0.00590993,0
0.130103,0.0448465,0.00101954,0
0.202465,0.0682892,0.0861813,0
0.205867,0.0350689,0.0720429,0
0.20844,0.0344161,0.0682434,0
0.207021,0.0313761,0.0727171,0
0.0312087,0.0397748,0.0691042,0
0.213388,0.0335278,0.0716408,0
0.0127027,0.0560257,0.0743995,0
0.208566,0.0297676,0.0744227,0
0.187616,0.0239684,0.00891011,0
0.17106,0.0220792,0.0932473,0
0.175172,0.0377369,0.080115,0
0.0446209,0.0699764,0.0488478,0
0.210362,0.0391788,0.0680333,0
0.204937,0.033702,0.0692494,0
0.206369,0.0379075,0.0672337,0
0.211066,0.0330006,0.071645,0
0.110372,0.058559,0.0438125,0
0.208838,0.0311884,0.0704448,0
0.0459224,0.0335413,0.0100406,0
0.209809,0.0401585,0.069172,0
0.206642,0.0321292,0.068855,0
0.0750521,0.0788212,0.0150601,0
0.209501,0.0314488,0.0738098,0
0.0277685,0.0467762,0.0369896,0
0.0480261,0.0797056,0.0925568,0
0.0837977,0.0555372,0.0736092,0
0.211763,0.0376746,0.069402,0
0.196145,0.0509374,0.063044,0
0.213794,0.0337425,0.0713683,0
0.201187,0.0627417,0.0515387,0
0.21017,0.0310929,0.0718293,0
0.207225,0.0338574,0.0719043,0
0.209195,0.037877,0.071986,0
0.140479,0.0252189,0.0664449,0
0.0315255,0.0151677,0.0637573,0
0.0551758,0.0253246,0.0645164,0
0.21345,0.0342457,0.075613,0
0.209499,0.0347922,0.0731751,0
0.0280921,0.0307213,0.0187598,0
0.0258854,0.0112912,0.0140078,0
0.0656795,0.0256148,0.0489026,0
0.209047,0.0284266,0.0685487,0
0.0590484,0.000963144,0.0963568,0
0.208532,0.0340599,0.072258,0
0.214913,0.0346469,0.0734128,0
0.209763,0.0322522,0.0697161,0
0.12137,0.0569651,0.044404,0
0.0053755,0.013423,0.0738268,0
0.0394384,0.0442727,0.0628872,0
0.221715,0.0777868,0.0447989,0
0.186395,0.0217565,0.00917637,0
0.143455,0.0369656,0.0510608,0
0.0880024,0.0116161,0.0146942,0
0.123008,0.0699677,0.0448827,0
0.10661,0.0573927,0.0577997,0
0.0585516,0.0799201,0.00465747,0
0.00656151,0.0472273,0.0329721,0
0.0807565,0.0145132,0.0318363,0
0.0226859,0.0155463,0.041094,0
0.0343114,0.0667767,0.0745828,0
0.158477,0.0639043,0.0556661,0
0.0667345,0.0629462,0.0997661,0
0.180678,0.0291295,0.101823,0
0.0630817,0.162167,0.18455,1
0.00170281,0.184913,0.181394,1
0.104078,0.146686,0.118863,1
0.0908593,0.142923,0.139589,1
0.1276,0.198408,0.214401,1
0.0970631,0.150382,0.153397,1
0.0772295,0.13297,0.14184,1
0.175706,0.193388,0.209184,1
0.101908,0.192462,0.216491,1
0.153745,0.163238,0.138357,1
0.00917493,0.19434,0.170166,1
0.0196375,0.166271,0.10666,1
0.0692012,0.217299,0.170243,1
0.0348949,0.126477,0.221759,1
0.123819,0.186473,0.130572,1
0.0336837,0.143356,0.140511,1
0.0540974,0.138812,0.150717,1
0.0840381,0.165203,0.223981,1
0.0865141,0.222521,0.22492,1
0.189418,0.201459,0.175632,1
0.19323,0.129832,0.166513,1
0.138519,0.135544,0.172813,1
0.157898,0.203678,0.113098,1
0.102376,0.125189,0.11732,1
0.177535,0.145352,0.126217,1
0.0968256,0.198721,0.161206,1
0.0422338,0.159272,0.151899,1
0.0537895,0.160732,0.183748,1
0.0356427,0.216566,0.109397,1
0.131523,0.186893,0.172274,1
0.216366,0.219242,0.11751,1
0.0434294,0.145719,0.1869,1
0.125844,0.123545,0.149772,1
0.175268,0.16287,0.191932,1
0.17521,0.135022,0.220344,1
0.137647,0.209642,0.133669,1
0.0491203,0.121046,0.122876,1
0.141706,0.220542,0.189169,1
0.0740542,0.179462,0.137263,1
0.094941,0.208031,0.184511,1
0.163961,0.138444,0.157848,1
0.0124485,0.179998,0.2031,1
0.0928037,0.152401,0.165452,1
0.0253649,0.165012,0.143754,1
0.161215,0.127827,0.118279,1
0.196177,0.136002,0.185718,1
0.0424549,0.217898,0.120878,1
0.0199053,0.13502,0.15843,1
0.138644,0.163129,0.112881,1
0.157259,0.173472,0.17453,1
0.201778,0.125909,0.204341,1
0.0378014,0.134509,0.191509,1
0.0530652,0.157391,0.203745,1
0.174459,0.192537,0.123594,1
0.00824515,0.181135,0.147778,1
0.0658512,0.203314,0.153025,1
0.0479015,0.185987,0.173874,1
0.202059,0.197337,0.13592,1
0.0219922,0.130311,0.175773,1
0.00504692,0.136014,0.106941,1
0.168734,0.187003,0.126972,1
0.210058,0.197962,0.146039,1
0.15177,0.200501,0.14597,1
0.212361,0.203892,0.204609,1
0.213219,0.196289,0.168902,1
0.205766,0.1246,0.119447,1
0.0682866,0.180812,0.150589,1
0.168343,0.166123,0.217998,1
0.0704824,0.129467,0.145493,1
0.00593965,0.160207,0.184987,1
0.196131,0.197054,0.167369,1
0.176978,0.15025,0.141922,1
0.121053,0.118672,0.216715,1
0.150818,0.219679,0.166566,1
0.128942,0.124676,0.17281,1
0.143805,0.216037,0.149186,1
0.0515018,0.158981,0.182177,1
0.21129,0.127624,0.215069,1
0.14337,0.133226,0.124846,1
0.191775,0.190891,0.117846,1
0.177506,0.20452,0.22404,1
0.0966194,0.178892,0.108803,1
0.20529,0.149095,0.126503,1
0.189102,0.135999,0.223668,1
0.193356,0.165312,0.216549,1
0.00736161,0.168545,0.109543,1
0.0485989,0.185349,0.115718,1
0.00922274,0.135184,0.216408,1
0.0576693,0.1262,0.11428,1
0.198797,0.193781,0.113868,1
0.0336341,0.121823,0.107383,1
0.142259,0.204282,0.160461,1
0.074877,0.187551,0.199768,1
0.00420449,0.190817,0.127489,1
0.072975,0.204639,0.175915,1
0.0628531,0.119952,0.107584,1
0.162924,0.143498,0.19816,1
0.0261469,0.135976,0.224271,1
0.0653064,0.168837,0.134563,1
0.143035,0.120308,0.205184,1
0.00376541,0.191631,0.152167,1
0.201401,0.206408,0.176162,1
0.0743741,0.12484,0.219776,1
0.217196,0.151838,0.114995,1
0.0447799,0.12113,0.211189,1
0.10419,0.122213,0.171362,1
0.013111,0.180494,0.22315,1
0.219508,0.22288,0.192848,1
0.14075,0.141872,0.105991,1
0.0424034,0.13823,0.167453,1
0.0248148,0.178362,0.142215,1
0.208353,0.174481,0.144005,1
0.176101,0.152025,0.129937,1
0.089176,0.151444,0.147973,1
0.0621616,0.16685,0.116204,1
0.031422,0.184098,0.160156,1
0.163788,0.20915,0.206812,1
0.134747,0.171392,0.122562,1
0.169584,0.220672,0.2127,1
0.115899,0.208153,0.11125,1
0.0296159,0.139604,0.135112,1
0.110692,0.13801,0.176729,1
0.042403,0.22131,0.130268,1
0.0226444,0.161929,0.128526,1
0.0876381,0.192154,0.10345,1
0.180851,0.219101,0.0324571,2
0.194083,0.112799,0.023387,2
0.110048,0.21734,0.0343114,2
0.00476156,0.11182,0.0243518,2
0.0310282,0.191831,0.0814215,2
0.134151,0.170956,0.0395039,2
0.0827776,0.152209,0.0261231,2
0.190254,0.13402,0.00809911,2
0.0900479,0.167276,0.0846472,2
0.0319002,0.219845,0.0807087,2
0.0181425,0.104528,0.0663863,2
0.213326,0.123521,0.0285764,2
0.0964328,0.114439,0.0662084,2
0.154438,0.131312,0.0722533,2
0.149606,0.098969,0.0287989,2
0.20963,0.0949478,0.0515927,2
0.0947689,0.146883,0.0999905,2
0.0761543,0.223255,0.0252557,2
0.213749,0.133676,0.0866758,2
0.222245,0.178594,0.0866681,2
0.156308,0.115717,0.0850252,2
0.120153,0.10981,0.0474476,2
0.00152029,0.0971862,0.0624725,2
0.0436207,0.100328,0.0126989,2
0.0652727,0.195664,0.0379675,2
0.186299,0.219192,0.0761508,2
0.0719922,0.191568,0.0310854,2
0.121903,0.197003,0.0113101,2
0.203446,0.186667,0.0491206,2
0.131723,0.0868786,0.0253092,2
0.123257,0.103918,0.0300163,2
0.0433794,0.141185,0.0799687,2
0.034456,0.109722,0.0823883,2
0.0855101,0.10102,0.0967934,2
0.0294731,0.179004,0.0690242,2
0.205274,0.16603,0.09158,2
0.083596,0.134793,0.0397007,2
0.189993,0.118341,0.0816037,2
0.224686,0.116553,0.0207093,2
0.0633768,0.142318,0.0837687,2
0.094477,0.122712,0.069416,2
0.214807,0.207099,0.0460132,2
0.202719,0.191749,0.0369345,2
0.10767,0.162539,0.0406281,2
0.153453,0.187601,0.0185746,2
0.035506,0.200158,0.0525012,2
0.167354,0.105025,0.0871441,2
0.0737308,0.141961,0.0642389,2
0.161177,0.183606,0.0527204,2
0.00345678,0.209646,0.0281632,2
0.142391,0.0968811,0.0365815,2
0.106627,0.220788,0.0231261,2
0.0513197,0.139999,0.0609522,2
0.193679,0.0916384,0.0848448,2
0.116891,0.198703,0.0112251,2
0.221604,0.16445,0.0194596,2
0.0520615,0.169791,0.0841636,2
0.0408447,0.200974,0.093922,2
0.142011,0.099995,0.0313958,2
0.0944869,0.143631,0.0984819,2
0.102,0.167334,0.094492,2
0.0251852,0.210293,0.03932,2
0.00703296,0.194204,0.0187151,2
0.125044,0.105985,0.0682869,2
0.123338,0.142524,0.0791419,2
0.16897,0.159088,0.0799317,2
0.0826972,0.090105,0.0798038,2
0.0793791,0.158343,0.0792086,2
0.0295993,0.186147,0.0198101,2
0.0955036,0.194144,0.00776795,2
0.0167198,0.107483,0.0351976,2
0.150149,0.184356,0.0561887,2
0.0365777,0.175026,0.0529942,2
0.206505,0.121068,0.050605,2
0.0461727,0.123375,0.0952699,2
0.0864485,0.174942,0.00125912,2
0.114011,0.143584,0.0664249,2
0.00840632,0.136015,0.0687828,2
0.0859253,0.0939738,0.0499256,2
0.0994891,0.167654,0.0206545,2
0.108974,0.124097,0.0205108,2
0.208793,0.17012,0.0597104,2
0.121094,0.157513,0.0839223,2
0.0367359,0.104471,0.0830695,2
0.108211,0.137758,0.0893827,2
0.123651,0.191684,0.0377146,2
0.107071,0.154738,0.0307705,2
0.0348709,0.0914103,0.0818639,2
0.16459,0.163705,0.00574112,2
0.217447,0.100441,0.00971175,2
0.191117,0.218397,0.0467243,2
0.0709962,0.22039,0.0430516,2
0.00732292,0.170255,0.08838,2
0.115672,0.166841,0.0563272,2
0.0641506,0.200749,0.073233,2
0.130147,0.153062,0.0928059,2
0.0828789,0.221287,0.00828569,2
0.0515721,0.211581,0.091153,2
0.0079883,0.182069,0.0829679,2
0.0880403,0.2027,0.00983618,2
0.00359577,0.204771,0.0379795,2
0.222929,0.222365,0.0620664,2
0.00648829,0.215493,0.0487005,2
0.0499732,0.138429,0.0630844,2
0.047468,0.220803,0.0476333,2
0.140082,0.102359,0.0513577,2
0.0356286,0.178168,0.0553505,2
0.219933,0.188548,0.0755464,2
0.0223443,0.17233,0.0611611,2
0.163035,0.148018,0.024038,2
0.0200239,0.137149,0.0801799,2
0.0812994,0.214665,0.0482523,2
0.153953,0.216296,0.0155546,2
0.105135,0.160707,0.0201587,2
0.166652,0.137041,0.0264075,2
0.0280551,0.217556,0.049291,2
0.127318,0.166287,0.0846651,2
0.129773,0.122313,0.010753,2
0.0255993,0.212503,0.0335085,2
0.0807319,0.15799,0.0747039,2
0.16672,0.203031,0.00225958,2
0.0342906,0.168758,0.0339691,2
0.220883,0.107048,0.0365539,2
0.017873,0.108063,0.00572956,2
0.158474,0.109138,0.0696069,2
0.163579,0.0987867,0.0627488,2
0.0840132,0.203886,0.0600733,2
0.155663,0.124628,0.0518128,2
0.158168,0.155444,0.0779596,2
0.0881002,0.163162,0.0964197,2
0.139642,0.103118,0.0904987,2
0.00608204,0.194908,0.0903195,2
0.0335664,0.0896468,0.00108351,2
0.11672,0.170208,0.0995667,2
0.210433,0.0224991,0.220924,3
0.146855,0.106867,0.106535,3
0.0918126,0.0588227,0.131106,3
0.166327,0.0141262,0.135492,3
0.171126,0.0764053,0.110724,3
0.153314,0.0562859,0.211579,3
0.131601,0.0551316,0.16815,3
0.0428065,0.00227595,0.15875,3
0.0988127,0.0217701,0.147425,3
0.0672439,0.101927,0.222673,3
0.169442,0.0572866,0.201439,3
0.0235289,0.0454636,0.194507,3
0.0417401,0.115605,0.213625,3
0.107338,0.0721129,0.18067,3
0.0260249,0.0573501,0.103799,3
0.104491,0.0627747,0.218006,3
0.137697,0.0393996,0.215368,3
0.144391,0.0204194,0.167464,3
0.0114431,0.000627591,0.105312,3
0.219608,0.0931035,0.121755,3
0.206292,0.0573641,0.16973,3
0.186639,0.0085122,0.166148,3
0.115332,0.000339124,0.107872,3
0.182936,0.0467772,0.18289,3
0.177476,0.00747717,0.210713,3
0.15258,0.0885394,0.179942,3
0.16555,0.0170465,0.162005,3
0.127904,0.0321567,0.128769,3
0.020918,0.0457609,0.134426,3
0.174196,0.0369739,0.184594,3
0.170107,0.102161,0.135955,3
0.0599845,0.0245052,0.186408,3
0.198956,0.0991298,0.13729,3
0.119856,0.068485,0.198032,3
0.145364,0.0019415,0.200882,3
0.0708186,0.0427359,0.215224,3
0.0112805,0.117476,0.215515,3
0.188602,0.0206372,0.13706,3
0.0122565,0.111551,0.186127,3
0.194601,0.111182,0.124552,3
0.00518147,0.0719359,0.108465,3
0.162786,0.112485,0.13702,3
0.189814,0.0099703,0.159531,3
0.119278,0.0875523,0.130775,3
0.22431,9.72949e-05,0.126221,3
0.0364555,0.0774082,0.188643,3
0.0778611,0.0675074,0.172796,3
0.0631193,0.0929408,0.218383,3
0.0740325,0.0122638,0.157232,3
0.11077,0.0355187,0.224648,3
0.0354384,0.0806374,0.105932,3
0.111832,0.0099406,0.190457,3
0.203335,0.0501724,0.121333,3
0.0921384,0.0106958,0.11109,3
0.137048,0.000517296,0.147912,3
0.196279,0.0118934,0.142375,3
0.14053,0.0357492,0.118364,3
0.0583208,0.0237853,0.11469,3
0.0587607,0.10082,0.155905,3
0.088397,0.0642556,0.149823,3
0.217594,0.0422946,0.212455,3
0.0209475,0.0316072,0.107123,3
0.185478,0.0378666,0.1913,3
0.223479,0.0495158,0.206913,3
0.0428588,0.112762,0.200284,3
0.119652,0.0175638,0.11959,3
0.0780716,0.00136947,0.197352,3
0.22289,0.0187721,0.148227,3
0.146526,0.0954723,0.130033,3
0.0426561,0.0461898,0.207546,3
0.0844077,0.0777898,0.168124,3
0.0219095,0.0387545,0.110931,3
0.187742,0.0576858,0.109785,3
0.207544,0.0397981,0.188878,3
0.031104,0.00120426,0.163727,3
0.0556017,0.0121695,0.112045,3
0.0802643,0.0245979,0.152083,3
0.149744,0.0467588,0.181735,3
0.216956,0.0184983,0.164393,3
0.0980038,0.0629397,0.153866,3
0.0326557,0.0312781,0.107725,3
0.223157,0.0524582,0.144891,3
0.0343138,0.00526175,0.190337,3
0.0435619,0.0776166,0.164766,3
0.216013,0.0715657,0.17336,3
0.204377,0.0239208,0.10525,3
0.0741782,0.0450313,0.149944,3
0.200722,0.0434634,0.141498,3
0.223214,0.02011,0.192352,3
0.12498,0.00714363,0.190807,3
0.114994,0.0952584,0.103451,3
0.028316,0.0540438,0.217513,3
0.21228,0.0451677,0.175234,3
0.18152,0.117119,0.192971,3
0.157297,0.0511324,0.206357,3
0.200899,0.0557293,0.166757,3
0.194499,0.0797534,0.117255,3
0.115205,0.0919024,0.219879,3
0.0706132,0.101431,0.134354,3
0.0184211,0.0110576,0.20319,3
0.164532,0.00401237,0.164491,3
0.173674,0.0390921,0.14228,3
0.121681,0.111712,0.162169,3
0.120516,0.0358893,0.194926,3
0.0510471,0.0469023,0.179641,3
0.172321,0.0708067,0.20104,3
0.0475388,0.0078151,0.135258,3
0.0135596,0.0904347,0.142256,3
0.158531,0.113035,0.206412,3
0.0597914,0.106529,0.176788,3
0.0604594,0.0312728,0.11293,3
0.0291022,0.0658778,0.199379,3
0.0391213,0.111377,0.161586,3
0.00891356,0.0426447,0.131411,3
0.0613012,0.0348811,0.15454,3
0.196107,0.0491913,0.217656,3
0.174614,0.0823904,0.129437,3
0.0708678,0.103796,0.193301,3
0.0380824,0.0296946,0.108707,3
0.107895,0.0409293,0.107849,3
