x coord,y coord,z coord,rank
0.0382995,0.0405799,0.171497,0
0.0258976,0.0601389,0.175952,0
0.126663,0.0479306,0.177539,0
0.0403385,0.0598618,0.0399509,0
0.0531916,0.0130519,0.0230841,0
0.09956,0.0215712,0.00929663,0
0.0774987,0.0420149,0.148371,0
0.0279614,0.0581109,0.123361,0
0.0715084,0.0988586,0.00438887,0
0.0309359,0.106352,0.0854059,0
0.0885893,0.0539059,0.0146976,0
0.0452013,0.0258851,0.0482255,0
0.0296053,0.000140819,0.163627,0
0.033781,0.0170751,0.033887,0
0.0771995,0.00135348,0.079006,0
0.0942482,0.0794421,0.0910699,0
0.0665521,0.103649,0.149563,0
0.0425923,0.0998674,0.0927347,0
0.115976,0.101919,0.00299482,0
0.0594446,0.0725956,0.168131,0
0.102388,0.093007,0.119411,0
0.109616,0.0263285,0.165429,0
0.0980943,0.00908826,0.195599,0
0.117899,0.0173588,0.0349215,0
0.11666,0.0880159,0.127688,0
0.0481197,0.0563305,0.112712,0
0.124467,0.011025,0.0121098,0
0.0301298,0.0423714,0.143911,0
0.00694309,0.0554684,0.20192,0
0.0778733,0.0717236,0.108112,0
0.111055,0.0197018,0.200463,0
0.0846406,0.0865404,0.00620591,0
0.106529,0.012652,0.0734539,0
0.124399,0.0980237,0.197634,0
0.0299177,0.101231,0.0110862,0
0.0738777,0.0625017,0.190404,0
0.0407589,0.0642526,0.16989,0
0.125048,0.0764219,0.113292,0
0.104413,0.0315954,0.0116379,0
0.0153741,0.0566455,0.0879753,0
0.0770262,0.0189278,0.179002,0
0.1244,0.00589861,0.18315,0
0.0692509,0.0635303,0.180399,0
0.0714925,0.0571196,0.0652737,0
0.0716888,0.0509975,0.124223,0
0.125685,0.0397323,0.106675,0
0.0551286,0.0982185,0.151488,0
0.0783109,0.059096,0.127539,0
0.041974,0.0461094,0.145511,0
0.0847593,0.0811218,0.178707,0
0.0789518,0.0592079,0.0869552,0
0.0243911,0.054639,0.176888,0
0.0816388,0.0240141,0.0643361,0
0.069559,0.0570108,0.220756,0
0.0522781,0.0643393,0.12847,0
0.0164388,0.0351123,0.159758,0
0.103436,0.0503801,0.0743588,0
0.0965979,0.0176309,0.0663907,0
0.0206951,0.0825982,0.197215,0
0.0764828,0.0222506,0.218204,0
0.03107,0.0576028,0.222482,0
0.108462,0.0207093,0.16631,0
0.0398779,0.0161295,0.0237687,0
0.0679934,0.0828922,0.156028,0
0.0891599,0.0174262,0.171426,0
0.0516264,0.00334456,0.132656,0
0.124417,0.00622285,0.092769,0
0.13038,0.0601966,0.165518,0
0.115952,0.0109918,0.123451,0
0.0107564,0.0348482,0.122414,0
0.0817829,0.106104,0.223286,0
0.0404239,0.0674406,0.168715,0
0.0654945,0.102978,0.201707,0
0.11697,0.0987793,0.224569,0
0.0199023,0.0392718,0.207101,0
0.0737988,0.0148216,0.110805,0
0.0443853,0.0371438,0.194479,0
0.013024,0.00307135,0.179325,0
0.0576824,0.0679308,0.199161,0
0.0881949,0.0777889,0.0332928,0
0.0122658,0.0953371,0.198529,0
0.0377855,0.078364,0.0800698,0
0.0462089,0.0756379,0.147352,0
0.0953187,0.104258,0.0731154,0
0.0920711,0.045057,0.202848,0
0.0968819,0.0576026,0.183323,0
0.107019,0.0347485,0.0167751,0
0.0758855,0.0401487,0.0746561,0
0.0298784,0.0782634,0.20265,0
0.130834,0.105294,0.0472952,0
0.0857691,0.0921,0.0566775,0
0.0648267,0.0951645,0.0404207,0
0.0311823,0.00900092,0.0436403,0
0.0464205,0.101516,0.146059,0
0.00194529,0.0781104,0.208669,0
0.0684181,0.0131167,0.112596,0
0.0708819,0.0591634,0.0425367,0
0.00145015,0.0256793,0.0497205,0
0.0524926,0.0448284,0.0390838,0
0.0239577,0.0832616,0.218972,0
5.93605e-06,0.0274043,0.000198949,0
0.0452141,0.0698901,0.125076,0
0.0832506,0.0127888,0.190477,0
0.0498342,0.0265411,0.121999,0
0.0745057,0.106204,0.104127,0
0.0883196,0.083729,0.145585,0
0.100231,0.00438887,0.154876,0
0.076527,0.00135201,0.185669,0
0.0848614,0.106206,0.159496,0
0.0666193,0.0609856,0.217476,0
0.0625348,0.0860853,0.0689479,0
0.0658311,0.0637042,0.0854257,0
0.0710064,0.0359283,0.000806206,0
0.0750901,0.013268,0.0526776,0
0.0826132,0.0113884,0.0886786,0
0.123709,0.065483,0.0687178,0
0.00958193,0.0722535,0.0776557,0
0.0941399,0.0871489,0.21173,0
0.10194,0.104468,0.161686,0
0.059989,0.0261895,0.0560805,0
0.00468714,0.0373937,0.0676056,0
0.107539,0.0656854,0.206199,0
0.105604,0.0436419,0.0407187,0
0.0182855,0.089042,0.216596,0
0.102677,0.0155199,0.0889058,0
0.0528494,0.197399,0.118013,1
0.0674311,0.126995,0.143761,1
0.0619362,0.171791,0.196728,1
0.0485667,0.14436,0.211853,1
0.102467,0.115234,0.0218579,1
0.0432287,0.132427,0.203947,1
0.0124138,0.224634,0.0641723,1
0.0223666,0.221275,0.0709896,1
0.03204,0.202929,0.177059,1
0.0754385,0.154695,0.0249927,1
0.0545621,0.189964,0.045057,1
0.0689212,0.143506,0.0369411,1
0.0348689,0.205272,0.197387,1
0.0768726,0.12146,0.0886581,1
0.0551417,0.200538,0.106375,1
0.0204787,0.183838,0.057911,1
0.0657316,0.165177,0.0446513,1
0.028127,0.199227,0.0297625,1
0.0575119,0.173222,0.197758,1
0.0420161,0.155461,0.188227,1
0.0463634,0.223317,0.0657715,1
0.0216632,0.169669,0.188521,1
0.0168727,0.18666,0.0804021,1
0.0377511,0.219478,0.156459,1
0.0803301,0.168184,0.141234,1
0.043049,0.221268,0.190084,1
0.0774588,0.163956,0.0297213,1
0.00185415,0.12193,0.0261691,1
0.0152965,0.186676,0.0498754,1
0.0358868,0.186119,0.0474807,1
0.0541525,0.151241,0.0289513,1
0.0948137,0.110973,0.0270399,1
0.033051,0.185998,0.0462821,1
0.020989,0.194491,0.116485,1
0.014838,0.155455,0.209953,1
0.0291744,0.147876,0.0426896,1
0.018921,0.178664,0.171941,1
0.0617827,0.156104,0.13433,1
0.0875921,0.135645,0.0626196,1
0.0508616,0.11017,0.120677,1
0.0117056,0.132217,0.167387,1
0.0957526,0.19062,0.114993,1
0.064101,0.13177,0.132943,1
0.0246485,0.181629,0.122115,1
0.0310567,0.20534,0.134207,1
0.0125038,0.124466,0.213418,1
0.0300946,0.124512,0.0654099,1
0.05588,0.120759,0.115515,1
0.0957675,0.123867,0.0830686,1
0.0520095,0.213323,0.0388607,1
0.00971213,0.112057,0.124997,1
0.0405833,0.17127,0.173438,1
0.0574096,0.212623,0.199029,1
0.0985071,0.181387,0.124069,1
0.0168105,0.118045,0.152894,1
0.0561448,0.217338,0.212283,1
0.0978027,0.223141,0.0343081,1
0.0384434,0.172361,0.00533849,1
0.012237,0.148334,0.165437,1
0.0661199,0.108114,0.20694,1
0.0337463,0.136123,0.1005,1
0.0782259,0.215031,0.0411762,1
0.043671,0.221743,0.127902,1
0.0493202,0.220977,0.173747,1
0.0187445,0.110658,0.180492,1
0.0806432,0.14982,0.210195,1
0.0462902,0.117895,0.170016,1
0.0529276,0.116758,0.0405875,1
0.0342475,0.137578,0.0274143,1
0.00205671,0.109871,0.0299475,1
0.0352958,0.191911,0.0953484,1
0.0386566,0.208866,0.0255437,1
0.0890317,0.214203,0.0965932,1
0.0233387,0.157847,0.0687071,1
0.0418003,0.166346,0.0928953,1
0.0363202,0.206878,0.223915,1
0.0643389,0.19081,0.126606,1
0.100397,0.107473,0.19344,1
0.0546625,0.11106,0.139736,1
0.100571,0.166359,0.0381945,1
0.0993365,0.130435,0.0475623,1
0.0111673,0.192079,0.0824574,1
0.0085868,0.187359,0.17007,1
0.0404692,0.156512,0.182698,1
0.0179477,0.125575,0.100606,1
0.0193401,0.145598,0.081848,1
0.079083,0.151609,0.0357106,1
0.0581018,0.142478,0.140789,1
0.0351871,0.189644,0.0961454,1
0.0747027,0.207297,0.147547,1
0.0116643,0.169671,0.17619,1
0.084245,0.164451,0.0207467,1
0.0885029,0.128209,0.188602,1
0.0659267,0.133928,0.0527313,1
0.000630986,0.141365,0.0828773,1
0.0402794,0.132546,0.187102,1
0.0471638,0.20176,0.0518956,1
0.0351804,0.16343,0.169806,1
0.0773063,0.159374,0.0462055,1
0.0399177,0.176329,0.213912,1
0.0858081,0.109487,0.143401,1
0.0386188,0.148005,0.00801221,1
0.0173202,0.180617,0.0848567,1
0.000664029,0.161293,0.0268826,1
0.00192106,0.182313,0.139755,1
0.079773,0.124684,0.123746,1
0.0986748,0.17901,0.209973,1
0.0594233,0.135931,0.0625765,1
0.0472276,0.199551,0.0125268,1
0.0152399,0.220548,0.0919794,1
0.0412594,0.115019,0.152969,1
0.0233855,0.182882,0.0851868,1
0.0639229,0.215764,0.0298542,1
0.0184866,0.117234,0.140393,1
0.0758207,0.149968,0.0429534,1
0.048706,0.195358,0.157535,1
0.0982467,0.142481,0.0036859,1
0.0991566,0.134346,0.131791,1
0.0968101,0.186293,0.0810377,1
0.0195819,0.110841,0.122523,1
0.076013,0.107994,0.205848,1
0.0868798,0.107226,0.124292,1
0.168475,0.136815,0.0852168,2
0.189835,0.155359,0.101048,2
0.170077,0.213729,0.164623,2
0.122376,0.11719,0.0749343,2
0.13125,0.13634,0.166247,2
0.209538,0.155427,0.176446,2
0.187414,0.219946,0.203582,2
0.175944,0.22438,0.00462655,2
0.191482,0.168647,0.118014,2
0.196099,0.212456,0.0151083,2
0.223581,0.149222,0.103741,2
0.140417,0.135812,0.153027,2
0.186585,0.141257,0.0829948,2
0.156549,0.15711,0.218676,2
0.207074,0.179827,0.0514062,2
0.222801,0.185001,0.0409003,2
0.13743,0.192457,0.077749,2
0.137028,0.161959,0.0671386,2
0.145439,0.186601,0.0140908,2
0.1457,0.217594,0.11108,2
0.188331,0.212426,0.151249,2
0.118331,0.198601,0.179105,2
0.19904,0.152966,0.0584201,2
0.151556,0.142589,0.0790016,2
0.11764,0.18425,0.119895,2
0.159941,0.143484,0.0984248,2
0.138465,0.179992,0.149238,2
0.180411,0.189574,0.14533,2
0.124017,0.21229,0.212624,2
0.208053,0.168731,0.21718,2
0.2086,0.181567,0.157322,2
0.18261,0.124024,0.100396,2
0.140222,0.198701,0.216046,2
0.206988,0.126636,0.135762,2
0.157164,0.116238,0.173832,2
0.213088,0.122081,0.127551,2
0.163377,0.162567,0.1064,2
0.122143,0.221332,0.125839,2
0.205761,0.180343,0.101384,2
0.169602,0.18249,0.198719,2
0.198184,0.156689,0.155426,2
0.224533,0.223432,0.163439,2
0.122224,0.155394,0.0412046,2
0.142156,0.146944,0.10387,2
0.214862,0.216402,0.121489,2
0.17526,0.215911,0.00787056,2
0.14226,0.128471,0.0601869,2
0.191529,0.111868,0.0990465,2
0.129326,0.168163,0.207575,2
0.117975,0.168004,0.197244,2
0.12052,0.217357,0.0302462,2
0.143506,0.11583,0.0700719,2
0.160817,0.201294,0.18276,2
0.198198,0.119181,0.0195667,2
0.192878,0.160198,0.22033,2
0.112486,0.107534,0.0292169,2
0.197444,0.174661,0.135,2
0.160862,0.119817,0.105312,2
0.20245,0.14638,0.1319,2
0.175365,0.12018,0.172317,2
0.197343,0.147183,0.170177,2
0.131616,0.167311,0.0918061,2
0.192694,0.21356,0.0707239,2
0.179391,0.143259,0.108361,2
0.220594,0.210158,0.120348,2
0.135599,0.137313,0.131762,2
0.175456,0.175934,0.217909,2
0.15696,0.131856,0.0698452,2
0.155144,0.124239,0.0969359,2
0.14104,0.218014,0.178318,2
0.149996,0.142486,0.182806,2
0.201857,0.184218,0.191308,2
0.191975,0.182306,0.0254414,2
0.217242,0.209895,0.0674266,2
0.12998,0.219031,0.197754,2
0.160248,0.120237,0.198134,2
0.21288,0.147914,0.0753113,2
0.209046,0.147903,0.203293,2
0.114287,0.194449,0.145847,2
0.214677,0.149783,0.139339,2
0.17786,0.199128,0.153024,2
0.190953,0.112625,0.107298,2
0.202426,0.173109,0.0146122,2
0.199562,0.110975,0.107928,2
0.11399,0.164254,0.0646159,2
0.150343,0.222149,0.0585139,2
0.106301,0.176216,0.000889569,2
0.194645,0.217711,0.147503,2
0.104682,0.156376,0.197963,2
0.109987,0.142834,0.0749515,2
0.130823,0.204257,0.0740976,2
0.137448,0.13834,0.107407,2
0.176372,0.217329,0.128533,2
0.19824,0.177112,0.02323,2
0.156257,0.188671,0.195011,2
0.219931,0.120613,0.131768,2
0.155126,0.108606,0.143766,2
0.220975,0.188641,0.0888807,2
0.203541,0.222177,0.129151,2
0.169963,0.207363,0.0215581,2
0.141714,0.158031,0.169825,2
0.143441,0.144023,0.0457799,2
0.190564,0.170208,0.0816042,2
0.218709,0.181013,0.00113975,2
0.21818,0.13223,0.0745004,2
0.171468,0.213415,0.0861045,2
0.178504,0.213469,0.161554,2
0.144183,0.127091,0.108014,2
0.157843,0.202888,0.0513598,2
0.121831,0.157844,0.114859,2
0.186994,0.170686,0.102508,2
0.199636,0.205217,0.0364984,2
0.181416,0.146869,0.0350758,2
0.197781,0.188574,0.191213,2
0.174771,0.162344,0.0743375,2
0.17717,0.223939,0.065164,2
0.143111,0.134496,0.0843055,2
0.217391,0.145045,0.0442006,2
0.211516,0.163214,0.0790973,2
0.160327,0.118451,0.00993244,2
0.178445,0.223277,0.0143533,2
0.163516,0.115452,0.0760655,2
0.164873,0.182219,0.140489,2
0.136123,0.205801,0.199056,2
0.188563,0.212695,0.0189213,2
0.116112,0.222951,0.165931,2
0.212774,0.219784,0.130582,2
0.136262,0.194315,0.056615,2
0.217745,0.156712,0.0766284,2
0.136477,0.192664,0.104915,2
0.170859,0.195623,0.0464445,2
0.117129,0.128725,0.0986482,2
0.205281,0.126338,0.190158,2
0.145166,0.106893,0.123992,3
0.175273,0.0916709,0.118668,3
0.222008,0.0541179,0.0901105,3
0.18226,0.0870579,0.0337333,3
0.167306,0.0545975,0.0936405,3
0.189531,0.00280387,0.0602845,3
0.160402,0.0937583,0.107106,3
0.175586,0.0663067,0.154013,3
0.178128,0.0572742,0.1965,3
0.157984,0.0480298,0.178003,3
0.210537,0.0722202,0.0698048,3
0.211183,0.0924525,0.00409441,3
0.163629,0.0368183,0.0741744,3
0.204968,0.020112,0.0411548,3
0.202668,0.0107263,0.0390979,3
0.201255,0.0189874,0.0456146,3
0.201548,0.0320758,0.02715,3
0.207359,0.016278,0.0397043,3
0.206234,0.0170693,0.0438305,3
0.202609,0.0157584,0.0353439,3
0.22173,0.0307046,0.141185,3
0.207289,0.0122136,0.0411802,3
0.200456,0.0161273,0.0426666,3
0.201819,0.0213662,0.0477966,3
0.203865,0.00719876,0.0425164,3
0.146633,0.0821973,0.161166,3
0.154339,0.103144,0.0849302,3
0.200341,0.0152444,0.0394985,3
0.20087,0.0124738,0.0349105,3
0.15204,0.0718846,0.160195,3
0.149474,0.0476406,0.080267,3
0.204727,0.0161353,0.0389829,3
0.182013,0.0314771,0.078524,3
0.199546,0.034782,0.080564,3
0.202021,0.00899385,0.0355279,3
0.192337,0.0811904,0.160876,3
0.204115,0.0132222,0.0419978,3
0.187878,0.0754821,0.208887,3
0.150935,0.0904452,0.111837,3
0.206566,0.0153407,0.0397,3
0.202096,0.0628535,0.0638697,3
0.202689,0.0120808,0.043194,3
0.206744,0.0240734,0.0984457,3
0.196869,0.0202326,0.0412392,3
0.200909,0.00986949,0.0376706,3
0.194303,0.0941297,0.101677,3
0.201387,0.00950934,0.0385821,3
0.207271,0.0160091,0.0397169,3
0.200884,0.0131634,0.0376727,3
0.161541,0.0968727,0.188145,3
0.196794,0.030284,0.163843,3
0.146126,0.00838105,0.181961,3
0.165985,0.0710781,0.128439,3
0.21147,0.00524576,0.00238454,3
0.183778,0.0573718,0.0615753,3
0.169448,0.0418869,0.0707252,3
0.201254,0.0337693,0.223343,3
0.201752,0.0407873,0.0960721,3
0.205247,0.0114647,0.0384635,3
0.206664,0.043065,0.0232305,3
0.204603,0.0152563,0.0412176,3
0.199408,0.00966968,0.0412581,3
0.144203,0.0727623,0.197594,3
0.204433,0.0141984,0.0425586,3
0.180421,0.0608263,0.220374,3
0.214464,0.0429776,0.177585,3
0.203435,0.0124587,0.0421469,3
0.134798,0.0044962,0.21389,3
0.219013,0.102651,0.0149056,3
0.204369,0.0221599,0.0013628,3
0.202152,0.016937,0.0371619,3
0.203897,0.0152461,0.038603,3
0.165361,0.0227783,0.00881836,3
0.208032,0.0157126,0.0396163,3
0.199177,0.0646367,0.0573323,3
0.167372,0.0725057,0.0255994,3
0.16816,0.0979464,0.0816576,3
0.191863,0.0273422,0.190732,3
0.223503,0.0324758,0.00718258,3
0.178783,0.0475323,0.123779,3
0.20228,0.014856,0.036647,3
0.203729,0.0150249,0.0338608,3
0.207615,0.0142339,0.0419973,3
0.179007,0.0855206,0.166926,3
0.200357,0.0136105,0.0352846,3
0.207965,0.0173977,0.0393275,3
0.1566,0.0349781,0.0470865,3
0.135786,0.0283115,0.0033547,3
0.188667,0.0716139,0.108627,3
0.205156,0.0124638,0.0383059,3
0.18147,0.0308401,0.0808263,3
0.204207,0.00402227,0.089641,3
0.151119,0.0581096,0.0625168,3
0.172543,0.0709494,0.214486,3
0.204125,0.0130662,0.0430056,3
0.202395,0.0161383,0.0366788,3
0.204098,0.0166791,0.0427704,3
0.210901,0.0933546,0.0648205,3
0.156048,0.0704469,0.104885,3
0.208453,0.011112,0.0361534,3
0.140283,0.00310188,0.204624,3
0.143436,0.0457935,0.0522525,3
0.203077,0.0332406,0.0813622,3
0.221875,0.0572814,0.16054,3
0.20858,0.0183194,0.042468,3
0.182826,0.0826015,0.0766244,3
0.141468,0.101099,0.0338564,3
0.152539,0.0812837,0.145756,3
0.176697,0.0934399,0.0603821,3
0.161958,0.0280639,0.0311555,3
0.140327,0.00294018,0.0878111,3
0.188923,0.0986125,0.0495446,3
0.156637,0.0561009,0.148866,3
0.155006,0.0192927,0.150546,3
0.143419,0.0045472,0.0294855,3
0.19803,0.0949197,0.0928067,3
0.13711,0.0579116,0.1208,3
0.2212,0.104856,0.00123714,3
0.135101,0.0388122,0.116525,3
0.204809,0.106678,0.206074,3
