x coord,y coord,z coord,rank
0.129678,0.0603113,0.196473,0
0.155865,0.0910513,0.120188,0
0.197578,0.0997225,0.109812,0
0.0811096,0.00711957,0.219612,0
0.0545134,0.0391018,0.143851,0
0.221508,0.0857673,0.136591,0
0.0986517,0.0802972,0.141367,0
0.132776,0.0961579,0.122462,0
0.0497345,0.0650988,0.1409,0
0.0983674,0.079595,0.224278,0
0.131372,0.0724998,0.154387,0
0.132396,0.0993612,0.197037,0
0.139968,0.101004,0.194131,0
0.204092,0.0956944,0.173794,0
0.048937,0.084699,0.134454,0
0.17432,0.0908425,0.171428,0
0.0849758,0.0246592,0.149297,0
0.00581409,0.0414019,0.109408,0
0.212095,0.0859559,0.213999,0
0.103428,0.0119578,0.159295,0
0.131559,0.094083,0.106202,0
0.136739,0.0895959,0.208128,0
0.0858433,0.0628919,0.211159,0
0.0271666,0.053723,0.180292,0
0.131643,0.0961937,0.123408,0
0.00854002,0.0856236,0.126705,0
0.0723842,0.0895281,0.172342,0
0.189454,0.067272,0.098341,0
0.122398,0.0661976,0.176965,0
0.110867,0.0771527,0.145393,0
0.0255194,0.0282803,0.119238,0
0.00479139,0.0165081,0.126121,0
0.128397,0.0729551,0.176725,0
0.222715,0.00433256,0.098208,0
0.0534917,0.00956842,0.205017,0
0.0159208,0.060586,0.0974582,0
0.0122275,0.0197261,0.163984,0
0.0467057,0.0952133,0.189835,0
0.0965176,0.055141,0.0950452,0
0.0990384,0.0271105,0.174168,0
0.201333,0.0503772,0.100494,0
0.0448178,0.0804218,0.217282,0
0.148961,0.0797665,0.106933,0
0.0969301,0.0212396,0.098918,0
0.112592,0.021363,0.115724,0
0.165606,0.042415,0.195977,0
0.0374199,0.06767,0.0910483,0
0.120892,0.0326893,0.119606,0
0.0915328,0.00835882,0.223887,0
0.00394272,0.00571063,0.203841,0
0.216536,0.0390557,0.126943,0
0.000281497,0.0717752,0.179309,0
0.196129,0.0520194,0.22433,0
0.153622,0.0869947,0.13804,0
0.0235698,0.098833,0.20786,0
0.156848,0.0679874,0.139427,0
0.178927,0.00550942,0.191643,0
0.127789,0.0287985,0.201401,0
0.0381607,0.0867992,0.111077,0
0.113369,0.051442,0.142061,0
0.184791,0.0424529,0.130102,0
0.102745,0.0909052,0.200289,0
0.0837708,0.0258893,0.10003,0
0.0945843,0.0941939,0.147031,0
0.168102,0.0691885,0.177545,0
0.0198247,0.0437829,0.143635,0
0.0760063,0.0811868,0.191906,0
0.171031,0.0451474,0.211447,0
0.0244878,0.0257201,0.176678,0
0.148364,0.088458,0.158388,0
0.0111506,0.0437335,0.141381,0
0.125638,0.0708592,0.140451,0
0.167697,0.0750566,0.215338,0
0.202893,0.0308396,0.190473,0
0.208884,0.0661463,0.221109,0
0.0769487,0.0858249,0.193658,0
0.0287977,0.0583752,0.155636,0
0.0301725,0.054511,0.134401,0
0.216599,0.000342742,0.143415,0
0.0542359,0.0438588,0.140137,0
0.0322199,0.0231941,0.185844,0
0.132583,0.0638579,0.213651,0
0.00928883,0.0698519,0.141914,0
0.0967637,0.0686031,0.175911,0
0.141332,0.0409784,0.15506,0
0.073183,0.0286151,0.126058,0
0.096391,0.0559242,0.135239,0
0.0665083,0.0220098,0.216591,0
0.0694949,0.0503598,0.185725,0
0.087817,0.0663975,0.096877,0
0.204026,0.0613959,0.192892,0
0.10935,0.0109307,0.185606,0
0.0207299,0.077556,0.211544,0
0.182702,0.0837322,0.103815,0
0.183806,0.0368335,0.177553,0
0.181195,0.0361038,0.173259,0
0.172772,0.00989951,0.144684,0
0.223987,0.049826,0.193914,0
0.131398,0.072117,0.137846,0
0.102933,0.0971355,0.172474,0
0.0290367,0.0492853,0.217338,0
0.114845,0.0965482,0.20693,0
0.136463,0.0798939,0.137957,0
0.0510473,0.0937203,0.184704,0
0.13107,0.0202108,0.142485,0
0.108433,0.0672093,0.202559,0
0.170743,0.0308308,0.192514,0
0.184767,0.00476661,0.14603,0
0.13306,0.0480611,0.100394,0
0.130365,0.0337561,0.140299,0
0.0954439,0.0928869,0.105748,0
0.108872,0.0600014,0.194578,0
0.0695302,0.0730478,0.102078,0
0.126099,0.0207372,0.165942,0
0.13409,0.0459674,0.185568,0
0.172081,0.0610918,0.203279,0
0.220752,0.00383736,0.135487,0
0.111485,0.0304083,0.116608,0
0.207041,0.0511632,0.139365,0
0.153175,0.028632,0.0962105,0
0.198284,0.0120239,0.178473,0
0.12317,0.0155006,0.165684,0
0.161642,0.0796612,0.125358,0
0.138429,0.094928,0.13182,0
0.174141,0.0993055,0.169684,0
0.20033,0.0897348,0.0149681,1
0.179383,0.0298163,0.0220479,1
0.17613,0.053835,0.0261071,1
0.177818,0.0527969,0.0316076,1
0.13994,0.0514147,0.0727132,1
0.184533,0.0541722,0.0274332,1
0.213436,0.0887413,0.0438764,1
0.208417,0.084849,0.0270014,1
0.180416,0.0544688,0.0321359,1
0.213608,0.0906162,0.00121632,1
0.177592,0.0568984,0.02829,1
0.160035,0.0621809,0.0897785,1
0.215204,0.101736,0.0606854,1
0.203333,0.0912516,0.0529875,1
0.179757,0.0483027,0.0290814,1
0.20086,0.0926895,0.0552418,1
0.0722001,0.0608775,0.0333854,1
0.117837,0.0102733,0.0532966,1
0.178137,0.052645,0.0283152,1
0.180701,0.0560015,0.0340221,1
0.184035,0.0542308,0.0260606,1
0.048539,0.0699966,0.0653773,1
0.101441,0.0531337,0.036503,1
0.15391,0.0606874,0.075948,1
0.0824698,0.0258387,0.077238,1
0.104953,0.0366969,0.0714709,1
0.180481,0.0542931,0.0307015,1
0.213786,0.00302606,0.0289028,1
0.0256347,0.0928168,0.0393145,1
0.166317,0.0707953,0.0666472,1
0.10767,0.0509023,0.0271595,1
0.136075,0.0203957,0.0817184,1
0.0195942,0.044634,0.0244561,1
0.186281,0.0792521,0.0413744,1
0.0942536,0.0172292,0.0275598,1
0.182257,0.0512202,0.0337834,1
0.119108,0.0280969,0.0326741,1
0.216133,0.0236251,0.0802584,1
0.14327,0.0692632,0.0235683,1
0.0831615,0.0716626,0.00191199,1
0.181951,0.0591014,0.0295496,1
0.0786378,0.0198225,0.000635864,1
0.135342,0.0278422,0.0757043,1
0.181523,0.0738967,0.0426597,1
0.195986,0.0703271,0.0821422,1
0.181671,0.060687,0.0263397,1
0.199012,0.0379634,0.0684164,1
0.179246,0.0502071,0.028291,1
0.18123,0.0498324,0.0274348,1
0.0104065,0.0655351,0.00411625,1
0.112477,0.0656549,0.000394071,1
0.115089,0.0141905,0.017933,1
0.127705,0.0101054,0.082931,1
0.222827,0.0834581,0.0817679,1
0.11145,0.00522077,0.0446434,1
0.178825,0.0539211,0.0299132,1
0.155339,0.00973799,0.0564387,1
0.182559,0.0564972,0.0295922,1
0.170132,0.0572975,0.00808558,1
0.049944,0.0132494,0.0717936,1
0.0554966,0.0516502,0.068105,1
0.104777,0.00912477,0.0660697,1
0.183199,0.0550992,0.0220815,1
0.177956,0.0537377,0.0291217,1
0.019923,0.0847033,0.0456155,1
0.175626,0.056347,0.0303301,1
0.177513,0.0854086,0.0882302,1
0.196598,0.0792022,0.0525095,1
0.0476659,0.100804,0.0393311,1
0.209021,0.009712,0.0178811,1
0.185282,0.0590867,0.0271305,1
0.17001,0.0415928,0.010352,1
0.176828,0.0541591,0.0329048,1
0.0985696,0.0457835,0.0866029,1
0.124228,0.086007,0.0257183,1
0.126072,0.0534616,0.00922723,1
0.182146,0.056193,0.0261362,1
0.187229,0.0176028,0.0750741,1
0.0484722,0.0562247,0.0876758,1
0.017919,0.0935739,0.055454,1
0.169626,0.0535135,0.0560462,1
0.154106,0.00495079,0.0101106,1
0.178437,0.0509858,0.0296547,1
0.0498489,0.0398985,0.0174083,1
0.0912078,0.0591725,0.00118793,1
0.178109,0.0544628,0.031512,1
0.177224,0.0524304,0.0297284,1
0.168874,0.00399595,0.0620544,1
0.176385,0.0538758,0.0244129,1
0.0897596,0.0347725,0.0246788,1
0.0476199,0.087972,0.0438593,1
0.112865,0.0695888,0.00590371,1
0.177006,0.0529248,0.0271292,1
0.0632452,0.031104,0.0327266,1
0.193628,0.0685003,0.0352119,1
0.177896,0.0555083,0.0339067,1
0.014917,0.0451131,0.0581486,1
0.176461,0.0498638,0.0300794,1
0.0163907,0.0469829,0.0512104,1
0.191319,0.0597457,0.029602,1
0.186056,0.0582548,0.0250065,1
0.111988,0.0495816,0.0418503,1
0.180599,0.0545225,0.0263367,1
0.179223,0.0546441,0.0263152,1
0.181521,0.0583141,0.0326012,1
0.212912,0.0392559,0.0677379,1
0.182595,0.0586754,0.0290952,1
0.175844,0.0550667,0.0258002,1
0.178873,0.0584143,0.029242,1
0.177912,0.0486538,0.0280448,1
0.187307,0.00259147,0.0135212,1
0.181846,0.0573477,0.0303817,1
0.181818,0.0503877,0.028304,1
0.0814251,0.0880007,0.058765,1
0.136052,0.0723141,0.0750628,1
0.175482,0.0565329,0.0305498,1
0.21302,0.0327977,0.0885498,1
0.15593,0.0563059,0.0418659,1
0.0125406,0.0795251,0.0652321,1
0.0363954,0.09819,0.00551583,1
0.207335,0.0428394,0.0359996,1
0.204671,0.0940933,0.0890797,1
0.0116749,0.0926321,0.0824637,1
0.0714734,0.0927505,0.0690256,1
0.140393,0.119701,0.0932296,2
0.0116861,0.181883,0.0235945,2
0.0754407,0.212154,0.0268104,2
0.122557,0.190242,0.00191721,2
0.0252431,0.183888,0.08136,2
0.0562224,0.13592,0.0763447,2
0.108418,0.108979,0.104795,2
0.147412,0.15017,0.106438,2
0.0736437,0.20291,0.0850473,2
0.135185,0.211307,0.0149031,2
0.116003,0.218822,0.0682098,2
0.16131,0.148918,0.0421811,2
0.143829,0.21483,0.0441876,2
0.00907723,0.192681,0.0667422,2
0.0773853,0.218887,0.087404,2
0.216528,0.146323,0.0352936,2
0.145221,0.177708,0.0965695,2
0.0762077,0.12033,0.0382887,2
0.156844,0.108398,0.0240005,2
0.108524,0.125022,0.10452,2
0.106848,0.132076,0.0476592,2
0.00958097,0.20859,0.0630699,2
0.168245,0.194285,0.0639692,2
0.0755552,0.143889,0.0963673,2
0.0800315,0.11246,0.0665999,2
0.107062,0.126543,0.0388675,2
0.173525,0.137754,0.0672165,2
0.0952176,0.121345,0.107913,2
0.148847,0.210378,0.105497,2
0.163556,0.140963,0.0149593,2
0.185116,0.22276,0.030314,2
0.00134981,0.168766,0.0660321,2
0.0714993,0.152708,0.0496597,2
0.148584,0.174789,0.0344682,2
0.178916,0.198256,0.064807,2
0.0391889,0.19208,0.108335,2
0.179937,0.166867,0.0449841,2
0.0309193,0.159617,0.00101741,2
0.0560103,0.140743,0.0983611,2
0.124764,0.217869,0.014836,2
0.13129,0.157409,0.0238659,2
0.116159,0.195007,0.0245646,2
0.0790364,0.209123,0.0510984,2
0.0211051,0.215657,0.0659657,2
0.0235312,0.119589,0.0777023,2
0.00591248,0.147011,0.0674387,2
0.15428,0.171554,0.00997717,2
0.0663224,0.111096,0.0852221,2
0.192664,0.155127,0.0713302,2
0.128048,0.204204,0.0232808,2
0.146051,0.133363,0.0801624,2
0.0259089,0.117538,0.0353546,2
0.0896292,0.123779,0.00467866,2
0.198942,0.169802,0.101214,2
0.166261,0.200913,0.0661222,2
0.174639,0.188731,0.0521826,2
0.0828251,0.218934,0.0950778,2
6.75932e-05,0.110056,0.0222324,2
0.208621,0.146439,0.0845429,2
0.136282,0.169271,0.0162758,2
0.145948,0.11615,0.0765161,2
0.0992427,0.140624,0.0898453,2
0.0584692,0.158618,0.0118982,2
0.103401,0.157073,0.0210515,2
0.102416,0.203396,0.00819378,2
0.0918196,0.136736,0.0361916,2
0.142974,0.152558,0.0722799,2
0.0339733,0.16899,0.000113273,2
0.222743,0.142395,0.0527783,2
0.0997113,0.117547,0.0114644,2
0.0409449,0.163052,0.0801513,2
0.187691,0.132948,0.0721928,2
0.187761,0.20645,0.0845919,2
0.181925,0.204188,0.00557717,2
0.147564,0.189086,0.0424269,2
0.179152,0.172637,0.0424073,2
0.15133,0.13466,0.0971046,2
0.0085459,0.14044,0.00656961,2
0.0575236,0.115976,0.0608345,2
0.0396383,0.141239,0.0228372,2
0.207575,0.150877,0.0731725,2
0.082012,0.139599,0.0960748,2
0.0143314,0.144796,0.0636607,2
0.056138,0.122129,0.0465616,2
0.0267737,0.1787,0.049265,2
0.21169,0.103846,0.0397222,2
0.191407,0.131894,0.0327231,2
0.217576,0.111301,0.0153865,2
0.103964,0.201684,0.0788779,2
0.198367,0.130997,0.0357546,2
0.127416,0.189428,0.00601353,2
0.209486,0.188921,0.0371793,2
0.0688693,0.120968,0.0144194,2
0.208839,0.11119,0.0894348,2
0.182773,0.177293,0.0707222,2
0.121953,0.188367,0.0869094,2
0.108305,0.142872,0.0409912,2
0.217055,0.178143,0.0109034,2
0.0554489,0.20928,0.0998787,2
0.0566497,0.196096,0.0246488,2
0.12528,0.160314,0.0683502,2
0.169823,0.195122,0.0837699,2
0.206259,0.13001,0.0594685,2
0.135339,0.151794,0.0803946,2
0.201314,0.145864,0.038553,2
0.191216,0.18213,0.0917733,2
0.181483,0.141206,0.0812275,2
0.181064,0.180128,0.093859,2
0.128952,0.156101,0.0332389,2
0.0765795,0.15162,0.075835,2
0.0437591,0.164157,0.0295891,2
0.100026,0.109119,0.0231636,2
0.120914,0.116746,0.0744842,2
0.00487097,0.108006,0.0100925,2
0.110803,0.107805,0.0848186,2
0.0633482,0.107512,0.0427469,2
0.105426,0.22443,0.0287753,2
0.0113919,0.160604,0.0248321,2
0.0587789,0.134858,0.00200925,2
0.120477,0.200308,0.0754114,2
0.12862,0.111326,0.0173061,2
0.118351,0.223248,0.073637,2
0.0739512,0.123755,0.0291435,2
0.00848869,0.113627,0.0151106,2
0.129347,0.105387,0.0381008,2
0.217334,0.216082,0.108445,2
0.200995,0.210915,0.108341,2
0.0897617,0.127336,0.18949,3
0.0678102,0.166448,0.117087,3
0.0264812,0.14986,0.136322,3
0.0827771,0.177192,0.164762,3
0.0915395,0.15949,0.175994,3
0.101517,0.200888,0.15707,3
0.00519848,0.215174,0.120156,3
0.14468,0.182579,0.187399,3
0.068609,0.209696,0.14656,3
0.0831877,0.215091,0.217794,3
0.0820895,0.149116,0.138327,3
0.185961,0.130442,0.142671,3
0.124708,0.187368,0.21774,3
0.117041,0.165042,0.140809,3
0.050307,0.140424,0.161052,3
0.0571828,0.209008,0.173001,3
0.103851,0.192386,0.109985,3
0.03581,0.200455,0.128046,3
0.176417,0.186343,0.148993,3
0.0961832,0.163384,0.159155,3
0.0373056,0.154826,0.189588,3
0.111919,0.162789,0.21184,3
0.114661,0.142763,0.119503,3
0.206098,0.184461,0.149962,3
0.10909,0.177446,0.153969,3
0.101498,0.208369,0.200233,3
0.0567484,0.123555,0.147223,3
0.0976314,0.143731,0.201036,3
0.104076,0.106246,0.147225,3
0.187724,0.211933,0.188993,3
0.0337452,0.179604,0.184731,3
0.100594,0.157721,0.179158,3
0.13525,0.16214,0.168091,3
0.210404,0.169857,0.214304,3
0.08798,0.170533,0.147328,3
0.0211638,0.220936,0.14117,3
0.150486,0.127554,0.111963,3
0.120144,0.134781,0.120902,3
0.0429695,0.175097,0.208509,3
0.17681,0.16662,0.201726,3
0.0140475,0.147639,0.140869,3
0.0295174,0.212028,0.136742,3
0.139218,0.186007,0.16588,3
0.189257,0.111824,0.154303,3
0.0990527,0.178712,0.137452,3
0.107873,0.161804,0.110141,3
0.183313,0.116623,0.199177,3
0.123089,0.162732,0.210657,3
0.0797573,0.204654,0.136636,3
0.222184,0.216657,0.185992,3
0.0791817,0.174077,0.141093,3
0.0343301,0.154167,0.222462,3
0.0812034,0.117345,0.159835,3
0.102627,0.155818,0.194522,3
0.118351,0.119665,0.204833,3
0.0260571,0.116729,0.125589,3
0.160709,0.215599,0.112956,3
0.0888074,0.162675,0.154344,3
0.142761,0.140887,0.121628,3
0.113786,0.147357,0.200913,3
0.0396843,0.203216,0.182178,3
0.195572,0.130149,0.199624,3
0.201235,0.22195,0.173029,3
0.134886,0.107682,0.122811,3
0.168343,0.212533,0.143503,3
0.196108,0.171122,0.216651,3
0.110865,0.114927,0.128942,3
0.172371,0.196138,0.1982,3
0.0667736,0.222437,0.132752,3
0.202442,0.18513,0.160583,3
0.129552,0.193212,0.180502,3
0.218702,0.154147,0.141885,3
0.0326183,0.121794,0.186285,3
0.175472,0.220754,0.178993,3
0.139085,0.202726,0.161408,3
0.136511,0.108844,0.218569,3
0.216853,0.223912,0.147241,3
0.217757,0.217783,0.177919,3
0.167527,0.169944,0.15663,3
0.0826733,0.135458,0.131462,3
0.164013,0.158894,0.150172,3
0.174865,0.213133,0.163031,3
0.213368,0.192189,0.12418,3
0.0111394,0.222979,0.221578,3
0.0661439,0.189276,0.177768,3
0.0289146,0.127929,0.15997,3
0.152345,0.176157,0.181047,3
0.164162,0.102681,0.215793,3
0.184207,0.215688,0.219981,3
0.152256,0.191282,0.200866,3
0.216533,0.205801,0.142279,3
0.0435484,0.105072,0.127245,3
0.2045,0.110073,0.122522,3
0.0271377,0.177082,0.158896,3
0.153885,0.21657,0.126247,3
0.125689,0.178848,0.171572,3
0.210116,0.109654,0.152614,3
0.181899,0.172245,0.224088,3
0.0719402,0.134608,0.117475,3
0.199548,0.168357,0.170589,3
0.0672722,0.117582,0.132377,3
0.0961542,0.135545,0.19784,3
0.223813,0.107736,0.148099,3
0.0741719,0.145976,0.217417,3
0.135062,0.216973,0.188144,3
0.0865814,0.154972,0.13545,3
0.221953,0.215655,0.191923,3
0.195135,0.137365,0.190128,3
0.179117,0.106535,0.117489,3
0.00722231,0.112327,0.195708,3
0.0859979,0.105385,0.205364,3
0.136775,0.146429,0.157104,3
0.0905576,0.10746,0.215986,3
0.203326,0.149026,0.112864,3
0.174931,0.200021,0.160948,3
0.223765,0.112192,0.209885,3
0.183514,0.115437,0.203206,3
0.144207,0.102123,0.171938,3
0.220986,0.213806,0.148063,3
0.199345,0.104211,0.175244,3
0.178419,0.126147,0.16883,3
0.0437052,0.105192,0.134152,3
0.143622,0.181758,0.144005,3
0.016002,0.103193,0.211493,3
