x coord,y coord,z coord,rank
0.00973859,0.0172632,0.0301309,0
0.0614013,0.035826,0.013755,0
0.0804034,0.0374569,0.0191444,0
0.0994152,0.0677434,0.0497983,0
0.108628,0.121957,0.105774,0
0.105087,0.0817525,0.0525269,0
0.0805351,0.0579308,0.0211894,0
0.0347797,0.0432907,0.0213744,0
0.106532,0.121303,0.102792,0
0.0562222,0.0994216,0.107317,0
0.0823028,0.0775872,0.042391,0
0.106937,0.00660742,0.0745023,0
0.0410562,0.0571293,0.10816,0
0.104886,0.11932,0.0977339,0
0.0525518,0.110801,0.0475005,0
0.0744644,0.0925578,0.101235,0
0.103629,0.0521766,0.0909249,0
0.102545,0.0364546,0.0488895,0
0.10092,0.0847398,0.117594,0
0.0197301,0.10873,0.0275609,0
0.104683,0.121875,0.0984403,0
0.106754,0.120075,0.10823,0
0.0604148,0.0367998,0.0102834,0
0.084085,0.0235006,0.103895,0
0.109733,0.0164392,0.0270186,0
0.0846553,0.0739226,0.107008,0
0.00219713,0.0742618,0.101624,0
0.00171455,0.00557845,0.15954,0
0.0665697,0.107625,0.165765,0
0.0492251,0.103627,0.169588,0
0.108915,0.117994,0.0978319,0
0.100313,0.0651961,0.0417523,0
0.0185211,0.0923443,0.216775,0
0.0668312,0.117791,0.146321,0
0.0581106,0.0450646,0.0961693,0
0.105039,0.113885,0.104009,0
0.0214037,0.10401,0.0291607,0
0.100474,0.0249778,0.0106184,0
0.0926712,0.0257353,0.16933,0
0.02766,0.0559385,0.0411484,0
0.0713413,0.0189207,0.212649,0
0.101223,0.0574449,0.177374,0
0.0527776,0.078505,0.0180426,0
0.025437,0.0477252,0.0687494,0
0.0745341,0.10162,0.12771,0
0.0459075,0.0653329,0.219526,0
0.0992999,0.103189,0.148975,0
0.077224,0.0919138,0.0388974,0
0.096493,0.0699367,5.87043e-05,0
0.0901238,0.0517406,0.046914,0
0.0166714,0.0864411,0.214078,0
0.00268434,0.112721,0.199119,0
0.067107,0.0972492,0.0541519,0
0.00504214,0.0737876,0.183854,0
0.0206063,0.0893079,0.213762,0
0.00764157,0.102691,0.0931751,0
0.0686335,0.0970257,0.0544305,0
0.0854197,0.100744,0.0326423,0
0.054377,0.0524569,0.182889,0
0.107094,0.12232,0.0978694,0
0.0832323,0.0943914,0.0313836,0
0.00570853,0.0548776,0.0965546,0
0.064624,0.0357888,0.123278,0
0.10849,0.119788,0.102769,0
0.104704,0.0591297,0.0906918,0
0.070546,0.100409,0.056371,0
0.107709,0.114759,0.0994779,0
0.000443721,0.0166773,0.0958716,0
0.0200455,0.0130115,0.115185,0
0.0870654,0.0327311,0.0884447,0
0.0199518,0.0590494,0.0937958,0
0.0939165,0.029367,0.0542243,0
0.0114203,0.0528117,0.0932811,0
0.0195527,0.0458927,0.130348,0
0.0347268,0.0318259,0.203305,0
0.0197938,0.0889121,0.216413,0
0.0301869,0.0173294,0.187676,0
0.100632,0.06618,0.0448336,0
0.0954491,0.0713008,0.20689,0
0.0404469,0.0836668,0.203996,0
0.0559246,0.00319005,0.0428625,0
0.0185382,0.111971,0.202031,0
0.0318812,0.0863483,0.0735707,0
0.099442,0.0263193,0.142584,0
0.0696263,0.0949557,0.0532793,0
0.0953401,0.120928,0.00432548,0
0.092269,0.113412,0.0906296,0
0.0795574,0.0823662,0.183152,0
0.00855545,0.109019,0.224456,0
0.0262395,0.0832849,0.152321,0
0.0906398,0.0154117,0.145403,0
0.016747,0.0868132,0.215808,0
0.0324297,0.0388408,0.00867392,0
0.0547122,0.121839,0.0858828,0
0.0102399,0.0525634,0.00628959,0
0.0421256,0.00379983,0.096637,0
0.0202438,0.104601,0.197171,0
0.0854929,0.113908,0.165476,0
0.0936868,0.0533023,0.221003,0
0.0242814,0.0432169,0.127676,0
0.0350641,0.119037,0.0130232,0
0.000367414,0.0852122,0.128898,0
0.0417794,0.0407312,0.0505597,0
0.0132212,0.0951605,0.215039,0
0.0892815,0.0204503,0.113979,0
0.100819,0.0436571,0.224739,0
0.0169942,0.0736825,0.158951,0
0.103043,0.0245244,0.0281493,0
0.0141703,0.0983559,0.00227824,0
0.0655274,0.111422,0.0838138,0
0.0172644,0.0115322,0.137378,0
0.0768624,0.0171285,0.215536,0
0.0376515,0.0670955,0.138988,0
0.0140657,0.0902414,0.212809,0
0.0155506,0.0867278,0.2131,0
0.0926808,0.0307655,0.222338,0
0.108181,0.121435,0.103751,0
0.107091,0.12053,0.101081,0
0.169489,0.1826,0.138534,1
0.189866,0.153855,0.108246,1
0.167997,0.129071,0.18084,1
0.112174,0.126003,0.0964753,1
0.160807,0.152473,0.203975,1
0.114708,0.186867,0.00249447,1
0.171235,0.209332,0.220208,1
0.12118,0.149595,0.190798,1
0.115157,0.129256,0.0981179,1
0.21911,0.140215,0.00913726,1
0.122109,0.173313,0.21794,1
0.201624,0.131461,0.0137331,1
0.210404,0.213303,0.0561342,1
0.137492,0.175628,0.182023,1
0.15763,0.169382,0.120519,1
0.210898,0.195676,0.0401565,1
0.223956,0.147496,0.0528987,1
0.114697,0.197812,0.0666218,1
0.135758,0.130832,0.177476,1
0.15816,0.167951,0.122141,1
0.186684,0.163573,0.0134088,1
0.116937,0.14544,0.0275588,1
0.109988,0.126839,0.104345,1
0.190142,0.191925,0.0378567,1
0.177103,0.16703,0.119026,1
0.168661,0.211873,0.0661236,1
0.174823,0.190118,0.017131,1
0.113316,0.174664,0.078762,1
0.111009,0.1376,0.045212,1
0.185773,0.130472,0.173581,1
0.114193,0.207001,0.174774,1
0.132928,0.203066,0.0265782,1
0.123694,0.174201,0.191039,1
0.197751,0.202447,0.118467,1
0.171424,0.22418,0.150391,1
0.173434,0.128131,0.145165,1
0.149204,0.155097,0.116422,1
0.148285,0.208103,0.210634,1
0.16332,0.186763,0.186012,1
0.197983,0.135109,0.0879559,1
0.177323,0.148995,0.189392,1
0.11499,0.215811,0.222036,1
0.192151,0.19122,0.0871954,1
0.196484,0.153507,0.103652,1
0.207869,0.217347,0.0458993,1
0.130137,0.153526,0.21019,1
0.195423,0.206407,0.160241,1
0.211322,0.180975,0.126533,1
0.1156,0.144457,0.0783913,1
0.14333,0.224387,0.160119,1
0.151864,0.195324,0.135659,1
0.171317,0.184048,0.203414,1
0.19652,0.184745,0.121698,1
0.203636,0.21246,0.161758,1
0.123509,0.179444,0.193276,1
0.170577,0.153937,0.0520536,1
0.203597,0.200174,0.121014,1
0.202245,0.135046,0.206747,1
0.180635,0.133019,0.0381956,1
0.158857,0.172156,0.0417913,1
0.212409,0.13672,0.00184703,1
0.11911,0.18177,0.197525,1
0.169124,0.131764,0.144868,1
0.219317,0.145701,0.0908574,1
0.201648,0.19681,0.222074,1
0.110648,0.127989,0.10369,1
0.113628,0.198791,0.10221,1
0.186548,0.223587,0.0269173,1
0.13953,0.188567,0.222142,1
0.121813,0.17575,0.215646,1
0.198258,0.199394,0.0587816,1
0.130671,0.169158,0.0625535,1
0.169306,0.178275,0.200121,1
0.135998,0.195634,0.00820996,1
0.109775,0.130769,0.102061,1
0.19452,0.170886,0.00528888,1
0.20001,0.137077,0.148758,1
0.113101,0.189504,0.115173,1
0.209114,0.145689,0.184946,1
0.209625,0.163627,0.111075,1
0.169101,0.176083,0.196141,1
0.146543,0.139932,0.187254,1
0.221345,0.143026,0.096637,1
0.145996,0.152164,0.151994,1
0.213083,0.137328,0.000849751,1
0.126909,0.187443,0.108448,1
0.20312,0.140224,0.207679,1
0.127368,0.150649,0.193911,1
0.135837,0.200113,0.110447,1
0.130362,0.163095,0.0678856,1
0.148086,0.133905,0.00769932,1
0.111086,0.211525,0.216626,1
0.111422,0.12786,0.105362,1
0.162749,0.13714,0.0595654,1
0.173866,0.137702,0.0252456,1
0.111521,0.130096,0.0978313,1
0.202975,0.219938,0.00233909,1
0.125768,0.174472,0.222787,1
0.126516,0.145153,0.165667,1
0.12208,0.177415,0.191558,1
0.112519,0.129646,0.108238,1
0.206459,0.201971,0.0599449,1
0.147659,0.175128,0.161429,1
0.180387,0.16765,0.0966153,1
0.17582,0.14317,0.102428,1
0.193148,0.204121,0.139217,1
0.165928,0.183006,0.0152061,1
0.210189,0.143244,0.206857,1
0.130402,0.161199,0.12128,1
0.112282,0.191201,0.0182066,1
0.21854,0.150445,0.087053,1
0.202616,0.188409,0.105324,1
0.158519,0.168394,0.11751,1
0.110472,0.12675,0.0996524,1
0.110192,0.125458,0.105917,1
0.111794,0.128897,0.103288,1
0.109799,0.130235,0.099411,1
0.114182,0.125123,0.100049,1
0.109861,0.125248,0.0992616,1
0.106162,0.125989,0.106092,2
0.107889,0.123037,0.0977296,2
0.049909,0.214899,0.133422,2
0.0887694,0.131182,0.103799,2
0.103509,0.126776,0.105924,2
0.101584,0.185597,0.083269,2
0.108808,0.123206,0.0986136,2
0.0526143,0.220212,0.157226,2
0.00442203,0.145903,0.195011,2
0.100539,0.163326,0.219157,2
0.106764,0.206636,0.163331,2
0.00215077,0.165395,0.118957,2
0.0241634,0.183989,0.098285,2
0.0526513,0.150731,0.160205,2
0.042737,0.22445,0.119224,2
0.0646967,0.204578,0.0613124,2
0.0695394,0.150648,0.164943,2
0.0383025,0.198414,0.110173,2
0.0592971,0.181271,0.216001,2
0.0981865,0.185792,0.0592376,2
0.0148499,0.158651,0.140814,2
0.0497287,0.132745,0.132562,2
0.0526843,0.213102,0.207834,2
0.0733493,0.219644,0.13265,2
0.105045,0.132148,0.10066,2
0.0250831,0.209899,0.00300516,2
0.0248286,0.197525,0.180129,2
0.108243,0.126636,0.0987906,2
0.00883165,0.216114,0.104635,2
0.00870699,0.217087,0.119561,2
0.0901651,0.175229,0.220615,2
0.0202927,0.163373,0.140893,2
0.0477527,0.206821,0.137816,2
2.76661e-05,0.128276,0.00638084,2
0.0470707,0.133902,0.0299376,2
0.0558367,0.170188,0.175249,2
0.0393956,0.172984,0.162993,2
0.105239,0.212414,0.205925,2
0.0855466,0.177944,0.148852,2
0.046006,0.148267,0.0389916,2
0.10612,0.127905,0.098926,2
0.103831,0.124559,0.0959456,2
0.0376528,0.176579,0.0709866,2
0.0404922,0.159315,0.0844711,2
0.0809143,0.194388,0.108628,2
0.0215896,0.127618,0.144016,2
0.0551877,0.18707,0.057728,2
0.00238505,0.150925,0.0168993,2
0.055157,0.136591,0.0436727,2
0.109196,0.122244,0.104253,2
0.0729384,0.150489,0.164493,2
0.105136,0.125883,0.107966,2
0.10508,0.124353,0.105128,2
0.0611314,0.133681,0.0727626,2
0.00219217,0.196837,0.137798,2
0.105122,0.127124,0.101681,2
0.108722,0.160685,0.034292,2
0.0131127,0.152537,0.190504,2
0.106485,0.170004,0.162273,2
0.0420669,0.202334,0.191566,2
0.0585995,0.161311,0.188232,2
0.106714,0.12622,0.0999601,2
0.0525387,0.189263,0.1691,2
0.0695698,0.222055,0.0644435,2
0.0238706,0.137856,0.0150039,2
0.100291,0.183552,0.183647,2
0.106907,0.134434,0.0996234,2
0.0665487,0.153868,0.0742262,2
0.107793,0.142702,0.0545722,2
0.0581711,0.136559,0.0574946,2
0.0932483,0.168874,0.189685,2
0.0491441,0.139859,0.0800555,2
0.107368,0.129006,0.104488,2
0.0952251,0.163825,0.218028,2
0.0573664,0.15068,0.0737714,2
0.109356,0.130359,0.105085,2
0.0446342,0.218325,0.0227766,2
0.107726,0.128625,0.099855,2
0.0673679,0.167031,0.00275039,2
0.0205852,0.129806,0.181498,2
0.0231598,0.206687,0.0100867,2
0.0140752,0.212914,0.140355,2
0.0244602,0.223183,0.00163328,2
0.0910788,0.223255,0.159927,2
0.100987,0.17079,0.2249,2
0.104678,0.17947,0.182618,2
0.102565,0.147384,0.18144,2
0.0160644,0.176735,0.15216,2
0.0749431,0.208316,0.0560273,2
0.00722319,0.215267,0.221127,2
0.0593644,0.155418,0.0264294,2
0.0688699,0.197667,0.0837194,2
0.103475,0.191056,0.0479026,2
0.0412951,0.200309,0.187785,2
0.025194,0.198129,0.0694936,2
0.0456345,0.161164,0.153912,2
0.045981,0.143139,0.0368588,2
0.0210137,0.207723,0.193214,2
0.105917,0.220913,0.110015,2
0.109466,0.124515,0.107588,2
0.102508,0.124059,0.103526,2
0.0437562,0.137195,0.00510073,2
0.103773,0.127124,0.100864,2
0.101608,0.129765,0.103665,2
0.0802415,0.122915,0.0879121,2
0.104458,0.145142,0.0812614,2
0.10818,0.123963,0.0995029,2
0.0999398,0.126804,0.106882,2
0.105262,0.125038,0.098337,2
0.109534,0.126421,0.0993793,2
0.0539772,0.147052,0.0455934,2
0.108027,0.124424,0.102435,2
0.101746,0.123054,0.105749,2
0.0804652,0.186761,0.112139,2
0.108568,0.160156,0.0170014,2
0.105923,0.216932,0.0796583,2
0.1046,0.129125,0.104677,2
0.104914,0.122656,0.105388,2
0.109103,0.127899,0.109282,2
0.107722,0.126355,0.0980916,2
0.102279,0.123036,0.103461,2
0.0956039,0.203505,0.17993,2
0.107242,0.124631,0.0951155,2
0.104158,0.122419,0.100099,2
0.109234,0.128298,0.101219,2
0.103562,0.127568,0.107578,2
0.106494,0.125552,0.10839,2
0.102601,0.127185,0.104774,2
0.105677,0.128802,0.0968081,2
0.104761,0.125455,0.104926,2
0.104824,0.168273,0.132385,2
0.109562,0.131805,0.103354,2
0.198619,0.108118,0.122,3
0.114592,0.12183,0.100877,3
0.207637,0.0294297,0.169216,3
0.112901,0.123302,0.102574,3
0.119848,0.0504021,0.0228779,3
0.17617,0.116111,0.119544,3
0.195104,0.10665,0.105214,3
0.112841,0.0771578,0.110084,3
0.205566,0.0592462,0.182283,3
0.19835,0.121082,0.0467468,3
0.117504,0.11999,0.104163,3
0.118849,0.0257878,0.152369,3
0.109963,0.12458,0.100324,3
0.128006,0.0426987,0.152023,3
0.203113,0.122395,0.138508,3
0.199536,0.0120977,0.129353,3
0.119354,0.0801367,0.00304759,3
0.128503,0.118904,0.18379,3
0.113973,0.124396,0.103967,3
0.13075,0.113044,0.184608,3
0.190879,0.0091842,0.130594,3
0.161021,0.0669619,0.207806,3
0.171224,0.0455919,0.141369,3
0.211536,0.0814382,0.132244,3
0.172573,0.0587392,0.115892,3
0.158492,0.0722538,0.183263,3
0.110357,0.119288,0.104462,3
0.129479,0.0269051,0.108262,3
0.167354,0.119695,0.0761653,3
0.114148,0.0337601,0.127062,3
0.133678,0.00146286,0.131885,3
0.170321,0.124967,0.146263,3
0.183224,0.0476814,0.118276,3
0.172739,0.0753559,0.174599,3
0.113036,0.0608403,0.132197,3
0.175934,0.0597478,0.118876,3
0.182759,0.0282807,0.219937,3
0.189136,0.11238,0.159601,3
0.208019,0.0314635,0.163611,3
0.164089,0.0978851,0.0575721,3
0.216915,0.1082,0.182361,3
0.114029,0.0911556,0.0914836,3
0.121706,0.0857265,0.224169,3
0.161452,0.0946173,0.12278,3
0.187544,0.0197154,0.131145,3
0.183133,0.072357,0.215557,3
0.178858,0.112721,0.123682,3
0.112029,0.117464,0.105144,3
0.123856,0.0470647,0.160309,3
0.155568,0.0174082,0.091078,3
0.109699,0.0291911,0.0720389,3
0.147664,0.0402911,0.021507,3
0.223151,0.0297141,0.0320866,3
0.212616,0.0513277,0.133736,3
0.165083,0.100936,0.0516171,3
0.125225,0.0405342,0.211743,3
0.217456,0.0223178,0.121588,3
0.110616,0.0203853,0.0368829,3
0.135731,0.116948,0.180154,3
0.200406,0.0333228,0.15754,3
0.112099,0.0946024,0.199058,3
0.210292,0.004495,0.198248,3
0.215815,0.0670832,0.126199,3
0.153196,0.0504231,0.0659297,3
0.169112,0.0868858,0.0619196,3
0.187493,0.0194528,0.127143,3
0.221577,0.0326776,0.204326,3
0.18328,0.110652,0.0677723,3
0.148852,0.100894,0.131666,3
0.190677,0.0838317,0.21716,3
0.183572,0.104545,0.075794,3
0.164476,0.0164509,0.215449,3
0.191575,0.0697251,0.0946706,3
0.148091,0.0467411,0.0506879,3
0.14944,0.0741776,0.224903,3
0.186884,0.110831,0.155867,3
0.126647,0.0188812,0.125902,3
0.15453,0.0955339,0.074315,3
0.185286,0.0498471,0.104685,3
0.19294,0.0957082,0.066225,3
0.162826,0.109384,0.0923668,3
0.146886,0.0576626,0.141393,3
0.161616,0.0223542,0.176749,3
0.150715,0.0521329,0.0218935,3
0.20015,0.0768584,0.144675,3
0.178714,0.00746313,0.0154584,3
0.190089,0.102385,0.0725493,3
0.131865,0.07528,0.0581703,3
0.143035,0.0436383,0.0341657,3
0.138785,0.115853,0.0243571,3
0.168694,0.00854474,0.0211243,3
0.145188,0.0951021,0.168935,3
0.118997,0.0135728,0.175699,3
0.152942,0.0919533,0.0533134,3
0.113637,0.111497,0.202496,3
0.142157,0.0759376,0.0833058,3
0.150056,0.0500083,0.0602593,3
0.132081,0.0455155,0.159677,3
0.150167,0.0106141,0.112812,3
0.132629,0.0724316,0.156859,3
0.154103,0.102217,0.0764137,3
0.146886,0.0678345,0.0413172,3
0.11852,0.0549686,0.0135908,3
0.160419,0.121511,0.109701,3
0.13112,0.104185,0.0795847,3
0.11025,0.1232,0.104684,3
0.116779,0.0351519,0.0167359,3
0.169417,0.018818,0.144316,3
0.12059,0.0614838,0.191514,3
0.115865,0.12098,0.0967792,3
0.11409,0.0345292,0.0162305,3
0.13427,0.0712593,0.0608283,3
0.221082,0.0852759,0.170835,3
0.138679,0.0985474,0.172285,3
0.125091,0.0598696,0.184854,3
0.181761,0.0839546,0.0219527,3
0.117934,0.0754982,0.00489627,3
0.112188,0.119779,0.102321,3
0.131587,0.000949932,0.114932,3
0.14821,0.0101425,0.172695,3
0.109932,0.122949,0.0998367,3
0.113605,0.121286,0.103081,3
0.112119,0.125075,0.107539,3
0.110007,0.121086,0.10102,3
0.121764,0.124138,0.0291252,3
0.112234,0.123771,0.104779,3
0.1136,0.122355,0.098665,3
0.111397,0.12092,0.106314,3
0.113355,0.122516,0.103469,3
0.111483,0.123227,0.103007,3
0.112767,0.12437,0.100069,3
