x coord,y coord,z coord,rank
0.146622,0.100085,0.106893,0
0.185299,0.00685359,0.0526023,0
0.180452,0.0326616,0.000293783,0
0.0195274,0.030642,0.0340338,0
0.110642,0.093154,0.0135284,0
0.0645636,0.025953,0.0224486,0
0.194988,0.0323975,0.0198784,0
0.0235056,0.0837251,0.0614663,0
0.0594683,0.0336102,0.0726584,0
0.111111,0.0887439,0.00544166,0
0.179088,0.0284805,0.0408459,0
0.178105,0.0232524,0.0462117,0
0.0345362,0.0209045,0.071491,0
0.119796,0.100254,0.000254524,0
0.182156,0.0260473,0.0424063,0
0.0931615,0.0179282,0.0199451,0
0.00463167,0.0127513,0.106663,0
0.215077,0.0501273,0.00324569,0
0.0444214,0.0661142,0.0495213,0
0.176945,0.0240299,0.0385017,0
0.175142,0.0235831,0.0419511,0
0.107698,0.0827863,0.0523575,0
0.141609,0.0627316,0.0839748,0
0.126445,0.0397617,0.0726797,0
0.186025,0.0392906,0.0384327,0
0.223771,0.0869455,0.107057,0
0.182702,0.0239186,0.0375565,0
0.178707,0.0213953,0.0386546,0
0.184531,0.0217347,0.0418484,0
0.0681556,0.0118783,0.0978181,0
0.0965422,0.059243,0.104252,0
0.178827,0.0194667,0.0411346,0
0.0946845,0.0163629,0.0339739,0
0.203247,0.0614749,0.0143838,0
0.223134,0.0844187,0.0711088,0
0.160316,0.0176616,0.0157341,0
0.179625,0.0244393,0.0417124,0
0.0279886,0.0862797,0.0341446,0
0.163488,0.0141936,0.0792139,0
0.197864,0.0430557,0.0789393,0
0.0705295,0.0757834,0.0126963,0
0.173852,0.019098,0.0668035,0
0.162212,0.0172468,0.0151502,0
0.00789343,0.0920598,0.00764115,0
0.0407969,0.00598037,0.0386379,0
0.186278,0.025303,0.0423109,0
0.18334,0.0267369,0.0420526,0
0.186492,0.0200586,0.0348497,0
0.182429,0.0243154,0.0402119,0
0.154491,0.0707875,0.00766786,0
0.180734,0.0235805,0.0411843,0
0.163096,0.062343,0.0287602,0
0.0822683,0.0569967,0.0925775,0
0.12772,0.0986731,0.0125769,0
0.110745,0.0885071,0.00305318,0
0.171897,0.0386716,0.058565,0
0.0665411,0.0224772,0.0585844,0
0.17905,0.0223367,0.0401563,0
0.207055,0.087983,0.0836483,0
0.0103694,0.0483423,0.00580926,0
0.158662,0.047267,0.0290903,0
0.178103,0.0188912,0.0432539,0
0.170995,0.0465777,0.0657269,0
0.212622,0.0318964,0.0419897,0
0.0342902,0.0576609,0.103505,0
0.179405,0.0221724,0.0453603,0
0.202793,0.098722,0.069719,0
0.0411547,0.05526,0.0235058,0
0.199631,0.0113141,0.099898,0
0.0434767,0.0857839,0.0637572,0
0.120965,0.0450931,0.0305586,0
0.120875,0.029988,0.060277,0
0.181049,0.0265351,0.0420565,0
0.18106,0.0278856,0.0385399,0
0.0395775,0.0704761,0.0281362,0
0.181823,0.0257357,0.0371876,0
0.162451,0.0759738,0.0122389,0
0.177353,0.0251518,0.0408483,0
0.103463,0.0599902,0.00228996,0
0.144558,0.0253677,0.0373816,0
0.222441,0.0895381,0.0320532,0
0.0657111,0.050938,0.032685,0
0.182241,0.0224188,0.0383831,0
0.150286,0.0979772,0.0982783,0
0.177677,0.0207335,0.0445202,0
0.206532,0.061578,0.0127513,0
0.0258151,0.0925717,0.0625271,0
0.0174103,0.0500075,0.0421897,0
0.0634568,0.00553384,0.0471129,0
0.00965769,0.0146445,0.0983304,0
0.0173059,0.0762315,0.0362799,0
0.139178,0.0818692,0.0202202,0
0.176519,0.0235081,0.0431611,0
0.0265052,0.00856048,0.00934548,0
0.177638,0.0217545,0.0368979,0
0.179017,0.0238511,0.0381015,0
0.0762662,0.0174145,0.0758542,0
0.0599605,0.0733805,0.0259918,0
0.179017,0.023764,0.0461073,0
0.168844,0.0820158,0.0748506,0
0.180223,0.0220146,0.0437425,0
0.221598,0.0206093,0.0324792,0
0.182481,0.0250303,0.0401584,0
0.180643,0.0233924,0.0424631,0
0.191946,0.0109307,0.0700132,0
0.18259,0.022164,0.039214,0
0.184495,0.00110691,0.0367092,0
0.182016,0.0263844,0.012288,0
0.0585927,0.00799502,0.0699253,0
0.182974,0.0202242,0.0422834,0
0.144205,0.101678,0.0771134,0
0.179976,0.0244156,0.0402252,0
0.180429,0.0201403,0.0417253,0
0.181127,0.0210275,0.0384393,0
0.176817,0.0244734,0.0361315,0
0.180346,0.0208073,0.0427537,0
0.182307,0.0204438,0.0341519,0
0.182316,0.0267887,0.0375798,0
0.182456,0.0180184,0.044117,0
0.113982,0.046208,0.0162489,0
0.076561,0.0672013,0.0204626,0
0.206952,0.0674602,0.0246271,0
0.183567,0.0252043,0.0330242,0
0.138197,0.0197921,0.106608,0
0.168601,0.103979,0.0903927,0
0.159586,0.0197808,0.107794,0
0.119593,0.168628,0.130244,1
0.218553,0.138541,0.156846,1
0.167181,0.213905,0.160736,1
0.0969365,0.209512,0.19937,1
0.190754,0.199073,0.143375,1
0.0987585,0.190608,0.153638,1
0.214694,0.223639,0.148279,1
0.120486,0.144036,0.117698,1
0.197808,0.168913,0.141981,1
0.0375467,0.151404,0.170258,1
0.212621,0.187159,0.109492,1
0.21456,0.191886,0.211463,1
0.201319,0.148861,0.169642,1
0.211408,0.153595,0.11376,1
0.208998,0.200021,0.169059,1
0.120472,0.159875,0.123712,1
0.0565223,0.178352,0.164034,1
0.0446022,0.117762,0.114255,1
0.12453,0.19855,0.142472,1
0.205309,0.183742,0.113472,1
0.182367,0.129516,0.172673,1
0.0150249,0.176603,0.170502,1
0.152294,0.142258,0.177637,1
0.211471,0.134095,0.179663,1
0.113347,0.201927,0.155819,1
0.190286,0.173845,0.134337,1
0.0805545,0.123319,0.20981,1
0.0487534,0.167644,0.123184,1
0.149933,0.149684,0.139438,1
0.0403743,0.127697,0.156148,1
0.0653722,0.147126,0.207408,1
0.0446644,0.196067,0.178607,1
0.21576,0.151368,0.204066,1
0.163759,0.157112,0.205499,1
0.0546684,0.201173,0.157371,1
0.192542,0.183942,0.165149,1
0.0481522,0.171681,0.133694,1
0.042687,0.165082,0.17216,1
0.130565,0.130548,0.166258,1
0.0209228,0.19456,0.213244,1
0.202815,0.164879,0.148007,1
0.1965,0.211268,0.212838,1
0.184204,0.168697,0.19774,1
0.0873511,0.172992,0.153052,1
0.178222,0.192191,0.110485,1
0.159696,0.114166,0.121833,1
0.0048479,0.158665,0.165618,1
0.156577,0.205659,0.155813,1
0.211555,0.2167,0.224336,1
0.113902,0.14575,0.144139,1
0.0486334,0.170011,0.158851,1
0.0714523,0.188365,0.115393,1
0.191794,0.124951,0.110202,1
0.116851,0.220282,0.160675,1
0.152064,0.196454,0.128607,1
0.0570601,0.132722,0.18022,1
0.13444,0.200779,0.187497,1
0.191684,0.125515,0.136846,1
0.00237287,0.165181,0.131913,1
0.00962174,0.124507,0.118259,1
0.0714497,0.206973,0.19336,1
0.145838,0.115052,0.118378,1
0.0317133,0.182263,0.191475,1
0.182532,0.127414,0.166259,1
0.057138,0.114621,0.14602,1
0.0699354,0.111518,0.145747,1
0.031661,0.1367,0.144395,1
0.158178,0.136659,0.151941,1
0.101415,0.164093,0.149674,1
0.0837835,0.216471,0.166514,1
0.135268,0.130203,0.153689,1
0.154143,0.121174,0.175868,1
0.135467,0.118047,0.122509,1
0.0823959,0.19546,0.216028,1
0.0386042,0.130751,0.143051,1
0.026634,0.16585,0.173848,1
0.125245,0.206825,0.208224,1
0.139895,0.199753,0.219531,1
0.136552,0.159456,0.190638,1
0.0232853,0.170278,0.118661,1
0.0708832,0.211914,0.222022,1
0.0403265,0.154767,0.208955,1
0.152311,0.114144,0.202816,1
0.00679297,0.156873,0.125418,1
0.0732647,0.153011,0.171098,1
0.121285,0.224917,0.219708,1
0.0695441,0.131991,0.168455,1
0.0948534,0.171524,0.224055,1
0.151282,0.113804,0.12227,1
0.122031,0.184709,0.140812,1
0.102378,0.219544,0.152798,1
0.0486778,0.200287,0.128759,1
0.0519741,0.20011,0.126763,1
0.0363491,0.198208,0.17926,1
0.166966,0.141473,0.17451,1
0.0736356,0.137732,0.197006,1
0.199469,0.140864,0.17028,1
0.184956,0.126632,0.221252,1
0.0658778,0.133303,0.155744,1
0.0243899,0.13546,0.160009,1
0.145517,0.162259,0.220945,1
0.106527,0.134316,0.186965,1
0.108928,0.113341,0.216581,1
0.00117025,0.158475,0.133357,1
0.0534207,0.127618,0.168957,1
0.0664941,0.204568,0.162803,1
0.042844,0.152546,0.190689,1
0.0186147,0.205771,0.176551,1
0.139813,0.122036,0.223617,1
0.0235419,0.201088,0.114793,1
0.046494,0.201428,0.163712,1
0.205657,0.110569,0.149277,1
0.157132,0.163914,0.220225,1
0.0263275,0.175613,0.149069,1
0.22326,0.159718,0.132793,1
0.0181085,0.18665,0.137082,1
0.0108183,0.112879,0.158602,1
0.12896,0.135364,0.132377,1
0.0742174,0.201957,0.173317,1
0.157452,0.140775,0.220164,1
0.101487,0.208376,0.108045,1
0.00606185,0.185901,0.0382137,2
0.186935,0.165097,0.0766681,2
0.137179,0.187431,0.0461581,2
0.173425,0.196847,0.0789147,2
0.22493,0.141598,0.106343,2
0.0483275,0.198657,0.0109456,2
0.132184,0.178467,0.0922135,2
0.00038903,0.122632,0.0508913,2
0.124293,0.190487,0.0895414,2
0.0362138,0.204994,0.0839958,2
0.0372219,0.167315,0.0052664,2
0.103973,0.170388,0.0605526,2
0.175296,0.160506,0.0947987,2
0.0265223,0.164183,0.0133787,2
0.140997,0.152815,0.052874,2
0.0361252,0.1077,0.107091,2
0.0340622,0.21527,0.039396,2
0.0647892,0.127097,0.0698589,2
0.0433477,0.169207,0.0790241,2
0.111786,0.124157,0.0835806,2
0.175219,0.1714,0.0278809,2
0.160429,0.104981,0.0644877,2
0.135693,0.109467,0.0912943,2
0.0672397,0.134675,0.102334,2
0.156417,0.1608,0.0796327,2
0.0982496,0.161167,0.0889379,2
0.0210557,0.123501,0.0415516,2
0.0896167,0.158042,0.0428963,2
0.13697,0.160852,0.0144424,2
0.0589443,0.134591,0.0507123,2
0.113956,0.115324,0.00303805,2
0.220796,0.132289,0.042244,2
0.176974,0.148505,0.0369229,2
0.076861,0.195228,0.00494722,2
0.0813117,0.139815,0.0395291,2
0.00175209,0.15555,0.0579487,2
0.0326862,0.126609,0.0863529,2
0.167542,0.106305,0.00339635,2
0.125418,0.210182,0.057499,2
0.101506,0.14811,0.0202746,2
0.20768,0.221575,0.0136205,2
0.0522778,0.21157,0.0837694,2
0.224661,0.201395,0.0372198,2
0.214372,0.222432,0.0677489,2
0.210367,0.143037,0.00678515,2
0.157248,0.162548,0.0730253,2
0.0832102,0.224551,0.0574666,2
0.0788099,0.203967,0.0135107,2
0.217482,0.157228,0.0417918,2
0.0992186,0.143503,0.0253202,2
0.20533,0.190812,0.023081,2
0.0570433,0.166108,0.0126104,2
0.220448,0.224567,0.0704619,2
0.104992,0.211423,0.044068,2
0.105351,0.181715,0.0930304,2
0.183205,0.129273,0.0721115,2
0.124147,0.158188,0.074152,2
0.00780748,0.198769,0.0296733,2
0.00704869,0.151956,0.0593045,2
0.073336,0.218628,0.0259349,2
0.00961556,0.197245,0.022625,2
0.00862714,0.149748,0.0581189,2
0.157138,0.104618,0.0841833,2
0.144359,0.114781,0.0157661,2
0.137811,0.105908,0.0492809,2
0.161853,0.115183,0.0787409,2
0.193976,0.218429,0.0939269,2
0.0815028,0.202925,0.0384478,2
0.126908,0.222491,0.0594571,2
0.0818632,0.214674,0.107661,2
0.194193,0.11633,0.0671839,2
0.0653881,0.189003,0.0608454,2
0.196721,0.185761,0.0703619,2
0.173133,0.164785,0.0749781,2
0.085319,0.221548,0.0346201,2
0.0417195,0.1334,0.103358,2
0.103996,0.111599,0.0112179,2
0.0895596,0.158535,0.0288641,2
0.224137,0.203488,0.0719085,2
0.0243227,0.215069,0.0879896,2
0.0114838,0.210017,0.0339647,2
0.131834,0.185758,0.0689686,2
0.0245684,0.166641,0.0757412,2
0.0372708,0.119819,0.0205199,2
0.0190263,0.14402,0.0753451,2
0.0969859,0.11195,0.0764964,2
0.0162811,0.143153,0.0758896,2
0.0696074,0.194644,0.0717968,2
0.153049,0.188294,0.0663001,2
0.0382162,0.127546,0.013267,2
0.154783,0.151642,0.0163884,2
0.107876,0.219116,0.0102902,2
0.0427101,0.145514,0.0886237,2
0.154512,0.107979,0.0147117,2
0.0507972,0.223156,0.0935313,2
0.00073419,0.134319,0.0436369,2
0.00337231,0.222824,0.0368225,2
0.0100611,0.215058,0.0131896,2
0.0462327,0.143911,0.0504006,2
0.173534,0.162034,0.085974,2
0.0181731,0.170064,0.0853939,2
0.0658068,0.123218,0.0886268,2
0.134755,0.208763,0.049957,2
0.162293,0.195818,0.0518722,2
0.107913,0.167107,0.0724097,2
0.0783199,0.168841,0.0203461,2
0.210993,0.133023,0.107635,2
0.218008,0.180596,0.0899893,2
0.198881,0.157766,0.0920881,2
0.0775086,0.196795,0.0330993,2
0.15661,0.159894,0.0169209,2
0.125713,0.20444,0.00683748,2
0.146201,0.138905,0.00812463,2
0.104549,0.116191,0.0975068,2
0.191118,0.106592,0.0626357,2
0.138098,0.154423,0.0794381,2
0.00805718,0.150885,0.00945506,2
0.00294373,0.124621,0.0538343,2
0.0805835,0.222439,0.0696615,2
0.187916,0.148482,0.071068,2
0.0123425,0.117265,0.0978304,2
0.130474,0.174111,0.0753129,2
0.0264987,0.175193,0.0905809,2
0.209586,0.182177,0.0668167,2
0.156588,0.109353,0.0539944,2
0.137759,0.0404238,0.13494,3
0.0784939,0.106329,0.204139,3
0.0551854,0.102711,0.216556,3
0.0878924,0.107541,0.172506,3
0.0807979,0.0953716,0.179577,3
0.134402,0.0619185,0.197654,3
0.168891,0.082342,0.205159,3
0.165839,0.0197323,0.183887,3
0.133189,0.0227755,0.119023,3
0.171819,0.0712741,0.177003,3
0.187736,0.0235208,0.159894,3
0.134801,0.0016184,0.183741,3
0.109256,0.101071,0.144232,3
0.168715,0.0240907,0.157768,3
0.17994,0.00951934,0.114188,3
0.00100169,0.0122133,0.108379,3
0.0665126,0.0221925,0.108474,3
0.171606,0.0123131,0.170756,3
0.131074,0.0293301,0.200515,3
0.0455111,0.0335249,0.199447,3
0.120731,0.0437098,0.2201,3
0.190461,0.0989318,0.195484,3
0.0658604,0.0644129,0.193368,3
0.0788252,0.0067681,0.211102,3
0.157556,0.0162565,0.142254,3
0.21626,0.0272473,0.13012,3
0.125524,0.0721719,0.195393,3
0.0656856,0.0724532,0.162272,3
0.0044108,0.0798597,0.135123,3
0.0621114,0.0211501,0.22299,3
0.204194,0.0128711,0.114772,3
0.106894,0.021715,0.134928,3
0.095304,0.0374409,0.214703,3
0.011111,0.053241,0.178861,3
0.185244,0.0735084,0.158784,3
0.188539,0.00516557,0.222799,3
0.0635277,0.0102813,0.138862,3
0.0161875,0.0627957,0.194819,3
0.0797175,0.0791448,0.160991,3
0.130063,0.0588802,0.110086,3
0.0586069,0.048006,0.190212,3
0.161836,0.0781912,0.119194,3
0.122002,0.00889826,0.219752,3
0.0377671,0.0181174,0.195786,3
0.124955,0.0631287,0.20101,3
0.201243,0.0277294,0.186344,3
0.0840218,0.0906453,0.209574,3
0.055038,0.0527156,0.138675,3
0.0177611,0.0158764,0.205093,3
0.189771,0.0910785,0.192733,3
0.136274,0.0927542,0.194384,3
0.0972288,0.0906524,0.211525,3
0.00256322,0.108283,0.148685,3
0.17514,0.0101697,0.202407,3
0.187569,0.0354145,0.176599,3
0.171352,0.102873,0.169165,3
0.119665,0.0252871,0.216144,3
0.0542853,0.0347696,0.194567,3
0.07038,0.0134592,0.223313,3
0.063656,0.0197287,0.167242,3
0.00929546,0.0909323,0.182638,3
0.172987,0.0277625,0.209016,3
0.220565,0.0205411,0.160316,3
0.144153,0.0912827,0.169017,3
0.135339,0.0661628,0.198661,3
0.0198487,0.0846357,0.186659,3
0.170052,0.084142,0.197413,3
0.0377177,0.0406616,0.204648,3
0.204318,0.0354257,0.112053,3
0.0273043,0.0173107,0.221861,3
0.145398,0.0755581,0.166935,3
0.0354585,0.0486243,0.224502,3
0.111345,0.0955952,0.153827,3
0.171739,0.0858752,0.147973,3
0.0985474,0.085951,0.150413,3
0.187467,0.0941262,0.118002,3
0.156315,0.0738314,0.222307,3
0.0502065,0.0986928,0.120316,3
0.207001,0.0156638,0.187701,3
0.0161004,0.0539408,0.211484,3
0.0276428,0.0884692,0.217364,3
0.0965965,0.00991822,0.189884,3
0.183013,0.0338553,0.208535,3
0.00909617,0.0549951,0.15563,3
0.12293,0.0516659,0.173169,3
0.052507,0.0412409,0.186308,3
0.204973,0.0129829,0.177352,3
0.077198,0.000530289,0.185274,3
0.133255,0.0298338,0.14683,3
0.000617225,0.0817062,0.216847,3
0.19551,0.0987204,0.136017,3
0.119152,0.0543338,0.189327,3
0.0707052,0.0555311,0.172325,3
0.0826014,0.0804327,0.156158,3
0.144363,0.0551852,0.145254,3
0.133547,0.10467,0.118107,3
0.093285,0.0986986,0.222171,3
0.205458,0.0650142,0.14383,3
0.0158674,0.0806165,0.203646,3
0.0835034,0.0392288,0.128026,3
0.084641,0.0223868,0.132034,3
0.134632,0.0644719,0.20262,3
0.0567978,0.0537923,0.202534,3
0.023789,0.0152317,0.164068,3
0.174872,0.0486123,0.187283,3
0.144449,0.0799544,0.11417,3
0.000394639,0.0174017,0.218046,3
0.11791,0.0924307,0.223917,3
0.117324,0.0367201,0.158776,3
0.0111602,0.0919406,0.180384,3
0.0442656,0.0872888,0.138911,3
0.212237,0.048914,0.158906,3
0.0931453,0.0928535,0.145008,3
0.0726147,0.0521764,0.214374,3
0.0663118,0.102619,0.113633,3
0.0928243,0.0456218,0.12602,3
0.0897277,0.0942861,0.224403,3
0.0863663,0.0291267,0.160149,3
0.123372,0.0650884,0.19695,3
0.0108549,0.0413322,0.20428,3
0.0185869,0.105376,0.157743,3
0.145678,0.097758,0.114226,3
0.0644057,0.0794172,0.184447,3
0.0406564,0.0248595,0.14981,3
0.138355,0.102741,0.221548,3
0.00920729,0.0114356,0.109892,3
0.106646,0.104753,0.185638,3
0.0699188,0.103889,0.164973,3
