x coord,y coord,z coord,rank
0.106156,0.108882,0.112643,0
0.101743,0.0884608,0.0741761,0
0.100812,0.0878754,0.143367,0
0.106279,0.110041,0.112165,0
0.0917013,0.11014,0.110782,0
0.111512,0.110752,0.110731,0
0.10717,0.111461,0.111605,0
0.109708,0.106856,0.116816,0
0.0823969,0.101702,0.106233,0
0.103511,0.110496,0.110747,0
0.10385,0.110658,0.117393,0
0.100883,0.0968591,0.124423,0
0.106773,0.111846,0.110799,0
0.112295,0.107052,0.106088,0
0.109915,0.10703,0.108869,0
0.0931928,0.0951198,0.0825991,0
0.0445179,0.10544,0.066375,0
0.103827,0.110879,0.112948,0
0.104202,0.109274,0.104222,0
0.107549,0.101623,0.110158,0
0.104702,0.0681046,0.142036,0
0.0705468,0.0857818,0.127695,0
0.0560824,0.0614402,0.100539,0
0.0879052,0.0933016,0.117881,0
0.0958271,0.0706165,0.0702629,0
0.109571,0.104645,0.114037,0
0.0935718,0.102516,0.137886,0
0.109389,0.11072,0.111017,0
0.0674895,0.107751,0.111996,0
0.0712448,0.105689,0.115336,0
0.107923,0.106992,0.113172,0
0.0593725,0.0631203,0.10386,0
0.101593,0.0809038,0.103874,0
0.108027,0.111724,0.110255,0
0.0944935,0.106843,0.119578,0
0.104377,0.0984017,0.136887,0
0.0785254,0.0950155,0.113472,0
0.0839402,0.0972557,0.0849325,0
0.057882,0.0561478,0.103071,0
0.107682,0.106079,0.116491,0
0.0585523,0.0957953,0.125523,0
0.107498,0.0891672,0.14941,0
0.0709845,0.0763396,0.113672,0
0.0814205,0.0996065,0.114978,0
0.111853,0.0763647,0.0741307,0
0.0932669,0.0767304,0.149879,0
0.106976,0.108345,0.113106,0
0.0929166,0.0900447,0.105856,0
0.110033,0.105067,0.112176,0
0.107406,0.110963,0.109931,0
0.0552012,0.0564581,0.134053,0
0.0982888,0.0817417,0.104817,0
0.0751201,0.0528261,0.115642,0
0.108496,0.11089,0.114727,0
0.107045,0.107771,0.11096,0
0.0522298,0.109723,0.112101,0
0.112409,0.105074,0.112537,0
0.106806,0.108437,0.10364,0
0.0941516,0.0784656,0.127889,0
0.087203,0.0965626,0.108844,0
0.0606179,0.0679618,0.0467931,0
0.0998774,0.0739481,0.0853813,0
0.0873054,0.100911,0.133897,0
0.100783,0.0520727,0.148791,0
0.097348,0.0677757,0.0776365,0
0.108502,0.0945345,0.127671,0
0.107302,0.10981,0.112402,0
0.102885,0.105529,0.0879838,0
0.103023,0.11087,0.11472,0
0.0955372,0.108628,0.14495,0
0.110997,0.105292,0.11279,0
0.0990214,0.10408,0.142313,0
0.109238,0.0937319,0.119678,0
0.103932,0.107627,0.148667,0
0.0805909,0.109395,0.114298,0
0.0877295,0.0921755,0.106242,0
0.0690384,0.109804,0.0848247,0
0.084317,0.0969092,0.132989,0
0.11005,0.0952468,0.134237,0
0.0899102,0.0718199,0.115705,0
0.0833191,0.0926268,0.112875,0
0.0702303,0.109862,0.10814,0
0.0976556,0.111154,0.0789681,0
0.102302,0.0813452,0.107321,0
0.107856,0.108257,0.115689,0
0.10833,0.111961,0.110228,0
0.0605831,0.0731321,0.0490102,0
0.0604904,0.098502,0.142002,0
0.110872,0.0730207,0.117995,0
0.105251,0.11119,0.10817,0
0.084772,0.102869,0.124592,0
0.106494,0.0576742,0.114932,0
0.11223,0.0843334,0.0839428,0
0.0512496,0.0285714,0.175829,0
0.101251,0.0916525,0.0713726,0
0.108557,0.102998,0.0889197,0
0.0945698,0.0619966,0.0691293,0
0.0688277,0.0849413,0.124488,0
0.0946527,0.0694412,0.0935458,0
0.109745,0.10897,0.115673,0
0.0834088,0.0744374,0.125675,0
0.10982,0.110576,0.110612,0
0.0935469,0.101806,0.0972358,0
0.107371,0.105345,0.116022,0
0.103901,0.101568,0.138079,0
0.109067,0.10852,0.108704,0
0.0803244,0.0545084,0.0878484,0
0.0739833,0.104533,0.152746,0
0.0949903,0.0883355,0.137506,0
0.0963333,0.104208,0.0363401,0
0.101475,0.107811,0.113639,0
0.101729,0.101591,0.0798822,0
0.0294758,0.0533526,0.095627,0
0.110642,0.111512,0.105741,0
0.0987952,0.0834202,0.109028,0
0.110912,0.106853,0.102594,0
0.0773196,0.0674665,0.0906325,0
0.106971,0.0878308,0.0610103,0
0.105602,0.103886,0.110943,0
0.111447,0.105537,0.117412,0
0.107178,0.106842,0.114498,0
0.11235,0.101422,0.0886458,0
0.112199,0.0898913,0.146848,0
0.105997,0.110865,0.107391,0
0.11125,0.112181,0.106053,0
0.108749,0.108991,0.111117,0
0.112605,0.0906232,0.0824842,0
0.100265,0.108611,0.113919,0
0.107312,0.111571,0.10706,0
0.111872,0.078845,0.102687,0
0.107594,0.10691,0.113198,0
0.106481,0.109948,0.113155,0
0.111866,0.110076,0.109867,0
0.110892,0.124369,0.134769,1
0.114267,0.113233,0.100213,1
0.111639,0.113217,0.113844,1
0.121118,0.138745,0.12611,1
0.112714,0.120879,0.132152,1
0.112552,0.114562,0.107701,1
0.117155,0.143843,0.0595472,1
0.12432,0.140748,0.129359,1
0.133944,0.152779,0.0878187,1
0.163091,0.124843,0.0943888,1
0.12392,0.124608,0.134225,1
0.126532,0.123767,0.141546,1
0.14389,0.128943,0.113155,1
0.113231,0.157125,0.103574,1
0.129323,0.113306,0.135547,1
0.157035,0.119288,0.123641,1
0.124467,0.151191,0.087501,1
0.110141,0.150134,0.110743,1
0.114463,0.117453,0.111578,1
0.131042,0.151759,0.0985163,1
0.114156,0.114934,0.106753,1
0.11982,0.147358,0.112417,1
0.158729,0.136537,0.110373,1
0.137045,0.114726,0.1079,1
0.11987,0.138707,0.118355,1
0.152461,0.141938,0.0719259,1
0.207903,0.11651,0.143314,1
0.112563,0.118752,0.0849176,1
0.127898,0.141633,0.0775023,1
0.12939,0.161343,0.112294,1
0.193242,0.118649,0.128015,1
0.140251,0.119151,0.157598,1
0.113477,0.116116,0.111291,1
0.167271,0.127005,0.069676,1
0.147866,0.142124,0.128254,1
0.113457,0.113752,0.114761,1
0.132541,0.138772,0.109315,1
0.152262,0.150007,0.126616,1
0.129436,0.12465,0.103974,1
0.135291,0.112478,0.131455,1
0.140171,0.119312,0.106944,1
0.113267,0.150529,0.12026,1
0.118853,0.142863,0.106196,1
0.124297,0.135493,0.125418,1
0.123928,0.120383,0.0502609,1
0.113466,0.115779,0.11199,1
0.120174,0.159514,0.173858,1
0.130774,0.122801,0.0948524,1
0.166238,0.182739,0.119261,1
0.113134,0.144996,0.150636,1
0.127165,0.151052,0.0980632,1
0.143968,0.1282,0.142843,1
0.136919,0.116028,0.109072,1
0.136679,0.112479,0.148657,1
0.140258,0.164655,0.127966,1
0.121787,0.140954,0.128622,1
0.113465,0.117171,0.105793,1
0.13589,0.124628,0.0966258,1
0.125651,0.128044,0.221781,1
0.130392,0.126327,0.215504,1
0.116622,0.134287,0.0137511,1
0.12829,0.144124,0.118224,1
0.133511,0.116152,0.14515,1
0.136016,0.115748,0.113747,1
0.12786,0.11952,0.11901,1
0.112691,0.133453,0.133909,1
0.133799,0.167217,0.118971,1
0.134431,0.119521,0.0752168,1
0.208908,0.187225,0.173618,1
0.154884,0.114332,0.122371,1
0.123701,0.122892,0.0785234,1
0.131949,0.13209,0.0774825,1
0.115942,0.125107,0.109892,1
0.159489,0.115475,0.123106,1
0.113196,0.121346,0.103314,1
0.134454,0.136163,0.102119,1
0.131858,0.114293,0.096953,1
0.112193,0.11337,0.113017,1
0.144779,0.113254,0.1087,1
0.112045,0.121622,0.102138,1
0.111695,0.131035,0.109708,1
0.127798,0.117143,0.131031,1
0.127132,0.112585,0.109705,1
0.114131,0.119997,0.104535,1
0.1514,0.13723,0.103193,1
0.113324,0.182615,0.156616,1
0.113292,0.114057,0.116632,1
0.118544,0.121145,0.0595316,1
0.114261,0.115222,0.11107,1
0.114107,0.114842,0.146143,1
0.133632,0.119333,0.112086,1
0.13817,0.135824,0.105708,1
0.113107,0.11566,0.111538,1
0.113907,0.113191,0.110314,1
0.110856,0.148588,0.130819,1
0.11306,0.11408,0.109936,1
0.11058,0.12823,0.111142,1
0.120769,0.144795,0.110981,1
0.116706,0.123702,0.0555017,1
0.117389,0.121229,0.103264,1
0.121799,0.144286,0.101087,1
0.113253,0.122893,0.0702133,1
0.111869,0.12077,0.110363,1
0.115269,0.116777,0.115757,1
0.11322,0.120496,0.101926,1
0.140803,0.113304,0.112605,1
0.116083,0.131301,0.0184718,1
0.110701,0.11982,0.113072,1
0.114256,0.115158,0.109023,1
0.112533,0.132825,0.169352,1
0.129012,0.222299,0.108656,1
0.126401,0.132573,0.0961297,1
0.110362,0.114364,0.114769,1
0.110632,0.118495,0.107818,1
0.113348,0.13647,0.106716,1
0.144609,0.11262,0.113343,1
0.114515,0.152996,0.134483,1
0.112667,0.113758,0.114985,1
0.116284,0.117175,0.104867,1
0.11606,0.11593,0.115487,1
0.113615,0.118852,0.108161,1
0.113988,0.117431,0.105742,1
0.112177,0.114451,0.110828,1
0.112556,0.112861,0.0727316,1
0.114716,0.117775,0.113018,1
0.112611,0.116201,0.110388,1
0.123713,0.113323,0.159821,1
0.116291,0.11292,0.11531,1
0.112546,0.120015,0.112777,1
0.11349,0.113086,0.109679,1
0.115342,0.117976,0.105362,1
0.111575,0.120149,0.110229,1
0.110451,0.113524,0.11365,1
0.110065,0.119128,0.109026,1
0.107915,0.118221,0.111236,2
0.108236,0.12586,0.122996,2
0.088245,0.152796,0.122311,2
0.105266,0.169593,0.12348,2
0.0832391,0.126354,0.112477,2
0.107352,0.119654,0.104258,2
0.109302,0.120126,0.111281,2
0.108545,0.146615,0.149689,2
0.0930755,0.134809,0.0682362,2
0.10911,0.116275,0.107141,2
0.10858,0.115337,0.108886,2
0.0960154,0.127185,0.127539,2
0.109469,0.131706,0.126749,2
0.0923793,0.127234,0.114069,2
0.0844055,0.146658,0.11959,2
0.035627,0.118386,0.155318,2
0.0849431,0.12259,0.0847842,2
0.0937534,0.118421,0.105483,2
0.10093,0.14404,0.131504,2
0.106253,0.115432,0.111841,2
0.0711155,0.135124,0.154591,2
0.10963,0.113876,0.103708,2
0.0900503,0.140108,0.117456,2
0.0921279,0.130118,0.0634402,2
0.105312,0.155401,0.134472,2
0.0868602,0.120395,0.132683,2
0.107271,0.126343,0.0930968,2
0.101766,0.144249,0.131311,2
0.108334,0.118966,0.111383,2
0.105532,0.113812,0.105953,2
0.102185,0.148249,0.135025,2
0.104373,0.114833,0.107641,2
0.0952914,0.11427,0.0634739,2
0.0457126,0.150161,0.100007,2
0.0518239,0.12161,0.0837232,2
0.0942113,0.113282,0.106968,2
0.108028,0.115572,0.111822,2
0.0381931,0.119988,0.0953515,2
0.100412,0.146277,0.122753,2
0.104239,0.127069,0.069267,2
0.0706188,0.115073,0.137676,2
0.101595,0.21049,0.122882,2
0.108579,0.118344,0.109005,2
0.0768172,0.148573,0.160397,2
0.0914403,0.122483,0.0900966,2
0.0868604,0.145105,0.0535862,2
0.042348,0.158053,0.0764601,2
0.107482,0.121441,0.106686,2
0.106459,0.133909,0.101743,2
0.0829596,0.144674,0.115587,2
0.0859709,0.123205,0.131908,2
0.102113,0.149672,0.128801,2
0.0912997,0.133624,0.0706908,2
0.0832728,0.126355,0.129196,2
0.107821,0.151294,0.133647,2
0.0793263,0.13052,0.100194,2
0.100274,0.147602,0.136919,2
0.0883248,0.123403,0.135399,2
0.10903,0.121123,0.114062,2
0.105451,0.115496,0.113417,2
0.102971,0.112425,0.106508,2
0.107286,0.15193,0.0869393,2
0.0927242,0.119339,0.0835616,2
0.101494,0.1145,0.10721,2
0.10961,0.115915,0.115625,2
0.108292,0.115803,0.104099,2
0.0900717,0.1856,0.0805663,2
0.104097,0.115027,0.1058,2
0.0808497,0.136368,0.114123,2
0.0742456,0.124538,0.0861721,2
0.1045,0.114003,0.106114,2
0.0852621,0.143105,0.0726803,2
0.102651,0.155783,0.125093,2
0.0938935,0.121224,0.131366,2
0.101451,0.122808,0.0898049,2
0.094107,0.118217,0.0871671,2
0.106102,0.113743,0.115228,2
0.0717906,0.119676,0.130946,2
0.0422441,0.124945,0.09339,2
0.0845719,0.144148,0.100779,2
0.103063,0.138851,0.101813,2
0.10362,0.141589,0.0979827,2
0.0702364,0.134096,0.0685919,2
0.105857,0.115638,0.113679,2
0.0996505,0.148677,0.130655,2
0.0995148,0.113341,0.109969,2
0.0461879,0.126896,0.119646,2
0.107609,0.114866,0.112168,2
0.0670741,0.149447,0.117687,2
0.0665893,0.125286,0.105541,2
0.0942552,0.127342,0.0876876,2
0.107563,0.121229,0.102611,2
0.105244,0.146934,0.128503,2
0.093825,0.133251,0.105748,2
0.075922,0.118834,0.0135837,2
0.108408,0.11218,0.113229,2
0.108297,0.122379,0.111976,2
0.0906073,0.12494,0.104228,2
0.0725311,0.128895,0.102327,2
0.109454,0.113786,0.115567,2
0.0337524,0.165067,0.172837,2
0.0930577,0.220342,0.164691,2
0.108121,0.113476,0.111752,2
0.107174,0.11366,0.109547,2
0.1086,0.117006,0.110666,2
0.0918749,0.127147,0.0250841,2
0.0997955,0.116978,0.124396,2
0.0973743,0.143421,0.138296,2
0.0780442,0.132555,0.0796643,2
0.0996375,0.138684,0.105218,2
0.0911955,0.120326,0.0352519,2
0.100732,0.117808,0.107994,2
0.10522,0.120097,0.11519,2
0.106842,0.116953,0.107599,2
0.0987659,0.122068,0.108879,2
0.107755,0.117372,0.116088,2
0.107096,0.115418,0.113581,2
0.105949,0.112946,0.112891,2
0.109726,0.142698,0.112115,2
0.104281,0.12016,0.106425,2
0.106811,0.113719,0.11096,2
0.106185,0.112746,0.109231,2
0.10914,0.112824,0.109246,2
0.103616,0.113169,0.107666,2
0.109081,0.112947,0.112021,2
0.109426,0.123365,0.109196,2
0.109404,0.119666,0.107942,2
0.109305,0.116914,0.10596,2
0.159564,0.0883524,0.174927,3
0.116669,0.0982342,0.0938718,3
0.125485,0.0784419,0.0932279,3
0.125879,0.0983304,0.139479,3
0.172702,0.10365,0.105564,3
0.124676,0.111292,0.0954685,3
0.121083,0.0942025,0.0739631,3
0.169593,0.0401339,0.166078,3
0.17531,0.088951,0.0600981,3
0.121831,0.0759629,0.186943,3
0.136126,0.110708,0.0638238,3
0.12753,0.108031,0.135821,3
0.130902,0.106936,0.112519,3
0.11812,0.11099,0.112644,3
0.138813,0.0803996,0.134252,3
0.152434,0.0685487,0.0904406,3
0.123637,0.105057,0.0673034,3
0.117643,0.111287,0.113594,3
0.130092,0.104402,0.113917,3
0.120547,0.109673,0.109549,3
0.115682,0.0943489,0.0837204,3
0.123335,0.0975042,0.150693,3
0.114694,0.102567,0.105638,3
0.11891,0.0847514,0.100504,3
0.133161,0.074426,0.0934658,3
0.134163,0.0474482,0.145035,3
0.125569,0.090454,0.15572,3
0.116486,0.0908676,0.081217,3
0.14202,0.0798624,0.131202,3
0.120733,0.0980224,0.10357,3
0.113989,0.0718164,0.112073,3
0.121203,0.0858775,0.0913399,3
0.114086,0.112154,0.105976,3
0.124853,0.103431,0.136555,3
0.115985,0.0902532,0.0712574,3
0.118446,0.090671,0.181732,3
0.138885,0.0759728,0.158449,3
0.134521,0.107982,0.0813841,3
0.116747,0.0888081,0.105634,3
0.119398,0.086663,0.0826451,3
0.137317,0.104797,0.117404,3
0.116412,0.0835282,0.12459,3
0.124002,0.0695579,0.0826977,3
0.117011,0.0792003,0.118615,3
0.117659,0.0314958,0.165875,3
0.122422,0.102995,0.0783081,3
0.128917,0.0894719,0.138434,3
0.128623,0.0973488,0.138215,3
0.155284,0.0742189,0.142608,3
0.147442,0.0894344,0.117848,3
0.121372,0.088641,0.0902528,3
0.119185,0.105503,0.115246,3
0.115525,0.10849,0.102798,3
0.12243,0.100179,0.128831,3
0.119065,0.0907896,0.0799018,3
0.144541,0.0847301,0.0836988,3
0.144848,0.111475,0.0611615,3
0.150257,0.0884195,0.129777,3
0.126502,0.0855858,0.0861644,3
0.128606,0.108812,0.13623,3
0.198111,0.0404679,0.127021,3
0.147437,0.105925,0.167204,3
0.16684,0.08318,0.0899966,3
0.130069,0.0786599,0.182564,3
0.154262,0.112357,0.0845251,3
0.118197,0.10951,0.110647,3
0.128856,0.100783,0.133147,3
0.136677,0.0831569,0.161893,3
0.125571,0.0994909,0.149926,3
0.117214,0.0839495,0.0987029,3
0.140971,0.0803477,0.119272,3
0.141096,0.0808308,0.130097,3
0.131656,0.104525,0.0798808,3
0.122376,0.0995954,0.0752925,3
0.138892,0.106653,0.148727,3
0.122273,0.0859636,0.158404,3
0.139569,0.0781267,0.167326,3
0.14151,0.0898922,0.111489,3
0.1721,0.104076,0.109877,3
0.137844,0.105899,0.143565,3
0.124357,0.0915665,0.153077,3
0.129981,0.0852631,0.0997949,3
0.127902,0.0944049,0.0552509,3
0.136367,0.10372,0.079107,3
0.125584,0.110318,0.158218,3
0.123811,0.0994206,0.0497555,3
0.13351,0.0541734,0.108607,3
0.141519,0.0323213,0.10401,3
0.132221,0.0822564,0.0406153,3
0.13529,0.111514,0.110461,3
0.125988,0.107838,0.126385,3
0.122974,0.0772463,0.0906524,3
0.183647,0.106662,0.105182,3
0.123381,0.0706067,0.120159,3
0.138831,0.109035,0.106598,3
0.114892,0.0761466,0.109241,3
0.125443,0.069337,0.149971,3
0.114297,0.111894,0.114361,3
0.143693,0.0713852,0.0967202,3
0.128554,0.0973337,0.0630622,3
0.121045,0.101593,0.0797871,3
0.180498,0.0689757,0.086933,3
0.12855,0.0880089,0.0959259,3
0.113332,0.110503,0.11568,3
0.114458,0.111903,0.107535,3
