x coord,y coord,z coord,rank
0.120964,0.0108089,0.219733,0
0.158577,0.010956,0.126348,0
0.0679649,0.0888656,0.194801,0
0.184455,0.0915727,0.114901,0
0.0546837,0.0274129,0.141542,0
0.189216,0.0881462,0.0982397,0
0.000199446,0.0218605,0.133811,0
0.0545519,0.0648547,0.0987498,0
0.181669,0.0919758,0.112913,0
0.155914,0.107993,0.156293,0
0.144908,0.070377,0.157282,0
0.131961,0.0706104,0.176807,0
0.102274,0.11061,0.168985,0
0.0850742,0.095316,0.156729,0
0.211558,0.103282,0.109856,0
0.00354003,0.0136636,0.146061,0
0.0826624,0.0191243,0.223326,0
0.0715002,0.037647,0.150333,0
0.111001,0.0828691,0.190033,0
0.150949,0.0245783,0.124628,0
0.0166265,0.0698894,0.221753,0
0.173608,0.0528129,0.187514,0
0.0636962,0.0628359,0.156275,0
0.0794946,0.0661841,0.150681,0
0.0509423,0.0566183,0.221319,0
0.0912436,0.0115753,0.103528,0
0.195437,0.0147127,0.099953,0
0.0790821,0.00898003,0.168224,0
0.0861231,0.0843146,0.196001,0
0.129342,0.0243592,0.176871,0
0.136584,0.0610394,0.200948,0
0.137657,0.0263576,0.139827,0
0.0257587,0.0470533,0.124904,0
0.150549,0.030362,0.104905,0
0.105681,0.0392425,0.205641,0
0.0561749,0.0673514,0.22295,0
0.0200541,0.0825439,0.114865,0
0.0815406,0.0664258,0.155639,0
0.0372423,0.0224792,0.187631,0
0.0962782,0.0072621,0.178601,0
0.0850038,0.0521475,0.202362,0
0.00817398,0.0304516,0.150233,0
0.16259,0.0789572,0.149442,0
0.052313,0.106329,0.136345,0
0.0834044,0.100852,0.201132,0
0.0816378,0.00947255,0.17229,0
0.206465,0.0841714,0.212429,0
0.219276,0.0650956,0.221051,0
0.199669,0.104833,0.178573,0
0.0478072,0.0276686,0.160135,0
0.1659,0.00243727,0.18687,0
0.196484,0.00128143,0.138519,0
0.132465,0.0988665,0.222495,0
0.00436439,0.0755535,0.180864,0
0.102721,0.048441,0.196109,0
0.185554,0.0128023,0.181352,0
0.0157263,0.0523331,0.17783,0
0.123588,0.106268,0.165025,0
0.125642,0.0506565,0.130562,0
0.126399,0.0931952,0.152665,0
0.187309,0.0669716,0.220094,0
0.159291,0.0136625,0.110758,0
0.0486931,0.0416531,0.203182,0
0.0985744,0.0952409,0.102573,0
0.186541,0.00206652,0.10136,0
0.0393015,0.0472555,0.215144,0
0.0436179,0.105522,0.113413,0
0.205382,0.0117419,0.097773,0
0.128422,0.00391643,0.186251,0
0.187599,0.0262658,0.142031,0
0.0142749,0.0819521,0.186336,0
0.126064,0.0668096,0.14814,0
0.0580616,0.00275232,0.128952,0
0.16541,0.100761,0.212802,0
0.137103,0.0554586,0.142308,0
0.215456,0.0451164,0.128686,0
0.138067,0.0750934,0.144568,0
0.175333,0.0578337,0.124065,0
0.154197,0.0523102,0.210927,0
0.0840021,0.0871483,0.131316,0
0.200056,0.0402154,0.147871,0
0.00398425,0.0552995,0.212028,0
0.189708,0.00985097,0.113594,0
0.174981,0.00460299,0.164475,0
0.067014,0.0125123,0.193375,0
0.0773394,0.0584328,0.222265,0
0.217089,0.0768788,0.196703,0
0.00243501,0.0455342,0.222334,0
0.0444486,0.0622818,0.152062,0
0.00142312,0.0388381,0.104839,0
0.180998,0.0533847,0.172091,0
0.22232,0.0269913,0.181483,0
0.00634587,0.0541142,0.221447,0
0.0936479,0.0884568,0.17902,0
0.0199748,0.00287138,0.109459,0
0.170731,0.0558422,0.152499,0
0.0549728,0.101046,0.161637,0
0.0603455,0.0214672,0.223369,0
0.104276,0.037551,0.180802,0
0.172882,0.0138874,0.126996,0
0.201685,0.0658458,0.149369,0
0.114033,0.0104576,0.100552,0
0.0915275,0.022176,0.122797,0
0.0295532,0.0189462,0.102223,0
0.0906095,0.0698023,0.218957,0
0.178123,0.0077111,0.114845,0
0.130643,0.0219996,0.193454,0
0.206716,0.0599655,0.19449,0
0.039279,0.0130562,0.213806,0
0.203223,0.00183721,0.20101,0
0.0404394,0.0778146,0.220902,0
0.202615,0.0319141,0.102222,0
0.130756,0.0240371,0.203459,0
0.157177,0.0921452,0.153345,0
0.165634,0.113969,0.14985,0
0.182004,0.012055,0.144493,0
0.00390282,0.100019,0.120441,0
0.183084,0.0146359,0.218482,0
0.0798273,0.0199685,0.209598,0
0.212339,0.00676896,0.156678,0
0.215096,0.0869029,0.141809,0
0.0566595,0.0853432,0.215259,0
0.137549,0.0840113,0.141917,0
0.00246039,0.107252,0.119049,0
0.0706201,0.00879809,0.0986559,0
0.00786799,0.113392,0.104833,0
0.216917,0.0674789,0.096549,0
0.198678,0.0223973,0.0556248,1
0.0755544,0.0794031,0.0907747,1
0.192299,0.0520887,0.0111386,1
0.1976,0.0492948,0.00567692,1
0.113352,0.0526413,0.0726263,1
0.196324,0.0516615,0.0152634,1
0.0201452,0.0145753,0.0749698,1
0.126952,0.0218875,0.0867087,1
0.195154,0.051893,0.0129267,1
0.190112,0.0352867,0.0431915,1
0.173312,0.0330572,0.039151,1
0.0346729,0.0600134,0.079135,1
0.151601,0.00412625,0.0860601,1
0.0675038,0.0368933,0.0895874,1
0.193488,0.0505691,0.0121888,1
0.100425,0.0658768,0.0912582,1
0.12586,0.0052247,0.0416148,1
0.100928,0.0759545,0.0956398,1
0.19363,0.0531323,0.0103759,1
0.200222,0.0504284,0.0152113,1
0.198434,0.0478661,0.0136807,1
0.137894,0.088764,0.0178468,1
0.0462958,0.0368881,0.00558311,1
0.114208,0.00746824,0.0767701,1
0.0420793,0.00569111,0.0943064,1
0.0891157,0.0433994,0.0853042,1
0.195887,0.0499826,0.00933638,1
0.132043,0.0219377,0.0561971,1
0.134508,0.0373875,0.0522442,1
0.199084,0.0664748,0.0732937,1
0.0964145,0.05188,0.0679783,1
0.00632598,0.030749,0.0869883,1
0.0217797,0.0632286,0.0784331,1
0.0170816,0.0394788,0.0167338,1
0.199257,0.0492656,0.0043962,1
0.194734,0.0469642,0.0106739,1
0.00424859,0.0786175,0.0081269,1
0.0743832,0.052192,0.0466526,1
0.160588,0.0888404,0.072332,1
0.19921,0.0525185,0.0122415,1
0.202319,0.0510384,0.00979565,1
0.0894807,0.00147496,0.0670787,1
0.191534,0.0479482,0.027889,1
0.0774883,0.0723461,0.0277356,1
0.222311,0.0647277,0.08942,1
0.196094,0.056316,0.0126657,1
0.0521755,0.0233205,0.0230876,1
0.196982,0.0507067,0.00727498,1
0.193018,0.0545149,0.0172979,1
0.16305,0.0156685,0.0453904,1
0.212651,0.00599155,0.041013,1
0.0906132,0.0619243,0.0722689,1
0.0960565,0.0229998,0.0657339,1
0.0572079,0.0477714,0.0463544,1
0.00853427,0.0859547,0.0816335,1
0.200338,0.05261,0.00611531,1
0.157115,0.0184738,0.0838892,1
0.197924,0.0535718,0.0126504,1
0.124371,0.017418,0.0256793,1
0.092433,0.00655135,0.0203256,1
0.0811841,0.0832837,0.0123424,1
0.0478229,0.00427669,0.0301035,1
0.196733,0.0516241,0.00619087,1
0.196701,0.0490429,0.00765385,1
0.040419,0.0864965,0.0552139,1
0.193971,0.0523224,0.0159829,1
0.118817,0.0657901,0.0636625,1
0.0421973,0.0380243,0.0143083,1
0.160207,0.0364093,0.0193984,1
0.0571519,0.0355488,0.0377316,1
0.19728,0.0529002,0.00994622,1
0.000517626,0.0587863,0.0493415,1
0.201881,0.0502279,0.0101556,1
0.192102,0.0627268,0.0249353,1
0.168785,0.021321,0.00186524,1
0.0904673,0.0303886,0.0555758,1
0.193359,0.0502768,0.0134762,1
0.0663746,0.045673,0.0865886,1
0.100228,0.0456649,0.0311169,1
0.194107,0.0462982,0.0141312,1
0.0866881,0.062309,0.0535283,1
0.036359,0.039801,0.0344983,1
0.195927,0.0459387,0.0120137,1
0.187277,0.0812305,0.0313868,1
0.12215,0.00189693,0.0562379,1
0.193919,0.0531586,0.00912658,1
0.19501,0.0512093,0.01118,1
0.141532,0.0579028,0.0192861,1
0.198783,0.0526819,0.0137089,1
0.158919,0.0146668,0.0175525,1
0.0142349,0.013044,0.0253257,1
0.00725771,0.00125075,0.0216497,1
0.192622,0.054696,0.012419,1
0.149303,0.0720334,0.0221323,1
0.0805598,0.0274487,0.0738159,1
0.199834,0.0489001,0.0053569,1
0.0506441,0.0522573,0.0606779,1
0.197553,0.0557072,0.0112254,1
0.0676414,0.0883758,0.0240353,1
0.020323,0.0823674,0.000277051,1
0.191687,0.0543893,0.00829761,1
0.17274,0.0384197,0.0372646,1
0.192635,0.053615,0.0100723,1
0.19374,0.0514503,0.0125744,1
0.193759,0.0478155,0.0126748,1
0.0589942,0.0367467,0.0335462,1
0.19729,0.0483001,0.0142828,1
0.196521,0.0534657,0.00985668,1
0.192622,0.0522747,0.00822321,1
0.196113,0.0509708,0.011865,1
0.189801,0.0399226,0.0318559,1
0.147774,0.0416423,0.0158509,1
0.125918,0.0486639,0.0316237,1
0.219922,0.0743396,0.0417448,1
0.0303794,0.0161448,0.0541354,1
0.169265,0.0272364,0.0616544,1
0.199648,0.0501369,0.0931981,1
0.127144,0.0481984,0.091132,1
0.0750341,0.0148863,0.012037,1
0.176923,0.0906919,0.0730409,1
0.136659,0.0298804,0.0168637,1
0.14005,0.0865115,0.070281,1
0.0604647,0.00458109,0.0653526,1
0.166252,0.0849584,0.0926423,1
0.219615,0.136543,0.102021,2
0.0753114,0.171006,0.177512,2
0.08805,0.117349,0.210871,2
0.155864,0.195556,0.203363,2
0.198881,0.145259,0.102123,2
0.189667,0.131289,0.173417,2
0.125029,0.15975,0.133779,2
0.132547,0.158356,0.218042,2
0.197618,0.216765,0.117153,2
0.119087,0.16324,0.216844,2
0.118729,0.11862,0.0989435,2
0.1688,0.179844,0.171746,2
0.172202,0.11702,0.100646,2
0.191286,0.168796,0.172663,2
0.202946,0.135044,0.106659,2
0.14705,0.189864,0.100214,2
0.178205,0.157701,0.165107,2
0.0317474,0.209493,0.156209,2
0.0273865,0.193485,0.114267,2
0.20417,0.19778,0.117471,2
0.0648142,0.210933,0.15583,2
0.0769875,0.148789,0.143271,2
0.0634029,0.11738,0.218411,2
0.211324,0.116485,0.103497,2
0.146289,0.211897,0.205751,2
0.0485697,0.195679,0.168472,2
0.163931,0.189151,0.175278,2
0.0260183,0.189933,0.163797,2
0.174136,0.120837,0.188196,2
0.059264,0.128583,0.151064,2
0.143419,0.138633,0.147848,2
0.163505,0.184892,0.22273,2
0.223313,0.168529,0.17203,2
0.077598,0.15268,0.165872,2
0.0286014,0.15839,0.130135,2
0.204752,0.128836,0.189422,2
0.115224,0.122481,0.14238,2
0.108696,0.1227,0.147154,2
0.0818379,0.22003,0.119367,2
0.0429601,0.200786,0.150275,2
0.030791,0.166341,0.203331,2
0.0649936,0.117479,0.218612,2
0.130974,0.196744,0.221436,2
0.125847,0.147423,0.104276,2
0.136518,0.121824,0.177312,2
0.218671,0.135755,0.186301,2
0.0897398,0.178952,0.130571,2
0.122848,0.184014,0.184765,2
0.00390688,0.196997,0.12323,2
0.135271,0.1571,0.191294,2
0.00550177,0.152144,0.200727,2
0.132622,0.18551,0.192932,2
0.0721802,0.216253,0.142597,2
0.139388,0.210912,0.210619,2
0.168971,0.179915,0.154517,2
0.126151,0.17361,0.191406,2
0.119409,0.170308,0.192103,2
0.173132,0.144157,0.147877,2
0.0853968,0.213422,0.185819,2
0.221534,0.124897,0.132628,2
0.0620272,0.206029,0.10628,2
0.0116068,0.125682,0.209412,2
0.118113,0.140111,0.114144,2
0.125758,0.160505,0.206714,2
0.0449149,0.190419,0.148786,2
0.0571837,0.217079,0.173038,2
0.167299,0.163033,0.158404,2
0.0926284,0.14721,0.117296,2
0.00877631,0.175876,0.123884,2
0.21975,0.146265,0.177626,2
0.203085,0.126495,0.200491,2
0.116975,0.201869,0.130272,2
0.118891,0.144969,0.189396,2
0.185461,0.179277,0.14687,2
0.133313,0.219278,0.209412,2
0.0538488,0.121708,0.112913,2
0.166317,0.210269,0.130029,2
0.025231,0.195906,0.127666,2
0.101288,0.137285,0.190996,2
0.160728,0.127852,0.180329,2
0.108727,0.209869,0.202725,2
0.167662,0.14428,0.109841,2
0.0958542,0.217772,0.158752,2
0.143247,0.200923,0.187814,2
0.170504,0.171968,0.174027,2
0.141615,0.202494,0.18908,2
0.0301977,0.174352,0.222325,2
0.11505,0.152797,0.105494,2
0.0953969,0.117654,0.204894,2
0.12728,0.167262,0.195014,2
0.163652,0.118562,0.123507,2
0.136459,0.138757,0.125716,2
0.0399906,0.141556,0.190423,2
0.0464184,0.162188,0.193143,2
0.0664919,0.129844,0.18032,2
0.00443106,0.122535,0.188076,2
0.0194628,0.129365,0.157778,2
0.0333929,0.224508,0.119849,2
0.0933216,0.215237,0.148413,2
0.0842422,0.203847,0.184483,2
0.150556,0.186053,0.149658,2
0.0225271,0.163063,0.181562,2
0.139231,0.204259,0.190215,2
0.156537,0.123213,0.14009,2
0.0514691,0.135498,0.208169,2
0.0670731,0.210376,0.158119,2
0.00207696,0.18485,0.18775,2
0.123814,0.131532,0.133111,2
0.113978,0.163211,0.117023,2
0.118766,0.22483,0.21047,2
0.0791652,0.118097,0.155411,2
0.0510337,0.218613,0.0998578,2
0.0196345,0.180757,0.121268,2
0.183007,0.192224,0.208329,2
0.119627,0.210173,0.141448,2
0.1549,0.224858,0.205003,2
0.197168,0.123324,0.100456,2
0.0707017,0.220736,0.0988135,2
0.213368,0.223992,0.129342,2
0.111165,0.210661,0.208622,2
0.115517,0.206661,0.102522,2
0.174846,0.157685,0.120815,2
0.0989888,0.212446,0.10275,2
0.0626708,0.130479,0.116761,2
0.0956889,0.114566,0.186074,2
0.0467817,0.0925421,0.0177901,3
0.0777469,0.0983225,0.0503359,3
0.106765,0.126152,0.00955031,3
0.163545,0.203018,0.0706337,3
0.0278419,0.129449,0.0475503,3
0.00217154,0.141259,0.0892471,3
0.0186402,0.186989,0.0322432,3
0.0561529,0.202666,0.0767865,3
0.154298,0.14328,0.00425419,3
0.136921,0.101036,0.0832042,3
0.0916492,0.103137,0.0165631,3
0.124215,0.153603,0.058794,3
0.0210662,0.108665,0.0714246,3
0.135105,0.189674,0.0451212,3
0.12415,0.223471,0.0185777,3
0.157646,0.103229,0.0316982,3
0.21868,0.10727,0.0506268,3
0.0213798,0.0998071,0.0674329,3
0.18542,0.145129,0.0931427,3
0.091483,0.17062,0.0815095,3
0.106562,0.1403,0.0293293,3
0.152493,0.176663,0.0497945,3
0.188057,0.20028,0.0133688,3
0.178651,0.215873,0.0348892,3
0.113866,0.136139,0.02113,3
0.196444,0.164846,0.0213115,3
0.173308,0.132247,0.0190774,3
0.101858,0.216618,0.0432664,3
0.145865,0.0974389,0.0138561,3
0.183214,0.213719,0.00816286,3
0.120642,0.181586,0.0250682,3
0.130846,0.188862,0.00280771,3
0.139238,0.137806,0.0910572,3
0.0229874,0.15155,0.04907,3
0.123864,0.0934852,0.0771882,3
0.116325,0.100572,0.0741416,3
0.0592117,0.172146,0.00239907,3
0.0930032,0.187555,0.0345855,3
0.19582,0.125471,0.0341251,3
0.0790676,0.127456,0.0271594,3
0.126447,0.159036,0.0219704,3
0.00978784,0.223263,0.00754483,3
0.216899,0.0970131,0.0047759,3
0.213264,0.198543,0.0144334,3
0.187632,0.0944063,0.0220055,3
0.0024596,0.183131,0.0423054,3
0.00281295,0.144519,0.0404235,3
0.0513386,0.152751,0.0322369,3
0.00189531,0.0945938,0.0647527,3
0.119418,0.214095,0.0739043,3
0.013309,0.21188,0.0395487,3
0.0565968,0.19875,0.0457025,3
0.180263,0.220927,0.0101475,3
0.212011,0.192569,0.0114346,3
0.0473967,0.152987,0.0219117,3
0.110842,0.125152,0.0925465,3
0.200926,0.141073,0.0881291,3
0.171103,0.142817,0.0893543,3
0.207397,0.199414,0.0695004,3
0.163297,0.101903,0.0274574,3
0.0753471,0.175985,0.0493606,3
0.159704,0.201568,0.0600244,3
0.0894582,0.15358,0.0383719,3
0.00950202,0.147302,0.0315302,3
0.0515316,0.177516,0.0288578,3
0.0201329,0.18056,0.0101448,3
0.183918,0.105538,0.0456805,3
0.189995,0.172322,0.0373763,3
0.17261,0.174789,0.0407451,3
0.0434171,0.177334,0.0270856,3
0.165242,0.133812,0.0228433,3
0.0564572,0.204535,0.0146921,3
0.16083,0.159944,0.0252056,3
0.0865997,0.207328,0.0951479,3
0.221205,0.209569,0.0625412,3
0.0939789,0.21137,0.0891882,3
0.1375,0.222171,0.0457974,3
0.128274,0.208047,0.042268,3
0.200103,0.20014,0.0309232,3
0.0913229,0.222813,0.0223029,3
0.0818176,0.193434,0.0234153,3
0.121743,0.102051,0.00170349,3
0.184566,0.223513,0.0890505,3
0.0992683,0.221835,0.0282344,3
0.0972591,0.14371,0.0729423,3
0.0784366,0.10329,0.0538059,3
0.0535728,0.120062,0.0716266,3
0.212294,0.110691,0.0557419,3
0.120038,0.119076,0.0041921,3
0.0821823,0.191931,0.00134185,3
0.00273897,0.142403,0.0543821,3
0.144552,0.149485,0.0271565,3
0.106659,0.168101,0.0362259,3
0.0503854,0.10242,0.0547442,3
0.196145,0.17005,0.0219844,3
0.0783483,0.212111,0.0760268,3
0.179583,0.209167,0.0612194,3
0.189524,0.123756,0.0174896,3
0.130755,0.0932791,0.0198727,3
0.126252,0.136218,0.00536793,3
0.130194,0.219169,0.0440745,3
0.187629,0.119542,0.0163414,3
0.221671,0.164623,0.0776511,3
0.215527,0.101384,0.020289,3
0.0928137,0.120598,0.0795399,3
0.0160161,0.10593,0.0186198,3
0.155799,0.175763,0.060324,3
0.0930084,0.129906,0.0919176,3
0.198952,0.157887,0.0576456,3
0.0112636,0.132982,0.077005,3
0.204721,0.112151,0.0457713,3
0.197863,0.126922,0.0536183,3
0.152993,0.127908,0.0154609,3
0.182054,0.123247,0.0138535,3
0.162481,0.173343,0.0170113,3
0.106776,0.171213,0.045119,3
0.190057,0.172641,0.0278983,3
0.194757,0.0965189,0.0614095,3
0.192659,0.137825,0.042629,3
0.127243,0.0961121,0.0794341,3
0.0766297,0.162914,0.0898157,3
0.0630195,0.103951,0.0790375,3
0.151461,0.193977,0.0961231,3
0.144848,0.216288,0.0959962,3
