x coord,y coord,z coord,rank
0.103668,0.032017,0.0150354,0
0.0601902,0.188829,0.0247881,0
0.12078,0.160034,0.0955687,0
0.0868768,0.124479,0.0432475,0
0.00209602,0.0193915,0.0920972,0
0.101297,0.0832271,0.0771303,0
0.0456364,0.182033,0.0108386,0
0.102695,0.0972578,0.0547598,0
0.107246,0.109625,0.0637088,0
0.124437,0.0897596,0.00526707,0
0.0143499,0.0914073,0.0555831,0
0.103408,0.0282471,0.0775938,0
0.100737,0.145616,0.0229161,0
0.0127556,0.0455365,0.0938471,0
0.0874963,0.119843,0.0221195,0
0.0994989,0.192784,0.0394745,0
0.0780667,0.21329,0.023115,0
0.114834,0.0110736,0.0723164,0
0.072505,0.187714,0.0380206,0
0.0481826,0.155409,0.0508324,0
0.00810504,0.147386,0.038192,0
0.00539027,0.0546236,0.0552195,0
0.0326831,0.0472354,0.0885514,0
0.0751993,0.0931803,0.0919359,0
0.0297162,0.215408,0.0870825,0
0.0356141,0.118204,0.05969,0
0.0329972,0.198386,0.0930879,0
0.0732376,0.0803122,0.0904551,0
0.109557,0.19925,0.0517134,0
0.0640912,0.136467,0.00275085,0
0.0467723,0.217647,0.0431446,0
0.0945591,0.0484014,0.014591,0
0.00959189,0.0305687,0.0503001,0
0.125311,0.161732,0.0570012,0
0.0128705,0.115593,0.0238634,0
0.0409319,0.163475,0.0917768,0
0.0941628,0.0309025,0.0636881,0
0.0152707,0.216367,0.0990108,0
0.103785,0.213035,0.0833904,0
0.0127105,0.0170684,0.0373076,0
0.0498774,0.0481954,0.0426114,0
0.0703893,0.0263447,0.0209636,0
0.078141,0.0508838,0.0544383,0
0.00836885,0.158556,0.029452,0
0.0758232,0.0169031,0.00987726,0
0.0144857,0.200662,0.0101311,0
0.0238687,0.0511146,0.0148807,0
0.00409651,0.0576737,0.0536039,0
0.00143961,0.0165205,0.0108083,0
0.0950778,0.203591,0.0889208,0
0.00647434,0.0826446,0.0714772,0
0.0726517,0.088036,0.0502728,0
0.0166724,0.0619237,0.00890653,0
0.0620859,0.074574,0.0746201,0
0.118681,0.0766838,0.0611297,0
0.0831773,0.0739678,0.0554386,0
0.0149274,0.172868,6.52914e-05,0
0.0208211,0.0552671,0.0971643,0
0.114814,0.0248671,0.0759966,0
0.0130976,0.062485,0.0168395,0
0.0998398,0.027301,0.0874298,0
0.0329889,0.152208,0.0347335,0
0.103845,0.0491879,0.0775954,0
0.00381421,0.17447,0.0190831,0
0.0279609,0.141591,0.0704678,0
0.0918585,0.0519827,0.0622279,0
0.106021,0.124686,0.0449805,0
0.10921,0.0548294,0.000636498,0
0.0261388,0.204446,0.0603291,0
0.0780195,0.0214681,0.0136722,0
0.0690513,0.180758,0.0614844,0
0.0493039,0.221292,0.00801166,0
0.0297295,0.17157,0.081598,0
0.0346075,0.219283,0.0232416,0
0.0887367,0.170307,0.000204807,0
0.0353166,0.0499266,0.0813204,0
0.0474368,0.0848124,0.0524931,0
0.0628554,0.217499,0.0555081,0
0.103774,0.206349,0.0936299,0
0.111431,0.0676564,0.0839662,0
0.12347,0.214965,0.0725253,0
0.0139867,0.139179,0.0448014,0
0.123927,0.0140508,0.0422855,0
0.113153,0.222682,0.0759881,0
0.0613682,0.0637171,0.0541851,0
0.102601,0.0903554,0.0727876,0
0.114248,0.159507,0.0620453,0
0.0384091,0.0445776,0.0808137,0
0.0764821,0.0448449,0.0675812,0
0.0459044,0.00424392,0.0377289,0
0.0743271,0.13817,0.0127515,0
0.0105907,0.117241,0.0871763,0
0.0057016,0.202681,0.0110707,0
0.112509,0.177884,0.0969318,0
0.0352877,0.112117,0.0808141,0
0.0674521,0.0799125,0.0542754,0
0.0580089,0.121132,0.0250413,0
0.0492754,0.141305,0.0268974,0
0.120729,0.126414,0.024688,0
0.024374,0.215256,0.0398406,0
0.0988126,0.0953571,0.0380647,0
0.0129438,0.184212,0.00825643,0
0.0352449,0.126603,0.000867545,0
0.032438,0.0466745,0.0462287,0
0.0258817,0.151038,0.0627858,0
0.0347054,0.023025,0.083018,0
0.0123569,0.21594,0.0336812,0
0.00182512,0.0965143,0.0618426,0
0.0427359,0.113591,0.025334,0
0.00457683,0.13678,0.0272829,0
0.107019,0.206624,0.0756083,0
0.0762734,0.212707,0.0098174,0
0.0510497,0.16157,0.0576012,0
0.0337172,0.224142,0.0240813,0
0.0813023,0.199314,0.0402976,0
0.0347172,0.218473,0.0850702,0
0.110594,0.114187,0.0630928,0
0.0852367,0.0139505,0.0792731,0
0.0703909,0.111865,0.0380853,0
0.108991,0.200572,0.00843359,0
0.0403606,0.138216,0.0938297,0
0.0463762,0.105899,0.09772,0
0.103096,0.113764,0.0640632,0
0.0771092,0.102444,0.0962035,0
0.0654518,0.199392,0.112842,1
0.0624174,0.10007,0.156995,1
0.0248532,0.186583,0.190374,1
0.097241,0.113408,0.156669,1
0.0567702,0.0869562,0.154292,1
0.0451985,0.207033,0.131825,1
0.0962919,0.0978252,0.119529,1
0.043218,0.164084,0.109398,1
0.0446744,0.116188,0.196097,1
0.0545114,0.182753,0.222282,1
0.0661547,0.180837,0.144111,1
0.0784974,0.0291429,0.187825,1
0.090561,0.0258577,0.219591,1
0.0668926,0.174544,0.117744,1
0.0416648,0.000216224,0.217,1
0.0695736,0.132187,0.145233,1
0.0913626,0.0211838,0.107199,1
0.0245129,0.00620545,0.157946,1
0.0327217,0.0774453,0.214852,1
0.0322343,0.0894317,0.131459,1
0.106353,0.0677251,0.13439,1
0.0570834,0.155712,0.14832,1
0.0153693,0.00182558,0.161081,1
0.00618098,0.188934,0.205194,1
0.0560365,0.126935,0.1111,1
0.0614933,0.223545,0.177193,1
0.0830643,0.00325598,0.136166,1
0.0656842,0.112105,0.180241,1
0.0803815,0.116779,0.175914,1
0.0981274,0.202746,0.11346,1
0.0181664,0.030522,0.135742,1
0.00561301,0.028103,0.21912,1
0.0924596,0.159449,0.132042,1
0.0269251,0.0846134,0.184738,1
0.0596789,0.0950656,0.191356,1
0.0323575,0.16187,0.188793,1
0.0969812,0.00817669,0.217409,1
0.0725591,0.0573727,0.118146,1
0.0222974,0.0790972,0.159906,1
0.0510025,0.143148,0.121864,1
0.0363354,0.132377,0.200056,1
0.00538005,0.116506,0.159556,1
0.03163,0.114978,0.190091,1
0.0519733,0.137415,0.20905,1
0.0806622,0.02896,0.159338,1
0.0735199,0.0456234,0.102869,1
0.0942077,0.0859119,0.137919,1
0.0126949,0.213877,0.100979,1
0.0330388,0.1009,0.125925,1
0.0607041,0.192466,0.200142,1
0.048851,0.115091,0.219308,1
0.0794996,0.0440497,0.142802,1
0.0940186,0.194946,0.213608,1
0.0587995,0.0949089,0.16131,1
0.0428583,0.2237,0.131752,1
0.0475143,0.0718572,0.155703,1
0.0576212,0.0870488,0.196788,1
0.0448047,0.100883,0.135085,1
0.0153453,0.205656,0.210784,1
0.0838689,0.0308103,0.108428,1
0.0399117,0.0650191,0.164471,1
0.0342703,0.211194,0.121688,1
0.0713582,0.174997,0.156233,1
0.0861509,0.0649563,0.200819,1
0.0507563,0.215382,0.159164,1
0.0555842,0.0449935,0.183714,1
0.0516139,0.0547132,0.161209,1
0.012853,0.0518201,0.153472,1
0.0312684,0.143202,0.178554,1
0.0937082,0.0776857,0.11963,1
0.0361297,0.0412195,0.214801,1
0.0180644,0.0363089,0.107969,1
0.0882289,0.0543991,0.184357,1
0.0553961,0.138393,0.213791,1
0.0310791,0.215815,0.201963,1
0.107699,0.0597996,0.13949,1
0.063736,0.135725,0.208233,1
0.0867526,0.095626,0.191388,1
0.0801441,0.132305,0.188686,1
0.0173366,0.140671,0.142725,1
0.0260283,0.115097,0.165402,1
0.0412498,0.0371881,0.180073,1
0.0536401,0.186678,0.180687,1
0.0259879,0.0702799,0.114745,1
0.0738561,0.0226842,0.14363,1
0.0759424,0.000249688,0.147746,1
0.0330697,0.177704,0.173336,1
0.042317,0.0561519,0.111375,1
0.0709405,0.076758,0.209686,1
0.0710752,0.177854,0.153673,1
0.0621821,0.13201,0.172557,1
0.0490843,0.186336,0.105285,1
0.053053,0.0679282,0.143072,1
0.0164235,0.185636,0.117476,1
0.0971557,0.00901047,0.13072,1
0.0646757,0.107578,0.210173,1
0.0144437,0.0463091,0.156078,1
0.101456,0.0894181,0.215815,1
0.100469,0.183578,0.212266,1
0.0694024,0.0540987,0.160932,1
0.0644378,0.13364,0.213566,1
0.0342082,0.149264,0.145423,1
0.0644573,0.120557,0.158044,1
0.0903298,0.0935773,0.1091,1
0.0155781,0.14021,0.192627,1
0.0967912,0.186396,0.10918,1
0.0577967,0.0456123,0.101888,1
0.0941137,0.147115,0.135007,1
0.0409557,0.011643,0.12704,1
0.10091,0.0305012,0.126291,1
0.0879353,0.164272,0.135064,1
0.025202,0.15683,0.149484,1
0.0800716,0.0532682,0.121685,1
0.0205019,0.123231,0.195537,1
0.0114638,0.0112668,0.107775,1
0.0747997,0.197717,0.105496,1
0.0712105,0.120971,0.160095,1
0.0577896,0.128126,0.211709,1
0.00986731,0.173742,0.196401,1
0.0378166,0.130365,0.155635,1
0.164191,0.123396,0.0123332,2
0.181789,0.10454,0.0768257,2
0.177232,0.0952801,0.079636,2
0.175616,0.102335,0.0814975,2
0.148722,0.0884912,0.0559102,2
0.160042,0.0582909,0.0253759,2
0.186347,0.0939693,0.0816048,2
0.173328,0.0994224,0.0809366,2
0.175238,0.0963209,0.0851195,2
0.173117,0.0863828,0.0526699,2
0.131658,0.0735143,0.0578092,2
0.173054,0.0997533,0.0875054,2
0.171962,0.0537632,0.0423943,2
0.204549,0.17468,0.0570228,2
0.22044,0.110042,0.0288334,2
0.200277,0.164341,0.042051,2
0.176109,0.128558,0.0463576,2
0.206318,0.167843,0.0628225,2
0.186615,0.142717,0.0292897,2
0.157648,0.104976,0.0852205,2
0.146984,0.137709,0.0488879,2
0.150239,0.0607921,0.0334383,2
0.158849,0.138248,0.0685113,2
0.171146,0.0995003,0.0832504,2
0.207691,0.0257699,0.0420686,2
0.149232,0.0532171,0.0782357,2
0.188985,0.0822159,0.0156841,2
0.138239,0.117795,0.0940534,2
0.178372,0.0976996,0.0875257,2
0.186969,0.156575,0.0165615,2
0.1987,0.224271,0.0574174,2
0.203811,0.113353,0.0178782,2
0.166513,0.208049,0.0816093,2
0.153569,0.0648876,0.0810211,2
0.146644,0.087083,0.0145866,2
0.170606,0.156491,0.0817613,2
0.221207,0.169698,0.0488272,2
0.149539,0.157388,0.000929733,2
0.135752,0.0183315,0.0800274,2
0.169076,0.112308,0.0536009,2
0.177977,0.0991802,0.0869127,2
0.190783,0.169152,0.0684321,2
0.176238,0.034419,0.0806863,2
0.169803,0.0967644,0.08165,2
0.208588,0.213611,0.0961228,2
0.193784,0.0539763,0.0843614,2
0.213741,0.136097,0.0462781,2
0.168155,0.151039,0.0375978,2
0.170641,0.0941441,0.0744976,2
0.196804,0.155348,0.0512734,2
0.148662,0.207419,0.0851934,2
0.185644,0.0539547,0.0727963,2
0.175026,0.0976789,0.0832431,2
0.204735,0.214795,0.0590939,2
0.138255,0.122438,0.021521,2
0.185517,0.214771,0.0159227,2
0.173894,0.100685,0.0803618,2
0.206727,0.09685,0.00890425,2
0.170476,0.166105,0.0299347,2
0.171534,0.101079,0.084129,2
0.180697,0.0982359,0.0801124,2
0.215495,0.183385,0.0377888,2
0.154672,0.0729133,0.0850829,2
0.134165,0.111508,0.00603394,2
0.18491,0.0620499,0.0839051,2
0.185978,0.0308042,0.0432736,2
0.217828,0.0131563,0.0643478,2
0.128459,0.103714,0.0669271,2
0.178355,0.0969176,0.0867651,2
0.175773,0.0988287,0.0855475,2
0.133245,0.00121282,0.087192,2
0.147312,0.105161,0.0676038,2
0.154271,0.185329,0.0619799,2
0.133045,0.190778,0.0134285,2
0.155419,0.0848422,0.0774939,2
0.222135,0.0279774,0.0320505,2
0.14639,0.125597,0.0856873,2
0.20941,0.0339569,0.0861414,2
0.173377,0.0949334,0.0803733,2
0.195093,0.100549,0.00582902,2
0.138457,0.0936391,0.0463035,2
0.178981,0.0959261,0.0866327,2
0.223688,0.10017,0.0478667,2
0.176086,0.0949454,0.0846203,2
0.191146,0.0214704,0.0172224,2
0.144205,0.142418,0.0560647,2
0.183558,0.0112368,0.0576192,2
0.179476,0.0975965,0.0863905,2
0.206181,0.122184,0.0527205,2
0.129118,0.221917,0.0796441,2
0.208556,0.109513,0.0035954,2
0.200902,0.0655005,0.0904156,2
0.159408,0.00619169,0.0578328,2
0.171532,0.0941452,0.0774827,2
0.147798,0.16038,0.042728,2
0.186169,0.0159759,0.0714276,2
0.172766,0.0970611,0.084609,2
0.174773,0.0993477,0.0847851,2
0.178124,0.102202,0.0818446,2
0.174035,0.0976477,0.0846808,2
0.175894,0.103433,0.081051,2
0.175884,0.0998415,0.0847159,2
0.172025,0.0943113,0.0833115,2
0.177786,0.102931,0.0822576,2
0.213932,0.0259121,0.0135694,2
0.176482,0.0982998,0.0804578,2
0.17327,0.101395,0.0872994,2
0.177678,0.0986442,0.0860912,2
0.176464,0.0969888,0.0866198,2
0.174544,0.0997092,0.0800223,2
0.181106,0.0966092,0.0812887,2
0.177287,0.0975994,0.0825684,2
0.173223,0.102792,0.0373194,2
0.179043,0.0958711,0.0818737,2
0.175347,0.0936869,0.0837961,2
0.172939,0.101265,0.0801113,2
0.151191,0.0323944,0.0936952,2
0.176068,0.100459,0.0846608,2
0.177742,0.0996192,0.086694,2
0.175965,0.0968841,0.0791903,2
0.175497,0.0953513,0.0891141,2
0.176423,0.0942205,0.0830461,2
0.182218,0.101206,0.0781955,2
0.183274,0.0974235,0.0741041,2
0.178744,0.0644426,0.0854634,2
0.126023,0.189414,0.0104354,2
0.21251,0.0157587,0.128184,3
0.108798,0.199269,0.209473,3
0.224235,0.0601709,0.217731,3
0.112084,0.159981,0.182842,3
0.149713,0.0696333,0.105858,3
0.166371,0.0784775,0.115732,3
0.121577,0.0505278,0.192986,3
0.145296,0.0874664,0.214222,3
0.129751,0.0935194,0.211846,3
0.140874,0.0859231,0.10731,3
0.148351,0.0513956,0.136626,3
0.211234,0.163177,0.205727,3
0.211809,0.0685794,0.185975,3
0.223919,0.00564862,0.169714,3
0.156728,0.0997632,0.103087,3
0.197902,0.0730203,0.151717,3
0.220035,0.0397379,0.174604,3
0.124653,0.224303,0.126512,3
0.157651,0.0898636,0.12242,3
0.153399,0.00799881,0.182712,3
0.158571,0.0792362,0.19949,3
0.210011,0.0183408,0.201555,3
0.180948,0.0660643,0.203557,3
0.18044,0.01253,0.103161,3
0.178162,0.1656,0.189715,3
0.176849,0.0777381,0.128396,3
0.152238,0.0908569,0.209484,3
0.212968,0.0187439,0.224754,3
0.17937,0.00756618,0.180339,3
0.211879,0.024179,0.148556,3
0.143271,0.187243,0.195323,3
0.176036,0.159274,0.14521,3
0.196118,0.12969,0.180836,3
0.191521,0.0198865,0.162993,3
0.152684,0.0428059,0.171963,3
0.168041,0.116136,0.1973,3
0.176529,0.125973,0.220945,3
0.187903,0.126736,0.201353,3
0.197477,0.206782,0.169708,3
0.206429,0.221703,0.139667,3
0.191387,0.0230191,0.164151,3
0.156337,0.209427,0.153463,3
0.165883,0.0610642,0.148494,3
0.111044,0.134605,0.154921,3
0.117651,0.173962,0.122336,3
0.144919,0.192297,0.217023,3
0.121299,0.0974712,0.109749,3
0.144416,0.180233,0.158422,3
0.158011,0.186999,0.142203,3
0.177856,0.0535556,0.133369,3
0.12772,0.065409,0.15114,3
0.179298,0.0404106,0.177185,3
0.164704,0.0230123,0.142049,3
0.19313,0.0478105,0.106798,3
0.160841,0.208364,0.162702,3
0.147221,0.049704,0.213,3
0.223239,0.0534072,0.190099,3
0.216111,0.120483,0.119289,3
0.156615,0.0285336,0.195107,3
0.22116,0.126428,0.163573,3
0.197926,0.0846354,0.189005,3
0.185711,0.0305022,0.14601,3
0.185202,0.223678,0.18201,3
0.165609,0.0790749,0.122733,3
0.206798,0.126863,0.111045,3
0.184255,0.211266,0.220904,3
0.152408,0.0891959,0.127789,3
0.179307,0.194821,0.180237,3
0.192499,0.215068,0.201319,3
0.193669,0.104813,0.126072,3
0.187515,0.213808,0.154744,3
0.223023,0.0593942,0.152133,3
0.12739,0.105831,0.101851,3
0.160449,0.0117747,0.171984,3
0.116767,0.222289,0.193996,3
0.209195,0.141082,0.18135,3
0.116158,0.167157,0.150909,3
0.211017,0.00452853,0.106534,3
0.142923,0.125983,0.120944,3
0.197125,0.170753,0.185467,3
0.162836,0.0916209,0.135363,3
0.141216,0.0211293,0.138351,3
0.11634,0.176435,0.194069,3
0.174356,0.151392,0.13174,3
0.195643,0.0901901,0.170961,3
0.183632,0.164976,0.136497,3
0.206718,0.201651,0.175967,3
0.208393,0.205018,0.217792,3
0.20675,0.00317604,0.217789,3
0.133144,0.0467343,0.162556,3
0.154008,0.104227,0.210736,3
0.157758,0.128173,0.100442,3
0.149928,0.103619,0.208369,3
0.198095,0.127727,0.124791,3
0.189032,0.0529778,0.189911,3
0.150835,0.193433,0.217976,3
0.208012,0.0410754,0.161789,3
0.124877,0.0736592,0.133792,3
0.176461,0.182885,0.205772,3
0.134478,0.00648656,0.191987,3
0.203047,0.0336288,0.187691,3
0.196119,0.146085,0.196751,3
0.141358,0.192989,0.128597,3
0.167893,0.0143717,0.163196,3
0.183033,0.162414,0.151863,3
0.211456,0.168965,0.128157,3
0.163515,0.116728,0.202845,3
0.211964,0.145273,0.127672,3
0.157686,0.145474,0.137142,3
0.190975,0.115711,0.220235,3
0.206408,0.0851274,0.197572,3
0.18749,0.0875108,0.211621,3
0.222926,0.00489093,0.198816,3
0.145288,0.0744908,0.157637,3
0.115429,0.015,0.198161,3
0.169654,0.0866531,0.150149,3
0.183139,0.103395,0.21921,3
0.16049,0.102717,0.107966,3
0.218551,0.0465944,0.212508,3
0.117693,0.0597708,0.168683,3
0.169968,0.0835224,0.147895,3
0.201477,0.0746454,0.103482,3
0.109468,0.224343,0.169932,3
0.112789,0.154642,0.108866,3
0.110263,0.180385,0.218564,3
0.109367,0.191517,0.14685,3
0.132979,0.100258,0.103834,3
0.110168,0.22134,0.140158,3
0.109661,0.162081,0.146183,3
0.108385,0.0155729,0.202621,3
