x coord,y coord,z coord,rank
0.0704954,0.0270871,0.183512,0
0.0617548,0.0235346,0.128127,0
0.0170086,0.169671,0.155415,0
0.0759636,0.0993583,0.198081,0
0.1016,0.155787,0.221034,0
0.0102608,0.0940572,0.213049,0
0.0339621,0.0570785,0.212257,0
0.0418918,0.0183434,0.173503,0
0.020822,0.0848818,0.175401,0
0.096037,0.122442,0.168568,0
0.0713029,0.0125056,0.12548,0
0.0878975,0.135018,0.121108,0
0.0523248,0.0913611,0.174475,0
0.0508537,0.0176815,0.143694,0
0.0257284,0.116906,0.136336,0
0.0122121,0.0967874,0.131967,0
0.0291856,0.0333646,0.169797,0
0.0786708,0.0469897,0.147825,0
0.085028,0.00701794,0.175428,0
0.0254504,0.156105,0.132398,0
0.0928373,0.210121,0.135873,0
0.0903753,0.0972213,0.12352,0
0.0822304,0.0616639,0.120938,0
0.08484,0.0210887,0.160039,0
0.106301,0.0573468,0.180506,0
0.00987003,0.190462,0.134392,0
0.0451842,0.209069,0.216908,0
0.110571,0.0107144,0.11865,0
0.0398198,0.0609021,0.142309,0
0.0305748,0.0246825,0.148106,0
0.0792378,0.0298029,0.2223,0
0.0423142,0.144574,0.21681,0
0.0484757,0.183839,0.173355,0
0.112128,0.126965,0.205185,0
0.00200353,0.0996787,0.12369,0
0.0379295,0.101944,0.158957,0
0.0874315,0.10624,0.206295,0
0.0219862,0.0458132,0.188097,0
0.0535749,0.113471,0.17499,0
0.106215,0.0896814,0.178703,0
0.0593724,0.00384543,0.120249,0
0.0536081,0.0633489,0.133231,0
0.0126342,0.0783852,0.177355,0
0.087503,0.00689604,0.194302,0
0.108195,0.0595403,0.155933,0
0.094106,0.0272499,0.202582,0
0.0273347,0.115164,0.126326,0
0.0180776,0.0634585,0.144992,0
0.0511154,0.162666,0.21713,0
0.00133369,0.0662877,0.171447,0
0.011353,0.187099,0.181777,0
0.0451211,0.084357,0.210081,0
0.0892104,0.177077,0.221578,0
0.0597432,0.0390107,0.159566,0
0.0490544,0.163199,0.152661,0
0.0689812,0.0370518,0.143485,0
0.0189675,0.0267835,0.12535,0
0.0440068,0.0373609,0.168641,0
0.0230371,0.177846,0.127741,0
0.0397891,0.103409,0.19979,0
0.00652557,0.0872907,0.129288,0
0.0699344,0.115181,0.119976,0
0.0771043,0.098392,0.195101,0
0.0123447,0.0769835,0.119646,0
0.0245297,0.0200183,0.119264,0
0.00536536,0.0460605,0.199607,0
0.0215441,0.000316718,0.185306,0
0.0255749,0.062779,0.170409,0
0.0446173,0.111584,0.177779,0
0.0342308,0.156499,0.163766,0
0.0559215,0.153446,0.136281,0
0.0911506,0.0895853,0.189291,0
0.08158,0.180204,0.157967,0
0.102989,0.209506,0.171978,0
0.0895561,0.158773,0.142339,0
0.00628344,0.13885,0.137559,0
0.0600508,0.106986,0.11905,0
0.0373862,0.197457,0.162737,0
0.0523852,0.210421,0.192878,0
0.0662121,0.223888,0.205534,0
0.0863415,0.0496993,0.137195,0
0.0847708,0.0665429,0.117159,0
0.0694571,0.216842,0.203807,0
0.0100986,0.0699851,0.14623,0
0.032677,0.0338965,0.156816,0
0.0237638,0.00707587,0.22291,0
0.00027577,0.148436,0.215429,0
0.0838918,0.115826,0.21161,0
0.0460197,0.207438,0.20754,0
0.0296713,0.202668,0.134528,0
0.0280902,0.0179802,0.208532,0
0.00207822,0.198424,0.213062,0
0.0967553,0.143971,0.136801,0
0.0989255,0.00866393,0.209087,0
0.114735,0.0721465,0.127552,0
0.0408766,0.0228018,0.158799,0
0.00473271,0.150056,0.164605,0
0.108002,0.0427094,0.147232,0
0.00979382,0.126231,0.18236,0
0.0287621,0.210876,0.170424,0
0.0512157,0.0784997,0.178392,0
0.0132432,0.205227,0.171015,0
0.0130886,0.0623232,0.218544,0
0.047885,0.0929517,0.196877,0
0.0966131,0.0694741,0.159411,0
0.0323716,0.018978,0.116724,0
0.108061,0.203968,0.188307,0
0.0671628,0.158054,0.153623,0
0.00568156,0.00832381,0.212501,0
0.0801244,0.0659629,0.14015,0
0.058582,0.134818,0.166791,0
0.22213,0.00899163,0.0657738,1
0.17191,0.185866,0.0500201,1
0.211349,0.0533024,0.0107774,1
0.211039,0.0534099,0.0134243,1
0.148394,0.15325,0.0551848,1
0.212528,0.0523781,0.0157902,1
0.172468,0.175626,0.0398542,1
0.148963,0.224495,0.0151356,1
0.213909,0.055897,0.0114638,1
0.147752,0.167989,0.0585999,1
0.208989,0.0563145,0.015001,1
0.144648,0.0837482,0.0869619,1
0.165231,0.12594,0.0258325,1
0.184284,0.133664,0.0186857,1
0.21404,0.0578287,0.0141051,1
0.161956,0.206638,0.0497116,1
0.222079,0.204807,0.0357856,1
0.201098,0.0744636,0.0523359,1
0.211765,0.0554389,0.0137925,1
0.210645,0.046333,0.0146418,1
0.213154,0.0556737,0.0116067,1
0.205481,0.098672,0.0208169,1
0.174729,0.183471,0.104954,1
0.198776,0.104313,0.0941383,1
0.211819,0.194071,0.0174725,1
0.159615,0.061865,0.0927519,1
0.21201,0.0525076,0.0126835,1
0.171808,0.00160933,0.00413995,1
0.219403,0.122722,0.0893588,1
0.220222,0.00188988,0.015023,1
0.141734,0.0232846,0.0871121,1
0.190928,0.0489656,0.0793008,1
0.158434,0.0901195,0.0727485,1
0.171923,0.172767,0.0816423,1
0.175933,0.196766,0.0360718,1
0.216352,0.0495232,0.0130789,1
0.167767,0.00233123,0.0626233,1
0.172668,0.021968,0.0323219,1
0.197532,0.166851,0.0145626,1
0.171101,0.0653052,0.0703126,1
0.212157,0.048076,0.019582,1
0.194469,0.0975978,0.0971228,1
0.163722,0.0962014,0.112836,1
0.214082,0.108365,0.0633409,1
0.159482,0.118634,0.0928368,1
0.218127,0.0511944,0.0151258,1
0.21919,0.219804,0.0186472,1
0.214928,0.05425,0.0118488,1
0.218521,0.0505947,0.0161028,1
0.155646,0.0076339,0.0950613,1
0.187003,0.199237,0.102692,1
0.146327,0.210868,0.0956806,1
0.171577,0.157657,0.0830752,1
0.156903,0.0579673,0.0538025,1
0.201978,0.0107751,0.108591,1
0.211271,0.0578371,0.0162573,1
0.202994,0.173128,0.0200562,1
0.21411,0.0533901,0.0136467,1
0.181462,0.0254526,0.0297317,1
0.22227,0.0329959,0.044861,1
0.164314,0.0935413,0.04227,1
0.167747,0.211622,0.0759015,1
0.208066,0.0519859,0.00698404,1
0.214259,0.0520575,0.0130055,1
0.141333,0.218367,0.0824934,1
0.213041,0.0503864,0.00882807,1
0.215293,0.173508,0.103501,1
0.182123,0.0116184,0.0119296,1
0.193282,0.132321,0.10844,1
0.212797,0.210518,0.0774755,1
0.213308,0.0564182,0.0150389,1
0.143371,0.0475128,0.0634597,1
0.210038,0.0549105,0.0157351,1
0.188654,0.0316844,0.0921041,1
0.140219,0.151761,0.0866144,1
0.157876,0.18317,0.0956919,1
0.209823,0.0515887,0.0169328,1
0.167331,0.181427,0.114116,1
0.15161,0.213596,0.0888806,1
0.197603,0.209781,0.112723,1
0.221572,0.119525,0.114119,1
0.147341,0.184382,0.108258,1
0.209639,0.0564208,0.01518,1
0.21851,0.0728115,0.00946236,1
0.179124,0.0246866,0.0579981,1
0.215031,0.0578597,0.0131185,1
0.211126,0.0509096,0.0122573,1
0.164621,0.0508232,0.106454,1
0.214132,0.0495219,0.0160833,1
0.155132,0.0554437,0.0273062,1
0.201403,0.0672558,0.0112157,1
0.192824,0.106994,0.110079,1
0.210637,0.0519863,0.0132387,1
0.197407,0.162955,0.0795284,1
0.201812,0.0311967,0.074352,1
0.211819,0.050338,0.020236,1
0.16981,0.178908,0.089324,1
0.217334,0.0515666,0.0116387,1
0.207394,0.184582,0.103553,1
0.181489,0.0891957,0.0531902,1
0.214291,0.0513261,0.0144394,1
0.158671,0.113778,0.00170122,1
0.21217,0.052663,0.0175571,1
0.213593,0.0534979,0.0182427,1
0.210415,0.0539688,0.0103125,1
0.193424,0.15148,0.0703094,1
0.212407,0.0542651,0.00878253,1
0.21624,0.0570173,0.0171046,1
0.214449,0.057761,0.0170426,1
0.213456,0.0495331,0.0132101,1
0.141207,0.215217,0.0411318,1
0.218007,0.00101165,0.0449216,1
0.209826,0.0509847,0.0142002,1
0.142546,0.0490656,0.0685849,1
0.18922,0.150147,0.013937,1
0.207121,0.0512341,0.0173441,1
0.173792,0.0960968,0.0418737,1
0.172284,0.0793197,0.108517,1
0.211273,0.173054,0.0479326,1
0.142443,0.17959,0.0747464,1
0.224747,0.0638798,0.042764,1
0.14684,0.0289996,0.069894,1
0.148684,0.209574,0.0501056,1
0.209037,0.171414,0.104738,1
0.148491,0.205729,0.106968,1
0.140006,0.0218784,0.0371359,1
0.133211,0.193911,0.00171347,2
0.0177186,0.126814,0.0437468,2
0.0845675,0.093726,0.0532222,2
0.0807109,0.151704,0.108141,2
0.0386761,0.0813645,0.0690883,2
0.114998,0.133973,0.00838243,2
0.137046,0.0733888,0.0590571,2
0.0761025,0.157389,0.0727956,2
0.100753,0.209166,0.00258298,2
0.0845618,0.175033,0.0824384,2
0.0666098,0.206862,0.0832158,2
0.0961243,0.214797,0.0800957,2
0.113629,0.203538,0.0566477,2
0.0441674,0.0386478,0.0021049,2
0.0259231,0.0490934,0.0822795,2
0.0459762,0.0616402,0.0888697,2
0.0211179,0.076826,0.0357887,2
0.0419113,0.0348565,0.0311459,2
0.0165023,0.0442204,0.0744799,2
0.12886,0.0440898,0.109318,2
0.110518,0.104916,0.0895244,2
0.122336,0.0802754,0.0744649,2
0.0389519,0.0184157,0.0432987,2
0.0970552,0.0722358,0.0240795,2
0.111468,0.12955,0.0989904,2
0.117451,0.166541,0.0460072,2
0.0896528,0.21724,0.0988563,2
0.0646252,0.0379636,0.0789683,2
0.0181807,0.0879228,0.00221124,2
0.0418142,0.0925444,0.050817,2
0.0252831,0.144827,0.0096022,2
0.0119167,0.222748,0.0993015,2
0.113536,0.0144369,0.0440062,2
0.0114426,0.154671,0.0113457,2
0.137054,0.0584267,0.0880865,2
0.116547,0.0597499,0.0536939,2
0.0551712,0.0615543,0.007451,2
0.0808559,0.133151,0.0193697,2
0.0311961,0.0524541,0.0366477,2
0.00576395,0.0952237,0.106116,2
0.0680315,0.080349,0.112195,2
0.0485432,0.0365912,0.0872219,2
0.130596,0.16586,0.0527244,2
0.0502453,0.214803,0.0266791,2
0.0646407,0.154431,0.101402,2
0.0130026,0.182368,0.075534,2
0.0209597,0.074107,0.0375836,2
0.121837,0.209356,0.0923845,2
0.00881174,0.0579865,0.0543679,2
0.00531549,0.0496564,0.107961,2
0.0166605,0.0251299,0.00537977,2
0.0486787,0.0148711,0.0834791,2
0.0859286,0.139765,0.010534,2
0.132693,0.0316597,0.066504,2
0.067117,0.14251,0.0265593,2
0.0922813,0.141062,0.0391222,2
0.039221,0.0823107,0.0203368,2
0.094359,0.0615889,0.00278931,2
0.125483,0.184442,0.0420293,2
0.0579117,0.0258511,0.0511393,2
0.0269898,0.000554406,0.0881751,2
0.0653783,0.181303,0.0690744,2
0.061062,0.159256,0.0172393,2
0.000449683,0.108856,0.0826547,2
0.00596814,0.0487862,0.114167,2
0.00670994,0.102702,0.109405,2
0.0882221,0.201122,0.0817138,2
0.0197118,0.131228,0.114559,2
0.101835,0.215273,0.0296179,2
0.0376658,0.0892553,0.0616389,2
0.0918058,0.176773,0.0301798,2
0.0603069,0.173036,0.0223702,2
0.00334259,0.053285,0.0882692,2
0.0923678,0.19497,0.0493134,2
0.0217306,0.195091,0.0370641,2
0.116747,0.194005,0.0668007,2
0.0662793,0.188456,0.0605742,2
0.0597726,0.0329007,0.0768884,2
0.10491,0.187112,0.0971857,2
0.0273567,0.00196369,0.107289,2
0.0551288,0.148583,0.0555999,2
0.121855,0.110311,0.0258772,2
0.130226,0.0726422,0.00203295,2
0.0354044,0.209549,0.0466286,2
0.119661,0.15116,0.0753713,2
0.0664784,0.0159566,0.0913019,2
0.105033,0.01675,0.0179416,2
0.0608619,0.211546,0.0249934,2
0.0651962,0.0446502,0.0629219,2
0.0283088,0.0210414,0.103662,2
0.0951214,0.0392171,0.025947,2
0.00585437,0.208328,0.0976879,2
0.0189317,0.215202,0.0128205,2
0.123986,0.0250869,0.093368,2
0.0223646,0.0435012,0.047877,2
0.135217,0.148954,0.00991994,2
0.0436257,0.0890188,0.039038,2
0.082934,0.0264449,0.0694341,2
0.073449,0.0652849,0.0119569,2
0.0108634,0.045289,0.0245978,2
0.0672261,0.191005,0.0828788,2
0.102373,0.0887317,0.0686299,2
0.0683429,0.219481,0.0828112,2
0.137099,0.203748,0.0956278,2
0.0827269,0.0297722,0.10089,2
0.00669474,0.219071,0.103253,2
0.0700974,0.118307,0.112671,2
0.119869,0.000298589,0.108688,2
0.080643,0.173928,0.0983715,2
0.00464794,0.146876,0.0425222,2
0.125436,0.18849,0.101052,2
0.0568374,0.104637,0.00270614,2
0.0447938,0.0090588,0.113927,2
0.139061,0.0920938,0.0313517,2
0.110305,0.083147,0.0357225,2
0.0390346,0.202345,0.115365,2
0.112036,0.205807,0.0932535,2
0.051465,0.159322,0.106816,2
0.118744,0.150212,0.0917097,2
0.114799,0.0273049,0.0128084,2
0.129132,0.0429532,0.0699426,2
0.135836,0.134114,0.0305466,2
0.0990181,0.116719,0.0871307,2
0.0482895,0.139969,0.0245457,2
0.0529673,0.17205,0.0616909,2
0.0375337,0.211056,0.0939498,2
0.0540314,0.0842182,0.101912,2
0.0917267,0.183985,0.112708,2
0.133285,0.171789,0.113976,2
0.0243327,0.198684,0.107057,2
0.136047,0.075226,0.110778,2
0.0206363,0.141432,0.110995,2
0.0266277,0.0680775,0.115244,2
0.190612,0.0989227,0.174592,3
0.20186,0.155175,0.122165,3
0.210334,0.0492321,0.133231,3
0.135183,0.182153,0.14002,3
0.140342,0.00284368,0.137461,3
0.121762,0.152655,0.223937,3
0.15348,0.129972,0.194423,3
0.199661,0.0459125,0.135719,3
0.141229,0.0304211,0.140601,3
0.221036,0.106423,0.223303,3
0.165486,0.0205255,0.187643,3
0.146039,0.132491,0.200985,3
0.168225,0.075087,0.202016,3
0.210917,0.0222469,0.21004,3
0.153947,0.0236542,0.125299,3
0.187055,0.0636198,0.16969,3
0.167581,0.0824429,0.128758,3
0.197021,0.129454,0.221789,3
0.209395,0.203072,0.181647,3
0.137399,0.0114681,0.178168,3
0.19729,0.0431594,0.196941,3
0.157017,0.00180399,0.217405,3
0.206911,0.148055,0.220648,3
0.201655,0.161165,0.120036,3
0.168914,0.116451,0.181603,3
0.155991,0.120281,0.17525,3
0.133291,0.0378719,0.15543,3
0.195042,0.220266,0.133342,3
0.143895,0.0519196,0.193977,3
0.171894,0.0419696,0.129233,3
0.206308,0.208102,0.212696,3
0.18709,0.159424,0.134578,3
0.188362,0.0274768,0.170215,3
0.14629,0.10464,0.19233,3
0.153686,0.0631183,0.193337,3
0.18155,0.168693,0.122315,3
0.181422,0.108065,0.138311,3
0.217052,0.0279188,0.153622,3
0.169703,0.0817883,0.201847,3
0.191156,0.00319529,0.188787,3
0.131975,0.0252456,0.184714,3
0.147837,0.152525,0.168489,3
0.136763,0.209619,0.190933,3
0.168127,0.0965997,0.213491,3
0.194386,0.202245,0.151084,3
0.14294,0.114406,0.16821,3
0.190136,0.11828,0.218634,3
0.161913,0.0345198,0.177755,3
0.210418,0.204701,0.145226,3
0.16005,0.199706,0.194886,3
0.215137,0.0970653,0.190929,3
0.154473,0.150276,0.216901,3
0.18403,0.223784,0.212222,3
0.207608,0.13412,0.144076,3
0.178134,0.112393,0.175374,3
0.195767,0.0172925,0.166254,3
0.205201,0.118376,0.163377,3
0.193279,0.128423,0.2095,3
0.165853,0.0832535,0.189491,3
0.206794,0.16017,0.218841,3
0.219595,0.0168122,0.169585,3
0.21078,0.147024,0.210483,3
0.142045,0.136821,0.148423,3
0.142286,0.215825,0.173652,3
0.148089,0.141038,0.213756,3
0.147284,0.206153,0.206908,3
0.150632,0.143372,0.223548,3
0.194008,0.0462404,0.215135,3
0.152769,0.191241,0.210561,3
0.172664,0.183781,0.163966,3
0.148477,0.0256746,0.186213,3
0.172988,0.187335,0.128926,3
0.171787,0.0283173,0.152667,3
0.11892,0.0420905,0.116466,3
0.130345,0.197376,0.126303,3
0.151784,0.211256,0.133202,3
0.170104,0.0607822,0.216657,3
0.186329,0.184365,0.212225,3
0.169477,0.0777194,0.219358,3
0.121581,0.145883,0.13049,3
0.165175,0.078204,0.183838,3
0.204418,0.12882,0.215107,3
0.154895,0.0785244,0.192465,3
0.212485,0.0517974,0.167359,3
0.147927,0.187982,0.203083,3
0.213966,0.178186,0.152148,3
0.166713,0.0985519,0.216474,3
0.133644,0.199209,0.140804,3
0.223344,0.00115467,0.221702,3
0.165153,0.164032,0.124719,3
0.150609,0.128272,0.175313,3
0.131575,0.213924,0.134648,3
0.153649,0.120291,0.17655,3
0.220268,0.141804,0.221282,3
0.217258,0.105725,0.148621,3
0.153316,0.12396,0.215073,3
0.205513,0.0781722,0.201308,3
0.179754,0.128891,0.199141,3
0.136889,0.195424,0.19097,3
0.17447,0.150605,0.173014,3
0.156362,0.0892682,0.155397,3
0.150812,0.118938,0.157089,3
0.154751,0.170853,0.151797,3
0.140965,0.0643064,0.129312,3
0.199275,0.0989917,0.132095,3
0.140589,0.144798,0.1516,3
0.166029,0.149605,0.151045,3
0.181962,0.133186,0.221995,3
0.202252,0.0646841,0.121862,3
0.222528,0.0303896,0.153479,3
0.138997,0.157486,0.159606,3
0.194358,0.105954,0.132374,3
0.140753,0.219434,0.126676,3
0.22187,0.178268,0.223151,3
0.11804,0.053689,0.122876,3
0.17359,0.0212491,0.153191,3
0.153811,0.104263,0.143888,3
0.213589,0.0657667,0.12226,3
0.132465,0.0458369,0.191449,3
0.150881,0.222999,0.213184,3
0.223664,0.193829,0.170741,3
0.17156,0.0754568,0.121253,3
0.162388,0.0840067,0.130092,3
0.117961,0.0269973,0.141657,3
0.140791,0.0661515,0.21266,3
0.149215,0.162649,0.123029,3
0.11792,0.195902,0.214717,3
0.169713,0.190136,0.118333,3
0.222213,0.038169,0.119622,3
0.141002,0.0571065,0.118737,3
