x coord,y coord,z coord,rank
0.158984,0.0653815,0.178597,0
0.158928,0.0945846,0.0187287,0
0.182024,0.00112248,0.190076,0
0.17928,0.00419647,0.062548,0
0.196601,0.0467443,0.203437,0
0.187812,0.043977,0.197543,0
0.214015,0.0282794,0.158754,0
0.185575,0.0798746,0.115932,0
0.167073,0.030701,0.190262,0
0.179668,0.0929871,0.0159557,0
0.194073,0.0480896,0.196148,0
0.161772,0.0261257,0.0166964,0
0.164357,0.0738358,0.0666377,0
0.203273,0.0412229,0.0059024,0
0.140131,0.0190671,0.18367,0
0.152968,0.0152323,0.0339556,0
0.189104,0.0838932,0.0886348,0
0.21565,0.0764022,0.128427,0
0.195632,0.0428317,0.20216,0
0.196903,0.0390531,0.163623,0
0.191533,0.0707686,0.220257,0
0.189579,0.04544,0.192969,0
0.207307,0.047079,0.17621,0
0.14909,0.0638794,0.0854987,0
0.219498,0.0383486,0.12983,0
0.160545,0.0223315,0.164401,0
0.188704,0.0485277,0.195821,0
0.182313,0.103221,0.207932,0
0.172894,0.0500727,0.0217209,0
0.145206,0.0898349,0.0509222,0
0.1868,0.0353362,0.126288,0
0.170341,0.0890894,0.125273,0
0.172051,0.0968391,0.0182687,0
0.191317,0.0415139,0.19959,0
0.167725,0.03058,0.197097,0
0.186865,0.0484706,0.196002,0
0.191466,0.0709646,0.164025,0
0.208508,0.0650626,0.170607,0
0.143846,0.103574,0.18602,0
0.187719,0.0450898,0.19108,0
0.191675,0.0461082,0.198262,0
0.144626,0.0593145,0.0272865,0
0.198204,0.0743492,0.0203715,0
0.191558,0.0485084,0.194512,0
0.189193,0.0446701,0.194356,0
0.168454,0.0102387,0.0918076,0
0.19534,0.0233383,0.209516,0
0.189262,0.0473225,0.199398,0
0.172772,0.0467501,0.187154,0
0.163007,0.00442629,0.193965,0
0.20722,0.0191747,0.138665,0
0.191502,0.0472203,0.197216,0
0.186472,0.0484641,0.194146,0
0.217256,0.0617819,0.0843157,0
0.205735,0.0283,0.18606,0
0.162578,0.0674836,0.195706,0
0.188529,0.0925921,0.129464,0
0.191914,0.0935386,0.0263495,0
0.186595,0.0495297,0.197664,0
0.189404,0.0453826,0.197659,0
0.184108,0.0432878,0.198694,0
0.156,0.0722736,0.191095,0
0.16955,0.0750428,0.0493656,0
0.222176,0.0289834,0.132741,0
0.150957,0.105094,0.0421979,0
0.192412,0.0448936,0.199261,0
0.183317,0.0368131,0.0606289,0
0.152838,0.0021896,0.0333208,0
0.183413,0.0453236,0.201959,0
0.185981,0.0488544,0.198936,0
0.221012,0.0431268,0.0904425,0
0.147203,0.0165287,0.194204,0
0.190592,0.0474446,0.195588,0
0.181862,0.0602718,0.197092,0
0.187567,0.0429686,0.199444,0
0.216798,0.0302871,0.200754,0
0.188537,0.0480669,0.197799,0
0.195598,0.0358865,0.023638,0
0.186527,0.04618,0.195116,0
0.154053,0.0280237,0.0670518,0
0.188232,0.0471088,0.19525,0
0.190023,0.0445623,0.199241,0
0.187096,0.0518147,0.193191,0
0.191124,0.048052,0.196043,0
0.187438,0.0496636,0.197276,0
0.195489,0.048555,0.194123,0
0.205351,0.0593472,0.0616226,0
0.212885,0.0687685,0.0781095,0
0.184083,0.0448822,0.202502,0
0.161892,0.074386,0.0908959,0
0.143724,0.0282175,0.0900677,0
0.220094,0.0626343,0.0516258,0
0.175426,0.0133476,0.16919,0
0.15434,0.106823,0.136759,0
0.221442,0.082582,0.108239,0
0.19282,0.0421607,0.191755,0
0.156063,0.0315131,0.200353,0
0.171707,0.0473969,0.0824043,0
0.207774,0.0701427,0.0970317,0
0.159826,0.10099,0.164786,0
0.1886,0.0466888,0.1991,0
0.171835,0.0305517,0.104252,0
0.199086,0.0779676,0.0164414,0
0.15993,0.0482334,0.174146,0
0.186429,0.0444909,0.197303,0
0.188705,0.0497461,0.198618,0
0.218073,0.0904964,0.142308,0
0.219695,0.0236811,0.0922211,0
0.186135,0.0492838,0.201143,0
0.14014,0.056908,0.14204,0
0.148033,0.0798283,0.0265846,0
0.149865,0.10006,0.201665,0
0.204201,0.0704205,0.132812,0
0.202738,0.07886,0.11294,0
0.146936,0.0646098,0.153245,0
0.187424,0.0439947,0.19681,0
0.193471,0.098659,0.04236,0
0.155601,0.0463297,0.0989596,0
0.143785,0.105397,0.0433203,0
0.169398,0.0208021,0.18634,0
0.146325,0.104911,0.026507,0
0.156537,0.0935201,0.0834106,0
0.149323,0.106538,0.0624364,0
0.0429944,0.167218,0.148143,1
0.0771306,0.175488,0.164102,1
0.00395376,0.13307,0.0172038,1
0.100511,0.144935,0.0707611,1
0.049691,0.156522,0.0624225,1
0.0980195,0.145295,0.140378,1
0.0287909,0.146326,0.114585,1
0.0863751,0.165808,0.137348,1
0.00196922,0.142532,0.104604,1
0.0580468,0.11826,0.0391826,1
0.0916255,0.209593,0.197561,1
0.098078,0.160468,0.16541,1
0.0163101,0.160986,0.13577,1
0.0542761,0.179879,0.0682008,1
0.0584252,0.198195,0.122882,1
0.0538114,0.194304,0.058379,1
0.0611987,0.19114,0.187959,1
0.0900279,0.142829,0.169103,1
0.0721689,0.149028,0.0469725,1
0.0544727,0.217695,0.172286,1
0.0735817,0.222999,0.19207,1
0.0981208,0.172078,0.20105,1
0.000447591,0.160656,0.0540803,1
0.0594709,0.177645,0.010042,1
0.0451646,0.214829,0.0299944,1
0.0738055,0.21563,0.19819,1
0.0895521,0.182108,0.0724139,1
0.0765305,0.181225,0.036,1
0.021625,0.163306,0.0228894,1
0.000527451,0.215355,0.220122,1
0.0465181,0.120805,0.0219354,1
0.0835505,0.173392,0.0660364,1
0.0447086,0.178918,0.128462,1
0.083423,0.207084,0.110858,1
7.56905e-05,0.149895,0.106706,1
0.00125254,0.152927,0.126415,1
0.00771672,0.156782,0.0642133,1
0.100295,0.113941,0.0669586,1
0.0836414,0.208818,0.205608,1
0.101494,0.222338,0.214807,1
0.104103,0.166103,0.0184569,1
0.0740657,0.115364,0.184652,1
0.0859385,0.170252,0.138957,1
0.00811911,0.124869,0.184186,1
0.0938532,0.133853,0.050069,1
0.0932998,0.110982,0.0658254,1
0.0641749,0.218876,0.0944445,1
0.0308827,0.159562,0.155781,1
0.0774163,0.137042,0.205608,1
0.0131974,0.214639,0.0841731,1
0.0696608,0.191767,0.154067,1
0.0215877,0.131933,0.0546824,1
0.0967527,0.115464,0.0967974,1
0.021178,0.14662,0.106717,1
0.100251,0.160176,0.178086,1
0.0200828,0.197372,0.13812,1
0.0778139,0.196326,0.0424165,1
0.0295551,0.165729,0.167017,1
0.0943849,0.204236,0.209333,1
0.00587616,0.157787,0.11184,1
0.0407454,0.210665,0.0537455,1
0.0786828,0.219293,0.070568,1
0.0908797,0.121955,0.142191,1
0.0375664,0.215331,0.061889,1
0.0963401,0.115381,0.0473586,1
0.09316,0.20442,0.020024,1
0.0989683,0.195248,0.0469748,1
0.0600046,0.153482,0.0725658,1
0.0946515,0.133478,0.0555587,1
0.0882184,0.155072,0.199118,1
0.00603162,0.206096,0.184717,1
0.0320755,0.214686,0.0469849,1
0.0713713,0.204227,0.212504,1
0.00580487,0.186106,0.0179471,1
0.0222061,0.21056,0.111071,1
0.0364126,0.169281,0.16359,1
0.0988239,0.221007,0.209422,1
0.00247136,0.163806,0.0562886,1
0.0271652,0.113143,0.154294,1
0.0406526,0.175197,0.172263,1
0.0115773,0.144664,0.0735001,1
0.0926287,0.176611,0.180011,1
0.0415982,0.196561,0.16329,1
0.0259861,0.196035,0.210808,1
0.00198689,0.187604,0.00140155,1
0.0237767,0.15336,0.215593,1
0.0051072,0.210616,0.124331,1
0.0274087,0.192394,0.083184,1
0.0150411,0.169235,0.102921,1
0.0748225,0.12305,0.120447,1
0.0477248,0.190916,0.153834,1
0.0026002,0.186737,0.0234,1
0.0331785,0.186136,0.0899422,1
0.0318492,0.217857,0.204723,1
0.0515978,0.152134,0.142999,1
0.022523,0.166768,0.129429,1
0.0578899,0.195077,0.134829,1
0.0434527,0.142045,0.0950995,1
0.0394261,0.108649,0.212513,1
0.0802772,0.177918,0.151932,1
0.0976982,0.117524,0.209128,1
0.0469654,0.214859,0.127117,1
0.0745316,0.113522,0.0284884,1
0.0606918,0.149823,0.046068,1
0.102305,0.215408,0.163749,1
0.0860995,0.124374,0.0768649,1
0.0393798,0.178551,0.154697,1
0.0706936,0.174306,0.029102,1
0.0113149,0.164746,0.150172,1
0.077502,0.111081,0.0199931,1
0.0607899,0.13129,0.166882,1
0.0323054,0.168297,0.163555,1
0.0935216,0.163937,0.191759,1
0.0781199,0.150037,0.010368,1
0.0185263,0.115043,0.186234,1
0.00877795,0.11508,0.173313,1
0.00431815,0.138419,0.110797,1
0.0891058,0.166475,0.134392,1
0.0237279,0.113233,0.0439165,1
0.0505926,0.117534,0.0884187,1
0.0901984,0.116271,0.105291,1
0.0206124,0.10977,0.107671,1
0.0357112,0.134171,0.18637,1
0.0632917,0.161506,0.101331,1
0.100316,0.164239,0.190654,1
0.0637463,0.110692,0.0606614,1
0.125601,0.0793263,0.0703196,2
0.0364997,0.0834143,0.0114495,2
0.131708,0.0854929,0.0338237,2
0.130807,0.0784497,0.0415573,2
0.0568771,0.0902992,0.0708948,2
0.129814,0.0139747,0.181841,2
0.117784,0.105065,0.00714519,2
0.0773247,0.0360999,0.0326072,2
0.00795362,0.102411,0.0489249,2
0.0927636,0.0972943,0.09445,2
0.0772239,0.0859812,0.0476389,2
0.123659,0.0941968,0.00741868,2
0.0401626,0.10294,0.037599,2
0.0843316,0.0225381,0.00575543,2
0.130107,0.0508879,0.0448384,2
0.0111615,0.0285335,0.0937028,2
0.0716038,0.01151,0.0327751,2
0.132918,0.0449407,0.138762,2
0.126579,0.068807,0.00453041,2
0.0509879,0.0194906,0.10848,2
0.117691,0.0595188,0.147859,2
0.126675,0.0927458,0.150217,2
0.0927814,0.0827003,0.117442,2
0.0478601,0.0324633,0.0486348,2
0.00635391,0.0691304,0.088385,2
0.111954,0.0859797,0.186154,2
0.138896,0.00848573,0.0494936,2
0.0725392,0.0685325,0.0252225,2
0.104038,0.00103398,0.0195472,2
0.020235,0.0921788,0.0938447,2
0.1132,0.0666922,0.118859,2
0.00149781,0.0706249,0.203152,2
0.0514504,0.052076,0.129199,2
0.00238728,0.0586856,0.107949,2
0.0343112,0.104141,0.130726,2
0.074967,0.000901717,0.033669,2
0.0775126,0.0877654,0.094364,2
0.0402836,0.102745,0.221659,2
0.056776,0.00169587,0.141925,2
0.0227946,0.0275398,0.11168,2
0.0543129,0.00717488,0.0774428,2
0.118315,0.0854629,0.168518,2
0.0100866,0.0566237,0.181976,2
0.101386,0.0017828,0.217829,2
0.0459786,0.0348009,0.182761,2
0.0130378,0.0375846,0.0663032,2
0.106907,0.0140409,0.126341,2
0.0550117,0.0680745,0.139204,2
0.0768468,0.0331429,0.184631,2
0.0720668,0.0351666,0.0503847,2
0.0133607,0.0767093,0.0713456,2
0.0438006,0.0291606,0.0276537,2
0.0575024,0.0855852,0.22322,2
0.0469888,0.0454812,0.129972,2
0.125001,0.042546,0.0385326,2
0.0054135,0.057839,0.18583,2
0.0339539,0.0530846,0.072302,2
0.122096,0.0347603,0.215027,2
0.0727045,0.099926,0.0879645,2
0.0897005,0.0432538,0.200354,2
0.0418232,0.0394422,0.134344,2
0.0463416,0.020225,0.161493,2
0.00915042,0.0538373,0.0452524,2
0.0823951,0.0712302,0.0130333,2
0.0572993,0.0395476,0.224009,2
0.0263596,0.00280886,0.152404,2
0.100549,0.10561,0.0567338,2
0.104122,0.0867167,0.0562592,2
0.0462674,0.0694332,0.197056,2
0.0713297,0.091469,0.179485,2
0.0280656,0.00391759,0.0527885,2
0.137452,0.0431821,0.222741,2
0.0951322,0.00308581,0.140243,2
0.00823905,0.0919662,0.0815056,2
0.125568,0.0257576,0.0932543,2
0.0332198,0.0500036,0.207746,2
0.0621335,0.0717965,0.0704776,2
0.110262,0.0637928,0.196127,2
0.0572873,0.092499,0.122627,2
0.0773293,0.036243,0.152594,2
0.0448169,0.0578929,0.0590074,2
0.0810969,0.00899975,0.0850316,2
0.0308544,0.0659469,0.147922,2
0.0125462,0.049613,0.0264693,2
0.058619,0.085705,0.20268,2
0.0470903,0.0748443,0.117595,2
0.103307,0.0561529,0.0473005,2
0.00264485,0.0558379,0.0242742,2
0.0515872,0.0311732,0.00579551,2
0.107574,0.0178411,0.0221072,2
0.0787942,0.0675502,0.187207,2
0.0496418,0.0464126,0.0871328,2
0.0831611,0.0526547,0.0585525,2
0.0414262,0.0474311,0.135939,2
0.0102649,0.0438016,0.0207182,2
0.114182,0.0093791,0.132784,2
0.0362605,0.0941056,0.0872421,2
0.0555859,0.00707894,0.158544,2
0.0271067,0.0578959,0.0915747,2
0.0915684,0.0902948,0.112136,2
0.111819,0.0772753,0.147338,2
0.0941031,0.00544716,0.185254,2
0.067726,0.0376808,0.194648,2
0.089266,0.0137864,0.114868,2
0.0165094,0.00806118,0.190719,2
0.0388869,0.044574,0.156918,2
0.0187234,0.017293,0.022222,2
0.100543,0.06679,0.186327,2
0.118194,0.036708,0.0691694,2
0.128504,0.0942173,0.182223,2
0.0992651,0.00232891,0.00821878,2
0.040284,0.0964478,0.0365112,2
0.130887,0.0430725,0.191167,2
0.0811046,0.0344841,0.222548,2
0.110935,0.0178161,0.20503,2
0.00395864,0.0255113,0.0982949,2
0.0959945,0.0996737,0.213459,2
0.133754,0.00822443,0.224286,2
0.0155967,0.0353809,0.210925,2
0.0866893,0.0614097,0.221599,2
0.129516,0.0437624,0.191056,2
0.136115,0.0407529,0.13988,2
0.134693,0.0887252,0.00244732,2
0.135234,0.0827608,0.093607,2
0.135268,0.0406997,0.0551493,2
0.0381586,0.105183,0.0812481,2
0.133644,0.000586906,0.0636516,2
0.137129,0.066636,0.0665261,2
0.112587,0.106206,0.074033,2
0.138628,0.0926329,0.0619985,2
0.114281,0.137187,0.0850751,3
0.166713,0.174845,0.00302183,3
0.116656,0.149735,0.0145119,3
0.123301,0.204631,0.0119586,3
0.141108,0.157281,0.0436,3
0.121466,0.14353,0.00791782,3
0.223499,0.137541,0.0511556,3
0.121817,0.166428,0.0790413,3
0.131879,0.113515,0.131289,3
0.123597,0.161242,0.0390933,3
0.149985,0.199667,0.131944,3
0.117811,0.219064,0.1101,3
0.191892,0.198045,0.0584051,3
0.187575,0.159521,0.0201702,3
0.123381,0.193621,0.026543,3
0.143861,0.203715,0.0924605,3
0.209607,0.161485,0.142604,3
0.119357,0.194027,0.207097,3
0.196084,0.11213,0.0904448,3
0.192451,0.126335,0.10575,3
0.159794,0.19037,0.125777,3
0.114543,0.204215,0.214371,3
0.127988,0.128135,0.150039,3
0.206074,0.14987,0.00818463,3
0.13219,0.187147,0.223298,3
0.138599,0.172017,0.112296,3
0.138485,0.187147,0.214033,3
0.186363,0.111921,0.0184264,3
0.129798,0.119006,0.125138,3
0.145728,0.190077,0.159181,3
0.218059,0.119435,0.130311,3
0.119912,0.188266,0.147624,3
0.199769,0.223024,0.147622,3
0.172524,0.161772,0.0575851,3
0.153799,0.161187,0.046511,3
0.166542,0.212968,0.0726246,3
0.116571,0.220885,0.0321974,3
0.221704,0.198933,0.14491,3
0.183722,0.213595,0.0635166,3
0.191713,0.180622,0.167931,3
0.214426,0.182765,0.193555,3
0.157167,0.184242,0.0308459,3
0.161564,0.210648,0.053509,3
0.129706,0.153751,0.123192,3
0.213955,0.172818,0.068123,3
0.12044,0.140944,0.186133,3
0.163639,0.181559,0.105997,3
0.212019,0.20011,0.0945686,3
0.175014,0.219678,0.0161033,3
0.150484,0.204246,0.0392703,3
0.10543,0.157022,0.117746,3
0.173706,0.201281,0.0214986,3
0.127333,0.211401,0.103036,3
0.179386,0.197483,0.0462,3
0.167536,0.143636,0.0175361,3
0.1288,0.146406,0.0726321,3
0.118912,0.173398,0.0518117,3
0.132449,0.12879,0.143631,3
0.168826,0.188633,0.181143,3
0.117164,0.115221,0.0392482,3
0.155301,0.181528,0.187382,3
0.197557,0.148315,0.130583,3
0.203377,0.147134,0.216341,3
0.189799,0.135624,0.0588033,3
0.223263,0.180534,0.200987,3
0.16385,0.137108,0.214064,3
0.129328,0.153045,0.219272,3
0.154896,0.141872,0.0176683,3
0.151489,0.171183,0.0359613,3
0.211214,0.137802,0.0843381,3
0.2099,0.151878,0.0672355,3
0.1905,0.158422,0.178045,3
0.186938,0.20607,0.187769,3
0.214912,0.181635,0.106954,3
0.125637,0.136397,0.0178169,3
0.1922,0.15689,0.0192161,3
0.19723,0.178041,0.0416405,3
0.177199,0.152612,0.0208833,3
0.222153,0.143421,0.212912,3
0.173946,0.224064,0.0236618,3
0.192173,0.220972,0.18091,3
0.186933,0.17233,0.160571,3
0.205515,0.145443,0.122454,3
0.134237,0.164393,0.185645,3
0.194892,0.199287,0.220185,3
0.179117,0.224197,0.00161139,3
0.136754,0.223451,0.214722,3
0.210737,0.203138,0.0983333,3
0.208082,0.186205,0.186211,3
0.185622,0.146995,0.179535,3
0.127397,0.220547,0.133484,3
0.186216,0.216286,0.014833,3
0.150309,0.205007,0.186132,3
0.179949,0.139358,0.10831,3
0.180162,0.178241,0.152357,3
0.148181,0.137646,0.0391561,3
0.115889,0.167543,0.192018,3
0.160152,0.172271,0.0538729,3
0.117216,0.180761,0.169811,3
0.19804,0.107744,0.176305,3
0.180753,0.153301,0.107305,3
0.129498,0.139706,0.111181,3
0.193746,0.160259,0.178955,3
0.128795,0.12456,0.143235,3
0.162421,0.189246,0.123477,3
0.20754,0.122707,0.130859,3
0.133612,0.148079,0.164135,3
0.218029,0.15961,0.065477,3
0.202474,0.11216,0.200264,3
0.189289,0.150893,0.196287,3
0.108736,0.168358,0.0230725,3
0.142147,0.189998,0.13036,3
0.182933,0.194726,0.22178,3
0.156002,0.139146,0.202693,3
0.172935,0.180729,0.123076,3
0.177369,0.125971,0.176835,3
0.157534,0.145955,0.173471,3
0.178418,0.166499,0.077129,3
0.116691,0.118114,0.0147149,3
0.109481,0.179255,0.0213745,3
0.166554,0.111778,0.098589,3
