x coord,y coord,z coord,rank
0.0640021,0.139933,0.166173,0
0.00886267,0.0628111,0.22075,0
0.105406,0.148394,0.109092,0
0.0676066,0.0837397,0.170044,0
0.105676,0.172481,0.135178,0
0.0326898,0.14962,0.132457,0
0.064592,0.0319011,0.188533,0
0.0892388,0.110238,0.121977,0
0.0772734,0.127239,0.195966,0
0.0725308,0.0215442,0.143456,0
0.10334,0.0827358,0.21201,0
0.0745021,0.197817,0.20345,0
0.0740799,0.0625945,0.211024,0
0.101557,0.0239437,0.212852,0
0.106238,0.150877,0.110041,0
0.0113723,0.19123,0.158987,0
0.0211019,0.0578515,0.209178,0
0.0722346,0.191211,0.108066,0
0.091819,0.140583,0.204787,0
0.0507247,0.0739009,0.196455,0
0.0675078,0.0759578,0.206839,0
0.0512216,0.115958,0.199289,0
0.052692,0.0920726,0.179819,0
0.0977735,0.0327551,0.15517,0
0.078097,0.110531,0.188443,0
0.103612,0.182668,0.160064,0
0.0327259,0.137163,0.117795,0
0.101704,0.156961,0.106008,0
0.0694787,0.182535,0.139149,0
0.0537951,0.0086435,0.113357,0
0.107678,0.152857,0.10863,0
0.0732783,0.217553,0.138393,0
0.0945039,0.18105,0.197134,0
0.0204675,0.00712479,0.179443,0
0.0982972,0.183513,0.164697,0
0.0321689,0.0613319,0.135963,0
0.00142441,0.00492771,0.109192,0
0.0957003,0.0978025,0.194383,0
0.0401752,0.0836309,0.215191,0
0.00254542,0.0446981,0.166086,0
0.0318088,0.208444,0.207487,0
0.0335395,0.18756,0.222442,0
0.110211,0.154783,0.107554,0
0.106662,0.154018,0.110089,0
0.03315,0.176671,0.129786,0
0.107322,0.151649,0.111254,0
0.0224507,0.136432,0.208798,0
0.0212892,0.00168427,0.122656,0
0.111281,0.0589689,0.151198,0
0.0962845,0.0550819,0.182526,0
0.106382,0.044684,0.198343,0
0.067145,0.212525,0.125324,0
0.11039,0.0854762,0.106096,0
0.11198,0.154843,0.106521,0
0.0592843,0.187854,0.196441,0
0.00510271,0.00459468,0.116862,0
0.0451994,0.199681,0.160249,0
0.0808401,0.132095,0.178745,0
0.104148,0.0840531,0.109645,0
0.039623,0.204609,0.121479,0
0.106328,0.153804,0.106731,0
0.0992114,0.160299,0.111821,0
0.0159833,0.121621,0.141498,0
0.103047,0.153382,0.108657,0
0.105087,0.148563,0.106353,0
0.0320194,0.214774,0.189384,0
0.00386079,0.0991896,0.166215,0
0.104196,0.154974,0.10825,0
0.0416745,0.175602,0.12255,0
0.026165,0.0757481,0.193892,0
0.103041,0.0242731,0.189214,0
0.0507715,0.131865,0.206985,0
0.106233,0.151295,0.108021,0
0.0441302,0.20881,0.197762,0
0.0757542,0.187518,0.221717,0
0.0625403,0.0235034,0.200203,0
0.0541318,0.133269,0.195316,0
0.0203006,0.164316,0.208884,0
0.0983291,0.150134,0.106858,0
0.0785733,0.0915528,0.133536,0
0.0209212,0.0869757,0.224263,0
0.0393536,0.10726,0.142508,0
0.0393572,0.0833897,0.20892,0
0.107495,0.145597,0.107728,0
0.107925,0.142507,0.214587,0
0.043638,0.0752168,0.148426,0
0.0284549,0.196525,0.134,0
0.0315301,0.207926,0.181265,0
0.0939775,0.00829485,0.173276,0
0.0873056,0.024663,0.203364,0
0.0394516,0.0340269,0.128629,0
0.10881,0.156017,0.109515,0
0.060591,0.139774,0.172892,0
0.034703,0.0270504,0.152841,0
0.0588746,0.205085,0.181229,0
0.0797175,0.169517,0.106796,0
0.0146056,0.0378741,0.133392,0
0.0348885,0.0087694,0.169718,0
0.0999804,0.00654249,0.136991,0
0.0148706,0.095956,0.148037,0
0.0097807,0.107118,0.126651,0
0.0287681,0.0954819,0.135695,0
0.00153231,0.0963691,0.146426,0
0.0653221,0.20386,0.117069,0
0.104726,0.152927,0.106581,0
0.038011,0.0469032,0.133431,0
0.0598679,0.0363012,0.165366,0
0.0377164,0.094423,0.219557,0
0.0412221,0.205092,0.138002,0
0.0999862,0.15292,0.106471,0
0.0073362,0.122819,0.174122,0
0.0728455,0.0974508,0.181193,0
0.105803,0.154072,0.109035,0
0.0882363,0.0336423,0.159669,0
0.105703,0.156653,0.109337,0
0.0572465,0.105742,0.191657,0
0.0457253,0.0438336,0.182417,0
0.110149,0.0827194,0.109594,0
0.101896,0.152371,0.106891,0
0.106784,0.149834,0.109386,0
0.105423,0.153185,0.109828,0
0.10923,0.190353,0.138496,0
0.111849,0.147879,0.108017,0
0.106083,0.1518,0.106629,0
0.102749,0.155149,0.106597,0
0.107438,0.152165,0.110177,0
0.0999843,0.156165,0.109534,0
0.108507,0.149193,0.103703,1
0.208794,0.0404257,0.0714335,1
0.129821,0.0981031,0.0185155,1
0.145921,0.0231043,0.104113,1
0.117463,0.192155,0.0564638,1
0.17098,0.204667,0.0159261,1
0.222858,0.156507,0.0146588,1
0.17642,0.0798269,0.0308176,1
0.192923,0.218216,0.092086,1
0.177244,0.185342,0.0922781,1
0.213029,0.13477,0.0798558,1
0.171887,0.0758356,0.0148398,1
0.12764,0.167398,0.0560808,1
0.120434,0.201024,0.0732314,1
0.204661,0.0937931,0.0194683,1
0.159816,0.131103,0.0604474,1
0.205018,0.0760347,0.0775372,1
0.186568,0.0255223,0.049482,1
0.124812,0.0209657,0.00201345,1
0.127525,0.175372,0.0699266,1
0.138945,0.0527703,0.0205841,1
0.187932,0.0614464,0.0900919,1
0.115003,0.196088,0.0576461,1
0.128707,0.118057,0.0569079,1
0.160564,0.0858353,0.0615058,1
0.185553,0.0532935,0.0477824,1
0.172614,0.143242,0.0514879,1
0.204273,0.0118852,0.0271456,1
0.173434,0.133909,0.0855789,1
0.171963,0.133712,0.102849,1
0.184463,0.135417,0.0394999,1
0.126553,0.00206786,0.0431929,1
0.108853,0.153556,0.101991,1
0.106831,0.154976,0.0995535,1
0.175902,0.0832875,0.0272574,1
0.107625,0.0447392,0.064551,1
0.117368,0.152073,0.028197,1
0.179302,0.152294,0.0258412,1
0.220723,0.0699472,0.0509035,1
0.159165,0.140038,0.0732577,1
0.128121,0.0744233,0.0338384,1
0.137634,0.0405373,0.0231247,1
0.208,0.000522876,0.0310003,1
0.112585,0.0107638,0.0178714,1
0.203819,0.165792,0.0566936,1
0.125496,0.139808,0.0661735,1
0.223056,0.0717692,0.0440505,1
0.107276,0.118609,0.0813704,1
0.125503,0.112612,0.00669561,1
0.220009,0.200186,0.0905472,1
0.161042,0.222537,0.0909418,1
0.183424,0.0442264,0.0569639,1
0.171049,0.200438,0.0150354,1
0.214815,0.208352,0.0950111,1
0.184316,0.1704,0.0693299,1
0.132278,0.0983349,0.091933,1
0.173709,0.105557,0.0311929,1
0.123851,0.151958,0.0155087,1
0.180189,0.0116939,0.0463787,1
0.149351,0.183302,0.0113211,1
0.108863,0.152848,0.101546,1
0.108954,0.0976177,0.102164,1
0.204583,0.174612,0.0157158,1
0.150469,0.139033,0.0928069,1
0.195206,0.0707441,0.0931113,1
0.118701,0.195788,0.0569031,1
0.159906,0.0957769,0.0623302,1
0.117921,0.149676,0.103297,1
0.203665,0.0718407,0.0759837,1
0.187213,0.130853,0.093013,1
0.204254,0.0461314,0.0225299,1
0.110693,0.202255,0.0305806,1
0.107553,0.157701,0.0984945,1
0.112046,0.0323983,0.00621541,1
0.177097,0.19419,0.101824,1
0.221097,0.137097,0.0510352,1
0.22307,0.0748498,0.0482722,1
0.202258,0.153701,0.0929976,1
0.10954,0.122491,0.0792194,1
0.116837,0.161084,0.0193139,1
0.161641,0.198645,0.102602,1
0.157065,0.201034,0.0529632,1
0.181167,0.11733,0.0409717,1
0.127895,0.0262674,0.0455096,1
0.184975,0.109302,0.0663424,1
0.154454,0.118616,0.0667525,1
0.206631,0.192178,0.0785682,1
0.153326,0.0530496,0.103649,1
0.106782,0.0840392,0.105653,1
0.111762,0.149868,0.102469,1
0.107595,0.15542,0.100761,1
0.179112,0.0627743,0.0341331,1
0.208692,0.16252,0.0980311,1
0.122685,0.0910688,0.0046884,1
0.217867,0.188486,0.0758207,1
0.190082,0.0124309,0.0172875,1
0.211147,0.0767911,0.0855755,1
0.18203,0.0558022,0.10059,1
0.205554,0.118334,0.0219833,1
0.138923,0.0814691,0.0030563,1
0.173054,0.202395,0.00922043,1
0.146671,0.00417842,0.00917497,1
0.151229,0.112026,0.0284438,1
0.148819,0.0532627,0.0561876,1
0.125348,0.149545,0.0890684,1
0.203442,0.00938418,0.0519918,1
0.205311,0.127182,0.0249022,1
0.187446,0.111867,0.0402658,1
0.154119,0.170261,0.104104,1
0.108542,0.0696716,0.0726756,1
0.142634,0.132953,0.0925084,1
0.118133,0.0415138,0.0660337,1
0.122995,0.08732,0.0208197,1
0.155705,0.206772,0.0264557,1
0.186159,0.0402054,0.00106127,1
0.208958,0.102948,0.0147923,1
0.176249,0.117165,0.00976229,1
0.165677,0.0144231,0.0713105,1
0.109431,0.157683,0.103383,1
0.174532,0.212879,0.0849102,1
0.109179,0.158793,0.102695,1
0.214789,0.0955803,0.0564096,1
0.108493,0.151915,0.103869,1
0.116548,0.0703883,0.0734575,1
0.174595,0.212883,0.0904935,1
0.110111,0.150283,0.101033,1
0.108669,0.148266,0.105738,1
0.137789,0.128601,0.0405307,1
0.117466,0.0657696,0.0847472,1
0.107532,0.150892,0.100986,1
0.109337,0.15549,0.104934,1
0.105844,0.152983,0.0996938,2
0.0838431,0.0715918,0.0556768,2
0.0436411,0.115749,0.0402685,2
0.0424027,0.13605,0.0144727,2
0.0614885,0.196578,0.0739668,2
0.0755648,0.109442,0.0150674,2
0.0242025,0.14211,0.0115574,2
0.0212636,0.128124,0.00195859,2
0.0996524,0.0994235,0.0694531,2
0.0308844,0.129572,0.0366713,2
0.0395371,0.0430956,0.0328836,2
0.0764671,0.0168025,0.0386096,2
0.0530033,0.211471,0.0346158,2
0.0400876,0.14217,0.0876561,2
0.06935,0.136099,0.050044,2
0.0681862,0.191753,0.0251407,2
0.0734826,0.093962,0.0390898,2
0.00171211,0.000220315,0.0572353,2
0.00270363,0.120702,0.0301747,2
0.0893,0.177662,0.0372495,2
0.017755,0.190709,0.100622,2
0.0794547,0.0736289,0.0296014,2
0.0079831,0.139803,0.0337388,2
0.105444,0.00138512,0.090157,2
0.0426204,0.104622,0.0486452,2
0.0713049,0.144354,0.048735,2
0.0776595,0.181868,0.0807854,2
0.0393587,0.217879,0.0353838,2
0.0218969,0.184885,0.0820089,2
0.0220389,0.140587,0.059324,2
0.0429441,0.118907,0.0499439,2
0.0542429,0.217004,0.0867795,2
0.0913595,0.0858494,0.00654046,2
0.104176,0.15486,0.104526,2
0.0252281,0.0252155,0.0339218,2
0.100284,0.0121959,0.0964453,2
0.0318786,0.0985818,0.104841,2
0.0364534,0.206831,0.0867886,2
0.0137709,0.0474834,0.0144555,2
0.0526422,0.0597938,0.030519,2
0.10358,0.148424,0.101937,2
0.104675,0.147103,0.103331,2
0.0505403,0.0484442,0.100642,2
0.034169,0.125043,0.054379,2
0.0612455,0.198992,0.0497629,2
0.0750679,0.13343,0.0698725,2
0.0742034,0.156573,0.0642998,2
0.103326,0.148938,0.0999082,2
0.0131314,0.217729,0.0534443,2
0.05347,0.215383,0.055886,2
0.0561587,0.184813,0.0671381,2
0.103794,0.14754,0.102023,2
0.0152445,0.151409,0.100182,2
0.037081,0.00890103,0.00469613,2
0.0779009,0.00403565,0.0459402,2
0.100738,0.0637062,0.0889469,2
0.0431507,0.221401,0.0125008,2
0.0892441,0.170415,0.0208455,2
0.00313682,0.0424257,0.0143119,2
0.1053,0.140152,0.0819506,2
0.00380013,0.141544,0.0531946,2
0.0551374,0.0953119,0.0172785,2
0.0517268,0.211644,0.0331195,2
0.024221,0.100996,0.0838918,2
0.0418584,0.0500804,0.0478743,2
0.0800658,0.0125599,0.0687491,2
0.0239082,0.0271304,0.0747751,2
0.0740188,0.0759387,0.0434327,2
0.0590015,0.0522784,0.00887584,2
0.104927,0.15408,0.103948,2
0.105674,0.15422,0.105261,2
0.0344056,0.0564122,0.0150684,2
0.06039,0.0854722,0.0785125,2
0.0323858,0.177222,0.0365065,2
0.0691914,0.171483,0.0444853,2
0.101134,0.149653,0.10443,2
0.0507376,0.111209,0.0402764,2
0.0680007,0.153949,0.0619422,2
0.0606872,0.203066,0.0156446,2
0.0381779,0.126201,0.0791088,2
0.0317433,0.0563976,0.0849314,2
0.0337843,0.206514,0.0185629,2
0.0690757,0.0861415,0.0258878,2
0.0665205,0.0504665,0.0953086,2
0.0533878,0.0475936,0.0595816,2
0.0798371,0.0360182,0.00338096,2
0.0171249,0.221494,0.102227,2
0.105345,0.160775,0.016668,2
0.042675,0.209588,0.0743684,2
0.0423124,0.0282878,0.097194,2
0.103542,0.15543,0.100692,2
0.0734787,0.0636454,0.0701737,2
0.0735149,0.157644,0.0930678,2
0.00224062,0.142623,0.0806423,2
0.0116351,0.190527,0.0261776,2
0.0482111,0.120258,0.0541926,2
0.0738572,0.194242,0.0188768,2
0.042684,0.0399214,0.0380864,2
0.00911621,0.21735,0.0640189,2
0.0212174,0.124569,0.0276086,2
0.0784621,0.14558,0.0408122,2
0.0782946,0.0200288,0.0431412,2
0.00378244,0.0203295,0.0295122,2
0.0154235,0.0669493,0.0734309,2
0.105798,0.155306,0.0991911,2
0.0743529,0.188492,0.00682104,2
0.00782771,0.164995,0.0313801,2
0.0433672,0.0636789,0.0857987,2
0.0328529,0.0674432,0.000554279,2
0.106158,0.153535,0.100692,2
0.103623,0.155222,0.105182,2
0.0129913,0.0045839,0.105655,2
0.105638,0.153868,0.103359,2
0.10588,0.151334,0.105667,2
0.10582,0.157125,0.105464,2
0.101368,0.151031,0.105451,2
0.105756,0.153552,0.105177,2
0.178845,0.0695806,0.144842,3
0.175145,0.205158,0.142156,3
0.126065,0.191769,0.221593,3
0.192381,0.11685,0.169044,3
0.192329,0.200107,0.219445,3
0.127211,0.0278741,0.20626,3
0.146014,0.154971,0.204017,3
0.223421,0.0612012,0.200727,3
0.180906,0.176762,0.214366,3
0.191248,0.156635,0.182446,3
0.178989,0.165469,0.187348,3
0.223329,0.123857,0.156602,3
0.178236,0.121004,0.106449,3
0.184766,0.198712,0.160054,3
0.160606,0.193736,0.168366,3
0.164566,0.145781,0.211757,3
0.13199,0.134667,0.166384,3
0.182449,0.132601,0.14268,3
0.138331,0.107399,0.134042,3
0.157822,0.0610747,0.116551,3
0.200518,0.0577066,0.115308,3
0.160843,0.100302,0.114466,3
0.143003,0.185329,0.192319,3
0.201839,0.0843138,0.187643,3
0.117646,0.0385348,0.121352,3
0.185775,0.107899,0.178106,3
0.1838,0.1092,0.180604,3
0.212569,0.0825796,0.171631,3
0.187198,0.190787,0.191469,3
0.129258,0.0347833,0.198684,3
0.220223,0.174463,0.112302,3
0.139273,0.00218462,0.120034,3
0.143554,0.135168,0.163711,3
0.15275,0.192545,0.178936,3
0.173356,0.209734,0.154251,3
0.207142,0.224245,0.218919,3
0.141083,0.115231,0.14369,3
0.186606,0.0759023,0.191192,3
0.19062,0.0322121,0.166441,3
0.143403,0.176594,0.208403,3
0.164639,0.145572,0.15572,3
0.151931,0.0806171,0.120558,3
0.120393,0.180942,0.15816,3
0.198453,0.0475154,0.130848,3
0.157523,0.181158,0.127912,3
0.13725,0.17554,0.114048,3
0.203646,0.185224,0.20088,3
0.125228,0.125,0.215972,3
0.207737,0.0829231,0.173047,3
0.222751,0.0963536,0.192693,3
0.123622,0.117533,0.127768,3
0.155748,0.0927218,0.200533,3
0.131789,0.106404,0.124651,3
0.155845,0.214471,0.20118,3
0.14673,0.101103,0.181154,3
0.183566,0.177674,0.217693,3
0.217195,0.113416,0.224844,3
0.193233,0.131829,0.147787,3
0.171767,0.046674,0.207261,3
0.120468,0.205702,0.201644,3
0.170591,0.190133,0.162109,3
0.212757,0.0531698,0.116202,3
0.205558,0.108307,0.164249,3
0.136076,0.0422653,0.181068,3
0.150466,0.203791,0.151399,3
0.172027,0.152227,0.160236,3
0.146582,0.150761,0.117795,3
0.125919,0.220401,0.127233,3
0.147272,0.0793245,0.218485,3
0.221066,0.130456,0.14597,3
0.182807,0.0575041,0.158035,3
0.12919,0.00471996,0.172614,3
0.114614,0.211207,0.222662,3
0.113292,0.0400905,0.135435,3
0.22212,0.21213,0.109944,3
0.112708,0.206972,0.155701,3
0.160349,0.0151448,0.155683,3
0.187003,0.0858233,0.195407,3
0.114845,0.204062,0.15607,3
0.18404,0.048101,0.1698,3
0.113496,0.199977,0.13285,3
0.208814,0.113555,0.21121,3
0.199916,0.0635212,0.124164,3
0.139951,0.174515,0.152834,3
0.131133,0.0699135,0.130231,3
0.191642,0.0858162,0.164837,3
0.200187,0.202466,0.130475,3
0.160902,0.0271678,0.170914,3
0.18591,0.152134,0.154098,3
0.166878,0.147303,0.168344,3
0.174547,0.0130367,0.219975,3
0.113342,0.198732,0.172294,3
0.153838,0.127897,0.198157,3
0.144212,0.134756,0.122739,3
0.183246,0.207214,0.183171,3
0.132573,0.113447,0.200451,3
0.221393,0.197424,0.117802,3
0.126626,0.0529394,0.205259,3
0.171468,0.191877,0.220169,3
0.115929,0.119666,0.178867,3
0.147845,0.140458,0.179237,3
0.177836,0.172223,0.145941,3
0.224997,0.0348128,0.167157,3
0.127302,0.0156502,0.155064,3
0.176172,0.0362738,0.224324,3
0.171432,0.145139,0.142546,3
0.183265,0.207408,0.176897,3
0.207325,0.0907958,0.192431,3
0.173734,0.186934,0.215002,3
0.153859,0.00429978,0.190403,3
0.143098,0.00478538,0.181805,3
0.197094,0.0358045,0.181553,3
0.196698,0.119018,0.192626,3
0.220323,0.0313438,0.164156,3
0.200662,0.0780597,0.131301,3
0.117088,0.0937329,0.168478,3
0.187933,0.0243677,0.149592,3
0.198339,0.101612,0.166292,3
0.1331,0.0417419,0.120291,3
0.123362,0.180344,0.11198,3
0.224739,0.0591842,0.132168,3
0.144932,0.000464752,0.195485,3
0.11378,0.0608548,0.216171,3
0.120357,0.167257,0.185657,3
0.112632,0.0744377,0.224822,3
