x coord,y coord,z coord,rank
0.0326386,0.00149304,0.172528,0
0.102696,0.0386123,0.182546,0
0.00295425,0.211648,0.143243,0
0.110081,0.09162,0.197067,0
0.0916255,0.153116,0.209653,0
0.0432947,0.117131,0.213702,0
0.00120866,0.0788223,0.208791,0
0.0135357,0.0374551,0.159407,0
0.0257332,0.0316824,0.190436,0
0.0556598,0.141772,0.198667,0
0.0855002,0.11876,0.222577,0
0.0729106,0.0974893,0.166846,0
0.0670121,0.0767935,0.159283,0
0.0446597,0.0310287,0.143403,0
0.0113356,0.14091,0.132789,0
0.0353825,0.175169,0.136535,0
0.00876527,0.015679,0.185316,0
0.00838198,0.018675,0.166038,0
0.0210714,0.0224072,0.197856,0
0.051764,0.110216,0.139399,0
0.0733265,0.16902,0.135799,0
0.0805123,0.186108,0.18975,0
0.0762119,0.0584713,0.160055,0
0.0968625,0.0231312,0.146306,0
0.0501105,0.0765025,0.155357,0
0.0774622,0.0496384,0.169522,0
0.0598016,0.185087,0.172736,0
0.0826287,0.216273,0.17771,0
0.0391029,0.197186,0.186975,0
0.014885,0.0368261,0.148615,0
4.20392e-05,0.00390094,0.183958,0
0.110521,0.138549,0.224956,0
0.00282168,0.21163,0.150972,0
0.09415,0.176086,0.172403,0
0.0568954,0.121438,0.149124,0
0.0235201,0.0998971,0.119464,0
0.0117164,0.155649,0.171936,0
0.00698485,0.00162448,0.188264,0
0.0442758,0.0854089,0.198063,0
0.0992234,0.0959201,0.204658,0
0.0920112,0.000547504,0.149008,0
0.0464731,0.0199795,0.1243,0
0.0588339,0.118255,0.165839,0
0.0135329,0.0142844,0.139415,0
0.0615497,0.0310734,0.118894,0
0.111928,0.0268712,0.183377,0
0.0369768,0.0695544,0.13436,0
0.0403129,0.0685603,0.151957,0
0.0341129,0.160726,0.17965,0
0.109802,0.200081,0.160431,0
0.0281408,0.211464,0.167478,0
0.0699561,0.153155,0.17815,0
0.0326619,0.213612,0.218469,0
0.0529987,0.0552033,0.163973,0
0.0251389,0.163217,0.12889,0
0.00923483,0.0296194,0.151679,0
0.0102238,0.00550238,0.135867,0
0.0441959,0.0222038,0.20833,0
0.0249544,0.181969,0.134736,0
0.0618754,0.0631907,0.192367,0
0.0280462,0.0571045,0.169979,0
0.0234944,0.0500898,0.162747,0
0.0824641,0.0937018,0.20648,0
0.0544486,0.121939,0.147213,0
0.0657685,0.200791,0.185205,0
0.0578034,0.052505,0.224452,0
0.0897295,0.0307699,0.171753,0
0.00104056,0.0224865,0.164779,0
0.0377526,0.065475,0.169747,0
0.00443377,0.10874,0.13894,0
0.0030644,0.174827,0.128831,0
0.0618518,0.0225392,0.167196,0
0.0757764,0.204959,0.175812,0
0.0766583,0.0383048,0.125879,0
0.0609379,0.0407623,0.166038,0
0.0588078,0.144345,0.129221,0
0.0740004,0.132091,0.132846,0
0.0979684,0.118544,0.192984,0
0.0537371,0.204496,0.201039,0
0.0987976,0.206699,0.218398,0
0.0721863,0.00654415,0.13181,0
0.0469213,0.08303,0.19759,0
0.0956818,0.211882,0.2127,0
0.00461758,0.100401,0.180488,0
0.0619981,0.0615908,0.177103,0
0.037019,0.0133916,0.222036,0
0.0460549,0.0954918,0.215322,0
0.104242,0.129441,0.218029,0
0.0778056,0.181989,0.214393,0
0.108105,0.129114,0.130437,0
0.0316492,0.02632,0.192101,0
0.0623083,0.20686,0.211219,0
0.0353071,0.13873,0.202642,0
0.113134,0.00472101,0.163829,0
0.00429764,0.0737321,0.133684,0
0.0858572,0.0498705,0.185184,0
0.0587395,0.0741037,0.144407,0
0.113501,0.209309,0.142142,0
0.0110957,0.0385001,0.129944,0
0.112297,0.14808,0.189819,0
0.110978,0.183903,0.143946,0
0.215589,0.00825092,0.0371746,1
0.210939,0.0753496,0.03889,1
0.21576,0.0528214,0.0114661,1
0.223402,0.0533013,0.0155864,1
0.188777,0.0888661,0.085533,1
0.220584,0.0530584,0.0157759,1
0.164212,0.0357235,0.0148729,1
0.179028,0.165863,0.0913871,1
0.219568,0.0500836,0.0118712,1
0.158647,0.00638937,0.112895,1
0.224895,0.0501887,0.0153196,1
0.183921,0.0636847,0.0721281,1
0.191338,0.0838166,0.0168208,1
0.185273,0.133984,0.0414175,1
0.217046,0.0518335,0.0128841,1
0.148996,0.207597,0.079627,1
0.218609,0.212991,0.0182351,1
0.213363,0.0589485,0.0905015,1
0.21975,0.0541335,0.0124046,1
0.220485,0.0572812,0.00951539,1
0.220959,0.0488421,0.0140014,1
0.180289,0.113558,0.0360688,1
0.165278,0.146592,0.0958797,1
0.187562,0.197798,0.111467,1
0.217044,0.16934,0.0245176,1
0.161435,0.138925,0.113675,1
0.21777,0.0527256,0.0113932,1
0.18992,0.0113007,0.0104327,1
0.143448,0.195963,0.0931979,1
0.19127,0.0577814,0.020032,1
0.172211,0.154424,0.0603606,1
0.203521,0.0606207,0.112527,1
0.155804,0.205745,0.103224,1
0.182904,0.100915,0.0452436,1
0.19273,0.208271,0.0316441,1
0.222259,0.0520501,0.0136101,1
0.145031,0.0274043,0.0591566,1
0.199123,0.00248321,0.0344278,1
0.19159,0.146718,0.0367911,1
0.165784,0.169431,0.107062,1
0.217261,0.0570535,0.0100393,1
0.216633,0.0808012,0.0852211,1
0.141462,0.176638,0.0866015,1
0.224089,0.0790215,0.0713449,1
0.141441,0.199519,0.0679808,1
0.222377,0.0525897,0.0133694,1
0.216235,0.190856,0.0367536,1
0.219419,0.0497944,0.00885275,1
0.219521,0.0506025,0.00931447,1
0.149759,0.00074183,0.0612547,1
0.154266,0.0174351,0.0530233,1
0.178028,0.203093,0.0710472,1
0.155173,0.0217051,0.0681514,1
0.146548,0.147638,0.0135411,1
0.140153,0.0858256,0.0755069,1
0.219585,0.055358,0.0120182,1
0.20015,0.171081,0.0336431,1
0.214795,0.0483323,0.0102457,1
0.198909,0.0132125,0.00717914,1
0.188092,0.0464136,0.0033097,1
0.184225,0.136243,0.0386565,1
0.223521,0.220159,0.0744196,1
0.222627,0.0578011,0.0153149,1
0.219981,0.0499308,0.00791494,1
0.1432,0.190184,0.064129,1
0.22,0.0514954,0.0109652,1
0.206609,0.175967,0.044464,1
0.165364,0.0927694,0.012663,1
0.144341,0.0898517,0.107346,1
0.196679,0.186022,0.0427005,1
0.219106,0.0502734,0.0126347,1
0.173171,0.137488,0.102373,1
0.221131,0.0520821,0.0148226,1
0.197394,0.0376115,0.0740217,1
0.164167,0.119125,0.0869951,1
0.182028,0.203318,0.0350683,1
0.216706,0.0508438,0.0146699,1
0.224909,0.210732,0.113917,1
0.169648,0.158424,0.0507018,1
0.219299,0.0548851,0.0106772,1
0.205364,0.158422,0.0387174,1
0.183659,0.160122,0.0708809,1
0.215547,0.0496269,0.0133124,1
0.142374,0.0197169,0.111363,1
0.166226,0.0494357,0.0714457,1
0.217081,0.0536578,0.0103669,1
0.217423,0.0516641,0.0119066,1
0.19954,0.0445811,0.0999336,1
0.21632,0.0498385,0.0102508,1
0.171243,0.216997,0.112646,1
0.221602,0.0731051,0.0721381,1
0.146056,0.0115893,0.0719605,1
0.216803,0.053813,0.0129728,1
0.173744,0.157299,0.0671715,1
0.2125,0.00739268,0.0711039,1
0.220549,0.0498697,0.00645807,1
0.172492,0.211672,0.0482346,1
0.214593,0.0561593,0.0149996,1
0.179368,0.209385,0.0662979,1
0.145537,0.0960482,0.0205755,1
0.224446,0.0520537,0.0123925,1
0.160322,0.0761208,0.0871556,1
0.217208,0.0528748,0.0118953,1
0.217418,0.0520327,0.015132,1
0.217456,0.0494351,0.0120506,1
0.176868,0.167934,0.0719815,1
0.219341,0.050464,0.0118848,1
0.217266,0.0467082,0.0138939,1
0.218201,0.0540113,0.0119618,1
0.219015,0.0483467,0.0122732,1
0.198287,0.188714,0.0748619,1
0.204414,0.0490617,0.110008,1
0.21922,0.0481484,0.0128281,1
0.177907,0.00162765,0.0817711,1
0.143891,0.143175,0.00301792,1
0.141609,0.0590661,0.0807677,1
0.0975814,0.11961,0.0903738,2
0.0402684,0.0752096,0.0702106,2
0.112167,0.0899416,0.0453251,2
0.0266207,0.0236704,0.0969729,2
0.0043847,0.000466879,0.0954615,2
0.100783,0.18095,0.00664368,2
0.107264,0.0632539,0.0744879,2
0.0726609,0.132187,0.0457414,2
0.0931243,0.224231,0.061628,2
0.083062,0.161367,0.016758,2
0.0535876,0.221417,0.111713,2
0.0928852,0.199505,0.0746759,2
0.0369799,0.174623,0.0323129,2
0.0368484,0.0215428,0.0419796,2
0.0420715,0.0214176,0.0395896,2
0.00409174,0.0954328,0.0477064,2
0.00615314,0.0648568,0.032378,2
0.0379226,0.0235852,0.0273266,2
0.0411406,0.0314409,0.0900382,2
0.104007,0.0728359,0.0700774,2
0.113687,0.0340534,0.0846882,2
0.0513171,0.0316248,0.110068,2
0.0328474,0.000859978,0.0581049,2
0.0567489,0.111624,0.022598,2
0.102307,0.149145,0.041604,2
0.118763,0.134785,0.0819312,2
0.0683514,0.22073,0.0783646,2
0.0852733,0.163653,0.103329,2
0.073587,0.113424,0.00423186,2
0.000808975,0.0665874,0.0907839,2
0.0145101,0.179635,0.0593265,2
0.0207672,0.177499,0.0967592,2
0.121042,0.0187134,0.0405603,2
0.049337,0.168533,0.0447583,2
0.107752,0.0381082,0.0873955,2
0.121242,0.118504,0.0776108,2
0.043061,0.0443992,0.0946926,2
0.0866194,0.115116,0.027869,2
0.0131278,0.0764562,0.0357371,2
0.0318365,0.167194,0.0976427,2
0.0861163,0.0368572,0.0974788,2
0.0222846,0.0100357,0.11319,2
0.122505,0.181947,0.088337,2
0.0205756,0.221522,0.00148043,2
0.0444663,0.148908,0.0472576,2
0.00443735,0.159982,0.0861893,2
0.0503973,0.0593642,0.0734371,2
0.0388779,0.0556879,0.0946908,2
0.0305333,0.000880494,0.054097,2
0.00698254,0.00863579,0.0894013,2
0.0244963,0.0232988,0.00679081,2
0.0918178,0.0639101,0.0788514,2
0.0584244,0.214704,0.0140562,2
0.0917906,0.0154626,0.0843381,2
0.00943211,0.178305,0.0364437,2
0.138295,0.066039,0.04577,2
0.0285874,0.0350152,0.00312724,2
0.0893102,0.0828377,0.0114609,2
0.109807,0.19563,0.00830614,2
0.0471341,0.0791625,0.0420829,2
0.104452,0.0200196,0.0746031,2
0.0547122,0.203688,0.082626,2
0.0783589,0.157944,0.0170088,2
0.00494947,0.149818,0.0568674,2
0.0322831,0.184976,0.0194576,2
0.0421219,0.139055,0.071795,2
0.125409,0.186804,0.0939575,2
0.0808914,0.0199842,0.0537776,2
0.0889546,0.0785132,0.103817,2
0.0776176,0.146007,0.0443775,2
0.113923,0.154184,0.0127651,2
0.0345373,0.217331,0.00790606,2
0.0354259,0.0152512,0.111812,2
0.0871878,0.208576,0.0237252,2
0.0186618,0.194571,0.0246299,2
0.110473,0.221049,0.0992856,2
0.0261672,0.197578,0.0150303,2
0.0698566,0.0393182,0.112704,2
0.00413168,0.150924,0.0977108,2
0.0156186,0.20107,0.10156,2
0.0668131,0.116598,0.0442171,2
0.138422,0.163766,0.0543619,2
0.130305,0.143496,0.0451073,2
0.0153297,0.18604,0.019851,2
0.0641939,0.0132834,0.0869368,2
0.0649569,0.000282841,0.114285,2
0.0155916,0.0333949,0.0111514,2
0.0907593,0.19278,0.0520799,2
0.0683126,0.00616913,0.0995735,2
0.0262735,0.0111183,0.084067,2
0.0999962,0.0773913,0.057758,2
0.0327873,0.21374,0.0803357,2
0.0612556,0.215807,0.0192317,2
0.0948184,0.0692445,0.0961046,2
0.0464472,0.0662055,0.0306752,2
0.104824,0.189515,0.0339104,2
0.0306893,0.0923518,0.015952,2
0.0627208,0.0991038,0.0871151,2
0.0592009,0.010401,0.0365885,2
0.0468949,0.0419085,0.0365271,2
0.0828935,0.133861,0.0810318,2
0.121184,0.0896463,0.0859553,2
0.0485514,0.17767,0.0738739,2
0.125722,0.213944,0.0927159,2
0.0678743,0.0559325,0.0621592,2
0.080193,0.0876643,0.0953539,2
0.0773666,0.0971151,0.112708,2
0.106702,0.00367145,0.0945891,2
0.0329013,0.121158,0.106216,2
0.0151702,0.137331,0.0575294,2
0.133616,0.176331,0.102825,2
0.049526,0.10296,0.00416704,2
0.0221301,0.0179085,0.102093,2
0.00112935,0.0437052,0.0809861,2
0.129437,0.0782937,0.0437635,2
0.0909023,0.224683,0.0696087,2
0.0943149,0.18875,0.0502148,2
0.0324973,0.220616,0.0742738,2
0.136596,0.0696688,0.0990175,2
0.0759204,0.106717,0.105954,2
0.117893,0.0253389,0.0574835,2
0.0988371,0.155767,0.000349822,2
0.124897,0.0483604,0.0592635,2
0.0448192,0.162116,0.0509829,2
0.0190783,0.152027,0.00163655,2
0.0124459,0.186837,0.0609577,2
0.0146317,0.0353391,0.0702932,2
0.121643,0.162712,0.0963238,2
0.0234443,0.206331,0.0417816,2
0.0438236,0.213687,0.0292543,2
0.098834,0.0523407,0.109561,2
0.0405458,0.142944,0.04045,2
0.106127,0.0402249,0.0540021,2
0.059404,0.00866249,0.0924683,2
0.0576496,0.0951614,0.0772143,2
0.103507,0.175867,0.0460274,2
0.033773,0.0792867,0.0627162,2
0.102601,0.113468,0.0502717,2
0.0888753,0.0893719,0.0799968,2
0.0312732,0.189499,0.0840354,2
0.111695,0.0314594,0.0286307,2
0.0154736,0.175769,0.100425,2
0.055143,0.0484989,0.0918884,2
0.132748,0.216774,0.0424169,2
0.0398655,0.0475825,0.10568,2
0.123585,0.0450027,0.113823,2
0.132693,0.0484883,0.0743672,2
0.138491,0.0642771,0.0495749,2
0.213616,0.0951944,0.219569,3
0.138707,0.0698704,0.163345,3
0.214588,0.0789732,0.140995,3
0.132909,0.194358,0.183109,3
0.117046,0.205304,0.152517,3
0.141392,0.170479,0.202411,3
0.14375,0.178927,0.183266,3
0.129001,0.12181,0.123997,3
0.136707,0.00144937,0.139292,3
0.150853,0.0712087,0.161419,3
0.159803,0.00737874,0.146703,3
0.211456,0.104131,0.160154,3
0.150654,0.0784727,0.138962,3
0.195327,0.0831082,0.191279,3
0.141947,0.0630659,0.120125,3
0.177981,0.0633117,0.197156,3
0.168686,0.21995,0.125941,3
0.132026,0.137308,0.203176,3
0.164277,0.154449,0.212534,3
0.123652,0.0100654,0.222027,3
0.223894,0.0899514,0.173598,3
0.146977,0.0344971,0.212996,3
0.143456,0.171107,0.22318,3
0.178071,0.155284,0.122702,3
0.150257,0.161979,0.160945,3
0.190279,0.14575,0.181058,3
0.118704,0.0295477,0.1221,3
0.143041,0.17965,0.157787,3
0.146334,0.0264148,0.153753,3
0.165079,0.0143028,0.177889,3
0.170797,0.224712,0.178778,3
0.178885,0.162473,0.169887,3
0.20798,0.0375506,0.20271,3
0.146559,0.170615,0.217726,3
0.17071,0.0873286,0.132916,3
0.173638,0.0467214,0.17401,3
0.140736,0.119331,0.122245,3
0.206616,0.0351462,0.160817,3
0.17608,0.0427941,0.215607,3
0.18225,0.0337965,0.213145,3
0.139296,0.0391613,0.198771,3
0.160747,0.13866,0.123186,3
0.220747,0.188867,0.125997,3
0.171694,0.0673485,0.209533,3
0.185962,0.200221,0.124339,3
0.189753,0.150566,0.123189,3
0.159996,0.0910553,0.198719,3
0.179816,0.063094,0.169013,3
0.199156,0.186745,0.169786,3
0.168097,0.17246,0.202949,3
0.201661,0.119562,0.118324,3
0.14715,0.164292,0.212768,3
0.181823,0.159642,0.202726,3
0.140368,0.173469,0.188308,3
0.222071,0.137439,0.180854,3
0.175398,0.00197767,0.209185,3
0.119739,0.144256,0.141708,3
0.139771,0.186348,0.184979,3
0.147745,0.0678284,0.211472,3
0.175171,0.218247,0.198454,3
0.217018,0.040133,0.192181,3
0.203188,0.158318,0.212395,3
0.157366,0.128885,0.127134,3
0.143703,0.209664,0.171336,3
0.216188,0.116115,0.213903,3
0.223112,0.208332,0.190744,3
0.151063,0.169478,0.219245,3
0.177361,0.0705221,0.186452,3
0.144129,0.182692,0.192531,3
0.115945,0.187482,0.198535,3
0.163249,0.0017164,0.1833,3
0.220921,0.17086,0.186491,3
0.223034,0.0310164,0.167594,3
0.132736,0.0550539,0.200602,3
0.123217,0.146956,0.147677,3
0.146253,0.166222,0.137255,3
0.167595,0.0155969,0.196328,3
0.153902,0.200943,0.1935,3
0.18644,0.0877035,0.155262,3
0.14475,0.129409,0.133326,3
0.159491,0.10705,0.22283,3
0.189207,0.110907,0.164001,3
0.163435,0.145981,0.167157,3
0.20877,0.014319,0.149285,3
0.20722,0.207187,0.181965,3
0.181681,0.184595,0.189062,3
0.155346,0.128749,0.190806,3
0.174507,0.0736116,0.139485,3
0.202557,0.0481082,0.185202,3
0.207922,0.162625,0.127308,3
0.180396,0.212747,0.121,3
0.182687,0.11628,0.181787,3
0.19419,0.143525,0.186015,3
0.21762,0.0790172,0.175672,3
0.203131,0.057979,0.194479,3
0.141581,0.200523,0.137946,3
0.1273,0.0283328,0.180915,3
0.115245,0.102809,0.208454,3
0.128809,0.187867,0.150525,3
0.135125,0.0458079,0.189149,3
0.192606,0.101088,0.144771,3
0.190211,0.171204,0.217989,3
0.222704,0.193388,0.120623,3
0.224732,0.133489,0.142471,3
0.181876,0.116876,0.12578,3
0.177561,0.205113,0.134607,3
0.167371,0.188614,0.1587,3
0.167211,0.129184,0.203842,3
0.195379,0.0646432,0.152072,3
0.163902,0.0494982,0.185245,3
0.146609,0.169273,0.182134,3
0.18259,0.102929,0.129881,3
0.148988,0.219471,0.130735,3
0.210097,0.149601,0.218269,3
0.210085,0.13487,0.191027,3
0.15493,0.00842209,0.167019,3
0.116828,0.130979,0.133244,3
0.118686,0.103528,0.164239,3
0.129051,0.124886,0.123465,3
0.137503,0.178289,0.218923,3
0.210961,0.151631,0.206529,3
0.151548,0.167258,0.140619,3
0.135084,0.122517,0.158414,3
0.126528,0.0391112,0.131483,3
0.189463,0.0496194,0.20983,3
0.145084,0.16457,0.186322,3
0.153864,0.218852,0.156808,3
0.128001,0.136899,0.141875,3
0.204383,0.0654058,0.195311,3
0.164912,0.00823647,0.150134,3
0.135601,0.196882,0.173254,3
0.129897,0.178404,0.139181,3
0.141439,0.0567814,0.11848,3
0.220376,0.176721,0.134514,3
0.218268,0.113876,0.120606,3
