x coord,y coord,z coord,rank
0.0641022,0.0893877,0.201451,0
0.0219117,0.0563772,0.058921,0
0.0770193,0.0605799,0.161914,0
0.0062298,0.00779346,0.0886307,0
0.12226,0.00222562,0.186284,0
0.0449846,0.118537,0.163614,0
0.0397851,0.103097,0.188018,0
0.0254273,0.115483,0.193417,0
0.0234296,0.118307,0.158688,0
0.0458535,0.0296261,0.0323422,0
0.06671,0.00265473,0.201996,0
0.101404,0.0522633,0.196151,0
0.0215595,0.0850898,0.0671521,0
0.0324016,0.0215058,0.146513,0
0.0581465,0.0741081,0.158147,0
0.0766776,0.0123193,0.0567512,0
0.0338087,0.0632047,0.00318329,0
0.0372558,0.0864286,0.0125378,0
0.0545056,0.103593,0.130498,0
0.0552598,0.0246744,0.0753249,0
0.121331,0.0176462,0.0697842,0
0.0479523,0.0127407,0.167214,0
0.0239334,0.0270726,0.174603,0
0.104267,0.119182,0.0636086,0
0.00484278,0.107035,0.150326,0
0.0112954,0.084631,0.0555239,0
0.0300141,0.00500574,0.0980576,0
0.103485,0.0900971,0.0501913,0
0.02141,0.0166673,0.0746315,0
0.109998,0.032249,0.114897,0
0.0827031,0.00428215,0.0356741,0
0.103869,0.0932025,0.111749,0
0.0281242,0.0393853,0.182861,0
0.0739958,0.101126,0.00639533,0
0.0789326,0.0101392,0.0864733,0
0.0296912,0.0265094,0.143017,0
0.109707,0.00669494,0.08916,0
0.0452592,0.0612215,0.0410193,0
0.0374393,0.0970967,0.118637,0
0.0879341,0.024232,0.00653754,0
0.0244259,0.11526,0.198491,0
0.0432034,0.00845676,0.143869,0
0.025429,0.108099,0.103039,0
0.103177,0.0419424,0.0793355,0
0.100065,0.108037,0.0527355,0
0.10038,0.0622828,0.0503197,0
0.0991322,0.00373531,0.0500819,0
0.101653,0.0905062,0.109212,0
0.08882,0.0472226,0.069303,0
0.0469199,0.0583705,0.186842,0
0.0311891,0.017531,0.0261032,0
0.062169,0.0718933,0.220727,0
0.0431273,0.0605066,0.216374,0
0.111721,0.0382723,0.0367818,0
0.00494479,0.0688266,0.175251,0
0.102704,0.0640015,0.212558,0
0.0112232,0.115509,0.213075,0
0.059514,0.080419,0.0573278,0
0.0893452,0.0774523,0.177564,0
0.0212871,0.0199626,0.127268,0
0.0155006,0.120055,0.22257,0
0.0915019,0.0907153,0.0321029,0
0.0371678,0.0604123,0.14053,0
0.00969958,0.108811,0.112309,0
0.049705,0.0553874,0.173019,0
0.0471638,0.0945271,0.142484,0
0.0231862,0.0495924,0.0996508,0
0.060503,0.0100611,0.0610556,0
0.0249247,0.0724656,0.15316,0
0.0841108,0.0869482,0.131788,0
0.0215308,0.0420441,0.0953516,0
0.07271,0.100404,0.0630077,0
0.0432462,0.0910123,0.0660675,0
0.0048518,0.0478379,0.02621,0
0.120411,0.0392898,0.000923732,0
0.0791519,0.10662,0.0704276,0
0.0761126,0.117054,0.051154,0
0.0290628,0.011394,0.059589,0
0.089203,0.0577359,0.0319165,0
0.00569613,0.0962399,0.179176,0
0.0158654,0.0401016,0.117348,0
0.0428088,0.110191,0.0785982,0
0.0104172,0.0182427,0.204342,0
0.00125989,0.00276188,0.212315,0
0.0210488,0.107393,0.1838,0
0.108398,0.0551305,0.104319,0
0.0293899,0.0760593,0.13497,0
0.0842995,0.117881,0.11229,0
0.119747,0.00554486,0.0503921,0
0.0504787,0.0652752,0.18397,0
0.0754955,0.0418041,0.0376007,0
0.0101663,0.0690252,0.224092,0
0.0967972,0.0934855,0.194095,0
0.0910242,0.0111816,0.205663,0
0.0846106,0.0589415,0.0549511,0
0.0357426,0.0711155,0.0582697,0
0.0213414,0.0433886,0.0213866,0
0.0241515,0.0953688,0.107814,0
0.0572363,0.104825,0.0931043,0
0.0127874,0.00402912,0.0427533,0
0.0906746,0.0852071,0.0982842,0
0.119841,0.0877782,0.0216928,0
0.00543192,0.0665647,0.0794195,0
0.118637,0.0781155,0.14837,0
0.100626,0.0648359,0.166535,0
0.0506732,0.0218266,0.209208,0
0.0324232,0.0138295,0.149881,0
0.0682413,0.0115673,0.122563,0
0.0474819,0.0328801,0.138561,0
0.025175,0.0822953,0.0283107,0
0.109327,0.00480575,0.109552,0
0.105427,0.0778741,0.00921575,0
0.0113187,0.117662,0.15595,0
0.119612,0.112144,0.181765,0
0.0865957,0.082407,0.0655518,0
0.0461215,0.0989574,0.103223,0
0.0517855,0.00155975,0.21766,0
0.102883,0.0337653,0.220494,0
0.0267036,0.103462,0.157769,0
0.093434,0.0558018,0.0679326,0
0.0795629,0.0103643,0.193959,0
0.0865796,0.0725115,0.199417,0
0.105327,0.112359,0.154792,0
0.109326,0.0663115,0.0557023,0
0.102678,0.0925513,0.0574737,0
0.113092,0.0926095,0.0612983,0
0.0841821,0.0123211,0.0462969,0
0.0845949,0.107881,0.0735273,0
0.102489,0.105418,0.211955,0
0.122624,0.0458467,0.0802659,0
0.16042,0.0593332,0.0728023,1
0.205352,0.0105483,0.0321748,1
0.192416,0.0425915,0.0218594,1
0.194901,0.0399315,0.0229693,1
0.151799,0.0992887,0.0840612,1
0.190865,0.0425602,0.0211939,1
0.135976,0.0731369,0.122725,1
0.139358,0.0234511,0.0507195,1
0.187451,0.046222,0.0302517,1
0.163492,0.0501061,0.054173,1
0.145745,0.101385,0.212874,1
0.128107,0.0321998,0.133494,1
0.224356,0.0983805,0.203804,1
0.131903,0.0248568,0.208811,1
0.191258,0.0387788,0.0270749,1
0.21318,0.0992915,0.201315,1
0.185648,0.0953609,0.0835349,1
0.137211,0.0296592,0.0181025,1
0.19431,0.0419751,0.0247886,1
0.193358,0.047618,0.0233434,1
0.189328,0.0460358,0.0222077,1
0.145196,0.0785058,0.21348,1
0.186879,0.08686,0.136588,1
0.184413,0.0169562,0.125813,1
0.180809,0.0660385,0.123548,1
0.203743,0.0922885,0.131363,1
0.191077,0.0448138,0.0258737,1
0.191575,0.00224929,0.113673,1
0.178589,0.0834613,0.0734558,1
0.169043,0.0517656,0.219698,1
0.147975,0.0289993,0.139922,1
0.153384,0.000314891,0.110109,1
0.148584,0.103666,0.020968,1
0.129103,0.0249116,0.204578,1
0.177849,0.0644834,0.0311002,1
0.193805,0.039663,0.0236522,1
0.176825,0.0738482,0.131087,1
0.192314,0.0103663,0.0950716,1
0.141772,0.0915328,0.202957,1
0.192432,0.0395024,0.0260104,1
0.19366,0.0416767,0.0213509,1
0.22258,0.0173807,0.175229,1
0.149468,0.0497468,0.119107,1
0.213881,0.0455796,0.176618,1
0.213663,0.0820418,0.0468604,1
0.18831,0.0486229,0.0250133,1
0.203611,0.00438799,0.0180598,1
0.1903,0.0437402,0.0277512,1
0.191663,0.0409933,0.0273159,1
0.198353,0.102043,0.0547512,1
0.211139,0.000476482,0.079779,1
0.127903,0.0109104,0.158086,1
0.162153,0.0982264,0.213458,1
0.156416,0.073856,0.0682837,1
0.204359,0.0928282,0.194269,1
0.192429,0.0451636,0.0205767,1
0.18595,0.0440158,0.224604,1
0.194246,0.0443065,0.0256992,1
0.196332,0.0687275,0.0704001,1
0.147862,0.00600197,0.0393212,1
0.184477,0.0035429,0.000481304,1
0.156245,0.0348594,0.162598,1
0.190984,0.0402768,0.0193897,1
0.191355,0.0436406,0.0257833,1
0.210589,0.069932,0.0945897,1
0.194538,0.043377,0.0275573,1
0.20134,0.0953572,0.0996708,1
0.200036,0.0635807,0.182437,1
0.204232,0.0101748,0.0268972,1
0.162674,0.0237762,0.010527,1
0.194942,0.0461765,0.0222295,1
0.221183,0.0221226,0.181668,1
0.195136,0.042261,0.027658,1
0.197632,0.0207715,0.124986,1
0.203814,4.42735e-05,0.205856,1
0.199194,0.00761536,0.088742,1
0.190197,0.0401356,0.0272524,1
0.145085,0.10431,0.21058,1
0.192116,0.0268469,0.0100684,1
0.188391,0.0467426,0.0240772,1
0.126365,0.0405761,0.0965789,1
0.202093,0.0739202,0.101075,1
0.186639,0.0408393,0.0256884,1
0.139743,0.0842019,0.138533,1
0.184571,0.103174,0.11486,1
0.192986,0.0468028,0.0237161,1
0.192269,0.0416532,0.0217561,1
0.161233,0.0365931,0.179723,1
0.193044,0.0459436,0.02442,1
0.156182,0.0327605,0.0909998,1
0.192067,0.00527368,0.22253,1
0.153261,0.00646597,0.00243051,1
0.190405,0.0407578,0.0227158,1
0.19469,0.0890762,0.0800334,1
0.161917,0.0315667,0.145616,1
0.189171,0.0447124,0.0270491,1
0.191432,0.0470214,0.00569938,1
0.196339,0.0442968,0.024783,1
0.159756,0.0877117,0.165993,1
0.205878,0.102298,0.10518,1
0.18825,0.0455996,0.0217315,1
0.159745,0.0103245,0.18322,1
0.188974,0.0420252,0.0251384,1
0.183711,0.0428041,0.0256397,1
0.188934,0.0407827,0.0215373,1
0.206591,0.0435552,0.00409658,1
0.191384,0.0387506,0.0256554,1
0.189808,0.0468759,0.019596,1
0.190625,0.0462746,0.0237807,1
0.190309,0.0451195,0.0242189,1
0.189547,0.0290814,0.00818172,1
0.163538,0.0855406,0.058385,1
0.163719,0.0732336,0.166438,1
0.202169,0.00855774,0.0633267,1
0.154006,0.0373484,0.0558171,1
0.167704,0.0125081,0.0458696,1
0.125411,0.0923206,0.158699,1
0.189161,0.0404918,0.169415,1
0.187111,0.0465723,0.168471,1
0.213125,0.0603604,0.13359,1
0.157565,0.00712206,0.168841,1
0.199385,0.0893024,0.095506,1
0.216881,0.0976544,0.155953,1
0.126083,0.00797199,0.120908,1
0.125421,0.0258479,0.169154,1
0.152554,0.105982,0.0345319,1
0.174851,0.105868,0.0489393,1
0.187568,0.194083,0.13974,2
0.140795,0.161014,0.172176,2
0.160127,0.200616,0.126551,2
0.136901,0.195152,0.117497,2
0.185568,0.175374,0.190107,2
0.16069,0.207641,0.128083,2
0.17803,0.120249,0.0866649,2
0.219106,0.155898,0.169828,2
0.165807,0.146896,0.187922,2
0.140475,0.168521,0.0146035,2
0.148145,0.173661,0.143942,2
0.134594,0.144563,0.15215,2
0.173214,0.145969,0.156351,2
0.133044,0.113969,0.0241689,2
0.192665,0.148371,0.18824,2
0.212432,0.166561,0.192323,2
0.128055,0.15252,0.13411,2
0.138314,0.135016,0.0741398,2
0.162238,0.213312,0.158891,2
0.144683,0.213658,0.147958,2
0.202228,0.187704,0.115802,2
0.210276,0.220455,0.149445,2
0.145724,0.113645,0.081396,2
0.146452,0.144161,0.175618,2
0.189385,0.224826,0.0878944,2
0.13393,0.147321,0.112478,2
0.141203,0.174682,0.161999,2
0.216084,0.130891,0.127596,2
0.144841,0.138792,0.0915246,2
0.194111,0.127496,0.0285822,2
0.146702,0.20159,0.172168,2
0.158886,0.162175,0.195805,2
0.145481,0.185192,0.152932,2
0.223491,0.128921,0.113393,2
0.20297,0.194621,0.115135,2
0.131334,0.147329,0.147,2
0.173477,0.15629,0.0548541,2
0.132098,0.107595,0.00615874,2
0.204061,0.126951,0.206625,2
0.147087,0.180452,0.0858116,2
0.2224,0.22065,0.143689,2
0.217751,0.203549,0.106753,2
0.132813,0.195696,0.089559,2
0.217982,0.184752,0.0153458,2
0.128246,0.107983,0.134269,2
0.217199,0.147682,0.0196413,2
0.184303,0.114734,0.115076,2
0.148771,0.169302,0.124892,2
0.210087,0.203914,0.0352522,2
0.164261,0.174421,0.215435,2
0.202943,0.117537,0.0608341,2
0.173171,0.188061,0.180985,2
0.170008,0.206818,0.0805739,2
0.198631,0.187602,0.000797432,2
0.224567,0.197379,0.157444,2
0.217668,0.223736,0.213954,2
0.189658,0.180618,0.0872548,2
0.142716,0.142969,0.0563042,2
0.21687,0.217735,0.0281563,2
0.163217,0.200334,0.0293298,2
0.155925,0.203845,0.0902964,2
0.146138,0.138795,0.115972,2
0.219349,0.149376,0.0389787,2
0.210393,0.199074,0.188939,2
0.159961,0.20796,0.0356026,2
0.153687,0.192988,0.072445,2
0.170938,0.196272,0.10612,2
0.212613,0.182691,0.224166,2
0.12695,0.177937,0.0340977,2
0.14524,0.185641,0.00587883,2
0.204778,0.172231,0.170012,2
0.127941,0.145531,0.114652,2
0.222203,0.143089,0.172656,2
0.131691,0.175798,0.0054113,2
0.139163,0.204693,0.224288,2
0.139946,0.15941,0.098457,2
0.185071,0.113008,0.0823162,2
0.22011,0.194505,0.051137,2
0.174601,0.122454,0.138805,2
0.153173,0.172165,0.0345863,2
0.147149,0.19689,0.224259,2
0.181089,0.219082,0.0871536,2
0.17049,0.126957,0.146025,2
0.171112,0.196697,0.0351821,2
0.156089,0.190809,0.091097,2
0.162088,0.116486,0.0153796,2
0.202286,0.115156,0.0111895,2
0.15278,0.167245,0.0351617,2
0.20093,0.136921,0.0243154,2
0.212246,0.194668,0.115196,2
0.155846,0.150526,0.0136747,2
0.208781,0.137272,0.213661,2
0.14496,0.205031,0.124698,2
0.166942,0.208293,0.0724294,2
0.196229,0.159837,0.0364165,2
0.219103,0.191154,0.18619,2
0.138736,0.200334,0.113438,2
0.124213,0.177871,0.218256,2
0.219534,0.118351,0.118373,2
0.151092,0.162927,0.027236,2
0.164757,0.125656,0.170281,2
0.173391,0.181636,0.0193134,2
0.205892,0.174227,0.206023,2
0.183844,0.175116,0.170049,2
0.219602,0.119531,0.109501,2
0.206811,0.22243,0.177274,2
0.144226,0.188162,0.029656,2
0.146677,0.18942,0.158893,2
0.201288,0.128014,0.22248,2
0.177128,0.205702,0.0911633,2
0.223015,0.174148,0.147501,2
0.212128,0.168225,0.000138337,2
0.191529,0.181248,0.224074,2
0.168396,0.221108,0.0659174,2
0.223631,0.219311,0.0666695,2
0.212558,0.162335,0.0390574,2
0.161272,0.172668,0.0982487,2
0.180189,0.121394,0.0415211,2
0.128741,0.15598,0.125306,2
0.13999,0.144461,0.0538451,2
0.143025,0.155231,0.207351,2
0.124502,0.177544,0.15351,2
0.128645,0.134713,0.0942312,2
0.0417437,0.199866,0.0613061,3
0.0996235,0.21784,0.0390905,3
0.0820821,0.191644,0.024697,3
0.0331708,0.148353,0.0746408,3
0.120048,0.146588,0.164368,3
0.0531005,0.145713,0.00978828,3
0.0254022,0.16482,0.0274407,3
0.0101818,0.125277,0.20235,3
0.00725879,0.191251,0.0631502,3
0.0196953,0.182543,0.0738423,3
0.0508854,0.186697,0.0472526,3
0.0375449,0.181452,0.0411713,3
0.117855,0.14787,0.0796968,3
0.104093,0.129372,0.0711439,3
0.121188,0.123345,0.0572387,3
0.0796999,0.156018,0.00477607,3
0.045304,0.182802,0.0989146,3
0.0792195,0.206609,0.120492,3
0.0678458,0.133217,0.0149844,3
0.000880149,0.142779,0.0453079,3
0.0952767,0.219108,0.20213,3
0.0506803,0.128799,0.172827,3
0.0566645,0.208584,0.172672,3
0.0703389,0.147246,0.0486939,3
0.0918634,0.124575,0.127712,3
0.0873861,0.205703,0.0947207,3
0.101179,0.20559,0.0182423,3
0.0670679,0.180893,0.206877,3
0.07873,0.180171,0.0889831,3
0.0260021,0.202577,0.125463,3
0.0972473,0.173874,0.121267,3
0.0332448,0.174652,0.200485,3
0.10868,0.194743,0.130094,3
0.0176352,0.155727,0.217261,3
0.110536,0.137635,0.0378192,3
0.078804,0.144934,0.170915,3
0.0833633,0.175951,0.218739,3
0.0416255,0.196143,0.0464616,3
0.0920763,0.146887,0.0857286,3
0.023134,0.201158,0.212199,3
0.0924086,0.171458,0.0726311,3
0.0554736,0.147251,0.0316165,3
0.0461228,0.124663,0.126108,3
0.0982114,0.161469,0.0416003,3
0.12156,0.176127,0.0478072,3
0.103,0.224643,0.112645,3
0.00152838,0.124624,0.0986967,3
0.0159075,0.194609,0.109523,3
0.0154663,0.17999,0.114245,3
0.0641799,0.189218,0.0208451,3
0.0327129,0.213837,0.0947689,3
0.0448211,0.166856,0.179036,3
0.0805991,0.21154,0.109397,3
0.0168038,0.217345,0.208104,3
0.0994885,0.152493,0.0310181,3
0.118223,0.15565,0.0742935,3
0.0842895,0.223061,0.199622,3
0.0501516,0.171639,0.130075,3
0.0147776,0.200069,0.222352,3
0.11586,0.18322,0.0625508,3
0.0597468,0.167603,0.0773314,3
0.0125104,0.135627,0.0971693,3
0.0251686,0.154615,0.0309259,3
0.0106284,0.202433,0.145772,3
0.0391888,0.161418,0.195436,3
0.114359,0.202254,0.173411,3
0.0442062,0.172438,0.0934392,3
0.0503894,0.184416,0.0265526,3
0.0419349,0.190766,0.152747,3
0.0246466,0.185167,0.0933041,3
0.0945845,0.157565,0.00295511,3
0.0854291,0.125412,0.203278,3
0.0877577,0.1789,0.160125,3
0.0637256,0.142639,0.127103,3
0.0951085,0.203212,0.0131057,3
0.0497696,0.124455,0.133556,3
0.0854604,0.159312,0.157842,3
0.0579044,0.215813,0.0868882,3
0.0636713,0.176714,0.00097068,3
0.0263755,0.156804,0.126752,3
0.00527915,0.211367,0.158396,3
0.106861,0.158583,0.151497,3
0.0536092,0.125876,0.0322433,3
0.0466972,0.143924,0.0364814,3
0.0596765,0.175767,0.045755,3
0.048179,0.204361,0.187874,3
0.0117014,0.174751,0.0159592,3
0.102408,0.141733,0.213851,3
0.0358248,0.123456,0.160043,3
0.0631138,0.192257,0.00313649,3
0.0406859,0.218203,0.105568,3
0.0119505,0.156006,0.192978,3
0.0295649,0.224497,0.0117865,3
0.082673,0.19669,0.00118837,3
0.112483,0.127809,0.206443,3
0.0164376,0.189227,0.187151,3
0.113016,0.139438,0.188189,3
0.00508247,0.153105,0.194106,3
0.106352,0.21963,0.00147486,3
0.0329374,0.19562,0.141998,3
0.062416,0.178032,0.223789,3
0.0742249,0.216393,0.0154054,3
0.0447772,0.137291,0.0660953,3
0.100182,0.21374,0.067073,3
0.0134627,0.196783,0.0635119,3
0.0125885,0.149869,0.194658,3
0.109674,0.146763,0.0743261,3
0.119856,0.161205,0.0448342,3
0.112413,0.165504,0.084791,3
0.0471978,0.207388,0.0486549,3
0.00397325,0.122055,0.195069,3
0.0772495,0.181686,0.109978,3
0.104114,0.143802,0.0681825,3
0.0973481,0.210803,0.208974,3
0.043089,0.191209,0.0466478,3
0.0591724,0.141878,0.162226,3
0.0324611,0.127463,0.175729,3
0.041,0.174214,0.0935542,3
0.0688373,0.20126,0.0155436,3
0.0120704,0.211574,0.0498414,3
