x coord,y coord,z coord,rank
0.0457186,0.0990284,0.215415,0
0.0845333,0.042201,0.0995734,0
0.0676493,0.0556754,0.219652,0
0.20312,0.110462,0.211443,0
0.106202,0.0188705,0.160537,0
0.0167931,0.0994196,0.140349,0
0.0156641,0.0962105,0.105447,0
0.0204337,0.0929108,0.211987,0
0.0261778,0.0650035,0.19306,0
0.141213,0.0430306,0.126244,0
0.000923765,0.0551268,0.124099,0
0.117882,0.0853766,0.210784,0
0.128879,0.0175046,0.148004,0
0.0982237,0.0822408,0.130931,0
0.0632599,0.0653071,0.168453,0
0.134236,0.00288121,0.10151,0
0.186345,0.106474,0.145114,0
0.205067,0.00824622,0.188169,0
0.177573,0.0156574,0.179508,0
0.151603,0.10359,0.186271,0
0.164764,0.0500436,0.151963,0
0.0466172,0.0216803,0.208472,0
0.0805754,0.00801358,0.116101,0
0.11388,0.0608572,0.102002,0
0.0563132,0.0219973,0.113385,0
0.202075,0.100946,0.173311,0
0.0747331,0.0614459,0.160211,0
0.138825,0.0462523,0.223639,0
0.127904,0.100234,0.197513,0
0.150528,0.0966781,0.207724,0
0.11466,0.0492342,0.119153,0
0.0830855,0.0561386,0.15302,0
0.065199,0.0060979,0.159779,0
0.143242,0.0163977,0.197278,0
0.215848,0.106068,0.192289,0
0.0774852,0.0253959,0.156129,0
0.137319,0.108256,0.187454,0
0.059293,0.105559,0.13935,0
0.149,0.115716,0.13999,0
0.0375557,0.106017,0.112239,0
0.138713,0.108696,0.153201,0
0.0238653,0.0441338,0.184068,0
0.164743,0.026525,0.19503,0
0.201936,0.051635,0.190436,0
0.088786,0.0619274,0.100114,0
0.115484,0.0573293,0.195135,0
0.152728,0.0596813,0.126129,0
0.11762,0.105907,0.143284,0
0.146858,0.0672642,0.114957,0
0.0146835,0.111374,0.170904,0
0.160174,0.018268,0.217087,0
0.180961,0.103076,0.131483,0
0.058278,0.000498654,0.206577,0
0.124705,0.014157,0.120681,0
0.0226954,0.0820707,0.17122,0
0.123453,0.099355,0.214268,0
0.147157,0.0620314,0.15753,0
0.145414,0.0666755,0.213709,0
0.0882957,0.0646897,0.170299,0
0.130537,0.0309171,0.109576,0
0.0961464,0.0688491,0.129749,0
0.217669,0.0108268,0.131198,0
0.0563475,0.0888996,0.123178,0
0.00900006,0.111791,0.124561,0
0.0585374,0.0905412,0.197143,0
0.135418,0.116717,0.212053,0
0.039624,0.00879314,0.126736,0
0.213305,0.0966655,0.164265,0
0.009117,0.0952185,0.143048,0
0.0588297,0.0928842,0.111801,0
0.00924581,0.0689017,0.133184,0
0.204254,0.0363937,0.200686,0
0.111047,0.00451991,0.105124,0
0.185556,0.109235,0.195873,0
0.188311,0.090487,0.214389,0
0.170288,0.0835739,0.147826,0
0.00459785,0.111666,0.216826,0
0.0861127,0.0797105,0.150981,0
0.209639,0.0766926,0.2148,0
0.00158005,0.104228,0.212035,0
0.0143881,0.0647667,0.168866,0
0.21893,0.015534,0.166791,0
0.058239,0.00782081,0.17401,0
0.0849859,0.0487831,0.221984,0
0.179687,0.0476571,0.0991033,0
0.156818,0.0446922,0.220354,0
0.219422,0.112986,0.207726,0
0.218609,0.0872901,0.145516,0
0.14643,0.0850756,0.207318,0
0.0550597,0.0525096,0.148475,0
0.133674,0.100776,0.120095,0
0.02323,0.00698476,0.138113,0
0.123409,0.0776687,0.222812,0
0.0343531,0.0807366,0.195305,0
0.198365,0.0320245,0.12245,0
0.102304,0.113662,0.214717,0
0.131004,0.112964,0.141821,0
0.0654439,0.06005,0.14939,0
0.204756,0.0755268,0.162626,0
0.148422,0.0310731,0.205785,0
0.0428699,0.0259997,0.152435,0
0.188459,0.0348374,0.21461,0
0.193409,0.0785769,0.161754,0
0.0157654,0.0588131,0.127597,0
0.109889,0.0355304,0.207645,0
0.0586609,0.0694389,0.190311,0
0.0940541,0.0533904,0.113804,0
0.133691,0.0313704,0.195549,0
0.0367338,0.0119866,0.164923,0
0.189087,0.0309654,0.0983383,0
0.164338,0.0644255,0.197903,0
0.200549,0.018609,0.212886,0
0.17989,0.0917989,0.132024,0
0.189745,0.0729485,0.148205,0
0.14419,0.00471344,0.173873,0
0.142069,0.113583,0.138669,0
0.0292918,0.0550787,0.213673,0
0.114381,0.111331,0.187112,0
0.110083,0.109479,0.10624,0
0.155898,0.0853654,0.160709,0
0.0173989,0.0519191,0.209068,0
0.167606,0.116258,0.149306,0
0.104791,0.070848,0.199774,0
0.0166304,0.097778,0.141282,0
0.163199,0.104277,0.129531,0
0.0297445,0.106942,0.143283,0
0.0658792,0.0666104,0.0983429,0
0.00479643,0.0518577,0.0978056,0
0.115888,0.116649,0.107222,0
0.176079,0.0311168,0.0116013,1
0.19056,0.00675486,0.0707624,1
0.195581,0.0364617,0.030045,1
0.196163,0.0347845,0.0309194,1
0.221994,0.00603376,0.0631343,1
0.194337,0.039703,0.0260147,1
0.198093,0.0294468,0.0541451,1
0.152428,0.00361417,0.0699038,1
0.190299,0.0385568,0.0327192,1
0.197654,0.0506796,0.0484037,1
0.158222,0.0674087,0.0829611,1
0.108664,0.0573986,0.0378154,1
0.110879,0.0888793,0.0230468,1
0.0598451,0.0721971,0.0442432,1
0.190771,0.0327149,0.0296526,1
0.036405,0.000104561,0.0609894,1
0.0343672,0.0671558,0.00467851,1
0.200268,0.0109545,0.017402,1
0.195198,0.0393946,0.0297134,1
0.190465,0.0376239,0.0268392,1
0.19106,0.040047,0.0278522,1
0.101608,0.064957,0.0786208,1
0.0419587,0.0154108,0.0106274,1
0.0480173,0.0256234,0.00332472,1
0.169201,0.0407723,0.0221725,1
0.0669678,0.0709814,0.0904184,1
0.190664,0.0397456,0.0292574,1
0.0295182,0.084622,0.0872723,1
0.124589,0.0338008,0.072769,1
0.0241408,0.00530566,0.0760822,1
0.0811576,0.000452179,0.0420372,1
0.072443,0.00938381,0.0377572,1
0.0800746,0.0106882,0.00462223,1
0.0320377,0.0648196,0.04722,1
0.115763,0.0471921,0.0824364,1
0.190239,0.0327496,0.0271643,1
0.122373,0.0176303,0.0653586,1
0.13423,0.086536,0.0536524,1
0.0969664,0.03764,0.058177,1
0.191044,0.0350364,0.0284265,1
0.196052,0.0362775,0.0251574,1
0.00912523,0.0286217,0.00729862,1
0.051182,0.00802642,0.0234384,1
0.00640703,0.0184523,0.0540235,1
0.197259,0.0490053,0.0260362,1
0.192467,0.0444541,0.0284067,1
0.181493,0.0420817,0.0594687,1
0.191851,0.0348432,0.0311889,1
0.193367,0.040981,0.0334235,1
0.0413476,0.0325902,0.0782096,1
0.155922,0.0762082,0.0251607,1
0.0717611,0.0108302,0.0855935,1
0.00228628,0.0733171,0.0744414,1
0.00204592,0.0451502,0.0339547,1
0.152515,0.0993284,0.00435149,1
0.193946,0.0387884,0.0257131,1
0.135351,0.071821,0.00237393,1
0.190127,0.0384348,0.0300141,1
0.162309,0.0785156,0.0240559,1
0.19228,0.0662114,0.0687802,1
0.203461,0.0121151,0.022258,1
0.0809838,0.0126456,0.0852138,1
0.191177,0.0342515,0.0242799,1
0.192589,0.0408694,0.0314297,1
0.0341838,0.00490576,0.0288579,1
0.194736,0.0383539,0.0334355,1
0.00360391,0.0210835,0.0789898,1
0.0457732,0.0362499,0.0146309,1
0.224693,0.00973644,0.0606635,1
0.129385,0.0416222,0.055098,1
0.193147,0.0352848,0.0297168,1
0.130554,0.0299526,0.0544135,1
0.192635,0.036003,0.030618,1
0.0649466,0.0283021,0.070295,1
0.115372,0.0452102,0.0180823,1
0.143112,0.0939797,0.0871899,1
0.193752,0.0371128,0.0290413,1
0.0942811,0.0481514,0.0716678,1
0.177517,0.0142822,0.0791377,1
0.188427,0.0406587,0.030285,1
0.112467,0.0902334,0.0490939,1
0.00680189,0.0271015,0.0057316,1
0.185921,0.0373412,0.0300098,1
0.0963647,0.0773791,0.0782237,1
0.0704566,0.0985257,0.0290718,1
0.195565,0.0407252,0.0303231,1
0.186568,0.0406498,0.0267914,1
0.0732599,0.0520054,0.0739854,1
0.190745,0.0406747,0.0258588,1
0.0875048,0.00586801,0.0494068,1
0.0645334,0.00998805,0.0619585,1
0.15466,0.000293055,0.0135879,1
0.195616,0.0360411,0.0284564,1
0.172773,0.0528649,0.0530378,1
0.0829898,0.0816984,0.0629497,1
0.190191,0.0388095,0.0288443,1
0.128082,0.0763494,0.0200837,1
0.197187,0.0360454,0.0296865,1
0.0330435,0.0433965,0.0218347,1
0.0324863,0.0944011,0.0752046,1
0.192996,0.041058,0.0282623,1
0.215723,0.00323087,0.0397785,1
0.192531,0.0354897,0.0297417,1
0.188129,0.0368535,0.0298894,1
0.191918,0.0365364,0.0266268,1
0.195865,0.0867929,0.0397983,1
0.192741,0.0338581,0.0291359,1
0.188218,0.0370976,0.0247753,1
0.193108,0.0391572,0.0302087,1
0.190268,0.0415191,0.0286906,1
0.196542,0.0284717,0.00849766,1
0.162507,0.0968052,0.0863054,1
0.0483831,0.0588996,0.0684727,1
0.194833,0.0141848,0.0809279,1
0.196735,0.031827,0.0753727,1
0.116712,0.00649859,0.01321,1
0.100334,0.046747,0.0443358,1
0.207112,0.0160052,0.0887559,1
0.220256,0.0699776,0.0755107,1
0.171455,0.0409763,0.0858926,1
0.168127,0.0637536,0.0891507,1
0.154718,0.0564639,0.0568421,1
0.175461,0.0774801,0.0191237,1
0.224751,0.211778,0.124425,2
0.0806954,0.11764,0.136081,2
0.0343155,0.159319,0.0974401,2
0.0665059,0.145624,0.104937,2
0.181066,0.123937,0.122294,2
0.15404,0.223313,0.131128,2
0.0539541,0.118598,0.097863,2
0.200159,0.182298,0.17307,2
0.161794,0.163375,0.203896,2
0.204612,0.170453,0.128981,2
0.164613,0.20824,0.142672,2
0.173734,0.150503,0.140542,2
0.115561,0.175825,0.128538,2
0.063063,0.207479,0.136497,2
0.076289,0.154186,0.106047,2
0.17648,0.130462,0.179636,2
0.0841159,0.16092,0.164259,2
0.0433652,0.160025,0.147509,2
0.136028,0.20527,0.202014,2
0.018102,0.148006,0.194426,2
0.218767,0.172837,0.12963,2
0.172808,0.161247,0.165297,2
0.0065425,0.132634,0.145693,2
0.167595,0.171065,0.216367,2
0.185161,0.213403,0.125729,2
0.196862,0.15246,0.126385,2
0.129462,0.164541,0.116036,2
0.223932,0.131353,0.135083,2
0.081605,0.159644,0.193569,2
0.143527,0.194216,0.222967,2
0.184768,0.200113,0.173153,2
0.142796,0.19026,0.153321,2
0.166624,0.202784,0.113543,2
0.103895,0.13804,0.111319,2
0.133665,0.148686,0.216052,2
0.136217,0.121374,0.138649,2
0.122647,0.149917,0.12659,2
0.116202,0.135295,0.215363,2
0.13307,0.135452,0.213118,2
0.107665,0.14125,0.139584,2
0.0544366,0.176094,0.100129,2
0.224233,0.1956,0.103789,2
0.0177445,0.176822,0.140976,2
0.149718,0.183845,0.102426,2
0.057337,0.201915,0.178788,2
0.0992357,0.197437,0.155064,2
0.17472,0.127696,0.124148,2
0.089088,0.197713,0.201551,2
0.015117,0.222949,0.172355,2
0.000174345,0.152945,0.141907,2
0.0225824,0.117892,0.113252,2
0.184566,0.125748,0.175489,2
0.0117713,0.215118,0.13921,2
0.173685,0.15923,0.214456,2
0.178258,0.142423,0.134897,2
0.186955,0.212404,0.207848,2
0.107685,0.145514,0.115838,2
0.0448747,0.16334,0.18566,2
0.130123,0.204786,0.146324,2
0.195443,0.149134,0.210692,2
0.034668,0.21554,0.119178,2
0.016765,0.132562,0.212106,2
0.147373,0.195692,0.126685,2
0.19447,0.17858,0.200741,2
0.0151199,0.195747,0.184079,2
0.154087,0.222258,0.105667,2
0.0614252,0.175894,0.212724,2
0.166073,0.200657,0.21207,2
0.0541637,0.175368,0.186473,2
0.100816,0.127047,0.204483,2
0.223853,0.154922,0.171906,2
0.147331,0.152127,0.153553,2
0.034062,0.185685,0.12257,2
0.127023,0.160079,0.157602,2
0.131026,0.174137,0.219097,2
0.168132,0.129759,0.144576,2
0.0455069,0.186012,0.126972,2
0.104348,0.18725,0.216571,2
0.114575,0.199007,0.213389,2
0.0979296,0.142816,0.158541,2
0.164915,0.140316,0.203878,2
0.00810625,0.144993,0.220626,2
0.00743746,0.120844,0.224809,2
0.222586,0.150239,0.156782,2
0.0636152,0.198805,0.101376,2
0.0267274,0.139359,0.220715,2
0.129045,0.140672,0.163196,2
0.0752504,0.181047,0.169573,2
0.106455,0.169388,0.165901,2
0.0174973,0.188533,0.109716,2
0.00788805,0.136934,0.147064,2
0.164833,0.177798,0.199517,2
0.145485,0.196146,0.168819,2
0.0894033,0.188842,0.168581,2
0.0970297,0.135394,0.163175,2
0.173969,0.118863,0.184219,2
0.0664028,0.149062,0.17246,2
0.100229,0.222124,0.116378,2
0.153082,0.216759,0.112414,2
0.0636536,0.180226,0.157502,2
0.171401,0.119989,0.157359,2
0.103056,0.157382,0.146641,2
0.191328,0.218869,0.210984,2
0.0672594,0.119651,0.199496,2
0.0418611,0.205974,0.143615,2
0.14986,0.196972,0.197051,2
0.0625252,0.183912,0.146928,2
0.164593,0.187802,0.12232,2
0.0347005,0.14267,0.217287,2
0.134839,0.159027,0.0993549,2
0.190293,0.211579,0.164174,2
0.111658,0.169572,0.149952,2
0.173867,0.18405,0.109284,2
0.0697339,0.160344,0.206999,2
0.090517,0.199879,0.120614,2
0.223193,0.142147,0.130919,2
0.0829109,0.180409,0.152589,2
0.0263227,0.132597,0.180457,2
0.135981,0.145946,0.191545,2
0.152018,0.123561,0.140214,2
0.18319,0.120476,0.206262,2
0.170621,0.119338,0.120695,2
0.0493709,0.21756,0.0965924,2
0.0953108,0.20848,0.0122918,3
0.0986446,0.113387,0.0400052,3
0.0448693,0.180758,0.0737784,3
0.165466,0.165802,0.0908172,3
0.172867,0.160005,0.079509,3
0.0138644,0.169086,0.00360081,3
0.0544122,0.193023,0.0523379,3
0.000386652,0.113462,0.0173998,3
0.030698,0.182765,0.0333004,3
0.181504,0.202758,0.0764204,3
0.132394,0.150202,0.0239383,3
0.00700424,0.203885,0.0271724,3
0.100137,0.149037,0.0767102,3
0.188637,0.15291,0.0817721,3
0.177729,0.217968,0.0606092,3
0.0391439,0.170478,0.0205534,3
0.0429123,0.140248,0.0852387,3
0.143755,0.204511,0.05918,3
0.0317937,0.134232,0.0278308,3
0.00433361,0.152528,0.0324804,3
0.189036,0.153444,0.035261,3
0.159537,0.124223,0.04246,3
0.0740699,0.124069,0.0196708,3
0.0422961,0.142572,0.0814647,3
0.174385,0.21735,0.090685,3
0.0727764,0.217204,0.0885256,3
0.0215751,0.143105,0.0558059,3
0.198145,0.169813,0.0484973,3
0.0599859,0.219363,0.0681817,3
0.220778,0.120037,0.0945826,3
0.194577,0.211084,0.0262281,3
0.19203,0.117901,0.0467576,3
0.169366,0.200399,0.0677536,3
0.0334833,0.139369,0.00907394,3
0.187404,0.203515,0.0716645,3
0.0502804,0.15515,0.0849928,3
0.0365793,0.16291,0.0954873,3
0.0754053,0.178285,0.00293235,3
0.114168,0.153825,0.0168409,3
0.200516,0.222472,0.0203924,3
0.0749538,0.13462,0.0659473,3
0.111035,0.116453,0.00769365,3
0.201157,0.106035,0.0474232,3
0.0965612,0.12016,0.0423486,3
0.162436,0.221753,0.0789101,3
0.172155,0.186418,0.0316274,3
0.0416986,0.140256,0.0940114,3
0.211546,0.216791,0.0784952,3
0.101866,0.169379,0.0756853,3
0.0482916,0.182301,0.0606952,3
0.173942,0.209541,0.0592817,3
0.181818,0.173369,0.0368367,3
0.143262,0.199419,0.0106116,3
0.200297,0.196309,0.0257111,3
0.0436761,0.199227,0.00948075,3
0.18349,0.162594,0.0410076,3
0.00357541,0.180323,0.0271085,3
0.216791,0.165353,0.0382824,3
0.143587,0.157085,0.00752328,3
0.0854129,0.202635,0.071637,3
0.0433975,0.139891,0.0873642,3
0.00996928,0.133236,0.0652105,3
0.000853951,0.121672,0.0189541,3
0.165156,0.18479,0.0852931,3
0.0855597,0.137712,0.00235084,3
0.204492,0.206359,0.0672672,3
0.0890438,0.210795,0.0884258,3
0.105628,0.147292,0.0125841,3
0.0659029,0.164699,0.0798835,3
0.0107,0.173761,0.0755007,3
0.0142487,0.166281,0.021986,3
0.219685,0.15965,0.0421406,3
0.176708,0.107452,0.066552,3
0.0782216,0.153642,0.049512,3
0.0531543,0.178555,0.00979606,3
0.131196,0.115407,0.0593536,3
0.187581,0.201539,0.0520958,3
0.00252331,0.199743,0.0194015,3
0.0473483,0.154175,0.0187984,3
0.212481,0.126752,0.0440144,3
0.167911,0.22304,0.0061408,3
0.196389,0.201479,0.034539,3
0.0723642,0.162269,0.00173612,3
0.0320478,0.16759,0.0443191,3
0.0952973,0.208288,0.0310239,3
0.12267,0.156123,0.0615973,3
0.070049,0.157007,0.0941457,3
0.0141579,0.124574,0.0461361,3
0.221434,0.120825,0.06808,3
0.110575,0.185772,0.0300659,3
0.0513739,0.223629,0.0737937,3
0.0341375,0.165629,0.0715326,3
0.0105508,0.180096,0.0388244,3
0.097424,0.21769,0.0584501,3
0.0758436,0.113078,0.0520573,3
0.191876,0.194945,0.0123622,3
0.216634,0.139712,0.033524,3
0.148979,0.147411,0.00313503,3
0.107302,0.190874,0.00412301,3
0.00509391,0.116729,0.0796727,3
0.190179,0.161943,0.0611347,3
0.0297687,0.197376,0.0069411,3
0.0594674,0.147,0.0688776,3
0.126914,0.142445,0.0312699,3
0.0349052,0.126614,0.0809602,3
0.158616,0.177466,0.0817707,3
0.0662838,0.118161,0.095587,3
0.127889,0.221258,0.0435774,3
0.0891588,0.177128,0.0218575,3
0.0825773,0.196192,0.0380712,3
0.0424313,0.127761,0.00342822,3
0.134432,0.203184,0.0908751,3
0.0970299,0.150736,0.0290698,3
0.155873,0.149949,0.0436002,3
0.0417146,0.208287,0.0310736,3
0.138924,0.169734,0.0556612,3
0.105317,0.134531,0.0201534,3
0.194429,0.131705,0.0404809,3
0.121557,0.194305,0.0821418,3
0.135529,0.159268,0.010804,3
0.178663,0.129471,0.0212038,3
0.195656,0.14356,0.0814163,3
0.198819,0.216114,0.0579155,3
0.200608,0.130354,0.0666918,3
0.133608,0.156876,0.0759945,3
