x coord,y coord,z coord,rank
0.000220495,0.0091874,0.0511008,0
0.137657,0.0614264,0.00959145,0
0.197253,0.0639623,0.00564857,0
0.0706064,0.0156529,0.080089,0
0.192193,0.027449,0.0479213,0
0.223512,0.0249238,0.0885691,0
0.13996,0.0795409,0.0628764,0
0.13721,0.0404425,0.0288966,0
0.0565442,0.0217467,0.0183432,0
0.199817,0.0198936,0.0772449,0
0.00131874,0.0672202,0.035229,0
0.0199786,0.0214339,0.0663314,0
0.176349,0.0684237,0.0562083,0
0.0453377,0.0583581,0.0401791,0
0.173942,0.0621704,0.105793,0
0.0538023,0.0956551,0.0111715,0
0.180826,0.0768664,0.09842,0
0.104985,0.0673181,0.074743,0
0.170016,0.00445667,0.0757583,0
0.0998377,0.0552456,0.0920839,0
0.164397,0.0616661,0.112435,0
0.206967,0.0798567,0.0524037,0
0.0326856,0.0580496,0.0501311,0
0.164563,0.0665983,0.112395,0
0.123165,0.071509,0.0886647,0
0.0700317,0.0070432,0.0142879,0
0.0890472,0.0916235,0.0899415,0
0.105907,0.101957,0.0852425,0
0.120204,0.0189985,0.0679155,0
0.195754,0.0437511,0.0324753,0
0.160359,0.0526142,0.0455618,0
0.0783853,0.0121484,0.0432723,0
0.210641,0.0336916,0.0957162,0
0.123625,0.00922182,0.00814028,0
0.16864,0.0697849,0.075302,0
0.088191,0.0874945,0.110372,0
0.0488051,0.0486184,0.0530701,0
0.0185445,0.10038,0.00644877,0
0.186695,0.0179302,0.0635688,0
0.220325,0.101768,0.0586022,0
0.0854383,0.0833799,0.0825829,0
0.115912,0.00765713,0.110356,0
0.0210431,0.0515339,0.0528244,0
0.0104655,0.0338422,0.0481313,0
0.0899426,0.0762505,0.0440266,0
0.203452,0.0911212,0.0771374,0
0.058131,0.0516212,0.0712514,0
0.00983068,0.10392,0.0461256,0
0.166962,0.0623005,0.110097,0
0.0532253,0.012475,0.0119297,0
0.224054,0.0118536,0.0898636,0
0.0661006,0.0969606,0.0748485,0
0.138577,0.0542815,0.00554457,0
0.16911,0.0631112,0.112986,0
0.00565142,0.032744,0.0447267,0
0.0413187,0.0448432,0.0461793,0
0.0946285,0.102598,0.0484484,0
0.170724,0.0800895,0.0356266,0
0.0727886,0.0875713,0.07075,0
0.189028,0.0301955,0.0036895,0
0.18685,0.0223905,0.0207423,0
0.0093781,0.0654404,0.00696346,0
0.07844,0.0639841,0.0481412,0
0.0665453,0.031881,0.0650291,0
0.0908508,0.0729124,0.033882,0
0.0408656,0.0896031,0.0635295,0
0.0314328,0.0874627,0.0937405,0
0.192385,0.0849802,0.0813124,0
0.0108529,0.0669453,0.0272852,0
0.0279529,0.0883478,0.0512096,0
0.107011,0.0439372,0.0440379,0
0.166842,0.0168767,0.0714781,0
0.0254329,0.0154958,0.0569578,0
0.191903,0.0522243,0.069579,0
0.0689627,0.0297453,0.000198897,0
0.180518,0.0454523,0.0727645,0
0.0916465,0.037235,0.0330114,0
0.197304,0.0984188,0.108114,0
0.167991,0.0656191,0.0770754,0
0.100755,0.00864694,0.0378807,0
0.150703,0.00302793,0.106889,0
0.127242,0.02944,0.000976663,0
0.0940481,0.00502421,0.0890781,0
0.0123187,0.0639222,0.0677399,0
0.00148474,0.0571329,0.0236262,0
0.0998279,0.0674087,0.00272725,0
0.215993,0.005801,0.000572383,0
0.0695866,0.0326401,0.0866739,0
0.017766,0.0025631,0.0433617,0
0.215335,0.102677,0.0592978,0
0.0881037,0.036223,0.0738444,0
0.0377804,0.0770642,0.017542,0
0.130859,0.0201562,0.0132189,0
0.0634163,0.0586591,0.0852727,0
0.0463753,0.0183067,0.100183,0
0.185989,0.0750255,0.0519672,0
0.167376,0.0624208,0.106879,0
0.184816,0.0751858,0.0564636,0
0.00978082,0.0089927,0.0336069,0
0.167914,0.0636532,0.110585,0
0.213877,0.0556935,0.113138,0
0.0364282,0.0400818,0.0728221,0
0.0787126,0.0541737,0.043734,0
0.0293823,0.0211505,0.0866937,0
0.119683,0.103475,0.0264453,0
0.222485,0.0770165,0.010476,0
0.175138,0.0398766,0.0469254,0
0.221084,0.0723143,0.101755,0
0.0629746,0.00442616,0.07243,0
0.202867,0.0468105,0.0728668,0
0.163163,0.0637347,0.110605,0
0.194058,0.084865,0.0868789,0
0.11324,0.0411897,0.0721241,0
0.13661,0.0193542,0.088342,0
0.00184855,0.0839343,0.0145464,0
0.114325,0.0027268,0.0853512,0
0.212398,0.0305232,0.0511797,0
0.0701037,0.0723715,0.080678,0
0.00863095,0.0979656,0.0774,0
0.144918,0.0133281,0.0935941,0
0.165484,0.0668496,0.113447,0
0.165493,0.0642236,0.113032,0
0.132322,0.102818,0.0559775,0
0.166377,0.0612053,0.111073,0
0.166724,0.0612976,0.110296,0
0.166421,0.0656609,0.109892,0
0.167929,0.0633065,0.107546,0
0.167717,0.0597703,0.109369,0
0.166223,0.0631852,0.109014,0
0.167946,0.0653302,0.109898,0
0.168849,0.067559,0.108572,0
0.165322,0.0682535,0.111485,0
0.16597,0.0653924,0.111304,0
0.172167,0.0626862,0.110724,0
0.167401,0.0666392,0.110014,0
0.0955156,0.103932,0.0593053,0
0.0529368,0.124211,0.187463,1
0.0587676,0.18187,0.190557,1
0.163433,0.20948,0.139285,1
0.078033,0.216306,0.205812,1
0.205325,0.194137,0.212828,1
0.0286132,0.172183,0.202784,1
0.0370038,0.16975,0.124941,1
0.107809,0.137192,0.124423,1
0.00544585,0.149524,0.164799,1
0.0615545,0.215842,0.17229,1
0.181803,0.184098,0.144159,1
0.189254,0.119662,0.162047,1
0.161549,0.20366,0.202667,1
0.111111,0.104771,0.202138,1
0.19978,0.142603,0.197443,1
0.144817,0.208739,0.209712,1
0.0364268,0.17812,0.13252,1
0.218466,0.192235,0.221531,1
0.164577,0.197721,0.189133,1
0.163671,0.185893,0.122939,1
0.152176,0.154764,0.168064,1
0.192001,0.21538,0.132053,1
0.075113,0.223073,0.138849,1
0.0576734,0.125128,0.167068,1
0.193269,0.157494,0.215073,1
0.00654914,0.213336,0.206266,1
0.193,0.1282,0.196188,1
0.124247,0.153073,0.153488,1
0.176559,0.185626,0.192745,1
0.0560551,0.119121,0.144754,1
0.177159,0.223208,0.157966,1
0.142967,0.151397,0.224694,1
0.00447514,0.179646,0.178393,1
0.117272,0.158072,0.133785,1
0.0704729,0.126298,0.175696,1
0.0873497,0.221156,0.20068,1
0.223184,0.12248,0.178375,1
0.212153,0.204253,0.146347,1
0.220124,0.122569,0.177611,1
0.165531,0.1437,0.140659,1
0.207486,0.107444,0.152021,1
0.0229586,0.202818,0.166062,1
0.129862,0.134905,0.142466,1
0.0518268,0.158133,0.224438,1
0.0540249,0.126768,0.129206,1
0.190335,0.21183,0.130226,1
0.115723,0.129215,0.123057,1
0.118739,0.19398,0.157454,1
0.138883,0.115812,0.208496,1
0.0375496,0.202017,0.15448,1
0.0901806,0.194108,0.170598,1
0.139323,0.167188,0.169101,1
0.162169,0.197526,0.138043,1
0.223698,0.192098,0.178879,1
0.220679,0.112692,0.215852,1
0.184377,0.132585,0.129824,1
0.0928559,0.19794,0.222085,1
0.202557,0.193809,0.140254,1
0.0135818,0.187834,0.151595,1
0.0520412,0.181453,0.160413,1
0.024423,0.173632,0.171026,1
0.0791741,0.201278,0.22429,1
0.146227,0.172174,0.199034,1
0.12288,0.210248,0.213917,1
0.0403748,0.211278,0.155099,1
0.0255983,0.130502,0.133003,1
0.0980989,0.161862,0.190735,1
0.0463225,0.107873,0.17311,1
0.0912714,0.190349,0.162408,1
0.0347919,0.204597,0.145388,1
0.15056,0.155265,0.200084,1
0.13728,0.160049,0.213017,1
0.118594,0.160014,0.21104,1
0.0385187,0.186054,0.187312,1
0.156069,0.14478,0.221765,1
0.062937,0.198963,0.148985,1
0.0686943,0.135021,0.205091,1
0.0506889,0.185284,0.132476,1
0.203448,0.181706,0.210623,1
0.115568,0.151576,0.150194,1
0.0231772,0.222907,0.1242,1
0.146288,0.173773,0.202984,1
0.0213689,0.109999,0.168383,1
0.209978,0.117125,0.123695,1
0.199462,0.159841,0.138359,1
0.0523883,0.128077,0.214811,1
0.0271343,0.119445,0.139212,1
0.0396357,0.178173,0.177408,1
0.173925,0.194043,0.183921,1
0.184595,0.115795,0.144082,1
0.0383604,0.193858,0.220013,1
0.223666,0.183793,0.127695,1
0.148479,0.216356,0.203928,1
0.186556,0.122123,0.165471,1
0.192117,0.218299,0.168098,1
0.188983,0.113217,0.174192,1
0.154837,0.215464,0.166278,1
0.202783,0.204108,0.193167,1
0.221718,0.201615,0.191195,1
0.135909,0.174455,0.137607,1
0.0120339,0.166777,0.153333,1
0.149788,0.164684,0.216983,1
0.128468,0.16128,0.199483,1
0.0821443,0.197953,0.157546,1
0.0401755,0.118195,0.191779,1
0.168045,0.114453,0.207349,1
0.0783917,0.187669,0.173507,1
0.163106,0.19278,0.220313,1
0.16634,0.175118,0.126561,1
0.171899,0.11258,0.121854,1
0.168883,0.207692,0.20221,1
0.222633,0.104856,0.0631025,2
0.193093,0.196051,0.0570542,2
0.095729,0.153722,0.0903284,2
0.0874103,0.161125,0.0223257,2
0.0693807,0.105356,0.0925487,2
0.124849,0.126935,0.108353,2
0.106067,0.222064,0.054985,2
0.148684,0.176812,0.0368934,2
0.0450078,0.171505,0.0122385,2
0.139491,0.165195,0.0822089,2
0.0073316,0.160617,0.0901482,2
0.158564,0.194568,4.09985e-05,2
0.00768139,0.175586,0.105013,2
0.178824,0.175406,0.10072,2
0.108509,0.156986,0.0236238,2
0.185215,0.125684,0.0534927,2
0.0665106,0.153426,0.105812,2
0.206339,0.145134,0.0256037,2
0.160957,0.141303,0.0949278,2
0.220803,0.203595,0.0701659,2
0.13912,0.145276,0.0546314,2
0.16486,0.224259,0.0757322,2
0.0477955,0.207311,0.0734012,2
0.0932089,0.131089,0.0947306,2
0.018718,0.175222,0.0948806,2
0.17882,0.153032,0.0499146,2
0.176078,0.133187,0.0348427,2
0.139208,0.180929,0.0316203,2
0.171349,0.216192,0.0987295,2
0.130205,0.135269,0.0773228,2
0.0761616,0.126304,0.119271,2
0.0485719,0.147442,0.0638864,2
0.145543,0.218125,0.0757004,2
0.0840122,0.19725,0.0107902,2
0.211706,0.216343,0.120191,2
0.156525,0.205015,0.0819636,2
0.167364,0.196686,0.0190082,2
0.0843097,0.203361,0.0699897,2
0.0759463,0.108396,0.082414,2
0.188892,0.137682,0.0276357,2
0.146991,0.148009,0.0856375,2
0.00207102,0.138849,0.0407908,2
0.151145,0.148628,0.0577611,2
0.0979619,0.195671,0.101965,2
0.135827,0.131948,0.0823179,2
0.219124,0.120187,0.0445074,2
0.0943727,0.169527,0.0268675,2
0.163713,0.197271,0.120755,2
0.120783,0.128323,0.0569331,2
0.0150012,0.197161,0.0381429,2
0.151522,0.122778,0.00918781,2
0.0052145,0.180811,0.0892524,2
0.213269,0.159887,0.0813704,2
0.0357539,0.220255,0.0527071,2
0.0511805,0.208257,0.0381102,2
0.103044,0.208653,0.0578006,2
0.0999928,0.18062,0.0934631,2
0.118087,0.154107,0.01892,2
0.173177,0.136263,0.0932778,2
0.0277142,0.123117,0.063266,2
0.100628,0.155692,0.0104276,2
0.0950461,0.143507,0.0826023,2
0.102994,0.181486,0.0472034,2
0.177761,0.113926,0.0750688,2
0.00500748,0.192992,0.0494907,2
0.08199,0.223962,0.0083569,2
0.179932,0.215803,0.00567245,2
0.2011,0.184205,0.0498106,2
0.0110509,0.14825,0.116672,2
0.0310806,0.135271,0.0123333,2
0.128437,0.114757,0.0851323,2
0.103303,0.169563,0.045343,2
0.0950686,0.123433,0.117555,2
0.00123739,0.144409,0.0882181,2
0.0793198,0.169434,0.0874669,2
0.135943,0.162765,0.0646629,2
0.0200445,0.15989,0.093407,2
0.0384778,0.132197,0.00723349,2
0.0754677,0.106057,0.0961511,2
0.122912,0.110149,0.0754841,2
0.0933279,0.166983,0.108029,2
0.101672,0.211278,0.0429624,2
0.205372,0.138626,0.0879328,2
0.0523429,0.220844,0.0828744,2
0.124724,0.164161,0.118991,2
0.0582971,0.137516,0.0197394,2
0.0486491,0.207737,0.00950911,2
0.0904871,0.158771,0.0118454,2
0.196182,0.133818,0.0285818,2
0.149092,0.143913,0.0152786,2
0.193956,0.150749,0.0843966,2
0.206339,0.197389,0.0772137,2
0.0664307,0.176498,0.0443868,2
0.10682,0.2116,0.0648434,2
0.0451864,0.157732,0.0543619,2
0.148894,0.157253,0.0258121,2
0.117322,0.20017,0.00133442,2
0.139279,0.120972,0.0814553,2
0.178435,0.133067,0.068062,2
0.16734,0.218228,0.0349208,2
0.0793079,0.17793,0.0328743,2
0.0400874,0.137448,0.00995424,2
0.0315763,0.219962,0.0288627,2
0.188345,0.175532,0.113374,2
0.116939,0.202083,0.00690179,2
0.0861618,0.177621,0.0704156,2
0.200412,0.124957,0.0778401,2
0.00780451,0.223503,0.0937141,2
0.0331254,0.177983,0.053939,2
0.044768,0.111717,0.100775,2
0.176644,0.149975,0.049878,2
0.218558,0.193584,0.0654955,2
0.0677424,0.145189,0.0487747,2
0.165753,0.115091,0.0338143,2
0.087767,0.11099,0.0114754,2
0.016929,0.176708,0.0744082,2
0.0517895,0.185898,0.00856307,2
0.101873,0.149435,0.0258701,2
0.219879,0.161623,0.0350483,2
0.0612099,0.148026,0.109287,2
0.0989312,0.180252,0.105102,2
0.190701,0.1792,0.0404267,2
0.0206872,0.207024,0.0855047,2
0.0980159,0.177769,0.105001,2
0.0308088,0.132754,0.06446,2
0.125813,0.21825,0.107129,2
0.0556979,0.194916,0.120346,2
0.216163,0.143667,0.0349438,2
0.107362,0.190129,0.0984789,2
0.0802871,0.126615,0.0908831,2
0.0804056,0.162504,0.00984565,2
0.0274477,0.18403,0.102433,2
0.0138947,0.209779,0.0934124,2
0.130422,0.142795,0.0463247,2
0.115525,0.152602,0.0893033,2
0.213153,0.114712,0.112727,2
0.00104748,0.149409,0.0240138,2
0.154217,0.146835,0.106827,2
0.0482142,0.183015,0.107128,2
0.00971148,0.128425,0.107082,2
0.0394664,0.114562,0.0364842,2
0.0461638,0.0635384,0.2181,3
0.0274304,0.0520369,0.154276,3
0.106681,0.0270189,0.221922,3
0.204876,0.0224687,0.208048,3
0.192146,0.080893,0.192192,3
0.01185,0.00479828,0.19825,3
0.167947,0.0601358,0.118138,3
0.217322,0.0711519,0.139413,3
0.0867414,0.0280014,0.193454,3
0.132308,0.0821898,0.178395,3
0.14576,0.103236,0.217042,3
0.0902546,0.0231524,0.163764,3
0.01889,0.0976513,0.129559,3
0.154595,0.0613514,0.156921,3
0.15139,0.00734396,0.134478,3
0.163761,0.00865611,0.139096,3
0.128761,0.0610448,0.14466,3
0.115196,0.0126834,0.188226,3
0.224634,0.0593916,0.12105,3
0.020518,0.00139014,0.156355,3
0.18863,0.0856517,0.12105,3
0.167056,0.0208582,0.223345,3
0.0899679,0.0414491,0.121933,3
0.172034,0.0677967,0.114834,3
0.0882938,0.0634311,0.146418,3
0.189503,0.0704249,0.206916,3
0.0734594,0.0461858,0.155703,3
0.0274375,0.0181406,0.185304,3
0.171514,0.00109671,0.148949,3
0.0189674,0.0789442,0.154326,3
0.095218,0.00949218,0.173407,3
0.0354185,0.0784466,0.210979,3
0.168841,0.0622699,0.113991,3
0.213251,0.005923,0.153184,3
0.0718808,0.0854177,0.145413,3
0.1714,0.0652055,0.116321,3
0.0620438,0.0979726,0.195323,3
0.0658808,0.00815271,0.178165,3
0.0411027,0.0437453,0.147719,3
0.0490792,0.0946658,0.167452,3
0.22013,0.0196316,0.222798,3
0.0713901,0.0646099,0.138954,3
0.0675139,0.0499101,0.126139,3
0.0384631,0.0430738,0.208341,3
0.20359,0.0751172,0.203974,3
0.083606,0.0695143,0.138665,3
0.0705308,0.0638975,0.168028,3
0.0963751,0.067983,0.141726,3
0.114253,0.0719467,0.218352,3
0.153949,0.00661442,0.166782,3
0.196412,0.0118867,0.127396,3
0.0267392,0.022767,0.206572,3
0.135798,0.0318962,0.172395,3
0.0955379,0.0568738,0.118516,3
0.167326,0.0655898,0.113709,3
0.219331,0.0472317,0.118104,3
0.17246,0.0196734,0.145596,3
0.214566,0.040165,0.195225,3
0.0369579,0.00539544,0.18693,3
0.167624,0.0374051,0.201616,3
0.224694,0.0873663,0.202705,3
0.16213,0.0678273,0.114827,3
0.109218,0.00229717,0.169865,3
0.122382,0.0598088,0.136594,3
0.187856,0.0159463,0.217351,3
0.12843,0.0864836,0.118068,3
0.12253,0.0589986,0.166651,3
0.032101,0.056119,0.217382,3
0.0391387,0.0754609,0.200691,3
0.16707,0.0193717,0.221995,3
0.0968437,0.0451553,0.205622,3
0.0280059,0.0747304,0.14739,3
0.0307923,0.0341318,0.12525,3
0.135112,0.0456014,0.182972,3
0.085727,0.0409677,0.154502,3
0.215001,0.0714717,0.157444,3
0.196097,0.0961052,0.156683,3
0.0151944,0.0740698,0.140422,3
0.0254653,0.000502238,0.125817,3
0.167423,0.0622274,0.11488,3
0.208271,0.0953862,0.199285,3
0.0312267,0.0966663,0.17401,3
0.221706,0.0909294,0.214115,3
0.213594,0.0563581,0.142871,3
0.102758,0.0955707,0.194215,3
0.0372743,0.0053412,0.17975,3
0.0741192,0.0135281,0.206114,3
0.0113648,0.00733376,0.203156,3
0.0492221,0.0734782,0.216102,3
0.0254661,0.0500105,0.206885,3
0.215144,0.0160044,0.128966,3
0.16531,0.0615164,0.114731,3
0.0339841,0.0804673,0.160966,3
0.0749951,0.0296965,0.193937,3
0.202473,0.103589,0.181837,3
0.137023,0.0423923,0.136951,3
0.0377676,0.0597408,0.117992,3
0.12999,0.0444225,0.132995,3
0.152925,0.0876963,0.181336,3
0.209472,0.0100624,0.121707,3
0.082555,0.0161095,0.197296,3
0.0607566,0.0297468,0.19753,3
0.167421,0.0634971,0.113568,3
0.111168,0.0753708,0.16034,3
0.0153175,0.104081,0.134214,3
0.0668784,0.0979914,0.134998,3
0.167225,0.0703257,0.114231,3
0.164828,0.0633245,0.113678,3
0.167292,0.0638914,0.114718,3
0.168343,0.0682406,0.114748,3
0.167981,0.0644061,0.11382,3
0.180285,0.104217,0.170949,3
