x coord,y coord,z coord,rank
0.112414,0.113149,0.10486,0
0.101667,0.0865997,0.0710549,0
0.128158,0.0872195,0.0932755,0
0.191459,0.0615737,0.0809748,0
0.102348,0.112279,0.103663,0
0.115283,0.105527,0.10949,0
0.116221,0.102787,0.0824526,0
0.130151,0.0906866,0.0549901,0
0.0798933,0.094244,0.103383,0
0.112645,0.0709607,0.109382,0
0.150116,0.0672576,0.0929615,0
0.112699,0.0726233,0.104331,0
0.111094,0.103491,0.108901,0
0.111342,0.0781621,0.103796,0
0.0693698,0.0625445,0.0881443,0
0.0947273,0.0970113,0.0829126,0
0.0345647,0.105081,0.0599231,0
0.143,0.112832,0.109373,0
0.111974,0.111155,0.108811,0
0.114137,0.10852,0.108532,0
0.192506,0.106394,0.106734,0
0.124302,0.0744624,0.0890605,0
0.0485772,0.0506644,0.0987878,0
0.148009,0.112369,0.10957,0
0.0910182,0.0624945,0.0646302,0
0.134216,0.0783954,0.0313438,0
0.146823,0.0212906,0.100422,0
0.134264,0.0537648,0.109103,0
0.127073,0.0975938,0.0409125,0
0.137782,0.103015,0.0744266,0
0.130686,0.0940059,0.0480626,0
0.0517653,0.0495389,0.100995,0
0.10336,0.0835726,0.103755,0
0.110793,0.113102,0.110188,0
0.127785,0.0867496,0.0979578,0
0.179822,0.103543,0.107273,0
0.123535,0.0975712,0.0767531,0
0.0816523,0.0986745,0.0841267,0
0.05172,0.0509172,0.104381,0
0.134757,0.105735,0.0789371,0
0.12075,0.0865906,0.0999935,0
0.123846,0.108695,0.108638,0
0.10529,0.110947,0.106601,0
0.166638,0.0827193,0.090939,0
0.112127,0.0759765,0.0742586,0
0.127845,0.0822409,0.088278,0
0.144151,0.110709,0.060885,0
0.0913438,0.0930207,0.105615,0
0.143466,0.0852335,0.0841966,0
0.0819943,0.0907066,0.108968,0
0.119986,0.0905783,0.0765409,0
0.0939587,0.0750388,0.103871,0
0.102187,0.110148,0.104207,0
0.124028,0.0863344,0.0932379,0
0.113813,0.113026,0.109242,0
0.130963,0.1003,0.0732676,0
0.126652,0.0594104,0.0798648,0
0.115801,0.109033,0.110003,0
0.118216,0.0830413,0.0792465,0
0.111267,0.112806,0.107354,0
0.0548167,0.0634679,0.0388979,0
0.0983113,0.0742693,0.0841346,0
0.114021,0.0887661,0.10127,0
0.139948,0.109209,0.077401,0
0.0956315,0.0637484,0.0753345,0
0.116854,0.0921437,0.0734656,0
0.114624,0.109844,0.109948,0
0.103578,0.102008,0.0852696,0
0.126187,0.0811958,0.0898308,0
0.12295,0.0971759,0.101772,0
0.11288,0.0838697,0.0746479,0
0.135567,0.0669759,0.0920061,0
0.11738,0.0754608,0.102794,0
0.113503,0.109436,0.105616,0
0.115321,0.0915745,0.0789265,0
0.0886045,0.092041,0.103788,0
0.0695174,0.11106,0.0849311,0
0.125511,0.110584,0.109731,0
0.123214,0.104469,0.0582977,0
0.154535,0.061533,0.0865415,0
0.108526,0.112907,0.107378,0
0.0717345,0.110387,0.108604,0
0.0993904,0.110045,0.0799944,0
0.0993284,0.0807587,0.101641,0
0.181989,0.0850626,0.0533743,0
0.107571,0.107718,0.109751,0
0.051483,0.0651939,0.0400354,0
0.124381,0.0893028,0.0714572,0
0.136831,0.109693,0.0911391,0
0.110974,0.104142,0.110258,0
0.180505,0.0994968,0.106702,0
0.12223,0.0744829,0.0960453,0
0.112475,0.0809694,0.0776251,0
0.116869,0.0996277,0.0870653,0
0.100739,0.0935581,0.0716007,0
0.113108,0.104431,0.0860373,0
0.0943129,0.0630236,0.0694024,0
0.1037,0.112511,0.108074,0
0.0900081,0.0676255,0.0930936,0
0.105639,0.108097,0.109618,0
0.107629,0.0964718,0.0840276,0
0.107374,0.113341,0.107489,0
0.0910715,0.103628,0.0957344,0
0.104867,0.110043,0.109195,0
0.114646,0.0816695,0.0809874,0
0.106667,0.0818423,0.0490729,0
0.0803351,0.0544681,0.0877651,0
0.112655,0.112267,0.108468,0
0.132212,0.112959,0.107051,0
0.0949162,0.103527,0.0242456,0
0.11088,0.112336,0.103487,0
0.0966248,0.0983273,0.0741837,0
0.0187145,0.0480027,0.0921021,0
0.110731,0.106607,0.108262,0
0.105962,0.108694,0.108877,0
0.15231,0.105995,0.109537,0
0.0666498,0.0727093,0.109196,0
0.109754,0.112796,0.104563,0
0.112478,0.112871,0.108081,0
0.138188,0.112728,0.0943906,0
0.10618,0.107617,0.109519,0
0.109648,0.107347,0.108361,0
0.111577,0.109826,0.106561,0
0.106168,0.111426,0.108471,0
0.0782241,0.100845,0.110016,0
0.112366,0.113321,0.110347,0
0.125603,0.104037,0.110317,0
0.113842,0.112913,0.106121,0
0.107652,0.106683,0.110789,0
0.112911,0.128798,0.137818,1
0.107364,0.115639,0.116215,1
0.102242,0.12037,0.110996,1
0.121599,0.136434,0.12487,1
0.111089,0.123554,0.130694,1
0.113614,0.132834,0.175619,1
0.126558,0.11429,0.135666,1
0.124097,0.142758,0.126161,1
0.135057,0.143023,0.112724,1
0.112692,0.149265,0.112034,1
0.129829,0.123539,0.133439,1
0.132422,0.124221,0.145385,1
0.143417,0.130421,0.11272,1
0.108356,0.11476,0.111779,1
0.114212,0.151059,0.135154,1
0.165217,0.117776,0.121547,1
0.0924259,0.114673,0.114535,1
0.0985325,0.148519,0.139651,1
0.0838118,0.161336,0.120116,1
0.101528,0.1177,0.130971,1
0.114425,0.115117,0.112283,1
0.0877651,0.131786,0.127013,1
0.0894328,0.203723,0.171608,1
0.0233614,0.173774,0.181677,1
0.12405,0.138824,0.120774,1
0.102164,0.140553,0.116195,1
0.222004,0.117261,0.149891,1
0.113487,0.11684,0.112689,1
0.0989216,0.150981,0.127266,1
0.12903,0.163923,0.113878,1
0.204823,0.120499,0.131297,1
0.144344,0.122393,0.162552,1
0.111828,0.118999,0.116536,1
0.0677303,0.148957,0.117711,1
0.146159,0.142341,0.128674,1
0.108752,0.119791,0.11475,1
0.110661,0.113069,0.111431,1
0.154957,0.154434,0.126534,1
0.0461189,0.127223,0.119736,1
0.0970016,0.150795,0.132825,1
0.10683,0.119233,0.113105,1
0.116123,0.156145,0.117979,1
0.0730584,0.11866,0.130792,1
0.121198,0.140335,0.130267,1
0.10443,0.115188,0.11403,1
0.10684,0.170179,0.12287,1
0.119183,0.165558,0.181632,1
0.0950636,0.120293,0.128107,1
0.172108,0.193698,0.120547,1
0.110921,0.144448,0.150862,1
0.101955,0.157216,0.128864,1
0.142606,0.129478,0.144363,1
0.0806314,0.138542,0.115814,1
0.112032,0.116358,0.112593,1
0.140243,0.164257,0.127808,1
0.124297,0.143128,0.131897,1
0.0838183,0.128513,0.111608,1
0.111368,0.145286,0.15089,1
0.129943,0.129663,0.211575,1
0.132118,0.130679,0.219197,1
0.0804024,0.124226,0.140598,1
0.127859,0.142705,0.116134,1
0.133381,0.114494,0.144503,1
0.105762,0.114609,0.114137,1
0.13263,0.122063,0.12021,1
0.110438,0.137261,0.136609,1
0.138393,0.171338,0.120302,1
0.102741,0.14498,0.131659,1
0.221755,0.197791,0.182231,1
0.154056,0.114544,0.120596,1
0.106242,0.153771,0.138764,1
0.0838105,0.125374,0.128685,1
0.102193,0.155798,0.133056,1
0.166474,0.118927,0.126151,1
0.0783288,0.12378,0.138354,1
0.0823158,0.141193,0.116103,1
0.0768253,0.148605,0.160508,1
0.107614,0.137492,0.123992,1
0.0987374,0.224379,0.125387,1
0.0644657,0.116237,0.143747,1
0.101852,0.150472,0.128714,1
0.131666,0.121347,0.133179,1
0.106305,0.121389,0.116439,1
0.102318,0.149591,0.129473,1
0.107319,0.114028,0.111738,1
0.114364,0.192847,0.163432,1
0.108048,0.120121,0.116888,1
0.105685,0.150925,0.134067,1
0.123594,0.115882,0.157606,1
0.115219,0.114461,0.144313,1
0.111396,0.114261,0.114611,1
0.08505,0.126543,0.131446,1
0.159559,0.135055,0.112303,1
0.102586,0.158295,0.132617,1
0.107477,0.157546,0.137755,1
0.0890396,0.140352,0.119091,1
0.103212,0.129823,0.12022,1
0.120833,0.145643,0.112475,1
0.062035,0.136256,0.159013,1
0.110561,0.113099,0.113204,1
0.100642,0.146961,0.132794,1
0.0225086,0.117184,0.164644,1
0.0771831,0.153725,0.12129,1
0.0792988,0.120085,0.112974,1
0.0843739,0.127412,0.112796,1
0.109072,0.113618,0.116302,1
0.106811,0.133063,0.127013,1
0.108413,0.119377,0.114853,1
0.109167,0.115581,0.112736,1
0.106311,0.118748,0.114609,1
0.143211,0.114962,0.112357,1
0.112909,0.115369,0.112448,1
0.112741,0.115038,0.11195,1
0.108453,0.116135,0.112749,1
0.113187,0.113623,0.114187,1
0.106682,0.113901,0.112198,1
0.107676,0.117628,0.11336,1
0.11817,0.116988,0.112097,1
0.11085,0.116785,0.107814,2
0.1139,0.115357,0.105431,2
0.104094,0.113662,0.107725,2
0.105582,0.114534,0.104061,2
0.112494,0.113812,0.109191,2
0.115615,0.146163,0.108189,2
0.106277,0.114101,0.106495,2
0.109162,0.114235,0.105109,2
0.0887582,0.134427,0.0644556,2
0.110364,0.148004,0.10688,2
0.109019,0.119333,0.103483,2
0.108569,0.116568,0.108678,2
0.114775,0.145482,0.10425,2
0.11164,0.120122,0.10895,2
0.134748,0.135415,0.0915258,2
0.131853,0.211525,0.107792,2
0.0844215,0.119465,0.0797522,2
0.0943369,0.113226,0.107285,2
0.107667,0.119606,0.104316,2
0.116445,0.132422,0.00488878,2
0.11258,0.116215,0.106809,2
0.109358,0.119869,0.104596,2
0.10894,0.117755,0.104119,2
0.0926356,0.131528,0.0653741,2
0.112851,0.121917,0.0724284,2
0.128697,0.147282,0.100599,2
0.105757,0.126963,0.0916832,2
0.107917,0.120128,0.107735,2
0.119682,0.125342,0.0479386,2
0.133815,0.11696,0.110428,2
0.106302,0.115016,0.110063,2
0.112436,0.118187,0.10923,2
0.0898778,0.115914,0.0548583,2
0.0334867,0.157149,0.0948141,2
0.0516253,0.120509,0.0832584,2
0.0956613,0.114207,0.106987,2
0.0998196,0.116341,0.106116,2
0.0261409,0.123573,0.0931188,2
0.140074,0.136842,0.109294,2
0.100338,0.126002,0.0649884,2
0.116176,0.121575,0.0588031,2
0.151802,0.138426,0.102073,2
0.108979,0.119071,0.104977,2
0.109912,0.115419,0.110397,2
0.0907254,0.120933,0.0864179,2
0.0834988,0.150698,0.0439654,2
0.0330989,0.165472,0.071797,2
0.11192,0.118844,0.106651,2
0.105231,0.138104,0.101732,2
0.111141,0.116765,0.104747,2
0.108962,0.120458,0.110628,2
0.13905,0.120737,0.108264,2
0.0874807,0.134278,0.0642766,2
0.110839,0.116333,0.107825,2
0.135583,0.14182,0.0997451,2
0.0785192,0.132905,0.10252,2
0.111781,0.115191,0.108533,2
0.109338,0.117552,0.110883,2
0.130896,0.132468,0.0787702,2
0.122315,0.12744,0.0749512,2
0.134336,0.119644,0.0760791,2
0.107602,0.150543,0.0875654,2
0.0901411,0.118398,0.0836791,2
0.104491,0.113928,0.104594,2
0.114474,0.138738,0.000922431,2
0.152847,0.113418,0.0833481,2
0.0871071,0.196412,0.0759432,2
0.11126,0.116476,0.109876,2
0.135358,0.123238,0.0962836,2
0.0707963,0.12331,0.0816936,2
0.111025,0.115137,0.108577,2
0.0865827,0.144919,0.0722524,2
0.11781,0.118664,0.106948,2
0.142289,0.117443,0.110568,2
0.102191,0.126647,0.0908911,2
0.0933123,0.122331,0.0876355,2
0.128525,0.15686,0.0991028,2
0.134693,0.123236,0.098236,2
0.0317284,0.124341,0.0894494,2
0.0819471,0.148479,0.0974609,2
0.0976826,0.140002,0.100526,2
0.104503,0.140239,0.102027,2
0.0656549,0.136652,0.0630148,2
0.125326,0.123945,0.0428641,2
0.115603,0.144788,0.105519,2
0.112077,0.11374,0.104659,2
0.111872,0.120444,0.105246,2
0.131927,0.123091,0.101679,2
0.114489,0.116367,0.106857,2
0.0504476,0.12622,0.103037,2
0.0879472,0.124632,0.080874,2
0.111947,0.11709,0.107552,2
0.173492,0.127064,0.0632471,2
0.0927482,0.136673,0.10466,2
0.0710202,0.121154,0.00102982,2
0.128636,0.139182,0.0764202,2
0.115198,0.119213,0.0854654,2
0.0853992,0.128441,0.107781,2
0.0732227,0.127105,0.102222,2
0.152274,0.141639,0.0721066,2
0.13828,0.121311,0.110263,2
0.111538,0.121231,0.108295,2
0.101635,0.115044,0.104347,2
0.104995,0.113524,0.110011,2
0.110667,0.121875,0.106292,2
0.0883839,0.129157,0.011195,2
0.129538,0.150189,0.0978534,2
0.111776,0.114182,0.109864,2
0.0760272,0.130114,0.0794119,2
0.101068,0.140491,0.103771,2
0.0885184,0.121026,0.0239431,2
0.103428,0.121177,0.108861,2
0.123683,0.156145,0.0841022,2
0.10959,0.116847,0.105988,2
0.110093,0.114485,0.0667247,2
0.113658,0.156918,0.103341,2
0.167481,0.124363,0.092126,2
0.132613,0.152219,0.086521,2
0.117086,0.143761,0.0603037,2
0.11603,0.118388,0.107323,2
0.107932,0.114984,0.107559,2
0.110095,0.113929,0.107451,2
0.0994706,0.115611,0.103173,2
0.149716,0.114573,0.108719,2
0.139135,0.113531,0.0559206,2
0.105779,0.115046,0.111003,2
0.105648,0.11472,0.104764,2
0.118765,0.119106,0.104231,2
0.104611,0.118247,0.109324,2
0.113641,0.119598,0.108036,2
0.108201,0.117334,0.105534,2
0.111154,0.119271,0.1102,2
0.104439,0.116299,0.106695,2
0.1185,0.118358,0.109588,2
0.109079,0.115456,0.109674,2
0.113106,0.113527,0.109588,2
0.166183,0.0834417,0.185094,3
0.104679,0.112642,0.114141,3
0.0809499,0.0946981,0.117631,3
0.130738,0.0941071,0.138108,3
0.110078,0.10519,0.112243,3
0.138069,0.11211,0.153957,3
0.134633,0.109616,0.132211,3
0.175921,0.0314336,0.171289,3
0.059211,0.106682,0.113964,3
0.124336,0.0689897,0.197551,3
0.107985,0.110022,0.111733,3
0.10632,0.11217,0.114819,3
0.126145,0.109379,0.114592,3
0.112303,0.105835,0.117294,3
0.143996,0.0739525,0.135085,3
0.0937811,0.10202,0.143808,3
0.110068,0.110897,0.111771,3
0.107319,0.0983327,0.133944,3
0.107703,0.109705,0.114078,3
0.10635,0.0877494,0.14826,3
0.106189,0.112267,0.113039,3
0.123402,0.0948155,0.148838,3
0.111786,0.106678,0.11418,3
0.114859,0.112453,0.115143,3
0.0979077,0.0881888,0.137543,3
0.136539,0.040003,0.149999,3
0.128851,0.0861204,0.158477,3
0.0748283,0.105285,0.154471,3
0.145212,0.0741717,0.131016,3
0.100985,0.0985264,0.137152,3
0.103714,0.106408,0.114412,3
0.103784,0.112603,0.114127,3
0.0839448,0.0749501,0.125682,3
0.127757,0.10356,0.139951,3
0.0849397,0.0975586,0.111807,3
0.116182,0.0883642,0.193516,3
0.143003,0.0730488,0.166553,3
0.0702629,0.0850613,0.125964,3
0.0444584,0.0181674,0.181927,3
0.105962,0.0578567,0.115141,3
0.13965,0.107557,0.115755,3
0.114863,0.0831063,0.128313,3
0.0874477,0.1032,0.130147,3
0.113341,0.0768515,0.119683,3
0.118243,0.0212693,0.174455,3
0.109863,0.0728,0.114801,3
0.129741,0.0891452,0.136775,3
0.132729,0.0920968,0.140493,3
0.166257,0.068914,0.145731,3
0.148947,0.0888584,0.12216,3
0.0540926,0.0988465,0.143293,3
0.0723923,0.106795,0.113656,3
0.110794,0.107317,0.116763,3
0.121361,0.103769,0.129191,3
0.111315,0.111059,0.114616,3
0.0904546,0.0721653,0.116479,3
0.108522,0.098398,0.13419,3
0.151018,0.0882881,0.13051,3
0.0841736,0.0970765,0.135924,3
0.129597,0.109231,0.136536,3
0.210945,0.0305895,0.130263,3
0.14711,0.10617,0.16687,3
0.0767159,0.108239,0.112024,3
0.129666,0.0722953,0.191588,3
0.102525,0.105989,0.149431,3
0.105288,0.0855492,0.122663,3
0.130948,0.0952057,0.138923,3
0.138483,0.0776005,0.165984,3
0.129116,0.0989024,0.150615,3
0.0987277,0.103717,0.147762,3
0.141741,0.0754781,0.119884,3
0.144145,0.0723475,0.133776,3
0.0811256,0.0902128,0.120258,3
0.0959924,0.103262,0.144319,3
0.13866,0.108947,0.148155,3
0.126201,0.0828478,0.165154,3
0.143127,0.0747804,0.173031,3
0.144607,0.0914251,0.111919,3
0.126903,0.110652,0.13831,3
0.143117,0.105268,0.147465,3
0.12405,0.0938621,0.154537,3
0.106474,0.108594,0.114225,3
0.109223,0.0915257,0.127101,3
0.0960337,0.0413963,0.1557,3
0.12572,0.109261,0.159196,3
0.0863038,0.0993594,0.138087,3
0.0892814,0.0736697,0.12539,3
0.112492,0.10217,0.117716,3
0.0435901,0.109058,0.112611,3
0.11308,0.106007,0.115646,3
0.128656,0.112519,0.130701,3
0.0668077,0.0415653,0.11422,3
0.0462746,0.0476632,0.136669,3
0.124427,0.0705054,0.120461,3
0.108194,0.102476,0.113389,3
0.109322,0.108927,0.114286,3
0.128825,0.0624909,0.159944,3
0.114951,0.110503,0.113802,3
0.0930808,0.0732557,0.153799,3
0.103538,0.109745,0.112778,3
0.110425,0.110981,0.116599,3
0.110577,0.0835625,0.152828,3
0.0583236,0.0959985,0.125712,3
0.106568,0.107806,0.117732,3
0.0991477,0.0844453,0.111137,3
0.113791,0.106489,0.117057,3
0.0952408,0.0868451,0.15044,3
0.107741,0.106931,0.113542,3
0.0848255,0.109685,0.119018,3
0.113891,0.102449,0.116555,3
0.101016,0.105275,0.126002,3
0.101633,0.094044,0.129417,3
0.141975,0.111337,0.115507,3
0.104922,0.0685793,0.140948,3
0.0661684,0.0812679,0.128987,3
0.109111,0.109539,0.112163,3
0.113703,0.112318,0.11266,3
