x coord,y coord,z coord,rank
0.184351,0.0295532,0.012597,0
0.191084,0.198035,0.0957864,0
0.175847,0.0735864,0.0410347,0
0.197943,0.129775,0.0322758,0
0.195253,0.00489961,0.0628929,0
0.182767,0.0453627,0.0969786,0
0.177696,0.00119308,0.0556914,0
0.178844,0.00213711,0.0460066,0
0.180478,0.0113565,0.0517183,0
0.158394,0.22136,0.0341842,0
0.157198,0.0810786,0.0838363,0
0.175956,0.007955,0.0472994,0
0.178241,0.00854094,0.0486482,0
0.209789,0.0601798,0.0851585,0
0.194709,0.199215,0.0406527,0
0.18006,0.00945328,0.0530918,0
0.178592,0.00729368,0.0483625,0
0.182491,0.00591978,0.051603,0
0.178837,0.00434089,0.0473888,0
0.17891,0.00725527,0.0495916,0
0.219439,0.00398634,0.0366126,0
0.206598,0.192767,0.0212814,0
0.211068,0.163065,0.0532347,0
0.182837,0.0934408,0.069243,0
0.183492,0.103083,0.0173067,0
0.180348,0.00124941,0.0509312,0
0.190916,0.13728,0.0841531,0
0.183037,0.00976041,0.0504614,0
0.195311,0.150307,0.0917782,0
0.182788,0.00782899,0.0439568,0
0.175156,0.0108706,0.0515462,0
0.165414,0.175959,0.011674,0
0.2077,0.142425,0.0162645,0
0.223091,0.0866255,0.0515762,0
0.182511,0.00365784,0.048418,0
0.199804,0.195604,0.0965628,0
0.197995,0.145123,0.100378,0
0.149111,0.00558556,0.0725739,0
0.147531,0.00958933,0.00531662,0
0.147202,0.00735911,0.0884409,0
0.181576,0.0122893,0.0497194,0
0.166192,0.0894952,0.0907832,0
0.17728,0.0804066,0.0377543,0
0.198124,0.156636,0.088736,0
0.200766,0.223862,0.0951117,0
0.155453,0.104697,0.0432119,0
0.179112,0.00869185,0.0474645,0
0.200125,0.0216879,0.0436656,0
0.173744,0.00681212,0.0472608,0
0.146989,0.211298,0.0835947,0
0.183421,0.00558898,0.0531181,0
0.181295,0.00625471,0.0534417,0
0.173899,0.00931613,0.0541097,0
0.172202,0.0850972,0.0408537,0
0.183425,0.00492206,0.0527976,0
0.207353,0.0399342,0.0901918,0
0.183084,0.145391,0.0863217,0
0.163644,0.0281166,0.0228704,0
0.208807,0.150162,0.0273604,0
0.161334,0.192362,0.0342875,0
0.219547,0.141065,0.094165,0
0.166065,0.198737,0.0314824,0
0.179848,0.00549163,0.0489048,0
0.180911,0.00845091,0.0524851,0
0.190486,0.166558,0.00194917,0
0.167674,0.00915181,0.076018,0
0.184392,0.187986,0.0256774,0
0.205707,0.0752351,0.0310861,0
0.208186,0.212427,0.00199852,0
0.14728,0.0277492,0.0394436,0
0.216389,0.0384634,0.0934657,0
0.176298,0.0789552,0.080661,0
0.163296,0.208489,0.0308829,0
0.177242,0.107782,0.0346921,0
0.165468,0.207562,0.0348375,0
0.177051,0.007245,0.0488406,0
0.188419,0.0612518,0.0948732,0
0.222779,0.181085,0.0622938,0
0.179457,0.104938,0.026292,0
0.177333,0.0059693,0.0472205,0
0.160256,0.178726,0.0225409,0
0.189994,0.127288,0.0821243,0
0.178329,0.00674067,0.0469018,0
0.190472,0.0217907,0.0129258,0
0.176338,0.00837808,0.056607,0
0.218163,0.0822533,0.0679603,0
0.195243,0.109559,0.0867105,0
0.179779,0.00623269,0.0537754,0
0.221179,0.108095,0.0529915,0
0.179723,0.00863181,0.0494096,0
0.177076,0.00983091,0.0466158,0
0.177706,0.00534349,0.0460434,0
0.196221,0.0123814,0.0654279,0
0.200095,0.0904042,0.0152509,0
0.180346,0.00891031,0.0462089,0
0.16856,0.058924,0.0685146,0
0.180733,0.00766611,0.0495684,0
0.162589,0.151071,0.0679005,0
0.204897,0.143599,0.0615449,0
0.199766,0.203182,0.067295,0
0.179606,0.0127489,0.0531448,0
0.165701,0.20934,0.0288521,0
0.15189,0.201574,0.0142321,0
0.214642,0.11526,0.0445949,0
0.165467,0.137503,0.0929343,0
0.176649,0.00710612,0.0506175,0
0.179451,0.00347137,0.0496314,0
0.190181,0.211743,0.0414175,0
0.156601,0.109871,0.0809927,0
0.181185,0.00386888,0.051746,0
0.156747,0.192625,0.0305049,0
0.181825,0.0109075,0.0522045,0
0.177759,0.00740145,0.0524443,0
0.178264,0.00659184,0.0417873,0
0.185821,0.0850598,0.089062,0
0.184346,0.0739412,0.0999299,0
0.166128,0.170735,0.0625024,0
0.181035,0.00273425,0.0514007,0
0.166384,0.137108,0.0459329,0
0.148842,0.0176036,0.0420305,0
0.00583582,0.0611379,0.211676,1
0.0478175,0.0381672,0.10271,1
0.0320507,0.078719,0.129934,1
0.103471,0.0547055,0.133204,1
0.0722243,0.0742578,0.119678,1
0.113647,0.178921,0.191983,1
0.0874772,0.0447687,0.131525,1
0.0239568,0.0209585,0.125284,1
0.00730829,0.189995,0.124434,1
0.0682547,0.205284,0.117535,1
0.0967758,0.0104336,0.124976,1
0.109599,0.126051,0.177246,1
0.102956,0.150736,0.111562,1
0.00377271,0.152782,0.203166,1
0.0505245,0.15151,0.146926,1
0.110521,0.14318,0.179323,1
0.0347442,0.0761872,0.1749,1
0.0286375,0.0393908,0.187493,1
0.0713447,0.00476605,0.193766,1
0.0975145,0.108522,0.198817,1
0.0498359,0.0021129,0.197637,1
0.0720771,0.0527178,0.159564,1
0.0307783,0.125761,0.148668,1
0.110743,0.0740392,0.136092,1
0.0207228,0.191005,0.14396,1
0.10962,0.138035,0.150644,1
0.0985114,0.0656844,0.18403,1
0.0732754,0.187999,0.165781,1
0.105711,0.0823221,0.119739,1
0.109868,0.208481,0.122483,1
0.0497314,0.0417873,0.194265,1
0.0292686,0.127103,0.200467,1
0.0313178,0.0566646,0.121845,1
0.0590551,0.0193588,0.22214,1
0.0329324,0.0519643,0.184055,1
0.0840688,0.128876,0.174127,1
0.0641402,0.0465143,0.134548,1
0.0669106,0.175946,0.175003,1
0.0710944,0.0574187,0.200283,1
0.0876273,0.12762,0.104156,1
0.0891167,0.13574,0.220252,1
0.0690544,0.0352145,0.191359,1
0.0778054,0.164764,0.196862,1
0.0972675,0.15392,0.21374,1
0.0609461,0.0126982,0.224496,1
0.0844548,0.0811416,0.149787,1
0.0127914,0.217477,0.144047,1
0.00308437,0.0569153,0.21676,1
0.0188601,0.220669,0.11126,1
0.0427021,0.199794,0.130313,1
0.0346907,0.217064,0.184083,1
0.0943744,0.185628,0.128225,1
0.0292932,0.0233558,0.181331,1
0.0803429,0.16881,0.170962,1
0.0729571,0.090512,0.162616,1
0.101458,0.170705,0.193163,1
0.0958732,0.0495409,0.126618,1
0.0651191,0.217894,0.125189,1
0.0567349,0.1953,0.207892,1
0.0482478,0.13412,0.125384,1
0.0100553,0.107007,0.18546,1
0.0321528,0.104848,0.18231,1
0.0606403,0.214273,0.124739,1
0.103149,0.0107088,0.17288,1
0.0393004,0.118609,0.20048,1
0.0945799,0.219755,0.211761,1
0.0658107,0.184632,0.170082,1
0.0503546,0.0395341,0.191056,1
0.0902636,0.16727,0.174569,1
0.110923,0.134574,0.151708,1
0.0302662,0.126251,0.190356,1
0.0829407,0.0119311,0.186908,1
0.041538,0.159223,0.120051,1
0.0403963,0.0201793,0.124204,1
0.0709304,0.166263,0.105921,1
0.0703811,0.0791784,0.202255,1
0.10985,0.216069,0.18709,1
0.113527,0.182812,0.187811,1
0.100704,0.208525,0.106441,1
0.0368119,0.140966,0.118924,1
0.0879846,0.0946739,0.131767,1
0.100572,0.149289,0.122772,1
0.0414537,0.0895551,0.169468,1
0.0221407,0.0961284,0.161628,1
0.0482012,0.0431899,0.19747,1
0.0749013,0.0437462,0.106982,1
0.0329049,0.0881606,0.108424,1
0.0254025,0.191241,0.190752,1
0.0788025,0.127458,0.144828,1
0.0338385,0.0515056,0.215151,1
0.106316,0.0749306,0.190166,1
0.0778058,0.185816,0.168782,1
0.0897829,0.21693,0.220836,1
0.110852,0.088299,0.149191,1
0.00665553,0.0612192,0.187923,1
0.00578458,0.0635667,0.188692,1
0.0611273,0.137816,0.17605,1
0.0293125,0.0154792,0.216797,1
0.00598026,0.0924557,0.212262,1
0.0563261,0.153082,0.177947,1
0.0362196,0.0236701,0.14983,1
0.0509301,0.101201,0.139069,1
0.0196,0.0802059,0.113592,1
0.0197662,0.179772,0.220108,1
0.103334,0.199197,0.192423,1
0.051507,0.22291,0.202529,1
0.0426909,0.0762828,0.222612,1
0.0560001,0.124952,0.195731,1
0.0915001,0.191807,0.191515,1
0.0706361,0.0579323,0.124589,1
0.0443658,0.18815,0.216583,1
0.00416707,0.190547,0.211804,1
0.0662347,0.0871085,0.133324,1
0.0716558,0.0543246,0.201687,1
0.0149529,0.0947262,0.176652,1
0.106196,0.0273889,0.177504,1
0.0374647,0.098925,0.189072,1
0.0458538,0.144441,0.219418,1
0.10293,0.1912,0.127432,1
0.0138804,0.14189,0.110771,1
0.0809238,0.0175764,0.205781,1
0.0967567,0.191679,0.120885,1
0.0404844,0.146808,0.182544,1
0.115195,0.000572072,0.144005,1
0.117458,0.105183,0.109363,2
0.154047,0.192088,0.224284,2
0.141754,0.167076,0.166998,2
0.140293,0.00752795,0.14948,2
0.130759,0.0618137,0.207807,2
0.11905,0.0484749,0.179808,2
0.152126,0.122622,0.215768,2
0.158767,0.143162,0.136666,2
0.160544,0.0229348,0.105209,2
0.11766,0.0257943,0.121293,2
0.137885,0.0701221,0.169164,2
0.139799,0.0669254,0.111491,2
0.1291,0.0327598,0.115665,2
0.206739,0.162226,0.10451,2
0.117913,0.0225015,0.128617,2
0.117234,0.0189666,0.197876,2
0.118026,0.0877406,0.146905,2
0.149619,0.11594,0.149796,2
0.161277,0.126544,0.13802,2
0.126901,0.0619297,0.196073,2
0.126245,0.00081191,0.125631,2
0.135624,0.0386389,0.171007,2
0.163403,0.0888285,0.210873,2
0.154137,0.0687623,0.170018,2
0.150956,0.0774265,0.207999,2
0.204533,0.137078,0.122549,2
0.164486,0.223129,0.210272,2
0.191005,0.0885803,0.149038,2
0.195509,0.0654278,0.206065,2
0.168029,0.0825179,0.112173,2
0.122897,0.0679088,0.154987,2
0.187959,0.157688,0.109604,2
0.185265,0.0754967,0.211347,2
0.195897,0.0540979,0.146839,2
0.186862,0.00511768,0.167667,2
0.139001,0.140528,0.117287,2
0.188552,0.105771,0.186976,2
0.190894,0.0889842,0.158509,2
0.184061,0.20949,0.13457,2
0.217331,0.219336,0.155118,2
0.203377,0.00766916,0.18766,2
0.172157,0.0270287,0.136729,2
0.134484,0.130087,0.212282,2
0.176255,0.203424,0.155093,2
0.151439,0.0913969,0.20895,2
0.182053,0.00358799,0.183687,2
0.171565,0.000582105,0.119521,2
0.188453,0.0760477,0.200673,2
0.221551,0.0138453,0.170268,2
0.218229,0.149078,0.184082,2
0.218636,0.0262201,0.197706,2
0.190526,0.178228,0.197878,2
0.171181,0.0141656,0.221476,2
0.156335,0.0993286,0.215235,2
0.192477,0.142154,0.199384,2
0.16453,0.0324873,0.190102,2
0.168976,0.0336948,0.129815,2
0.203756,0.170161,0.21457,2
0.216834,0.219449,0.178954,2
0.210499,0.108181,0.186951,2
0.143571,0.154146,0.139419,2
0.181215,0.200254,0.168587,2
0.219394,0.0793984,0.205859,2
0.186515,0.218912,0.141312,2
0.15028,0.0812941,0.219025,2
0.195969,0.176366,0.129329,2
0.1367,0.206018,0.219476,2
0.175708,0.0290575,0.203915,2
0.172862,0.0737809,0.205551,2
0.153094,0.0760963,0.193546,2
0.153713,0.0418227,0.220099,2
0.156271,0.0629709,0.138235,2
0.197326,0.0439591,0.157014,2
0.18769,0.205436,0.102929,2
0.1789,0.156669,0.161274,2
0.153005,0.103248,0.128744,2
0.218989,0.0666089,0.212992,2
0.135575,0.0590253,0.198293,2
0.206933,0.0271683,0.187444,2
0.224952,0.138501,0.13618,2
0.119303,0.146303,0.14477,2
0.137337,0.21863,0.199791,2
0.197447,0.14857,0.187778,2
0.190039,0.148542,0.156855,2
0.159562,0.0906043,0.218438,2
0.159311,0.15812,0.169235,2
0.200247,0.116415,0.195035,2
0.123595,0.212033,0.104501,2
0.186137,0.16129,0.166287,2
0.213426,0.215656,0.18725,2
0.143091,0.133532,0.106359,2
0.202507,0.068866,0.150212,2
0.11888,0.102715,0.122934,2
0.171925,0.0391762,0.203019,2
0.218064,0.0616578,0.105428,2
0.222672,0.0680351,0.124952,2
0.151632,0.218586,0.178106,2
0.208066,0.135468,0.139121,2
0.155275,0.0869664,0.196885,2
0.189511,0.0826099,0.190176,2
0.119314,0.15841,0.112047,2
0.198449,0.143988,0.119363,2
0.169493,0.136653,0.180512,2
0.201191,0.0686374,0.22382,2
0.153689,0.106888,0.149014,2
0.184888,0.208794,0.169153,2
0.199974,0.0089566,0.10898,2
0.211198,0.0790528,0.197633,2
0.13334,0.153482,0.166366,2
0.135533,0.0994522,0.134341,2
0.198686,0.0844821,0.205768,2
0.215453,0.113743,0.105668,2
0.162681,0.207722,0.185231,2
0.183899,0.183964,0.202886,2
0.152808,0.101785,0.140088,2
0.186572,0.196751,0.149826,2
0.212752,0.111975,0.103341,2
0.202007,0.089251,0.174899,2
0.146909,0.131623,0.151309,2
0.155075,0.166002,0.108058,2
0.182133,0.214928,0.146394,2
0.201529,0.0807956,0.142626,2
0.150492,0.0499243,0.146775,2
0.122645,0.00340813,0.176381,2
0.136011,0.103329,0.102631,2
0.135322,0.173646,0.00198128,3
0.146051,0.185414,0.0268772,3
0.0342917,0.117172,0.102261,3
0.099268,0.0481581,0.0031789,3
0.124831,0.123446,0.0989775,3
0.123633,0.156841,0.00288561,3
0.142629,0.112832,0.0717491,3
0.127157,0.208164,0.0152185,3
0.0859793,0.137794,0.0866655,3
0.121662,0.171483,0.0924502,3
0.124712,0.182487,0.0597895,3
0.0933504,0.113151,0.0422552,3
0.122407,0.150603,0.00303949,3
0.106585,0.210132,0.0533288,3
0.0817534,0.154317,0.0487995,3
0.130537,0.0643279,0.0491679,3
0.10563,0.194473,0.0377648,3
0.102097,0.146427,0.0676263,3
0.098554,0.183288,0.0900117,3
0.0739094,0.00170818,0.0634557,3
0.0656528,0.166329,0.0225864,3
0.0395221,0.18088,0.0184519,3
0.138519,0.0960299,0.061479,3
0.108293,0.156726,0.0393693,3
0.0308189,0.149721,0.059801,3
0.122692,0.13622,0.0729013,3
0.129346,0.0621681,0.0718008,3
0.090128,0.104144,0.0458881,3
0.0211565,0.204674,0.0791701,3
0.00784687,0.224717,0.0240136,3
0.0134354,0.179469,0.0706512,3
0.048638,0.1874,0.0515556,3
0.0845561,0.218335,0.00858348,3
0.12374,0.197302,0.0779187,3
0.0052821,0.00435872,0.0927968,3
0.0276773,0.193209,0.0131971,3
0.0931606,0.0254663,0.00789789,3
0.0208714,0.118366,0.0281745,3
0.0778576,0.179947,0.027402,3
0.0081442,0.14224,0.0278707,3
0.0733962,0.10825,0.0618202,3
0.0754607,0.00723126,0.0722553,3
0.0335462,0.21687,0.00157451,3
0.0702598,0.0555721,0.0655761,3
0.0725149,0.114397,0.00924007,3
0.0795653,0.172322,0.0994254,3
0.0573951,0.117772,0.0189664,3
0.0315415,0.107286,0.0745338,3
0.0377044,0.0661204,0.0210356,3
0.0978305,0.105658,0.0212526,3
0.00853674,0.141984,0.0388887,3
0.067821,0.0955703,0.00484446,3
0.0657705,0.0313323,0.0523187,3
0.0148885,0.0271177,0.0873182,3
0.0747923,0.0719587,0.0918247,3
0.128296,0.0260957,0.100096,3
0.10393,0.0307633,0.0437404,3
0.0678562,0.194004,0.011258,3
0.0677229,0.0117277,0.101495,3
0.107745,0.213843,0.0382639,3
0.127798,0.0188379,0.0360536,3
0.112393,0.156495,0.00936561,3
0.0820745,0.143824,0.0544095,3
0.118118,0.0945818,0.0844764,3
0.143203,0.155808,0.0813932,3
0.0385839,0.176515,0.0872761,3
0.0765069,0.0947114,0.0763899,3
0.108262,0.205107,0.00756701,3
0.0738256,0.0781318,0.0606768,3
0.0163451,0.106456,0.0660462,3
0.109765,0.0131161,0.0418908,3
0.0546761,0.172397,0.0707157,3
0.12937,0.131425,0.0313837,3
0.0124612,0.10367,0.081936,3
0.048604,0.216669,0.0718518,3
0.0545321,0.143587,0.00426953,3
0.0208527,0.18651,0.0416849,3
0.0546149,0.215205,0.0669597,3
0.0212794,0.0873192,0.0442194,3
0.114021,0.107985,0.100753,3
0.100519,0.0165215,0.0038723,3
0.0461283,0.0895364,0.100044,3
0.0570392,0.0148722,0.0282205,3
0.0602489,0.116731,0.0306895,3
0.0748144,0.0979592,0.00822191,3
0.0091573,0.159134,0.0380495,3
0.0230515,0.131559,0.0143413,3
0.0696969,0.0808256,0.0851345,3
0.0144224,0.0780705,0.0411641,3
0.100257,0.0978398,0.0152297,3
0.0204533,0.0264234,0.0450638,3
0.00635541,0.145506,0.0767348,3
0.0125615,0.0779408,0.063962,3
0.0112658,0.146321,0.0429168,3
0.0481852,0.114232,0.059968,3
0.0959153,0.147058,0.0949269,3
0.137639,0.0993534,0.0760508,3
0.033712,0.168882,0.0603713,3
0.101015,0.0951979,0.0649233,3
0.0103392,0.0363565,0.045627,3
0.074988,0.0268363,0.0371452,3
0.0348438,0.141988,0.0354143,3
0.0784318,0.163597,0.0432495,3
0.131263,0.0256984,0.041663,3
0.0187588,0.0105484,0.0894061,3
0.0441841,0.205663,0.00936266,3
0.0420077,0.164664,0.0406406,3
0.0578411,0.0408782,0.0254109,3
0.00203675,0.0112062,0.0852705,3
0.0744507,0.114526,0.054558,3
0.09081,0.170939,0.0731248,3
0.0164578,0.0830112,0.0370321,3
0.119285,0.2065,0.102281,3
0.0447374,0.134698,0.0919329,3
0.0186948,0.183015,0.0628035,3
0.0135193,0.00421113,0.0838326,3
0.0950405,0.0536443,0.087061,3
0.0152884,0.0278224,0.0484929,3
0.125786,0.0187946,0.0900416,3
0.126202,0.0581629,0.0482677,3
0.0615891,0.203759,0.0712113,3
0.140329,0.0142218,0.024179,3
0.100474,0.168839,0.0928399,3
0.135255,0.0201043,0.0480601,3
0.138177,0.0796728,0.0794955,3
0.0509704,0.159212,0.0966844,3
0.0978292,0.181869,0.0992496,3
0.142918,0.157814,0.0976363,3
0.113297,0.0573615,0.100505,3
0.144257,0.168693,0.0970185,3
0.146529,0.158348,0.0807895,3
