x coord,y coord,z coord,rank
0.185322,0.144774,0.178794,0
0.194325,0.17655,0.135503,0
0.104866,0.177436,0.112701,0
0.171269,0.198538,0.112416,0
0.14531,0.0484335,0.174051,0
0.223158,0.211982,0.210642,0
0.110581,0.00738318,0.222422,0
0.202343,0.0292675,0.108672,0
0.167307,0.149221,0.12855,0
0.191076,0.195727,0.217917,0
0.142865,0.194328,0.206431,0
0.118579,0.0270015,0.140415,0
0.148962,0.0074186,0.161381,0
0.195302,0.181397,0.130214,0
0.217263,0.218868,0.142113,0
0.17295,0.216758,0.154734,0
0.119562,0.0690932,0.176467,0
0.221634,0.141143,0.141066,0
0.140313,0.217398,0.156953,0
0.197059,0.178643,0.14401,0
0.181361,0.155894,0.206377,0
0.142789,0.137898,0.164078,0
0.206341,0.168368,0.192681,0
0.137949,0.207973,0.133579,0
0.211602,0.203655,0.178428,0
0.210947,0.0760243,0.131359,0
0.203871,0.0113804,0.221873,0
0.150358,0.0749682,0.167406,0
0.222388,0.000557481,0.118862,0
0.144989,0.218601,0.165847,0
0.193814,0.0514184,0.111203,0
0.163881,0.100701,0.1534,0
0.183632,0.0394652,0.202478,0
0.141701,0.130541,0.145297,0
0.139198,0.195757,0.134793,0
0.22271,0.142737,0.116753,0
0.122048,0.160532,0.218603,0
0.197424,0.103326,0.124696,0
0.142182,0.0447543,0.128856,0
0.115188,0.0539344,0.188732,0
0.200258,0.150656,0.154115,0
0.151918,0.0653224,0.169644,0
0.133196,0.1529,0.138374,0
0.18788,0.183752,0.164299,0
0.131694,0.136298,0.106,0
0.195187,0.173239,0.211877,0
0.18775,0.0757654,0.133411,0
0.108228,0.0746914,0.141736,0
0.110073,0.193654,0.177835,0
0.161726,0.206474,0.135857,0
0.142115,0.0360991,0.137329,0
0.133325,0.0230819,0.196951,0
0.127259,0.0387371,0.16577,0
0.218185,0.0589518,0.180114,0
0.128333,0.0211218,0.2243,0
0.212899,0.171133,0.159302,0
0.200588,0.0448879,0.219322,0
0.147759,0.123446,0.211849,0
0.135666,0.0762488,0.216454,0
0.16328,0.00302885,0.117917,0
0.222086,0.0860259,0.151636,0
0.151616,0.140654,0.204092,0
0.126535,0.155527,0.169485,0
0.103294,0.165616,0.154482,0
0.109368,0.0909704,0.1036,0
0.131354,0.157304,0.164425,0
0.121234,0.138863,0.121076,0
0.14383,0.036139,0.181298,0
0.181502,0.0243973,0.163071,0
0.201905,0.00981731,0.163184,0
0.202338,0.218636,0.15453,0
0.167324,0.184563,0.118595,0
0.193532,0.0107307,0.132906,0
0.220696,0.204014,0.145927,0
0.150985,0.159088,0.218387,0
0.179141,0.0341714,0.107277,0
0.127634,0.162907,0.17139,0
0.186878,0.0556882,0.190396,0
0.164507,0.00981232,0.155746,0
0.206639,0.158322,0.160827,0
0.21637,0.121473,0.139854,0
0.212455,0.120511,0.212088,0
0.15524,0.195313,0.161227,0
0.156991,0.189016,0.136226,0
0.147794,0.0643555,0.10681,0
0.199424,0.163761,0.219865,0
0.12857,0.0247398,0.209511,0
0.116012,0.0520361,0.208181,0
0.107842,0.125196,0.223957,0
0.138808,0.118041,0.114188,0
0.140958,0.136632,0.124067,0
0.104542,0.168312,0.224841,0
0.132402,0.0565798,0.218128,0
0.198977,0.174526,0.14678,0
0.217276,0.00818786,0.1827,0
0.177533,0.183032,0.127338,0
0.17708,0.213216,0.129752,0
0.21522,0.167922,0.183348,0
0.10619,0.201256,0.17558,0
0.219642,0.174062,0.124476,0
0.121077,0.223554,0.194129,0
0.17147,0.183503,0.1135,0
0.152958,0.211204,0.124512,0
0.102476,0.152785,0.108582,0
0.112908,0.00286212,0.113163,0
0.203557,0.0156486,0.113533,0
0.130726,0.188007,0.142231,0
0.223927,0.0727219,0.209229,0
0.209785,0.00511531,0.165176,0
0.197081,0.210521,0.135806,0
0.224307,0.0801069,0.110499,0
0.204559,0.0144628,0.12539,0
0.137646,0.191886,0.206417,0
0.222814,0.0487762,0.21479,0
0.116807,0.104557,0.201076,0
0.157856,0.0558883,0.158756,0
0.193926,0.0516617,0.181062,0
0.144978,0.00238709,0.186071,0
0.202833,0.0920852,0.213811,0
0.103141,0.145464,0.105936,0
0.171789,0.135717,0.104557,0
0.116624,0.154596,0.104377,0
0.102782,0.144893,0.108313,0
0.102517,0.151059,0.104269,0
0.178624,0.0643936,0.0857133,1
0.147228,0.0481003,0.0207991,1
0.104844,0.14979,0.101246,1
0.117815,0.168737,0.0416338,1
0.140652,0.131162,0.0962435,1
0.178154,0.111028,0.0103168,1
0.174378,0.210422,0.0137602,1
0.109152,0.00531463,0.00810813,1
0.201892,0.12194,0.0101059,1
0.162183,0.0820805,0.0818862,1
0.206967,0.139583,0.0464467,1
0.120981,0.0353337,0.00153305,1
0.196836,0.0826502,0.0542181,1
0.20756,0.116715,0.0935232,1
0.104306,0.126848,0.0751026,1
0.133315,0.0371354,0.00625274,1
0.193478,0.0396918,0.0641363,1
0.158788,0.0297697,0.0417291,1
0.107713,0.139699,0.0644784,1
0.158272,0.181324,0.0759984,1
0.221392,0.0415788,0.0493176,1
0.114077,0.0667135,0.0873484,1
0.183275,0.186862,0.0385933,1
0.223113,0.168847,0.0433921,1
0.160486,0.119346,0.0339314,1
0.136912,0.0776345,0.0936914,1
0.108475,0.152753,0.0361782,1
0.1995,0.0173098,0.0177066,1
0.211251,0.174259,0.0993596,1
0.152381,0.0982956,0.0438691,1
0.167327,0.218503,0.0904485,1
0.116488,0.0764978,0.0106403,1
0.136843,0.00991823,0.0413089,1
0.218409,0.153389,0.0838445,1
0.138329,0.169616,0.10132,1
0.137159,0.0867497,0.0113588,1
0.103548,0.152883,0.102411,1
0.17144,0.00250442,0.0758214,1
0.210565,0.165224,0.0985749,1
0.103244,0.152156,0.101502,1
0.164037,0.101177,0.0730503,1
0.179422,0.0982936,0.0340674,1
0.140323,0.0479328,0.0410059,1
0.176891,0.044826,0.0731888,1
0.167726,0.176541,0.00704774,1
0.165423,0.0444103,0.0466172,1
0.135374,0.198158,0.0921806,1
0.181696,0.145514,0.0782945,1
0.181979,0.111067,0.018812,1
0.130245,0.185344,0.0474808,1
0.136893,0.181164,0.0768133,1
0.127703,0.216036,0.014782,1
0.105303,0.152174,0.100067,1
0.180674,0.166974,0.0298095,1
0.131236,0.162401,0.0688665,1
0.201887,0.0265578,0.0673544,1
0.137632,0.205455,0.0391364,1
0.166211,0.222261,0.0961095,1
0.216943,0.0857327,0.0766237,1
0.142373,0.186523,0.0643982,1
0.175393,0.0916481,0.0689153,1
0.177898,0.0922506,0.0661413,1
0.221439,0.11327,0.00176344,1
0.215367,0.0137152,0.0241748,1
0.109586,0.152941,0.0300366,1
0.166624,0.0648881,0.0391325,1
0.191789,0.15584,0.057524,1
0.148851,0.0360343,0.0538586,1
0.193733,0.0321427,0.0604866,1
0.137544,0.128062,0.0827597,1
0.195494,0.0521352,0.0850979,1
0.14501,0.0372753,0.0424044,1
0.124643,0.177615,0.00733967,1
0.20318,0.0747387,0.0328157,1
0.184462,0.0522454,0.0946285,1
0.1059,0.132768,0.0699712,1
0.134583,0.12692,0.00847011,1
0.183584,0.0191536,0.0232506,1
0.155902,0.131242,0.0496913,1
0.112923,0.216444,0.0515134,1
0.221886,0.20688,0.0748672,1
0.151416,0.0724139,0.0204797,1
0.211816,0.112125,0.0870209,1
0.102513,0.00401575,0.0240031,1
0.140176,0.0667274,0.0418139,1
0.155552,0.196278,0.0410558,1
0.181008,0.154687,0.0431401,1
0.203706,0.144905,0.0615824,1
0.176513,0.0868171,0.0689335,1
0.180253,0.0909277,0.0657252,1
0.173813,0.00198377,0.0162293,1
0.19449,0.0265552,0.0517628,1
0.138411,0.11741,0.0842099,1
0.177368,0.175829,0.0180812,1
0.155731,0.177866,0.0023713,1
0.208032,0.165847,0.10281,1
0.175668,0.095606,0.0469507,1
0.137767,0.0289791,0.0116234,1
0.144569,0.101764,0.0449792,1
0.11599,0.0147412,0.10112,1
0.169223,0.201752,0.0326772,1
0.180241,0.141495,0.0930562,1
0.166177,0.1489,0.0964239,1
0.181252,0.0681885,0.0621647,1
0.165184,0.126398,0.000430289,1
0.151009,0.210808,0.0524506,1
0.112337,0.224866,0.0167668,1
0.124061,0.158445,0.0641828,1
0.105714,0.15458,0.101294,1
0.204532,0.0333051,0.0889316,1
0.163363,0.00406293,0.0929417,1
0.199285,0.212147,0.0513523,1
0.11222,0.145718,0.0517209,1
0.188097,0.186152,0.0750301,1
0.107155,0.14466,0.0212146,1
0.111822,0.146124,0.0522201,1
0.146338,0.184224,0.0591443,1
0.195687,0.20628,0.0904263,1
0.176155,0.222537,0.0164867,1
0.152604,0.0747235,0.0165725,1
0.115783,0.170814,0.0865247,1
0.129808,0.152765,0.0020206,1
0.10428,0.146775,0.0993179,1
0.143776,0.120916,0.0131344,1
0.140923,0.122032,0.00571417,1
0.114347,0.0816173,0.0207769,1
0.105978,0.132202,0.0765903,1
0.168245,0.162616,0.0891445,1
0.116315,0.17429,0.0460825,1
0.120964,0.224194,0.0925184,1
0.174073,0.153747,0.0886589,1
0.0860495,0.205704,0.0860558,2
0.0339824,0.0653206,0.0868428,2
0.0711072,0.12881,0.00839332,2
0.0537042,0.157693,0.0439462,2
0.0705777,0.214007,0.0498076,2
0.0883156,0.202529,0.00371006,2
0.101127,0.148472,0.103329,2
0.0656953,0.115407,0.083505,2
0.0281411,0.118313,0.030904,2
0.0759661,0.0272654,0.0981986,2
0.0847003,0.0274652,0.0992282,2
0.0981176,0.148186,0.100212,2
0.0283428,0.167781,0.0223652,2
0.0746252,0.054454,0.102834,2
0.0952626,0.152859,0.103367,2
0.0809945,0.146197,0.0558966,2
0.0173759,0.0809115,0.0941646,2
0.0980244,0.153321,0.0998396,2
0.0953557,0.0549521,0.0597208,2
0.0651842,0.149048,0.0130888,2
0.0974222,0.14798,0.0982252,2
0.0971456,0.00218629,0.018874,2
0.0956332,0.151264,0.101813,2
0.0583303,0.0543577,0.0521324,2
0.0161166,0.0335003,0.09519,2
0.0636241,0.0420326,0.074665,2
0.0184998,0.0157798,0.0335121,2
0.0742222,0.18759,0.0474975,2
0.102221,0.151796,0.103384,2
0.00130966,0.0103464,0.0460907,2
0.0624352,0.00757155,0.0362486,2
0.0439093,0.0457062,0.0780312,2
0.0999038,0.153048,0.100666,2
0.05616,0.124942,0.00338927,2
0.0989863,0.148959,0.0992035,2
0.0754001,0.200002,0.0057533,2
0.0902656,0.202138,0.0310088,2
0.0941941,0.154223,0.0929846,2
0.0620112,0.115621,0.0427957,2
0.0899866,0.0196514,0.0309835,2
0.0452264,0.00715402,0.0917134,2
0.082183,0.0985178,0.089378,2
0.00674811,0.028984,0.0420001,2
0.0979374,0.011729,0.0945313,2
0.05642,0.0861519,0.0116712,2
0.0881005,0.077468,0.0225337,2
0.0268839,0.141507,0.0642537,2
0.0889708,0.0820523,0.0945354,2
0.0644696,0.0480396,0.0993188,2
0.048436,0.203807,0.0966571,2
0.0819246,0.0744911,0.0954513,2
0.0169437,0.203883,0.0640485,2
0.0290551,0.223549,0.0437405,2
0.0110282,0.153487,0.0778955,2
0.0937271,0.153301,0.10132,2
0.0138931,0.0298974,0.0592855,2
0.0975029,0.147242,0.100364,2
0.0283508,0.201082,0.0282553,2
0.0268729,0.148895,0.0659596,2
0.0622623,0.0469721,0.0944555,2
0.063607,0.00907216,0.0895497,2
0.0999979,0.191826,0.0271197,2
0.0670086,0.0384737,0.0344686,2
0.007883,0.0430308,0.0121759,2
0.0757374,0.0820052,0.079624,2
0.0170686,0.150479,0.0532223,2
0.0978753,0.154315,0.101373,2
0.098092,0.154065,0.102183,2
0.017918,0.0208155,0.021432,2
0.0984575,0.146693,0.101101,2
0.075264,0.152549,0.0814962,2
0.0444081,0.0549324,0.0230049,2
0.054388,0.0390764,0.0386909,2
0.0667212,0.207035,0.00752527,2
0.0807119,0.138993,0.0294731,2
0.0487063,0.0446757,0.0831727,2
0.0469535,0.221795,0.048528,2
0.0965426,0.152169,0.102161,2
0.0944462,0.151422,0.10073,2
0.0593789,0.117918,0.0338629,2
0.00191829,0.0854554,0.0399622,2
0.102085,0.0483522,0.066464,2
0.0812954,0.0362206,0.0693072,2
0.0791422,0.131827,0.0750759,2
0.100406,0.153666,0.102336,2
0.0954599,0.0560241,0.0635419,2
0.0219981,0.128636,0.0826039,2
0.0523012,0.0710323,0.0815168,2
0.0884546,0.166259,0.0543213,2
0.0765868,0.201132,0.0370175,2
0.070262,0.0210175,0.075459,2
0.0259476,0.0609224,0.0248666,2
0.0970446,0.136767,0.0989152,2
0.0281101,0.223668,0.0511701,2
0.101489,0.150517,0.101555,2
0.0223363,0.0823225,0.0177292,2
0.0199933,0.0139326,0.0501086,2
0.100717,0.168951,0.0763626,2
0.0264297,0.0424306,0.0817073,2
0.0995934,0.123241,0.076102,2
0.0851984,0.0786424,0.0660011,2
0.0454057,0.0643728,0.0250902,2
0.0407016,0.119609,0.0531533,2
0.0775115,0.221377,0.06852,2
0.0927808,0.152982,0.102648,2
0.0122495,0.0473581,0.0493181,2
0.0514844,0.140608,0.101071,2
0.0538004,0.20898,0.00436778,2
0.0968807,0.149922,0.100724,2
0.0499812,0.0830097,0.0986554,2
0.00187414,0.0367222,0.0397972,2
0.038263,0.0934711,0.00684554,2
0.100381,0.00559924,0.0813475,2
0.0966249,0.155661,0.103096,2
0.0400212,0.104197,0.00568761,2
0.0945236,0.15172,0.102014,2
0.0984087,0.0894501,0.0239114,2
0.0937296,0.154055,0.100168,2
0.100887,0.150196,0.0971863,2
0.0930416,0.153062,0.103098,2
0.0964023,0.15068,0.101674,2
0.0851558,0.0838983,0.102834,2
0.101841,0.144063,0.101736,2
0.0937661,0.149948,0.102086,2
0.0953444,0.152803,0.103002,2
0.102133,0.145236,0.102536,2
0.101841,0.18706,0.160665,3
0.0669509,0.0838823,0.148039,3
0.09761,0.153211,0.104497,3
0.0988121,0.148895,0.104921,3
0.0480731,0.00184119,0.19994,3
0.099016,0.15504,0.106526,3
0.0837511,0.00416683,0.105817,3
0.0972564,0.147322,0.105759,3
0.0997509,0.0926232,0.180275,3
0.100625,0.0578874,0.114716,3
0.0175921,0.0812922,0.22468,3
0.00226144,0.150134,0.203488,3
0.0131083,0.1362,0.144855,3
0.0979027,0.147358,0.105198,3
0.0887843,0.0967284,0.196467,3
0.02376,0.0775567,0.219553,3
0.07929,0.0358144,0.121367,3
0.0693026,0.220669,0.2234,3
0.0999489,0.147512,0.103617,3
0.0999064,0.147464,0.108267,3
0.0866235,0.102161,0.123199,3
0.0997668,0.176266,0.180355,3
0.0984865,0.0121314,0.174473,3
0.0863815,0.224218,0.214687,3
0.0113214,0.0254669,0.166729,3
0.0924444,0.149192,0.107558,3
0.0422103,0.081543,0.199036,3
0.0979774,0.152064,0.105675,3
0.0148178,0.0911575,0.128023,3
0.0184355,0.141768,0.170783,3
0.0731042,0.204284,0.19927,3
0.0948293,0.148916,0.108429,3
0.0696257,0.0915722,0.131494,3
0.0975158,0.150522,0.105463,3
0.0280684,0.00811607,0.127117,3
0.0527417,0.0234273,0.159827,3
0.0996973,0.09443,0.134146,3
0.0739651,0.0542772,0.1386,3
0.099377,0.152418,0.105782,3
0.0365846,0.00953392,0.162605,3
0.0648258,0.110435,0.166506,3
0.0980934,0.05951,0.205736,3
0.0223795,0.084451,0.200648,3
0.0925275,0.206934,0.12242,3
0.00985602,0.182692,0.129373,3
0.0324775,0.105567,0.178208,3
0.071455,0.190378,0.106032,3
0.0821635,0.0271909,0.210959,3
0.0335745,0.140846,0.104352,3
0.00797401,0.00459329,0.199151,3
0.0907612,0.00444935,0.178539,3
0.0214901,0.144991,0.188283,3
0.0427991,0.174565,0.205582,3
0.0930762,0.0461571,0.109284,3
0.0489266,0.160772,0.153361,3
0.0424557,0.0990295,0.141939,3
0.0298503,0.0399954,0.120332,3
0.0469531,0.0349302,0.174718,3
0.0553251,0.0790104,0.197178,3
0.0561861,0.0343006,0.174962,3
0.0528781,0.0624773,0.216401,3
0.0964486,0.146384,0.103326,3
0.00211607,0.169492,0.215847,3
0.0511383,0.0140111,0.106972,3
0.0117106,0.138655,0.128803,3
0.0079712,0.178126,0.133062,3
0.0631619,0.0576953,0.12455,3
0.0429345,0.109674,0.179885,3
0.0536459,0.0431373,0.122113,3
0.0980922,0.0582488,0.194207,3
0.0933125,0.134452,0.126109,3
0.0900286,0.189782,0.12128,3
0.0728146,0.0666838,0.116491,3
0.0875048,0.210256,0.137228,3
0.0244986,0.0172471,0.217791,3
0.0680498,0.138489,0.129364,3
0.0899884,0.220445,0.167919,3
0.0684766,0.0250098,0.120146,3
0.02663,0.0465459,0.114883,3
0.0279625,0.20226,0.219211,3
0.100605,0.154902,0.10403,3
0.083005,0.0259316,0.181846,3
0.101394,0.150247,0.106092,3
0.0966053,0.147379,0.104916,3
0.0501875,0.00191427,0.118389,3
0.0792873,0.203635,0.13826,3
0.0603583,0.145681,0.208164,3
0.032623,0.201019,0.223668,3
0.0510203,0.213342,0.169323,3
0.010016,0.00108192,0.197688,3
0.1009,0.21532,0.146159,3
0.00179633,0.170248,0.139788,3
0.0918371,0.150475,0.108075,3
0.0287948,0.0872202,0.190684,3
0.0799235,0.08312,0.19531,3
0.0648129,0.208322,0.219898,3
0.00725335,0.0804052,0.211883,3
0.011232,0.0434593,0.207411,3
0.0484218,0.129941,0.112004,3
0.0268213,0.0823327,0.14646,3
0.0513819,0.182013,0.194458,3
0.047129,0.162306,0.181954,3
0.0841716,0.150347,0.140891,3
0.0187113,0.218207,0.223161,3
0.0994114,0.102491,0.146554,3
0.0706841,0.12198,0.199699,3
0.0854338,0.136478,0.176469,3
0.053957,0.07657,0.158362,3
0.0150564,0.169821,0.16768,3
0.0410059,0.174316,0.136847,3
0.0897602,0.0581231,0.185887,3
0.0953933,0.15172,0.103907,3
0.0204396,0.175893,0.143858,3
0.0407483,0.0919361,0.197321,3
0.0614852,0.0866109,0.142769,3
0.0995188,0.14915,0.105513,3
0.0998766,0.154045,0.105026,3
0.101277,0.15144,0.106075,3
0.100807,0.148601,0.105011,3
