x coord,y coord,z coord,rank
0.0333829,0.0845842,0.203574,0
0.0794767,0.0840873,0.182657,0
0.0331052,0.0314188,0.182761,0
0.0182299,0.0349822,0.0605093,0
0.055827,0.0931647,0.0815862,0
0.0039555,0.0356498,0.134535,0
0.102144,0.0934533,0.0333049,0
0.0926297,0.0897254,0.038251,0
0.0995531,0.0899244,0.0311663,0
0.0328301,0.0380417,0.155136,0
0.0433795,0.00224727,0.148155,0
0.10423,0.00737149,0.0212893,0
0.0274743,0.0346701,0.038063,0
0.0875122,0.0742899,0.0723968,0
0.0110896,0.0359382,0.048433,0
0.0751293,0.0735906,0.00932458,0
0.0921346,0.109443,0.100814,0
0.00653072,0.0695452,0.0455796,0
0.0161845,0.0374665,0.195524,0
0.0167507,0.027161,0.00209757,0
0.0512435,0.108103,0.0888847,0
0.0112522,0.0194915,0.213358,0
0.0992823,0.057638,0.123576,0
0.0252246,0.0896427,0.1647,0
0.0398413,0.0851241,0.180886,0
0.0444016,0.0737975,0.140207,0
0.0261328,0.0611059,0.12502,0
0.0484122,0.0978882,0.141438,0
0.0723682,0.0364118,0.150131,0
0.0246418,0.0162632,0.146259,0
0.0906615,0.00285473,0.220103,0
0.0240124,0.0301513,0.044197,0
0.0104447,0.113902,0.151569,0
0.00152731,0.0745293,0.145479,0
0.0944012,0.000305098,0.19562,0
0.0880068,0.0189663,0.201645,0
0.076978,0.0177437,0.109427,0
0.00680377,0.0338702,0.179887,0
0.0394903,0.0804645,0.0336805,0
0.0611008,0.0199254,0.194639,0
0.0166737,0.0571394,0.0539926,0
0.033163,0.0487842,0.145581,0
0.0109397,0.0456344,0.00630628,0
0.0869744,0.0844128,0.224322,0
0.0101065,0.016844,0.0122968,0
0.0427292,0.0810416,0.15304,0
0.00820397,0.0468657,0.0111032,0
0.0125738,0.107333,0.0589014,0
0.0302784,0.051725,0.189583,0
0.0893739,0.0691925,0.0996126,0
0.0693316,0.059355,0.0631529,0
0.0678455,0.100513,0.0790817,0
0.0407672,0.0283067,0.105964,0
0.0106794,0.0146988,0.0411477,0
0.00818281,0.0815688,0.0493384,0
0.0514046,0.0713426,0.192874,0
0.0498883,0.0636288,0.00656382,0
0.0732513,0.0155657,0.188242,0
0.100982,0.0372863,0.206619,0
0.0405299,0.107124,0.0780544,0
0.0399075,0.0457168,0.135243,0
0.0156725,0.0457022,0.203852,0
0.105489,0.0897415,0.00476407,0
0.0260552,0.112628,0.205718,0
0.105496,0.0649393,0.030444,0
0.0604142,0.0719609,0.0108623,0
0.035985,0.0431559,0.130271,0
0.0523375,0.0934979,0.0977266,0
0.029882,0.0232791,0.101745,0
0.0355111,0.022326,0.176346,0
0.0942992,0.0452658,0.090087,0
0.0379692,0.0295315,0.146773,0
0.023892,0.0989818,0.092224,0
0.0770692,0.0252382,0.0831772,0
0.0204641,0.0496571,0.127019,0
0.106013,0.0497759,0.16776,0
0.0724493,0.0670541,0.180655,0
0.0234708,0.0380266,0.195571,0
0.0468164,0.00668871,0.122072,0
0.03515,0.0771665,0.203739,0
0.0164776,0.102886,0.0036656,0
0.100013,0.0325633,0.0888426,0
0.0916145,0.0424679,0.205457,0
0.0457193,0.0887442,0.0546471,0
0.0871704,0.062929,0.131297,0
0.0484807,0.0767875,0.122593,0
0.0352147,0.0682851,0.220264,0
0.0212652,0.10356,0.0277997,0
0.0991344,0.0390424,0.208113,0
0.00448214,0.0820647,0.0231932,0
0.0261683,0.0690042,0.113501,0
0.0188663,0.096982,0.0635099,0
0.0703468,0.0514326,0.104556,0
0.0971976,0.0387793,0.205296,0
0.0927381,0.0997889,0.0351954,0
0.0773088,0.0213529,0.200697,0
0.0726335,0.0543178,0.129909,0
0.0705509,0.0913905,0.0094995,0
0.0993954,0.104478,0.0901466,0
0.0730563,0.00911273,0.192859,0
0.0103697,0.0462533,0.14565,0
0.00297074,0.103543,0.15205,0
0.0700765,0.0896059,0.1771,0
0.0859073,0.114695,0.20131,0
0.0550045,0.108532,0.0707247,0
0.0204597,0.0384379,0.12722,0
0.0520042,0.0377305,0.221044,0
0.0511288,0.0354377,0.172559,0
0.0516781,0.104522,0.114059,0
0.0117998,0.0178906,0.145379,0
0.00602611,0.0147053,0.132435,0
0.00633698,0.113945,0.207733,0
0.0691878,0.0925505,0.167637,0
0.0659645,0.0521765,0.120743,0
0.0285807,0.116461,0.139221,0
0.0694857,0.057288,0.155753,0
0.0951524,0.0207291,0.115766,0
0.0240514,0.112018,0.200137,0
0.0833603,0.108568,0.147066,0
0.102598,0.101417,0.161862,0
0.0543499,0.105225,0.174432,0
0.00177666,0.109077,0.119309,0
0.142875,0.183293,0.0903957,1
0.146995,0.143748,0.0631019,1
0.144017,0.186103,0.0885478,1
0.193541,0.161449,0.0219141,1
0.139447,0.125095,0.0959997,1
0.142777,0.180293,0.0875087,1
0.180259,0.160784,0.0451715,1
0.140959,0.185286,0.0834388,1
0.141545,0.181,0.0793342,1
0.181665,0.142889,0.00248346,1
0.209569,0.180056,0.0445717,1
0.222923,0.138847,0.0289818,1
0.208331,0.14638,0.037641,1
0.138021,0.179668,0.090263,1
0.142264,0.183232,0.0899811,1
0.162347,0.141513,0.0610892,1
0.222285,0.168533,0.0348221,1
0.218204,0.122309,0.00531398,1
0.151452,0.118811,0.0764256,1
0.215666,0.143768,0.0795604,1
0.173851,0.157854,0.121191,1
0.166772,0.170994,0.177459,1
0.16311,0.177983,0.0974651,1
0.163082,0.148343,0.223512,1
0.203374,0.152377,0.216524,1
0.158514,0.212895,0.119054,1
0.222024,0.160134,0.0726311,1
0.204417,0.188232,0.0939336,1
0.146411,0.186453,0.0884699,1
0.192841,0.191103,0.214347,1
0.180849,0.198602,0.220873,1
0.138858,0.135602,0.111806,1
0.141836,0.184685,0.0970302,1
0.145605,0.183382,0.0907123,1
0.185157,0.193638,0.0125436,1
0.152276,0.201625,0.144823,1
0.144468,0.171093,0.201788,1
0.141705,0.125922,0.0167422,1
0.182534,0.205591,0.1478,1
0.15134,0.219982,0.224865,1
0.149851,0.186555,0.00123946,1
0.153003,0.186327,0.159914,1
0.166085,0.145157,0.157225,1
0.141722,0.184001,0.0914589,1
0.153927,0.220787,0.224065,1
0.217259,0.178134,0.0339514,1
0.20457,0.202859,0.222706,1
0.139357,0.18015,0.0868226,1
0.138616,0.184869,0.088994,1
0.205177,0.16978,0.0368167,1
0.162479,0.18888,0.188953,1
0.154954,0.119977,0.109434,1
0.140242,0.184411,0.0872205,1
0.212746,0.204992,0.101869,1
0.144983,0.224011,0.143527,1
0.161424,0.211747,0.0395644,1
0.146465,0.180098,0.0899065,1
0.13938,0.183328,0.0881363,1
0.217841,0.128696,0.114815,1
0.184877,0.214427,0.0940588,1
0.141981,0.184709,0.0953498,1
0.137883,0.181489,0.0934581,1
0.186726,0.14607,0.0713138,1
0.16059,0.186845,0.0127142,1
0.156626,0.177272,0.188597,1
0.207029,0.137284,0.151751,1
0.141219,0.189704,0.0899914,1
0.220278,0.149682,0.0176255,1
0.147398,0.181164,0.156336,1
0.209786,0.146704,0.0496138,1
0.144789,0.17946,0.150704,1
0.17853,0.185425,0.206126,1
0.170308,0.122071,0.112801,1
0.186828,0.195214,0.222235,1
0.140678,0.177776,0.0843415,1
0.141102,0.180307,0.0920519,1
0.166067,0.161897,0.204365,1
0.171493,0.194139,0.195116,1
0.187034,0.140982,0.142596,1
0.145087,0.180734,0.0877511,1
0.13974,0.197463,0.042137,1
0.224799,0.214466,0.0621384,1
0.218792,0.199838,0.0238583,1
0.140337,0.184787,0.09019,1
0.143837,0.181569,0.0929039,1
0.169791,0.188431,0.132636,1
0.22494,0.202893,0.071304,1
0.158063,0.202386,0.103274,1
0.180077,0.167122,0.167024,1
0.191263,0.184262,0.0120038,1
0.21188,0.222901,0.082226,1
0.143236,0.18535,0.0849954,1
0.22012,0.117271,0.0916936,1
0.166508,0.152713,0.206952,1
0.176881,0.157152,0.0212456,1
0.200243,0.148899,0.00257633,1
0.170916,0.143338,0.116481,1
0.161243,0.212698,0.0812312,1
0.171656,0.118734,0.207096,1
0.145975,0.181402,0.0878649,1
0.139933,0.179102,0.0891268,1
0.208672,0.169969,0.0501012,1
0.138237,0.184762,0.0860548,1
0.142761,0.189588,0.0899748,1
0.177738,0.116835,0.161575,1
0.141921,0.182964,0.0860759,1
0.15337,0.121365,0.191483,1
0.145866,0.185881,0.0881749,1
0.141605,0.183699,0.0883121,1
0.137972,0.178886,0.0840712,1
0.140884,0.180244,0.0877684,1
0.187938,0.2115,0.072099,1
0.166287,0.116776,0.188283,1
0.144238,0.182367,0.0920243,1
0.139728,0.186996,0.0981159,1
0.13955,0.184338,0.0919734,1
0.14208,0.186302,0.0867242,1
0.173665,0.158741,0.0897627,1
0.141587,0.183596,0.0939849,1
0.209554,0.116684,0.120589,1
0.138018,0.180102,0.0891384,1
0.144189,0.180631,0.0900462,1
0.143281,0.202075,0.0523147,1
0.103047,0.121322,0.089863,2
0.10244,0.199381,0.106709,2
0.102751,0.131403,0.0648457,2
0.135218,0.177486,0.091259,2
0.0939792,0.164192,0.181102,2
0.111682,0.14327,0.0311124,2
0.0668508,0.149659,0.216707,2
0.0990425,0.208083,0.131111,2
0.0110793,0.214549,0.159973,2
0.0916319,0.145121,0.131227,2
0.0278068,0.140731,0.0919751,2
0.1082,0.136978,0.139507,2
0.0856785,0.165907,0.193776,2
0.0788192,0.170337,0.153153,2
0.127091,0.199662,0.191002,2
0.0915999,0.134964,0.17673,2
0.0498139,0.140812,0.09053,2
0.0644399,0.138935,0.0685788,2
0.089213,0.224178,0.172874,2
0.043943,0.128477,0.0350918,2
0.0974202,0.200547,0.211444,2
0.0374931,0.128166,0.0856105,2
0.0848791,0.139342,0.00378886,2
0.0928182,0.159991,0.143936,2
0.0492195,0.155032,0.215545,2
0.115232,0.210453,0.210111,2
0.0488066,0.119342,0.214154,2
0.0931584,0.144071,0.0297847,2
0.0787411,0.131556,0.0781672,2
0.0988804,0.224307,0.0990774,2
0.0381878,0.165331,0.119472,2
0.0414905,0.138354,0.204341,2
0.0224244,0.118966,0.046167,2
0.0768241,0.13761,0.137489,2
0.106329,0.149076,0.0637843,2
0.107033,0.130745,0.0301974,2
0.120666,0.135289,0.118612,2
0.0820142,0.203093,0.149339,2
0.0587968,0.133952,0.157513,2
0.123825,0.136647,0.0275271,2
0.0969623,0.175767,0.173119,2
0.0019786,0.168132,0.135115,2
0.131379,0.125594,0.00989986,2
0.105362,0.171428,0.208394,2
0.124493,0.139494,0.116996,2
0.114322,0.135754,0.0930847,2
0.110245,0.220608,0.198791,2
0.108747,0.189011,0.159782,2
0.00625272,0.197098,0.173456,2
0.136233,0.176629,0.0847053,2
0.00494178,0.196006,0.0404656,2
0.107835,0.124423,0.206492,2
0.130657,0.216726,0.0941215,2
0.109841,0.191278,0.0657881,2
0.0692769,0.193508,0.0747907,2
0.136238,0.178572,0.0835987,2
0.0940632,0.167657,0.0445286,2
0.00853378,0.207606,0.175436,2
0.104571,0.204307,0.101625,2
0.00745706,0.19758,0.081495,2
0.127227,0.139298,0.150908,2
0.0859291,0.175194,0.0755835,2
0.0262531,0.163781,0.0334432,2
0.124492,0.201094,0.00424885,2
0.0479115,0.16935,0.0848948,2
0.0422832,0.215348,0.0406246,2
0.11707,0.213906,0.0371942,2
0.0968719,0.119181,0.125744,2
0.133517,0.185163,0.0905975,2
0.128299,0.199072,0.139579,2
0.107839,0.166216,0.211981,2
0.0545726,0.223525,0.109343,2
0.071361,0.12403,0.128357,2
0.123814,0.154235,0.074724,2
0.130433,0.216365,0.0448852,2
0.0439052,0.210323,0.0998602,2
0.00526589,0.146327,0.0982775,2
0.0807987,0.201357,0.0705914,2
0.0155085,0.150097,0.194553,2
0.0103678,0.122661,0.173932,2
0.0123464,0.214787,0.171371,2
0.0591027,0.163794,0.0907168,2
0.0259513,0.153318,0.0466328,2
0.0480151,0.222493,0.15532,2
0.0432922,0.203005,0.209644,2
0.0475537,0.165389,0.0318936,2
0.0704197,0.145187,0.0954018,2
0.0750139,0.148824,0.0526584,2
0.016053,0.150853,0.224555,2
0.0872115,0.173177,0.00170638,2
0.0887918,0.182537,0.0403016,2
0.0618092,0.195411,0.058324,2
0.0938854,0.120954,0.127804,2
0.0381385,0.179777,0.201994,2
0.135245,0.181563,0.16958,2
0.0119901,0.118003,0.153074,2
0.000197801,0.207331,0.0842985,2
0.0536607,0.166905,0.0511036,2
0.134864,0.179775,0.0860021,2
0.0507162,0.186612,0.1903,2
0.0223015,0.18022,0.18144,2
0.0674103,0.224136,0.0653257,2
0.0164841,0.188558,0.128049,2
0.0963259,0.154814,0.106135,2
0.0907451,0.211468,0.0910292,2
0.0629874,0.142486,0.125467,2
0.00543991,0.209124,0.00119788,2
0.0564869,0.205954,0.00811581,2
0.134361,0.185031,0.0853633,2
0.00354494,0.189032,0.0281347,2
0.0105483,0.128364,0.182629,2
0.00819545,0.181759,0.217467,2
0.0396191,0.166576,0.217148,2
0.0267494,0.163249,0.0432925,2
0.00305592,0.211643,0.221674,2
0.0891925,0.134995,0.161357,2
0.0249528,0.168103,0.172097,2
0.00971301,0.196689,0.221116,2
0.0831162,0.192483,0.0731411,2
0.0798047,0.199701,0.124626,2
0.0354934,0.189087,0.127249,2
0.0150562,0.143225,0.160607,2
0.00687785,0.198784,0.0925375,2
0.0475758,0.201829,0.0539842,2
0.130632,0.128593,0.159719,2
0.134038,0.179586,0.0917266,2
0.137215,0.176658,0.0894203,2
0.136163,0.188312,0.0919015,2
0.0877299,0.118044,0.0517527,2
0.136567,0.185352,0.0888425,2
0.136796,0.180814,0.0930811,2
0.136957,0.221986,0.180378,2
0.0966739,0.116529,0.212616,2
0.159017,0.111104,0.0772121,3
0.176283,0.0822717,0.0844824,3
0.194829,0.0775811,0.00926946,3
0.144829,0.113035,0.148612,3
0.21412,0.115733,0.188502,3
0.218886,0.0131516,0.0692733,3
0.164846,0.0060906,0.0774149,3
0.155503,0.0375402,0.0777887,3
0.122391,0.0208645,0.012001,3
0.223551,0.0411421,0.0668817,3
0.113599,0.0988871,0.00971226,3
0.111104,0.112356,0.104249,3
0.209147,0.115583,0.211905,3
0.141152,0.0281362,0.00379306,3
0.123582,0.00529991,0.0500246,3
0.136607,0.10598,0.0122549,3
0.222038,0.0632129,0.0158239,3
0.163796,0.0879617,0.0229141,3
0.147207,0.114873,0.15496,3
0.172887,0.102179,0.191623,3
0.167017,0.0203458,0.102938,3
0.152978,0.0302845,0.0762984,3
0.195188,0.0381991,0.174564,3
0.198083,0.0690445,0.16943,3
0.145422,0.0578425,0.0402319,3
0.18188,0.0772813,0.0197079,3
0.11625,0.0681897,0.207066,3
0.195355,0.0654859,0.205139,3
0.151889,0.0109414,0.144999,3
0.14547,0.0207793,0.0845985,3
0.179335,0.0294601,0.183059,3
0.135161,0.0168587,0.122897,3
0.157373,0.0893484,0.00462359,3
0.142448,0.00473886,0.0915641,3
0.202824,0.100533,0.0177487,3
0.149467,0.00613972,0.0311017,3
0.219619,0.0679066,0.0900303,3
0.220693,0.086392,0.0875059,3
0.113439,0.0814765,0.127938,3
0.136073,0.0655677,0.0741283,3
0.224703,0.0307465,0.136537,3
0.166474,0.044301,0.187846,3
0.129671,0.0191593,0.0921871,3
0.204556,0.0876216,0.0381814,3
0.133902,0.0903845,0.0988253,3
0.149694,0.0495609,0.201221,3
0.131597,0.0351451,0.172718,3
0.14088,0.0303011,0.0927579,3
0.190377,0.00663061,0.148913,3
0.131182,0.0729308,0.106605,3
0.141826,0.0543592,0.116362,3
0.180198,0.0219117,0.0773731,3
0.207244,0.0445873,0.105657,3
0.218216,0.0172769,0.0236503,3
0.176906,0.0111856,0.216896,3
0.190339,0.00209863,0.135847,3
0.113362,0.0802997,0.203903,3
0.118138,0.0667225,0.122211,3
0.116283,0.0688258,0.0068581,3
0.180614,0.0957014,0.124215,3
0.191177,0.0245967,0.125116,3
0.11753,0.0197403,0.034689,3
0.149023,0.0302239,0.145967,3
0.192128,0.00821733,0.191395,3
0.18053,0.0698588,0.112352,3
0.152717,0.000627588,0.176554,3
0.194528,0.0868843,0.135872,3
0.222292,0.0192542,0.186716,3
0.214416,0.0369147,0.161455,3
0.162675,0.0383976,0.0590398,3
0.12423,0.0509329,0.04192,3
0.206502,0.0507502,0.0154672,3
0.156604,0.0576596,0.17811,3
0.162688,0.0232668,0.137211,3
0.112888,0.0569985,0.216878,3
0.19926,0.0412598,0.187496,3
0.223662,0.000114745,0.102467,3
0.19977,0.029736,0.0822236,3
0.134154,0.0810146,0.186728,3
0.174079,0.0487955,0.0166152,3
0.201681,0.0054247,0.126386,3
0.127578,0.0676187,0.213292,3
0.200401,0.0621412,0.167478,3
0.137132,0.0353358,0.161116,3
0.209187,0.0199898,0.216994,3
0.1409,0.057444,0.186456,3
0.140696,0.0751668,0.164468,3
0.180783,0.0432829,0.162397,3
0.120479,0.0820698,0.0877956,3
0.1476,0.032089,0.177343,3
0.161222,0.0240734,0.136546,3
0.218914,0.0472457,0.194421,3
0.196306,0.0181096,0.0616795,3
0.11754,0.0819669,0.0792314,3
0.205494,0.00852737,0.0804805,3
0.162128,0.0275193,0.0143802,3
0.129799,0.0987263,0.126274,3
0.185371,0.00321918,0.000726757,3
0.179807,0.0749902,0.211127,3
0.186237,0.0636053,0.0313935,3
0.195135,0.0463257,0.0137413,3
0.191847,0.0382041,0.122754,3
0.162278,0.0218066,0.13275,3
0.161708,0.0622849,0.00923035,3
0.217625,0.0247828,0.209932,3
0.170142,0.00803819,0.137927,3
0.19488,0.00918424,0.0802902,3
0.122729,0.0392777,0.0305571,3
0.21077,0.0806154,0.158851,3
0.207168,0.0437445,0.152653,3
0.182374,0.0593079,0.132395,3
0.14954,0.082757,0.163563,3
0.131507,0.100503,0.165069,3
0.144752,0.012065,0.123455,3
0.208542,0.0427897,0.21526,3
0.198528,0.0689064,0.171938,3
0.119642,0.0397068,0.0113254,3
0.156041,0.116405,0.00305192,3
0.179294,0.0858896,0.131786,3
0.15164,0.0196608,0.0332607,3
0.17095,0.0808913,0.17301,3
0.221848,0.00157229,0.17909,3
