x coord,y coord,z coord,rank
0.224997,0.0804545,0.063252,0
0.109248,0.119458,0.104682,0
0.10988,0.114221,0.103557,0
0.119058,0.17002,0.0842358,0
0.109465,0.112236,0.102316,0
0.11165,0.120882,0.0979851,0
0.108883,0.122798,0.104372,0
0.130009,0.0437788,0.027058,0
0.140439,0.191443,0.0756122,0
0.109665,0.120775,0.099754,0
0.149672,0.117669,0.0250653,0
0.178479,0.120762,0.103819,0
0.114191,0.0847738,0.0354668,0
0.206834,0.144551,0.0542895,0
0.114685,0.175677,0.0912794,0
0.213079,0.0289777,0.0913079,0
0.212755,0.0769787,0.0105033,0
0.222893,0.0244868,0.000105359,0
0.160979,0.0973191,0.00359478,0
0.11119,0.00913167,0.0219452,0
0.108468,0.118846,0.102543,0
0.109092,0.115585,0.103596,0
0.166284,0.169653,0.0922861,0
0.217026,0.0137519,0.0927469,0
0.142923,0.0978917,0.0549249,0
0.128461,0.0218564,0.0758526,0
0.157596,0.166281,0.0500115,0
0.134612,0.0834937,0.0975571,0
0.223822,0.0623862,0.0215922,0
0.110452,0.119734,0.0965913,0
0.133719,0.201887,0.0733151,0
0.110527,0.118149,0.102488,0
0.177157,0.103104,0.0815842,0
0.174168,0.21509,0.0895998,0
0.153125,0.163355,0.00158584,0
0.133855,0.178386,0.0319374,0
0.163425,0.141411,0.000220947,0
0.16533,0.149414,0.000561654,0
0.119913,0.063587,0.0600133,0
0.153667,0.0605312,0.0961252,0
0.159133,0.117887,0.0891929,0
0.169544,0.149578,0.0824155,0
0.11238,0.219667,0.0543362,0
0.13299,0.126243,0.0686725,0
0.143904,0.169791,0.0747446,0
0.119126,0.164416,0.0765606,0
0.159526,0.223818,0.0887274,0
0.162314,0.139293,0.0336514,0
0.219092,0.109472,0.0403742,0
0.1549,0.173503,0.053658,0
0.109879,0.0621446,0.0513293,0
0.17763,0.110204,0.103905,0
0.11483,0.0410263,0.0163904,0
0.164829,0.155087,0.0775756,0
0.133624,0.122783,0.0508958,0
0.183071,0.152973,0.0163904,0
0.112292,0.120637,0.10196,0
0.147433,0.0257936,0.104053,0
0.218469,0.149363,0.0988304,0
0.22132,0.209286,0.0175094,0
0.110421,0.114958,0.10473,0
0.124073,0.158022,0.0110179,0
0.206387,0.13088,0.0922191,0
0.126028,0.0657888,0.0521309,0
0.146371,0.116223,0.0191069,0
0.166484,0.0757224,0.00919126,0
0.22425,0.1512,0.101271,0
0.127159,0.125073,0.0605155,0
0.124846,0.0914061,0.0406151,0
0.221966,0.125383,0.00298226,0
0.150717,0.123472,0.0292845,0
0.119906,0.15158,0.0453382,0
0.116337,0.124323,0.0022115,0
0.165297,0.188463,0.0604952,0
0.203566,0.0367615,0.0232671,0
0.1107,0.123667,0.10512,0
0.148839,0.177414,0.099,0
0.14121,0.203343,0.0470401,0
0.154569,0.0476239,0.103382,0
0.181678,0.104725,0.0830895,0
0.152715,0.122408,0.0898784,0
0.21903,0.108426,0.0422307,0
0.17898,0.105861,0.0825914,0
0.11529,0.0510473,0.0425041,0
0.115261,0.0669471,0.0659389,0
0.109003,0.119597,0.104761,0
0.215811,0.0161676,0.101104,0
0.144608,0.0540086,0.0485944,0
0.115085,0.160928,0.0762314,0
0.110107,0.117204,0.105272,0
0.114063,0.116842,0.100306,0
0.222082,0.0624331,0.0357457,0
0.124616,0.0955627,0.0911026,0
0.114006,0.122254,0.102929,0
0.151066,0.0452996,0.100648,0
0.115665,0.17053,0.0995821,0
0.167275,0.176399,0.021734,0
0.16375,0.128682,0.0790426,0
0.223294,0.109251,0.0405836,0
0.169382,0.0198751,0.0384427,0
0.195226,0.144394,0.0355379,0
0.167589,0.0142977,0.040096,0
0.125312,0.0830529,0.0949988,0
0.122074,0.100731,0.0815787,0
0.217489,0.207864,0.0353962,0
0.125092,0.0161823,0.0750316,0
0.155376,0.112305,0.00670676,0
0.108769,0.117896,0.101725,0
0.1795,0.107332,0.084726,0
0.114764,0.0737221,0.0268849,0
0.160266,0.0066686,0.0152554,0
0.197112,0.0887031,0.0574704,0
0.107901,0.114973,0.1053,0
0.151399,0.000717205,0.0911933,0
0.124858,0.115305,0.0613718,0
0.184327,0.0551324,0.0838436,0
0.108422,0.124291,0.100736,0
0.110135,0.0605035,0.0552154,0
0.108449,0.111173,0.104617,0
0.109506,0.124972,0.100877,0
0.110391,0.109575,0.0989537,0
0.108759,0.123309,0.101579,0
0.108898,0.121089,0.101205,0
0.10787,0.112647,0.103239,0
0.107595,0.114516,0.105103,0
0.00222173,0.137498,0.217288,1
0.0762562,0.142816,0.198175,1
0.0414903,0.137738,0.126314,1
0.107161,0.119815,0.10687,1
0.0116375,0.154394,0.184537,1
0.0663319,0.17791,0.181949,1
0.030288,0.145116,0.192284,1
0.0746075,0.161934,0.220816,1
0.0872346,0.111079,0.113568,1
0.10463,0.1199,0.109708,1
0.105266,0.0782617,0.15374,1
0.0996877,0.216594,0.134789,1
0.108348,0.118506,0.105665,1
0.060583,0.180958,0.182704,1
0.0464622,0.116175,0.190641,1
0.0970889,0.122311,0.201149,1
0.109615,0.113457,0.110797,1
0.067308,0.157852,0.191408,1
0.106938,0.113608,0.106904,1
0.0178142,0.16484,0.170256,1
0.105013,0.119689,0.113421,1
0.0975686,0.155273,0.156931,1
0.0638592,0.185453,0.186047,1
0.108247,0.0553995,0.114574,1
0.104223,0.122104,0.106567,1
0.0386811,0.0488608,0.14219,1
0.105866,0.117443,0.108949,1
0.0520776,0.191757,0.141408,1
0.107938,0.102195,0.115538,1
0.0159424,0.0799648,0.12726,1
0.0284601,0.187878,0.110038,1
0.0637615,0.18447,0.190912,1
0.105548,0.121723,0.1098,1
0.108524,0.119642,0.111542,1
0.00754918,0.108786,0.15266,1
0.0587438,0.130218,0.171162,1
0.0827228,0.0664956,0.193415,1
0.0710407,0.12196,0.125183,1
0.107658,0.146893,0.209146,1
0.0918311,0.0831898,0.21753,1
0.0412441,0.154117,0.15706,1
0.103947,0.115185,0.109631,1
0.0632409,0.183621,0.184725,1
0.102822,0.0639553,0.149222,1
0.02577,0.0946815,0.115074,1
0.0608014,0.110965,0.108477,1
0.107946,0.0895644,0.160093,1
0.0584855,0.177711,0.187615,1
0.105485,0.117056,0.105716,1
0.074105,0.0622107,0.146489,1
0.0652489,0.185293,0.188709,1
0.0860765,0.0662964,0.194204,1
0.0736824,0.204583,0.204883,1
0.0470651,0.036502,0.151911,1
0.108346,0.121581,0.10782,1
0.024509,0.0427321,0.127642,1
0.10709,0.11776,0.110142,1
0.107314,0.12144,0.106719,1
0.0251148,0.133991,0.195593,1
0.105439,0.111384,0.107225,1
0.00464501,0.216892,0.15046,1
0.105602,0.12529,0.109522,1
0.107896,0.118341,0.107053,1
0.0210565,0.141537,0.217541,1
0.0623065,0.0804889,0.189466,1
0.0659792,0.178157,0.186137,1
0.0689957,0.165372,0.219845,1
0.00810551,0.0595685,0.134613,1
0.0814001,0.147436,0.191602,1
0.106461,0.192627,0.190137,1
0.103868,0.123331,0.113759,1
0.0857521,0.137724,0.219853,1
0.0879192,0.0608402,0.155664,1
0.00346966,0.0143932,0.201264,1
0.108185,0.205161,0.129044,1
0.013794,0.21945,0.150382,1
0.0811873,0.12452,0.181955,1
0.0242959,0.0786208,0.171117,1
0.0992263,0.112289,0.105532,1
0.0126034,0.186305,0.213114,1
0.0227446,0.0775503,0.212705,1
0.086338,0.101429,0.223217,1
0.0313077,0.122663,0.12984,1
0.0868958,0.0712822,0.164131,1
0.106178,0.0122947,0.20342,1
0.106115,0.121167,0.107885,1
0.0467513,0.00200622,0.214645,1
0.0888797,0.0633846,0.19165,1
0.0891411,0.0639437,0.161426,1
0.0968012,0.14976,0.206146,1
0.103111,0.118054,0.106656,1
0.0907999,0.197582,0.11673,1
0.0937235,0.189632,0.188316,1
0.0564096,0.00717966,0.179925,1
0.0869959,0.0299957,0.18389,1
0.0750411,0.147475,0.185861,1
0.025404,0.125473,0.126758,1
0.0752855,0.11467,0.127622,1
0.0392633,0.10936,0.152266,1
0.107228,0.120876,0.107494,1
0.109791,0.15214,0.113633,1
0.0771714,0.205004,0.177417,1
0.0807976,0.023966,0.135184,1
0.0837064,0.212283,0.11357,1
0.00388684,0.185355,0.187185,1
0.0117773,0.156643,0.190746,1
0.0274552,0.139861,0.207025,1
0.0798469,0.114697,0.142593,1
0.0299839,0.077043,0.135631,1
0.107847,0.121996,0.106556,1
0.103742,0.123567,0.106047,1
0.03145,0.179579,0.0832915,2
0.101474,0.162475,0.0100937,2
0.10634,0.0573808,0.0539243,2
0.0808473,0.0105783,0.0254894,2
0.066423,0.0942997,0.0789267,2
0.0520314,0.0613946,0.0568636,2
0.0471747,0.122998,0.0258855,2
0.106447,0.203983,0.0683662,2
0.0167141,0.183057,0.094406,2
0.106693,0.00287137,0.0467075,2
0.105049,0.119872,0.103058,2
0.00957245,0.125625,0.00688457,2
0.101098,0.114986,0.104761,2
0.0408527,0.00579162,0.0780173,2
0.107537,0.119339,0.101479,2
0.00981839,0.0269523,0.0518346,2
0.106513,0.112329,0.101491,2
0.10653,0.114044,0.104802,2
0.0123145,0.11017,0.0100118,2
0.107213,0.0616223,0.0537359,2
0.0107041,0.0317904,0.0529335,2
0.0742837,0.0562614,0.104631,2
0.0948407,0.113438,0.0558856,2
0.102013,0.202733,0.0981507,2
0.0145698,0.0411222,0.0449775,2
0.0596498,0.0292548,0.0742706,2
0.0931891,0.037976,0.0850253,2
0.0685472,0.0382953,0.0851191,2
0.0539274,0.0537519,0.0734219,2
0.0227862,0.01573,0.054302,2
0.011129,0.0492365,0.0213639,2
0.0672159,0.0660819,0.0340555,2
0.0909455,0.177075,0.066148,2
0.102715,0.117364,0.104,2
0.0888072,0.196412,0.0687847,2
0.10447,0.047878,0.0262118,2
0.0353901,0.0365773,0.0339006,2
0.0984458,0.116126,0.104428,2
0.049519,0.0652578,0.0837526,2
0.0906545,0.171598,0.103699,2
0.0555874,0.0294084,0.0162047,2
0.0439479,0.0639323,0.00565127,2
0.062195,0.0692635,0.0937248,2
0.0456285,0.015186,0.0206665,2
0.0912371,0.115979,0.0519956,2
0.0407807,0.120935,0.0310076,2
0.00979751,0.0952262,0.0204165,2
0.0902939,0.150948,0.0638095,2
0.0329709,0.193041,0.0469696,2
0.0392573,0.0611253,0.0101805,2
0.00469119,0.0868559,0.05329,2
0.100024,0.136896,0.00878641,2
0.0465602,0.21847,0.0952037,2
0.103672,0.117696,0.102617,2
0.0809354,0.141174,0.0209504,2
0.000675914,0.105752,0.0877168,2
0.105484,0.117826,0.103998,2
0.104781,0.116759,0.103878,2
0.00910971,0.106659,0.0330833,2
0.0301244,0.0554638,0.0736042,2
0.0414612,0.0315315,0.0470809,2
0.0101891,0.0860774,0.0174749,2
0.0599226,0.206804,0.0952624,2
0.0506885,0.213569,0.0963781,2
0.0827822,0.220245,0.0522781,2
0.0862033,0.0976213,0.0123191,2
0.0636598,0.211581,0.0935744,2
0.0998298,0.118115,0.101922,2
0.0071571,0.212238,0.0599258,2
0.0133936,0.0983711,0.0248777,2
0.105244,0.122111,0.10453,2
0.0531994,0.201116,0.102914,2
0.077048,0.0868588,0.0573632,2
0.0272008,0.0665471,0.0816522,2
0.00807649,0.120114,0.0657145,2
0.00679233,0.177725,0.00242414,2
0.0175887,0.198206,0.0322711,2
0.00386362,0.135441,0.0741277,2
0.00866234,0.156792,0.0751164,2
0.0522571,0.0866543,0.0397148,2
0.106385,0.0038,0.0533383,2
0.0269133,0.1179,0.00361191,2
0.0221592,0.116699,0.0485818,2
0.0831013,0.0681965,0.037148,2
0.106557,0.008836,0.0456209,2
0.106583,0.00984647,0.0534605,2
0.106632,0.11695,0.102604,2
0.102748,0.0128353,0.0293611,2
0.0734587,0.0451485,0.0430822,2
0.0593945,0.0447423,0.0973049,2
0.107163,0.0293007,0.0229103,2
0.102163,0.0491053,0.0129375,2
0.0224129,0.212613,0.0926552,2
0.0988498,0.118625,0.103235,2
0.011705,0.17297,0.016818,2
0.0528131,0.200123,0.0256246,2
0.00187076,0.137176,0.0799042,2
0.074142,0.219563,0.0474665,2
0.0926924,0.00752079,0.0799744,2
0.0049125,0.0316731,0.0447416,2
0.0850383,0.0108337,0.0552414,2
0.0290901,0.195724,0.0476348,2
0.107453,0.119804,0.101831,2
0.107091,0.119129,0.101691,2
0.105439,0.125952,0.102865,2
0.0385015,0.147923,0.0933152,2
0.102908,0.121723,0.104764,2
0.105591,0.122096,0.102884,2
0.0939545,0.153815,0.0670334,2
0.0827044,0.165278,0.0770488,2
0.0275361,0.120669,0.0507194,2
0.0675211,0.179906,0.033319,2
0.0461226,0.164875,0.0472999,2
0.106418,0.117441,0.102875,2
0.0232955,0.16819,0.0807962,2
0.0364277,0.171271,0.0875281,2
0.020635,0.18627,0.0184312,2
0.106752,0.210914,0.0673157,2
0.00574904,0.127962,0.0976847,2
0.0852014,0.159153,0.103771,2
0.104206,0.122683,0.101617,2
0.106293,0.11708,0.101797,2
0.104241,0.12187,0.100598,2
0.106737,0.110882,0.10283,2
0.105144,0.12321,0.104034,2
0.106071,0.116998,0.100583,2
0.105991,0.126528,0.10353,2
0.1032,0.119641,0.100297,2
0.100393,0.126919,0.102448,2
0.103291,0.115209,0.102482,2
0.10718,0.118798,0.101894,2
0.100843,0.1198,0.104443,2
0.105735,0.120904,0.100808,2
0.106121,0.108723,0.102122,2
0.100591,0.117384,0.103202,2
0.107131,0.114443,0.102119,2
0.127914,0.135514,0.166952,3
0.115134,0.143864,0.127378,3
0.113286,0.117709,0.11201,3
0.129891,0.180872,0.1606,3
0.187362,0.18236,0.192204,3
0.169535,0.133864,0.122909,3
0.218364,0.15658,0.125976,3
0.128342,0.0600908,0.122596,3
0.206012,0.0227321,0.193218,3
0.197228,0.124432,0.125711,3
0.174722,0.135156,0.180612,3
0.182866,0.204902,0.111503,3
0.162562,0.138445,0.199728,3
0.200372,0.126443,0.183998,3
0.201685,0.00788558,0.109742,3
0.207936,0.148273,0.191664,3
0.162189,0.12899,0.120175,3
0.213498,0.0970055,0.131324,3
0.205041,0.125134,0.185546,3
0.110597,0.122528,0.108322,3
0.218317,0.0504179,0.165566,3
0.208736,0.168728,0.122527,3
0.220631,0.184277,0.217647,3
0.220643,0.170674,0.217027,3
0.171131,0.0750834,0.144119,3
0.208231,0.0792886,0.118241,3
0.14903,0.122829,0.183077,3
0.112281,0.0768425,0.151278,3
0.167867,0.131379,0.176128,3
0.157778,0.0239109,0.157336,3
0.111776,0.0671157,0.190537,3
0.13043,0.17025,0.2095,3
0.199628,0.0250635,0.151175,3
0.14653,0.22439,0.13648,3
0.162127,0.0664588,0.173225,3
0.16565,0.139743,0.155437,3
0.149023,0.167983,0.165079,3
0.204897,0.0889226,0.203068,3
0.154297,0.030512,0.134107,3
0.125969,0.186598,0.160995,3
0.202546,0.078652,0.179851,3
0.117145,0.169264,0.183523,3
0.140881,0.0862448,0.16822,3
0.12493,0.0804102,0.220522,3
0.161696,0.0752197,0.173179,3
0.188904,0.0753731,0.203825,3
0.194275,0.0752233,0.22163,3
0.211972,0.0808352,0.153434,3
0.162045,0.0645921,0.169472,3
0.173994,0.0625524,0.124871,3
0.165477,0.212672,0.124316,3
0.187757,0.216429,0.145711,3
0.147765,0.165861,0.160518,3
0.224512,0.172631,0.126044,3
0.200063,0.122209,0.179411,3
0.17312,0.0130599,0.139274,3
0.223478,0.00317199,0.157307,3
0.204195,0.197684,0.201413,3
0.155171,0.034358,0.134183,3
0.111603,0.118166,0.108854,3
0.151896,0.059434,0.167801,3
0.173729,0.0648165,0.205204,3
0.175472,0.0194844,0.140275,3
0.207943,0.116637,0.146781,3
0.182099,0.179261,0.160603,3
0.206399,0.153479,0.192285,3
0.120814,0.198352,0.217021,3
0.20691,0.183786,0.146401,3
0.142554,0.117218,0.212883,3
0.212939,0.0152653,0.163804,3
0.181049,0.188794,0.162685,3
0.122285,0.104381,0.18178,3
0.164735,0.108156,0.188164,3
0.218731,0.186025,0.114339,3
0.163705,0.0563019,0.170567,3
0.128333,0.00438429,0.183361,3
0.203049,0.0248514,0.147666,3
0.118074,0.116241,0.107399,3
0.172352,0.122106,0.175359,3
0.206681,0.146513,0.193678,3
0.130486,0.0895355,0.135349,3
0.190138,0.188425,0.113409,3
0.168578,0.0216887,0.213808,3
0.167444,0.176716,0.145521,3
0.153209,0.162721,0.16014,3
0.113625,0.114954,0.107977,3
0.164274,0.0716446,0.132407,3
0.156686,0.162539,0.122664,3
0.219036,0.19751,0.224194,3
0.13581,0.138246,0.194514,3
0.116819,0.162548,0.146102,3
0.141177,0.0916721,0.176275,3
0.200387,0.115336,0.161752,3
0.128826,0.0805679,0.218663,3
0.177843,0.158294,0.169243,3
0.15793,0.0870586,0.130726,3
0.181591,0.196624,0.109747,3
0.14757,0.207231,0.161273,3
0.136784,0.137817,0.138435,3
0.13018,0.137015,0.169469,3
0.174629,0.194209,0.161612,3
0.200914,0.0399296,0.193255,3
0.212121,0.143279,0.19308,3
0.126965,0.189612,0.158985,3
0.207223,0.209697,0.176043,3
0.118536,0.0543317,0.158207,3
0.195905,0.182315,0.183132,3
0.113179,0.071557,0.162858,3
0.137764,0.160315,0.139877,3
0.161311,0.212269,0.224152,3
0.114453,0.118368,0.107477,3
0.117495,0.118583,0.107228,3
0.143039,0.147681,0.121247,3
0.133255,0.109584,0.174105,3
0.184165,0.205744,0.117719,3
0.192693,0.169342,0.166417,3
0.20919,0.179188,0.153202,3
0.205353,0.00505841,0.109183,3
0.1351,0.0161847,0.129862,3
0.193163,0.0885694,0.198104,3
0.167606,0.159551,0.10941,3
0.116924,0.118767,0.112919,3
0.110037,0.113792,0.110961,3
0.113538,0.118073,0.107278,3
0.113804,0.118239,0.11221,3
0.217321,0.151709,0.106042,3
0.114733,0.121917,0.106272,3
0.111242,0.115031,0.106904,3
