x coord,y coord,z coord,rank
0.133355,0.0615065,0.104582,0
0.224706,0.11799,0.102365,0
0.210132,0.00101081,0.111286,0
0.218369,0.0878233,0.113015,0
0.141146,0.0984672,0.1062,0
0.129845,0.206758,0.111247,0
0.190551,0.0400994,0.107997,0
0.198667,0.0679134,0.12709,0
0.175259,0.0601962,0.213522,0
0.21941,0.040742,0.152553,0
0.214161,0.0150663,0.195363,0
0.122059,0.140161,0.144914,0
0.224505,0.107518,0.218002,0
0.11863,0.11307,0.191438,0
0.186898,0.081509,0.153985,0
0.191228,0.00906843,0.182472,0
0.137066,0.168896,0.197367,0
0.135289,0.218328,0.117499,0
0.170981,0.16872,0.122269,0
0.119412,0.103162,0.137423,0
0.183398,0.167949,0.186419,0
0.161638,0.115146,0.122398,0
0.201573,0.0787619,0.192345,0
0.179161,0.0645204,0.156321,0
0.122301,0.128981,0.187065,0
0.214498,0.0123316,0.199963,0
0.140645,0.102339,0.19118,0
0.207633,0.206856,0.109231,0
0.130832,0.100318,0.205843,0
0.164794,0.220422,0.140371,0
0.197118,0.14743,0.173596,0
0.118492,0.168769,0.209552,0
0.120759,0.164098,0.171046,0
0.159995,0.0706527,0.116126,0
0.139221,0.0913633,0.133801,0
0.173135,0.0862329,0.20493,0
0.205778,0.000736218,0.15043,0
0.158241,0.0727133,0.184973,0
0.15846,0.0250671,0.145029,0
0.134694,0.0757945,0.142139,0
0.136313,0.178026,0.216203,0
0.156491,0.0741348,0.207708,0
0.217092,0.0829687,0.178335,0
0.182508,0.148898,0.197468,0
0.195473,0.0228435,0.189376,0
0.138558,0.108277,0.156819,0
0.207631,0.199086,0.1838,0
0.20041,0.0244828,0.11519,0
0.130242,0.0310902,0.118897,0
0.167833,0.126655,0.108425,0
0.19443,0.0928747,0.18913,0
0.168253,0.168715,0.105613,0
0.113817,0.111946,0.183198,0
0.196869,0.0159149,0.188567,0
0.133683,0.043595,0.178509,0
0.129729,0.162235,0.13819,0
0.19669,0.020838,0.176072,0
0.115572,0.2032,0.191821,0
0.217237,0.187568,0.16412,0
0.108055,0.0453336,0.127788,0
0.196769,0.144936,0.138669,0
0.115676,0.0591883,0.139265,0
0.119832,0.0757879,0.222805,0
0.179205,0.161607,0.223448,0
0.133905,0.0774396,0.213626,0
0.157733,0.137218,0.198017,0
0.184529,0.223963,0.166809,0
0.122849,0.146099,0.148165,0
0.162713,0.163108,0.130656,0
0.124446,0.208275,0.221127,0
0.193981,0.152017,0.168271,0
0.113688,0.088669,0.168439,0
0.200694,0.11489,0.13614,0
0.132184,0.0694458,0.223733,0
0.144747,0.185105,0.144348,0
0.189223,0.0255848,0.217548,0
0.20608,0.223713,0.209743,0
0.166517,0.107966,0.16977,0
0.186774,0.205662,0.11049,0
0.223829,0.0859032,0.119917,0
0.137524,0.143707,0.176266,0
0.200692,0.101362,0.180495,0
0.194468,0.101465,0.216243,0
0.206112,0.0864892,0.207776,0
0.1934,0.163287,0.100207,0
0.216381,0.0739589,0.190409,0
0.220662,0.0134871,0.19147,0
0.144004,0.205032,0.195108,0
0.15623,0.185161,0.211259,0
0.214361,0.085113,0.211178,0
0.144859,0.0378555,0.154859,0
0.11006,0.1669,0.0986045,0
0.122946,0.102469,0.22145,0
0.124396,0.136976,0.217639,0
0.125025,0.0271491,0.202737,0
0.19097,0.2149,0.208435,0
0.211918,0.172478,0.137092,0
0.161109,0.0667751,0.187613,0
0.158945,0.203195,0.130773,0
0.20424,0.176285,0.206883,0
0.17632,0.144951,0.20907,0
0.183887,0.126138,0.120454,0
0.172232,0.0896544,0.175455,0
0.154816,0.1582,0.178119,0
0.156954,0.200281,0.183799,0
0.206399,0.130295,0.165426,0
0.16147,0.193427,0.198176,0
0.156459,0.0276264,0.117127,0
0.143915,0.219307,0.217335,0
0.142409,0.11382,0.140667,0
0.16115,0.206891,0.131,0
0.134155,0.131894,0.168579,0
0.10861,0.127637,0.201944,0
0.110112,0.0394869,0.146382,0
0.209882,0.172308,0.209938,0
0.116353,0.156293,0.125313,0
0.144629,0.181393,0.126432,0
0.118711,0.113549,0.185217,0
0.155332,0.127932,0.174766,0
0.119096,0.0944763,0.153327,0
0.189521,0.00767105,0.178708,0
0.206512,0.0199255,0.118373,0
0.19109,0.00511482,0.171456,0
0.115026,0.177221,0.100159,0
0.139304,0.110753,0.0986108,0
0.113307,0.189133,0.0979082,0
0.143489,0.0177847,0.0973427,0
0.161716,0.209945,0.073432,1
0.186041,0.172284,0.0535725,1
0.223074,0.11188,0.0944,1
0.17711,0.211512,0.053266,1
0.162954,0.21027,0.0781291,1
0.164347,0.214403,0.0769883,1
0.213479,0.0277678,0.0871489,1
0.217883,0.114283,0.0848306,1
0.15755,0.208296,0.0713594,1
0.162554,0.219872,0.0386008,1
0.200455,0.0453242,0.0885568,1
0.196895,0.069354,0.0823231,1
0.159919,0.0468951,0.0808086,1
0.160196,0.161535,0.0653366,1
0.216806,0.0240696,0.0723604,1
0.166574,0.213714,0.0745496,1
0.215003,0.00326939,0.0714951,1
0.159767,0.21155,0.0746862,1
0.167422,0.0700698,0.0836116,1
0.159159,0.210317,0.0715977,1
0.162311,0.215795,0.0721063,1
0.163383,0.209751,0.074541,1
0.148143,0.189662,0.00566962,1
0.218081,0.180486,0.0725742,1
0.174913,0.0759437,0.0239322,1
0.16659,0.216504,0.0793562,1
0.166713,0.214617,0.0755682,1
0.1595,0.215683,0.0107956,1
0.163042,0.218704,0.0727264,1
0.187394,0.152469,0.0378554,1
0.168924,0.0334885,0.0476953,1
0.165538,0.213937,0.0738664,1
0.210915,0.0679435,0.000171727,1
0.162493,0.210295,0.0740853,1
0.164724,0.21005,0.0780563,1
0.205512,0.0789725,0.00332106,1
0.168629,0.0534887,0.0773121,1
0.174157,0.0519388,0.0483022,1
0.186258,0.00099779,0.0684894,1
0.16336,0.213028,0.0794654,1
0.186243,0.0492631,0.0638736,1
0.181356,0.0979663,0.0611238,1
0.198342,0.0271604,0.0496097,1
0.163766,0.211951,0.0725303,1
0.165418,0.137848,0.0752829,1
0.159798,0.0459103,0.0447651,1
0.185853,0.0149735,0.0617518,1
0.157078,0.212073,0.0709188,1
0.150925,0.0137722,0.0765357,1
0.162935,0.21248,0.0720892,1
0.17652,0.0691281,0.0772304,1
0.165849,0.217521,0.0713357,1
0.166694,0.21232,0.0774846,1
0.19655,0.19557,0.0804778,1
0.222394,0.183932,0.0325343,1
0.181846,0.221588,0.0710236,1
0.185583,0.012689,0.0151569,1
0.163761,0.214953,0.0749644,1
0.214766,0.0012312,0.0338461,1
0.166642,0.17523,0.000139682,1
0.202124,0.0251671,0.0143137,1
0.196145,0.161312,0.0414429,1
0.16552,0.21363,0.0767334,1
0.191164,0.0130599,0.0664528,1
0.159595,0.216106,0.0749336,1
0.19649,0.134422,0.0622552,1
0.188269,0.06138,0.057661,1
0.210466,0.221983,0.0572222,1
0.166826,0.207734,0.0772931,1
0.212254,0.0973373,0.0308785,1
0.185211,0.154915,0.0767117,1
0.176113,0.0272797,0.00443188,1
0.155316,0.212586,0.0781005,1
0.151215,0.0700268,0.0742039,1
0.191789,0.107359,0.0192795,1
0.147922,0.108048,0.0857428,1
0.164678,0.214829,0.0807357,1
0.165551,0.0589658,0.0167268,1
0.166032,0.131414,0.0134118,1
0.164264,0.210438,0.0753997,1
0.222482,0.0583545,0.0163352,1
0.207297,0.0574518,0.0728195,1
0.179088,0.0305992,0.0560552,1
0.162384,0.209723,0.0755744,1
0.175788,0.00507941,0.0590886,1
0.161067,0.213869,0.0736561,1
0.164035,0.222578,0.0311524,1
0.14892,0.166925,0.0707648,1
0.16222,0.103589,0.0510414,1
0.166836,0.212023,0.0789054,1
0.16327,0.219473,0.0759555,1
0.159502,0.207731,0.0741169,1
0.183597,0.0482785,0.0165911,1
0.162686,0.218615,0.0722038,1
0.171897,0.085362,0.0434239,1
0.180523,0.0758228,0.0333212,1
0.188882,0.149862,0.0514015,1
0.169104,0.142902,0.0529292,1
0.161602,0.14917,0.0755344,1
0.162199,0.0312172,0.0950109,1
0.160231,0.210355,0.0787851,1
0.168182,0.0716034,0.0167765,1
0.187645,0.012515,0.0611904,1
0.158221,0.217126,0.0738755,1
0.16224,0.218656,0.0733403,1
0.161834,0.216457,0.0728129,1
0.219311,0.194265,0.0885297,1
0.166814,0.218012,0.0717859,1
0.187234,0.155255,0.0846216,1
0.160244,0.208008,0.0749265,1
0.159617,0.215531,0.0719342,1
0.165656,0.214013,0.0780549,1
0.162985,0.211263,0.0764212,1
0.224819,0.142109,0.0864158,1
0.161686,0.216148,0.0778463,1
0.208749,0.220944,0.084305,1
0.158291,0.211202,0.0765488,1
0.208099,0.175773,0.0894498,1
0.166847,0.211891,0.073501,1
0.16529,0.211674,0.0690556,1
0.194995,0.135832,0.087883,1
0.166586,0.211894,0.0744416,1
0.160324,0.212535,0.0804531,1
0.148118,0.148509,0.0840745,1
0.032943,0.00782981,0.109084,2
0.017727,0.119642,0.108477,2
0.0494999,0.100013,0.104744,2
0.0843764,0.0770848,0.170102,2
0.0204841,0.0350377,0.127406,2
0.0404569,0.0651662,0.114251,2
0.0889423,0.107624,0.213984,2
0.0135861,0.10736,0.10496,2
0.0129181,0.0886409,0.217572,2
0.0149766,0.0825215,0.22255,2
0.00038045,0.00564899,0.172537,2
0.102279,0.109737,0.105154,2
0.0664905,0.00111945,0.0981645,2
0.0897435,0.0576783,0.106742,2
0.0854917,0.0785467,0.157035,2
0.0121671,0.0640932,0.168619,2
0.0991363,0.0383568,0.116657,2
0.0178155,0.0276645,0.129523,2
0.0379574,0.0621583,0.102021,2
0.0746819,0.102205,0.134167,2
0.0893965,0.0727415,0.107664,2
0.0142878,0.145821,0.11394,2
0.0663813,0.0102808,0.114122,2
0.0766321,0.0490476,0.135428,2
0.103102,0.0435268,0.115167,2
0.102705,0.0398716,0.110666,2
0.101512,0.0993592,0.108308,2
0.103583,0.0408513,0.104076,2
0.0391947,0.025915,0.171308,2
0.0765123,0.0827807,0.193252,2
0.0117438,0.0399105,0.166332,2
0.0738509,0.173016,0.222993,2
0.0795648,0.100156,0.21762,2
0.061025,0.0347524,0.127721,2
0.0349453,0.0224911,0.188162,2
0.0776271,0.102458,0.198237,2
0.050194,0.100502,0.197569,2
0.033374,0.129245,0.205997,2
0.0731194,0.139002,0.187561,2
0.0265338,0.100418,0.161005,2
0.0911627,0.128889,0.203684,2
0.0908009,0.158807,0.103083,2
0.00282128,0.098557,0.148109,2
0.100162,0.153521,0.224758,2
0.0888036,0.0206277,0.203548,2
0.0983198,0.205688,0.213184,2
0.00411211,0.210852,0.129853,2
0.0371973,0.0229229,0.134155,2
0.0454835,0.0329702,0.200284,2
0.00185983,0.208643,0.174694,2
0.00552325,0.0885243,0.210158,2
0.0719884,0.117889,0.102392,2
0.0685469,0.0962059,0.148069,2
0.00540137,0.144829,0.142976,2
0.00187233,0.214653,0.167796,2
0.0031067,0.077307,0.114821,2
0.057674,0.0437271,0.195736,2
0.0558109,0.177237,0.213553,2
0.0223606,0.122231,0.170023,2
0.0901404,0.0154608,0.139327,2
0.00675128,0.0886998,0.13703,2
0.0991366,0.0850546,0.12041,2
0.0500547,0.16785,0.132115,2
0.0172195,0.115777,0.169122,2
0.0641979,0.139638,0.189712,2
0.0405439,0.00222267,0.124658,2
0.080283,0.101084,0.121245,2
0.0683504,0.0616176,0.172988,2
0.0323103,0.165851,0.135689,2
0.0968757,0.0811988,0.134544,2
0.0903546,0.214965,0.181304,2
0.0350029,0.0431719,0.180541,2
0.0903136,0.113299,0.153535,2
0.0426903,0.0302435,0.169797,2
0.0504031,0.145804,0.168691,2
0.0638547,0.0833438,0.15814,2
0.0667542,0.141618,0.139874,2
0.0588286,0.196314,0.0976894,2
0.0964063,0.168422,0.212214,2
0.0517998,0.19104,0.15558,2
0.0256628,0.129813,0.132721,2
0.0445305,0.187502,0.148094,2
0.0299161,0.217982,0.18693,2
0.0246108,0.211051,0.173262,2
0.0899939,0.114823,0.214702,2
0.0632362,0.184645,0.197658,2
0.0580141,0.211178,0.13711,2
0.0224231,0.205155,0.224973,2
0.0496993,0.141146,0.220449,2
0.0146602,0.0860275,0.215879,2
0.00020607,0.20594,0.211915,2
0.0349086,0.223604,0.213874,2
0.00102321,0.0444914,0.112441,2
0.0790665,0.203442,0.155242,2
0.0625635,0.0934429,0.174752,2
0.0968687,0.0664474,0.181505,2
0.0957613,0.0564651,0.193192,2
0.0311065,0.0329241,0.201417,2
0.0226418,0.144755,0.222368,2
0.0937291,0.206503,0.100712,2
0.0332798,0.024991,0.173504,2
0.0451102,0.209782,0.220472,2
0.000720326,0.13854,0.221532,2
0.0381301,0.0103504,0.20531,2
0.00806861,0.106846,0.142318,2
0.0547013,0.135735,0.0985296,2
0.0324495,0.0100401,0.222744,2
0.0464873,0.149105,0.126901,2
0.0819216,0.171134,0.120023,2
0.0805001,0.186752,0.109756,2
0.0844016,0.0335925,0.170381,2
0.0139858,0.111028,0.208643,2
0.0673883,0.176861,0.0995399,2
0.0974019,0.221115,0.10247,2
0.0742244,0.047259,0.138981,2
0.00987725,0.13037,0.168409,2
0.0246707,0.0946256,0.216755,2
0.0426382,0.0293359,0.174413,2
0.0845296,0.100535,0.211913,2
0.0634773,0.0924722,0.197198,2
0.0106751,0.00703145,0.122111,2
0.00151233,0.10532,0.183711,2
0.0145839,0.105326,0.118261,2
0.0865711,0.0274707,0.124705,2
0.105717,0.15788,0.202589,2
0.0603541,0.122534,0.100543,2
0.107195,0.147381,0.173364,2
0.134265,0.200408,0.0761322,3
0.00504393,0.130454,0.0300569,3
0.0208581,0.139619,0.0242796,3
0.132899,0.103803,0.0598826,3
0.0265407,0.198718,0.0696376,3
0.0156663,0.120764,0.0851494,3
0.0300251,0.102861,0.0147483,3
0.0614179,0.117085,0.0336603,3
0.138518,0.0545277,0.0386889,3
0.0796512,0.102685,0.0301205,3
0.0933714,0.0339475,0.0687582,3
0.131039,0.0344978,0.0541183,3
0.0629572,0.175116,0.025838,3
0.0435968,0.1509,0.0479052,3
0.00332329,0.0505752,0.00613079,3
0.110753,0.000920558,0.0784125,3
0.0291705,0.13302,0.00992034,3
0.0361844,0.175613,0.00377017,3
0.0747705,0.00585789,0.0111076,3
0.0675099,0.219964,0.0256761,3
0.128681,0.150252,0.0723532,3
0.0219038,0.0278819,0.0580566,3
0.138337,0.167422,0.0695053,3
0.0340553,0.206656,0.0239158,3
0.00348456,0.190253,0.0466767,3
0.076099,0.0588948,0.0635811,3
0.0138034,0.196781,0.0726892,3
0.00741857,0.181504,0.00555511,3
0.113749,0.175919,0.0364327,3
0.0490932,0.175497,0.0176275,3
0.0819916,0.0783512,0.016657,3
0.120156,0.0471224,0.044453,3
0.0835373,0.0478633,0.0631821,3
0.0679205,0.14815,0.0384681,3
0.138971,0.00923063,0.0653106,3
0.0852424,0.18005,0.0364571,3
0.132824,0.00843548,0.0722323,3
0.00230583,0.176637,0.00945338,3
0.0834449,0.140645,0.00214545,3
0.0438328,0.0785152,0.0869413,3
0.101243,0.0642988,0.0930129,3
0.0353584,0.0966221,0.0609172,3
0.0869583,0.202588,0.0762071,3
0.116579,0.03027,0.0623012,3
0.123885,0.0514689,0.0694787,3
0.00951504,0.0145106,0.0733322,3
0.0580648,0.132261,0.0350123,3
0.136077,0.182965,0.0432016,3
0.073468,0.0988889,0.0397657,3
0.093682,0.200761,0.0190063,3
0.120161,0.13035,0.0360969,3
0.117648,0.0658793,0.00921845,3
0.0963271,0.00346752,0.0877938,3
0.0753994,0.22183,0.0511152,3
0.00993316,0.0150118,0.0344436,3
0.0473201,0.0312021,0.0716795,3
0.106085,0.0669239,0.0487959,3
0.121145,0.017997,0.0544159,3
0.13381,0.0385519,0.0545148,3
0.088042,0.117285,0.0509228,3
0.0820299,0.153032,0.0482834,3
0.116606,0.190006,0.00955796,3
0.085448,0.00631961,0.0567029,3
0.000757706,0.0924804,0.0220802,3
0.104798,0.000153554,0.0285454,3
0.075096,0.0239212,0.0665542,3
0.0151983,0.18485,0.0414633,3
0.0719321,0.114363,0.0120715,3
0.095492,0.029579,0.0243621,3
0.12284,0.172957,0.0641478,3
0.0925274,0.206935,0.00246201,3
0.0506973,0.10087,0.0820905,3
0.136958,0.0156571,0.000639488,3
0.0433133,0.220972,0.0743735,3
0.145949,0.114213,0.00840497,3
0.109904,0.221895,0.00660891,3
0.0608378,0.12346,0.0264535,3
0.0650508,0.169662,0.020725,3
0.0226458,0.204582,0.0484375,3
0.0479456,0.0126095,0.0677256,3
0.0715786,0.113589,0.0210496,3
0.091617,0.0264056,0.0962082,3
0.0793354,0.124556,0.0548928,3
0.0293701,0.0979688,0.0611515,3
0.0277892,0.0532575,0.0342104,3
0.116802,0.140831,0.00423686,3
0.141627,0.181964,0.00080305,3
0.139083,0.137373,0.0117918,3
0.082802,0.158023,0.0405779,3
0.0289292,0.092252,0.0219669,3
0.108802,0.217691,0.0586275,3
0.0395264,0.140017,0.0759296,3
0.131003,0.13209,0.0089523,3
0.0446346,0.124095,0.052687,3
0.0290403,0.126436,0.0254869,3
0.132261,0.148992,0.0130871,3
0.0908129,0.117814,0.0651649,3
0.0623491,0.142549,0.0665261,3
0.0626172,0.0609391,0.0396045,3
0.0714399,0.0212426,0.0935099,3
0.0830267,0.124187,0.0607357,3
0.132252,0.131533,0.0300362,3
0.130983,0.0911655,0.0270365,3
0.00262402,0.213297,0.0769553,3
0.0652972,0.196224,0.0872049,3
0.097508,0.155821,0.0856959,3
0.144881,0.0676307,0.0313765,3
0.114104,0.0373433,0.0746094,3
0.0983012,0.175751,0.0864102,3
0.0886777,0.166492,0.0923251,3
0.11487,0.167933,0.0931155,3
0.0600828,0.19351,0.0913451,3
0.00721069,0.0275711,0.0885893,3
0.0242245,0.051256,0.0877183,3
0.0042827,0.092198,0.0864513,3
0.131983,0.114137,0.0467308,3
0.0131814,0.208854,0.0757279,3
0.107251,0.0881745,0.019745,3
0.138176,0.0967096,0.0479772,3
0.137557,0.109052,0.068903,3
0.14225,0.00360039,0.0539673,3
0.114411,0.0370624,0.0650657,3
