x coord,y coord,z coord,rank
0.150489,0.0198257,0.00215522,0
0.153353,0.0457096,0.154752,0
0.110517,0.0431343,0.203759,0
0.22426,0.0837145,0.0993419,0
0.152815,0.0209386,0.103522,0
0.180243,0.0347349,0.0970753,0
0.146288,0.00941408,0.0836162,0
0.14452,0.0804767,0.171202,0
0.112054,0.035378,0.0299905,0
0.170824,0.113011,0.108825,0
0.172551,0.0544359,0.114371,0
0.166366,0.0419978,0.161642,0
0.218921,0.0603685,0.127738,0
0.207124,0.00438942,0.173708,0
0.171317,0.0451335,0.122317,0
0.209964,0.0982344,0.132625,0
0.186978,0.0219062,0.210449,0
0.167169,0.0823479,0.145897,0
0.114901,0.101802,0.0492012,0
0.175905,0.064865,0.187275,0
0.222677,0.0832924,0.176157,0
0.184373,0.0245532,0.205057,0
0.1246,0.0633972,0.224613,0
0.15458,0.0862662,0.1866,0
0.207526,0.0471375,0.193459,0
0.122104,0.0784189,0.0720254,0
0.199344,0.113665,0.19382,0
0.159968,0.116582,0.204956,0
0.1546,0.0440591,0.221309,0
0.121805,0.0539779,0.0595381,0
0.184372,0.0256702,0.208395,0
0.155657,0.0505108,0.00759641,0
0.161988,0.00497231,0.166304,0
0.148494,0.0866435,0.202542,0
0.206256,0.0644129,0.21445,0
0.152711,0.04769,0.14057,0
0.183085,0.0246656,0.203887,0
0.139363,0.0680188,0.104251,0
0.173718,0.00527898,0.0251421,0
0.136737,0.0952487,0.219641,0
0.218548,0.0697714,0.197312,0
0.13109,0.00616723,0.0457094,0
0.166169,0.055423,0.132834,0
0.173179,0.0813996,0.204198,0
0.176344,0.00631081,0.127245,0
0.207063,0.00780123,0.211312,0
0.176175,0.00248583,0.0164113,0
0.17874,0.0115766,0.0738736,0
0.201672,0.0566963,0.0506398,0
0.125277,0.0288941,0.149547,0
0.135807,0.0359805,0.18203,0
0.109177,0.0341122,0.127592,0
0.180626,0.0140423,0.0751761,0
0.17442,0.0521746,0.121675,0
0.116712,0.0482542,0.0989782,0
0.222938,0.0883699,0.0608146,0
0.171001,0.0155242,0.100994,0
0.194153,0.0829455,0.0223689,0
0.21041,0.0225208,0.0782885,0
0.147442,0.0726552,0.0323295,0
0.152915,0.0289926,0.0219375,0
0.182856,0.0512495,0.054398,0
0.131392,0.0854608,0.154154,0
0.117911,0.0705901,0.136937,0
0.206865,0.068577,0.0283161,0
0.181754,0.113916,0.102146,0
0.207224,0.0792415,0.0130039,0
0.176574,0.0877024,0.0106702,0
0.123196,0.0548133,0.141382,0
0.169106,0.0670279,0.0186863,0
0.187596,0.0340423,0.0194892,0
0.164869,0.0700506,0.116513,0
0.190966,0.0033156,0.0695384,0
0.111234,0.0683165,0.0474697,0
0.112668,0.0767951,0.0186861,0
0.186157,0.0302716,0.165562,0
0.217223,0.0926536,0.0499248,0
0.136333,0.0507169,0.10148,0
0.143725,0.0696048,0.0624542,0
0.122661,0.00322557,0.094703,0
0.169231,0.0156734,0.165048,0
0.149191,0.00158705,0.062791,0
0.210974,0.0496103,0.212647,0
0.213481,0.00524869,0.157705,0
0.163344,0.0842656,0.0396662,0
0.174047,0.0824624,0.21744,0
0.12764,0.0284066,0.0489159,0
0.202967,0.00599006,0.13811,0
0.114866,0.0185922,0.0947565,0
0.145337,0.0635227,0.0529992,0
0.214793,0.07939,0.124786,0
0.128795,0.0358025,0.176998,0
0.119229,0.0388911,0.178132,0
0.146222,0.0431279,0.172494,0
0.214119,0.041117,0.0378791,0
0.20572,0.0758062,0.0366459,0
0.218531,0.0147495,0.0815176,0
0.150021,0.102178,0.14095,0
0.210436,0.0617547,0.1889,0
0.150724,0.0452182,0.023493,0
0.161117,0.0782411,0.031561,0
0.177859,0.117744,0.126453,0
0.142195,0.04387,0.0174658,0
0.111553,0.0591304,0.0240331,0
0.144936,0.0600246,0.100249,0
0.208349,0.0214785,0.0569556,0
0.196177,0.0935995,0.0306169,0
0.174415,0.0899991,0.180677,0
0.204734,0.0809706,0.0711438,0
0.156215,0.0932243,0.124219,0
0.208065,0.0441222,0.0241233,0
0.196227,0.121746,0.145536,0
0.190865,0.0564467,0.0258829,0
0.224562,0.0438218,0.153573,0
0.191482,0.0956185,0.021615,0
0.137745,0.120359,0.158128,0
0.221573,0.0359435,0.00462862,0
0.188264,0.0987881,0.10452,0
0.218194,0.0220581,0.10034,0
0.174281,0.105563,0.0344569,0
0.187178,0.0138868,0.097478,0
0.200763,0.117176,0.0940676,0
0.156301,0.117939,0.140057,0
0.114039,0.0367245,0.0831773,0
0.108558,0.0749755,0.112387,0
0.150627,0.204804,0.080112,1
0.155709,0.208156,0.0758095,1
0.152381,0.203234,0.0820418,1
0.215686,0.143887,0.173881,1
0.153287,0.202948,0.0836918,1
0.1497,0.204615,0.0795417,1
0.168958,0.207976,0.01591,1
0.184568,0.15341,0.10658,1
0.154125,0.125279,0.164664,1
0.161319,0.206802,0.0336838,1
0.224411,0.172973,0.0381657,1
0.213462,0.144532,0.0695768,1
0.192368,0.150321,0.102066,1
0.182965,0.219078,0.185511,1
0.165418,0.217802,0.112261,1
0.156386,0.206441,0.0752364,1
0.218223,0.168493,0.0556613,1
0.16672,0.203132,0.174452,1
0.193964,0.145935,0.0864596,1
0.14808,0.20275,0.079253,1
0.155531,0.197755,0.0793607,1
0.150749,0.199545,0.0807587,1
0.217222,0.164788,0.200112,1
0.149832,0.133402,0.199721,1
0.219652,0.158864,0.0260499,1
0.154246,0.201417,0.0758028,1
0.151104,0.202248,0.0774995,1
0.200101,0.205648,0.0265946,1
0.150467,0.210734,0.0835124,1
0.182164,0.135255,0.128259,1
0.15185,0.205014,0.0752537,1
0.152287,0.202675,0.076597,1
0.223281,0.183446,0.0349445,1
0.153601,0.202983,0.0788439,1
0.15533,0.204472,0.0837658,1
0.151003,0.205572,0.0878181,1
0.154081,0.201981,0.0837468,1
0.156756,0.206222,0.151392,1
0.222367,0.171853,0.123063,1
0.215619,0.210089,0.107784,1
0.185047,0.213676,0.188825,1
0.166109,0.208272,0.176209,1
0.179339,0.217502,0.108565,1
0.151531,0.205269,0.0818431,1
0.209386,0.185829,0.0157554,1
0.206828,0.209915,0.203316,1
0.222492,0.166172,0.192536,1
0.154597,0.207804,0.0767808,1
0.208402,0.187611,0.223752,1
0.157741,0.204775,0.0771279,1
0.211309,0.206067,0.211938,1
0.149717,0.209723,0.082166,1
0.158184,0.202652,0.0801892,1
0.147368,0.166688,0.191237,1
0.169723,0.185063,0.219868,1
0.21532,0.219399,0.11273,1
0.184894,0.184168,0.0992111,1
0.153158,0.205775,0.0793963,1
0.17635,0.133193,0.222641,1
0.16561,0.191761,0.0526227,1
0.153753,0.170234,0.0667381,1
0.220216,0.15418,0.0565379,1
0.15668,0.202826,0.082687,1
0.194791,0.207591,0.067183,1
0.155362,0.204109,0.082773,1
0.161915,0.179836,0.150769,1
0.171588,0.170331,0.140688,1
0.212243,0.142933,0.0767568,1
0.146817,0.209011,0.0810551,1
0.202524,0.146359,0.0693981,1
0.206323,0.195585,0.0863961,1
0.146887,0.155187,0.200761,1
0.151211,0.208533,0.0784474,1
0.208057,0.202192,0.00584518,1
0.215433,0.200248,0.160095,1
0.176111,0.21251,0.106785,1
0.147873,0.205595,0.0821879,1
0.183174,0.179126,0.152048,1
0.160205,0.144168,0.200553,1
0.155513,0.201241,0.0803975,1
0.153186,0.15717,0.101762,1
0.215762,0.13619,0.0883568,1
0.152498,0.222712,0.0513405,1
0.152916,0.203856,0.0795592,1
0.18204,0.146237,0.0902185,1
0.151297,0.202424,0.0780245,1
0.190652,0.207061,0.0436175,1
0.18593,0.202983,0.056115,1
0.192778,0.15184,0.011884,1
0.150418,0.201271,0.0843474,1
0.155297,0.208187,0.0836574,1
0.155292,0.205214,0.0874004,1
0.168568,0.174525,0.200275,1
0.151375,0.204763,0.0831588,1
0.198456,0.202289,0.0808061,1
0.147373,0.217717,0.212552,1
0.189332,0.153767,0.162761,1
0.158515,0.202468,0.0807729,1
0.160795,0.193318,0.104945,1
0.20424,0.207782,0.175366,1
0.153617,0.202506,0.0766644,1
0.194988,0.158188,0.0803501,1
0.201093,0.141244,0.160701,1
0.150295,0.207522,0.0795449,1
0.153196,0.206505,0.0752693,1
0.151577,0.203358,0.0766567,1
0.158308,0.167669,0.138848,1
0.150576,0.202377,0.0813803,1
0.213684,0.141418,0.212675,1
0.148975,0.202121,0.08183,1
0.150452,0.208453,0.0830008,1
0.212795,0.184846,0.0656249,1
0.153743,0.199003,0.0799728,1
0.157662,0.223717,0.195972,1
0.15184,0.207149,0.0846452,1
0.158119,0.17869,0.0586042,1
0.148389,0.203827,0.0817193,1
0.176164,0.167738,0.0133454,1
0.146806,0.208523,0.077293,1
0.15528,0.208796,0.0832332,1
0.148182,0.180785,0.0181444,1
0.107407,0.164892,0.0348786,2
0.123127,0.130898,0.0744709,2
0.125095,0.193137,0.196579,2
0.0612426,0.221782,0.00173702,2
0.133986,0.140593,0.0577464,2
0.134127,0.153708,0.215745,2
0.116065,0.141954,0.184389,2
0.0710998,0.153773,0.193262,2
0.0794341,0.167652,0.0513461,2
0.134477,0.190386,0.202031,2
0.138933,0.143439,0.178131,2
0.105602,0.165353,0.178722,2
0.0135403,0.22099,0.200979,2
0.0817854,0.222554,0.178825,2
0.144533,0.187853,0.130083,2
0.0327962,0.170135,0.167159,2
0.012684,0.169621,0.0885929,2
0.0576776,0.137718,0.189877,2
0.00523328,0.214528,0.222275,2
0.0797105,0.17741,0.0141902,2
0.135281,0.139689,0.177357,2
0.128568,0.221237,0.0301483,2
0.135471,0.141042,0.168805,2
0.123281,0.166022,0.21805,2
0.0593396,0.131007,0.103947,2
0.0203248,0.188058,0.16498,2
0.0786855,0.21268,0.203657,2
0.0992379,0.209066,0.030846,2
0.14521,0.213393,0.0308297,2
0.100245,0.131293,0.085043,2
0.0686341,0.167782,0.0955734,2
0.0143595,0.201007,0.180694,2
0.104427,0.146187,0.0215042,2
0.126507,0.203569,0.183345,2
0.070606,0.165318,0.0512049,2
0.120441,0.141714,0.0269065,2
0.0144736,0.199726,0.127422,2
0.120551,0.219688,0.218975,2
0.0838622,0.125762,0.175219,2
0.0702282,0.171416,0.0300212,2
0.0339816,0.189994,0.165408,2
0.013571,0.202314,0.0724147,2
0.0247809,0.182492,0.092618,2
0.00882893,0.188053,0.142719,2
0.028037,0.222535,0.0183673,2
0.0952836,0.190811,0.160769,2
0.0577125,0.183996,0.098608,2
0.0542897,0.194689,0.128745,2
0.120746,0.20802,0.00416534,2
0.106362,0.194348,0.204516,2
0.00454874,0.218987,0.00727362,2
0.122074,0.162542,0.208542,2
0.0527978,0.204644,0.131594,2
0.0694758,0.159374,0.0868439,2
0.0540163,0.178152,0.190872,2
0.0352428,0.201145,0.147888,2
0.0966705,0.186162,0.0749957,2
0.0343347,0.12444,0.0792177,2
0.061549,0.159974,0.0105465,2
0.07937,0.214461,0.0156212,2
0.120491,0.143795,0.204649,2
0.0710782,0.18904,0.0375067,2
0.0461539,0.136723,0.138271,2
0.146702,0.134795,0.117507,2
0.116692,0.201473,0.0145171,2
0.0533197,0.16911,0.0177223,2
0.0106063,0.185132,0.128824,2
0.0773217,0.197178,0.126501,2
0.110396,0.137723,0.0488159,2
0.0605174,0.148331,0.0610282,2
0.0715121,0.145163,0.107761,2
0.0545686,0.182742,0.0875986,2
0.0655037,0.19624,0.0411097,2
0.106966,0.219672,0.0994114,2
0.0368472,0.219512,0.136858,2
0.0511911,0.166604,0.0158694,2
0.0249017,0.132422,0.103477,2
0.0400085,0.213962,0.113323,2
0.0678781,0.20203,0.174987,2
0.0473133,0.187484,0.101745,2
0.0918079,0.141429,0.176956,2
0.0664524,0.144175,0.0695608,2
0.00592457,0.172302,0.0159894,2
0.0940001,0.217135,0.121743,2
0.0780023,0.180804,0.110898,2
0.0811241,0.172093,0.143654,2
0.0529641,0.222792,0.137181,2
0.135017,0.200958,0.21731,2
0.0561381,0.195137,0.0503153,2
0.0394946,0.181341,0.0402723,2
0.117871,0.204641,0.145251,2
0.109268,0.162232,0.128096,2
0.0187549,0.20606,0.106103,2
0.0961241,0.176099,0.13503,2
0.0243497,0.169393,0.0471358,2
0.14317,0.160895,0.183377,2
0.0955333,0.137789,0.0849575,2
0.0386963,0.186645,0.0899463,2
0.114054,0.142716,0.136305,2
0.0878899,0.183598,0.180315,2
0.0822961,0.208605,0.0753949,2
0.122715,0.146699,0.210968,2
0.00230361,0.195448,0.00190715,2
0.0602723,0.188708,0.00430704,2
0.111714,0.169072,0.0127249,2
0.0412425,0.204586,0.116347,2
0.134263,0.185063,0.120516,2
0.00105368,0.197804,0.0451794,2
0.101587,0.205178,0.168182,2
0.047095,0.156875,0.111879,2
0.0228894,0.214633,0.218266,2
0.060199,0.212669,0.0419532,2
0.0549811,0.15662,0.149981,2
0.13504,0.219904,0.185772,2
0.114083,0.219261,0.0441314,2
0.00450981,0.196181,0.188578,2
0.080752,0.192564,0.0303563,2
0.0258083,0.16527,0.160147,2
0.041566,0.127389,0.0186021,2
0.00553943,0.154121,0.0996288,2
0.126294,0.14523,0.102182,2
0.130809,0.191416,0.0671079,2
0.145264,0.20561,0.0650051,2
0.108707,0.128627,0.0147087,2
0.145884,0.199912,0.0794715,2
0.135452,0.12433,0.16497,2
0.140621,0.123352,0.220437,2
0.146308,0.192707,0.218331,2
0.146752,0.143135,0.022892,2
0.0826456,0.0410303,0.0916994,3
0.0423769,0.0789374,0.218013,3
0.0984954,0.0237614,0.0716292,3
0.0163704,0.116287,0.00984683,3
0.0483029,0.106234,0.128098,3
0.0968155,0.0267342,0.0198883,3
0.0088462,0.101294,0.0834943,3
0.0137406,0.0924135,0.157991,3
0.00506245,0.0898273,0.00772361,3
0.0846798,0.109766,0.0536221,3
0.0828564,0.108483,0.0310497,3
0.0950465,0.0951803,0.128186,3
0.00629072,0.0213186,0.0319813,3
0.0805489,0.0628511,0.0644456,3
0.036861,0.103467,0.0365804,3
0.0804803,0.102621,0.0666018,3
0.077893,0.117504,0.138989,3
0.0672317,0.0173808,0.124064,3
0.0045606,0.0685622,0.13013,3
0.0596254,0.096861,0.0874905,3
0.0105672,0.119323,0.130449,3
0.0959201,0.00271153,0.148254,3
0.0429364,0.0531385,0.0605376,3
0.0965178,0.0719684,0.0780785,3
0.00670321,0.101462,0.21291,3
0.103713,0.0611075,0.0780498,3
0.00196205,0.0306952,0.0133844,3
0.082021,0.0297392,0.0981523,3
0.0075706,0.0894918,0.0339577,3
0.0831383,0.0833353,0.20437,3
0.0777471,0.0519364,0.0562582,3
0.0293117,0.0318235,0.00279054,3
0.0154545,0.100975,0.181867,3
0.0824426,0.043662,0.093646,3
0.0095262,0.0616725,0.0396049,3
0.00791653,0.0248953,0.170168,3
0.0784853,0.0269437,0.0887313,3
0.0621645,0.0120933,0.130928,3
0.0990383,0.1111,0.213913,3
0.104111,0.0727929,0.0260401,3
0.0115787,0.0808185,0.0492289,3
0.0940915,0.0642683,0.0630524,3
0.0141198,0.0342928,0.202269,3
0.105302,0.0686094,0.196847,3
0.022433,0.0219639,0.05165,3
0.0747086,0.0447242,0.0133038,3
0.0422758,0.00232367,0.102021,3
0.0207302,0.0195481,0.0423523,3
0.0751478,0.0101016,0.0780198,3
0.0517197,0.00913657,0.146714,3
0.0578832,0.0656279,0.0678079,3
0.0973505,0.0970078,0.165552,3
0.0598683,0.0279195,0.0620236,3
0.104085,0.0788696,0.167239,3
0.0329483,0.0993311,0.0534131,3
0.0866903,0.0318848,0.0632294,3
0.0927715,0.067,0.0372888,3
0.0491198,0.105224,0.0137588,3
0.0448616,0.0117354,0.220326,3
0.028295,0.0634472,0.118748,3
0.0280849,0.0504751,0.212064,3
0.0958984,0.0674754,0.196137,3
0.104979,0.0565914,0.00469206,3
0.0162645,0.0134194,0.0654359,3
0.0426551,0.0135735,0.0667358,3
0.0625287,0.100133,0.0660216,3
0.0499835,0.0806703,0.18144,3
0.0595984,0.0853105,0.0558526,3
0.0976602,0.0724207,0.0887472,3
0.0209493,0.0702557,0.181137,3
0.0158352,0.0965767,0.0767754,3
0.0431068,0.0557002,0.139136,3
0.0378749,0.00695627,0.0479013,3
0.0635575,0.0896674,0.160172,3
0.0891075,0.0676113,0.0464812,3
0.0352136,0.0599719,0.0431096,3
0.0594602,0.080666,0.0565461,3
0.0872223,0.12258,0.090854,3
0.00321197,0.0175762,0.118489,3
0.106369,0.0162661,0.16037,3
0.00179548,0.0770381,0.0704547,3
0.0306832,0.0479113,0.0871642,3
0.0489061,0.0522129,0.0383408,3
0.0891849,0.0233544,0.00723143,3
0.0591685,0.0239598,0.0568734,3
0.00949327,0.12105,0.195685,3
0.0532651,0.00467493,0.150424,3
0.0963155,0.113847,0.0123909,3
0.0559055,0.0281822,0.135234,3
0.0974495,0.0612616,0.0774163,3
0.0323184,0.100637,0.0925097,3
0.0441909,0.00293148,0.124211,3
0.029437,0.0306667,0.178491,3
0.0429568,0.0196313,0.170922,3
0.0102267,0.0937617,0.127417,3
0.074984,0.0466508,0.176918,3
0.0610609,0.0144863,0.205185,3
0.0769083,0.0798602,0.210863,3
0.0543885,0.0311103,0.194296,3
0.023433,0.0348681,0.0201255,3
0.0951746,0.0607182,0.0791101,3
0.0598902,0.0873185,0.119639,3
0.0557348,0.000793475,0.110654,3
0.00949055,0.00843776,0.167568,3
0.0698891,0.101016,0.130973,3
0.0491223,0.0415428,0.215778,3
0.038912,0.0252263,0.152219,3
0.0973313,0.0723166,0.13876,3
0.0139802,0.0243071,0.135192,3
0.0630722,0.0858379,0.154966,3
0.0555012,0.119563,0.157645,3
0.0102351,0.0863365,0.153467,3
0.100634,0.0643002,0.0752428,3
0.0558978,0.120279,0.0690188,3
0.0204309,0.0518655,0.146496,3
0.00659664,0.070608,0.220315,3
0.0468075,0.0634467,0.149569,3
0.0228913,0.0490217,0.0258323,3
0.0611254,0.0625573,0.0668618,3
0.0668695,0.108446,0.0402625,3
0.0605459,0.00956437,0.0261544,3
0.0273595,0.115982,0.035649,3
0.0319686,0.0459592,0.0573185,3
0.0396801,0.0786182,0.00817662,3
0.106151,0.095973,0.0704545,3
