x coord,y coord,z coord,rank
0.078094,0.0702958,0.198287,0
0.0785048,0.218001,0.127209,0
0.0306045,0.0385921,0.11097,0
0.00183621,0.0568536,0.10894,0
0.076176,0.0538657,0.124442,0
0.0581981,0.0551199,0.122007,0
0.0456745,0.128024,0.167351,0
0.079076,0.0495323,0.138155,0
0.00477745,0.0382192,0.211657,0
0.0499723,0.134458,0.131449,0
0.0425606,0.0648009,0.155084,0
0.120911,0.00703699,0.183258,0
0.103545,0.102682,0.217048,0
0.115548,0.0509165,0.219968,0
0.0777519,0.050963,0.186921,0
0.112642,0.0511263,0.20802,0
0.0762681,0.0804211,0.193495,0
0.104913,0.176388,0.194837,0
0.117472,0.054975,0.159916,0
0.117193,0.224277,0.190244,0
0.0817237,0.162307,0.183714,0
0.046168,0.0371923,0.171799,0
0.116774,0.159697,0.153166,0
0.02184,0.156551,0.153715,0
0.057442,0.0321578,0.16657,0
0.0683111,0.0053915,0.120423,0
0.0486603,0.0420265,0.130332,0
0.0723526,0.0646021,0.124283,0
0.0612236,0.223923,0.139337,0
0.0628422,0.0650554,0.17796,0
0.047307,0.0800277,0.166153,0
0.0699027,0.0286532,0.187504,0
0.0592417,0.12793,0.142405,0
0.0121499,0.0687422,0.11504,0
0.0764932,0.0923386,0.20182,0
0.0111499,0.120374,0.169356,0
0.0782035,0.0546958,0.156196,0
0.0724526,0.0762173,0.14878,0
0.0760213,0.121447,0.181502,0
0.11067,0.0180591,0.114207,0
0.04239,0.203967,0.162265,0
0.00920399,0.109554,0.196525,0
0.029268,0.149619,0.173637,0
0.0657315,0.212551,0.20293,0
0.0759481,0.105735,0.119202,0
0.116265,0.201248,0.146513,0
0.103805,0.130598,0.139937,0
0.0752224,0.126904,0.120172,0
0.0233756,0.00823477,0.117668,0
0.12142,0.127853,0.144995,0
0.0571177,0.122764,0.156853,0
0.123716,0.141504,0.16054,0
0.0800485,0.098161,0.160627,0
0.073168,0.0523338,0.142301,0
0.0589669,0.105754,0.169142,0
0.086608,0.135203,0.175745,0
0.00393578,0.175449,0.13992,0
0.0608221,0.186531,0.177564,0
0.0791072,0.0530606,0.158087,0
0.106568,0.0485617,0.142452,0
0.0196328,0.171075,0.153692,0
0.0486562,0.191007,0.165165,0
0.0118264,0.214004,0.162128,0
0.012898,0.102481,0.153288,0
0.121745,0.110017,0.212685,0
0.0399765,0.110502,0.184706,0
0.0590317,0.10844,0.170666,0
0.0530824,0.0647581,0.224021,0
0.0683068,0.138271,0.159784,0
0.0373596,0.219772,0.160958,0
0.0734447,0.10847,0.18201,0
0.0243484,0.176917,0.18237,0
0.0769686,0.206818,0.161281,0
0.0875619,0.12637,0.220842,0
0.00744479,0.142026,0.120033,0
0.0780217,0.110083,0.134326,0
0.0686352,0.0338107,0.204194,0
0.0424595,0.0900429,0.12198,0
0.0123207,0.218489,0.139695,0
0.0219587,0.134451,0.159841,0
0.010028,0.101941,0.190421,0
0.106207,0.0179294,0.196454,0
0.0834991,0.139359,0.126198,0
0.0875037,0.0649285,0.216367,0
0.114803,0.162993,0.148201,0
0.0884756,0.220403,0.193429,0
0.0230291,0.139285,0.216456,0
0.0647451,0.155174,0.145856,0
0.0328513,0.140291,0.116323,0
0.073673,0.165513,0.212519,0
0.0531042,0.182682,0.186131,0
0.0295741,0.148744,0.170913,0
0.0732057,0.202306,0.130302,0
0.065611,0.129623,0.169163,0
0.0996993,0.197356,0.173125,0
0.0471094,0.153587,0.217393,0
0.0606722,0.174793,0.140595,0
0.0746077,0.148416,0.214532,0
0.0077766,0.152469,0.190115,0
0.0753642,0.19245,0.204034,0
0.115277,0.0384155,0.112364,0
0.0499139,0.0173637,0.124993,0
0.110929,0.199913,0.166354,0
0.109438,0.0250973,0.223609,0
0.0936013,0.11054,0.180543,0
0.119004,0.0140301,0.111775,0
0.0435604,0.0975716,0.216098,0
0.0245844,0.13017,0.179911,0
0.0226,0.0257349,0.214263,0
0.00536344,0.113916,0.185671,0
0.0815354,0.130466,0.17477,0
0.00998498,0.198973,0.120372,0
0.00690322,0.218119,0.169648,0
0.0950705,0.19257,0.177865,0
0.00158086,0.101597,0.154677,0
0.00704721,0.112039,0.172452,0
0.073731,0.0728933,0.130699,0
0.0952224,0.198179,0.222705,0
0.0511708,0.000513882,0.132898,0
0.0790196,0.0960458,0.132683,0
0.122056,0.0183951,0.178122,0
0.0500223,0.120046,0.119502,0
0.0655153,0.125128,0.116381,0
0.0283471,0.174531,0.117501,0
0.0698763,0.17865,0.110197,0
0.0348519,0.0320581,0.108262,0
0.15027,0.190415,0.00307989,1
0.192006,0.108836,0.0696802,1
0.193281,0.0300666,0.0362339,1
0.193226,0.0303906,0.0367312,1
0.212563,0.0265193,0.0203918,1
0.191879,0.0294188,0.0374109,1
0.204053,0.0387395,0.0533579,1
0.160672,0.00561769,0.00737038,1
0.189498,0.0277739,0.0380559,1
0.193677,0.0539699,0.0451445,1
0.173776,0.0506651,0.0756415,1
0.182906,0.0361786,0.00676419,1
0.186449,0.21211,0.0694983,1
0.175517,0.0779736,0.0564908,1
0.192397,0.0321239,0.0323686,1
0.223703,0.139904,0.0296353,1
0.190393,0.174872,0.0746521,1
0.206183,0.177983,0.0284442,1
0.188725,0.0292011,0.0329472,1
0.190786,0.0263325,0.0365783,1
0.194579,0.0264031,0.0366186,1
0.175461,0.0343144,0.0724312,1
0.186213,0.137122,0.0388803,1
0.141626,0.0454205,0.0823709,1
0.198192,0.223056,0.0599046,1
0.178506,0.00276722,0.0539124,1
0.193544,0.0279241,0.0334692,1
0.203165,0.125111,0.0677598,1
0.183712,0.118473,0.0121876,1
0.183673,0.137292,0.0172438,1
0.201862,0.223665,0.0701691,1
0.155431,0.201226,0.000867308,1
0.181505,0.0506787,0.00365557,1
0.18056,0.118726,0.0518702,1
0.197616,0.198567,0.0302027,1
0.18673,0.0310396,0.0330111,1
0.179695,0.156223,0.102491,1
0.203522,0.0625654,0.0342132,1
0.180949,0.114339,0.0561828,1
0.19238,0.0348541,0.03356,1
0.194997,0.0339596,0.0347068,1
0.153421,0.0940981,0.0589021,1
0.190607,0.16181,0.0719756,1
0.187918,0.213193,0.0603901,1
0.187208,0.028637,0.0330027,1
0.194898,0.0335694,0.0320874,1
0.214733,0.0380894,0.00709693,1
0.192915,0.0328893,0.0309579,1
0.195902,0.0309036,0.0369621,1
0.148777,0.157248,0.104274,1
0.203395,0.0566322,0.031916,1
0.139895,0.116235,0.0494951,1
0.185734,0.0905711,0.0219082,1
0.209532,0.196414,0.0116009,1
0.167839,0.212553,0.06664,1
0.189023,0.0330426,0.0370848,1
0.160632,0.049322,0.0426605,1
0.190163,0.0290771,0.0317905,1
0.140412,0.105247,0.0763749,1
0.159282,0.186466,0.0695981,1
0.212339,0.00968746,0.0539249,1
0.212482,0.117645,0.018392,1
0.198607,0.0284861,0.0321498,1
0.191917,0.0277699,0.0314496,1
0.20041,0.164799,0.00291035,1
0.190724,0.0328851,0.0353998,1
0.195051,0.149229,0.0284261,1
0.160313,0.177923,0.0416651,1
0.153017,0.040169,0.0157677,1
0.156794,0.218163,0.0633398,1
0.187671,0.029067,0.0352843,1
0.172401,0.0606475,0.019578,1
0.189624,0.03207,0.030709,1
0.170214,0.21127,0.096657,1
0.151453,0.0132599,0.0807355,1
0.140032,0.218073,0.0463938,1
0.19137,0.0333984,0.031814,1
0.19462,0.206643,0.105244,1
0.193281,0.156745,0.0518879,1
0.194905,0.0269132,0.0331216,1
0.149149,0.209425,0.104538,1
0.172358,0.203175,0.0817827,1
0.187584,0.0320413,0.0326632,1
0.22189,0.104877,0.0998065,1
0.156613,0.0909109,0.0582231,1
0.195842,0.0270816,0.0367494,1
0.193321,0.0305804,0.0386147,1
0.19291,0.180425,0.075801,1
0.191081,0.0270481,0.0351015,1
0.180173,0.155873,0.0091737,1
0.207574,0.122288,0.0446264,1
0.146277,0.0085731,0.0344972,1
0.193945,0.0302048,0.0327615,1
0.174771,0.154097,0.0257673,1
0.192827,0.15581,0.0363074,1
0.193304,0.0300616,0.0306655,1
0.156261,0.0197833,0.0522312,1
0.196177,0.0254285,0.0357237,1
0.16082,0.222674,0.0287852,1
0.205394,0.173418,0.05632,1
0.194123,0.0327015,0.0317028,1
0.20677,0.0825609,0.0074372,1
0.193373,0.0242379,0.0337392,1
0.18672,0.0295099,0.0324453,1
0.193174,0.0328381,0.035921,1
0.20105,0.216136,0.0363053,1
0.192225,0.0338119,0.0338231,1
0.187869,0.0270504,0.0329691,1
0.193628,0.0261734,0.0348837,1
0.19209,0.0302294,0.030782,1
0.218509,0.0164497,0.0118516,1
0.198536,0.201877,0.00402274,1
0.155211,0.133771,0.087047,1
0.16983,0.100221,0.0917086,1
0.14266,0.0402114,0.0997828,1
0.183852,0.0558823,0.0463927,1
0.147799,0.108075,0.0278728,1
0.204125,0.00736921,0.0593045,1
0.166672,0.0519311,0.0364398,1
0.173747,0.0528631,0.00706885,1
0.224183,0.094981,0.0275823,1
0.186994,0.0963947,0.0450545,1
0.0842203,0.106144,0.0103614,2
0.0647219,0.0857197,0.0807006,2
0.0160744,0.143112,0.0448959,2
0.0613503,0.119419,0.0579814,2
0.0421626,0.125061,0.0186705,2
0.0245001,0.0649617,0.00680377,2
0.0442485,0.20616,0.0204018,2
0.135013,0.184284,0.0183835,2
0.0462271,0.169938,0.0898449,2
0.126511,0.0550802,0.105119,2
0.0166129,0.143516,0.0479539,2
0.0808235,0.159722,0.0732794,2
0.11955,0.135986,0.00247685,2
0.113677,0.221473,0.0677643,2
0.000149977,0.081252,0.0288949,2
0.046632,0.151111,0.0140546,2
0.128801,0.0321606,0.0478067,2
0.00394589,0.114235,0.0967956,2
0.109384,0.124846,0.0133827,2
0.070644,0.0803025,0.0566664,2
0.0227128,0.0699523,0.0641639,2
0.0725442,0.137823,0.00947836,2
0.0414944,0.0786867,0.0815915,2
0.0719694,0.140435,0.00333441,2
0.00951394,0.00263035,0.00719536,2
0.00413601,0.15448,0.0169218,2
0.114491,0.22436,0.0511362,2
0.108971,0.0754228,0.0319753,2
0.0955753,0.159198,0.0270382,2
0.0100899,0.152458,0.0206085,2
0.0824919,0.217078,0.00462532,2
0.0118531,0.203221,0.0623397,2
0.117389,0.214373,0.0393672,2
0.0157352,0.0604202,0.00708637,2
0.00455227,0.113999,0.0602286,2
0.0838274,0.15647,0.0850701,2
0.0727876,0.130595,0.102215,2
0.0667908,0.0639572,0.0627703,2
0.0833323,0.112145,0.0696894,2
0.00173731,0.0508471,0.0822871,2
0.00381292,0.150644,0.102689,2
0.0852999,0.214226,0.0546791,2
0.1303,0.140692,0.100732,2
0.124145,0.196253,0.0319336,2
0.0427984,0.218754,0.0360868,2
0.115042,0.0113404,0.0678056,2
0.0147812,0.158514,0.0469615,2
0.0929315,0.133415,0.0722836,2
0.0134727,0.0798956,0.0178213,2
0.0625449,0.0942784,0.0465111,2
0.136667,0.149019,0.0535775,2
0.0374235,0.00804757,0.032577,2
0.128085,0.182995,0.0157155,2
0.0735244,0.156501,0.0746018,2
0.0535637,0.0147922,0.0288038,2
0.00309933,0.0408204,0.0469586,2
0.0328445,0.0973145,0.0856036,2
0.0734584,0.000893851,0.00728158,2
0.00430901,0.132626,0.0125529,2
0.00515645,0.128317,0.101421,2
0.0469315,0.0221596,0.0659411,2
0.0741557,0.0327402,0.00642818,2
0.0683087,0.115118,0.0274187,2
0.0956193,0.00165299,0.0704587,2
0.00185505,0.0151624,0.0466406,2
0.0320489,0.168107,0.0385571,2
0.108143,0.217273,0.102199,2
0.0657474,0.127036,0.0664504,2
0.110186,0.103055,0.0595191,2
0.00889279,0.0294934,0.0744731,2
0.0682476,0.00307966,0.00155346,2
0.11754,0.156268,0.0436559,2
0.043966,0.0678724,0.00500223,2
0.0537485,0.208356,0.00354646,2
0.0653079,0.00756019,0.0411602,2
0.0356064,0.121224,0.0778122,2
0.124684,0.135313,0.0340701,2
0.0414929,0.219132,0.0113167,2
0.00922443,0.106949,0.0565198,2
0.0889404,0.179969,0.0424864,2
0.0791102,0.00752961,0.0522281,2
0.0232251,0.0342825,0.0726672,2
0.0223957,0.0272291,0.0672578,2
0.108559,0.153269,0.06682,2
0.0938141,0.224433,0.0284641,2
0.0440507,0.0315289,0.0794135,2
0.0174703,0.20398,0.0117527,2
0.0552963,0.0619145,0.0760595,2
0.125973,0.217872,0.0969997,2
0.0389596,0.0974213,0.0555293,2
0.0895751,0.207443,0.0810295,2
0.133185,0.159708,0.0908971,2
0.0124139,0.041946,0.0641424,2
0.0149538,0.0250877,0.0700889,2
0.0583643,0.210075,0.0805496,2
0.0302322,0.164397,0.0424142,2
0.125984,0.0972436,0.0837466,2
0.0732588,0.0391137,0.0131279,2
0.0669958,0.0194963,0.039316,2
0.0244428,0.0422098,0.0352051,2
0.128094,0.118177,0.0807416,2
0.00459625,0.0508062,0.0499026,2
0.0359896,0.132311,0.0255175,2
0.0038874,0.0407802,0.0471638,2
0.0339206,0.00670058,0.00935144,2
0.0238712,0.174347,0.0421017,2
0.0332543,0.00299649,0.0906615,2
0.0134548,0.167625,0.012411,2
0.105872,0.103956,0.0338329,2
0.061669,0.224084,0.0504374,2
0.00399398,0.0469915,0.0640507,2
0.0804321,0.0130979,0.0322792,2
0.00876218,0.188756,0.0480278,2
0.100536,0.0867397,0.0509882,2
0.0268544,0.123782,0.0681713,2
0.0517082,0.0533832,0.0389312,2
0.0771345,0.0321955,0.0890809,2
0.0910554,0.0802772,0.0902529,2
0.0338131,0.0930965,0.0971777,2
0.117705,0.048329,0.085779,2
0.135747,0.129645,0.013737,2
0.0605082,0.0194448,0.0902167,2
0.0629643,0.0776026,0.10739,2
0.133054,0.0851981,0.00670241,2
0.0550542,0.0467496,0.104512,2
0.134887,0.0129479,0.0773727,2
0.135581,0.0115135,0.0454267,2
0.127738,0.136785,0.107204,2
0.0660958,0.15065,0.107285,2
0.188527,0.116124,0.191187,3
0.142457,0.162167,0.117641,3
0.162533,0.206684,0.180506,3
0.168444,0.126895,0.114571,3
0.191719,0.188089,0.111821,3
0.146458,0.129465,0.146459,3
0.180309,0.124777,0.12183,3
0.151647,0.178199,0.131407,3
0.1327,0.176328,0.203127,3
0.145717,0.184016,0.11891,3
0.222445,0.148344,0.11406,3
0.166507,0.181898,0.11309,3
0.126253,0.189817,0.204,3
0.181901,0.0247803,0.115379,3
0.13383,0.193827,0.147181,3
0.191373,0.0755562,0.116389,3
0.141956,0.124452,0.198418,3
0.12718,0.011731,0.172291,3
0.146493,0.219387,0.117479,3
0.187995,0.112668,0.172296,3
0.211413,0.0513301,0.113433,3
0.178687,0.220131,0.164388,3
0.210152,0.115995,0.160375,3
0.14941,0.121592,0.219327,3
0.16493,0.220782,0.125873,3
0.145743,0.0816412,0.197976,3
0.166724,0.00490503,0.129796,3
0.143094,0.000550866,0.218364,3
0.162263,0.116954,0.13177,3
0.140839,0.178188,0.14464,3
0.219421,0.0652726,0.163171,3
0.126177,0.0947727,0.140254,3
0.15797,0.00267047,0.176599,3
0.222266,0.0721436,0.139351,3
0.164118,0.0552266,0.122046,3
0.204877,0.147584,0.162833,3
0.125886,0.116006,0.201552,3
0.183026,0.159263,0.218468,3
0.203816,0.120452,0.174769,3
0.182717,0.0894234,0.135638,3
0.16166,0.0481635,0.223723,3
0.21719,0.0829647,0.125366,3
0.169144,0.143526,0.220129,3
0.216362,0.221058,0.128266,3
0.191056,0.069957,0.1783,3
0.168746,0.0115222,0.14168,3
0.172434,0.00989813,0.127467,3
0.1474,0.0616525,0.109488,3
0.18524,0.0065645,0.1578,3
0.163816,0.197848,0.217961,3
0.131069,0.018855,0.194302,3
0.182496,0.000497044,0.205053,3
0.221362,0.100754,0.175562,3
0.177619,0.172138,0.200609,3
0.182569,0.133016,0.143332,3
0.224269,0.0402989,0.16963,3
0.162806,0.18571,0.193821,3
0.162902,0.0975446,0.163483,3
0.191677,0.165818,0.197306,3
0.206864,0.18887,0.120987,3
0.164441,0.138254,0.149819,3
0.174599,0.133978,0.156753,3
0.207094,0.0225337,0.218376,3
0.219296,0.0293273,0.161556,3
0.187947,0.0919558,0.205044,3
0.128932,0.0248643,0.199322,3
0.135628,0.10993,0.204692,3
0.200042,0.175428,0.175478,3
0.209831,0.0256049,0.206002,3
0.186368,0.051702,0.168538,3
0.196712,0.125659,0.176782,3
0.129868,0.145334,0.213492,3
0.201944,0.0304854,0.157068,3
0.182912,0.136034,0.199746,3
0.222303,0.140953,0.144332,3
0.186931,0.0591812,0.117077,3
0.155449,0.13202,0.140361,3
0.204791,0.037751,0.16225,3
0.215884,0.201733,0.200291,3
0.143608,0.0373336,0.198983,3
0.216076,0.0773189,0.141127,3
0.220312,0.0917953,0.127678,3
0.134435,0.0175282,0.167431,3
0.205005,0.217323,0.121534,3
0.135595,0.208393,0.113995,3
0.182401,0.148206,0.157681,3
0.221383,0.0990165,0.222018,3
0.207674,0.0160879,0.218338,3
0.170918,0.218659,0.127228,3
0.144579,0.119396,0.185325,3
0.191744,0.186412,0.134198,3
0.157401,0.192278,0.151447,3
0.150195,0.190424,0.212862,3
0.170961,0.218987,0.180246,3
0.143084,0.191774,0.126892,3
0.174752,0.0154169,0.16414,3
0.165544,0.0458192,0.212202,3
0.159605,0.0252767,0.165356,3
0.129016,0.049635,0.110368,3
0.212151,0.132274,0.201165,3
0.133449,0.0542172,0.150657,3
0.193375,0.0130546,0.174517,3
0.145646,0.136357,0.222024,3
0.134864,0.169891,0.128784,3
0.137802,0.20852,0.135277,3
0.124112,0.081276,0.120356,3
0.164562,0.166333,0.133519,3
0.16746,0.148196,0.157442,3
0.172342,0.153286,0.114664,3
0.127709,0.0828699,0.115764,3
0.156059,0.20374,0.215662,3
0.161587,0.147806,0.184714,3
0.127686,0.0110636,0.17651,3
0.156766,0.211887,0.221705,3
0.201458,0.180069,0.114429,3
0.145248,0.118326,0.144901,3
0.13697,0.19314,0.189692,3
0.143499,0.117035,0.188925,3
0.183664,0.134249,0.195469,3
0.158155,0.154569,0.211976,3
0.221953,0.125083,0.177441,3
0.127776,0.166986,0.207426,3
0.161166,0.0603263,0.158231,3
