x coord,y coord,z coord,rank
0.181834,0.116562,0.124802,0
0.192166,0.185417,0.15352,0
0.104002,0.152886,0.109014,0
0.190894,0.167315,0.103886,0
0.144229,0.0383889,0.165734,0
0.184084,0.179594,0.20867,0
0.189207,0.214115,0.119101,0
0.185729,0.161481,0.152399,0
0.147249,0.152433,0.166987,0
0.180915,0.142426,0.218636,0
0.177653,0.165114,0.166167,0
0.193124,0.0821249,0.122306,0
0.108234,0.00774228,0.191138,0
0.103029,0.158117,0.105864,0
0.186539,0.209771,0.116272,0
0.185808,0.224881,0.14782,0
0.142274,0.0700082,0.178771,0
0.212375,0.133053,0.148984,0
0.141704,0.208733,0.165462,0
0.191201,0.183584,0.144602,0
0.214106,0.167569,0.224654,0
0.103368,0.153141,0.104492,0
0.224034,0.163175,0.187646,0
0.191931,0.179469,0.143637,0
0.209302,0.213103,0.167762,0
0.20114,0.0944143,0.1294,0
0.181424,0.0947874,0.214412,0
0.153699,0.0806255,0.203773,0
0.22403,0.0112471,0.120906,0
0.121868,0.190317,0.180235,0
0.152767,0.125601,0.140536,0
0.146674,0.0591473,0.139845,0
0.183208,0.0588379,0.223878,0
0.169364,0.133793,0.198425,0
0.118674,0.144528,0.10731,0
0.20832,0.143982,0.131493,0
0.120577,0.169198,0.200813,0
0.103732,0.100513,0.150678,0
0.111285,0.00768812,0.109703,0
0.127144,0.0471581,0.211144,0
0.203948,0.137142,0.132351,0
0.163881,0.0746395,0.166718,0
0.211054,0.142139,0.140858,0
0.191319,0.184212,0.210859,0
0.121225,0.153654,0.106753,0
0.198213,0.160236,0.215498,0
0.178523,0.0803665,0.105503,0
0.116905,0.111998,0.143639,0
0.106781,0.20291,0.170228,0
0.158248,0.185767,0.137032,0
0.142832,0.033507,0.135702,0
0.144092,0.00718313,0.180967,0
0.133606,0.073369,0.174652,0
0.207114,0.102717,0.177424,0
0.10849,0.010921,0.180826,0
0.199418,0.177241,0.147569,0
0.165467,0.0580026,0.189481,0
0.183311,0.141292,0.2086,0
0.16082,0.0647305,0.187922,0
0.159186,0.0396371,0.131493,0
0.203536,0.0581782,0.12339,0
0.164624,0.125658,0.212839,0
0.149125,0.133655,0.168213,0
0.12939,0.152364,0.172629,0
0.107197,0.0964927,0.109913,0
0.1443,0.13192,0.173227,0
0.11143,0.139977,0.115679,0
0.141794,0.0312207,0.179967,0
0.182162,0.0654246,0.144474,0
0.217564,0.0444329,0.147362,0
0.161813,0.224008,0.141071,0
0.163273,0.17305,0.130568,0
0.164597,0.0180651,0.136942,0
0.159214,0.223244,0.135831,0
0.130383,0.161358,0.215815,0
0.21207,0.0223013,0.114553,0
0.148009,0.126324,0.166238,0
0.160545,0.0645215,0.206493,0
0.216171,0.0182725,0.176552,0
0.190173,0.148763,0.173036,0
0.220876,0.119898,0.107361,0
0.203869,0.0970291,0.213606,0
0.163995,0.219385,0.127776,0
0.170392,0.16444,0.120822,0
0.10298,0.1465,0.104192,0
0.204579,0.149167,0.214058,0
0.130315,0.022779,0.192948,0
0.142889,0.0769897,0.17583,0
0.103279,0.116869,0.189502,0
0.10248,0.138362,0.126267,0
0.105759,0.132981,0.162132,0
0.109284,0.174402,0.21785,0
0.119883,0.067756,0.211138,0
0.189867,0.187242,0.143421,0
0.185875,0.0100496,0.189668,0
0.200356,0.176008,0.167478,0
0.16877,0.222314,0.149489,0
0.217636,0.160509,0.163389,0
0.109887,0.197988,0.170748,0
0.216344,0.184631,0.147651,0
0.11147,0.18084,0.196366,0
0.188217,0.172032,0.105572,0
0.125809,0.222322,0.145685,0
0.122502,0.0364219,0.191649,0
0.122685,0.00835214,0.184051,0
0.108006,0.20192,0.216082,0
0.110029,0.0124813,0.107506,0
0.20102,0.0642958,0.193485,0
0.18975,0.0133179,0.192192,0
0.183303,0.204956,0.144638,0
0.224834,0.119167,0.166114,0
0.203983,0.00985049,0.109076,0
0.134572,0.160731,0.218802,0
0.224158,0.0665321,0.215853,0
0.123215,0.0988243,0.207501,0
0.158225,0.0317881,0.103868,0
0.162773,0.00075205,0.194265,0
0.143911,0.0280588,0.164941,0
0.193998,0.115431,0.179337,0
0.204099,0.164119,0.121799,0
0.112132,0.13041,0.135136,0
0.117122,0.203657,0.157824,0
0.120962,0.0181668,0.157505,0
0.134705,0.19439,0.145132,0
0.179659,0.183039,0.136122,0
0.113584,0.00908538,0.188422,0
0.207482,0.177517,0.108771,0
0.18697,0.21608,0.123015,0
0.188251,0.0164852,0.117542,0
0.106212,0.00377959,0.189752,0
0.109041,0.211758,0.189874,0
0.102815,0.143701,0.104577,0
0.104388,0.0992221,0.131843,0
0.209964,0.172171,0.104135,0
0.220204,0.0848079,0.105152,0
0.103934,0.152689,0.103884,0
0.154189,0.0298858,0.109185,0
0.111241,0.0609251,0.165813,0
0.103044,0.152372,0.106053,0
0.106621,0.153489,0.108013,0
0.10462,0.155025,0.103774,0
0.104765,0.15083,0.103581,0
0.169856,0.122207,0.0948774,1
0.159415,0.0839235,0.0443375,1
0.112049,0.14257,0.0646935,1
0.115977,0.203743,0.089554,1
0.149545,0.142082,0.0963248,1
0.14208,0.10712,0.041106,1
0.183698,0.197809,0.0144222,1
0.120027,0.0218827,0.0156762,1
0.212992,0.138107,0.0131127,1
0.215346,0.0506997,0.0847713,1
0.211351,0.129726,0.0071208,1
0.162094,0.0302408,0.0410271,1
0.170208,0.109743,0.0369711,1
0.208133,0.122082,0.084984,1
0.112761,0.144618,0.067015,1
0.112634,0.0270728,0.00383051,1
0.20706,0.0447729,0.0634946,1
0.168116,0.0324003,0.0498774,1
0.110858,0.139332,0.0721938,1
0.102642,0.133396,0.085141,1
0.211726,0.076446,0.0720527,1
0.105572,0.0838008,0.0607449,1
0.158724,0.184437,0.0278951,1
0.216335,0.16884,0.062627,1
0.138616,0.133945,0.0472011,1
0.147765,0.0738794,0.0840331,1
0.109368,0.143076,0.0387325,1
0.165727,0.0210095,0.00748288,1
0.200832,0.170017,0.0991371,1
0.146671,0.10509,0.0433847,1
0.106498,0.0198019,0.0330869,1
0.118797,0.0593926,0.0011112,1
0.186608,0.00249163,0.0535197,1
0.175944,0.162653,0.0574812,1
0.109673,0.148813,0.0812621,1
0.187638,0.0526122,0.00350025,1
0.192303,0.196162,0.0511277,1
0.164631,0.0260885,0.0469445,1
0.15703,0.113548,0.00180403,1
0.163346,0.147332,0.0185743,1
0.160293,0.106102,0.0736236,1
0.135558,0.113895,0.048743,1
0.168492,0.0774084,0.0641733,1
0.17474,0.0346893,0.0465772,1
0.204531,0.178267,0.0277212,1
0.16837,0.0645985,0.028592,1
0.156117,0.113746,0.00948115,1
0.140029,0.148867,0.0774991,1
0.176743,0.115982,0.0516632,1
0.114565,0.190325,0.0437302,1
0.140958,0.174765,0.077824,1
0.113877,0.191907,0.0139186,1
0.122118,0.130743,0.068994,1
0.161404,0.156476,0.038321,1
0.146284,0.177221,0.0334674,1
0.185572,0.0454447,0.0311628,1
0.105043,0.206674,0.00251549,1
0.125844,0.203035,0.0438135,1
0.214595,0.0620677,0.0695511,1
0.147925,0.196333,0.0546385,1
0.165257,0.0892648,0.0746181,1
0.163335,0.0874776,0.0783273,1
0.217566,0.12593,0.0119759,1
0.208274,0.00310172,0.00855529,1
0.13938,0.102295,0.00265833,1
0.164271,0.0888992,0.0557656,1
0.174665,0.156382,0.0480367,1
0.137601,0.0315528,0.065438,1
0.20646,0.0496612,0.0641172,1
0.144066,0.137935,0.0652936,1
0.154028,0.115186,0.100797,1
0.130722,0.0295024,0.0210892,1
0.115949,0.148435,0.0385955,1
0.186076,0.0685011,0.0275245,1
0.174588,0.0749509,0.102682,1
0.112758,0.14438,0.0714993,1
0.161253,0.108943,0.00540931,1
0.159779,0.0107708,0.0405564,1
0.144566,0.145065,0.0333432,1
0.133732,0.221388,0.0167413,1
0.205768,0.180039,0.0335607,1
0.153101,0.0446214,0.0463624,1
0.205167,0.115379,0.0600939,1
0.211806,0.168205,0.0469653,1
0.150873,0.0747673,0.0168136,1
0.125086,0.189351,0.078062,1
0.190044,0.13195,0.0059144,1
0.219534,0.139147,0.0106432,1
0.162081,0.09165,0.0741934,1
0.158413,0.0889818,0.0787023,1
0.160553,0.0208639,0.0459681,1
0.193238,0.00432817,0.0330207,1
0.168659,0.125276,0.099742,1
0.162369,0.164034,0.00299426,1
0.154632,0.191608,0.0245029,1
0.152301,0.141728,0.032532,1
0.201858,0.128298,0.0469779,1
0.144512,0.033382,0.0366088,1
0.165216,0.101557,0.0362898,1
0.105697,0.150335,0.0962422,1
0.165385,0.184297,0.0118139,1
0.214059,0.0237422,0.0857057,1
0.127232,0.00339695,0.0864078,1
0.203661,0.0430766,0.0664257,1
0.12951,0.107584,0.00736461,1
0.114002,0.203193,0.0234777,1
0.141039,0.21604,0.0379362,1
0.153762,0.180049,0.0344263,1
0.159303,0.0782564,0.0116828,1
0.105958,0.159791,0.103284,1
0.211532,0.0155051,0.082745,1
0.195979,0.21784,0.0408061,1
0.131286,0.171559,0.0845905,1
0.221362,0.16084,0.0626676,1
0.194793,0.0195872,0.0916456,1
0.110327,0.181563,0.00143964,1
0.156741,0.185979,0.0792076,1
0.184735,0.223304,0.0996985,1
0.210604,0.221343,0.0564933,1
0.193149,0.0390862,0.0118773,1
0.103194,0.183995,0.0812306,1
0.128753,0.127752,0.0984011,1
0.0593236,0.00745651,0.0981126,2
0.0617485,0.0699172,0.0549285,2
0.0472202,0.109603,0.0134036,2
0.0327167,0.153923,0.0312471,2
0.069028,0.208105,0.0540544,2
0.0401186,0.189017,0.0574333,2
0.0987534,0.0185206,0.0314751,2
0.0912859,0.0866463,0.0976166,2
0.0914544,0.113464,0.0521356,2
0.0917172,0.0458479,0.0921689,2
0.0507259,0.0363171,0.070314,2
0.0843319,0.165597,0.0980133,2
0.0109516,0.183517,0.00951295,2
0.100562,0.154554,0.101695,2
0.101964,0.154289,0.102147,2
0.0990485,0.149234,0.102129,2
0.069928,0.0470923,0.0939793,2
0.0167773,0.100268,0.0575135,2
0.0847028,0.0713238,0.0606438,2
0.0685129,0.152171,0.00334485,2
0.0444608,0.151929,0.100969,2
0.100287,0.145922,0.0990729,2
0.0577378,0.0174506,0.0899641,2
0.0734331,0.0368456,0.0509256,2
0.00647496,0.0197462,0.0861374,2
0.0748132,0.0217822,0.0690413,2
0.0248125,0.0245252,0.0176438,2
0.0512952,0.192559,0.0490196,2
0.0975497,0.155744,0.103085,2
0.00415533,0.0186895,0.0507275,2
0.0605249,0.0171524,0.0505485,2
0.092685,0.0524804,0.089546,2
0.0953841,0.0807924,0.0744515,2
0.0866859,0.208663,0.0307159,2
0.101032,0.151492,0.0997772,2
0.0837577,0.192519,0.00965104,2
0.0998369,0.148499,0.099456,2
0.0890658,0.164857,0.0780755,2
0.07535,0.157849,0.0651957,2
0.0980543,0.0326414,0.0296575,2
0.000779855,0.0279739,0.0801088,2
0.101631,0.0831553,0.0759066,2
0.00572154,0.00274954,0.0427641,2
0.0775533,0.184834,0.0569337,2
0.0606568,0.110434,0.000178407,2
0.023226,0.030592,0.000805291,2
0.00551009,0.174341,0.0362128,2
0.099195,0.150728,0.100164,2
0.0978612,0.224491,0.0612691,2
0.102378,0.146703,0.0994947,2
0.0855135,0.117484,0.0973773,2
0.0304828,0.197204,0.0754248,2
0.0178982,0.206155,0.0588906,2
0.0217591,0.13001,0.0720347,2
0.0748926,0.00418216,0.0904199,2
0.00563039,0.0287159,0.06182,2
0.0997859,0.15522,0.102944,2
0.0376585,0.216054,0.0121557,2
0.035773,0.132474,0.0636877,2
0.0948067,0.101275,0.0645688,2
0.0583373,0.0448367,0.0981062,2
0.101103,0.149271,0.100692,2
0.0914795,0.05503,0.0322109,2
0.0164214,0.0279579,0.0189751,2
0.0518255,0.0839708,0.0148254,2
0.056019,0.110095,0.0907605,2
0.0998935,0.154156,0.0990656,2
0.101243,0.14949,0.102914,2
0.00485354,0.0248206,0.000390078,2
0.0758087,0.0249214,0.0737391,2
0.096504,0.149028,0.100473,2
0.0879597,0.066298,0.0185774,2
0.0286203,0.0524704,0.0341737,2
0.0476728,0.218598,0.0141756,2
0.0778652,0.148898,0.0105765,2
0.0303822,0.0447401,0.0135808,2
0.0455435,0.198356,0.0406701,2
0.0978266,0.147073,0.00394169,2
0.0958872,0.153325,0.103179,2
0.060523,0.0815712,0.0121296,2
0.0190452,0.0760751,0.0329246,2
0.101817,0.0494987,0.0986774,2
0.100677,0.04479,0.0507054,2
0.0714029,0.156281,0.0895626,2
0.0760248,0.106004,0.0255591,2
0.0817994,0.0702538,0.055967,2
0.0416459,0.120833,0.0714621,2
0.0906215,0.075831,0.0988076,2
0.0760935,0.18288,0.053548,2
0.0485831,0.166679,0.0827554,2
0.0881165,0.0216264,0.0750831,2
0.0122727,0.0637734,0.0223798,2
0.0596737,0.113736,0.0870937,2
0.0217489,0.207975,0.0551865,2
0.10208,0.145533,0.101949,2
0.0247684,0.0969107,0.0414495,2
0.0219203,0.0234424,0.0569487,2
0.084536,0.134067,0.0914261,2
0.0637792,0.00501423,0.0743352,2
0.100932,0.150092,0.0994605,2
0.101862,0.150395,0.0962187,2
0.00949708,0.0484822,0.0124773,2
0.0704909,0.104168,0.0531641,2
0.0891623,0.2053,0.085624,2
0.0339803,0.0872996,0.0951195,2
0.0384056,0.00673198,0.0728683,2
0.0442591,0.139027,0.0761949,2
0.0568884,0.220423,0.0189681,2
0.0991945,0.151764,0.097829,2
0.0913802,0.0682787,0.0924295,2
0.00293488,0.0329892,0.0244312,2
0.0255778,0.100036,0.000853686,2
0.0953243,0.151936,0.102585,2
0.0827909,0.107231,0.0880586,2
0.0522572,0.0803619,0.0236217,2
0.102297,0.151168,0.102428,2
0.0999857,0.148533,0.101095,2
0.0740371,0.150578,0.186354,3
0.061909,0.0735827,0.143682,3
0.0695952,0.194256,0.113602,3
0.0322856,0.0401949,0.135438,3
0.0441998,0.033762,0.209198,3
0.100676,0.149319,0.108018,3
0.0730467,0.0119617,0.120939,3
0.098644,0.14596,0.210977,3
0.0286559,0.0292165,0.224095,3
0.0804423,0.0642847,0.12872,3
0.0130116,0.0657593,0.195678,3
0.0124365,0.184033,0.195617,3
0.00339453,0.136114,0.138995,3
0.0973527,0.151643,0.103551,3
0.0746839,0.117665,0.181286,3
0.00662412,0.0690208,0.202283,3
0.0998866,0.15365,0.104177,3
0.100601,0.193904,0.116126,3
0.100245,0.151248,0.106171,3
0.0516179,0.0592827,0.10909,3
0.0826471,0.137115,0.105307,3
0.0694112,0.165525,0.134267,3
0.0948395,0.154006,0.105365,3
0.0784232,0.204906,0.221543,3
0.015258,0.0408215,0.198789,3
0.100615,0.148053,0.103942,3
0.0709469,0.107369,0.17056,3
0.0257767,0.181482,0.155944,3
0.00120183,0.103335,0.10889,3
0.0282603,0.167316,0.224104,3
0.101434,0.142075,0.192047,3
0.0976023,0.151886,0.105262,3
0.0551159,0.0930146,0.135828,3
0.101229,0.151538,0.105539,3
0.0176634,0.00103874,0.129151,3
0.0243739,0.0356544,0.141321,3
0.0975338,0.149183,0.103971,3
0.0990425,0.153211,0.106639,3
0.100322,0.146235,0.109042,3
0.0393807,0.00786008,0.162795,3
0.0470656,0.105219,0.145908,3
0.0998266,0.0775012,0.20747,3
0.00934302,0.0837761,0.202661,3
0.0941096,0.200646,0.142917,3
0.0132442,0.213226,0.134316,3
0.0370204,0.107874,0.184181,3
0.0322844,0.153693,0.137771,3
0.0933429,0.148805,0.106516,3
0.0988322,0.15112,0.107277,3
0.0464223,0.0522643,0.20592,3
0.10046,0.15402,0.104235,3
0.0268417,0.154353,0.179522,3
0.0342536,0.157839,0.196846,3
0.0622538,0.0440594,0.213001,3
0.0145878,0.14342,0.168193,3
0.0530568,0.101097,0.150629,3
0.0208319,0.0361492,0.113379,3
0.0658737,0.00439781,0.192872,3
0.0725858,0.0775462,0.15729,3
0.0365073,0.00544293,0.155547,3
0.0721347,0.0485527,0.221413,3
0.00194271,0.187297,0.166054,3
0.0166756,0.170297,0.199455,3
0.101964,0.153047,0.109702,3
0.0255914,0.188785,0.137805,3
0.0365099,0.19838,0.137599,3
0.0719777,0.071773,0.130891,3
0.00290427,0.0980834,0.180418,3
0.0877063,0.00130691,0.118601,3
0.0969477,0.188848,0.129605,3
0.101646,0.151086,0.107804,3
0.0747016,0.0751448,0.164542,3
0.0992653,0.153103,0.109032,3
0.07675,0.21291,0.112863,3
0.0191785,0.0229671,0.203337,3
0.0975656,0.185468,0.122995,3
0.100183,0.155002,0.107501,3
0.0701146,0.03329,0.107123,3
0.0233267,0.0339103,0.120352,3
0.0473736,0.197232,0.213094,3
0.0864503,0.00950689,0.178133,3
0.0657049,0.020387,0.154586,3
0.079315,0.0987376,0.136619,3
0.0994707,0.154711,0.104816,3
0.0537583,0.209226,0.10593,3
0.0772343,0.199397,0.137999,3
0.0770901,0.147313,0.215203,3
0.0416935,0.197984,0.218256,3
0.0569,0.196994,0.147609,3
0.0475829,0.0530034,0.20906,3
0.0436112,0.22148,0.139187,3
0.0185197,0.142174,0.179649,3
0.0978907,0.152549,0.113147,3
0.0310616,0.0830792,0.202787,3
0.0825103,0.0972908,0.205587,3
0.0906762,0.192819,0.210931,3
0.0433724,0.0754421,0.217511,3
0.00406197,0.0623889,0.190867,3
0.0717386,0.145139,0.154346,3
0.0360001,0.077841,0.167939,3
0.0558878,0.19659,0.197251,3
0.0216633,0.133652,0.172508,3
0.0952316,0.103189,0.106618,3
0.00824063,0.187938,0.224813,3
0.0869024,0.162241,0.15045,3
0.071874,0.123537,0.199051,3
0.0629439,0.110818,0.119867,3
0.0417217,0.0836139,0.151096,3
0.101058,0.157698,0.106415,3
0.0978168,0.151076,0.106616,3
0.0787716,0.0738853,0.106559,3
0.0633018,0.135237,0.105333,3
0.0947557,0.152007,0.107543,3
0.101501,0.152501,0.10442,3
0.10043,0.151479,0.10665,3
0.101331,0.153708,0.106073,3
0.100769,0.156346,0.105256,3
0.101018,0.150903,0.106481,3
0.102165,0.1515,0.107732,3
