x coord,y coord,z coord,rank
0.0926409,0.0586182,0.134689,0
0.0595534,0.0221892,0.176243,0
0.100747,0.148435,0.124659,0
0.0981629,0.160189,0.163895,0
0.0594766,0.191721,0.183455,0
0.0154504,0.153456,0.160488,0
0.0569358,0.195369,0.129124,0
0.0526511,0.180434,0.129764,0
0.0224298,0.154538,0.213757,0
0.0785774,0.150699,0.162639,0
0.0229084,0.182608,0.21104,0
0.106856,0.0895509,0.197082,0
0.0511398,0.210026,0.17641,0
0.097929,0.212543,0.169399,0
0.0205758,0.0714113,0.184586,0
0.10495,0.181066,0.161655,0
0.0261164,0.0142681,0.128432,0
0.106388,0.0930481,0.177541,0
0.110052,0.000437372,0.142629,0
0.0971061,0.189223,0.199698,0
0.011827,0.0170343,0.1429,0
0.0969134,0.214127,0.184671,0
0.0523666,0.0197194,0.164913,0
0.104902,0.15169,0.1566,0
0.0788098,0.138286,0.201088,0
0.0754038,0.111874,0.147998,0
0.0393055,0.0586865,0.212258,0
0.0742375,0.1883,0.187983,0
0.107048,0.206536,0.216382,0
0.0281844,0.158439,0.140249,0
0.102586,0.124649,0.133721,0
0.0454615,0.0969153,0.201669,0
0.0195218,0.0563315,0.162574,0
0.0883814,0.0663992,0.166004,0
0.102693,0.0983061,0.197386,0
0.0650555,0.160338,0.208459,0
0.00966121,0.167336,0.177453,0
0.0296542,0.162027,0.126864,0
0.0862645,0.159908,0.154988,0
0.0215338,0.0767265,0.199816,0
0.109276,0.0650838,0.202622,0
0.0468198,0.118861,0.208632,0
0.0939318,0.13978,0.221401,0
0.093272,0.147976,0.161652,0
0.0419732,0.216823,0.202773,0
0.0588794,0.1743,0.144042,0
0.0114836,0.126633,0.20619,0
0.0185838,0.218976,0.197073,0
0.0618839,0.20178,0.13689,0
0.001513,0.191026,0.19345,0
0.0144554,0.155237,0.21148,0
0.101829,0.118015,0.18735,0
0.106796,0.138906,0.152395,0
0.0500549,0.121758,0.174991,0
0.10918,0.195178,0.218434,0
0.101695,0.108806,0.196231,0
0.0987676,0.167796,0.185139,0
0.0168723,0.018725,0.180663,0
0.00853916,0.0260961,0.189827,0
0.0162261,0.0297877,0.174674,0
0.0624921,0.0338009,0.219758,0
0.0900725,0.0529287,0.218805,0
0.0972577,0.0467425,0.190829,0
0.0425329,0.0845577,0.198153,0
0.0417898,0.0624491,0.198615,0
0.0729965,0.0790302,0.148734,0
0.0760392,0.0881459,0.167326,0
0.107191,0.004075,0.20681,0
0.0317526,0.0422162,0.220509,0
0.089934,0.0850098,0.151503,0
0.0634435,0.164659,0.159548,0
0.0396311,0.0957378,0.181037,0
0.0337371,0.0345743,0.153681,0
0.112466,0.122659,0.151541,0
0.0553343,0.0569061,0.150791,0
0.0892704,0.117306,0.18216,0
0.00391752,0.056106,0.168401,0
0.0685463,0.18314,0.201879,0
0.0167583,0.064466,0.212145,0
0.100968,0.097694,0.155733,0
0.0191295,0.104216,0.204687,0
0.000156343,0.134218,0.17988,0
0.0171685,0.119812,0.208414,0
0.0268938,0.113425,0.125162,0
0.0720523,0.00662101,0.175546,0
0.0847683,0.213581,0.18878,0
0.0099754,0.201843,0.15024,0
0.0389838,0.0596649,0.217814,0
0.009243,0.0460709,0.16078,0
0.0876641,0.116554,0.197348,0
0.0652775,0.202718,0.155763,0
0.111989,0.0201313,0.21063,0
0.000996997,0.0872272,0.196967,0
0.10932,0.155611,0.146017,0
0.0305187,0.140435,0.185835,0
0.000554227,0.101922,0.186384,0
0.0220311,0.0943366,0.169497,0
0.0803555,0.213681,0.188882,0
0.0514463,0.0371084,0.195534,0
0.0665789,0.0109959,0.130376,0
0.0390861,0.102221,0.184607,0
0.0488397,0.162691,0.147117,0
0.0303137,0.169888,0.220566,0
0.00798458,0.000145622,0.139393,0
0.0354271,0.10463,0.208282,0
0.0565968,0.177789,0.208377,0
0.0221047,0.153465,0.16198,0
0.0373365,0.0823006,0.185969,0
0.0157924,0.178644,0.138327,0
0.0831763,0.186804,0.147262,0
0.00577442,0.141496,0.144773,0
0.0627156,0.019408,0.175488,0
0.0197588,0.0959108,0.167329,0
0.113368,0.0452951,0.131741,0
0.0826612,0.012913,0.151036,0
0.0873248,0.0923583,0.200544,0
0.0780883,0.12158,0.206097,0
0.101764,0.0821459,0.207251,0
0.00535312,0.0641068,0.18729,0
0.0421977,0.120074,0.216822,0
0.0678667,0.000266108,0.133746,0
0.0400077,0.0942521,0.187226,0
0.0990942,0.117877,0.201114,0
0.0456423,0.184768,0.124989,0
0.0195772,0.174082,0.12556,0
0.113936,0.103154,0.200459,0
0.114419,0.090462,0.199999,0
0.165884,0.183709,0.0734515,1
0.215242,0.213291,0.0163307,1
0.19759,0.149304,0.0586073,1
0.167133,0.174756,0.0289506,1
0.169176,0.187441,0.074825,1
0.167238,0.187147,0.0762881,1
0.21056,0.164443,0.0271667,1
0.148184,0.135462,0.0745938,1
0.199001,0.129957,0.0329941,1
0.143304,0.222089,0.0146049,1
0.17497,0.165881,0.016312,1
0.207799,0.168797,0.0024527,1
0.157946,0.135734,0.0451293,1
0.21831,0.162488,0.0318021,1
0.191918,0.217071,0.0249665,1
0.169653,0.188582,0.0742376,1
0.16927,0.182746,0.0701281,1
0.154475,0.0602753,0.0576863,1
0.146622,0.0412158,0.0701811,1
0.210749,0.0137399,0.0554524,1
0.161565,0.190906,0.0781403,1
0.162122,0.187532,0.0747179,1
0.169258,0.151709,0.00512669,1
0.220155,0.212037,0.00414203,1
0.131838,0.218245,0.0621768,1
0.162065,0.184565,0.0748286,1
0.162277,0.184892,0.0725882,1
0.135622,0.00205784,0.0482059,1
0.166577,0.184722,0.0773147,1
0.19684,0.217273,0.0692867,1
0.143856,0.0157201,0.0550261,1
0.172845,0.187965,0.0749203,1
0.180769,0.114761,0.0402975,1
0.164557,0.186986,0.0784616,1
0.165744,0.190012,0.0764922,1
0.183536,0.0357794,0.0726626,1
0.14829,0.0392425,0.0776525,1
0.171002,0.104792,0.0331842,1
0.223351,0.0722077,0.0704094,1
0.15998,0.0804848,0.0441255,1
0.143859,0.0263795,0.045539,1
0.13579,0.0806483,0.0113648,1
0.125193,0.0230144,0.00204667,1
0.167582,0.184597,0.072012,1
0.222935,0.0365916,0.0770742,1
0.161644,0.0724455,0.0131665,1
0.14992,0.176097,0.0346458,1
0.149293,0.154991,0.047413,1
0.204955,0.113317,0.0681479,1
0.171252,0.186716,0.0708835,1
0.205183,0.0506765,0.0258387,1
0.162866,0.183747,0.0762429,1
0.182789,0.140891,0.00538644,1
0.213786,0.069281,0.0398218,1
0.117079,0.127436,0.0722786,1
0.220067,0.165891,0.0584043,1
0.202337,0.0734426,0.0440667,1
0.167226,0.190069,0.0722651,1
0.169842,0.1047,0.0654595,1
0.17002,0.161974,0.0373867,1
0.168623,0.0598334,0.0358541,1
0.163032,0.00858825,0.0783049,1
0.16478,0.184506,0.0744312,1
0.217822,0.11287,0.0573931,1
0.167599,0.181574,0.0729904,1
0.168529,0.183494,0.0711918,1
0.125353,0.125307,0.00422885,1
0.194741,0.175781,0.0225484,1
0.163244,0.181309,0.0715493,1
0.158024,0.0344604,0.0198767,1
0.177872,0.130142,0.0783997,1
0.125299,0.0901975,0.0355019,1
0.165721,0.187896,0.0744935,1
0.220682,0.00681677,0.0210021,1
0.170702,0.18724,0.0724309,1
0.129053,0.0103297,0.00195504,1
0.170833,0.181998,0.0763136,1
0.178403,0.15733,0.0359192,1
0.165925,0.00648593,0.00294973,1
0.166421,0.191483,0.0752357,1
0.154212,0.0800878,0.00813009,1
0.148106,0.20234,0.0465787,1
0.124367,0.0853647,0.00759011,1
0.166793,0.183254,0.0751488,1
0.196865,0.0565041,0.0391519,1
0.20179,0.166006,0.000283997,1
0.139759,0.223134,0.0290826,1
0.148603,0.0221539,0.0230124,1
0.169927,0.186341,0.0789216,1
0.170139,0.185242,0.0775364,1
0.169588,0.180684,0.0720676,1
0.172047,0.182394,0.0754518,1
0.128002,0.201657,0.0408118,1
0.173924,0.191186,0.0753716,1
0.219241,0.0831949,0.0307138,1
0.126601,0.0266368,0.0415145,1
0.147096,0.139842,0.0384693,1
0.182511,0.210535,0.0386311,1
0.191893,0.137998,0.0425901,1
0.221591,0.169005,0.0616435,1
0.166576,0.190857,0.0760453,1
0.137536,0.00326203,0.0628211,1
0.120829,0.213151,0.0597169,1
0.171006,0.183516,0.0775025,1
0.164896,0.181968,0.07818,1
0.165502,0.188274,0.0716527,1
0.118396,0.0400138,0.0499379,1
0.165997,0.182138,0.0770481,1
0.193529,0.123788,0.0735139,1
0.166858,0.187206,0.0753133,1
0.173641,0.188153,0.0775597,1
0.191856,0.213858,0.0333778,1
0.163817,0.182278,0.0702565,1
0.177814,0.147453,0.0160302,1
0.164338,0.187012,0.0715638,1
0.19135,0.213711,0.0658038,1
0.167138,0.190277,0.0731923,1
0.161516,0.188785,0.0733608,1
0.167555,0.183958,0.0712211,1
0.162539,0.189603,0.0671341,1
0.206761,0.0593284,0.0299209,1
0.168273,0.186019,0.0763588,1
0.163202,0.186587,0.0784393,1
0.186908,0.0484135,0.103708,2
0.156286,0.00338339,0.112168,2
0.170561,0.109705,0.0794251,2
0.145045,0.0758581,0.0903669,2
0.212663,0.0767702,0.0980381,2
0.139757,0.0589704,0.0937561,2
0.21726,0.0603052,0.114495,2
0.203455,0.0669949,0.0821002,2
0.188785,0.0667663,0.107405,2
0.151981,0.0120627,0.0890804,2
0.187313,0.0478069,0.104459,2
0.22015,0.142575,0.12841,2
0.170061,0.0308959,0.0891493,2
0.183947,0.0199976,0.0931794,2
0.141503,0.0399575,0.0826545,2
0.216852,0.143074,0.216241,2
0.132146,0.172218,0.154578,2
0.131035,0.014479,0.11634,2
0.19241,0.0730078,0.107875,2
0.150522,0.133717,0.210184,2
0.157097,0.0799757,0.105047,2
0.153772,0.00907975,0.11208,2
0.115791,0.206897,0.0908146,2
0.168762,0.0452519,0.118839,2
0.21833,0.118452,0.142018,2
0.124925,0.214667,0.0870014,2
0.192134,0.135521,0.143585,2
0.138087,0.152076,0.172159,2
0.218885,0.216052,0.0816302,2
0.219581,0.0105898,0.0809554,2
0.185547,0.167325,0.110121,2
0.188252,0.114853,0.209671,2
0.122486,0.13411,0.0834071,2
0.17453,0.217153,0.0861652,2
0.179057,0.127038,0.116711,2
0.119837,0.104843,0.132167,2
0.164903,0.119312,0.141444,2
0.153552,0.121892,0.183072,2
0.145813,0.0644287,0.0796041,2
0.181414,0.114473,0.146935,2
0.209642,0.119431,0.155767,2
0.181793,0.0668189,0.205312,2
0.12378,0.202262,0.142629,2
0.222279,0.147419,0.221274,2
0.145531,0.209361,0.0943525,2
0.143736,0.10845,0.172666,2
0.168018,0.185971,0.0792471,2
0.120088,0.12678,0.221084,2
0.125361,0.119488,0.204657,2
0.126549,0.20182,0.214563,2
0.158289,0.174505,0.170897,2
0.213684,0.0809348,0.168136,2
0.211504,0.0540301,0.0834854,2
0.123891,0.180074,0.197989,2
0.166336,0.075331,0.223437,2
0.117437,0.155137,0.220644,2
0.158703,0.0173108,0.176503,2
0.218615,0.142814,0.221956,2
0.168677,0.0227095,0.20348,2
0.14293,0.211746,0.0950379,2
0.224965,0.149536,0.15734,2
0.186526,0.150326,0.107377,2
0.143547,0.0630559,0.182889,2
0.163221,0.19657,0.221647,2
0.15303,0.0149666,0.145684,2
0.119367,0.0858137,0.161191,2
0.118091,0.18445,0.202985,2
0.151883,0.180562,0.200227,2
0.126496,0.0386495,0.168901,2
0.179893,0.177152,0.138082,2
0.169562,0.085511,0.141881,2
0.21363,0.163852,0.187712,2
0.172294,0.199056,0.180745,2
0.217906,0.137174,0.13141,2
0.183209,0.0710492,0.146274,2
0.159907,0.168105,0.157716,2
0.13341,0.00895215,0.222551,2
0.134803,0.111631,0.187104,2
0.188159,0.0128965,0.19526,2
0.121889,0.159779,0.224183,2
0.210956,0.0314999,0.185691,2
0.219771,0.0801287,0.178722,2
0.13007,0.0876143,0.202075,2
0.20042,0.0656794,0.180793,2
0.17856,0.00579647,0.21223,2
0.135481,0.0848573,0.181587,2
0.206499,0.109164,0.140508,2
0.200628,0.108743,0.155929,2
0.182088,0.0909387,0.205316,2
0.133371,0.0435066,0.211847,2
0.213322,0.102766,0.1512,2
0.119995,0.122179,0.161593,2
0.160834,0.00812619,0.14095,2
0.16092,0.0508608,0.162992,2
0.143879,0.151613,0.206898,2
0.199115,0.00452992,0.210021,2
0.223437,0.0210437,0.216106,2
0.221009,0.153966,0.144946,2
0.131571,0.1048,0.15041,2
0.214875,0.0733105,0.159264,2
0.163552,0.0939186,0.166222,2
0.165082,0.0547657,0.140403,2
0.220114,0.0156914,0.208857,2
0.135364,0.196893,0.159833,2
0.19995,0.221779,0.166882,2
0.16479,0.0502497,0.173771,2
0.224905,0.224066,0.199009,2
0.164179,0.00661788,0.142947,2
0.219167,0.0145565,0.20559,2
0.193846,0.0922159,0.147035,2
0.116558,0.157363,0.157081,2
0.175596,0.222447,0.196495,2
0.178291,0.0579416,0.176545,2
0.211233,0.175935,0.1305,2
0.186447,0.215916,0.0831307,2
0.168713,0.17892,0.106836,2
0.206426,0.196068,0.152505,2
0.200205,0.184967,0.150524,2
0.178271,0.159676,0.186745,2
0.170015,0.217811,0.121519,2
0.207732,0.0349802,0.120949,2
0.143965,0.0638527,0.119941,2
0.205644,0.00947649,0.185589,2
0.122521,0.171822,0.154746,2
0.116513,0.050367,0.133093,2
0.116496,0.0619289,0.0999474,2
0.160349,0.186922,0.0810225,2
0.118564,0.117147,0.168702,2
0.164479,0.186073,0.0801703,2
0.115663,0.0375725,0.122275,2
0.17912,0.0850935,0.0793486,2
0.0834637,0.0099907,0.122818,3
0.096548,0.0965425,0.107117,3
0.108612,0.0209676,0.113282,3
0.00221181,0.17913,0.103897,3
0.0632096,0.145181,0.0878579,3
0.0468483,0.176189,0.0998753,3
0.0744543,0.113282,0.0302789,3
0.0267656,0.110291,0.0366381,3
0.0855684,0.153567,0.101391,3
0.0219342,0.125688,0.0950388,3
0.109318,0.113906,0.116258,3
0.01294,0.0863425,0.0881547,3
0.0901105,0.182439,0.105246,3
0.0557153,0.131329,0.104663,3
0.0924498,0.133255,0.105854,3
0.101263,0.114688,0.0965813,3
0.0800077,0.0619321,0.00265922,3
0.110597,0.000398464,0.0673636,3
0.0439055,0.0426704,0.0786864,3
0.0537533,0.19742,0.0992556,3
0.00464813,0.0112734,0.104948,3
0.011806,0.153531,0.100261,3
0.0909519,0.0294166,0.0486469,3
0.0948719,0.195784,0.121352,3
0.0124571,0.200569,0.114627,3
0.0486988,0.206689,0.0931753,3
0.0960855,0.159875,0.105282,3
0.089054,0.0972399,0.11699,3
0.00856697,0.103858,0.0320649,3
0.0742044,0.0460897,0.0541148,3
0.0520395,0.0816928,0.0768449,3
0.0515862,0.125052,0.00917816,3
0.114159,0.102521,0.0832245,3
0.0622891,0.115311,0.048058,3
0.051044,0.127463,0.00126464,3
0.038262,0.174993,0.0688235,3
0.0130448,0.0837633,0.0889407,3
0.0467875,0.174747,0.0471033,3
0.0141642,0.184202,0.00746431,3
0.0978466,0.190251,0.0783679,3
0.0550937,0.157552,0.0142299,3
0.0758976,0.11656,0.0579483,3
0.06098,0.208707,0.0436614,3
0.0371393,0.0829371,0.0491029,3
0.0956962,0.0731495,0.111296,3
0.0627593,0.0456355,0.0241622,3
0.0198712,0.205043,0.0465704,3
0.0592169,0.20467,0.0538396,3
0.000861019,0.1776,0.0283374,3
0.0816633,0.14246,0.00417568,3
0.0800394,0.107831,0.0957937,3
0.0888761,0.122647,0.0463274,3
0.0887496,0.190523,0.0465362,3
0.0309712,0.196697,0.0130721,3
0.0178281,0.00833116,0.0539881,3
0.110226,0.00115706,0.0608412,3
0.0202519,0.0800307,0.0842754,3
0.0577834,0.0806535,0.0662882,3
0.0117598,0.0175277,0.0571899,3
0.0422763,0.138469,0.00717442,3
0.0719819,0.0356746,0.00921182,3
0.103618,0.222884,0.0778652,3
0.0448385,0.141243,0.0357554,3
0.0828307,0.00390802,0.0847021,3
0.0630173,0.111298,0.0125088,3
0.052731,0.0632998,0.0881953,3
0.0182098,0.141135,0.000380408,3
0.0843824,0.0828672,0.0684272,3
0.0748776,0.0997474,0.00302622,3
0.0638932,0.00365819,0.0905481,3
0.0532918,0.129938,0.075388,3
0.11168,0.169836,0.00315496,3
0.103771,0.0658883,0.0181317,3
0.0352205,0.145963,0.0531996,3
0.0523472,0.218251,0.0223304,3
0.109257,0.00224078,0.0208487,3
0.0138273,0.00514146,0.0260148,3
0.108995,0.0281878,0.0578549,3
0.0472034,0.175956,0.00153095,3
0.063478,0.0246672,0.0759621,3
0.078706,0.130548,0.0172583,3
0.111332,0.00589217,0.00555533,3
0.103675,0.00629844,0.023831,3
0.0671774,0.165197,0.0640017,3
0.0156243,0.0348876,0.0748896,3
0.0429818,0.0326928,0.0942945,3
0.111328,0.18303,0.0704358,3
0.0136771,0.0774767,0.08285,3
0.00706771,0.0721261,0.020307,3
0.058071,0.0762056,0.0420812,3
0.0336692,0.18901,0.0224913,3
0.0934152,0.00908836,0.0618308,3
0.0752145,0.0212594,0.0394937,3
0.0456163,0.104648,0.106469,3
0.0256817,0.052808,0.0850282,3
0.0178343,0.0310497,0.11135,3
0.0148832,0.108976,0.108792,3
0.068,0.215999,0.0458912,3
0.011351,0.180952,0.0489349,3
0.000826423,0.0322642,0.0783671,3
0.0165392,0.0675346,0.0606977,3
0.110497,0.124895,0.0508079,3
0.103237,0.197923,0.0327465,3
0.094436,0.170798,0.0420175,3
0.076984,0.113725,0.092561,3
0.0808221,0.00232371,0.103352,3
0.0473663,0.0616988,0.0994493,3
0.0183625,0.199235,0.00243191,3
0.0773979,0.220816,0.0464821,3
0.113346,0.109461,0.0898793,3
0.0494458,0.0498408,0.11996,3
0.0538512,0.0474386,0.0392842,3
0.0737195,0.0924577,0.0480594,3
0.0340298,0.112324,0.0820816,3
0.00632498,0.0877079,0.071601,3
0.110611,0.0425109,0.123493,3
0.0740674,0.109934,0.121652,3
0.0871162,0.0581167,0.0485249,3
0.067648,0.00276627,0.0832743,3
