x coord,y coord,z coord,rank
0.19731,0.049264,0.0986701,0
0.0209062,0.0182052,0.0889062,0
0.13459,0.0122352,0.0700384,0
0.10379,0.0781656,0.0185196,0
0.205003,0.03563,0.00316866,0
0.0171466,0.0412199,0.0512719,0
0.0557287,0.0356549,0.0642289,0
0.158934,0.0511625,0.0667222,0
0.097549,0.0476629,0.0426983,0
0.0195552,0.0529953,0.02884,0
0.202453,0.0494486,0.0957017,0
0.197319,0.0788923,0.0583533,0
0.128197,0.05033,0.0536579,0
0.131671,0.0920952,0.0266354,0
0.20012,0.0896879,0.0204582,0
0.0234825,0.0365411,0.0651881,0
0.0912699,0.0518242,0.0850885,0
0.0351017,0.0112626,0.00993266,0
0.0476843,0.094225,0.0412229,0
0.154834,0.077601,0.000512068,0
0.0719063,0.0482333,0.0694807,0
0.0481613,0.0258509,0.0219772,0
0.180332,0.074044,0.00439809,0
0.111774,0.0936006,0.0025804,0
0.146163,0.0758989,0.0606392,0
0.12328,0.0463351,0.0056844,0
0.166825,0.0881738,0.0453026,0
0.0172726,0.0397254,0.0150775,0
0.218628,0.0873298,0.000641379,0
0.210987,0.0884217,0.0722497,0
0.18387,0.0706933,0.0949,0
0.197105,0.0468602,0.0969345,0
0.214938,0.0242577,0.0757069,0
0.0201913,0.00780453,0.0521524,0
0.193925,0.0886131,0.0490828,0
0.158933,0.000667264,0.0436883,0
0.00922053,0.0333158,0.077299,0
0.171026,0.0869663,0.0885086,0
0.123524,0.0458965,0.0310098,0
0.185867,0.0877679,0.0962316,0
0.152912,0.0434243,0.0104107,0
0.115271,0.085133,0.0214137,0
0.102403,0.0946074,0.0594297,0
0.203568,0.0493391,0.0995759,0
0.0394792,0.0716732,0.0370137,0
0.194618,0.0106155,0.0567627,0
0.0771879,0.0684821,0.0750373,0
0.0107896,0.094,0.0847098,0
0.0253963,0.0548978,0.0297083,0
0.130108,0.0703225,0.0985365,0
0.0588152,0.00362511,0.063061,0
0.0626751,0.0787748,0.0115793,0
0.197811,0.04298,0.0860219,0
0.0810341,0.0302376,0.042682,0
0.164892,0.0410299,0.0625939,0
0.127493,0.0750941,0.0789359,0
0.151993,0.0278123,0.0553639,0
0.208513,0.0481743,0.0831827,0
0.213626,0.0444964,0.00208258,0
0.0647686,0.0169031,0.0626206,0
0.011793,0.00254517,0.0965457,0
0.0737888,0.0374385,0.0648718,0
0.0970538,0.0262176,0.0090545,0
0.0681823,0.0568083,0.03533,0
0.0277005,0.0309502,0.0977041,0
0.088912,0.00205154,0.0965037,0
0.184624,0.021839,0.0285909,0
0.0618352,0.0358751,0.0610335,0
0.016437,0.0371144,0.0152043,0
0.0751151,0.0175543,0.0329996,0
0.0774582,0.0152739,0.0307581,0
0.134347,0.00282671,0.0273557,0
0.0227992,0.084631,0.0270811,0
0.018684,0.0135584,0.0861775,0
0.21968,0.0502456,0.00255967,0
0.0895608,0.0357382,0.0953781,0
0.201458,0.0487307,0.0990004,0
0.197814,0.050467,0.0968838,0
0.114205,0.0241121,0.0644657,0
0.062838,0.0819687,0.0708372,0
0.167701,0.0452143,0.0820803,0
0.183072,0.0450165,0.0766315,0
0.197998,0.0466386,0.0969531,0
0.187459,0.0371527,0.0783355,0
0.224411,0.0198643,0.0515186,0
0.201269,0.0438372,0.0959617,0
0.201696,0.0548136,0.0974925,0
0.191071,0.0796411,0.030614,0
0.201106,0.0449644,0.0966775,0
0.204109,0.0464349,0.0982882,0
0.110554,0.0281785,0.0948743,0
0.201426,0.0509906,0.0990504,0
0.202821,0.0528086,0.0989689,0
0.209427,0.0254449,0.0635341,0
0.0372768,0.0852582,0.0978651,0
0.197208,0.0453486,0.0992384,0
0.189138,0.0811585,0.0936378,0
0.0267683,0.0259336,0.0747405,0
0.188507,0.0758166,0.0473073,0
0.205171,0.0489546,0.0983554,0
0.171954,0.0877047,0.00848673,0
0.202245,0.0454939,0.0987993,0
0.133328,0.0122936,0.0601458,0
0.198304,0.0442105,0.0969646,0
0.20038,0.0499154,0.0977762,0
0.200956,0.0125245,0.0891817,0
0.202592,0.042813,0.0965449,0
0.0558918,0.0852083,0.0599918,0
0.198166,0.045427,0.0996601,0
0.198824,0.0462281,0.0961055,0
0.210152,0.0663879,0.0476474,0
0.20234,0.0422019,0.0976365,0
0.110827,0.0828849,0.0608041,0
0.206977,0.0508167,0.0987054,0
0.181937,0.0407963,0.0965041,0
0.204285,0.0482112,0.0987848,0
0.0349948,0.0938385,0.0240216,0
0.191004,0.0324366,0.0990737,0
0.199051,0.045041,0.098919,0
0.125075,0.200225,0.218239,1
0.101015,0.209034,0.102271,1
0.0873583,0.160523,0.128785,1
0.094968,0.20002,0.2116,1
0.0577015,0.16489,0.131886,1
0.0827099,0.219945,0.177399,1
0.0549106,0.1197,0.141209,1
0.133387,0.124218,0.207808,1
0.14255,0.168513,0.222416,1
0.088459,0.172029,0.224905,1
0.0729072,0.21736,0.183804,1
0.00809075,0.200521,0.138409,1
0.119074,0.183858,0.12019,1
0.125166,0.124267,0.15536,1
0.0342189,0.21915,0.195664,1
0.0566383,0.221573,0.147113,1
0.0403134,0.197946,0.133776,1
0.134951,0.143012,0.164552,1
0.0993582,0.119428,0.194003,1
0.204698,0.165127,0.177843,1
0.161187,0.137112,0.196775,1
0.130515,0.187275,0.116259,1
0.123406,0.140032,0.179796,1
0.0342777,0.163145,0.206985,1
0.217159,0.150555,0.162267,1
0.116304,0.202047,0.17119,1
0.110033,0.154548,0.158072,1
0.0832611,0.181915,0.209037,1
0.184197,0.192851,0.153962,1
0.0125168,0.147476,0.220186,1
0.203531,0.199893,0.21379,1
0.0684058,0.178143,0.169158,1
0.213885,0.205401,0.196868,1
0.168954,0.178182,0.15953,1
0.152804,0.210342,0.173978,1
0.0822419,0.222202,0.149636,1
0.0535418,0.169776,0.163966,1
0.172673,0.203877,0.197071,1
0.0585076,0.193156,0.146333,1
0.107204,0.18172,0.192782,1
0.153188,0.126826,0.178086,1
0.0135312,0.180643,0.151614,1
0.0680903,0.204256,0.171846,1
0.164828,0.204352,0.206601,1
0.134822,0.181212,0.145724,1
0.203762,0.126613,0.134608,1
0.177263,0.208532,0.107047,1
0.0243533,0.124989,0.217075,1
0.0466077,0.15424,0.128882,1
0.165506,0.168344,0.108511,1
0.00490582,0.125719,0.166884,1
0.154459,0.120124,0.211415,1
0.188369,0.134507,0.120893,1
0.110613,0.215756,0.125691,1
0.0919176,0.18446,0.155215,1
0.0575999,0.157633,0.177736,1
0.0281342,0.120521,0.146312,1
0.137075,0.129614,0.224417,1
0.11825,0.186695,0.116784,1
0.091986,0.159258,0.195152,1
0.106088,0.209607,0.155348,1
0.190795,0.124785,0.204678,1
0.143611,0.153122,0.162323,1
0.133425,0.152113,0.19656,1
3.66416e-05,0.181392,0.198694,1
0.131793,0.202358,0.210681,1
0.138755,0.141131,0.211926,1
0.121755,0.157548,0.207402,1
0.105637,0.200827,0.208129,1
0.135669,0.176203,0.15674,1
0.208511,0.169578,0.19166,1
0.221521,0.12783,0.177009,1
0.0477849,0.178097,0.152361,1
0.199469,0.134201,0.213354,1
0.071112,0.134632,0.20844,1
0.0671003,0.168149,0.224118,1
0.0835777,0.181181,0.212082,1
0.214914,0.16638,0.173394,1
0.0707756,0.140276,0.157971,1
0.159185,0.133534,0.204724,1
0.187678,0.160438,0.150497,1
0.152848,0.185922,0.20076,1
0.107028,0.215076,0.122189,1
0.0618404,0.14767,0.208303,1
0.0101283,0.217709,0.173662,1
0.13219,0.174073,0.185096,1
0.0906213,0.160531,0.14324,1
0.063136,0.193063,0.103663,1
0.0017145,0.198568,0.204717,1
0.188479,0.144101,0.175082,1
0.0552509,0.186604,0.146607,1
0.0976538,0.196327,0.123828,1
0.170006,0.176627,0.102014,1
0.156814,0.188248,0.174504,1
0.177508,0.195103,0.103761,1
0.0593475,0.170949,0.214432,1
0.138527,0.164451,0.16755,1
0.0101502,0.153986,0.19992,1
0.0618768,0.146422,0.184904,1
0.17596,0.166581,0.189695,1
0.167537,0.123052,0.141134,1
0.0765636,0.207774,0.162989,1
0.202153,0.122475,0.216201,1
0.115921,0.181395,0.158813,1
0.0200789,0.157123,0.176035,1
0.210409,0.126977,0.21157,1
0.137251,0.219881,0.157881,1
0.194083,0.204049,0.219042,1
0.043232,0.135918,0.14364,1
0.144505,0.145724,0.195819,1
0.210329,0.19997,0.113629,1
0.212504,0.200442,0.160849,1
0.183062,0.127107,0.150738,1
0.135356,0.223371,0.105529,1
0.0607216,0.149189,0.132617,1
0.189984,0.130627,0.13769,1
0.0464044,0.215184,0.197482,1
0.169433,0.124529,0.159199,1
0.0563477,0.141328,0.202805,1
0.0551866,0.131312,0.121757,1
0.220224,0.204012,0.149593,1
0.181815,0.162628,0.126608,1
0.164833,0.169391,0.201546,1
0.196913,0.134699,0.110136,1
0.205897,0.130489,0.158728,1
0.171616,0.0056293,0.211964,2
0.116981,0.113089,0.101736,2
0.147754,0.066658,0.137996,2
0.0389014,0.0797937,0.107452,2
0.167947,0.062958,0.144411,2
0.207654,0.0595386,0.194202,2
0.178976,0.086265,0.199533,2
0.215788,0.0972075,0.138909,2
0.201192,0.0486182,0.104572,2
0.214637,0.0863366,0.102204,2
0.0528542,0.0946935,0.215127,2
0.0205387,0.0757709,0.122713,2
0.180352,0.10039,0.12709,2
0.143012,0.110902,0.103132,2
0.0253214,0.0379931,0.161774,2
0.0428158,0.0119855,0.110657,2
0.0350198,0.0490477,0.150423,2
0.211624,0.110638,0.223832,2
0.0385857,0.0627505,0.193199,2
0.10561,0.0479306,0.147189,2
0.0811324,0.0103642,0.1352,2
0.0959626,0.047886,0.16818,2
0.118106,0.0611137,0.136,2
0.0498393,0.0530044,0.175718,2
0.0328997,0.0820427,0.150531,2
0.0947642,0.0959987,0.194528,2
0.02085,0.092531,0.199818,2
0.202557,0.00284068,0.214087,2
0.123088,0.0301335,0.155426,2
0.15721,0.0622003,0.205171,2
0.202614,0.0475835,0.102565,2
0.182198,0.00980065,0.138732,2
0.104446,0.103571,0.124981,2
0.00327212,0.0866166,0.179101,2
0.159371,0.111025,0.190919,2
0.0712768,0.0457166,0.144684,2
0.00908049,0.0220264,0.156928,2
0.019261,0.0736394,0.177012,2
0.14453,0.0281519,0.176834,2
0.147578,0.000168987,0.121078,2
0.0669241,0.0721318,0.166138,2
0.144575,0.0911474,0.179683,2
0.0786308,0.0622445,0.159651,2
0.106955,0.0479287,0.102884,2
0.194167,0.0680306,0.19615,2
0.178294,0.115837,0.122271,2
0.147177,0.0587868,0.146058,2
0.0521339,0.00624853,0.111516,2
0.204264,0.11208,0.17161,2
0.0496583,0.0998367,0.166622,2
0.0208419,0.101673,0.154642,2
0.163896,0.0311391,0.213949,2
0.00572471,0.00504242,0.140822,2
0.139376,0.00511002,0.20084,2
0.206594,0.0634223,0.114366,2
0.0895703,0.0692325,0.147336,2
0.0175958,0.0827801,0.184936,2
0.210624,0.00239548,0.199871,2
0.214051,0.00578644,0.149406,2
0.155511,0.064013,0.10289,2
0.151761,0.0776455,0.119771,2
0.0601629,0.0187299,0.216443,2
0.197852,0.00781692,0.179548,2
0.0949111,0.0811104,0.122782,2
0.094735,0.0511932,0.135494,2
0.139051,0.041624,0.166063,2
0.126319,0.0194945,0.203222,2
0.0684659,0.0300011,0.157392,2
0.000365022,0.0563748,0.177529,2
0.192266,0.0650597,0.204275,2
0.208179,0.093411,0.158812,2
0.085679,0.0673178,0.212669,2
0.0991227,0.0272375,0.165974,2
0.112061,0.012265,0.130034,2
0.0548543,0.0185622,0.113224,2
0.190679,0.102836,0.159956,2
0.216398,0.00487071,0.190476,2
0.104631,0.0114825,0.128961,2
0.136273,0.0481918,0.146038,2
0.0152451,0.0680654,0.200157,2
0.153892,0.0861605,0.194099,2
0.20129,0.0461419,0.104279,2
0.134122,0.00266718,0.139454,2
0.203862,0.00252291,0.199083,2
0.0832336,0.0962207,0.144693,2
0.176196,0.0284586,0.218016,2
0.114219,0.105861,0.143689,2
0.195633,0.0227646,0.164747,2
0.162012,0.0909018,0.161811,2
0.196268,0.0456739,0.100711,2
0.191818,0.0629248,0.188648,2
0.0371792,0.039243,0.197755,2
0.200577,0.0990631,0.200875,2
0.219873,0.0378846,0.185629,2
0.0956449,0.0152801,0.186139,2
0.10616,0.0732941,0.128544,2
0.108657,0.0406314,0.128324,2
0.0492679,0.0706118,0.108916,2
0.137528,0.0514166,0.193635,2
0.202187,0.0497148,0.101467,2
0.0484734,0.0942734,0.112868,2
0.169183,0.0801134,0.176238,2
0.0845207,0.0849117,0.2062,2
0.0656366,0.0776982,0.217485,2
0.183737,0.0679516,0.212384,2
0.133332,0.069174,0.161346,2
0.085052,0.0130381,0.183342,2
0.211304,0.0865577,0.220808,2
0.22362,0.0530748,0.20214,2
0.186133,0.0571112,0.134451,2
0.200953,0.0429472,0.10202,2
0.212668,0.0765593,0.157177,2
0.217579,0.0534444,0.160169,2
0.185148,0.0278966,0.190298,2
0.162846,0.0813406,0.11734,2
0.154979,0.0185828,0.114888,2
0.134299,0.000562052,0.194611,2
0.145848,0.0205451,0.179857,2
0.206285,0.0213689,0.18804,2
0.0702769,0.0928961,0.146676,2
0.180454,0.0197291,0.163865,2
0.222593,0.0335388,0.14545,2
0.00211498,0.0365092,0.104243,2
0.201568,0.0641408,0.113359,2
0.203358,0.0437992,0.100432,2
0.200593,0.0423907,0.100809,2
0.0962277,0.08961,0.117398,2
0.202832,0.0468617,0.100414,2
0.204005,0.0455218,0.101192,2
0.0404546,0.114178,0.169629,2
0.200711,0.0479918,0.101071,2
0.206645,0.043213,0.101465,2
0.000568463,0.0764933,0.101198,2
0.185125,0.0952568,0.0929058,3
0.213323,0.188943,0.0848811,3
0.162473,0.138376,0.0769933,3
0.191127,0.169645,0.0504778,3
0.135437,0.164424,0.0572735,3
0.123115,0.176437,0.0931333,3
0.191534,0.153076,0.0519805,3
0.173905,0.15836,0.0337666,3
0.131429,0.140738,0.056767,3
0.0114821,0.10551,0.0795867,3
0.131453,0.145734,0.0764582,3
0.0970307,0.179709,0.0146057,3
0.169233,0.197858,0.0467294,3
0.180868,0.194184,0.000195019,3
0.00375171,0.1724,0.0129777,3
0.216471,0.0967067,0.0198963,3
0.144923,0.153192,0.0446429,3
0.0768004,0.149692,0.0279419,3
0.0765927,0.167693,0.00764667,3
0.0220982,0.177737,0.0957367,3
0.0650853,0.204118,0.0426181,3
0.0292157,0.176433,0.0368631,3
0.0669348,0.207817,0.0356117,3
0.0501179,0.129275,0.0962752,3
0.0754769,0.174999,0.0597802,3
0.0214034,0.188571,0.0514192,3
0.0624617,0.156309,0.01269,3
0.217645,0.145172,0.0413314,3
0.0936824,0.170777,0.0391905,3
0.067111,0.210203,0.0256155,3
0.175396,0.112563,0.0641753,3
0.204409,0.212992,0.0692255,3
0.185713,0.119223,0.0323131,3
0.0165394,0.132884,0.0515295,3
0.1608,0.15635,0.0667873,3
0.0513671,0.210533,0.0781837,3
0.128526,0.177192,0.063048,3
0.0325586,0.177038,0.0833057,3
0.158302,0.104529,0.00923875,3
0.0779292,0.207004,0.097323,3
0.152233,0.200588,0.0137742,3
0.062296,0.128326,0.0774808,3
0.154037,0.155427,0.0314575,3
0.115205,0.176548,0.0849193,3
0.171388,0.202746,0.0109392,3
0.0963052,0.120693,0.00483498,3
0.0488713,0.128968,0.0680458,3
0.190976,0.224613,0.0709226,3
0.161151,0.137043,0.0407948,3
0.0477305,0.154552,0.0273951,3
0.0237668,0.110275,0.0760843,3
0.0441324,0.101235,0.0296009,3
0.0668767,0.141575,0.0340281,3
0.0174967,0.135277,0.0975478,3
0.223143,0.113412,0.0872875,3
0.0418608,0.219691,0.0206812,3
0.216505,0.217416,0.0445021,3
0.0341062,0.137374,0.0367179,3
0.207463,0.120177,0.0190101,3
0.14001,0.172673,0.0801302,3
0.209146,0.102139,0.068127,3
0.0966204,0.146552,0.0448652,3
0.141088,0.107768,0.0914018,3
0.170771,0.181275,0.0385449,3
0.0870945,0.113274,0.0203759,3
0.0992384,0.104158,0.0650761,3
0.125245,0.129638,0.0872204,3
0.156359,0.216057,0.0343461,3
0.213703,0.174248,0.0164221,3
0.060322,0.14809,0.0171816,3
0.0853753,0.109463,0.05998,3
0.130316,0.109634,0.0303088,3
0.200219,0.115631,0.0290202,3
0.0956432,0.115652,0.0645883,3
0.171564,0.202057,0.0250944,3
0.0998676,0.122804,0.0257091,3
0.0419621,0.108534,0.0334235,3
0.169219,0.121079,0.0499453,3
0.0223228,0.198042,0.0122661,3
0.0831834,0.17448,0.0318854,3
0.0396905,0.213165,0.0549522,3
0.0848723,0.169694,0.0845744,3
0.00877198,0.210905,0.0781967,3
0.214736,0.182273,0.0295367,3
0.173288,0.159562,0.0762417,3
0.00580387,0.16391,0.0243692,3
0.191068,0.111583,0.011681,3
0.0744655,0.0988699,0.0455546,3
0.147281,0.169242,0.0171805,3
0.155286,0.0975625,0.0142731,3
0.190994,0.169199,0.0477177,3
0.172107,0.102216,0.0431575,3
0.187717,0.215733,0.0124459,3
0.169091,0.207584,0.0776836,3
0.103297,0.178219,0.0971539,3
0.150063,0.10051,0.0506023,3
0.216939,0.160588,0.0266168,3
0.21798,0.161264,0.023231,3
0.189591,0.150444,0.022657,3
0.0859313,0.135991,0.0186522,3
0.20674,0.212503,0.0137608,3
0.142931,0.119628,0.0233604,3
0.0296473,0.180486,0.0208165,3
0.146324,0.111694,0.0740059,3
0.0907508,0.182875,0.0347862,3
0.12747,0.213491,0.0327652,3
0.099069,0.173918,0.0922905,3
0.0504929,0.109456,0.0518227,3
0.162076,0.168919,0.0603561,3
0.202418,0.167107,0.0154978,3
0.0349514,0.107453,0.0844237,3
0.056272,0.180429,0.0310613,3
0.0988762,0.174082,0.0732662,3
0.0528177,0.10148,0.00649012,3
0.165094,0.195351,0.0499761,3
0.218032,0.161484,0.0350227,3
0.20764,0.123312,0.0216011,3
0.184067,0.147635,0.0786844,3
0.17391,0.172742,0.0415427,3
0.0172135,0.102128,0.0734805,3
0.175817,0.148265,0.0734891,3
0.197881,0.169035,0.022284,3
0.112722,0.126661,0.0906259,3
