x coord,y coord,z coord,rank
0.0558349,0.00230284,0.20529,0
0.202133,0.0519187,0.142945,0
0.0638606,0.000913287,0.213855,0
0.109532,0.0588705,0.124005,0
0.0671122,0.0772734,0.124873,0
0.052022,0.0513131,0.189598,0
0.0566041,0.105698,0.119953,0
0.184539,0.0887604,0.204263,0
0.128561,0.00749195,0.12784,0
0.0366318,0.0293192,0.206329,0
0.15163,0.00900026,0.202036,0
0.0731009,0.00974864,0.127314,0
0.101663,0.009449,0.181682,0
0.0626113,0.0291093,0.194634,0
0.0523104,0.0897901,0.142181,0
0.0164859,0.110377,0.16165,0
0.145509,0.0139326,0.159489,0
0.00758446,0.0813333,0.119606,0
0.203272,0.0423893,0.139004,0
0.155084,0.078797,0.14782,0
0.0200703,0.107837,0.146243,0
0.191495,0.00750488,0.149911,0
0.0723014,0.0798661,0.194532,0
0.213799,0.0589179,0.147576,0
0.208081,0.061144,0.196744,0
0.170571,0.066914,0.12763,0
0.175543,0.106344,0.174879,0
0.0409875,0.00515363,0.120285,0
0.200923,0.0613005,0.15149,0
0.217299,0.0614855,0.13678,0
0.220807,0.0688588,0.175741,0
0.149555,0.0958669,0.110462,0
0.0265497,0.0878641,0.168209,0
0.161489,0.0153765,0.210672,0
0.0906598,0.0199268,0.156577,0
0.0840793,0.0824006,0.136724,0
0.204095,0.0440045,0.109507,0
0.129531,0.0608043,0.173536,0
0.0432786,0.0715725,0.142847,0
0.071589,0.098158,0.148156,0
0.123574,0.0480511,0.180295,0
0.119326,0.0464389,0.163735,0
0.145293,0.0893083,0.136214,0
0.220911,0.0205905,0.101546,0
0.00945576,0.086573,0.118938,0
0.0437859,0.0907561,0.119798,0
0.141437,0.0359142,0.218533,0
0.219194,0.0737625,0.151603,0
0.223914,0.0469806,0.195312,0
0.00484735,0.040827,0.158959,0
0.144598,0.0832142,0.200798,0
0.0136149,0.0379835,0.1289,0
0.219793,0.0890995,0.198394,0
0.0513465,0.00583968,0.191977,0
0.050881,0.0518231,0.180408,0
0.0745823,0.00580137,0.20553,0
0.0250977,0.0816827,0.205281,0
0.221454,0.0199599,0.166281,0
0.0910839,0.0956331,0.192541,0
0.0593273,0.0291739,0.204828,0
0.168374,0.00608118,0.160781,0
0.0578163,0.104358,0.116298,0
0.00049877,0.0128894,0.166467,0
0.17886,0.10232,0.135863,0
0.0399521,0.00873352,0.12907,0
0.146663,0.0137416,0.150681,0
0.0333902,0.00537441,0.103939,0
0.157293,0.0327369,0.176181,0
0.0509103,0.0405009,0.168635,0
0.118119,0.070885,0.165843,0
0.132194,0.109352,0.19897,0
0.0116921,0.0533889,0.102128,0
0.125783,0.0571177,0.111183,0
0.0788473,0.109043,0.201805,0
0.153635,0.0410339,0.139726,0
0.0630098,0.0262324,0.168872,0
0.183228,0.0479662,0.140761,0
0.200473,0.0359749,0.211914,0
0.0655259,0.0994727,0.116113,0
0.0102311,0.0922094,0.130769,0
0.0658563,0.0734599,0.16588,0
0.0632297,0.0169616,0.191109,0
0.107001,0.0255142,0.217516,0
0.151295,0.0127535,0.207885,0
0.0603068,0.031591,0.142237,0
0.106351,0.0399306,0.21657,0
0.183598,0.0183949,0.179507,0
0.0573911,0.0393941,0.170739,0
0.136516,0.0876802,0.187499,0
0.0303157,0.0574444,0.197115,0
0.223414,0.0493519,0.10339,0
0.201548,0.0233998,0.167743,0
0.165978,0.0631454,0.191353,0
0.00959096,0.0827551,0.146624,0
0.200267,0.0397626,0.111534,0
0.176041,0.0100536,0.156338,0
0.216307,0.0852,0.221333,0
0.191168,0.100307,0.109285,0
0.178912,0.102711,0.202516,0
0.175278,0.0024808,0.135014,0
0.035318,0.0896898,0.2243,0
0.152632,0.00830705,0.171341,0
0.181297,0.0279933,0.209166,0
0.0817814,0.0582825,0.214619,0
0.122034,0.0962589,0.141914,0
0.0285041,0.0501929,0.127895,0
0.113126,0.101121,0.209094,0
0.0195816,0.10411,0.193339,0
0.0745591,0.0611436,0.110806,0
0.215895,0.0120905,0.127113,0
0.0406672,0.0785495,0.193804,0
0.155028,0.0228414,0.109026,0
0.0269486,0.103911,0.132743,0
0.159595,0.0272613,0.138145,0
0.215605,0.0722974,0.105694,0
0.0537669,0.102735,0.152842,0
0.0878375,0.0875617,0.194485,0
0.0995668,0.0853694,0.162422,0
0.103577,0.105345,0.201627,0
0.0290006,0.0930516,0.213519,0
0.0257326,0.107988,0.103452,0
0.130967,0.110679,0.133892,0
0.145612,0.109247,0.134309,0
0.0820551,0.107851,0.21082,0
0.159143,0.0894673,0.122443,0
0.0268693,0.054564,0.105193,0
0.170701,0.104837,0.221665,0
0.0563188,0.00358293,0.104387,0
0.0423434,0.0164555,0.102828,0
0.191018,0.0761037,0.0894628,1
0.222572,0.0161119,0.0344325,1
0.19673,0.0498761,0.0160163,1
0.192407,0.0508923,0.0196093,1
0.209891,0.0549647,0.00947924,1
0.1915,0.0497424,0.015253,1
0.134969,0.0120259,0.0457994,1
0.151951,0.0149366,0.0395573,1
0.193301,0.0488894,0.0169925,1
0.107368,0.0870274,0.0945107,1
0.0610362,0.0775232,0.0320456,1
0.19427,0.0497025,0.00451759,1
0.142559,0.0586781,0.031028,1
0.0531645,0.043506,0.0164015,1
0.188979,0.0504393,0.0164986,1
0.186132,0.0414361,0.0862018,1
0.175897,0.0105664,0.0133922,1
0.0407275,0.081783,0.00195641,1
0.195096,0.0492149,0.0176027,1
0.191947,0.0540471,0.0155826,1
0.190631,0.0531226,0.015035,1
0.15528,0.0438199,0.0979549,1
0.125489,0.068798,0.0031485,1
0.213472,0.0853785,0.0195187,1
0.146789,0.0551456,0.0232836,1
0.194365,0.0701262,0.00628349,1
0.193029,0.0516076,0.0184624,1
0.00953157,0.0622459,0.0819011,1
0.186638,0.0423322,0.0784058,1
0.0227361,0.0410793,0.0427432,1
0.0708262,0.0143226,0.0317886,1
0.0140286,0.0406352,0.0663885,1
0.130345,0.045331,0.0367093,1
0.07079,0.0833073,0.0649163,1
0.000142451,0.0435544,0.0287187,1
0.18745,0.0468304,0.0164788,1
0.137825,0.0278642,0.0378253,1
0.0947292,0.0363551,0.0101381,1
0.0164041,0.0706281,0.0802157,1
0.192809,0.0479458,0.0186026,1
0.193039,0.0555554,0.01494,1
0.061442,0.0326898,0.0599261,1
0.158534,0.0808287,0.0500627,1
0.171736,0.0777567,0.0983262,1
0.0767189,0.066914,0.0563771,1
0.194285,0.0540463,0.0174926,1
0.212739,0.075577,0.0150116,1
0.191776,0.0519103,0.0208473,1
0.2003,0.0533604,0.0159984,1
0.0118212,0.0713876,0.0626746,1
0.209582,0.0160377,0.0593039,1
0.199823,0.072283,0.0960231,1
0.09679,0.0343678,0.0269165,1
0.200123,0.00218088,0.0885697,1
0.218539,0.054753,0.0453865,1
0.191049,0.0552571,0.015677,1
0.0907501,0.0905261,0.0550175,1
0.190537,0.0538169,0.0200826,1
0.110928,0.00041437,0.039955,1
0.0898758,0.0575099,0.0337943,1
0.157578,0.00636988,0.0276515,1
0.177424,0.0659426,0.0571971,1
0.194577,0.0528986,0.0229939,1
0.192273,0.0516914,0.0192462,1
0.191183,0.0348391,0.0249854,1
0.191243,0.0530689,0.0216196,1
0.0382684,0.000667438,0.0239812,1
0.15758,0.0895926,0.0332905,1
0.0809761,0.00776029,0.0441092,1
0.211984,0.00958541,0.0586867,1
0.192747,0.0505087,0.0173885,1
0.00748438,0.0600125,0.0122631,1
0.192415,0.050867,0.0200522,1
0.0737169,0.0554889,0.00403335,1
0.186094,0.0431103,0.0998976,1
0.0664578,0.0495168,0.0449667,1
0.191683,0.0489134,0.019497,1
0.00794752,0.0688242,0.0955624,1
0.0220336,0.0346443,0.0983162,1
0.188738,0.0553668,0.0174055,1
0.198438,0.0831073,0.0563593,1
0.00793774,0.0839711,0.0682592,1
0.18771,0.0487476,0.0186187,1
0.113601,0.0576582,0.0704411,1
0.0187457,0.00550572,0.0406456,1
0.196046,0.0513353,0.0184845,1
0.194688,0.0481498,0.0144532,1
0.0767385,0.0487155,0.0867924,1
0.193957,0.0540867,0.0169513,1
0.223485,0.0131656,0.0476485,1
0.0876636,0.0635753,0.0593892,1
0.148088,0.0194715,0.0289128,1
0.19407,0.0486276,0.0160801,1
0.185227,0.063062,0.034287,1
0.0219171,0.0055983,0.039816,1
0.194045,0.051873,0.0104669,1
0.148457,0.00945876,0.0267232,1
0.189773,0.0488308,0.0172781,1
0.0464449,0.0475899,0.0299317,1
0.097602,0.0648476,0.0115912,1
0.190807,0.0544631,0.0147937,1
0.192281,0.0824283,0.0630753,1
0.195648,0.049171,0.0186247,1
0.197263,0.0510234,0.0170696,1
0.192331,0.0510556,0.0151399,1
0.21244,0.00105477,0.0571126,1
0.192487,0.0473453,0.0184448,1
0.189486,0.050855,0.0146903,1
0.193638,0.0518522,0.0180957,1
0.193648,0.0467834,0.0133951,1
0.188752,0.00635824,0.0184475,1
0.160713,0.0652523,0.0167173,1
0.109128,0.00425825,0.0919417,1
0.220863,0.00397721,0.0422085,1
0.198695,0.0393201,0.08938,1
0.0648556,0.0366408,0.0649495,1
0.218662,0.0813798,0.00912315,1
0.0560028,0.0629094,0.0200705,1
0.0779888,0.0356795,0.0479276,1
0.159083,0.08043,0.0971258,1
0.121041,0.0814798,0.00379522,1
0.0756924,0.0670884,0.0699469,1
0.113926,0.086945,0.100367,1
0.158728,0.134386,0.217377,2
0.202176,0.198974,0.156603,2
0.1628,0.153455,0.140386,2
0.196767,0.132537,0.153785,2
0.192532,0.12391,0.185521,2
0.170509,0.131551,0.163322,2
0.173891,0.131483,0.133234,2
0.222349,0.20028,0.179875,2
0.165584,0.190017,0.212151,2
0.113307,0.137646,0.12001,2
0.125654,0.130033,0.148413,2
0.175108,0.1473,0.125318,2
0.188806,0.219723,0.204627,2
0.142576,0.222539,0.194149,2
0.210329,0.209274,0.138611,2
0.21401,0.21342,0.105675,2
0.0901412,0.213242,0.144034,2
0.0490028,0.205331,0.194243,2
0.132297,0.201273,0.170332,2
0.224921,0.133804,0.117297,2
0.115953,0.202979,0.120666,2
0.0115335,0.144532,0.16746,2
0.0165314,0.120267,0.209559,2
0.0340685,0.175503,0.119036,2
0.122262,0.142832,0.224108,2
0.165972,0.139927,0.138935,2
0.175433,0.126596,0.175581,2
0.141349,0.128758,0.173928,2
0.0944462,0.131812,0.14811,2
0.182395,0.133172,0.191906,2
0.027281,0.214171,0.136488,2
0.184099,0.142589,0.157021,2
0.137875,0.176247,0.188416,2
0.140132,0.170373,0.143187,2
0.121464,0.173751,0.133603,2
0.214003,0.127663,0.106071,2
0.0653779,0.1558,0.167203,2
0.116822,0.150865,0.112031,2
0.206999,0.132387,0.137037,2
0.0344738,0.170844,0.132697,2
0.122722,0.174158,0.169002,2
0.197677,0.141091,0.178198,2
0.0848032,0.147435,0.1866,2
0.0946591,0.154332,0.214883,2
0.121419,0.179434,0.170609,2
0.107351,0.165878,0.217212,2
0.128022,0.196052,0.216783,2
0.180937,0.129065,0.192796,2
0.0273859,0.167475,0.133474,2
0.222784,0.193195,0.101462,2
0.0160338,0.187246,0.224384,2
0.143282,0.167915,0.183248,2
0.0578689,0.128032,0.203305,2
0.0441203,0.133881,0.200733,2
0.185228,0.21021,0.223782,2
0.126992,0.222054,0.219941,2
0.184505,0.154375,0.203748,2
0.0711793,0.191545,0.222153,2
0.0595066,0.155483,0.172804,2
0.120523,0.173309,0.190205,2
0.145987,0.20912,0.201645,2
0.0821727,0.197371,0.170144,2
0.0809814,0.204796,0.194852,2
0.207539,0.204274,0.1761,2
0.0311494,0.156376,0.153901,2
0.0150761,0.196765,0.183959,2
0.192811,0.164435,0.11635,2
0.00144897,0.133387,0.102197,2
0.0502432,0.125932,0.153372,2
0.0334387,0.187639,0.124963,2
0.163239,0.152437,0.204824,2
0.163372,0.187429,0.148572,2
0.150964,0.120558,0.1474,2
0.108556,0.191096,0.172787,2
0.211498,0.219198,0.175782,2
0.0483953,0.202868,0.105482,2
0.158944,0.203931,0.20428,2
0.0496388,0.20607,0.117757,2
0.0433608,0.184661,0.13656,2
0.118982,0.190629,0.203699,2
0.075374,0.189519,0.182013,2
0.143504,0.194426,0.19063,2
0.0186272,0.200985,0.101441,2
0.0489253,0.164974,0.222196,2
0.174293,0.185896,0.131065,2
0.161733,0.157976,0.159554,2
0.0198276,0.142167,0.146705,2
0.212598,0.216949,0.132874,2
0.185975,0.212871,0.13211,2
0.161729,0.139904,0.13956,2
0.125732,0.221176,0.181147,2
0.0898442,0.213194,0.163606,2
0.160397,0.146922,0.180354,2
0.0799243,0.176596,0.211201,2
0.219823,0.184813,0.196851,2
0.205534,0.183746,0.19788,2
0.0210513,0.136724,0.106169,2
0.0147192,0.183683,0.214329,2
0.142816,0.160176,0.22008,2
0.0489734,0.19664,0.128916,2
0.146937,0.15148,0.195477,2
0.142379,0.194133,0.144494,2
0.113403,0.165869,0.154274,2
0.151752,0.132588,0.191704,2
0.150014,0.200815,0.181682,2
0.190915,0.2054,0.134722,2
0.0838229,0.188062,0.207431,2
0.104722,0.200056,0.149796,2
0.149579,0.115745,0.125942,2
0.0608708,0.209333,0.124246,2
0.156652,0.178363,0.14735,2
0.103839,0.131204,0.120239,2
0.0184765,0.154785,0.178147,2
0.111722,0.210345,0.119277,2
0.0586943,0.141383,0.112481,2
0.0493,0.141314,0.149583,2
0.157845,0.160238,0.160753,2
0.0246461,0.119589,0.182827,2
0.0474174,0.144239,0.224488,2
0.0166979,0.223291,0.21759,2
0.110711,0.152304,0.158622,2
0.0143841,0.209556,0.197107,2
0.0344197,0.124556,0.102737,2
0.126414,0.19764,0.103889,2
0.157623,0.209177,0.101218,2
0.186467,0.112653,0.140855,2
0.191675,0.127908,0.0709371,3
0.117809,0.171195,0.0756896,3
0.197818,0.201546,0.00602568,3
0.180426,0.144521,0.0878088,3
0.125833,0.165278,0.00680836,3
0.0713716,0.192205,0.0952492,3
0.0709572,0.146191,0.0704131,3
0.210753,0.170256,0.0826235,3
0.0879257,0.191613,0.0661472,3
0.103757,0.216603,0.0123899,3
0.0442113,0.176802,0.0108766,3
0.0484971,0.173534,0.0194042,3
0.00632906,0.127328,0.0617037,3
0.103633,0.167262,0.00207926,3
0.161657,0.157796,0.0574953,3
0.093989,0.103753,0.0940611,3
0.159865,0.10585,0.0511253,3
0.223529,0.132472,0.0121369,3
0.121031,0.150558,0.0789086,3
0.0763463,0.198711,0.080233,3
0.173968,0.120941,0.0911867,3
0.174101,0.100679,0.0280967,3
0.209662,0.224245,0.0972023,3
0.0795811,0.162191,0.0890637,3
0.212562,0.147725,0.0472688,3
0.0251588,0.102688,0.0142866,3
0.0119404,0.109675,0.00196865,3
0.17676,0.177403,0.0309878,3
0.0955285,0.117073,0.0573253,3
0.224239,0.145203,0.0491144,3
0.124714,0.162789,0.0824191,3
0.160885,0.120871,0.0020934,3
0.110968,0.210499,0.0143752,3
0.174937,0.159595,0.0665883,3
0.0343186,0.147162,0.0414139,3
0.0594696,0.148811,0.0320369,3
0.206985,0.114503,0.0861429,3
0.0354473,0.112773,0.051766,3
0.113961,0.109651,0.0186161,3
0.0697855,0.222681,0.0302673,3
0.0383302,0.177339,0.0727797,3
0.0726016,0.185225,0.0333752,3
0.135887,0.221464,0.0105076,3
0.1226,0.123007,0.0670299,3
0.0773595,0.170486,0.0417757,3
0.0852153,0.127402,0.0693488,3
0.142364,0.113382,0.0591889,3
0.218196,0.220633,0.053279,3
0.199681,0.156565,0.0398409,3
0.0249328,0.221931,0.06812,3
0.0435618,0.190422,0.0999209,3
0.0714945,0.159694,0.0302984,3
0.129423,0.178516,0.0540476,3
0.155591,0.169965,0.0448512,3
0.0703083,0.216817,0.0711627,3
0.0566101,0.213599,0.0366922,3
0.158037,0.153849,0.0801884,3
0.171152,0.182502,0.0346399,3
0.203018,0.11774,0.0402543,3
0.109817,0.116534,0.0470004,3
0.0676985,0.137157,0.040418,3
0.154199,0.221269,0.0699216,3
0.0299443,0.209924,0.0581345,3
0.0366588,0.141214,0.0753038,3
0.0623679,0.187128,0.0762768,3
0.214626,0.199856,0.0259697,3
0.210254,0.144932,0.051697,3
0.035567,0.0959082,0.0198609,3
0.151234,0.135327,0.0793332,3
0.0800211,0.167783,0.0277615,3
0.122726,0.0974611,0.0346714,3
0.0125064,0.134461,0.0483958,3
0.207862,0.217224,0.0190899,3
0.0616182,0.169302,0.0403715,3
0.186431,0.181859,0.0704291,3
0.223442,0.196545,0.0718108,3
0.136897,0.160819,0.0298396,3
0.0912575,0.205159,0.0183673,3
0.0696037,0.101957,0.056993,3
0.213975,0.187407,0.0412576,3
0.147108,0.151952,0.0820065,3
0.203371,0.160685,0.0077232,3
0.0715708,0.208425,0.0466159,3
0.113165,0.0961646,0.0871066,3
0.0753762,0.124775,0.0195854,3
0.00626378,0.146001,0.0569733,3
0.0427465,0.14881,0.0851065,3
0.215251,0.112894,0.0154036,3
0.165544,0.167845,0.0797222,3
0.118718,0.153122,0.045381,3
0.0115286,0.20398,0.0414964,3
0.148451,0.208781,0.0450233,3
0.0656828,0.188433,0.0901144,3
0.0396268,0.102304,0.0512031,3
0.196941,0.163638,0.0150545,3
0.0601137,0.152876,0.0253482,3
0.149706,0.137233,0.0602453,3
0.184204,0.19526,0.0719993,3
0.0504458,0.139705,0.0948444,3
0.222491,0.205211,0.0250794,3
0.173343,0.0942924,0.0520399,3
0.121988,0.179548,0.0976418,3
0.099677,0.159005,0.00427515,3
0.116844,0.105873,0.0808359,3
0.018273,0.0937111,0.0980373,3
0.199548,0.217765,0.0248622,3
0.149267,0.222816,0.0109823,3
0.103757,0.102479,0.0581069,3
0.132399,0.190941,0.0134301,3
0.117294,0.202341,0.0758635,3
0.158998,0.134676,0.0136443,3
0.0279071,0.111925,0.0662664,3
0.21946,0.170234,0.0576418,3
0.168786,0.189934,0.0739323,3
0.00611157,0.205519,0.0354678,3
0.0427824,0.221934,0.0148617,3
0.0833974,0.174304,0.0178202,3
0.128772,0.162939,0.0248336,3
0.0430903,0.218653,0.0744931,3
0.0143432,0.212985,0.0657461,3
0.210965,0.152688,0.017046,3
0.160355,0.0959814,0.0784097,3
