x coord,y coord,z coord,rank
0.0312786,0.13364,0.141034,0
0.0666814,0.0208583,0.191457,0
0.108954,0.150429,0.107136,0
0.0790297,0.0238559,0.178995,0
0.0791649,0.167095,0.131196,0
0.0307002,0.164979,0.162545,0
0.0444415,0.00549806,0.208863,0
0.0805145,0.113893,0.123715,0
0.0794247,0.127896,0.195416,0
0.106844,0.0147117,0.132372,0
8.54117e-05,0.0273137,0.126024,0
0.0810337,0.179348,0.20527,0
0.092011,0.0591676,0.192328,0
0.0771417,0.0238931,0.220133,0
0.107375,0.154065,0.111189,0
0.051462,0.1861,0.211205,0
0.0366603,0.0653649,0.124062,0
0.0852612,0.206704,0.123752,0
0.0909347,0.153678,0.192648,0
0.0583523,0.0715976,0.177659,0
0.065424,0.0837495,0.162842,0
0.011013,0.144108,0.178177,0
0.012373,0.0990735,0.156098,0
0.10759,0.151772,0.106465,0
0.0648304,0.12713,0.180612,0
0.10925,0.151955,0.111607,0
0.0474724,0.140343,0.110359,0
0.102902,0.147325,0.106281,0
0.0668891,0.176495,0.140087,0
0.018759,0.0145667,0.137838,0
0.106477,0.150307,0.10647,0
0.0808818,0.209069,0.149079,0
0.0980641,0.122259,0.159224,0
0.0645139,0.0547869,0.127175,0
0.0758902,0.160561,0.12884,0
0.0659892,0.178729,0.117542,0
0.0144251,0.00620936,0.11685,0
0.111634,0.152292,0.106204,0
0.00971689,0.0483681,0.190896,0
0.0133747,0.0505794,0.155084,0
0.0630178,0.209014,0.212502,0
0.00423342,0.173908,0.193518,0
0.0807134,0.201013,0.200239,0
0.110679,0.1492,0.108812,0
0.0252159,0.223798,0.136911,0
0.109904,0.152838,0.107008,0
0.013817,0.166045,0.194656,0
0.00122522,0.0471582,0.133614,0
0.0246848,0.137204,0.119447,0
0.0695318,0.0448251,0.173885,0
0.0982548,0.00822368,0.187666,0
0.0242674,0.193608,0.120318,0
0.0871561,0.0799325,0.116057,0
0.105372,0.15112,0.111104,0
0.0333293,0.197334,0.173306,0
0.00949072,0.0169476,0.107238,0
0.06096,0.178656,0.158372,0
0.0906426,0.141857,0.187526,0
0.0875498,0.0818903,0.115668,0
0.106915,0.154012,0.108475,0
0.0628346,0.100139,0.158615,0
0.104283,0.15274,0.108148,0
0.0167584,0.0839471,0.141997,0
0.108483,0.151285,0.108457,0
0.110274,0.00497614,0.209139,0
0.0822002,0.185596,0.221217,0
0.00735748,0.0790908,0.15717,0
0.107383,0.156501,0.10999,0
0.10554,0.156326,0.122478,0
0.0211396,0.0585063,0.222737,0
0.08419,0.18101,0.141557,0
0.0547822,0.144638,0.215192,0
0.10682,0.148774,0.108732,0
0.045288,0.215529,0.207336,0
0.0581035,0.198538,0.224951,0
0.0238468,0.0854311,0.191083,0
0.049387,0.110664,0.184488,0
0.0166218,0.157484,0.201316,0
0.0894004,0.0859216,0.116405,0
0.0595487,0.0779937,0.209498,0
0.0423119,0.0942814,0.14574,0
0.104489,0.151744,0.109614,0
0.0535206,0.0788997,0.218023,0
0.0912942,0.197774,0.153131,0
0.108373,0.153258,0.107821,0
0.0428469,0.0962104,0.146253,0
0.0136975,0.223423,0.120968,0
0.0758286,0.219686,0.205534,0
0.0928054,0.0253762,0.166611,0
0.0823961,0.0310065,0.207674,0
0.0320834,0.0196722,0.122733,0
0.102154,0.119969,0.191994,0
0.0859152,0.0965644,0.164614,0
0.0732026,0.0112096,0.112529,0
0.0403949,0.217359,0.181141,0
0.092154,0.163086,0.109417,0
0.0213646,0.0526158,0.131773,0
0.081977,0.00861437,0.140113,0
0.104483,0.199742,0.195966,0
0.00229881,0.101638,0.154169,0
0.0280583,0.115323,0.117923,0
0.103047,0.151016,0.10993,0
0.0198668,0.102213,0.156944,0
0.106024,0.184022,0.112533,0
0.107428,0.0680608,0.125965,0
0.052018,0.0403442,0.11278,0
0.0247655,0.0407591,0.178618,0
0.00917489,0.0855693,0.156987,0
0.0320365,0.176589,0.155189,0
0.108917,0.221809,0.109144,0
0.0183689,0.141698,0.188953,0
0.0433646,0.14023,0.19972,0
0.0547448,0.10542,0.149863,0
0.0532859,0.0478784,0.125374,0
0.0324975,0.182387,0.141846,0
0.0109319,0.0771966,0.20752,0
0.038437,0.0569097,0.20553,0
0.0848573,0.0815803,0.115066,0
0.0697801,0.204882,0.156811,0
0.0893656,0.104407,0.109698,0
0.082209,0.0337629,0.116125,0
0.0664573,0.22225,0.149057,0
0.10372,0.1496,0.1062,0
0.111179,0.20972,0.106516,0
0.0790948,0.0692923,0.170897,0
0.0462972,0.0588309,0.11769,0
0.10163,0.148447,0.106835,0
0.105403,0.155302,0.107278,0
0.1104,0.155942,0.107831,0
0.105867,0.156653,0.108315,0
0.112342,0.151958,0.107734,0
0.107253,0.154781,0.107156,0
0.10225,0.159108,0.107425,0
0.153207,0.184472,0.0090179,1
0.160426,0.0272368,0.0675953,1
0.162554,0.0929004,0.00139341,1
0.168544,0.181844,0.0313616,1
0.117144,0.21614,0.0474236,1
0.147814,0.219821,0.00283458,1
0.212631,0.144603,0.0139869,1
0.196932,0.102301,0.0363421,1
0.198632,0.179373,0.0779536,1
0.17988,0.207409,0.0868445,1
0.114141,0.151714,0.103712,1
0.195116,0.0840586,0.0342099,1
0.136339,0.171569,0.056942,1
0.126852,0.224339,0.0804258,1
0.21735,0.119138,0.0713701,1
0.183016,0.156259,0.0461547,1
0.193511,0.0787383,0.0824564,1
0.185318,0.0241409,0.0504722,1
0.132546,0.000894811,0.0291393,1
0.110851,0.152548,0.102153,1
0.136783,0.00854675,0.104439,1
0.126166,0.100067,0.0837902,1
0.114627,0.212919,0.0451449,1
0.134512,0.108803,0.0613722,1
0.192713,0.0964537,0.101374,1
0.198854,0.0468106,0.0344798,1
0.129094,0.148855,0.0152891,1
0.176852,0.00260615,0.0286058,1
0.125836,0.0854106,0.0612828,1
0.115776,0.0150942,0.0178202,1
0.21913,0.18499,0.0301532,1
0.129344,0.0226298,0.0573195,1
0.11253,0.150168,0.103331,1
0.107741,0.157331,0.105096,1
0.202843,0.0849901,0.0633256,1
0.147072,0.0554082,0.0782599,1
0.11401,0.166214,0.0180471,1
0.187017,0.199077,0.0445113,1
0.199869,0.060638,0.0592837,1
0.165147,0.127336,0.0713061,1
0.145928,0.079339,0.0107099,1
0.113941,0.0744482,0.0143457,1
0.176851,0.0198531,0.0476505,1
0.107375,0.155593,0.105599,1
0.221549,0.171721,0.0516804,1
0.113555,0.155215,0.0606099,1
0.198421,0.0592939,0.0648138,1
0.112736,0.15346,0.105005,1
0.131803,0.0175939,0.0616898,1
0.220862,0.0721979,0.0336364,1
0.108549,0.159077,0.100709,1
0.223545,0.0214464,0.0597775,1
0.181046,0.189124,0.00357848,1
0.208508,0.223093,0.0261712,1
0.173219,0.19225,0.091488,1
0.111382,0.0856053,0.0868012,1
0.199755,0.118652,0.0355569,1
0.11157,0.148853,0.00158545,1
0.165259,0.0342837,0.0401198,1
0.148053,0.199581,0.037627,1
0.107535,0.153253,0.10582,1
0.120803,0.144784,0.10072,1
0.210801,0.200886,0.0553567,1
0.152346,0.176714,0.0653719,1
0.10904,0.158194,0.104382,1
0.115591,0.214364,0.0460722,1
0.212431,0.110262,0.0583017,1
0.107896,0.00548517,0.00943539,1
0.194187,0.0835313,0.0830349,1
0.162257,0.149445,0.0925047,1
0.22172,0.0236602,0.00320152,1
0.214996,0.202402,0.0669202,1
0.147482,0.106399,0.0556809,1
0.10716,0.15444,0.101272,1
0.159185,0.104604,0.0711144,1
0.193044,0.156012,0.0105153,1
0.194966,0.0573152,0.060986,1
0.21335,0.207951,0.0843323,1
0.108525,0.159089,0.102287,1
0.116889,0.152643,0.0292566,1
0.194675,0.183208,0.0666639,1
0.126586,0.161461,0.0559376,1
0.178218,0.10855,0.0742145,1
0.145673,0.0477488,0.0441931,1
0.197227,0.120876,0.0946265,1
0.153574,0.0970844,0.095279,1
0.197747,0.147013,0.00719958,1
0.201343,0.11662,0.0864175,1
0.151987,0.150212,0.0662125,1
0.110511,0.149247,0.104705,1
0.135888,0.169087,0.0472661,1
0.171839,0.0809742,0.0561613,1
0.107754,0.153757,0.102682,1
0.110856,0.148424,0.103588,1
0.110411,0.150672,0.104394,1
0.155776,0.0317503,0.0343942,1
0.193793,0.0471949,0.0771745,1
0.194967,0.0739223,0.0716478,1
0.183342,0.128306,0.0174161,1
0.125371,0.0793196,0.0318836,1
0.159447,0.191943,0.0207246,1
0.112373,0.000404815,0.0166156,1
0.110826,0.146686,0.101699,1
0.118019,0.0882994,0.0535971,1
0.110913,0.155855,0.100765,1
0.203589,0.0147747,0.0330387,1
0.212692,0.0868306,0.00872461,1
0.158087,0.0963339,0.016223,1
0.139063,0.195879,0.0930466,1
0.119398,0.086278,0.0871629,1
0.114278,0.122637,0.0704632,1
0.125232,0.0628324,0.0706056,1
0.13011,0.104953,0.0183297,1
0.141639,0.21203,0.0950276,1
0.190899,0.0488684,0.0336824,1
0.15941,0.109548,0.0293361,1
0.163197,0.119961,0.0484146,1
0.170922,0.0818752,0.105394,1
0.108141,0.152452,0.10098,1
0.106513,0.154121,0.102532,1
0.108043,0.149227,0.104882,1
0.107067,0.146769,0.105533,1
0.107198,0.148653,0.104677,1
0.10678,0.148078,0.100936,1
0.106266,0.152932,0.0984787,1
0.106236,0.153046,0.101414,1
0.016505,0.0174349,0.077392,2
0.0240133,0.112844,0.0732036,2
0.00903183,0.147615,0.00561277,2
0.0657502,0.12584,0.0278963,2
0.0565814,0.199397,0.0796748,2
0.06214,0.0832722,0.0148876,2
0.0191268,0.144076,0.03878,2
0.0213169,0.157044,0.0556896,2
0.0681738,0.0848826,0.0678608,2
0.0642623,0.113113,0.0918599,2
0.0682666,0.0204791,0.0397135,2
0.0849158,0.0268023,0.0217179,2
0.0769577,0.190002,0.0389561,2
0.101266,0.149942,0.0984131,2
0.0297658,0.110873,0.0376476,2
0.043323,0.224073,0.0476304,2
0.0181571,0.120721,0.0253479,2
0.0198979,0.00639818,0.0250927,2
0.0416289,0.166323,0.00393431,2
0.0964931,0.188143,0.0525795,2
0.0329678,0.186973,0.0560362,2
0.100837,0.154641,0.100211,2
0.0789682,0.125954,0.0179662,2
0.102644,0.155456,0.104573,2
0.0182462,0.0922837,0.0129626,2
0.102822,0.154961,0.0315598,2
0.0365646,0.184056,0.0324972,2
0.0667731,0.224041,0.0293719,2
0.0967268,0.0128735,0.0244432,2
0.00457283,0.157906,0.0249903,2
0.0322033,0.130267,0.0560199,2
0.0417781,0.198613,0.095339,2
0.101541,0.108718,0.0389756,2
0.0938673,0.113623,0.0972409,2
0.035758,0.0400838,0.0164481,2
0.0902513,0.00711083,0.104929,2
0.054501,0.13093,0.0874022,2
0.104592,0.153794,0.103877,2
0.00246562,0.0588691,0.027998,2
0.0719005,0.0748646,0.0226945,2
0.0987654,0.221804,0.0514373,2
0.0930424,0.148539,0.0656961,2
0.0704904,0.0875794,0.0904849,2
0.0747345,0.0802257,0.0514356,2
0.048837,0.224403,0.0730944,2
0.0807637,0.111116,0.0443955,2
0.0956312,0.111984,0.096434,2
0.10405,0.157249,0.104412,2
0.0126896,0.212587,0.0950302,2
0.0525158,0.213399,0.0697061,2
0.0461428,0.136836,0.0544149,2
0.0196683,0.102652,0.0816269,2
0.0907957,0.0258295,0.039105,2
0.0125359,0.0218193,0.00851253,2
0.0602674,0.0143603,0.0681865,2
0.0487826,0.0855551,0.100158,2
0.0314506,0.218436,0.0273552,2
0.10459,0.148916,0.0326314,2
0.031288,0.014764,0.0121502,2
0.0422189,0.223496,0.096664,2
0.050743,0.145018,0.0414251,2
0.0451825,0.0719285,0.0106035,2
0.0305762,0.221107,0.0316102,2
0.0288264,0.131077,0.1019,2
0.0439079,0.0245155,0.0431882,2
0.104113,0.155699,0.105764,2
0.0336332,0.0266765,0.0792442,2
0.089561,0.0599142,0.0357363,2
0.0396631,0.117338,0.0488883,2
0.105974,0.145913,0.104748,2
0.047227,0.069924,0.00976876,2
0.00756633,0.0280513,0.00259093,2
0.090136,0.100237,0.0590755,2
0.0594658,0.159353,0.0431742,2
0.0728395,0.178845,0.0570926,2
0.101051,0.152396,0.102466,2
0.0499073,0.0833078,0.0359102,2
0.064766,0.161944,0.0884853,2
0.0657881,0.176188,0.0552084,2
0.0925592,0.0686987,0.0258456,2
0.0348346,0.0664608,0.0947923,2
0.0106919,0.186756,0.008459,2
0.104293,0.092868,0.0236594,2
0.0521792,0.187165,0.028303,2
0.0490236,0.093603,0.0847299,2
0.100454,0.0219124,0.00652862,2
0.0838626,0.169963,0.00831042,2
0.0855215,0.0190472,0.0207178,2
0.0270534,0.194411,0.0823328,2
0.10379,0.147026,0.0971988,2
0.10406,0.154174,0.103173,2
0.0747782,0.0739062,0.0582741,2
0.0928561,0.152835,0.0594606,2
0.00544874,0.116846,0.083549,2
0.045563,0.198075,0.0507257,2
0.0264623,0.128048,0.0505316,2
0.0354481,0.221685,0.0561099,2
0.0283136,0.0552283,0.0118738,2
0.0671433,0.213543,0.0320345,2
0.043779,0.129905,0.0329381,2
0.0692768,0.161654,0.075172,2
0.101328,0.150108,0.105315,2
0.00370641,0.016193,0.047465,2
0.0386688,0.0546059,0.0488502,2
0.0336241,0.112416,0.0966957,2
0.189038,0.115436,0.176745,3
0.178624,0.205471,0.175831,3
0.118221,0.180306,0.143446,3
0.180558,0.111073,0.221405,3
0.213841,0.209715,0.218069,3
0.178741,0.10897,0.144086,3
0.167667,0.159854,0.191881,3
0.207391,0.039934,0.182021,3
0.158293,0.165372,0.208155,3
0.187253,0.154979,0.20182,3
0.20338,0.15279,0.164909,3
0.164958,0.165899,0.184234,3
0.184306,0.206079,0.176115,3
0.179785,0.210086,0.178963,3
0.145866,0.213801,0.203525,3
0.18644,0.131383,0.21661,3
0.146156,0.113111,0.116157,3
0.180982,0.156942,0.115404,3
0.134505,0.13795,0.161165,3
0.155952,0.0677763,0.143182,3
0.189373,0.0780487,0.109785,3
0.161016,0.20319,0.128052,3
0.127822,0.181178,0.208614,3
0.155287,0.0949666,0.158657,3
0.148749,0.0639384,0.156282,3
0.183558,0.0527031,0.132219,3
0.176461,0.101687,0.190905,3
0.217477,0.0839207,0.170713,3
0.180355,0.220257,0.150362,3
0.1136,0.0895204,0.191648,3
0.224184,0.172095,0.11355,3
0.160313,0.192196,0.10898,3
0.168726,0.11368,0.1933,3
0.155626,0.210731,0.190623,3
0.174353,0.2209,0.178155,3
0.204156,0.212459,0.190808,3
0.131852,0.0948909,0.140499,3
0.217264,0.0613442,0.220203,3
0.218496,0.0798892,0.185814,3
0.139418,0.164047,0.223659,3
0.139891,0.13237,0.116504,3
0.133347,0.0467358,0.172242,3
0.122062,0.180363,0.134858,3
0.145838,0.0401717,0.142655,3
0.221985,0.164932,0.126328,3
0.16343,0.0237734,0.119937,3
0.215144,0.155001,0.214627,3
0.125646,0.179143,0.136969,3
0.200197,0.0860334,0.196853,3
0.217289,0.076307,0.183319,3
0.130305,0.124785,0.127451,3
0.171712,0.122948,0.180261,3
0.141749,0.0138282,0.142169,3
0.121702,0.175939,0.20179,3
0.138015,0.0766013,0.198658,3
0.154536,0.164197,0.209838,3
0.180269,0.0973745,0.216237,3
0.186415,0.119482,0.180874,3
0.214692,0.0370618,0.201231,3
0.18954,0.224111,0.122199,3
0.157665,0.140724,0.154681,3
0.113374,0.154835,0.109662,3
0.160052,0.077711,0.153092,3
0.181569,0.0188169,0.182026,3
0.162705,0.159127,0.15589,3
0.162014,0.159343,0.197284,3
0.138693,0.128043,0.124306,3
0.129362,0.194204,0.134494,3
0.155333,0.0735859,0.211296,3
0.219701,0.152081,0.122007,3
0.210222,0.156246,0.209716,3
0.147287,0.00890587,0.154761,3
0.117395,0.205644,0.214048,3
0.118473,0.066011,0.19208,3
0.20049,0.204569,0.153151,3
0.117501,0.20602,0.152865,3
0.173447,0.0360848,0.176846,3
0.206223,0.110603,0.195362,3
0.115556,0.208541,0.15262,3
0.202399,0.0693721,0.168114,3
0.15269,0.0922591,0.129218,3
0.209882,0.100145,0.207146,3
0.209089,0.0750116,0.160473,3
0.173401,0.1479,0.159584,3
0.187062,0.182343,0.134761,3
0.219839,0.161707,0.157789,3
0.196239,0.188663,0.1181,3
0.172088,0.0277969,0.165696,3
0.122352,0.010362,0.124247,3
0.15959,0.159574,0.152996,3
0.16482,0.0149828,0.222147,3
0.155402,0.0489917,0.207622,3
0.136035,0.123039,0.220695,3
0.168271,0.081747,0.140177,3
0.177486,0.215016,0.190731,3
0.131308,0.0787537,0.209488,3
0.21094,0.188759,0.109953,3
0.139827,0.00479226,0.224617,3
0.211031,0.112068,0.215228,3
0.119921,0.0775106,0.116693,3
0.176118,0.184903,0.149129,3
0.141422,0.197945,0.174289,3
0.20213,0.000106861,0.162223,3
0.173414,0.142996,0.112689,3
0.211829,0.0891678,0.179778,3
0.133501,0.146118,0.154746,3
0.178675,0.213547,0.19632,3
0.194989,0.0739203,0.195984,3
0.209102,0.117156,0.221342,3
0.194756,0.157886,0.107773,3
0.147355,0.00287658,0.183575,3
0.208925,0.0058504,0.187309,3
0.141602,0.0998922,0.206907,3
0.19814,0.00376414,0.165128,3
0.21854,0.0138405,0.137723,3
0.123447,0.0924886,0.176661,3
0.217204,0.0196331,0.11448,3
0.205265,0.11077,0.160796,3
0.131926,0.0473889,0.113852,3
0.163637,0.0926692,0.151266,3
0.213197,0.0365143,0.179078,3
0.218821,0.0443919,0.209998,3
0.158031,0.0827926,0.17242,3
0.124863,0.0515017,0.157643,3
0.135176,0.136135,0.134421,3
0.130228,0.0506316,0.204456,3
0.138159,0.0430086,0.201233,3
0.151694,0.118705,0.13007,3
0.136287,0.00406393,0.127157,3
0.118369,0.109635,0.130195,3
0.156678,0.019914,0.137348,3
0.131781,0.0974859,0.143229,3
0.129515,0.134566,0.114448,3
0.190539,0.148021,0.122414,3
0.126053,0.0217069,0.112018,3
0.112621,0.163545,0.217496,3
