x coord,y coord,z coord,rank
0.131205,0.0153751,0.0974421,0
0.126254,0.0380669,0.0162893,0
0.193473,0.0225706,0.0445601,0
0.167877,0.0843157,0.127851,0
0.201711,0.0966322,0.164486,0
0.122864,0.0557312,0.105958,0
0.159403,0.0833978,0.0915701,0
0.160647,0.0771608,0.103363,0
0.175132,0.0494959,0.110537,0
0.177725,0.0678065,0.0890643,0
0.149197,0.0279954,0.0606259,0
0.172408,0.0197697,0.0376304,0
0.167662,0.0411071,0.0139029,0
0.160532,0.007388,0.130572,0
0.137215,0.0677077,0.064403,0
0.149273,0.0872516,0.106659,0
0.212958,0.0853355,0.177041,0
0.151498,0.0829531,0.152031,0
0.186619,0.059596,0.00107516,0
0.208908,0.0193762,0.164714,0
0.166064,0.0233427,0.0565432,0
0.166992,0.0702752,0.0876239,0
0.223371,0.0760434,0.0368724,0
0.1777,0.0649413,0.0862782,0
0.127997,0.0331222,0.168547,0
0.178671,0.067321,0.0899378,0
0.214264,0.0767733,0.20783,0
0.175603,0.0655542,0.0870096,0
0.224802,0.0401337,0.0794971,0
0.199066,0.0774911,0.0575218,0
0.178602,0.066175,0.0908892,0
0.183922,0.0327036,0.167129,0
0.176013,0.0673961,0.0915471,0
0.165877,0.0726881,0.163487,0
0.18906,0.00293942,0.150349,0
0.15673,0.0394913,0.187824,0
0.202179,0.0483673,0.163365,0
0.191806,0.0899114,0.0639542,0
0.199381,0.0649458,0.118855,0
0.216408,0.0710477,0.0556518,0
0.224564,0.079628,0.132764,0
0.147062,0.0121814,0.101354,0
0.158785,0.0175211,0.209544,0
0.176735,0.0654614,0.0886766,0
0.176672,0.066712,0.0875433,0
0.177718,0.0734112,0.0902371,0
0.206802,0.0397117,0.216269,0
0.131629,0.0365865,0.112707,0
0.158929,0.104307,0.195637,0
0.178583,0.0657443,0.0893077,0
0.178531,0.068049,0.0845305,0
0.145161,0.102333,0.163338,0
0.176651,0.0780412,0.136211,0
0.179959,0.0693211,0.0874381,0
0.183511,0.0309843,0.10604,0
0.204202,0.0402907,0.0662188,0
0.175797,0.0703464,0.0860262,0
0.138396,0.084673,0.143686,0
0.175766,0.0652075,0.0883284,0
0.128225,0.0133527,0.0224547,0
0.144938,0.0796583,0.0843434,0
0.151426,0.0456585,0.094665,0
0.188885,0.0736841,0.162482,0
0.154753,0.0147799,0.0107899,0
0.163299,0.0285137,0.0779581,0
0.22245,0.0968251,0.113728,0
0.128811,0.0112504,0.126325,0
0.174845,0.0726413,0.0850065,0
0.186889,0.0704411,0.0859646,0
0.172739,0.0673547,0.0876419,0
0.130376,0.00827367,0.13642,0
0.197051,0.0260754,0.0506645,0
0.194644,0.0288152,0.172934,0
0.177124,0.0647962,0.0840226,0
0.213356,0.0564252,0.147193,0
0.166408,0.0869403,0.122437,0
0.151144,0.0463409,0.138689,0
0.195249,0.103468,0.1538,0
0.220057,0.0838887,0.131042,0
0.177264,0.00262597,0.205561,0
0.136463,0.0310665,0.0453029,0
0.172987,0.0661836,0.0831712,0
0.129278,0.0955697,0.208872,0
0.215502,0.0171019,0.193342,0
0.176948,0.0692112,0.0827231,0
0.182916,0.099066,0.196341,0
0.122657,0.0707618,0.142264,0
0.138424,0.0138783,0.169751,0
0.20657,0.0629748,0.179096,0
0.158088,0.0546053,0.16368,0
0.223364,0.0708884,0.094141,0
0.176334,0.0138982,0.00258823,0
0.132697,0.0513435,0.0553696,0
0.127339,0.0946254,0.156655,0
0.166245,0.0975403,0.06561,0
0.14666,0.0969753,0.0555386,0
0.17229,0.0695843,0.0867135,0
0.200682,0.019069,0.0826733,0
0.181096,0.0687051,0.0852434,0
0.174753,0.0652505,0.0848221,0
0.174389,0.069307,0.0842906,0
0.196647,0.0548536,0.132259,0
0.172212,0.0680914,0.0861446,0
0.162972,0.0303401,0.205923,0
0.181744,0.0702726,0.0861151,0
0.166406,0.00800516,0.0658414,0
0.180191,0.0718421,0.085355,0
0.172198,0.0681141,0.086697,0
0.151032,0.0314548,0.00336843,0
0.174589,0.0712565,0.0878651,0
0.175521,0.0710895,0.0877174,0
0.134578,0.0338971,0.132849,0
0.18855,0.0387639,0.187869,0
0.144946,0.0235227,0.0361838,0
0.178797,0.0667139,0.0833433,0
0.161122,0.00768505,0.0719896,0
0.178408,0.0694987,0.087167,0
0.176061,0.0692412,0.0881665,0
0.186189,0.0686055,0.0647331,0
0.170096,0.0456965,0.0818987,0
0.17388,0.0679954,0.090398,0
0.181301,0.0699908,0.0872001,0
0.183648,0.104964,0.179632,0
0.17664,0.105079,0.0224591,0
0.00836265,0.128091,0.165441,1
0.0682883,0.203251,0.18314,1
0.0733489,0.138082,0.109516,1
0.0655177,0.179957,0.0182879,1
0.0474997,0.209479,0.2247,1
0.0578793,0.216791,0.187003,1
0.00543097,0.17253,0.155336,1
0.0216954,0.13222,0.111749,1
0.0940947,0.163094,0.11226,1
0.113098,0.185318,0.208048,1
0.037951,0.218336,0.222721,1
0.0642426,0.185369,0.182277,1
0.0564256,0.183093,0.154486,1
0.104138,0.199436,0.160989,1
0.040172,0.141702,0.0940954,1
0.106198,0.220313,0.125856,1
0.0650538,0.211821,0.194372,1
0.026822,0.202895,0.029968,1
0.0623497,0.179103,0.150263,1
0.0545394,0.12902,0.103187,1
0.0147946,0.161947,0.0428204,1
0.0973153,0.12177,0.0758273,1
0.101313,0.20119,0.0660262,1
0.0586338,0.13442,0.108807,1
0.000624574,0.21086,0.0963524,1
0.0444877,0.21668,0.00151782,1
0.0112242,0.208276,0.0167413,1
0.0121918,0.145079,0.213935,1
0.0555632,0.123544,0.164767,1
0.00304408,0.17161,0.0948848,1
0.106504,0.21095,0.122162,1
0.109217,0.191124,0.126102,1
0.0105835,0.151962,0.162447,1
0.0495837,0.133451,0.142414,1
0.0580645,0.155701,0.21641,1
0.0734586,0.121617,0.0508818,1
0.0209817,0.196997,0.0261673,1
0.0222285,0.220421,0.0458413,1
0.000764787,0.162059,0.0397156,1
0.0327034,0.155515,0.0223518,1
0.0465154,0.223396,0.0326624,1
0.0434234,0.14604,0.185982,1
0.0992687,0.122688,0.150917,1
0.0254935,0.20084,0.0245603,1
0.0727905,0.154936,0.211895,1
0.0276515,0.178537,0.0232864,1
0.101059,0.185213,0.13348,1
0.038959,0.14264,0.0943639,1
0.0336973,0.145705,0.219254,1
0.110009,0.150178,0.0863331,1
0.0230723,0.120138,0.209552,1
0.0773947,0.145731,0.0278548,1
0.0525298,0.121546,0.166295,1
0.105329,0.147839,0.197222,1
0.0992706,0.197309,0.033964,1
0.0547308,0.143612,0.0879528,1
0.00898387,0.209805,0.0602669,1
0.0533572,0.130599,0.129414,1
0.0725043,0.162579,0.127544,1
0.109188,0.165616,0.100989,1
0.0873043,0.124594,0.202808,1
0.102947,0.209641,0.124415,1
0.0273458,0.14916,0.0975037,1
0.0265891,0.21533,0.0417197,1
0.00503457,0.201557,0.223885,1
0.10863,0.214694,0.156763,1
0.0611603,0.189295,0.0827008,1
0.0478224,0.140478,0.0136855,1
0.0821557,0.20341,0.216051,1
0.114457,0.178492,0.0188974,1
0.0635707,0.133569,0.0532423,1
0.0982997,0.187408,0.199315,1
0.0465684,0.20831,0.0984082,1
0.110395,0.158617,0.184743,1
0.107431,0.207813,0.0881682,1
0.0581142,0.208945,0.183466,1
0.116336,0.11939,0.115564,1
0.0732379,0.11951,0.132797,1
0.0505214,0.205969,0.101837,1
0.0529555,0.206419,0.00159999,1
0.0927672,0.147725,0.0630062,1
0.0407389,0.206017,0.0632733,1
0.0100315,0.164634,0.187996,1
0.0718273,0.17359,0.0184653,1
0.0186773,0.160142,0.118729,1
0.0639193,0.208874,0.0661972,1
0.0851591,0.199272,0.0567445,1
0.117089,0.123092,0.184983,1
0.0956441,0.223126,0.0513293,1
0.0257791,0.128921,0.223136,1
0.0348177,0.216138,0.112986,1
0.0578096,0.201136,0.118463,1
0.0314373,0.158505,0.0300477,1
0.116311,0.147982,0.155797,1
0.0646968,0.148984,0.0500903,1
0.0326931,0.192472,0.130792,1
0.0772328,0.154294,0.055896,1
0.121522,0.183372,0.0824975,1
0.102032,0.209294,0.119726,1
0.103473,0.150219,0.172593,1
0.099613,0.189107,0.0192929,1
0.112122,0.220034,0.188715,1
0.013363,0.213006,0.00227505,1
0.0007059,0.208026,0.188167,1
0.0706795,0.198599,0.175673,1
0.0802772,0.171158,0.0865197,1
0.083514,0.224027,0.111768,1
0.0485648,0.139226,0.0303932,1
0.0284255,0.170063,0.123133,1
0.0710439,0.165573,0.186191,1
0.0171047,0.1791,0.183973,1
0.0842165,0.11732,0.136721,1
0.0666277,0.143436,0.0847346,1
0.00514895,0.143369,0.0889172,1
0.117692,0.171459,0.0329214,1
0.0408516,0.156402,0.0724699,1
0.0628359,0.152209,0.056644,1
0.0429292,0.161393,0.000407119,1
0.093723,0.199836,0.0229122,1
0.0814768,0.199131,0.0676875,1
0.0225621,0.221306,0.055111,1
0.0548474,0.201766,0.0749023,1
0.169908,0.110376,0.127627,2
0.201802,0.10661,0.0288882,2
0.199136,0.165502,0.103135,2
0.130127,0.184376,0.105992,2
0.189495,0.185429,0.0646933,2
0.188994,0.105292,0.140616,2
0.190856,0.105341,0.200178,2
0.142973,0.178298,0.0129598,2
0.166209,0.111189,0.184578,2
0.210892,0.106597,0.179336,2
0.173782,0.110983,0.185527,2
0.153852,0.109155,0.210179,2
0.148656,0.119518,0.132068,2
0.138835,0.218741,0.135812,2
0.203648,0.19856,0.0137444,2
0.204845,0.116195,0.0241994,2
0.148166,0.20636,0.134138,2
0.163552,0.17363,0.20066,2
0.197397,0.147035,0.00728407,2
0.206835,0.149462,0.152722,2
0.196008,0.141779,0.0627106,2
0.213293,0.181508,0.155851,2
0.172351,0.17899,0.160472,2
0.192855,0.177477,0.188539,2
0.129371,0.194423,0.127051,2
0.224722,0.15536,0.196987,2
0.16395,0.196892,0.0480452,2
0.149939,0.188746,0.199145,2
0.144806,0.152393,0.00777647,2
0.15969,0.208487,0.0489861,2
0.153671,0.14165,0.151331,2
0.19841,0.190527,0.117793,2
0.162668,0.121814,0.0576979,2
0.172659,0.22439,0.0349486,2
0.154249,0.141534,0.216408,2
0.222269,0.167062,0.0620046,2
0.172561,0.222808,0.169181,2
0.161207,0.199757,0.0295855,2
0.187255,0.1146,0.00892865,2
0.223904,0.131344,0.0609858,2
0.16177,0.162538,0.0251118,2
0.183094,0.152424,0.188138,2
0.140725,0.220355,0.221907,2
0.194338,0.194231,0.103797,2
0.169084,0.16813,0.0798757,2
0.216495,0.211188,0.0751505,2
0.183513,0.141,0.191877,2
0.202534,0.122867,0.171809,2
0.198291,0.135052,0.0373936,2
0.205424,0.132347,0.221238,2
0.128424,0.205705,0.0827391,2
0.150482,0.206845,0.177685,2
0.224455,0.194855,0.091687,2
0.168445,0.134715,0.21163,2
0.129036,0.191996,0.122746,2
0.158149,0.141913,0.0361043,2
0.17301,0.196307,0.0962358,2
0.181574,0.180332,0.103176,2
0.172738,0.114487,0.136317,2
0.18242,0.183357,0.00260549,2
0.122688,0.177813,0.0260646,2
0.214203,0.208086,0.00303293,2
0.130933,0.133685,0.0240513,2
0.178408,0.149249,0.0255054,2
0.209288,0.13849,0.156925,2
0.15304,0.176359,0.0468939,2
0.198212,0.184347,0.0365745,2
0.135121,0.195424,0.128515,2
0.162281,0.21356,0.10903,2
0.141615,0.1891,0.216195,2
0.147976,0.204341,0.0525819,2
0.15231,0.131455,0.0326609,2
0.168775,0.216737,0.0307819,2
0.224565,0.126843,0.163496,2
0.154298,0.203918,0.0629632,2
0.152326,0.135367,0.0317459,2
0.223135,0.198469,0.130557,2
0.163764,0.143764,0.168325,2
0.224317,0.208087,0.162202,2
0.2232,0.134611,0.186731,2
0.17112,0.157108,0.191835,2
0.174739,0.194609,0.143906,2
0.13984,0.143408,0.201185,2
0.193493,0.18972,0.0131474,2
0.196547,0.212378,0.163333,2
0.150302,0.164557,0.177895,2
0.198327,0.210955,0.156339,2
0.147452,0.217392,0.215532,2
0.172889,0.138224,0.189772,2
0.159431,0.167738,0.171554,2
0.150034,0.185582,0.0587253,2
0.193094,0.177649,0.216141,2
0.22094,0.171819,0.153317,2
0.222766,0.123171,0.0024502,2
0.167096,0.171572,0.118121,2
0.12765,0.19596,0.0728766,2
0.145242,0.182075,0.214984,2
0.158815,0.147081,0.0518136,2
0.222295,0.195963,0.0656709,2
0.165735,0.198691,0.0781249,2
0.214964,0.210836,0.157467,2
0.167303,0.222813,0.0825721,2
0.189255,0.167413,0.104681,2
0.158641,0.170298,0.175928,2
0.151738,0.150422,0.0977228,2
0.190249,0.20169,0.0577522,2
0.17148,0.22062,0.141289,2
0.197625,0.20342,0.192697,2
0.214187,0.171531,0.181544,2
0.131772,0.203414,0.0750748,2
0.150706,0.205065,0.141415,2
0.215898,0.131726,0.074311,2
0.131674,0.150671,0.115017,2
0.157674,0.132472,0.0749386,2
0.143793,0.115379,0.0450303,2
0.171631,0.188418,0.135928,2
0.154505,0.106313,0.076933,2
0.142729,0.114403,0.219274,2
0.129818,0.114878,0.098523,2
0.165428,0.144269,0.108806,2
0.146417,0.118525,0.0124807,2
0.19392,0.13046,0.103886,2
0.128182,0.124639,0.00364431,2
0.124814,0.186719,0.188668,2
0.135123,0.119552,0.00622834,2
0.0920968,0.111801,0.183761,3
0.0872683,0.103822,0.18948,3
0.0670257,0.103246,0.178217,3
0.0220797,0.111775,0.107385,3
0.0476495,0.0632809,0.00484656,3
0.080184,0.108415,0.117584,3
0.0167302,0.109134,0.217233,3
0.0861512,0.0591482,0.0620792,3
0.0143824,0.0246377,0.143896,3
0.0852049,0.060612,0.201568,3
0.0948629,0.0212538,0.110521,3
0.0548243,0.0803121,0.157071,3
0.0291792,0.0471385,0.2244,3
0.0279495,0.0736328,0.0530527,3
0.0616823,0.0333288,0.0661051,3
0.036111,0.0240744,0.0537713,3
0.117429,0.0435969,0.199628,3
0.0925235,0.115623,0.153541,3
0.104492,0.0473533,0.00119443,3
0.00668467,0.0795821,0.0721361,3
0.105452,0.0712675,0.06909,3
0.00576242,0.101257,0.0714614,3
0.00242402,0.0829153,0.150253,3
0.0813541,0.0222243,0.181179,3
0.0665757,0.0471374,0.0345783,3
0.0162248,0.0885189,0.0787345,3
0.0235052,0.0626038,0.196429,3
0.0549305,0.00646467,0.0157321,3
0.00229823,0.078049,0.0221698,3
0.0552071,0.0039961,0.0662237,3
0.0221205,0.000268593,0.201218,3
0.0052189,0.055314,0.0149326,3
0.0344152,0.00588065,0.112147,3
0.0486977,0.0869122,0.0740636,3
0.0855137,0.09378,0.224584,3
0.0489535,0.0195715,0.185071,3
0.0945138,0.0153246,0.12777,3
0.0843713,0.100983,0.127779,3
0.00915602,0.0222913,0.210909,3
0.0368621,0.0599017,0.189618,3
0.0780585,0.0956598,0.0409012,3
0.00786565,0.0625537,0.0205157,3
0.0208811,0.0323193,0.107962,3
0.0175965,0.0625013,0.0987827,3
0.0898144,0.0666,0.0792057,3
0.0674488,0.111594,0.0164626,3
0.0919617,0.0636129,0.0843742,3
0.00710158,0.0777924,0.000199367,3
0.102701,0.0518435,0.1699,3
0.0743728,0.00701795,0.0720524,3
0.00264083,0.0538795,0.0797729,3
0.0516937,0.0359382,0.21321,3
0.0888139,0.0701176,0.00789375,3
0.0358833,0.0374442,0.00902968,3
0.100093,0.107587,0.223038,3
0.0623388,0.0241749,0.173071,3
0.0671891,0.0486285,0.0305542,3
0.0993494,0.0299638,0.0943598,3
0.0950216,0.0265549,0.178836,3
0.0531178,0.0691755,0.0315649,3
0.0209081,0.0359135,0.118005,3
0.0595225,0.105193,0.124942,3
0.00450312,0.0850722,0.21408,3
0.0699736,0.0481724,0.036603,3
0.0910314,0.0361218,0.130439,3
0.106699,0.05309,0.0497937,3
0.107156,0.100671,0.0204992,3
0.113598,0.0747255,0.192025,3
0.047187,0.0783053,0.155167,3
0.0258817,0.102808,0.0680303,3
0.0289339,0.092751,0.0209563,3
0.1217,0.109721,0.112041,3
0.0782146,0.0393546,0.167822,3
0.104532,0.0784608,0.00487969,3
0.0680165,0.0784691,0.108018,3
0.0834161,0.0736098,0.0269746,3
0.0218085,0.00915423,0.025805,3
0.0351486,0.0809388,0.0410608,3
0.0526348,0.0445915,0.163231,3
0.047985,0.00120973,0.0710944,3
0.0182384,0.101683,0.0820909,3
0.0541349,0.00830212,0.0180322,3
0.118607,0.0779688,0.144395,3
0.0484864,0.0312322,0.0365485,3
0.0397469,0.0142612,0.0079298,3
0.0446021,0.0630991,0.0620136,3
0.0795659,0.0834747,0.186518,3
0.059301,0.0290682,0.186795,3
0.00910222,0.0667187,0.123109,3
0.0921872,0.0368852,0.221837,3
0.015204,0.0506665,0.120484,3
0.0812206,0.0532096,0.185299,3
0.0984472,0.0978812,0.0357185,3
0.0785579,0.104364,0.0797355,3
0.103068,0.0844695,0.116423,3
0.0500586,0.0667622,0.0367737,3
0.0846779,0.00598048,0.223681,3
0.0622948,0.0216365,0.160322,3
0.108927,0.0791519,0.022022,3
0.0595651,0.099001,0.213616,3
0.0659848,0.038725,0.0251644,3
0.0176915,0.0831698,0.139017,3
0.043095,0.0351112,0.136535,3
0.0732073,0.0727214,0.146012,3
0.0261302,0.0463022,0.126821,3
0.109994,0.0264345,0.130985,3
0.0311291,0.0593566,0.161263,3
0.0245478,0.064639,0.142503,3
0.0406174,0.0726257,0.0966926,3
0.0645931,0.0811729,0.0238839,3
0.0761996,0.0980881,0.124786,3
0.119371,0.00444808,0.0955035,3
0.0335864,0.0180708,0.101215,3
0.00460521,0.0111383,0.0643839,3
0.11569,0.0414657,0.0986541,3
0.00404064,0.0593771,0.0869605,3
0.0459347,0.0199965,0.102995,3
0.114362,0.0943612,0.217487,3
0.0357614,0.113927,0.22267,3
0.121588,0.102617,0.206213,3
0.102171,0.064731,0.112632,3
0.0519548,0.110316,0.125132,3
0.0186843,0.105332,0.178811,3
0.0605124,0.111667,0.138723,3
0.115555,0.108601,0.0101528,3
0.0945084,0.114007,0.140349,3
0.121269,0.025199,0.148103,3
0.0391141,0.115545,0.144386,3
0.0478323,0.115737,0.0766613,3
