x coord,y coord,z coord,rank
0.0755775,0.0233063,0.0717306,0
0.0282314,0.0220769,0.0820326,0
0.0533712,0.0732635,0.0395401,0
0.100997,0.0492655,0.0617459,0
0.119228,0.0840777,0.155603,0
0.109701,0.0215654,0.138535,0
0.073297,0.0110707,0.213109,0
0.0555788,0.0711078,0.0349789,0
0.0944985,0.0791744,0.0566296,0
0.106215,0.105544,0.177796,0
0.0765247,0.0316086,0.0556037,0
0.0763249,0.0489629,0.22292,0
0.0939944,0.104203,0.126566,0
0.0814287,0.0381963,0.0242372,0
0.109996,0.00728948,0.219476,0
0.0549983,0.0658396,0.18469,0
0.0281323,0.00683988,0.10782,0
0.0182204,0.056173,0.0581798,0
0.0251546,0.015965,0.00485126,0
0.0685939,0.0641402,0.148564,0
0.110253,0.0388878,0.117591,0
0.0610792,0.0831041,0.0482697,0
0.0317936,0.0774732,0.166904,0
0.0952891,0.094905,0.130428,0
0.0162603,0.0386075,0.20332,0
0.0345204,0.100603,0.116377,0
0.113878,0.0459736,0.136191,0
0.0516453,0.109302,0.0488803,0
0.0255142,0.109272,0.192681,0
0.0735649,0.0407007,0.129633,0
0.0344364,0.0379644,0.182578,0
0.0134116,0.0379703,0.112482,0
0.0981843,0.0935061,0.123923,0
0.0867852,0.0651818,0.0531787,0
0.0823013,0.0439598,0.11063,0
0.00494926,0.0689903,0.0128725,0
0.0964163,0.0517554,0.0924211,0
0.116652,0.0130238,0.213682,0
0.0679419,0.0262478,0.156819,0
0.11074,0.041876,0.0376792,0
0.117677,0.116206,0.0871289,0
0.0886854,0.0187333,0.177993,0
0.0839177,0.0379281,0.201295,0
0.0176336,0.0457403,0.189815,0
0.103291,0.0701199,0.0385138,0
0.0932982,0.0266222,0.157784,0
0.101779,0.0436202,0.190018,0
0.0616123,0.0736529,0.159926,0
0.0708813,0.063248,0.031916,0
0.00163984,0.0804289,0.162726,0
0.076731,0.0530055,0.0167707,0
0.0510778,0.0911768,0.0305263,0
0.0813404,0.0441319,0.184005,0
0.0336011,0.0812827,0.217964,0
0.106006,0.11615,0.0822926,0
0.105767,0.0834652,0.0998634,0
0.0441793,0.104071,0.0719393,0
0.065544,0.0288678,0.130642,0
0.0771584,0.109355,0.141615,0
0.052495,0.080578,0.159195,0
0.0330612,0.0337727,0.153019,0
0.0813882,0.0118092,0.0660682,0
0.040993,0.0334717,0.0552183,0
0.0497556,0.0317973,0.109824,0
0.0420531,0.0472466,0.204293,0
0.107305,0.0346856,0.220181,0
0.110658,0.106303,0.20178,0
0.103924,0.040855,0.0935052,0
0.104856,0.0937119,0.0720341,0
0.120371,0.0270316,0.210037,0
0.0417045,0.0558796,0.183121,0
0.0130786,0.0234136,0.194383,0
0.00877991,0.0309974,0.0386971,0
0.0589601,0.022652,0.128656,0
0.0339015,0.052488,0.169718,0
0.125197,0.0812498,0.163201,0
0.0081359,0.104623,0.084384,0
0.111376,0.0767297,0.0704746,0
0.0866433,0.097728,0.00686765,0
0.0564905,0.070495,0.213502,0
0.0308924,0.11214,0.0674356,0
0.0839742,0.00232774,0.0637284,0
0.0487265,0.0690099,0.105344,0
0.038206,0.00207487,0.0642011,0
0.0183836,0.0362203,0.0621497,0
0.117074,0.0480055,0.166158,0
0.00313461,0.0210173,0.187305,0
0.107838,0.0303637,0.0594916,0
0.110897,0.0689394,0.0775073,0
0.10868,0.0515456,0.149218,0
0.0789758,0.0485211,0.148317,0
0.00494402,0.0228395,0.193641,0
0.0930055,0.113055,0.122551,0
0.118269,0.0979482,0.0903176,0
0.0802948,0.055646,0.224385,0
0.035815,0.0353676,0.0272606,0
0.0421716,0.0164734,0.0233269,0
0.118529,0.0476726,0.0227409,0
0.00108408,0.106729,0.0871682,0
0.00705227,0.0723485,0.00891724,0
0.0696935,0.0749317,0.147061,0
0.0446879,0.00502932,0.19181,0
0.0440812,0.106286,0.00207798,0
0.0574589,0.111648,0.110948,0
0.103735,0.0651497,0.218481,0
0.0570811,0.0666456,0.190496,0
0.0567997,0.0979644,0.124782,0
0.0803459,0.0735443,0.171327,0
0.0436868,0.0759202,0.186794,0
0.0391763,0.102355,0.0548199,0
0.089587,0.0388072,0.178353,0
0.0258302,0.0610978,0.118463,0
0.0900208,0.0944305,0.0837899,0
0.0978273,0.0805338,0.173438,0
0.0386096,0.113063,0.120178,0
0.0136753,0.0557231,0.154123,0
0.0612276,0.0904095,0.0668919,0
0.00132467,0.032274,0.215716,0
0.00930138,0.0305416,0.167604,0
0.00674231,0.0508001,0.21666,0
0.00422047,0.0436909,0.177759,0
0.01625,0.0139233,0.0117698,0
0.0334454,0.0294438,0.0183658,0
0.0906927,0.0836352,0.0525662,0
0.00487664,0.0781186,0.00282159,0
0.0367488,0.0291569,0.0807087,0
0.117565,0.0295688,0.0678924,0
0.0782528,0.080773,0.00730362,0
0.115524,0.0145549,0.149815,0
0.0675238,0.0878672,0.0570318,0
0.0159107,0.113704,0.0929954,0
0.0626542,0.0368728,0.00974895,0
0.0698792,0.00345489,0.122932,0
0.00845207,0.0985884,0.0775322,0
0.0981703,0.0369848,0.129407,0
0.0497679,0.086189,0.14341,0
0.0246383,0.0454918,0.152687,0
0.035794,0.0688922,0.181884,0
0.0326873,0.0616129,0.0590992,0
0.0682432,0.0949217,0.211039,0
0.118307,0.044835,0.0417395,0
0.104878,0.0610917,0.16967,0
0.106593,0.00620617,0.171415,0
0.118337,0.0790017,0.00501213,0
0.12059,0.0670692,0.090064,0
0.115592,0.0745141,0.11528,0
0.106638,0.0947008,0.0504326,0
0.0657578,0.113637,0.0309593,0
0.122236,0.0397033,0.110331,0
0.110299,0.114256,0.167738,0
0.0679485,0.202181,0.0801411,1
0.0828561,0.167744,0.165132,1
0.119684,0.19476,0.218166,1
0.0405703,0.207356,0.157222,1
0.0319445,0.138143,0.223394,1
0.101125,0.174517,0.0226451,1
0.0431181,0.202336,0.119954,1
0.0995555,0.120075,0.211138,1
0.0412321,0.183769,0.10143,1
0.0510763,0.137453,0.107588,1
0.0426631,0.185561,0.105826,1
0.0972136,0.159823,0.205387,1
0.114783,0.160667,0.147901,1
0.0319228,0.159155,0.123937,1
0.0376482,0.119288,0.101362,1
0.0127321,0.150782,0.111703,1
0.0218599,0.219798,0.123153,1
0.0483931,0.182857,0.112961,1
0.0337674,0.165583,0.161876,1
0.0886756,0.217113,0.115049,1
0.0827344,0.125963,0.0689463,1
0.0380934,0.134581,0.0329295,1
0.124001,0.155944,0.138595,1
0.0774161,0.219375,0.130603,1
0.0347021,0.222444,0.012537,1
0.0148426,0.143568,0.153686,1
0.115221,0.205397,0.0437859,1
0.0751297,0.190274,0.0141084,1
0.101846,0.155103,0.183374,1
0.0603956,0.155107,0.121419,1
0.0711986,0.174839,0.0940036,1
0.0738055,0.207079,0.139181,1
0.05351,0.128639,0.0368047,1
0.0470808,0.19504,0.19412,1
0.0990861,0.176185,0.0926295,1
0.0434856,0.145149,0.0212808,1
0.121972,0.138707,0.157206,1
0.0254648,0.199796,0.097859,1
0.106233,0.184211,0.0588259,1
0.0318484,0.154265,0.155994,1
0.0470623,0.144059,0.161868,1
0.00768708,0.209373,0.0770731,1
0.122692,0.129635,0.0923854,1
0.0345554,0.163151,0.132196,1
0.0169626,0.163122,0.134875,1
0.0642388,0.223829,0.18145,1
0.0923445,0.152981,0.108664,1
0.00158634,0.151065,0.049107,1
0.0939001,0.200097,0.0806873,1
0.063567,0.126933,0.124827,1
0.103785,0.221852,0.00859711,1
0.0466856,0.134054,0.00947788,1
0.0539151,0.128973,0.0499732,1
0.0527055,0.163812,0.171707,1
0.125981,0.207352,0.219239,1
0.0294193,0.162484,0.130876,1
0.0524032,0.155803,0.0259147,1
0.0231302,0.153701,0.0642412,1
0.12459,0.216075,0.11601,1
0.0122271,0.120968,0.121199,1
0.0398795,0.13629,0.157742,1
0.112844,0.223295,0.0365896,1
0.122791,0.171372,0.176601,1
0.0871005,0.224095,0.140476,1
0.0124482,0.202263,0.214885,1
0.0597623,0.214986,0.214017,1
0.0204495,0.169573,0.00621566,1
0.0989318,0.210457,0.217278,1
0.0984984,0.144608,0.171448,1
0.063752,0.181629,0.00375228,1
0.0139122,0.183323,0.142368,1
0.104175,0.183875,0.0821752,1
0.121709,0.15248,0.144105,1
0.112047,0.129321,0.206238,1
0.030236,0.146251,0.064264,1
0.0490567,0.173416,0.109864,1
0.0937606,0.164871,0.18887,1
0.104643,0.176936,0.0457867,1
0.101152,0.2236,0.183854,1
0.0649692,0.181302,0.01963,1
0.0639974,0.137492,0.149657,1
0.0201848,0.215625,0.122624,1
0.0325137,0.191646,0.0306744,1
0.0650489,0.136076,0.131647,1
0.0543619,0.220432,0.0148998,1
0.0977036,0.194575,0.0440248,1
0.0816403,0.174656,0.174403,1
0.0697588,0.198258,0.105344,1
0.106612,0.201123,0.082534,1
0.000292723,0.216994,0.0465349,1
0.0049805,0.182277,0.0517696,1
0.0868896,0.19557,0.15374,1
0.0119327,0.135381,0.149425,1
0.112144,0.17442,0.101218,1
0.0751782,0.196493,0.113064,1
0.0211199,0.142717,0.0889611,1
0.019726,0.17173,0.151177,1
0.04845,0.155394,0.0258397,1
0.0659888,0.220337,0.0443894,1
0.10135,0.176886,0.100322,1
0.0621996,0.203907,0.0951059,1
0.12033,0.210327,0.119807,1
0.0897582,0.120384,0.0562544,1
0.0939742,0.17286,0.115945,1
0.0484097,0.131938,0.15442,1
0.0678031,0.181696,0.013238,1
0.091944,0.194492,0.119492,1
0.0877343,0.122595,0.0617109,1
0.0915302,0.118341,0.164681,1
0.0764308,0.135703,0.207263,1
0.0390921,0.158007,0.0332943,1
0.041168,0.211353,0.0262379,1
0.0495281,0.154344,0.063948,1
0.0290246,0.197471,0.212347,1
0.0711133,0.181774,0.115138,1
0.0736929,0.224096,0.117029,1
0.0837086,0.213434,0.083454,1
0.120268,0.144775,0.0682877,1
0.0126144,0.205248,0.17841,1
0.0116603,0.187072,0.00168455,1
0.11171,0.207251,0.0506697,1
0.0332717,0.146627,0.207521,1
0.132042,0.00160522,0.0904148,2
0.203617,0.0477595,0.136488,2
0.216214,0.0893821,0.144677,2
0.207002,0.0497195,0.129971,2
0.205599,0.0478903,0.131911,2
0.212416,0.048445,0.206498,2
0.19367,0.084479,0.0888202,2
0.210035,0.0459092,0.131894,2
0.203014,0.00330867,0.172327,2
0.221664,0.0748699,0.0424147,2
0.138482,0.0747216,0.0802104,2
0.195699,0.0755828,0.0453082,2
0.208215,0.0460054,0.130486,2
0.209244,0.0451911,0.132964,2
0.130315,0.00570533,0.0431697,2
0.204226,0.0488343,0.129771,2
0.134523,0.0355591,0.0429715,2
0.211114,0.0461119,0.132304,2
0.20803,0.0528434,0.131265,2
0.190473,0.0239382,0.200285,2
0.134607,0.0276902,0.0158092,2
0.200567,0.0573825,0.220898,2
0.152675,0.0047167,0.0882506,2
0.209545,0.0347569,0.157702,2
0.149212,0.031779,0.191123,2
0.20541,0.00806416,0.195245,2
0.174101,0.0614635,0.0225918,2
0.172131,0.0168627,0.102449,2
0.222414,0.0127512,0.0989507,2
0.183962,0.0103755,0.0781137,2
0.201978,0.0238012,0.00222034,2
0.206045,0.0448292,0.133746,2
0.207463,0.0485309,0.134646,2
0.152731,0.0194833,0.0359129,2
0.174059,0.0796271,0.154679,2
0.20153,0.0578768,0.161891,2
0.187504,0.0747548,0.142582,2
0.160371,0.0242591,0.148969,2
0.147049,0.0427494,0.138903,2
0.209446,0.0445247,0.133039,2
0.137058,0.0508827,0.053368,2
0.175985,0.017739,0.130372,2
0.177483,0.0660128,0.0990318,2
0.166066,0.021654,0.0525811,2
0.210565,0.0713029,0.00572358,2
0.217495,0.0791864,0.0223175,2
0.199588,0.00700801,0.215037,2
0.180952,0.0500972,0.158203,2
0.16093,0.0847521,0.208733,2
0.166912,0.0141359,0.194971,2
0.214243,0.0494757,0.133167,2
0.209123,0.00080709,0.216816,2
0.207891,0.0485104,0.129692,2
0.221262,0.0313583,0.116304,2
0.204366,0.0535048,0.128992,2
0.208198,0.0476693,0.130376,2
0.131192,0.00698204,0.0529179,2
0.180408,0.00959525,0.0171956,2
0.147714,0.0645286,0.0313044,2
0.186745,0.0437473,0.0224923,2
0.129614,0.0463666,0.204707,2
0.20836,0.0494262,0.129168,2
0.173089,0.05186,0.20138,2
0.208116,0.0510617,0.133112,2
0.192319,0.0757697,0.0893071,2
0.210451,0.0446739,0.132247,2
0.208103,0.0725293,0.000110403,2
0.128506,0.0272193,0.0895779,2
0.204718,0.0693109,0.0248285,2
0.20656,0.00276389,0.138395,2
0.160258,0.0149769,0.11251,2
0.207095,0.0502938,0.138213,2
0.166055,0.0778838,0.0392868,2
0.205267,0.0504161,0.133109,2
0.207555,0.0466642,0.132399,2
0.2128,0.0497542,0.136808,2
0.22313,0.0178475,0.0546373,2
0.175043,0.00353236,0.0949654,2
0.220268,0.078028,0.0894201,2
0.138721,0.0473561,0.182029,2
0.208758,0.0474708,0.13297,2
0.165186,0.0158669,0.101454,2
0.18452,0.0887827,0.0896084,2
0.162148,0.0397093,0.0347655,2
0.20595,0.0464103,0.0908946,2
0.204443,0.0475916,0.134393,2
0.207759,0.0487265,0.126323,2
0.206979,0.0438357,0.134382,2
0.205785,0.0428821,0.131639,2
0.128134,0.00729851,0.0550828,2
0.184583,0.0257804,0.0132624,2
0.132225,0.061289,0.191345,2
0.212474,0.0478802,0.133762,2
0.220611,0.0312677,0.18843,2
0.20846,0.0448541,0.130248,2
0.203644,0.0472032,0.135926,2
0.21015,0.0842888,0.0610491,2
0.204714,0.0485685,0.131409,2
0.209321,0.0501739,0.133516,2
0.206761,0.0435426,0.130262,2
0.20882,0.0502242,0.134541,2
0.148276,0.00966238,0.198829,2
0.209768,0.0515849,0.134928,2
0.209114,0.0452221,0.132373,2
0.146779,0.0554646,0.0146943,2
0.134758,0.0531112,0.100889,2
0.199373,0.0490097,0.128837,2
0.205406,0.0603977,0.102139,2
0.134367,0.0050864,0.153431,2
0.133836,0.0145882,0.121588,2
0.196761,0.0841837,0.15413,2
0.132244,0.0245694,0.200253,2
0.206128,0.134662,0.188099,3
0.134174,0.168918,0.0343796,3
0.148881,0.163282,0.17124,3
0.156301,0.125315,0.0909888,3
0.207435,0.0982829,0.0508657,3
0.140017,0.164398,0.194729,3
0.183858,0.105034,0.207421,3
0.150777,0.169115,0.156089,3
0.150976,0.209208,0.160036,3
0.166679,0.158898,0.0446653,3
0.160418,0.201906,0.139808,3
0.223319,0.113332,0.147904,3
0.149346,0.183333,0.0447633,3
0.180065,0.172889,0.0691774,3
0.22293,0.219094,0.0084831,3
0.196469,0.174445,0.0129555,3
0.165676,0.20891,0.144497,3
0.177835,0.163424,0.120169,3
0.190536,0.174,0.108848,3
0.19594,0.11533,0.0641206,3
0.18348,0.207974,0.158697,3
0.152624,0.176496,0.0670266,3
0.212743,0.176681,0.0842314,3
0.162854,0.127656,0.190504,3
0.196094,0.163586,0.197666,3
0.196348,0.0946715,0.0906062,3
0.174924,0.193388,0.117976,3
0.179633,0.105583,0.0699055,3
0.171196,0.189591,0.064774,3
0.129315,0.223662,0.143367,3
0.163633,0.221843,0.184007,3
0.190189,0.12938,0.0900255,3
0.139986,0.145604,0.173426,3
0.224801,0.198069,0.144079,3
0.193274,0.174642,0.180413,3
0.156518,0.116498,0.0303055,3
0.152209,0.158614,0.184766,3
0.149835,0.124797,0.126694,3
0.162594,0.148673,0.0290754,3
0.16831,0.136857,0.119463,3
0.217186,0.116573,0.158935,3
0.143267,0.151819,0.000562596,3
0.208506,0.13628,0.164716,3
0.178628,0.112572,0.130317,3
0.147311,0.117312,0.16705,3
0.175666,0.173864,0.141034,3
0.130218,0.155587,0.128651,3
0.166646,0.186309,0.0267096,3
0.211142,0.101227,0.119887,3
0.210322,0.135042,0.00913517,3
0.17947,0.179079,0.0521454,3
0.197743,0.211191,0.103589,3
0.195869,0.180255,0.150303,3
0.216325,0.168893,0.0939016,3
0.223211,0.111826,0.166159,3
0.161531,0.123516,0.0457991,3
0.1301,0.102679,0.106536,3
0.17432,0.111875,0.165215,3
0.171724,0.118986,0.10569,3
0.184337,0.195932,0.0148194,3
0.13051,0.157121,0.20241,3
0.190075,0.1111,0.117131,3
0.144508,0.126879,0.00486587,3
0.169772,0.171258,0.00180228,3
0.160762,0.138994,0.204125,3
0.219077,0.184331,0.0922529,3
0.165907,0.170271,0.148577,3
0.157116,0.148043,0.205592,3
0.173059,0.172528,0.0492039,3
0.150206,0.140273,0.00586207,3
0.19086,0.173349,0.172067,3
0.168346,0.217179,0.14357,3
0.136262,0.138041,0.151972,3
0.160891,0.113797,0.122,3
0.129414,0.0923848,0.00602274,3
0.203618,0.102051,0.135415,3
0.224916,0.12608,0.10988,3
0.14605,0.204148,0.146761,3
0.133672,0.128428,0.197705,3
0.154226,0.184843,0.109767,3
0.220803,0.128874,0.107415,3
0.165981,0.139114,0.208571,3
0.214386,0.217292,0.110059,3
0.146132,0.201913,0.0911421,3
0.131862,0.103047,0.0479793,3
0.164199,0.197614,0.0108816,3
0.202498,0.167833,0.0695531,3
0.180489,0.0922273,0.0467164,3
0.16266,0.118987,0.0149386,3
0.142855,0.156067,0.117426,3
0.184631,0.167848,0.0240676,3
0.217359,0.221648,0.177049,3
0.14248,0.118209,0.168148,3
0.177384,0.159716,0.210878,3
0.163409,0.205937,0.0197504,3
0.22144,0.17199,0.0883901,3
0.155938,0.207143,0.0842014,3
0.216946,0.188698,0.0133628,3
0.180514,0.180758,0.207436,3
0.205712,0.12626,0.112236,3
0.212462,0.122787,0.187874,3
0.200864,0.172362,0.13912,3
0.200841,0.207821,0.170435,3
0.217893,0.191792,0.187764,3
0.209252,0.150995,0.0026855,3
0.192971,0.145451,0.22076,3
0.151148,0.10227,0.0917007,3
0.157625,0.172557,0.13271,3
0.14461,0.198893,0.121821,3
0.207643,0.152529,0.16454,3
0.197059,0.162725,0.0316543,3
0.148837,0.17744,0.151561,3
0.193055,0.131864,0.154453,3
0.162391,0.171436,0.0700613,3
0.176374,0.153221,0.155137,3
0.126757,0.158467,0.0566701,3
