x coord,y coord,z coord,rank
0.15399,0.201872,0.0768554,0
0.21075,0.141696,0.00246401,0
0.15359,0.1041,0.0100641,0
0.144624,0.0671007,0.00621157,0
0.140895,0.170472,0.0438399,0
0.218158,0.0410278,0.0486213,0
0.149482,0.0264132,0.0707388,0
0.163337,0.0403974,0.06029,0
0.180842,0.0868174,0.0515017,0
0.214648,0.0907262,0.0580344,0
0.168988,0.0897594,0.033302,0
0.160827,0.0609445,0.026324,0
0.204172,0.157609,0.0773672,0
0.166112,0.0692347,0.0678196,0
0.22433,0.00628735,0.0739862,0
0.182605,0.086578,0.0665904,0
0.217375,0.0763651,0.0708463,0
0.173652,0.127042,0.0408792,0
0.184684,0.196633,0.0850902,0
0.169843,0.120413,0.0216593,0
0.223616,0.220476,0.00922617,0
0.215505,0.0246064,0.0602732,0
0.177168,0.123494,0.0927232,0
0.182509,0.111491,0.0223456,0
0.192496,0.0361084,0.0737209,0
0.221914,0.022495,0.054012,0
0.173078,0.209151,0.0429125,0
0.216985,0.0261312,0.0613401,0
0.215229,0.0259709,0.0550606,0
0.187402,0.002055,0.0473338,0
0.216195,0.0230149,0.0599747,0
0.140656,0.212907,0.0941387,0
0.169867,0.00107071,0.0248277,0
0.147433,0.0716099,0.0986885,0
0.147223,0.00366575,0.0895199,0
0.222968,0.223003,0.0324065,0
0.176286,0.0189826,0.0489005,0
0.217736,0.0222165,0.0562686,0
0.185585,0.145422,0.0841505,0
0.214944,0.0414302,0.0280587,0
0.213612,0.0734645,0.0998358,0
0.213628,0.0219696,0.0558047,0
0.223557,0.0999811,0.0207296,0
0.147778,0.0433623,0.0134501,0
0.220215,0.0233903,0.0587576,0
0.217088,0.0221657,0.0550315,0
0.222364,0.0242398,0.0587014,0
0.22456,0.0804061,0.0195615,0
0.156391,0.0608626,0.0371826,0
0.199406,0.045075,0.0109051,0
0.203422,0.129952,0.00526166,0
0.216974,0.0220163,0.0521917,0
0.22172,0.0986205,0.0723387,0
0.219901,0.216754,0.00215796,0
0.216631,0.0219266,0.0539582,0
0.219775,0.0276477,0.0600482,0
0.177246,0.0696478,0.0553562,0
0.156875,0.159691,0.0720387,0
0.178655,0.177313,0.100059,0
0.215683,0.0279125,0.060426,0
0.217475,0.0232948,0.0609112,0
0.214473,0.0241692,0.0564287,0
0.185163,0.0188904,0.0374502,0
0.215198,0.0250622,0.0578732,0
0.182904,0.162256,0.102315,0
0.213143,0.0296296,0.0555725,0
0.147192,0.182771,0.103285,0
0.187967,0.080323,0.0680298,0
0.153691,0.170173,0.0737304,0
0.206205,0.136583,0.0859879,0
0.221912,0.0272982,0.0580498,0
0.213715,0.0186896,0.0588561,0
0.216086,0.0231569,0.0555806,0
0.220003,0.0243344,0.0594784,0
0.174295,0.142076,0.0417789,0
0.220095,0.0251255,0.0603712,0
0.161373,0.023546,0.0542519,0
0.214725,0.0269002,0.0590235,0
0.214399,0.0253262,0.0549334,0
0.140792,0.0963778,0.00841375,0
0.218064,0.0233579,0.0594538,0
0.173059,0.0876336,0.0298615,0
0.206226,0.154685,0.0813405,0
0.186315,0.15814,0.0203837,0
0.215551,0.0224783,0.059125,0
0.203762,0.173155,0.0903364,0
0.220904,0.00832766,0.0861131,0
0.218878,0.0605911,0.00753139,0
0.222106,0.0212821,0.0583577,0
0.215929,0.0272508,0.0558256,0
0.217426,0.0276366,0.0579519,0
0.168781,0.089178,0.100553,0
0.213067,0.137373,0.0529622,0
0.215909,0.215384,0.0791303,0
0.222383,0.0218434,0.0563364,0
0.216354,0.0236318,0.051636,0
0.224125,0.0509144,0.0619297,0
0.169023,0.120364,0.0801003,0
0.16846,0.135255,0.0299304,0
0.217384,0.0203282,0.0571053,0
0.218336,0.00919475,0.0326769,0
0.214127,0.0246429,0.0554722,0
0.217505,0.0203947,0.0591501,0
0.164508,0.0419345,0.0581604,0
0.215707,0.0190241,0.0588406,0
0.222927,0.0246636,0.0566495,0
0.213286,0.0254324,0.057279,0
0.221915,0.0826965,0.0954783,0
0.180349,0.0498761,0.00458559,0
0.190795,0.212153,0.0981428,0
0.206183,0.191707,0.0555777,0
0.178533,0.0637198,0.0562333,0
0.142623,0.223821,0.058123,0
0.163675,0.177716,0.0060567,0
0.219174,0.10096,0.0497055,0
0.174848,0.0586719,0.0138834,0
0.0497986,0.143287,0.162419,1
0.0682447,0.169746,0.222894,1
0.0798296,0.105965,0.198134,1
0.093046,0.204387,0.113411,1
0.0166884,0.199839,0.177927,1
0.100471,0.0868291,0.219569,1
0.0397654,0.221507,0.193268,1
0.0671409,0.110845,0.153083,1
0.0175239,0.165926,0.196255,1
0.0531082,0.0659293,0.202162,1
0.0329394,0.151865,0.11094,1
0.0889889,0.168987,0.137266,1
0.0897351,0.160753,0.111593,1
0.010462,0.183982,0.136459,1
0.0232591,0.130404,0.133284,1
0.0507849,0.201529,0.179587,1
0.06014,0.12011,0.140118,1
0.066669,0.184459,0.204931,1
0.100952,0.213821,0.145187,1
0.0597339,0.0762268,0.176238,1
0.0550533,0.134919,0.136661,1
0.0149311,0.188865,0.214545,1
0.0634885,0.201913,0.143028,1
0.0686239,0.180978,0.119391,1
0.0643418,0.166236,0.128225,1
0.0420433,0.216556,0.20281,1
0.0690728,0.184646,0.224487,1
0.0184703,0.114195,0.148605,1
0.0321968,0.0032823,0.16422,1
0.0230503,0.159251,0.106983,1
0.0541561,0.17898,0.199848,1
0.0495831,0.117563,0.149295,1
0.0120321,0.0272288,0.145854,1
0.0632732,0.0427614,0.188315,1
0.0722202,0.04034,0.186078,1
0.0828863,0.0868186,0.10972,1
0.0451098,0.208843,0.13626,1
0.0631255,0.111321,0.147357,1
0.00267694,0.190971,0.165726,1
0.0594797,0.0840618,0.170929,1
0.107405,0.084243,0.109086,1
0.0148048,0.176115,0.159032,1
0.0465372,0.0983816,0.12536,1
0.0555964,0.119306,0.180193,1
0.0616726,0.18407,0.212214,1
0.0743517,0.00760653,0.174272,1
0.0650416,0.133079,0.224144,1
0.0342815,0.221839,0.110899,1
0.0783029,0.224856,0.143281,1
0.0671006,0.108451,0.156378,1
0.0430264,0.0167946,0.119514,1
0.0240842,0.159346,0.18654,1
0.0849164,0.0875986,0.120573,1
0.0675805,0.0210597,0.153874,1
0.0321661,0.0758713,0.146271,1
0.0696854,0.0245633,0.181471,1
0.0277592,0.222925,0.195666,1
0.0937389,0.0221869,0.121831,1
0.0863791,0.0252145,0.215329,1
0.078797,0.188552,0.211367,1
0.0251843,0.0612679,0.136039,1
0.0735304,0.0821633,0.160908,1
0.00188622,0.0726524,0.169457,1
0.0579535,0.0344058,0.14626,1
0.0881912,0.0185808,0.156407,1
0.104687,0.0239213,0.209648,1
0.0633094,0.0580435,0.168209,1
0.00075146,0.00285178,0.142651,1
0.0522518,0.0609079,0.169096,1
0.0403925,0.0959353,0.179017,1
0.0607623,0.13161,0.118601,1
0.0878325,0.140005,0.108994,1
0.0799898,0.0072619,0.158083,1
0.0372091,0.109459,0.190235,1
0.0561467,0.0355792,0.174012,1
0.0968414,0.0710528,0.179395,1
0.0250794,0.118544,0.124805,1
0.0965183,0.13038,0.163593,1
0.0170053,0.0647453,0.166762,1
0.0478588,0.161068,0.135625,1
0.0797588,0.0355235,0.167976,1
0.0251975,0.204609,0.196072,1
0.00486725,0.179075,0.173587,1
0.0048566,0.00433539,0.131228,1
0.0807614,0.188686,0.10471,1
0.107506,0.0248236,0.165562,1
0.0491817,0.149154,0.152258,1
0.014317,0.125374,0.18372,1
0.0246447,0.102578,0.116133,1
0.0371164,0.135923,0.218839,1
0.0194837,0.207508,0.156333,1
0.0483368,0.0860627,0.188389,1
0.0703399,0.108247,0.128834,1
0.105766,0.0569269,0.186682,1
0.068308,0.151608,0.209783,1
0.0201671,0.190709,0.165591,1
0.0921258,0.0302521,0.105954,1
0.009761,0.184931,0.145711,1
0.0705298,0.0778318,0.109019,1
0.0548538,0.0980606,0.131882,1
0.0870791,0.0255049,0.127815,1
0.0713906,0.015576,0.161107,1
0.0605014,0.204175,0.142362,1
0.0694129,0.0523743,0.190756,1
0.0740029,0.0778836,0.106156,1
0.0299345,0.152083,0.14854,1
0.0127368,0.105121,0.141744,1
0.0419118,0.0520959,0.186339,1
0.0383684,0.168132,0.198914,1
0.0667842,0.104728,0.160541,1
0.0360767,0.0238273,0.109511,1
0.101275,0.084413,0.155341,1
0.0436894,0.0688811,0.12806,1
0.0325744,0.190968,0.123923,1
0.0610973,0.195563,0.163436,1
0.103317,0.0744033,0.108685,1
0.0329487,0.0116202,0.222432,1
0.0104703,0.15057,0.181774,1
0.107343,0.0405198,0.175337,1
0.103077,0.038996,0.107316,1
0.106463,0.189326,0.13663,1
0.103981,0.0685569,0.167311,1
0.00284224,0.130108,0.105163,1
0.0287369,0.0829098,0.109765,1
0.102037,0.088351,0.0295534,2
0.124591,0.0046245,0.0661376,2
0.125212,0.0825642,0.0148668,2
0.104272,0.150204,0.00612678,2
0.110264,0.193121,0.0156046,2
0.0512209,0.194586,0.0917066,2
0.134408,0.049785,0.0206375,2
0.10841,0.0264057,0.00532637,2
0.110558,0.0314781,0.0964997,2
0.0957975,0.1413,0.0469902,2
0.103164,0.202994,0.0562171,2
0.11766,0.0269691,0.040315,2
0.109575,0.220372,0.0229671,2
0.0107895,0.0785991,0.057283,2
0.132565,0.126918,0.0978934,2
0.0168255,0.077859,0.0591581,2
0.118619,0.126521,0.0259465,2
0.0778839,0.0617819,0.0794557,2
0.137931,0.134136,0.0877108,2
0.10096,0.0667494,0.0523998,2
0.100018,0.0448717,0.0228132,2
0.0973599,0.131973,0.101686,2
0.0911298,0.150038,0.0145097,2
0.137204,0.183479,0.0300569,2
0.101736,0.213824,0.0726042,2
0.0436778,0.0312906,0.0234383,2
0.111599,0.181781,0.099144,2
0.101378,0.144925,0.100776,2
0.00843792,0.0536288,0.0089968,2
0.115895,0.180227,0.0560856,2
0.107803,0.016541,0.0523422,2
0.0319136,0.116684,0.0686302,2
0.0421543,0.111171,0.0183092,2
0.0108662,0.0519073,0.0280678,2
0.0563328,0.000191017,0.0382708,2
0.111659,0.102361,0.0969958,2
0.0460316,0.192526,0.0203165,2
0.0056678,0.130165,0.0193883,2
0.0833771,0.0186105,0.0138587,2
0.0904258,0.15456,0.0254646,2
0.0437732,0.0837297,0.102199,2
0.0147715,0.0720422,0.000405065,2
0.0254289,0.121353,0.00107326,2
0.0998966,0.169976,0.00424882,2
0.109063,0.18256,0.0401234,2
0.104914,0.0168549,0.0051944,2
0.00873427,0.217528,0.0108801,2
0.0676565,0.0981486,0.0927807,2
0.0725724,0.21026,0.0295297,2
0.0836655,0.0795872,0.0213789,2
0.110056,0.00246734,0.0723936,2
0.125411,0.0696151,0.0701246,2
0.12084,0.0673356,0.0107806,2
0.0597227,0.0533983,0.0204017,2
0.0913684,0.118063,0.0220658,2
0.114151,0.0742299,0.0762501,2
0.0367726,0.199993,0.00303126,2
0.04038,0.118522,0.00672664,2
0.048736,0.188963,0.066897,2
0.0987269,0.207848,0.0905864,2
0.081058,0.112778,0.0756581,2
0.0870941,0.0252892,0.0234139,2
0.0248975,0.141842,0.0533601,2
0.0577744,0.0523856,0.0477158,2
0.0272744,0.0152037,0.00283495,2
0.0807788,0.0458849,0.0117073,2
0.0123206,0.211518,0.0931154,2
0.107625,0.0471086,0.0583443,2
0.0377366,0.0670889,0.0527707,2
0.0666578,0.223637,0.00842733,2
0.032402,0.161968,0.0280972,2
0.124822,0.0756055,0.0870079,2
0.0339391,0.0955013,0.100628,2
0.11151,0.000945031,0.0064837,2
0.132728,0.0905568,0.0963329,2
0.036788,0.0422495,0.0537693,2
0.0686351,0.125586,0.0522039,2
0.125737,0.0643735,0.101253,2
0.0814144,0.0224059,0.0924491,2
0.0666569,0.152056,0.0411358,2
0.0559362,0.103932,0.061685,2
0.0405586,0.0477071,0.0157913,2
0.000703668,0.199904,0.00810579,2
0.00253896,0.205993,0.0786457,2
0.105593,0.182011,0.0446142,2
0.0348684,0.218306,0.0364645,2
0.114513,0.0474029,0.0839823,2
0.0657917,0.154245,0.0783694,2
0.0337544,0.187514,0.0949657,2
0.0315429,0.0360534,0.0954833,2
0.0821439,0.13181,0.020678,2
0.0861987,0.118758,0.0226321,2
0.000487339,0.0822771,0.0395082,2
0.0103571,0.126853,0.0144011,2
0.108851,0.0457876,0.0170189,2
0.00268888,0.0124009,0.0641247,2
0.125536,0.207994,0.0560509,2
0.0423062,0.206381,0.0315392,2
0.0701995,0.169782,0.0355715,2
0.0850462,0.178856,0.0733945,2
0.111177,0.0930346,0.0388464,2
0.0340911,0.0522081,0.0696515,2
0.0440516,0.00266296,0.0560741,2
0.0951536,0.0349229,0.00642786,2
0.114493,0.117552,0.0587654,2
0.107664,0.181739,0.0655675,2
0.067937,0.0463102,0.0629805,2
0.00540566,0.204373,0.0612029,2
0.114785,0.0281912,0.0371166,2
0.034176,0.191514,0.044133,2
0.0164353,0.173011,0.0393882,2
0.0876227,0.215572,0.0481687,2
0.024494,0.0118749,0.0645147,2
0.0388343,0.0961132,0.0732205,2
0.0448095,0.126598,0.0471861,2
0.041151,0.0201864,0.0912681,2
0.137983,0.154996,0.048054,2
0.116721,0.0780796,0.0737101,2
0.0207433,0.168601,0.0190335,2
0.00193754,0.19546,0.0211776,2
0.000791347,0.0794457,0.0706019,2
0.118974,0.0809195,0.0367071,2
0.121387,0.159416,0.0918967,2
0.105045,0.111089,0.0903309,2
0.132274,0.126228,0.0356955,2
0.125999,0.124364,0.0865235,2
0.136924,0.0120436,0.0995233,2
0.0967705,0.0310924,0.101427,2
0.121403,0.0339981,0.212156,3
0.111153,0.202998,0.127478,3
0.111953,0.0604809,0.148337,3
0.120487,0.00988645,0.160737,3
0.11474,0.214588,0.163323,3
0.224438,0.0881432,0.189327,3
0.121264,0.0721699,0.195745,3
0.123934,0.0426423,0.214687,3
0.118522,0.0953802,0.147086,3
0.114798,0.0240309,0.119794,3
0.120772,0.0504661,0.152304,3
0.117021,0.0687054,0.194791,3
0.135763,0.221819,0.136479,3
0.201024,0.113538,0.173398,3
0.114407,0.124728,0.127769,3
0.167771,0.188952,0.112288,3
0.173469,0.106269,0.149974,3
0.186699,0.172803,0.130921,3
0.137449,0.186132,0.186529,3
0.211228,0.14837,0.143404,3
0.178972,0.102198,0.188467,3
0.158176,0.037291,0.154134,3
0.118039,0.178176,0.168069,3
0.205171,0.173271,0.146019,3
0.219033,0.104393,0.116723,3
0.224812,0.178011,0.181467,3
0.145628,0.190043,0.195715,3
0.203837,0.181634,0.130037,3
0.182414,0.21269,0.14275,3
0.162313,0.0661644,0.10902,3
0.214242,0.0475124,0.105605,3
0.162773,0.207795,0.109448,3
0.198484,0.1376,0.13866,3
0.153018,0.168384,0.135432,3
0.115059,0.0551147,0.121036,3
0.145445,0.0269718,0.112754,3
0.113577,0.13797,0.176403,3
0.160035,0.0350636,0.133474,3
0.115783,0.200696,0.205256,3
0.108918,0.00474181,0.119396,3
0.176729,0.0774272,0.127533,3
0.142318,0.056983,0.17146,3
0.118139,0.174234,0.152476,3
0.125378,0.158186,0.11373,3
0.21913,0.0950569,0.200665,3
0.21301,0.165609,0.189277,3
0.182884,0.15615,0.22474,3
0.129713,0.136269,0.158759,3
0.143696,0.0589771,0.190838,3
0.132626,0.131923,0.183623,3
0.16446,0.107572,0.190452,3
0.17599,0.00719644,0.121451,3
0.1887,0.0833964,0.144799,3
0.147513,0.0145829,0.184154,3
0.215365,0.00750129,0.214311,3
0.165387,0.0901279,0.122461,3
0.172176,0.106497,0.145526,3
0.187056,0.221042,0.217938,3
0.154833,0.115874,0.10968,3
0.141224,0.037165,0.119658,3
0.212697,0.0822583,0.178976,3
0.113449,0.190018,0.117402,3
0.174114,0.157262,0.181749,3
0.176092,0.0395635,0.218517,3
0.121852,0.0187123,0.115099,3
0.186642,0.088483,0.223777,3
0.213284,0.0943363,0.121533,3
0.140926,0.00187881,0.185587,3
0.171923,0.177515,0.126216,3
0.138834,0.216078,0.150494,3
0.174287,0.0423871,0.185788,3
0.118837,0.178938,0.1653,3
0.216275,0.221441,0.171804,3
0.202054,0.0456382,0.194069,3
0.197269,0.154315,0.200597,3
0.16716,0.206746,0.199244,3
0.137697,0.0354482,0.217521,3
0.151757,0.168996,0.13248,3
0.183569,0.0626466,0.119205,3
0.223693,0.214494,0.17647,3
0.144904,0.0992232,0.187584,3
0.118423,0.166353,0.155167,3
0.121327,0.221388,0.171172,3
0.132331,0.115863,0.171188,3
0.180348,0.0825332,0.203786,3
0.150381,0.0760642,0.164183,3
0.156307,0.112985,0.182542,3
0.152436,0.0751547,0.175596,3
0.129487,0.0323154,0.103423,3
0.19066,0.207813,0.190345,3
0.157069,0.0143804,0.187806,3
0.183678,0.217476,0.144919,3
0.186152,0.0235042,0.224057,3
0.186626,0.074865,0.137898,3
0.188148,0.0294223,0.164333,3
0.161796,0.0729944,0.128464,3
0.216608,0.0273883,0.174612,3
0.15588,0.218172,0.118612,3
0.167689,0.0138435,0.204361,3
0.195834,0.205099,0.153951,3
0.163276,0.0333205,0.142559,3
0.193175,0.0530134,0.141301,3
0.196138,0.0174413,0.163188,3
0.141191,0.0450954,0.119606,3
0.138793,0.0811,0.146533,3
0.118849,0.140111,0.17731,3
0.110983,0.185457,0.173668,3
0.169931,0.213386,0.186633,3
0.188712,0.10625,0.113686,3
0.197734,0.0500674,0.155195,3
0.175578,0.152005,0.180888,3
0.144726,0.0242302,0.119565,3
0.189612,0.0906265,0.146168,3
0.127555,0.201468,0.108447,3
0.166162,0.161905,0.204485,3
0.188213,0.0668528,0.160945,3
0.188911,0.213378,0.200331,3
0.194279,0.0663292,0.124236,3
0.208011,0.0512866,0.135374,3
0.189732,0.000441549,0.114579,3
0.174782,0.146511,0.121484,3
0.179195,0.119673,0.120289,3
0.117654,0.059483,0.151682,3
0.136685,0.119903,0.153015,3
0.149034,0.0845264,0.171276,3
0.114124,0.00950686,0.159354,3
0.153415,0.130605,0.117663,3
0.119184,0.20701,0.172219,3
0.117479,0.0444314,0.114728,3
0.202989,0.201797,0.109038,3
0.112825,0.192164,0.116888,3
0.109048,0.215854,0.126196,3
