x coord,y coord,z coord,rank
0.0404635,0.0407709,0.121714,0
0.0890498,0.0280616,0.0956396,0
0.091615,0.0681246,0.0874216,0
0.119189,0.0363303,0.070602,0
0.101983,0.0177615,0.03455,0
0.112426,0.0974643,0.168911,0
0.0834351,0.0515513,0.148887,0
0.0968341,0.0631445,0.198874,0
0.114533,0.0722591,0.152046,0
0.0151722,0.021966,0.132937,0
0.112393,0.0836418,0.134057,0
0.0575333,0.102038,0.0211865,0
0.0772373,0.0702034,0.157129,0
0.107205,0.0870345,0.217377,0
0.0146864,0.0682257,0.157895,0
0.0870046,0.0710905,0.0883569,0
0.0281848,0.0203642,0.129127,0
0.00465932,0.104743,0.0977555,0
0.00119875,0.0945353,0.0113474,0
0.0684431,0.078545,0.0906156,0
0.120846,0.0829195,0.155294,0
0.0834411,0.0874642,0.119253,0
0.0952609,0.0108233,0.177226,0
0.116742,0.0595471,0.0369046,0
0.114535,0.0671949,0.0470202,0
0.0391108,0.0749579,0.0777514,0
0.107627,0.0240469,0.0148713,0
0.00289046,0.0108107,0.206375,0
0.0436098,0.0671904,0.154609,0
0.131808,0.0196334,0.191847,0
0.0739603,0.0321136,0.214393,0
0.117661,0.00796388,0.0798574,0
0.124293,0.0848296,0.15374,0
0.116288,0.0921886,0.0804191,0
0.03579,0.0849182,0.0583663,0
0.0848209,0.0115117,0.16097,0
0.0428332,0.01219,0.208991,0
0.0233834,0.0113299,0.199885,0
0.00629353,0.0528152,0.0811108,0
0.0407727,0.0483458,0.185731,0
0.127337,0.0662362,0.113041,0
0.100923,0.0382129,0.171187,0
0.119529,0.0710264,0.190981,0
0.10021,0.0614591,0.170089,0
0.0446257,0.0767731,0.00276969,0
0.102679,0.0470131,0.0810668,0
0.0791537,0.000615812,0.129049,0
0.0218876,0.00091287,0.00991792,0
0.106796,0.00148229,0.169096,0
0.0597911,0.0627591,0.12664,0
0.0865847,0.0807993,0.19256,0
0.0202084,0.0962152,0.0661965,0
0.113591,0.0151067,0.154114,0
0.103288,0.00831769,0.137631,0
0.00633171,0.0610034,0.0753328,0
0.0851693,0.0382113,0.194328,0
0.00553144,0.0332747,0.194991,0
0.0728518,0.0443968,0.140143,0
0.0831603,0.0690294,0.0363054,0
0.0357666,0.090209,0.0917415,0
0.0695357,0.00152734,0.072145,0
0.0879291,0.101458,0.167716,0
0.0767168,0.0780027,0.0465955,0
0.00398058,0.084924,0.119136,0
0.0135027,0.0781634,0.209345,0
0.0663541,0.0511278,0.152818,0
0.0240073,0.0573519,0.0603566,0
0.0472304,0.0873245,0.169704,0
0.0570875,0.0801266,0.210097,0
0.00346449,0.077773,0.120341,0
0.00415109,0.03305,0.209603,0
0.0573588,0.0200601,0.209556,0
0.0133853,0.00890283,0.115958,0
0.126711,0.0125881,0.222746,0
0.103442,0.0298938,0.183531,0
0.027069,0.020002,0.131776,0
0.130207,0.00384119,0.135499,0
0.0351232,0.0968053,0.128577,0
0.119618,0.0279584,0.167717,0
0.044826,0.0045793,0.020873,0
0.0882724,0.0531548,0.133777,0
0.0331095,0.0739869,0.198577,0
0.00454796,0.0143618,0.0725535,0
0.129465,0.00559959,0.125174,0
0.112911,0.0142693,0.0993779,0
0.0743484,0.0757333,0.157246,0
0.0386302,0.04917,0.0485565,0
0.12691,0.0263972,0.0798484,0
0.0751647,0.0491218,0.178976,0
0.0617451,0.0196489,0.0429047,0
0.0851765,0.0933628,0.0903113,0
0.0849949,0.0815155,0.0223791,0
0.125642,0.0870624,0.0470934,0
0.0444869,0.0158082,0.211359,0
0.00188861,0.0772392,0.16955,0
0.0910308,0.0871686,0.206589,0
0.111643,0.0899958,0.0555036,0
0.0175277,0.0814548,0.155074,0
0.00312021,0.0509249,0.00139109,0
0.0719936,0.0199143,0.153734,0
0.0230845,0.083232,0.155347,0
0.0412425,0.00970662,0.110952,0
0.124971,0.0985851,0.143911,0
0.0175966,0.0230761,0.114204,0
0.0680633,0.0231454,0.00226567,0
0.0589196,0.0347538,0.126811,0
0.0838485,0.0902444,0.0425913,0
0.0667186,0.00893364,0.210896,0
0.0433274,0.076375,0.187897,0
0.0368331,0.0523974,0.0974843,0
0.0554661,0.0580762,0.208944,0
0.056634,0.0966988,0.0135639,0
0.0872252,0.00226819,0.0487976,0
0.0623034,0.0936133,0.0397152,0
0.0997276,0.0959963,0.0817072,0
0.0642311,0.0696361,0.0232885,0
0.105199,0.103642,0.120679,0
0.0926085,0.0138491,0.0267565,0
0.073918,0.0599956,0.109845,0
0.031139,0.0440872,0.00386217,0
0.0423986,0.0534329,0.0602028,0
0.0434915,0.102084,0.118129,0
0.0522478,0.162229,0.190401,1
0.0646888,0.212108,0.0764755,1
0.00606774,0.12405,0.0586712,1
0.0832374,0.113793,0.0656024,1
0.0645938,0.182856,0.18469,1
0.0138227,0.135238,0.101893,1
3.32538e-06,0.123179,0.0396302,1
0.00264055,0.204054,0.0517676,1
0.0401515,0.20426,0.166221,1
0.102181,0.213578,0.100823,1
0.0523354,0.194146,0.0847072,1
0.0988248,0.144031,0.082068,1
0.00802035,0.151983,0.199004,1
0.0241786,0.21159,0.154772,1
0.0176882,0.149215,0.056304,1
0.0618701,0.194022,0.187588,1
0.0203143,0.184882,0.148929,1
0.0670894,0.138931,0.134717,1
0.0111761,0.127275,0.149475,1
0.061286,0.204371,0.121536,1
0.05086,0.206762,0.143187,1
0.0540182,0.160223,0.166748,1
0.0335595,0.224325,0.0297173,1
0.0672269,0.202197,0.162941,1
0.0769281,0.168341,0.170194,1
0.0868711,0.13817,0.0702634,1
0.0975583,0.155683,0.182262,1
0.0745186,0.12381,0.197875,1
0.0713053,0.161545,0.0763692,1
0.0471399,0.188551,0.0864285,1
0.0689553,0.215877,0.0776115,1
0.0230382,0.180047,0.0241172,1
0.0434371,0.186116,0.0838544,1
0.0884171,0.115105,0.0137629,1
0.0497337,0.14149,0.210246,1
0.0818848,0.188565,0.0989508,1
0.0994407,0.140154,0.206742,1
0.00711246,0.202502,0.221994,1
0.0998514,0.135426,0.0699577,1
0.0771799,0.116859,0.00593728,1
0.0405029,0.196786,0.0827972,1
0.0113639,0.144374,0.194124,1
0.00724418,0.210415,0.0979951,1
0.0640264,0.111579,0.0970549,1
0.00418471,0.206254,0.145254,1
0.0793627,0.14406,0.215544,1
0.00942512,0.203868,0.144443,1
0.049105,0.17688,0.0078679,1
0.0357599,0.11803,0.0658828,1
0.000463335,0.124783,0.0058062,1
0.0642275,0.157628,0.0528111,1
0.101547,0.125297,0.164694,1
0.0933848,0.223739,0.195722,1
0.0346463,0.191386,0.150941,1
0.0191548,0.171598,0.138471,1
0.00580016,0.170765,0.153366,1
0.103173,0.207693,0.15956,1
0.02463,0.137405,0.135443,1
0.00446396,0.215234,0.112496,1
0.054971,0.128768,0.190893,1
0.0956645,0.185552,0.0335573,1
0.0327226,0.218911,0.00845833,1
0.0712416,0.205243,0.0950294,1
0.0518163,0.140502,0.177664,1
0.0216347,0.215243,0.0255714,1
0.0997928,0.129604,0.0521809,1
0.0801578,0.109768,0.092841,1
0.0213916,0.120988,0.0828155,1
0.0505414,0.190237,0.134086,1
0.0917433,0.152475,0.0853997,1
0.0867833,0.196453,0.0260458,1
0.0196535,0.189203,0.0901055,1
0.0397572,0.196784,0.0335284,1
0.0216781,0.170932,0.00245711,1
0.0839056,0.201994,0.123482,1
0.06647,0.117119,0.207304,1
0.0652418,0.206028,0.0609316,1
0.0535414,0.213914,0.207598,1
0.0284932,0.181376,0.0601773,1
0.0297452,0.168738,0.114018,1
0.0985626,0.123488,0.0174827,1
0.0701462,0.196903,0.0224404,1
0.00194007,0.168273,0.143014,1
0.0735233,0.209917,0.205849,1
0.0701629,0.157569,0.157102,1
0.0943413,0.210855,0.00937345,1
0.0656819,0.144006,0.136536,1
0.021682,0.177545,0.166855,1
0.0384417,0.168023,0.152786,1
0.0561882,0.174604,0.0130534,1
0.0178011,0.115244,0.199358,1
0.0924709,0.163459,0.012365,1
0.0239609,0.142528,0.111651,1
0.000885745,0.147779,0.0118444,1
0.00843648,0.169578,0.130519,1
0.0320653,0.13636,0.173321,1
0.0587136,0.145137,0.1062,1
0.0329581,0.128576,0.112521,1
0.0933118,0.140709,0.132574,1
0.070965,0.199068,0.112157,1
0.0478369,0.112769,0.210526,1
0.0358422,0.157176,0.16458,1
0.0753745,0.127654,0.0248191,1
0.0254076,0.208586,0.113758,1
0.0730249,0.150889,0.203485,1
0.0993108,0.127024,0.215105,1
0.0385649,0.138991,0.1372,1
0.00649814,0.143487,0.035317,1
0.0227213,0.179255,0.0367136,1
0.0905959,0.21903,0.0421598,1
0.0410096,0.114382,0.0151308,1
0.0121251,0.127516,0.208786,1
0.0055608,0.190137,0.0427482,1
0.0513481,0.200275,0.176875,1
0.0853205,0.195989,0.147322,1
0.0450618,0.135487,0.116569,1
0.0444096,0.223915,0.113543,1
0.0635662,0.150236,0.206705,1
0.0852532,0.192219,0.132708,1
0.0877317,0.131835,0.179448,1
0.0332728,0.147844,0.135937,1
0.0950339,0.200919,0.141871,1
0.0443438,0.108903,0.174059,1
0.00345907,0.125368,0.0323362,1
0.00671921,0.166226,0.0598194,1
0.0950442,0.200148,0.151488,1
0.0631039,0.207527,0.102864,1
0.0297198,0.121222,0.121856,1
0.0865895,0.166785,0.149964,1
0.065203,0.10751,0.0951639,1
0.152629,0.108695,0.134689,2
0.223439,0.224071,0.194969,2
0.222032,0.157464,0.196605,2
0.176844,0.111404,0.00900967,2
0.136417,0.109584,0.062121,2
0.135536,0.11468,0.182913,2
0.20013,0.129001,0.163721,2
0.219362,0.179797,0.0454222,2
0.206131,0.134377,0.203857,2
0.200954,0.162703,0.0296474,2
0.220095,0.173578,0.118676,2
0.132656,0.192905,0.0297069,2
0.147473,0.166522,0.174563,2
0.21936,0.195728,0.147415,2
0.176713,0.179373,0.120253,2
0.176567,0.223426,0.0834781,2
0.17806,0.146781,0.0174444,2
0.178682,0.148002,0.00356856,2
0.163557,0.196786,0.170696,2
0.108155,0.204316,0.149855,2
0.137217,0.175293,0.133696,2
0.126805,0.188365,0.0467535,2
0.180261,0.19794,0.0430752,2
0.202448,0.209354,0.130406,2
0.217093,0.116469,0.0899154,2
0.14358,0.19648,0.000344227,2
0.178045,0.130656,0.0319397,2
0.138005,0.160227,0.176897,2
0.219505,0.188734,0.199669,2
0.185594,0.148465,0.113805,2
0.161617,0.211607,0.139139,2
0.118504,0.15694,0.0778672,2
0.221381,0.174578,0.180682,2
0.189996,0.20595,0.0279016,2
0.222504,0.134041,0.186576,2
0.218706,0.11698,0.166414,2
0.202995,0.224878,0.0606194,2
0.104649,0.135335,0.15664,2
0.130263,0.112898,0.139879,2
0.120273,0.184078,0.103728,2
0.199951,0.178758,0.030107,2
0.168582,0.148123,0.164291,2
0.214128,0.138879,0.135143,2
0.169346,0.108862,0.158965,2
0.216319,0.220473,0.178873,2
0.218909,0.183386,0.0541906,2
0.123389,0.196135,0.0252708,2
0.175569,0.133511,0.140524,2
0.110744,0.1797,0.189391,2
0.193892,0.187677,0.164098,2
0.165063,0.14621,0.125059,2
0.119308,0.19149,0.154833,2
0.184755,0.199682,0.0631514,2
0.211514,0.141111,0.0240744,2
0.110531,0.177552,0.00919064,2
0.213721,0.175484,0.0358571,2
0.186095,0.136936,0.126992,2
0.162698,0.171868,0.0487048,2
0.178968,0.210882,0.111736,2
0.200575,0.13465,0.158709,2
0.122453,0.156851,0.160505,2
0.143266,0.137894,0.108518,2
0.199365,0.22108,0.0580644,2
0.129576,0.223304,0.0331551,2
0.17575,0.15236,0.202619,2
0.207918,0.190275,0.0331332,2
0.222059,0.149921,0.191162,2
0.111948,0.157633,0.0423027,2
0.185259,0.14142,0.170019,2
0.126879,0.142564,0.112699,2
0.221217,0.157894,0.104534,2
0.205841,0.19946,0.209642,2
0.121745,0.110202,0.0329425,2
0.210744,0.161057,0.0973495,2
0.168744,0.176212,0.0916582,2
0.205254,0.188845,0.162557,2
0.188352,0.139799,0.00499426,2
0.127151,0.165064,0.118863,2
0.145056,0.177189,0.0492673,2
0.223207,0.125562,0.0191113,2
0.10704,0.209745,0.0929848,2
0.224786,0.220509,0.157382,2
0.13141,0.160936,0.126062,2
0.118759,0.13201,0.0355071,2
0.198976,0.19139,0.0673851,2
0.203734,0.209566,0.130638,2
0.129635,0.202984,0.0497656,2
0.12357,0.175957,0.0542864,2
0.16927,0.167393,0.0255479,2
0.185309,0.186947,0.0771452,2
0.136338,0.175016,0.154571,2
0.220993,0.173763,0.147006,2
0.191934,0.205209,0.115517,2
0.214549,0.197011,0.0207251,2
0.121183,0.16572,0.166305,2
0.163395,0.148094,0.144054,2
0.211805,0.138445,0.133252,2
0.16459,0.133761,0.091023,2
0.177865,0.126956,0.150152,2
0.169581,0.17585,0.0756992,2
0.182439,0.167263,0.17172,2
0.16241,0.205511,0.0416027,2
0.148468,0.198705,0.0381664,2
0.213527,0.143919,0.0425634,2
0.171458,0.115959,0.0582456,2
0.153627,0.181337,0.0259496,2
0.148419,0.179595,0.206537,2
0.16655,0.137443,0.216056,2
0.138885,0.140787,0.0819161,2
0.122535,0.138585,0.122806,2
0.221189,0.164597,0.0134933,2
0.129439,0.182032,0.0215523,2
0.184758,0.154004,0.0725867,2
0.212691,0.192907,0.210303,2
0.139655,0.146832,0.15531,2
0.106375,0.220085,0.157801,2
0.214245,0.175026,0.0414025,2
0.112899,0.192842,0.0910274,2
0.173189,0.223766,0.220465,2
0.19992,0.200633,0.0879356,2
0.201922,0.142972,0.00349387,2
0.148043,0.113297,0.1372,2
0.213266,0.110648,0.105589,2
0.113409,0.143666,0.213067,2
0.136392,0.108191,0.126651,2
0.165844,0.0162177,0.148143,3
0.173769,0.0996961,0.036901,3
0.163279,0.0886354,0.107708,3
0.139395,0.0359826,0.203458,3
0.169764,0.0744241,0.0431042,3
0.153564,0.0373417,0.0559035,3
0.175204,0.0460416,0.0833974,3
0.222073,0.016638,0.163726,3
0.191016,0.0449011,0.0139896,3
0.15656,0.0413135,0.0681795,3
0.144289,0.0381564,0.0867758,3
0.214707,0.0885305,0.0299185,3
0.215145,0.0845577,0.0447247,3
0.194714,0.00794265,0.0414702,3
0.202457,0.0139362,0.0420523,3
0.205956,0.0152578,0.0395589,3
0.153226,0.0692564,0.210379,3
0.197901,0.0125766,0.0429726,3
0.200313,0.0188216,0.0414854,3
0.19885,0.00965104,0.0456439,3
0.163989,0.0238811,0.167901,3
0.201894,0.0144443,0.0405004,3
0.195652,0.014634,0.0431326,3
0.187319,0.00215689,0.110204,3
0.204055,0.0167279,0.0467883,3
0.213733,0.101068,0.0888789,3
0.165253,0.0960755,0.00790704,3
0.203512,0.013998,0.0437734,3
0.200048,0.00990961,0.0423427,3
0.170902,0.0213626,0.165356,3
0.157006,0.0904245,0.083859,3
0.197509,0.00986705,0.04271,3
0.173704,0.0639928,0.219388,3
0.178984,0.0453042,0.0296575,3
0.19646,0.0113582,0.0378632,3
0.186804,0.0854968,0.22425,3
0.202947,0.014925,0.0398668,3
0.184849,0.0676276,0.213589,3
0.180573,0.046351,0.193056,3
0.195478,0.0148557,0.0449447,3
0.172319,0.0148593,0.0513402,3
0.14503,0.0735867,0.0100082,3
0.179782,0.100071,0.152872,3
0.198922,0.0147122,0.0474239,3
0.200102,0.00818968,0.0449039,3
0.177143,0.00501152,0.112657,3
0.194018,0.0129923,0.0422463,3
0.204247,0.0131865,0.0448681,3
0.197153,0.0140665,0.0449863,3
0.15083,0.0437806,0.210887,3
0.174427,0.100686,0.0307553,3
0.168406,0.003462,0.175827,3
0.149097,0.0133628,0.116453,3
0.160521,0.0890775,0.1345,3
0.203322,0.0520953,0.140625,3
0.182606,0.0960043,0.139161,3
0.215566,0.0248671,0.184089,3
0.148486,0.0911311,0.21612,3
0.199738,0.0145802,0.0410174,3
0.171031,0.0168464,0.0115807,3
0.197479,0.0114764,0.0403853,3
0.197831,0.0157642,0.0492192,3
0.14813,0.0176632,0.116089,3
0.200192,0.0141776,0.0406399,3
0.183851,0.0743689,0.152855,3
0.21396,0.0866385,0.125093,3
0.198152,0.0179054,0.0426581,3
0.159018,0.101978,0.140215,3
0.209797,0.0370647,0.028754,3
0.140979,0.0673254,0.0102191,3
0.194783,0.0157707,0.0434248,3
0.200823,0.00960579,0.0411514,3
0.179247,0.000174842,0.133778,3
0.200159,0.016191,0.0445536,3
0.1374,0.063126,0.223481,3
0.145971,0.0664649,0.0991516,3
0.181495,0.014675,0.13984,3
0.201236,0.0864179,0.194832,3
0.164191,0.0585789,0.0275485,3
0.218608,0.0577375,0.204566,3
0.200955,0.00926757,0.0456246,3
0.199304,0.0109864,0.0465748,3
0.196995,0.0141304,0.0414424,3
0.177911,0.0640349,0.0710482,3
0.188865,0.0162639,0.0444128,3
0.161264,0.106655,0.0872832,3
0.189847,0.0830246,0.00987125,3
0.149632,0.0224972,0.0289335,3
0.168863,0.0227882,0.0715851,3
0.198339,0.0151776,0.0449351,3
0.204612,0.0360504,0.216515,3
0.165875,0.0870856,0.104446,3
0.180851,0.0284562,0.0257492,3
0.212395,0.054943,0.146552,3
0.199438,0.0146064,0.0393365,3
0.200591,0.0111151,0.0453686,3
0.199686,0.0119463,0.0407888,3
0.153421,0.00595033,0.122891,3
0.198895,0.0745752,0.0627169,3
0.197252,0.0124412,0.0436533,3
0.205827,0.0362089,0.181448,3
0.154871,0.0753807,0.148145,3
0.199639,0.0660308,0.193393,3
0.173009,0.102253,0.0430204,3
0.201361,0.0188659,0.0423021,3
0.196563,0.0546347,0.0614867,3
0.212983,0.0769962,0.095165,3
0.188704,0.0560677,0.205108,3
0.193869,0.0680916,0.132911,3
0.205141,0.0252191,0.205993,3
0.209871,0.104952,0.0687361,3
0.210989,0.0996364,0.156014,3
0.216859,0.0540249,0.021401,3
0.208855,0.0724907,0.0425536,3
0.169768,0.0805974,0.168142,3
0.217485,0.0913794,0.0134829,3
0.210637,0.0606729,0.00342688,3
0.217093,0.033978,0.0381708,3
0.178234,0.0815665,0.00695902,3
0.202439,0.0167837,0.0420941,3
0.216007,0.0366734,0.00519756,3
0.147821,0.0729971,0.0878042,3
0.201268,0.0185018,0.0428599,3
