x coord,y coord,z coord,rank
0.0634439,0.0144232,0.0691967,0
0.0268078,0.0183438,0.0672199,0
0.0699936,0.0799763,0.0378387,0
0.0980746,0.0477024,0.0516612,0
0.11608,0.090027,0.161085,0
0.114698,0.0285075,0.130857,0
0.0891569,0.0298074,0.203942,0
0.0738068,0.0782667,0.036964,0
0.0903737,0.0867051,0.0716117,0
0.111863,0.0850916,0.184247,0
0.0819545,0.0292719,0.0581465,0
0.0861087,0.0346506,0.224845,0
0.0931985,0.102724,0.114106,0
0.0651298,0.0258986,0.0251579,0
0.110919,0.00485963,0.208311,0
0.0637726,0.0689716,0.184933,0
0.0119959,0.0135655,0.102223,0
0.0120116,0.0517075,0.0532609,0
0.0173447,0.0223234,0.0103997,0
0.0722167,0.0650424,0.140642,0
0.107203,0.0312461,0.101933,0
0.0565499,0.0750555,0.0417285,0
0.00300893,0.0731064,0.165602,0
0.0885908,0.0975198,0.115221,0
0.0283095,0.0305478,0.211385,0
0.00079253,0.106992,0.111598,0
0.0927289,0.033743,0.147045,0
0.049065,0.103479,0.043334,0
0.122644,0.115434,0.151084,0
0.0562615,0.0395723,0.132946,0
0.0391696,0.0183089,0.185264,0
0.0089364,0.044296,0.126552,0
0.121527,0.0302168,0.193336,0
0.0781608,0.0591497,0.0513357,0
0.0837866,0.0305029,0.0753302,0
0.00882621,0.0565949,0.0149775,0
0.0894716,0.049587,0.0915606,0
0.114132,0.00473351,0.22261,0
0.0713385,0.024233,0.162304,0
0.109305,0.024705,0.0339718,0
0.114561,0.0542916,0.189548,0
0.0868506,0.0226112,0.183441,0
0.0839686,0.041282,0.20474,0
0.0279345,0.0378053,0.190099,0
0.106404,0.0648051,0.052075,0
0.0944202,0.0209457,0.155236,0
0.105926,0.0407868,0.168429,0
0.0465592,0.0622751,0.155542,0
0.064039,0.061751,0.033155,0
0.0116835,0.0771692,0.167007,0
0.0822233,0.0695136,0.0192267,0
0.0620703,0.0912362,0.0364091,0
0.0790436,0.0518955,0.185604,0
0.0299149,0.0938697,0.214331,0
0.110918,0.112922,0.0851656,0
0.0985922,0.0812507,0.105859,0
0.0376979,0.0906657,0.0828128,0
0.0684212,0.0344976,0.131972,0
0.0856014,0.108506,0.133955,0
0.0560539,0.0762669,0.158632,0
0.0394744,0.043483,0.153297,0
0.0714313,0.010197,0.0671918,0
0.0457216,0.0284446,0.0514313,0
0.0335604,0.0186526,0.116188,0
0.0366464,0.0472277,0.196152,0
0.101405,0.0239781,0.205691,0
0.0992087,0.101472,0.197871,0
0.0999257,0.0397261,0.0910704,0
0.111424,0.0959871,0.0682912,0
0.106384,0.0241518,0.206177,0
0.0465025,0.0565206,0.170428,0
0.0204563,0.025216,0.199159,0
0.0115548,0.0247074,0.0472436,0
0.0570402,0.0229392,0.110851,0
0.0439714,0.0484946,0.175807,0
0.12042,0.0910689,0.166945,0
0.0310667,0.11121,0.0796454,0
0.105861,0.0702897,0.073573,0
0.088048,0.0987339,0.00692684,0
0.068799,0.0702269,0.221732,0
0.0180859,0.0885721,0.0781657,0
0.0861384,0.0101634,0.0493517,0
0.0307303,0.0742204,0.117638,0
0.0554226,0.00232926,0.0687842,0
0.0293722,0.0421341,0.0768219,0
0.106093,0.0428927,0.164001,0
0.00081294,0.0279156,0.197851,0
0.104505,0.0398952,0.0559733,0
0.109139,0.073303,0.0728805,0
0.123859,0.0021218,0.11974,0
0.0726573,0.055536,0.15878,0
0.000539858,0.0296709,0.190941,0
0.0935502,0.10813,0.128458,0
0.122702,0.0974299,0.0982586,0
0.0865625,0.0662308,0.22248,0
0.0449594,0.0197973,0.0289659,0
0.0333645,0.0151388,0.0309548,0
0.112166,0.0479849,0.0281714,0
0.0132625,0.093276,0.0858675,0
0.00668812,0.0546151,0.0101853,0
0.0638239,0.0653514,0.148877,0
0.0350633,0.00753461,0.200974,0
0.0382159,0.112815,0.00593097,0
0.0645227,0.100783,0.124634,0
0.12402,0.00435217,0.163524,0
0.0570285,0.0529921,0.182726,0
0.0570103,0.0967981,0.134383,0
0.0885531,0.0701505,0.175347,0
0.036536,0.0640713,0.18311,0
0.0200815,0.0999955,0.047905,0
0.0868551,0.0317342,0.173609,0
0.0254947,0.0579365,0.117196,0
0.0978983,0.0923856,0.0934102,0
0.101531,0.100138,0.174844,0
0.0409978,0.102444,0.145968,0
0.0211536,0.0537809,0.15346,0
0.0547937,0.0945837,0.0766891,0
0.00118976,0.0327249,0.22124,0
0.0203878,0.0279845,0.185481,0
0.00438592,0.0517058,0.219084,0
0.0204677,0.051369,0.180271,0
0.00259809,0.0200316,0.0110398,0
0.0445669,0.0250041,0.0207469,0
0.0794757,0.0876629,0.0463102,0
0.0001828,0.0834578,0.00328483,0
0.0495833,0.0202045,0.0903867,0
0.117127,0.0423468,0.0868606,0
0.0777952,0.0919212,0.0314358,0
0.116975,0.0295004,0.15485,0
0.0765807,0.0603089,0.057677,0
0.0333326,0.108145,0.0877842,0
0.0824987,0.0324992,0.0144757,0
0.0695993,0.0159478,0.129794,0
0.0191343,0.102171,0.0571783,0
0.0759594,0.0110363,0.135628,0
0.0435388,0.0902181,0.148924,0
0.00973047,0.0579218,0.152377,0
0.0543866,0.0720738,0.188061,0
0.0251745,0.0735278,0.0601901,0
0.0664817,0.0996983,0.182676,0
0.119565,0.0500661,0.0538353,0
0.11286,0.0746281,0.154532,0
0.115387,0.0138977,0.182993,0
0.116912,0.105875,0.00760014,0
0.124982,0.0687259,0.103386,0
0.124599,0.0940705,0.117705,0
0.123511,0.10151,0.0417726,0
0.0491329,0.115936,0.105683,0
0.125233,0.0480787,0.149856,0
0.125847,0.0684493,0.200506,0
0.0745658,0.196713,0.0943734,1
0.0792756,0.159027,0.151216,1
0.116875,0.202501,0.211641,1
0.0513849,0.209722,0.159482,1
0.0341341,0.140321,0.215627,1
0.100038,0.178852,0.035979,1
0.0438546,0.212721,0.135736,1
0.113266,0.118642,0.199047,1
0.0520639,0.198306,0.0938171,1
0.055366,0.139964,0.117703,1
0.0458854,0.188225,0.114823,1
0.104358,0.155291,0.199024,1
0.12387,0.166215,0.159802,1
0.0387643,0.155769,0.12203,1
0.0360911,0.127925,0.114596,1
0.0080671,0.143949,0.134001,1
0.024094,0.222057,0.123204,1
0.03556,0.18181,0.108683,1
0.0427616,0.163087,0.166596,1
0.0773807,0.220731,0.100582,1
0.089171,0.129456,0.0569299,1
0.012241,0.117776,0.187257,1
0.0829925,0.133391,0.166551,1
0.0744886,0.224661,0.137273,1
0.042873,0.221061,0.0132181,1
0.0284498,0.138094,0.148495,1
0.119486,0.207136,0.0579967,1
0.0869617,0.179065,0.030288,1
0.0958303,0.157386,0.169923,1
0.0715934,0.143498,0.121079,1
0.0725089,0.173018,0.0834243,1
0.0774325,0.209006,0.143795,1
0.0494484,0.130709,0.0314218,1
0.048278,0.187616,0.177492,1
0.0940423,0.180297,0.079667,1
0.0671388,0.138636,0.0288314,1
0.0794235,0.127935,0.124759,1
0.0151453,0.206779,0.0933713,1
0.0979558,0.18669,0.055888,1
0.0350047,0.163913,0.162343,1
0.0405274,0.137993,0.160673,1
0.0092188,0.205064,0.0819158,1
0.125718,0.125647,0.0972595,1
0.0535407,0.155806,0.151105,1
0.0278896,0.163513,0.135617,1
0.0511082,0.217717,0.172384,1
0.0969138,0.149439,0.105738,1
0.00349643,0.149013,0.064528,1
0.0829461,0.19099,0.0660466,1
0.0718873,0.132492,0.124188,1
0.100964,0.207961,0.00491537,1
0.0477738,0.14082,0.00465586,1
0.0558643,0.126851,0.0413464,1
0.0503102,0.178768,0.179229,1
0.123134,0.21178,0.223658,1
0.0271489,0.154095,0.142788,1
0.045574,0.171352,0.0351323,1
0.0220997,0.170545,0.0526942,1
0.12415,0.213249,0.113657,1
0.0770348,0.129528,0.0334506,1
0.015625,0.139572,0.156567,1
0.109826,0.224983,0.025533,1
0.120019,0.211965,0.153402,1
0.0978346,0.222168,0.15249,1
0.0118187,0.199181,0.214775,1
0.0657663,0.217624,0.216226,1
0.0357515,0.157065,0.00881715,1
0.0807176,0.206714,0.221362,1
0.102645,0.14867,0.17063,1
0.0524838,0.17227,0.00832186,1
0.00724887,0.169481,0.162998,1
0.0910745,0.177738,0.0818206,1
0.1164,0.163054,0.14383,1
0.0966553,0.137239,0.190076,1
0.0261925,0.138556,0.0565133,1
0.0648305,0.170072,0.105597,1
0.10807,0.169436,0.173936,1
0.118894,0.18732,0.0582765,1
0.097662,0.218168,0.174803,1
0.0544123,0.180136,0.00771,1
0.0659829,0.142286,0.139507,1
0.0327839,0.217363,0.115165,1
0.111033,0.180074,0.0559249,1
0.0550439,0.137594,0.137402,1
0.0638334,0.18424,0.00444714,1
0.104528,0.178393,0.05902,1
0.0807042,0.18282,0.168174,1
0.0612609,0.186828,0.117575,1
0.0970765,0.205239,0.0924328,1
0.0154798,0.211425,0.0575903,1
0.0324775,0.197443,0.0474137,1
0.0835206,0.198728,0.152374,1
0.011908,0.147127,0.142041,1
0.121763,0.165171,0.186355,1
0.0751751,0.202538,0.106623,1
0.0143668,0.145002,0.101217,1
0.0289212,0.169884,0.152415,1
0.0452869,0.167993,0.0462207,1
0.0447526,0.217129,0.0444985,1
0.0967508,0.174469,0.0997193,1
0.0664288,0.218988,0.0958354,1
0.120998,0.207962,0.12507,1
0.0843009,0.130891,0.0594984,1
0.0792433,0.180684,0.119718,1
0.0617323,0.131225,0.161529,1
0.0655339,0.188733,0.0101552,1
0.0802424,0.207101,0.118402,1
0.086188,0.13231,0.0581416,1
0.107299,0.117503,0.161098,1
0.0734883,0.125498,0.218936,1
0.0483012,0.163094,0.0320019,1
0.0441687,0.206231,0.026543,1
0.0437517,0.162499,0.0612159,1
0.017992,0.210414,0.199976,1
0.0772049,0.186418,0.113774,1
0.0604973,0.214651,0.113397,1
0.0816105,0.215564,0.0583429,1
0.111778,0.142066,0.0685409,1
0.00681265,0.199931,0.184358,1
0.00452743,0.194394,0.00185427,1
0.0923182,0.212072,0.0398781,1
0.0350371,0.137718,0.195339,1
0.063728,0.195468,0.0268896,1
0.0234463,0.124285,0.0259784,1
0.135778,0.0146717,0.0865468,2
0.206032,0.0485266,0.127614,2
0.210844,0.073693,0.157424,2
0.205663,0.0456627,0.131526,2
0.207654,0.0508123,0.128736,2
0.211788,0.039332,0.210505,2
0.20106,0.0889327,0.088565,2
0.203025,0.0465591,0.130146,2
0.204874,0.00649971,0.17053,2
0.223735,0.063457,0.0249992,2
0.135442,0.0692874,0.0827389,2
0.193158,0.0665789,0.0516826,2
0.205913,0.0462052,0.1331,2
0.203291,0.0484625,0.126495,2
0.129587,0.0197233,0.042007,2
0.210676,0.0493598,0.12747,2
0.144494,0.03774,0.025999,2
0.205615,0.0489087,0.125689,2
0.205183,0.044406,0.127567,2
0.18325,0.0442816,0.196602,2
0.142291,0.0310153,0.000834047,2
0.191273,0.0538818,0.211591,2
0.155086,0.00638232,0.0722732,2
0.210697,0.0419328,0.163915,2
0.130727,0.0338791,0.188058,2
0.200339,0.0201627,0.203027,2
0.175454,0.059127,0.015601,2
0.16288,0.0156095,0.103687,2
0.220152,0.00809002,0.0964009,2
0.182823,0.00659449,0.0648896,2
0.202344,0.0121639,0.00494455,2
0.204889,0.0488043,0.129121,2
0.207092,0.0514808,0.12872,2
0.158848,0.0226523,0.0329797,2
0.202171,0.0891726,0.0494708,2
0.206403,0.0669482,0.165351,2
0.18913,0.0703694,0.146362,2
0.16648,0.0114011,0.159514,2
0.149156,0.0464989,0.139037,2
0.210421,0.0508697,0.129229,2
0.144613,0.0509815,0.0558189,2
0.180559,0.0210677,0.146936,2
0.179824,0.0504944,0.0890275,2
0.16775,0.0431353,0.0752333,2
0.206918,0.0598231,0.0102214,2
0.213059,0.0717385,0.0308243,2
0.208559,0.00151454,0.224167,2
0.20057,0.0552192,0.156317,2
0.197644,0.0888609,0.125047,2
0.182971,0.0170296,0.185949,2
0.200971,0.0458834,0.128952,2
0.205747,0.00228676,0.215518,2
0.207634,0.051028,0.130563,2
0.220936,0.0262936,0.113004,2
0.209941,0.0443105,0.132249,2
0.207615,0.0465013,0.129979,2
0.143323,0.0171604,0.0521559,2
0.161218,0.004532,7.3811e-05,2
0.141476,0.0710433,0.0418139,2
0.195572,0.055096,0.0240492,2
0.131218,0.0487092,0.198104,2
0.209371,0.0509739,0.129232,2
0.178947,0.048134,0.198761,2
0.211767,0.0478206,0.130538,2
0.194524,0.0773803,0.0979615,2
0.204779,0.0474869,0.130355,2
0.202063,0.0788236,0.0164478,2
0.136299,0.0330505,0.101431,2
0.222421,0.0716992,0.0288701,2
0.208354,0.0113713,0.128781,2
0.166874,0.0133321,0.106292,2
0.208606,0.0468667,0.129269,2
0.179448,0.0717771,0.0491821,2
0.210788,0.0463822,0.131033,2
0.211319,0.0465439,0.130002,2
0.203143,0.0469021,0.12672,2
0.222477,0.0160344,0.0658177,2
0.173157,0.00248869,0.0964182,2
0.216745,0.0635182,0.101589,2
0.131811,0.0573116,0.181271,2
0.206027,0.0440009,0.129277,2
0.160896,0.0195378,0.103043,2
0.185499,0.089847,0.0902815,2
0.149735,0.0401803,0.0343702,2
0.202695,0.0514841,0.104842,2
0.207278,0.0511901,0.126653,2
0.208056,0.0492543,0.132268,2
0.205756,0.0479497,0.128451,2
0.211846,0.054335,0.130532,2
0.134492,0.018486,0.0455301,2
0.173991,0.0398798,0.0242307,2
0.142394,0.03092,0.118787,2
0.205403,0.044367,0.131059,2
0.222199,0.0339167,0.185548,2
0.209946,0.0482126,0.13184,2
0.211131,0.044889,0.128733,2
0.212352,0.0863496,0.0639577,2
0.209655,0.0447742,0.13112,2
0.209479,0.0455506,0.131146,2
0.206745,0.0509037,0.127898,2
0.206465,0.0491947,0.131593,2
0.150141,0.0223593,0.177522,2
0.206596,0.0477182,0.131216,2
0.21041,0.0493648,0.13308,2
0.142355,0.0465326,0.000296294,2
0.14144,0.0673156,0.0941112,2
0.187907,0.0634554,0.128175,2
0.197161,0.0747809,0.108505,2
0.183911,0.0869593,0.161092,2
0.208777,0.12398,0.182798,3
0.14319,0.171662,0.0375046,3
0.13137,0.162526,0.170137,3
0.149931,0.130429,0.0872559,3
0.128806,0.173887,0.0884458,3
0.191421,0.0932406,0.148101,3
0.176831,0.102899,0.204109,3
0.153409,0.179533,0.141252,3
0.144264,0.218045,0.162691,3
0.167746,0.159725,0.037031,3
0.170688,0.210221,0.13257,3
0.22483,0.109373,0.144787,3
0.150548,0.188637,0.0364615,3
0.181068,0.167379,0.0766537,3
0.221243,0.210744,0.012875,3
0.202087,0.166333,0.0118977,3
0.164154,0.212121,0.13835,3
0.185004,0.160382,0.107063,3
0.196285,0.183709,0.0983257,3
0.19423,0.113272,0.0689758,3
0.193595,0.217824,0.148654,3
0.155168,0.168542,0.0686301,3
0.214056,0.169466,0.0748327,3
0.16832,0.13424,0.191481,3
0.207314,0.155024,0.192875,3
0.187728,0.0931856,0.0828812,3
0.168944,0.22157,0.104029,3
0.171283,0.102446,0.0577589,3
0.161988,0.172843,0.0700169,3
0.132213,0.157192,0.128523,3
0.148218,0.215059,0.17813,3
0.195127,0.138069,0.0766606,3
0.151941,0.0907134,0.20575,3
0.21794,0.191328,0.139733,3
0.217401,0.179733,0.185524,3
0.148318,0.104852,0.0315585,3
0.159001,0.158965,0.193053,3
0.159059,0.122981,0.126737,3
0.162272,0.144875,0.0259689,3
0.161165,0.129142,0.11688,3
0.203001,0.115805,0.152645,3
0.144733,0.155073,0.00153655,3
0.203888,0.128797,0.156329,3
0.165984,0.12552,0.128286,3
0.149697,0.109583,0.170807,3
0.177721,0.16753,0.14604,3
0.138542,0.16125,0.133705,3
0.174327,0.189727,0.0301291,3
0.217192,0.109011,0.123311,3
0.212622,0.144546,0.0176922,3
0.177625,0.175435,0.0609162,3
0.197615,0.203864,0.106501,3
0.194455,0.174749,0.163006,3
0.209708,0.181317,0.0911585,3
0.194134,0.114146,0.186221,3
0.170022,0.114497,0.0399788,3
0.137379,0.112314,0.101273,3
0.161883,0.113186,0.150432,3
0.167224,0.122081,0.11652,3
0.185682,0.192096,0.0179079,3
0.129246,0.165682,0.209268,3
0.195311,0.108733,0.11016,3
0.157622,0.145955,0.00246389,3
0.16216,0.186879,0.0120727,3
0.155355,0.14311,0.196007,3
0.224926,0.173578,0.0829675,3
0.1662,0.166357,0.161758,3
0.14599,0.138315,0.22465,3
0.177169,0.172807,0.0456735,3
0.144575,0.12081,0.0173131,3
0.208899,0.164338,0.160357,3
0.15501,0.215959,0.136275,3
0.138338,0.140278,0.15364,3
0.151791,0.11907,0.124731,3
0.133339,0.105596,0.00163576,3
0.127653,0.155049,0.185159,3
0.214994,0.126034,0.103023,3
0.157465,0.216807,0.138345,3
0.140117,0.119133,0.195554,3
0.151378,0.184844,0.11075,3
0.220361,0.120902,0.108021,3
0.162668,0.142437,0.1978,3
0.213686,0.219143,0.117552,3
0.151936,0.198259,0.0852546,3
0.143686,0.107441,0.0379359,3
0.17054,0.187469,0.00936476,3
0.2073,0.181682,0.0645212,3
0.180092,0.0966381,0.0532558,3
0.156685,0.121133,0.0169359,3
0.142658,0.15226,0.122889,3
0.133835,0.111604,0.0864986,3
0.217259,0.223522,0.185773,3
0.150853,0.104906,0.17572,3
0.198339,0.16673,0.200298,3
0.163578,0.202837,0.0266596,3
0.216147,0.163943,0.0846757,3
0.156156,0.205592,0.0907197,3
0.21707,0.196394,0.0133942,3
0.173442,0.171174,0.216069,3
0.206233,0.13913,0.118565,3
0.198999,0.135029,0.180597,3
0.200902,0.159864,0.134328,3
0.201291,0.200876,0.166606,3
0.224072,0.178746,0.190447,3
0.200563,0.123012,0.00505289,3
0.191679,0.13144,0.219734,3
0.145663,0.101467,0.0849773,3
0.161118,0.170076,0.132474,3
0.140531,0.208423,0.113029,3
0.199708,0.157782,0.178554,3
0.188909,0.166837,0.0391724,3
0.144987,0.165034,0.144108,3
0.186096,0.129194,0.143864,3
0.153251,0.171203,0.0638456,3
0.188598,0.157222,0.160706,3
0.195524,0.166779,0.0389046,3
0.127536,0.142785,0.189096,3
