x coord,y coord,z coord,rank
0.0932105,0.0524625,0.089547,0
0.0448561,0.0361507,0.100745,0
0.0615845,0.0181321,0.117706,0
0.000918881,0.0178535,0.0853885,0
0.0947785,0.109598,0.00508151,0
0.0262928,0.0791379,0.0750867,0
0.0063197,0.0797915,0.0978692,0
0.0262657,0.00503511,0.106362,0
0.0172064,0.0038228,0.0597791,0
0.00469265,0.0436468,0.106049,0
0.0396446,0.11127,0.112276,0
0.0320361,0.102399,0.106042,0
0.0382012,0.0660093,0.00259864,0
0.103882,0.0756755,0.116069,0
0.0236268,0.0455719,0.108644,0
0.112764,0.08047,0.108211,0
0.0170879,0.0802157,0.116116,0
0.109848,0.0827064,0.025126,0
0.00856696,0.0179508,0.0881683,0
0.107033,0.115936,0.105391,0
0.00802444,0.124538,0.116573,0
0.0462165,0.00837727,0.0136372,0
0.0678739,0.136288,0.0451806,0
0.0985649,0.118909,0.101939,0
0.00253772,0.00160838,0.110385,0
0.0629925,0.095293,0.0113447,0
0.108682,0.0217325,0.0996628,0
0.115086,0.0235615,0.101526,0
0.0895158,0.192338,0.117271,0
0.0680281,0.118442,0.105493,0
0.0628286,0.058072,0.0830776,0
0.0975391,0.0751571,0.0488718,0
0.0897025,0.141742,0.0892829,0
0.0925616,0.175799,0.0622697,0
0.0466379,0.0741896,0.0466315,0
0.115602,0.154634,0.0921476,0
0.11516,0.138733,0.0896571,0
0.0468049,0.117038,0.0604221,0
0.023715,0.0533881,0.0919159,0
0.0834663,0.0578128,0.0477226,0
0.0141087,0.129282,0.0361282,0
0.0172825,0.00886925,0.107192,0
0.0904486,0.173838,0.0464366,0
0.0233801,0.0678218,0.107856,0
0.0884717,0.0737851,0.012525,0
0.115839,0.149778,0.105285,0
0.112213,0.155141,0.104835,0
0.112457,0.155644,0.105848,0
0.11593,0.150011,0.104319,0
0.000922788,0.0343323,0.00460119,0
0.109438,0.151211,0.0962603,0
0.0573375,0.0457299,0.0695927,0
0.0778569,0.112774,0.0426637,0
0.0766668,0.0521984,0.0574506,0
0.0375047,0.0201978,0.0285615,0
0.0970519,0.0990873,0.114287,0
0.094781,0.0253065,0.0543003,0
0.0341354,0.0174983,0.0369885,0
0.110257,0.156311,0.106487,0
0.11426,0.149958,0.101037,0
0.0326225,0.0954513,0.0110624,0
0.11301,0.156124,0.10396,0
0.110536,0.154502,0.106106,0
0.114593,0.152029,0.0999905,0
0.114587,0.149858,0.107534,0
0.0562462,0.122967,0.00871769,0
0.0522868,0.0929381,0.0176602,0
0.103337,0.213309,0.00463545,0
0.0359725,0.0984407,0.0745404,0
0.102571,0.168103,0.0145564,0
0.079865,0.0919754,0.050742,0
0.00971451,0.205978,0.0534025,0
0.0207207,0.0725716,0.00104311,0
0.0468006,0.129858,0.0293621,0
0.0288948,0.178075,0.0892185,0
0.0414424,0.204356,0.102103,0
0.0254994,0.0128011,0.105509,0
0.00672107,0.0247684,0.0384823,0
0.106543,0.181847,0.10748,0
0.0862591,0.0682571,0.0884694,0
0.0648043,0.0654318,0.021952,0
0.00711906,0.126344,0.0645865,0
0.114559,0.154778,0.104213,0
0.0742835,0.224388,0.0574563,0
0.0879111,0.0276318,0.0795698,0
0.112693,0.194173,0.0629722,0
0.0649863,0.161157,0.0534802,0
0.0384361,0.189589,0.101908,0
0.0879663,0.0973717,0.00598344,0
0.0785141,0.0646831,0.0699005,0
0.0949264,0.0122012,0.00213794,0
0.0538157,0.150357,0.0373598,0
0.0120997,0.13192,0.0107941,0
0.113477,0.0322929,0.0495311,0
0.095523,0.00764634,0.0571877,0
0.0868165,0.200576,0.0667066,0
0.0466271,0.159631,0.0815377,0
0.0475475,0.0287398,0.0544834,0
0.00210283,0.00164214,0.00816929,0
0.0149104,0.104946,0.0929485,0
0.0109313,0.0339288,0.0251267,0
0.0626154,0.195148,0.0948802,0
0.0900568,0.147476,0.0475439,0
0.0996533,0.215043,0.111758,0
0.0316905,0.147138,0.0286685,0
0.110808,0.0210121,0.100911,0
0.0331944,0.15415,0.00732728,0
0.0742689,0.219829,0.104903,0
0.0202848,0.187048,0.0843588,0
0.030489,0.181296,0.0896419,0
0.0741012,0.212096,0.0886116,0
0.100773,0.170485,0.012084,0
0.0696955,0.0741716,0.0914503,0
0.0967247,0.15522,0.0742195,0
0.0302343,0.179723,0.0889508,0
0.070854,0.196959,0.0976575,0
0.0963016,0.170898,0.010512,0
0.0411298,0.189443,0.0279186,0
0.0991033,0.0624298,0.117563,0
0.113628,0.150514,0.102147,0
0.11276,0.153706,0.106654,0
0.115239,0.153789,0.106747,0
0.091227,0.120305,0.119259,0
0.115675,0.152479,0.102995,0
0.115922,0.111288,0.0177891,0
0.115839,0.162281,0.0999271,0
0.206706,0.118362,0.0763004,1
0.121465,0.153728,0.0993613,1
0.117719,0.154315,0.0953564,1
0.147071,0.196099,0.0184302,1
0.128512,0.159282,0.101695,1
0.163539,0.0369291,0.0303978,1
0.174162,0.140321,0.026836,1
0.187687,0.170629,0.0420871,1
0.20831,0.134389,0.0820389,1
0.19984,0.174143,0.0710238,1
0.185787,0.201957,0.0749006,1
0.183586,0.0281195,0.0129694,1
0.171328,0.186026,0.0513224,1
0.156876,0.0732605,0.0698312,1
0.187286,0.189947,0.0497583,1
0.186101,0.206013,0.00702993,1
0.201732,0.145866,0.00146741,1
0.127678,0.0468815,0.0462383,1
0.197196,0.141388,0.0430326,1
0.170532,0.00561456,0.0461002,1
0.125655,0.0784103,0.0856559,1
0.123343,0.0698844,0.091958,1
0.168593,0.0963269,0.01714,1
0.171024,0.0762021,0.0704594,1
0.18587,0.0863838,0.0680026,1
0.188709,0.186,0.0429086,1
0.118939,0.0650017,0.0223711,1
0.120838,0.155304,0.0992374,1
0.147698,0.0777821,0.0311305,1
0.177917,0.107341,0.0877492,1
0.122816,0.152079,0.100411,1
0.202262,0.0206158,0.0350276,1
0.132717,0.0107814,0.0170017,1
0.121165,0.159516,0.0376874,1
0.151986,0.120531,0.0792106,1
0.138893,0.0420289,0.042818,1
0.121996,0.208375,0.0232148,1
0.120929,0.152114,0.102692,1
0.136569,0.09399,0.00317823,1
0.148516,0.16085,0.0850605,1
0.192871,0.16643,0.0939235,1
0.165033,0.0899709,0.102374,1
0.118199,0.152002,0.102532,1
0.168253,0.0551351,0.0928065,1
0.136745,0.176403,0.0533845,1
0.13133,0.106419,0.0740571,1
0.122675,0.159468,0.0992355,1
0.117674,0.157565,0.100211,1
0.204486,0.121026,0.0496606,1
0.12357,0.152154,0.0997593,1
0.134556,0.102005,0.0686077,1
0.14302,0.0306381,0.0942304,1
0.213523,0.163089,0.0630645,1
0.124298,0.153854,0.101323,1
0.126166,0.0938596,0.00573301,1
0.183526,0.110123,0.0147699,1
0.15048,0.0992097,0.0151365,1
0.224748,0.203369,0.0766416,1
0.224055,0.136366,0.00141826,1
0.221161,0.117595,0.0449288,1
0.213261,0.0114997,0.0238689,1
0.211452,0.161213,0.0730897,1
0.119518,0.154902,0.10072,1
0.174777,0.136978,0.0264346,1
0.140411,0.0517067,0.0303065,1
0.118582,0.0394433,0.0601831,1
0.118043,0.149278,0.102706,1
0.200634,0.103491,0.0990721,1
0.187701,0.13678,0.0266649,1
0.118495,0.150004,0.100806,1
0.196669,0.179853,0.0276883,1
0.157125,0.114147,0.0305714,1
0.203648,0.211569,0.0975126,1
0.123395,0.154904,0.100387,1
0.119035,0.154328,0.101515,1
0.125691,0.217559,0.00979115,1
0.198608,0.0257984,0.0421091,1
0.146159,0.134514,0.0982566,1
0.14002,0.0858052,0.03685,1
0.158839,0.0534515,0.0869579,1
0.217704,0.0404574,0.069858,1
0.181453,0.144662,0.0315602,1
0.127364,0.145459,0.0571234,1
0.176401,0.108144,0.0813987,1
0.146853,0.190222,0.0120434,1
0.176067,0.162241,0.0789396,1
0.160158,0.189031,0.101883,1
0.209467,0.199664,0.0689128,1
0.121696,0.154849,0.101168,1
0.207539,0.14028,0.0293085,1
0.213274,0.0562433,0.0940163,1
0.154942,0.0123594,0.0188105,1
0.165857,0.0351075,0.0439993,1
0.201306,0.140342,0.000418913,1
0.166895,0.213631,0.101395,1
0.18092,0.210079,0.0183086,1
0.218231,0.182239,0.0267206,1
0.133919,0.0135891,0.0424115,1
0.146481,0.0967086,0.0709903,1
0.118766,0.137833,0.00188978,1
0.120749,0.158115,0.0659251,1
0.165329,0.148231,0.0620328,1
0.125451,0.121833,0.00657305,1
0.204163,0.201219,0.0800286,1
0.224197,0.215323,0.0702343,1
0.121791,0.152182,0.100159,1
0.124051,0.158813,0.100364,1
0.144432,0.00334401,0.00939578,1
0.155305,0.120358,0.040255,1
0.206114,0.0802144,0.0518277,1
0.196131,0.150408,0.0834257,1
0.215309,0.165377,0.00463069,1
0.139393,0.109209,0.0870616,1
0.119914,0.160258,0.0973292,1
0.203082,0.0064632,0.0371851,1
0.177895,0.210604,0.0169724,1
0.178401,0.143167,0.026183,1
0.139175,0.21297,0.0523937,1
0.132272,0.0870438,0.000366858,1
0.224627,0.209799,0.100719,1
0.192667,0.0306077,0.0565638,1
0.121248,0.148755,0.100423,1
0.118751,0.147281,0.101366,1
0.117918,0.15272,0.100113,1
0.125568,0.150287,0.102462,1
0.0865502,0.153001,0.189458,2
0.0866607,0.219422,0.209229,2
0.0907748,0.115496,0.124174,2
0.038356,0.106906,0.12629,2
0.0863994,0.206097,0.173637,2
0.0133208,0.165227,0.177132,2
0.0163845,0.222731,0.201661,2
0.0479362,0.10378,0.182955,2
0.0922342,0.0879521,0.194202,2
0.0865229,0.192404,0.204222,2
0.114322,0.0702044,0.213024,2
0.0958039,0.215979,0.201076,2
0.115209,0.0689896,0.190682,2
0.0126864,0.19902,0.211884,2
0.0554073,0.0920943,0.190298,2
0.0729997,0.10579,0.150601,2
0.0506134,0.00837067,0.139274,2
0.00378573,0.148481,0.123019,2
0.0635891,0.157926,0.18704,2
0.0411491,0.21979,0.176234,2
0.0174917,0.124199,0.21413,2
0.0729856,0.163808,0.194162,2
0.10571,0.173685,0.14671,2
0.0717205,0.109371,0.158226,2
0.0768055,0.110466,0.175688,2
0.0757709,0.220415,0.174577,2
0.0079103,0.0698952,0.14271,2
0.0430283,0.149312,0.126071,2
0.00216011,0.128853,0.222348,2
0.0106094,0.164669,0.179678,2
0.0528954,0.139197,0.167976,2
0.0987576,0.0945864,0.147409,2
0.105005,0.158804,0.215059,2
0.00565511,0.179934,0.218422,2
0.0637171,0.193471,0.136079,2
0.0376385,0.0122396,0.191232,2
0.0479476,0.0181053,0.188928,2
0.0479341,0.0809669,0.211341,2
0.0325866,0.128049,0.172411,2
0.043533,0.187423,0.185501,2
0.107636,0.119413,0.158516,2
0.0607952,0.0980169,0.127485,2
0.0180724,0.0710404,0.146818,2
0.109909,0.125641,0.153745,2
0.0981959,0.193235,0.208753,2
0.108754,0.154667,0.148767,2
0.0593267,0.14361,0.128568,2
0.0221774,0.118651,0.163341,2
0.0086025,0.210131,0.206684,2
0.0150249,0.0296785,0.221107,2
0.0453472,0.215466,0.208114,2
0.105061,0.0333723,0.224938,2
0.101405,0.0389963,0.221279,2
0.0762968,0.175692,0.214544,2
0.0352912,0.202439,0.184173,2
0.0790848,0.104022,0.190423,2
0.0778066,0.133249,0.124318,2
0.0043528,0.145932,0.221227,2
0.0930514,0.0128114,0.151789,2
0.0530663,0.146109,0.220051,2
0.00920999,0.124832,0.152037,2
0.0986498,0.223039,0.134614,2
0.113158,0.0949005,0.155426,2
0.0607747,0.093605,0.175953,2
0.0805608,0.157716,0.190312,2
0.0328058,0.0844345,0.177326,2
0.0345394,0.189522,0.130634,2
0.000577667,0.0618275,0.165252,2
0.0408013,0.17225,0.149904,2
0.00733118,0.173079,0.187487,2
0.0802812,0.0617132,0.153347,2
0.00618942,0.0221816,0.123511,2
0.000805196,0.0488328,0.162531,2
0.0891446,0.00280944,0.205192,2
0.0286096,0.0616505,0.20799,2
0.0596307,0.218943,0.222694,2
0.00690676,0.121802,0.130865,2
0.0660031,0.0324788,0.124392,2
0.0969158,0.0641641,0.209611,2
0.0516459,0.0719251,0.160547,2
0.0581783,0.173029,0.168156,2
0.0128213,0.06743,0.144571,2
0.0106371,0.158715,0.137263,2
0.0800954,0.13223,0.178683,2
0.00904115,0.0236289,0.200962,2
0.0454949,0.186388,0.146602,2
0.114948,0.174731,0.182282,2
0.0389591,0.192846,0.176298,2
0.042954,0.0324207,0.153677,2
0.00740698,0.0163865,0.129838,2
0.00107978,0.19398,0.125249,2
0.0468862,0.0378151,0.138939,2
0.111964,0.113849,0.157475,2
0.111257,0.22431,0.145278,2
0.036142,0.0348385,0.164387,2
0.0481672,0.0877171,0.154251,2
0.0322338,0.141283,0.18339,2
0.110983,0.0694283,0.15337,2
0.0136386,0.0709038,0.146219,2
0.0164738,0.0730525,0.145016,2
0.0948375,0.10565,0.216166,2
0.0504061,0.090906,0.131131,2
0.0273328,0.109832,0.18591,2
0.114156,0.220042,0.17891,2
0.0468649,0.209,0.142964,2
0.0190332,0.213466,0.164949,2
0.0341198,0.131053,0.16133,2
0.104938,0.0327187,0.135644,2
0.0859692,0.126229,0.193281,2
0.0923239,0.0454388,0.218627,2
0.114972,0.1895,0.175768,2
0.0244338,0.198771,0.137389,2
0.107954,0.124773,0.16002,2
0.0681885,0.137472,0.163153,2
0.0493384,0.0350552,0.191213,2
0.0364325,0.133324,0.140639,2
0.0873544,0.0557814,0.221282,2
0.113246,0.0755771,0.177648,2
0.0089695,0.126264,0.132637,2
0.0346129,0.038939,0.157638,2
0.113828,0.136225,0.132535,2
0.103708,0.0298394,0.160732,2
0.172137,0.0569666,0.132611,3
0.154534,0.04205,0.118112,3
0.144884,0.0945978,0.191809,3
0.134776,0.138251,0.139612,3
0.185597,0.191654,0.131605,3
0.165856,0.070655,0.220324,3
0.125623,0.137299,0.130673,3
0.181328,0.0326354,0.127778,3
0.169368,0.0443981,0.207877,3
0.148699,0.0772294,0.117879,3
0.130737,0.165417,0.216815,3
0.194072,0.152233,0.166764,3
0.216614,0.0791787,0.128546,3
0.164741,0.0991106,0.11332,3
0.147153,0.0807176,0.172833,3
0.183707,0.09168,0.218026,3
0.144997,0.135171,0.210611,3
0.208197,0.0693001,0.148429,3
0.125106,0.137718,0.137566,3
0.136592,0.10442,0.224771,3
0.173786,0.159253,0.202322,3
0.222268,0.148995,0.215397,3
0.211204,0.0871632,0.211779,3
0.127443,0.0534572,0.130769,3
0.120577,0.155938,0.10424,3
0.166748,0.0970121,0.164918,3
0.153668,0.0714701,0.224847,3
0.152284,0.027593,0.154595,3
0.147927,0.142125,0.11204,3
0.172011,0.141046,0.106634,3
0.144242,0.144395,0.108975,3
0.220247,0.075677,0.118845,3
0.174337,0.0454188,0.16353,3
0.13183,0.152799,0.143774,3
0.224798,0.145871,0.166916,3
0.202568,0.158775,0.149794,3
0.136089,0.00915209,0.193778,3
0.167388,0.115755,0.132112,3
0.224279,0.174387,0.150646,3
0.161604,0.0653902,0.220789,3
0.211626,0.17454,0.211118,3
0.126359,0.12126,0.18077,3
0.12388,0.137215,0.127543,3
0.209285,0.165359,0.136238,3
0.177314,0.155219,0.175635,3
0.214349,0.0158172,0.173322,3
0.145669,0.188171,0.142366,3
0.21688,0.208523,0.124851,3
0.224088,0.145601,0.139898,3
0.146463,0.0282498,0.144834,3
0.154916,0.214623,0.213222,3
0.120803,0.193822,0.207013,3
0.18579,0.0340266,0.185886,3
0.176507,0.20188,0.189533,3
0.127166,0.0409987,0.189664,3
0.120511,0.169723,0.221405,3
0.171298,0.0270652,0.161054,3
0.179838,0.0769674,0.171955,3
0.157751,0.218436,0.218691,3
0.123225,0.210118,0.200135,3
0.184415,0.184627,0.209688,3
0.170775,0.0226359,0.177481,3
0.124762,0.0445211,0.200521,3
0.11903,0.163569,0.104269,3
0.193929,0.00200022,0.176086,3
0.119148,0.100824,0.176126,3
0.133326,0.173927,0.187934,3
0.199543,0.163488,0.107035,3
0.182178,0.0556317,0.187578,3
0.121084,0.205748,0.151483,3
0.198757,0.0203599,0.183709,3
0.172392,0.0599989,0.17331,3
0.159236,0.0286336,0.10588,3
0.13211,0.184234,0.16783,3
0.149377,0.190453,0.13861,3
0.198935,0.124098,0.107408,3
0.205782,0.110211,0.206712,3
0.220459,0.0598275,0.205564,3
0.119602,0.158033,0.107121,3
0.215374,0.127004,0.197535,3
0.187026,0.153978,0.139538,3
0.215981,0.0495532,0.188702,3
0.222241,0.116098,0.184289,3
0.161911,0.0434705,0.197837,3
0.193695,0.167551,0.200605,3
0.168233,0.166771,0.189105,3
0.147837,0.027703,0.218504,3
0.22178,0.0260518,0.137894,3
0.123594,0.218615,0.161253,3
0.206016,0.118878,0.149573,3
0.127083,0.115494,0.208244,3
0.146565,0.0465681,0.149388,3
0.129415,0.0253873,0.139235,3
0.221778,0.117692,0.201961,3
0.125933,0.211717,0.164108,3
0.116225,0.138363,0.210943,3
0.161644,0.21737,0.217925,3
0.178629,0.199692,0.19209,3
0.119888,0.153722,0.106171,3
0.1873,0.0813891,0.131999,3
0.121274,0.149186,0.107201,3
0.118899,0.156386,0.106284,3
0.1192,0.151256,0.107693,3
0.173631,0.11107,0.164119,3
0.119118,0.155968,0.105721,3
0.12195,0.223487,0.106734,3
0.118298,0.215735,0.219476,3
0.118904,0.16062,0.103551,3
0.118773,0.153991,0.103493,3
0.119459,0.150117,0.104199,3
0.161209,0.0261164,0.193839,3
0.199619,0.102416,0.199662,3
0.119938,0.158977,0.106937,3
0.117616,0.151864,0.109475,3
0.166338,0.0382486,0.152603,3
0.146469,0.0706221,0.222214,3
0.118689,0.159186,0.106006,3
0.122961,0.157311,0.104152,3
0.120584,0.154809,0.10579,3
0.116685,0.158374,0.10572,3
0.118534,0.181955,0.1122,3
0.220387,0.0485805,0.111867,3
0.209493,0.0913373,0.111999,3
0.144098,0.111968,0.111721,3
0.16638,0.0939501,0.111097,3
0.122712,0.147344,0.104297,3
0.121535,0.151628,0.107634,3
