x coord,y coord,z coord,rank
0.00644407,0.0436791,0.0388677,0
0.134512,0.0776654,0.0179641,0
0.189031,0.00524836,0.049748,0
0.0286138,0.0116993,0.0695136,0
0.0876866,0.0325516,0.00624632,0
0.0620386,0.085505,0.065122,0
0.118677,0.0948477,0.0492337,0
0.0523137,0.0666618,0.0648659,0
0.0900606,0.0298783,0.0965102,0
0.17258,0.0689957,0.0921938,0
0.094554,0.0379926,0.0296385,0
0.211035,0.0382992,0.0451965,0
0.200932,0.0694889,0.0024773,0
0.130171,0.052788,0.0861841,0
0.156385,0.0590382,0.0913751,0
0.13678,0.107417,0.0174536,0
0.2095,0.0716612,0.100538,0
0.12304,0.0390071,0.0713763,0
0.184131,0.0587903,0.00960934,0
0.105187,0.0781142,0.0868597,0
0.149995,0.00858888,0.0130719,0
0.170863,0.0671343,0.096121,0
0.157588,0.0290945,0.0430315,0
0.172404,0.0676692,0.0948961,0
0.169974,0.102386,0.0462146,0
0.169757,0.0681098,0.0907842,0
0.00629498,0.0373305,0.0380117,0
0.175066,0.0696671,0.0947524,0
0.219355,0.0195827,0.0998654,0
0.190297,0.0201191,0.0750831,0
0.169492,0.0673978,0.0932271,0
0.00558369,0.0245563,0.0384128,0
0.14332,0.0957932,0.0255712,0
0.145198,0.021541,0.00360986,0
0.17568,0.0025384,0.0975761,0
0.0992579,0.00984869,0.0267855,0
0.076971,0.104835,0.0108148,0
0.199973,0.0582256,0.0963431,0
0.00677985,0.0687463,0.0293702,0
0.21122,0.0700174,0.0343097,0
0.00769664,0.0494194,0.0998062,0
0.083492,0.0160764,0.0259565,0
0.0730959,0.033406,0.0250248,0
0.0352513,0.000311053,0.0856372,0
0.16916,0.0661909,0.0958631,0
0.0715123,0.0371516,0.0637914,0
0.0952755,0.00910456,0.0898166,0
0.0167401,0.103767,0.0610056,0
0.10427,0.0891813,0.0630957,0
0.137069,0.0927053,0.0172066,0
0.171264,0.0683296,0.0971888,0
0.0912332,0.0682651,0.057079,0
0.163029,0.0770325,0.0372416,0
0.168773,0.0674153,0.0940778,0
0.0454631,0.0398646,0.0387708,0
0.223187,0.0679932,0.0999701,0
0.174296,0.0670043,0.0945202,0
0.165133,0.040614,0.088928,0
0.173772,0.0666615,0.0959292,0
0.210991,0.0466906,0.0172663,0
0.148461,0.0973328,0.026492,0
0.0693291,0.0410963,0.0549421,0
0.0790735,0.0362267,0.0847321,0
0.17541,0.0263406,0.0280575,0
0.132518,0.0950411,0.018616,0
0.012316,0.0722544,0.000966395,0
0.121677,0.0733129,0.02539,0
0.172068,0.0627379,0.0942122,0
0.0908191,0.101492,0.00236873,0
0.171791,0.0699897,0.0918545,0
0.0356001,0.0202567,0.0350773,0
0.207281,0.0171931,0.0583526,0
0.0404249,0.00234017,0.0259757,0
0.171191,0.0683994,0.097456,0
0.0391555,0.0524581,0.0921855,0
0.136583,0.0746533,0.0928876,0
0.049631,0.0534108,0.0808369,0
0.100027,0.0379718,0.0480584,0
0.122769,0.0775161,0.0967377,0
0.0145934,0.0604591,0.0134271,0
0.130801,0.0568524,0.0205161,0
0.172872,0.0664621,0.0962004,0
0.0322744,0.103967,0.0572468,0
0.00737883,0.0608888,0.0336286,0
0.0799652,0.0955531,0.0831112,0
0.0685598,0.0215505,0.0454064,0
0.0238601,0.0374789,0.0412712,0
0.0641436,0.0140987,0.0175813,0
0.00291343,0.0536904,0.0356007,0
0.0929333,0.0244724,0.012255,0
0.134077,0.102804,0.0576097,0
0.191599,0.0230311,0.0715145,0
0.216236,0.050955,0.0466705,0
0.0906242,0.0665252,0.0738209,0
0.21738,0.05669,0.073411,0
0.171015,0.0518535,0.0532463,0
0.1752,0.0644535,0.094562,0
0.176483,0.0487841,0.0743077,0
0.167891,0.0685411,0.0960294,0
0.173109,0.0698159,0.0974711,0
0.173619,0.0656396,0.0979521,0
0.0286585,0.102962,0.0754057,0
0.173847,0.0683086,0.0939175,0
0.149733,0.0140882,0.0376101,0
0.168677,0.0661734,0.0966435,0
0.143967,0.0128134,0.0882341,0
0.169164,0.0646924,0.0969126,0
0.17381,0.0654688,0.0974637,0
0.122649,0.0248244,0.0217096,0
0.174006,0.0632604,0.0955573,0
0.17679,0.0640494,0.0955715,0
0.0117973,0.0779432,0.069512,0
0.0799862,0.0081361,0.0182814,0
0.0936596,0.0361297,0.0103854,0
0.0191806,0.0774884,0.0265797,0
0.138228,0.0332696,0.0265534,0
0.17075,0.0624072,0.093008,0
0.171848,0.0655962,0.0936644,0
0.171411,0.0685534,0.0982784,0
0.109915,0.0804279,0.00900001,0
0.169965,0.0679724,0.0943739,0
0.172404,0.0639432,0.0928313,0
0.17938,0.0879278,0.0550313,0
0.174927,0.0685947,0.0945954,0
0.17534,0.0636607,0.0948893,0
0.129601,0.00688222,0.083802,0
0.166823,0.0666086,0.0967626,0
0.0352822,0.098517,0.0284903,0
0.1729,0.0677291,0.0914592,0
0.170269,0.0688106,0.0923402,0
0.170518,0.0680547,0.0995402,0
0.0638095,0.155769,0.197915,1
0.0931668,0.164542,0.192155,1
0.21199,0.195757,0.196946,1
0.0796186,0.150787,0.18104,1
0.102923,0.224934,0.220618,1
0.0284965,0.158488,0.206935,1
0.0689215,0.219718,0.106291,1
0.104319,0.166774,0.1171,1
0.128248,0.160911,0.122933,1
0.0437758,0.160128,0.125502,1
0.0371833,0.17796,0.221438,1
0.0719634,0.217362,0.142529,1
0.0847492,0.21867,0.195571,1
0.105199,0.144563,0.213878,1
0.224343,0.158821,0.20911,1
0.0912098,0.202713,0.13204,1
0.0695662,0.219824,0.208016,1
0.20484,0.222845,0.202697,1
0.187796,0.133001,0.198714,1
0.169221,0.208029,0.134186,1
0.155716,0.163509,0.173909,1
0.131394,0.216914,0.190975,1
0.10573,0.200591,0.206928,1
0.145472,0.165325,0.114556,1
0.0236726,0.144611,0.118516,1
0.198782,0.183065,0.175553,1
0.138611,0.142708,0.194648,1
0.0432163,0.121721,0.16141,1
0.203688,0.140516,0.148691,1
0.130186,0.16686,0.14858,1
0.130558,0.219356,0.137397,1
0.123403,0.222451,0.161225,1
0.0152822,0.142351,0.168686,1
0.0766817,0.132783,0.136757,1
0.0260162,0.219431,0.110989,1
0.15112,0.223488,0.164842,1
0.203514,0.193833,0.163837,1
0.173461,0.174805,0.169668,1
0.208069,0.194747,0.159385,1
0.161605,0.191334,0.12232,1
0.146771,0.174042,0.136225,1
0.0347361,0.159983,0.169037,1
0.0637564,0.174615,0.160545,1
0.126243,0.122795,0.143805,1
0.0953092,0.160286,0.20387,1
0.213651,0.173632,0.171827,1
0.0843434,0.166123,0.14822,1
0.0797201,0.198631,0.139093,1
0.0759278,0.172515,0.222134,1
0.136116,0.159528,0.197562,1
0.00837331,0.165213,0.213556,1
0.0458229,0.213388,0.143663,1
0.159516,0.113076,0.114884,1
0.148216,0.163153,0.221039,1
0.204443,0.163666,0.212817,1
0.126933,0.137881,0.212874,1
0.209598,0.182748,0.109474,1
0.191598,0.161198,0.127417,1
0.151441,0.155079,0.112971,1
0.151104,0.110393,0.14562,1
0.0942258,0.129742,0.182035,1
0.122146,0.183203,0.187588,1
0.162702,0.14157,0.155393,1
0.178032,0.150253,0.190419,1
0.0163667,0.201943,0.199571,1
0.0568816,0.158431,0.117176,1
0.200724,0.110059,0.22339,1
0.00439259,0.202696,0.115744,1
0.0837267,0.189377,0.134118,1
0.0893571,0.185817,0.221621,1
0.161168,0.113775,0.189813,1
0.146967,0.136504,0.151644,1
0.170958,0.122534,0.205892,1
0.104897,0.171939,0.198409,1
0.173699,0.143494,0.202395,1
0.0517933,0.219894,0.173894,1
0.0309032,0.110399,0.184235,1
0.0540919,0.128165,0.129509,1
0.161884,0.206213,0.217006,1
0.094978,0.178627,0.118011,1
0.186464,0.22052,0.151716,1
0.161095,0.147936,0.223308,1
0.0429237,0.172719,0.180057,1
0.198855,0.151838,0.149495,1
0.0829073,0.1563,0.1283,1
0.0384525,0.132995,0.113896,1
0.109041,0.191587,0.222199,1
0.128952,0.15193,0.143195,1
0.180338,0.2232,0.118156,1
0.0894037,0.121974,0.194865,1
0.0439735,0.189628,0.158673,1
0.155401,0.136281,0.179286,1
0.131831,0.12217,0.165195,1
0.13875,0.1349,0.151698,1
0.162582,0.113167,0.20172,1
0.0548433,0.125306,0.131378,1
0.116214,0.147826,0.178502,1
0.0911392,0.198021,0.108164,1
0.149141,0.224893,0.141576,1
0.141398,0.164549,0.108697,1
0.198121,0.168867,0.126161,1
0.126709,0.199339,0.204947,1
0.178286,0.15481,0.187975,1
0.0973899,0.213155,0.15487,1
0.0559905,0.164246,0.17379,1
0.157157,0.155146,0.216921,1
0.184885,0.186355,0.115801,1
0.0559867,0.120088,0.172087,1
0.196754,0.138909,0.13128,1
0.110162,0.143339,0.217254,1
0.199507,0.142726,0.209368,1
0.0594755,0.118536,0.169856,1
0.125701,0.146521,0.151807,1
0.00167964,0.147198,0.208289,1
0.078144,0.127822,0.142093,1
0.0873983,0.211021,0.215633,1
0.0332262,0.189419,0.130844,1
0.0990435,0.131703,0.207333,1
0.170857,0.151309,0.113002,1
0.122495,0.151884,0.218968,1
0.201108,0.20621,0.138723,1
0.0996134,0.139806,0.124416,1
0.142897,0.138132,0.161027,1
0.0844095,0.14815,0.223762,1
0.0165783,0.150391,0.189042,1
0.0847108,0.150102,0.153961,1
0.0983083,0.180628,0.118811,1
0.193492,0.12175,0.21379,1
0.214975,0.121387,0.141495,1
0.196495,0.125966,0.150266,1
0.204507,0.117321,0.215658,1
0.0951713,0.134811,0.155447,1
0.189435,0.14122,0.154025,1
0.15482,0.144084,0.188567,1
0.194537,0.218754,0.116797,1
0.0913038,0.155897,0.110083,1
0.116345,0.213404,0.107875,1
0.0258783,0.111106,0.110957,1
0.176685,0.154773,0.109156,1
0.171869,0.149537,0.106953,1
0.0984622,0.149966,0.108578,1
0.213526,0.123983,0.111136,1
0.0262598,0.169923,0.108934,1
0.115142,0.140763,0.0619663,2
0.0272289,0.117523,0.099843,2
0.224503,0.15063,0.0883514,2
0.170656,0.132779,0.101361,2
0.218003,0.181377,0.0771719,2
0.13156,0.180035,0.0224817,2
0.0226005,0.207779,0.0634132,2
0.145725,0.171489,0.0426231,2
0.0561607,0.159151,0.0319088,2
0.0479261,0.1477,0.0649257,2
0.0604276,0.213432,0.0503921,2
0.143788,0.201433,0.0212203,2
0.0649191,0.179512,0.0588546,2
0.0971602,0.192949,0.0692877,2
0.162068,0.198065,0.00445069,2
0.183324,0.138781,0.00196288,2
0.0410745,0.218267,0.0506483,2
0.10628,0.177168,0.0406406,2
0.198493,0.128521,0.0355091,2
0.103958,0.175415,0.0622221,2
0.219785,0.158104,0.039315,2
0.0112292,0.130551,0.0635352,2
0.0485452,0.158875,0.0435497,2
0.0902487,0.191971,0.0396157,2
0.0475345,0.207742,0.091197,2
0.0270278,0.224877,0.049415,2
0.149841,0.184391,0.0545024,2
0.118142,0.174426,0.00686435,2
0.139917,0.145654,0.0393666,2
0.138211,0.216783,0.0694844,2
0.106697,0.165114,0.0947804,2
0.104596,0.117792,0.0882563,2
0.147449,0.124278,0.056297,2
0.216841,0.188721,0.0201785,2
0.0019419,0.163276,0.0165149,2
0.217116,0.164662,0.0713026,2
0.0664807,0.211124,0.0625653,2
0.155164,0.158219,0.00508822,2
0.202226,0.141209,0.0344937,2
0.209091,0.164577,0.0421945,2
0.176971,0.171333,0.00184199,2
0.0571168,0.178393,0.0238382,2
0.0641377,0.218487,0.0963727,2
0.100464,0.151869,0.059773,2
0.190766,0.132545,0.100404,2
0.176774,0.220986,0.0264059,2
0.0903367,0.131207,0.0180612,2
0.0330663,0.200177,0.0965577,2
0.17035,0.135251,0.0678331,2
0.0505422,0.183857,0.0250512,2
0.052556,0.113918,0.0958542,2
0.0329875,0.221679,0.0338024,2
0.219684,0.159982,0.0823553,2
0.00857725,0.143005,0.0272543,2
0.087059,0.219248,0.0703269,2
0.11564,0.11165,0.0419757,2
0.149212,0.154153,0.0478795,2
0.110563,0.19057,0.0945029,2
0.0876643,0.13102,0.0951272,2
0.132827,0.192116,0.101278,2
0.125402,0.20446,0.0882858,2
0.200805,0.16678,0.0708789,2
0.12033,0.151145,0.00090727,2
0.199392,0.184565,0.095283,2
0.0356973,0.156902,0.0524628,2
0.127452,0.189811,0.0308419,2
0.164331,0.185941,0.0575749,2
0.0148837,0.118381,0.00431809,2
0.039491,0.122002,0.0511659,2
0.0658956,0.19343,0.0685873,2
0.187747,0.221276,0.0744065,2
0.113903,0.119499,0.00550811,2
0.0736974,0.164324,0.0454882,2
0.0291031,0.111956,0.0817736,2
0.141741,0.20158,0.0405364,2
0.117608,0.126395,0.0719666,2
0.0252714,0.153746,0.0972499,2
0.0662525,0.116903,0.0484456,2
0.0200528,0.201342,0.0759282,2
0.0532579,0.136912,0.0310618,2
0.161224,0.179809,0.0392652,2
0.0828495,0.168276,0.00114441,2
0.194069,0.123249,0.0139964,2
0.2244,0.163774,0.0211468,2
0.0433876,0.140374,0.0366679,2
0.00136024,0.170646,0.0196691,2
0.00668352,0.193662,0.00786708,2
0.063216,0.199849,0.0140212,2
0.00948547,0.161707,0.0617866,2
0.147969,0.206947,0.0975568,2
0.165761,0.196222,0.0841651,2
0.0407695,0.153365,0.0337571,2
0.00130918,0.198631,0.00316276,2
0.186062,0.160027,0.0179566,2
0.0634945,0.134109,0.0521181,2
0.130689,0.194434,0.0860857,2
0.0424834,0.197668,0.0601499,2
0.155948,0.201803,0.0554602,2
0.223815,0.154881,0.0409416,2
0.138449,0.201991,0.0865641,2
0.0404097,0.168313,0.0208682,2
0.190913,0.196527,0.0660675,2
0.0654806,0.143449,0.0940092,2
0.0688705,0.175918,0.025523,2
0.042231,0.122739,0.0631693,2
0.205032,0.188516,0.0299368,2
0.0348823,0.147936,0.00957727,2
0.0329181,0.167861,0.0951835,2
0.0761583,0.194292,0.0250177,2
0.16683,0.200523,0.0259423,2
0.0485241,0.127484,0.0180205,2
0.16876,0.146497,0.0799958,2
0.0360917,0.159046,0.0131134,2
0.0205055,0.14861,0.00940506,2
0.178133,0.169578,0.0965443,2
0.00422896,0.110579,0.0824908,2
0.122911,0.154829,0.104762,2
0.1609,0.112548,0.0160385,2
0.189281,0.110812,0.0162471,2
0.191188,0.079997,0.197213,3
0.105307,0.0966133,0.185308,3
0.0890129,0.0983366,0.19364,3
0.057771,0.0839822,0.136427,3
0.0735746,0.00295133,0.106333,3
0.0988419,0.0816994,0.13608,3
0.00565941,0.107804,0.19867,3
0.00149171,0.0291365,0.125982,3
0.0510895,0.000737193,0.20577,3
0.0931338,0.105629,0.16484,3
0.0844573,0.0655018,0.110947,3
0.0257365,0.0346278,0.154732,3
0.0264971,0.0138367,0.145046,3
0.215992,0.0583964,0.135873,3
0.127651,0.0154743,0.183066,3
0.206957,0.0434397,0.108991,3
0.0672323,0.0554554,0.17965,3
0.0243036,0.063691,0.178838,3
0.184366,0.0573611,0.151781,3
0.196693,0.0888211,0.130496,3
0.21662,0.0573742,0.108134,3
0.148559,0.002071,0.189172,3
0.00967087,0.051776,0.154477,3
0.0523002,0.014676,0.185836,3
0.130014,0.101457,0.11735,3
0.209864,0.0892574,0.212669,3
0.0185296,0.0416382,0.199034,3
0.163581,0.0164513,0.155355,3
0.138992,0.0215418,0.105635,3
0.121126,0.0346952,0.179883,3
0.00463666,0.0356926,0.193833,3
0.0378993,0.104611,0.1553,3
0.0973837,0.015691,0.116221,3
0.208657,0.0541711,0.105437,3
0.0941962,0.0982715,0.216426,3
0.0459167,0.0150743,0.174855,3
0.0930297,0.00390981,0.123729,3
0.0500759,0.0773987,0.117983,3
0.00390453,0.0146851,0.199222,3
0.0109071,0.0454354,0.206477,3
0.202039,0.0373098,0.118357,3
0.0333647,0.103262,0.221749,3
0.0189887,0.00478555,0.119336,3
0.0421287,0.0844491,0.198051,3
0.176979,0.0506549,0.20128,3
0.189024,0.0661728,0.142439,3
0.119712,0.0652096,0.188361,3
0.0900881,0.0201907,0.135854,3
0.0724291,0.0258104,0.134348,3
0.204366,0.0586549,0.134303,3
0.190672,0.0443878,0.151581,3
0.0715557,0.0257011,0.2156,3
0.174184,0.0723322,0.134188,3
0.221049,0.0290077,0.126576,3
0.0926562,0.103541,0.200201,3
0.0824714,0.0409674,0.166294,3
0.216063,0.0133429,0.116871,3
0.196977,0.0652805,0.177968,3
0.0399848,0.0500005,0.204659,3
0.132677,0.0965339,0.194308,3
0.00358205,0.0218928,0.145564,3
0.0476821,0.103315,0.11719,3
0.0142616,0.0978307,0.164598,3
0.215592,0.0845334,0.124085,3
0.151839,0.0213755,0.17213,3
0.148557,0.0235231,0.103665,3
0.170241,0.0491936,0.209177,3
0.0781608,0.0517395,0.195397,3
0.000959937,0.0856727,0.129959,3
0.138473,0.0263808,0.163503,3
0.0883189,0.00310788,0.189363,3
0.0966499,0.104729,0.131302,3
0.0786122,0.0612669,0.132705,3
0.210693,0.0865183,0.183974,3
0.118576,0.088344,0.120428,3
0.206224,0.0701214,0.13033,3
0.201538,0.0711356,0.146777,3
0.210895,0.0286081,0.165544,3
0.0426542,0.00771076,0.181212,3
0.205807,0.00998014,0.139588,3
0.193061,0.0803648,0.175734,3
0.182562,0.0363777,0.13546,3
0.145495,0.0581026,0.114331,3
0.21469,0.0688245,0.185399,3
0.173757,0.0056635,0.129832,3
0.194339,0.000582462,0.131164,3
0.0733418,0.0738192,0.213433,3
0.104836,0.0642821,0.193085,3
0.0530558,0.0635384,0.121826,3
0.128019,0.0130399,0.205198,3
0.0130532,0.067938,0.104569,3
0.0772352,0.0572996,0.219497,3
0.105138,0.0781529,0.193524,3
0.162576,0.10054,0.144118,3
0.0944899,0.0811126,0.116305,3
0.203633,0.0925709,0.179008,3
0.0740821,0.0404763,0.209392,3
0.0587634,0.00480299,0.105739,3
0.15075,0.0882935,0.132343,3
0.00428286,0.10714,0.175782,3
0.140401,0.0217426,0.16776,3
0.00611962,0.0516307,0.161438,3
0.0411896,0.00856041,0.134796,3
0.12556,0.0382761,0.125931,3
0.00453435,0.0167136,0.107762,3
0.17164,0.0965798,0.105148,3
0.123024,0.109512,0.189658,3
