x coord,y coord,z coord,rank
0.217455,0.0753483,0.198419,0
0.179984,0.0795597,0.0989886,0
0.204221,0.0464127,0.126435,0
0.181981,0.0823326,0.0304606,0
0.173518,0.0450597,0.199785,0
0.19858,0.0344042,0.208618,0
0.200932,0.0122678,0.136078,0
0.153329,0.09791,0.218547,0
0.192959,0.0156277,0.202757,0
0.187254,0.0836985,0.110669,0
0.208499,0.0283572,0.198824,0
0.145648,0.0673491,0.14999,0
0.213757,0.0831201,0.0434821,0
0.183805,0.0357605,0.118466,0
0.157948,0.0919228,0.184423,0
0.214175,0.0512038,0.0723205,0
0.221837,0.0546324,0.0560716,0
0.18499,0.0977187,0.212764,0
0.192026,0.0345604,0.206185,0
0.217073,0.00949796,0.090617,0
0.141543,0.0612368,0.197775,0
0.199051,0.0351838,0.210268,0
0.139427,0.097977,0.105475,0
0.198198,0.0241408,0.0436181,0
0.160934,0.0478922,0.177048,0
0.159058,0.0965232,0.0846706,0
0.204564,0.035407,0.209193,0
0.215594,0.0571503,0.191076,0
0.18968,0.0382043,0.0766018,0
0.157479,0.0601981,0.0255659,0
0.163717,0.0339036,0.0845961,0
0.182095,0.0195136,0.221015,0
0.216976,0.0525028,0.0762939,0
0.199186,0.0408433,0.209351,0
0.182439,0.0293227,0.0586144,0
0.197279,0.0355994,0.211396,0
0.191788,0.0618275,0.088834,0
0.154396,0.0155718,0.00111525,0
0.174769,0.0646879,0.024652,0
0.202185,0.0414329,0.207893,0
0.199558,0.032445,0.214066,0
0.223561,0.0500106,0.104734,0
0.20068,0.00106126,0.10901,0
0.198897,0.0358537,0.209169,0
0.197345,0.0369066,0.20773,0
0.224744,0.0690419,0.0836703,0
0.202154,0.0997746,0.125941,0
0.200036,0.0401692,0.213181,0
0.151445,0.0128322,0.187304,0
0.155312,0.0707909,0.143957,0
0.204305,0.0259496,0.207239,0
0.201629,0.0347685,0.211918,0
0.199041,0.0353419,0.208514,0
0.160305,0.0548933,0.0396307,0
0.218874,0.00621985,0.162289,0
0.159974,0.0802449,0.0684101,0
0.153055,0.0866634,0.209732,0
0.191193,0.0623589,0.109343,0
0.206241,0.037884,0.209808,0
0.202344,0.036628,0.213253,0
0.19983,0.0365423,0.213046,0
0.224493,0.0443903,0.19291,0
0.222506,0.0388813,0.172306,0
0.156349,0.0864335,0.141984,0
0.21684,0.0439897,0.0505752,0
0.201525,0.0338475,0.212108,0
0.134319,0.0143704,0.157751,0
0.183055,0.078881,0.144342,0
0.202506,0.032002,0.209403,0
0.204381,0.0328606,0.210364,0
0.169177,0.0169929,0.076264,0
0.174179,0.00368844,0.0914687,0
0.200689,0.0402543,0.208322,0
0.205796,0.00697041,0.198041,0
0.197725,0.0349854,0.21109,0
0.174894,0.0402591,0.0575119,0
0.204209,0.0376446,0.21121,0
0.222543,0.0879042,0.0673623,0
0.196778,0.0368374,0.211798,0
0.219484,0.0845345,0.047934,0
0.202652,0.0374699,0.21054,0
0.196933,0.040895,0.209003,0
0.204993,0.0342102,0.212334,0
0.203256,0.0358369,0.209522,0
0.202894,0.0387157,0.212593,0
0.201411,0.0305713,0.214519,0
0.215188,0.0852531,0.0677901,0
0.187159,0.0214258,0.00868791,0
0.197019,0.0432345,0.209997,0
0.176945,0.0975058,0.0301878,0
0.206821,0.0584031,0.159853,0
0.150614,0.0828533,0.0357121,0
0.171229,0.0324903,0.211795,0
0.190335,0.0301048,0.195319,0
0.143587,0.0368358,0.027245,0
0.199169,0.0384512,0.21336,0
0.173203,0.0310166,0.143544,0
0.152888,0.0623846,0.00337302,0
0.2012,0.0122652,0.113618,0
0.217884,0.0865178,0.0406195,0
0.199771,0.0375809,0.212375,0
0.179192,0.08639,0.145064,0
0.159834,0.0697416,0.208887,0
0.160978,0.0726423,0.070195,0
0.202127,0.0384582,0.213345,0
0.199335,0.0403722,0.213739,0
0.134816,0.0145921,0.128708,0
0.134074,0.0286774,0.00558307,0
0.198452,0.0376062,0.213317,0
0.150494,0.0796932,0.159208,0
0.187855,0.00434099,0.0508781,0
0.17005,0.0834294,0.0649452,0
0.166067,0.0429518,0.113798,0
0.139919,0.0367761,0.00740994,0
0.144122,0.00540926,0.061301,0
0.196184,0.036023,0.208524,0
0.215797,0.0207906,0.0815744,0
0.198427,0.0183553,0.102721,0
0.16668,0.0315536,0.0918177,0
0.163723,0.0346581,0.184357,0
0.16897,0.0825626,0.0602965,0
0.198648,0.0707382,0.0344086,0
0.175943,0.0872553,0.000612901,0
0.144736,0.0571748,0.143872,0
0.148935,0.0898648,0.0222144,0
0.166087,0.203501,0.112921,1
0.178612,0.205105,0.0383629,1
0.127228,0.216255,0.19464,1
0.1394,0.223714,0.163321,1
0.194455,0.183647,0.133247,1
0.136571,0.143124,0.184018,1
0.168228,0.169529,0.128123,1
0.21279,0.191494,0.0943079,1
0.133043,0.128475,0.157278,1
0.181396,0.137279,0.199393,1
0.220873,0.106309,0.106445,1
0.123522,0.191279,0.0311795,1
0.220501,0.162187,0.192055,1
0.205396,0.219802,0.000476493,1
0.204499,0.189072,0.218735,1
0.170846,0.133699,0.15482,1
0.141426,0.131719,0.119583,1
0.150391,0.14737,0.145066,1
0.170541,0.177812,0.159561,1
0.206778,0.170638,0.219869,1
0.143435,0.161976,0.120936,1
0.123112,0.134621,0.18007,1
0.122804,0.105156,0.0864166,1
0.131414,0.128083,0.140983,1
0.130096,0.143602,0.168134,1
0.195574,0.212868,0.128969,1
0.107235,0.185084,0.0756462,1
0.179759,0.106438,0.114801,1
0.193709,0.22485,0.11832,1
0.139254,0.200057,0.0622637,1
0.149326,0.128824,0.0341757,1
0.223803,0.138903,0.212562,1
0.165439,0.207643,0.00577575,1
0.139869,0.191579,0.0172047,1
0.185834,0.110005,0.133625,1
0.197084,0.192353,0.00816778,1
0.168611,0.212872,0.183012,1
0.168361,0.179818,0.0868734,1
0.108005,0.168841,0.0520714,1
0.188302,0.173506,0.0846222,1
0.170252,0.170076,0.0885178,1
0.148866,0.167097,0.0362883,1
0.122869,0.132092,0.00651486,1
0.127603,0.119934,0.047263,1
0.130496,0.158691,0.224666,1
0.18515,0.20259,0.144678,1
0.190967,0.154795,0.221486,1
0.156886,0.197018,0.0112397,1
0.193095,0.134705,0.0742738,1
0.129937,0.153118,0.189315,1
0.16454,0.173195,0.0714984,1
0.11543,0.191664,0.0233238,1
0.201238,0.221864,0.104955,1
0.127333,0.224888,0.193609,1
0.149751,0.191458,0.0460704,1
0.187723,0.154141,0.0180588,1
0.112168,0.133463,0.0651838,1
0.143717,0.165135,0.0248636,1
0.177854,0.130357,0.0553257,1
0.202749,0.208087,0.159912,1
0.155982,0.131248,0.013251,1
0.174929,0.115837,0.118232,1
0.114582,0.181891,0.023643,1
0.146645,0.180401,0.198796,1
0.126211,0.119168,0.147191,1
0.129071,0.210595,0.0357905,1
0.163915,0.197562,0.146149,1
0.145674,0.18528,0.197357,1
0.196718,0.125328,0.0294759,1
0.119067,0.15998,0.0857009,1
0.120883,0.185971,0.0956609,1
0.214601,0.148906,0.118999,1
0.171216,0.112643,0.0935313,1
0.170306,0.185529,0.130076,1
0.175227,0.113666,0.0452837,1
0.19096,0.210354,0.0895974,1
0.123042,0.195717,0.183222,1
0.122594,0.219062,0.166912,1
0.150419,0.198131,0.131908,1
0.150794,0.120147,0.104239,1
0.163227,0.137682,0.165812,1
0.157729,0.171086,0.0342442,1
0.219517,0.166524,0.0759806,1
0.200645,0.111717,0.106734,1
0.221714,0.206122,0.19074,1
0.215201,0.146953,0.0461177,1
0.214716,0.113331,0.208563,1
0.201456,0.188172,0.00135313,1
0.15934,0.199255,0.187744,1
0.207418,0.177754,0.215277,1
0.184343,0.167949,0.0855686,1
0.136423,0.208501,0.00655809,1
0.149577,0.130585,0.0752037,1
0.189178,0.136437,0.0782658,1
0.196065,0.184509,0.138651,1
0.123322,0.210286,0.222362,1
0.223457,0.136806,0.0510261,1
0.188119,0.204582,0.222112,1
0.125847,0.184801,0.150328,1
0.176485,0.113664,0.0575846,1
0.141225,0.123732,0.192453,1
0.217068,0.173629,0.205575,1
0.192078,0.12009,0.189,1
0.150308,0.188737,0.0256711,1
0.138159,0.158787,0.0820922,1
0.170085,0.22418,0.204385,1
0.183271,0.16186,0.0445416,1
0.221943,0.145246,0.205791,1
0.145375,0.123997,0.01189,1
0.141499,0.141232,0.0634135,1
0.137613,0.162614,0.180379,1
0.124957,0.211044,0.0101152,1
0.200823,0.14117,0.0559323,1
0.12336,0.191545,0.120173,1
0.130964,0.205658,0.148039,1
0.116402,0.199199,0.216988,1
0.110472,0.201655,0.044386,1
0.128552,0.223795,0.0779096,1
0.111635,0.198246,0.115447,1
0.117993,0.178359,0.0161643,1
0.116433,0.219727,0.168162,1
0.203446,0.125701,0.0473648,1
0.204282,0.11859,0.0744255,1
0.149894,0.11247,0.0293637,1
0.112187,0.180664,0.0265196,1
0.195089,0.104635,0.126139,1
0.2119,0.103668,0.0119464,1
0.102986,0.117706,0.0672665,1
0.0238699,0.0454221,0.0989995,2
0.128493,0.0932572,0.11664,2
0.0679894,0.0618731,0.207507,2
0.0475701,0.0987614,0.15925,2
0.0653143,0.0297004,0.183552,2
0.0670526,0.0349127,0.0189879,2
0.00580976,0.0346088,0.110874,2
0.0685673,0.0815171,0.192936,2
0.0983049,5.97117e-05,0.180768,2
0.014469,0.00970139,0.151117,2
0.0136899,0.0878624,0.140453,2
0.124088,0.0894538,0.178536,2
0.0830305,0.0110227,0.0838291,2
0.0195434,0.0720417,0.0131418,2
0.0955342,0.00267636,0.219962,2
0.0847161,0.058319,0.0863329,2
0.0803063,0.0338492,0.0695484,2
0.0429429,0.00463282,0.0598165,2
0.0994446,0.000987971,0.0121229,2
0.00167774,0.0436575,0.195688,2
0.0176709,0.0865672,0.0688272,2
0.107334,0.000358128,0.185382,2
0.0626861,0.00255136,0.0835731,2
0.118486,0.0582521,0.185109,2
0.0370864,0.0748939,0.180982,2
0.102305,0.0681401,0.216813,2
0.00364537,0.0120862,0.0383235,2
0.118793,0.00784468,0.175058,2
0.0721097,0.054477,0.117278,2
0.0387815,0.0646672,0.0901396,2
0.0291662,0.0735326,0.178932,2
0.0218995,0.0585148,0.196853,2
0.12276,0.0873767,0.218894,2
0.0453053,0.0406968,0.0212261,2
0.107073,0.00249203,0.178842,2
0.123167,0.061111,0.0294079,2
0.115301,0.0211055,0.0591421,2
0.0942355,0.0108001,0.0865757,2
0.124905,0.0648378,0.214368,2
0.0493016,0.0569586,0.0803535,2
0.0686672,0.0482201,0.133225,2
0.0611423,0.0265617,0.190057,2
0.0579957,0.0572626,0.0312157,2
0.0303622,0.0609525,0.0661086,2
0.0638003,0.0284857,0.0597057,2
0.0844237,0.0878876,0.193159,2
0.0283049,0.0650858,0.151685,2
0.00807139,0.0553984,0.0917499,2
0.130517,0.0100087,0.217533,2
0.0132015,0.0685443,0.185379,2
0.0383542,0.0691083,0.125756,2
0.0546129,0.0265371,0.128713,2
0.0589865,0.0500246,0.169005,2
0.119075,0.0352082,0.160975,2
0.0717324,0.0139557,0.134597,2
0.0322525,0.0579041,0.133937,2
0.109263,0.0874953,0.0210085,2
0.118029,0.0127663,0.0476055,2
0.0488589,0.0663692,0.0856519,2
0.0488352,0.0568916,0.00390044,2
0.018857,0.0899297,0.0104413,2
0.0761983,0.0619829,0.0302453,2
0.0890813,0.0963485,0.00637777,2
0.101266,0.0785168,0.0832707,2
0.0998662,0.034734,0.134803,2
0.109089,0.0603674,0.109421,2
0.0497245,0.00600504,0.070542,2
0.0736425,0.0352105,0.119373,2
0.0406894,0.0088751,0.211168,2
0.0541119,0.058326,0.112735,2
0.0682632,0.0957577,0.101687,2
0.0302191,0.0550525,0.0428635,2
0.0213726,0.0729599,0.222017,2
0.0655005,0.0636762,0.0166461,2
0.106642,0.0364747,0.101122,2
0.0841581,0.0309031,0.0593907,2
0.10203,0.0125302,0.114421,2
0.0818945,0.03907,0.207057,2
0.0561519,0.051468,0.141704,2
0.0649568,0.061068,0.035465,2
0.0892206,0.101829,0.0929168,2
0.0201922,0.0252293,0.142522,2
0.116648,0.0125857,0.164428,2
0.0180156,0.00310855,0.042329,2
0.00114887,0.0246768,0.21166,2
0.0570228,0.0778912,0.204332,2
0.0520997,0.0545962,0.0549364,2
0.107481,0.039758,0.0947226,2
0.122548,0.0833904,0.0886083,2
0.0890707,0.0520802,0.130885,2
0.0925545,0.0577964,0.133306,2
0.0235098,0.0533571,0.164719,2
0.0270542,0.00634988,0.0554311,2
0.0212287,0.0698853,0.0158316,2
0.0998743,0.089152,0.0644617,2
0.0776512,0.0404157,0.060377,2
0.00394783,0.0657298,0.207648,2
0.119615,0.0606377,0.0611828,2
0.0650419,0.00932585,0.164049,2
0.0315348,0.0635972,0.0279604,2
0.114078,0.0990759,0.171149,2
0.0201236,0.0492889,0.197853,2
0.0411548,0.0597227,0.183976,2
0.037246,0.0802971,0.0204894,2
0.0962655,0.0815161,0.112606,2
0.041382,0.0303858,0.185765,2
0.0372994,0.024827,0.0645379,2
0.0313597,0.0284495,0.175102,2
0.000239283,0.0981551,0.21705,2
0.0819621,0.0810675,0.06813,2
0.0726583,0.0465406,0.119566,2
0.0673581,0.102491,0.19633,2
0.130122,0.0123125,0.0516983,2
0.0970241,0.0130059,0.171628,2
0.113741,0.0826392,0.0357239,2
0.0831476,0.0796073,0.0992059,2
0.130667,0.0218948,0.113436,2
0.132019,7.01439e-05,0.0779503,2
0.0509348,0.183274,0.154039,3
0.0373783,0.194772,0.164043,3
0.0976369,0.208537,0.197509,3
0.0113814,0.172394,0.0138202,3
0.00669362,0.164932,0.090661,3
0.0841869,0.181458,0.0714922,3
0.0679325,0.127815,0.157614,3
0.0208368,0.119654,0.207958,3
0.055477,0.153999,0.188613,3
0.0585253,0.19152,0.140242,3
0.0403304,0.222323,0.169821,3
0.0821065,0.218318,0.207439,3
0.0848384,0.120368,0.1031,3
0.0885333,0.125429,0.122341,3
0.0535855,0.116013,0.213963,3
0.0658719,0.146213,0.200937,3
0.0630548,0.114566,0.193271,3
0.0204178,0.116807,0.207844,3
0.0739688,0.208066,0.129907,3
0.0605957,0.15019,0.210709,3
0.0878508,0.204432,0.0884445,3
0.0192681,0.117741,0.0683441,3
0.035807,0.154731,0.0715489,3
0.0877407,0.11287,0.16616,3
0.0153214,0.156377,0.110915,3
0.085716,0.176465,0.0911878,3
0.0658148,0.120801,0.131739,3
0.0874308,0.136433,0.119756,3
0.0700527,0.197618,0.145737,3
0.043768,0.13367,0.139768,3
0.0842967,0.154991,0.121336,3
0.0858336,0.114242,0.098766,3
0.0132757,0.161953,0.201488,3
0.0488553,0.119363,0.128778,3
0.0706767,0.182819,0.224491,3
0.0541007,0.163945,0.0529691,3
0.0936497,0.166319,0.136893,3
0.0853532,0.144031,0.0699658,3
0.0189077,0.180801,0.10749,3
0.0875597,0.185013,0.161853,3
0.0594704,0.224006,0.135054,3
0.0552541,0.166992,0.156138,3
0.0915681,0.20251,0.0931734,3
0.042968,0.181561,0.197018,3
0.0699711,0.127428,0.0786466,3
0.0127746,0.214326,0.0458787,3
0.0836573,0.141702,0.154171,3
0.0763148,0.14134,0.176962,3
0.0814389,0.19962,0.0462352,3
0.017486,0.176777,0.116275,3
0.0986355,0.22274,0.181398,3
0.0714348,0.178658,0.170351,3
0.0888513,0.153212,0.214262,3
0.0291161,0.122601,0.0802652,3
0.0576934,0.161638,0.00938098,3
0.0213358,0.196213,0.114286,3
0.0959144,0.108237,0.220117,3
0.0424578,0.184126,0.0695976,3
0.0907293,0.159924,0.0122895,3
0.0741827,0.126318,0.053107,3
0.0526408,0.168468,0.129001,3
0.0195874,0.200394,0.0496681,3
0.0819626,0.222127,0.113218,3
0.0351911,0.14494,0.194314,3
0.0477318,0.177758,0.109094,3
0.0440003,0.143459,0.164766,3
0.00812644,0.131608,0.103622,3
0.071719,0.205865,0.108124,3
0.0966805,0.125156,0.151868,3
0.0824443,0.125466,0.187786,3
0.0532004,0.116243,0.212638,3
0.00890527,0.142718,0.0278764,3
0.0326052,0.207784,0.0483679,3
0.0589544,0.215202,0.134187,3
0.0372016,0.123907,0.0136216,3
0.00192484,0.158547,0.19152,3
0.0544682,0.152034,0.191153,3
0.102089,0.177758,0.0267353,3
0.0525465,0.163861,0.0746394,3
0.0959402,0.146815,0.213716,3
0.0928604,0.216042,0.0988498,3
0.0122595,0.129012,0.115471,3
0.0510861,0.1099,0.100433,3
0.0868343,0.120189,0.154563,3
0.0375918,0.202944,0.00611434,3
0.0626361,0.129505,0.205697,3
0.0699946,0.149835,0.121477,3
0.0112034,0.135815,0.0570372,3
0.0455099,0.223861,0.060315,3
0.0986784,0.191537,0.121293,3
0.0266579,0.208048,0.198392,3
0.0552515,0.160135,0.192466,3
0.0151437,0.111789,0.101444,3
0.038762,0.125812,0.106048,3
0.0612938,0.147071,0.0632424,3
0.0171121,0.133258,0.149597,3
0.100229,0.142222,0.0934126,3
0.0573447,0.173131,0.123368,3
0.0671311,0.139701,0.0804325,3
0.0340284,0.133228,0.168684,3
0.0412972,0.103361,0.0648127,3
0.0858186,0.153493,0.0307925,3
0.0784398,0.145071,0.182583,3
0.0743917,0.185413,0.0887121,3
0.0796742,0.13381,0.0306802,3
0.0104456,0.135439,0.0551864,3
0.0802719,0.121853,0.0681835,3
0.00863768,0.106968,0.109209,3
0.0869608,0.161682,0.163388,3
0.066213,0.134636,0.217799,3
0.0136613,0.166653,0.198563,3
0.0759119,0.155193,0.00684912,3
0.015351,0.190901,0.0687022,3
0.0603831,0.139109,0.111255,3
0.0983006,0.202054,0.0347869,3
0.0736424,0.178541,0.180236,3
0.0626343,0.143131,0.211466,3
0.076086,0.124303,0.115329,3
0.0420808,0.112326,0.0587882,3
0.0361879,0.153717,0.101355,3
0.0793271,0.210942,0.149302,3
0.0557959,0.183069,0.0152378,3
0.0347263,0.209836,0.187528,3
0.0136404,0.21932,0.0252454,3
0.081122,0.15396,0.013619,3
0.072278,0.122949,0.102554,3
0.0977303,0.168362,0.0279443,3
0.0974524,0.156781,0.00983339,3
0.0964776,0.120913,0.214664,3
