x coord,y coord,z coord,rank
0.0612805,0.0863003,0.217232,0
0.0946297,0.0343733,0.197367,0
0.0596274,0.0513556,0.165892,0
0.0342889,0.0926169,0.108055,0
0.0928432,0.0349865,0.142543,0
0.0383301,0.0763173,0.130474,0
0.122463,0.178417,0.174951,0
0.0485198,0.0734481,0.191278,0
0.0171848,0.0164452,0.202242,0
0.122447,0.130859,0.130268,0
0.00219021,0.0124494,0.114265,0
0.11986,0.213952,0.13877,0
0.117503,0.199112,0.214756,0
0.109383,0.0663667,0.17829,0
0.0672692,0.0597605,0.176946,0
0.122298,0.0399705,0.155565,0
0.0891145,0.0780762,0.131771,0
0.124781,0.185019,0.2041,0
0.125834,0.198019,0.114758,0
0.0495678,0.108671,0.191054,0
0.122066,0.177853,0.154381,0
0.0465727,0.0298568,0.20929,0
0.111045,0.119332,0.112757,0
0.123067,0.00733664,0.12497,0
0.00391624,0.000137281,0.138434,0
0.113136,0.0340201,0.122851,0
0.114689,0.102052,0.209372,0
0.114242,0.085247,0.157963,0
0.11863,0.101029,0.143423,0
0.103648,0.174416,0.208259,0
0.0832959,0.0642825,0.141137,0
0.0116629,0.0420652,0.168806,0
0.0945823,0.0205324,0.1383,0
0.10735,0.171716,0.223541,0
0.0474988,0.203988,0.161546,0
0.114196,0.0263934,0.1607,0
0.0438669,0.223967,0.120545,0
0.0653762,0.0915817,0.144185,0
0.0751985,0.145874,0.192212,0
0.0181394,0.0780218,0.0998962,0
0.0109582,0.133781,0.109185,0
0.0156367,0.0729049,0.21926,0
0.0636706,0.129948,0.21,0
0.00250878,0.218563,0.171142,0
0.0135628,0.0908117,0.104087,0
0.121961,0.0224098,0.180066,0
0.0617188,0.163351,0.110285,0
0.0968593,0.153423,0.200479,0
0.0158491,0.0770197,0.134318,0
0.065793,0.11849,0.214647,0
0.0828293,0.16509,0.143228,0
0.105417,0.202853,0.13749,0
0.0696131,0.0456337,0.18468,0
0.0474264,0.0326532,0.142036,0
0.0440624,0.0919044,0.167782,0
0.115014,0.218984,0.123714,0
0.102991,0.119746,0.163772,0
0.0687505,0.195542,0.15058,0
0.0839359,0.0586776,0.164674,0
0.0883033,0.132853,0.116637,0
0.11235,0.0871227,0.180092,0
0.0200984,0.156371,0.117334,0
0.0657486,0.108586,0.112119,0
0.064873,0.181911,0.177435,0
0.0193426,0.152806,0.221221,0
0.0200046,0.130536,0.174769,0
0.0518953,0.0541385,0.147705,0
0.0287434,0.106889,0.221675,0
0.0451111,0.143248,0.165715,0
0.119431,0.117047,0.172069,0
0.0350252,0.0891589,0.156996,0
0.0812976,0.138139,0.221946,0
0.0103703,0.115414,0.137516,0
0.0237705,0.16661,0.121693,0
0.0182665,0.150202,0.127723,0
0.0118864,0.122679,0.132268,0
0.0292785,0.0743489,0.219099,0
0.0258322,0.0847788,0.138605,0
0.110522,0.171329,0.188509,0
0.00860215,0.108762,0.20606,0
0.0133132,0.0843807,0.208845,0
0.11455,0.156095,0.166998,0
0.111365,0.000289759,0.151922,0
0.112299,0.0471507,0.204724,0
0.0441528,0.176325,0.198444,0
0.0908955,0.215086,0.190541,0
0.0442247,0.11439,0.20788,0
0.0359181,0.217484,0.138724,0
0.0535837,0.153553,0.174867,0
0.0559797,0.0403533,0.122063,0
0.117089,0.131152,0.181052,0
0.000660415,0.224892,0.149882,0
0.017445,0.20863,0.170588,0
0.0632409,0.185001,0.15805,0
0.00953734,0.132862,0.187292,0
0.0287504,0.18961,0.160643,0
0.0323988,0.15575,0.154323,0
0.102002,0.0326957,0.181539,0
0.0866287,0.160169,0.128421,0
0.0787389,0.130118,0.132075,0
0.011002,0.00574593,0.115277,0
0.101803,0.122595,0.139726,0
0.0996793,0.173452,0.217976,0
0.0595219,0.0197771,0.172381,0
0.116782,0.0127992,0.210315,0
0.0620432,0.107068,0.151343,0
0.0697017,0.0418622,0.134684,0
0.11142,0.131476,0.191238,0
0.0298955,0.0055969,0.188066,0
0.086022,0.0764449,0.204707,0
0.0620312,0.153149,0.15894,0
0.00518157,0.118953,0.203718,0
0.0274904,0.17359,0.18003,0
0.0969445,0.195053,0.108604,0
0.095837,0.119779,0.140981,0
0.0885097,0.114646,0.208954,0
0.0078877,0.09751,0.204854,0
0.0261269,0.134984,0.124357,0
0.0985003,0.185846,0.104435,0
0.0338772,0.0724407,0.115016,0
0.0266105,0.0780025,0.167362,0
0.0594964,0.0393221,0.109692,0
0.0669893,0.0972457,0.216896,0
0.015039,0.16878,0.112835,0
0.0540864,0.0996383,0.116443,0
0.0893395,0.0125304,0.100682,0
0.107996,0.190323,0.104225,0
0.0901409,0.15915,0.101271,0
0.0586422,0.0155543,0.0995825,0
0.0733951,0.0541271,0.0991043,0
0.0156231,0.142981,0.0990728,0
0.1827,0.100443,0.0295446,1
0.16873,0.158731,0.00255714,1
0.192484,0.0349856,0.0359845,1
0.188783,0.0371381,0.029384,1
0.211957,0.0102168,0.043336,1
0.189755,0.032414,0.0338193,1
0.217395,0.00251227,0.00267873,1
0.151684,0.00663855,0.0386372,1
0.191683,0.0323683,0.0320508,1
0.224662,0.052185,0.0463632,1
0.16651,0.0122857,0.0794754,1
0.2133,0.138272,0.067061,1
0.155703,0.15766,0.0574283,1
0.195282,0.122223,0.00483627,1
0.193385,0.0397879,0.0309796,1
0.134283,0.208305,0.0374904,1
0.159335,0.116948,0.0202523,1
0.197797,0.129537,0.0557111,1
0.189655,0.0328029,0.0302544,1
0.192542,0.0327453,0.0344545,1
0.193238,0.0319458,0.0327684,1
0.164153,0.203137,0.0856835,1
0.204209,0.117972,0.0747227,1
0.133734,0.157471,0.0762397,1
0.14206,0.125289,0.0624418,1
0.205838,0.068861,0.0391574,1
0.1935,0.0329902,0.0312796,1
0.182575,0.188721,0.0926008,1
0.197163,0.215992,0.0204741,1
0.202746,0.206059,0.0151282,1
0.133638,0.155306,0.0881085,1
0.190389,0.204085,0.0304294,1
0.164347,0.204098,0.0162769,1
0.217676,0.137292,0.0102953,1
0.194816,0.18547,0.0259949,1
0.193939,0.0389269,0.0327092,1
0.216274,0.139264,0.0316217,1
0.154076,0.0912505,0.0118523,1
0.192284,0.161923,0.0832981,1
0.193265,0.0372602,0.0317468,1
0.188439,0.0358916,0.0348879,1
0.167103,0.0695862,0.0798977,1
0.162213,0.151556,0.0795965,1
0.126786,0.0879843,0.0436088,1
0.189079,0.0335283,0.0309048,1
0.196841,0.0320789,0.0320141,1
0.2118,0.0522784,0.0240347,1
0.192077,0.0377101,0.029672,1
0.190984,0.0306231,0.0267932,1
0.154151,0.192847,0.0284465,1
0.198797,0.0669044,0.00106934,1
0.178632,0.145484,0.00724439,1
0.138713,0.0337149,0.0752383,1
0.145439,0.107431,0.0869056,1
0.188659,0.0967449,0.0169889,1
0.190237,0.0333255,0.0344316,1
0.146567,0.0592638,0.021152,1
0.194517,0.0340823,0.0303159,1
0.133422,0.0826958,0.0111821,1
0.188644,0.0836983,0.0640437,1
0.215576,0.0167509,0.0368457,1
0.176216,0.18921,0.0704926,1
0.185709,0.0333461,0.0287277,1
0.191738,0.0317108,0.0288111,1
0.17162,0.110921,0.00263948,1
0.190224,0.0339097,0.0264371,1
0.166274,0.165687,0.0684162,1
0.178658,0.202251,0.0583386,1
0.169262,0.0855894,0.0711171,1
0.130678,0.0164122,0.0493098,1
0.189695,0.0356246,0.0309691,1
0.193803,0.199155,0.0443963,1
0.191028,0.0369694,0.0284566,1
0.224877,0.162092,0.0648191,1
0.201175,0.0112704,0.0903782,1
0.161735,0.105953,0.0399088,1
0.190367,0.035152,0.030977,1
0.154197,0.0947347,0.0922348,1
0.188497,0.121464,0.0667169,1
0.195879,0.0315902,0.0298167,1
0.182095,0.207896,0.049951,1
0.199347,0.151176,0.011966,1
0.197714,0.0351957,0.0300191,1
0.211017,0.11651,0.0781964,1
0.198734,0.196334,0.0578732,1
0.18961,0.0307068,0.0311725,1
0.191072,0.034146,0.0283594,1
0.16978,0.131914,0.012722,1
0.193832,0.0319777,0.0345799,1
0.223292,0.140818,0.0747624,1
0.178536,0.0385427,0.0853507,1
0.155935,0.00449508,0.0258592,1
0.193919,0.03895,0.032666,1
0.172363,0.167772,0.000405304,1
0.187233,0.221979,0.00415209,1
0.19402,0.0343822,0.0263442,1
0.181384,0.12092,0.0729606,1
0.187291,0.0355201,0.0311361,1
0.15782,0.116857,0.0415042,1
0.182294,0.183433,0.0828233,1
0.194146,0.0302756,0.035179,1
0.180185,0.000430079,0.000743539,1
0.196532,0.0391327,0.02938,1
0.191337,0.034161,0.0295645,1
0.193279,0.0370455,0.0352938,1
0.14773,0.180789,0.0508427,1
0.191176,0.0391132,0.0310395,1
0.194615,0.0341845,0.0348198,1
0.191491,0.0305276,0.0312255,1
0.194301,0.0291572,0.0313364,1
0.204396,0.0244668,0.0143017,1
0.151867,0.119424,0.010338,1
0.138136,0.213107,0.0254621,1
0.14878,0.0395374,0.0915185,1
0.127952,0.0243246,0.0628574,1
0.186369,0.000289765,0.0655973,1
0.138571,0.0661971,0.04193,1
0.135335,0.0655923,0.0762289,1
0.195571,0.0589852,0.0575051,1
0.180121,0.0416442,0.0405224,1
0.139748,0.0525042,0.0762078,1
0.179332,0.156337,0.0934635,1
0.0413806,0.160089,0.0965123,2
0.02309,0.109156,0.0369758,2
0.0255263,0.151235,0.0728861,2
0.101661,0.134897,0.0447706,2
0.040019,0.169923,0.0197486,2
0.0378917,0.0986444,0.0989066,2
0.093559,0.154781,0.0609051,2
0.10772,0.190642,0.0293224,2
0.0683363,0.178503,0.0299979,2
0.0532803,0.126169,0.0128895,2
0.0797697,0.150607,0.0159498,2
0.0724533,0.146691,0.0752975,2
0.110697,0.121502,0.0903694,2
0.122636,0.217233,0.018497,2
0.114074,0.189148,0.0430344,2
0.0065713,0.173803,0.00212933,2
0.0842203,0.106708,0.071443,2
0.0995846,0.129697,0.03653,2
0.108164,0.160202,0.00839678,2
0.0427234,0.0946057,0.0828465,2
0.0769516,0.0832062,0.0523973,2
0.0101197,0.142982,0.0645744,2
0.108915,0.0249657,0.0317255,2
0.0510692,0.154554,0.0401927,2
0.121645,0.217182,0.0433491,2
0.0351686,0.183172,0.0805849,2
0.0604216,0.173948,0.0508945,2
0.0545304,0.0797981,0.04632,2
0.0795796,0.0989508,0.0408457,2
0.00082774,0.142423,0.0875963,2
0.0556968,0.0924847,0.0679642,2
0.0228569,0.184655,0.0527555,2
0.0931103,0.195539,0.0192607,2
0.0564691,0.0523445,0.042098,2
0.0271499,0.135526,0.0381399,2
0.0374985,0.179503,0.0291991,2
0.0706084,0.0671775,0.0288957,2
0.0775681,0.122897,0.087657,2
0.0168075,0.126123,0.00838687,2
0.0618538,0.0468274,0.00609728,2
0.0560318,0.0172249,0.0387278,2
0.0805597,0.181925,0.0481533,2
0.0440465,0.0755357,0.0540836,2
0.0494932,0.177803,0.0289302,2
0.0780808,0.177638,0.0909301,2
0.0135003,0.0180545,0.0252782,2
0.00143051,0.165997,0.0617675,2
0.111246,0.00770145,0.00342244,2
0.027712,0.0527952,0.0783454,2
0.0365712,0.000223221,0.0706786,2
0.0884881,0.0109427,0.0725829,2
0.030774,0.0178721,0.0786436,2
0.0340517,0.0360286,0.0842443,2
0.0494186,0.130111,0.0911886,2
0.10811,0.215458,0.0504514,2
0.0472777,0.0668731,0.0691248,2
0.0804595,0.00344727,0.0468485,2
0.0662269,0.0100811,0.000202302,2
0.00770185,0.132919,0.0405342,2
0.0248296,0.134125,0.0933091,2
0.0213874,0.0943736,0.00982466,2
0.0750884,0.00425278,0.00231452,2
0.0616498,0.152717,0.0781025,2
0.0019964,0.141034,0.0874415,2
0.0198714,0.0194231,0.0109055,2
0.0062453,0.213217,0.0109209,2
0.0567244,0.0702765,0.0442792,2
0.0311459,0.12887,0.084842,2
0.0956591,0.0186787,0.0640683,2
0.0370424,0.0674615,0.00912637,2
0.115198,0.21112,0.048251,2
0.0740317,0.149606,0.0680668,2
0.00388928,0.0105556,0.0156333,2
0.0174948,0.18746,0.000984946,2
0.0280009,0.0178586,0.00287051,2
0.0226016,0.127328,0.0728113,2
0.123333,0.0358733,0.0698538,2
0.017955,0.168459,0.0139776,2
0.0744006,0.166396,0.049497,2
0.111507,0.147695,0.0528635,2
0.0965277,0.000805286,0.0618272,2
0.116534,0.199061,0.0830707,2
0.0380426,0.0580033,0.0807687,2
0.0928449,0.164519,0.0290328,2
0.0818675,0.20759,0.0677955,2
0.000264581,0.043012,0.0400604,2
0.0272874,0.200544,0.0446548,2
0.120234,0.203964,0.0392365,2
0.0423656,0.0111147,0.0021561,2
0.0190737,0.0208524,0.0266779,2
0.0513429,0.213502,0.0963643,2
0.088562,0.218086,0.0874995,2
0.0558131,0.168762,0.00100551,2
0.00524665,0.0652324,0.0135802,2
0.0787457,0.215557,0.0682456,2
0.0462021,0.199397,0.0563145,2
0.121281,0.0315853,0.0908503,2
0.113062,0.0431929,0.0175192,2
0.113794,0.0533533,0.0578503,2
0.0352151,0.015686,0.0319682,2
0.0978457,0.169451,0.0857152,2
0.0503486,0.10469,0.00941887,2
0.0567513,0.112028,0.00114558,2
0.0583196,0.0892158,0.0409904,2
0.0303264,0.0091779,0.0385211,2
0.0531174,0.147645,0.0106873,2
0.058967,0.0731952,0.0628055,2
0.00917593,0.159822,0.0223742,2
0.00339679,0.0879874,0.0750006,2
0.10754,0.141624,0.0330025,2
0.042747,0.110722,0.0827606,2
0.0174251,0.0885889,0.0537526,2
0.0166959,0.180867,0.0344238,2
0.112874,0.0121842,0.0586643,2
0.076874,0.0214141,0.0589179,2
0.0875467,0.152326,0.0735904,2
0.0553262,0.00317132,0.0532206,2
0.10328,0.0562992,0.0898737,2
0.020131,0.221688,0.00641751,2
0.0595116,0.172271,0.00983671,2
0.0782211,0.214603,0.0783951,2
0.193166,0.156053,0.168022,3
0.164261,0.140188,0.164781,3
0.155667,0.161225,0.16034,3
0.143649,0.0279667,0.175581,3
0.224845,0.0566129,0.130099,3
0.140794,0.138181,0.206251,3
0.171977,0.178657,0.103714,3
0.145882,0.0877475,0.17075,3
0.163296,0.209614,0.182138,3
0.158902,0.0981755,0.187545,3
0.210575,0.00439894,0.096933,3
0.207098,0.207892,0.121568,3
0.197437,0.0613457,0.162837,3
0.203413,0.0286079,0.21207,3
0.138402,0.0935091,0.189064,3
0.217542,0.0864252,0.173971,3
0.1696,0.173905,0.205172,3
0.217241,0.0449554,0.155068,3
0.152636,0.00772067,0.206873,3
0.142188,0.2193,0.108759,3
0.148664,0.0714759,0.102029,3
0.190524,0.223456,0.118498,3
0.172228,0.145859,0.154708,3
0.14627,0.162592,0.199458,3
0.221445,0.220217,0.107737,3
0.134193,0.212805,0.18783,3
0.218529,0.0634168,0.210857,3
0.161684,0.0827079,0.116458,3
0.164541,0.142744,0.118359,3
0.196668,0.000536599,0.138692,3
0.17504,0.0988607,0.187499,3
0.220772,0.0543891,0.200342,3
0.14494,0.0931945,0.161223,3
0.139609,0.0280622,0.22308,3
0.186437,0.0617043,0.211476,3
0.205251,0.138612,0.151378,3
0.129322,0.146995,0.212613,3
0.163845,0.155363,0.184856,3
0.214539,0.138182,0.170425,3
0.162434,0.106103,0.107472,3
0.129955,0.214036,0.202918,3
0.135709,0.194321,0.12489,3
0.182352,0.162638,0.209622,3
0.186565,0.210875,0.128015,3
0.195928,0.107721,0.186002,3
0.145108,0.0839593,0.219425,3
0.209996,0.00381783,0.202955,3
0.208847,0.0562548,0.179248,3
0.126946,0.148456,0.0994901,3
0.17386,0.205727,0.212321,3
0.176029,0.0838712,0.155933,3
0.204057,0.103925,0.098513,3
0.219516,0.105716,0.185426,3
0.208169,0.00179847,0.128489,3
0.159522,0.0313727,0.124028,3
0.185927,0.0636188,0.130179,3
0.224516,0.170978,0.217308,3
0.140583,0.0272353,0.104809,3
0.189963,0.126552,0.206622,3
0.197539,0.153548,0.152042,3
0.170837,0.132468,0.134861,3
0.202775,0.185584,0.103834,3
0.223647,0.153624,0.101721,3
0.143918,0.0682069,0.187614,3
0.188864,0.0236359,0.138322,3
0.195276,0.059609,0.216481,3
0.218234,0.0372873,0.223851,3
0.209859,0.172145,0.102606,3
0.162703,0.153787,0.0956083,3
0.12742,0.108143,0.129672,3
0.21652,0.164641,0.174338,3
0.126693,0.121332,0.174631,3
0.137462,0.0979748,0.128829,3
0.162342,0.201359,0.210699,3
0.223977,0.136239,0.140465,3
0.19578,0.0678074,0.138995,3
0.204144,0.118828,0.116056,3
0.215914,0.0772685,0.180845,3
0.205616,0.197059,0.160453,3
0.205005,0.0965076,0.120291,3
0.176405,0.106598,0.146747,3
0.150417,0.00539152,0.21937,3
0.128958,0.212358,0.160323,3
0.185128,0.19335,0.172162,3
0.127387,0.172917,0.152825,3
0.198184,0.161226,0.140149,3
0.183818,0.0855174,0.194712,3
0.150768,0.00867505,0.187983,3
0.150157,0.0608094,0.200705,3
0.212218,0.19391,0.124427,3
0.178408,0.218223,0.135986,3
0.183391,0.210536,0.142757,3
0.156359,0.175637,0.21817,3
0.186741,0.204928,0.176731,3
0.148923,0.208378,0.129298,3
0.216022,0.00314698,0.21462,3
0.17999,0.00188537,0.0984194,3
0.135437,0.123876,0.149948,3
0.163356,0.0465975,0.133666,3
0.195284,0.224416,0.112829,3
0.155057,0.0895994,0.210345,3
0.207688,0.0325731,0.0979428,3
0.198,0.163366,0.222159,3
0.131361,0.138984,0.137911,3
0.185802,0.090144,0.124385,3
0.148792,0.0987481,0.112536,3
0.190474,0.0194126,0.097356,3
0.140038,0.175049,0.187003,3
0.204441,0.134116,0.184513,3
0.193927,0.0704621,0.209542,3
0.135423,0.176695,0.175234,3
0.203035,0.0721982,0.148455,3
0.135524,0.0189285,0.187704,3
0.221886,0.145379,0.188258,3
0.13898,0.169787,0.141218,3
0.134072,0.103041,0.13019,3
0.142124,0.0899544,0.164257,3
0.197737,0.164186,0.123604,3
0.135418,0.10708,0.178033,3
0.140619,0.124467,0.21157,3
0.139903,0.143403,0.177899,3
0.193491,0.116785,0.198327,3
0.133442,0.00245045,0.177751,3
0.129155,0.00544638,0.159924,3
0.135083,0.0699554,0.194764,3
0.168965,0.184232,0.095396,3
