x coord,y coord,z coord,rank
0.0479527,0.0972149,0.217884,0
0.0773048,0.0413484,0.0973885,0
0.0664936,0.0550424,0.211958,0
0.0615574,0.11491,0.0978305,0
0.104415,0.0212139,0.157677,0
0.0201994,0.0960453,0.138798,0
0.0217043,0.0952529,0.0961863,0
0.024437,0.0901278,0.218665,0
0.0254099,0.0580002,0.194888,0
0.00390545,0.117412,0.0177538,0
0.00695009,0.0604621,0.115885,0
0.120399,0.0885001,0.206116,0
0.0760958,0.114481,0.0571357,0
0.101319,0.0802719,0.138156,0
0.0638917,0.0645241,0.169652,0
0.117181,0.112842,0.00490452,0
0.0906006,0.115437,0.0427649,0
0.0926138,0.106145,0.0407819,0
0.125665,0.0436159,0.0600396,0
0.116725,0.101424,0.196618,0
0.0836174,0.118604,0.136559,0
0.0466133,0.0228458,0.213075,0
0.0866807,0.0119815,0.109473,0
0.115176,0.0532273,0.105313,0
0.0489236,0.0193575,0.116981,0
0.0939422,0.0405044,0.045692,0
0.0798378,0.0677069,0.167166,0
0.111012,0.0086153,0.019752,0
0.0576687,0.0487666,0.0670293,0
0.0303709,0.0935726,0.0722042,0
0.11018,0.0513939,0.122266,0
0.0727778,0.0538606,0.155413,0
0.0694084,0.0022992,0.156878,0
0.0273776,0.0496357,0.0293981,0
0.0795572,0.080488,0.0629222,0
0.0826021,0.0254887,0.157071,0
0.0596251,0.0103171,0.0588552,0
0.0601552,0.103545,0.140043,0
0.0851237,0.000843289,0.06111,0
0.0347094,0.101944,0.110571,0
0.0649469,0.0578343,0.0777685,0
0.0221292,0.0483663,0.188608,0
0.0686376,0.100254,0.0250274,0
0.095366,0.0774446,0.0858888,0
0.0948378,0.0554906,0.0928508,0
0.116467,0.0523106,0.193086,0
0.0108082,0.0209905,0.00962633,0
0.119192,0.107445,0.147104,0
0.112664,0.0849643,0.0503466,0
0.0214979,0.117349,0.169152,0
0.102815,0.0548236,0.0746313,0
0.118747,0.0437017,0.0261838,0
0.059894,0.00695183,0.203449,0
0.0319602,0.096369,0.143012,0
0.0257399,0.0834678,0.170727,0
0.125893,0.102922,0.213857,0
0.0640794,0.0264918,0.0744919,0
0.0384157,0.0409655,0.0107581,0
0.0882012,0.0632894,0.169519,0
0.000351235,0.0210603,0.0715363,0
0.0969635,0.0711606,0.136479,0
0.0348732,0.00669354,0.0252896,0
0.0577689,0.0916937,0.121424,0
0.0088835,0.112214,0.125932,0
0.059569,0.0945326,0.199648,0
0.0803444,0.00239805,0.0869597,0
0.0414607,0.0152703,0.129681,0
0.0017217,0.0448445,0.0348269,0
0.00929075,0.0990213,0.141453,0
0.0560073,0.0933301,0.109679,0
0.0130016,0.0718364,0.13651,0
0.00738212,0.0713025,0.075339,0
0.109241,0.00386604,0.0991978,0
0.07363,0.0108773,0.0884351,0
0.0357552,0.0261372,0.0833297,0
0.00949301,0.0182841,0.0458777,0
0.000332898,0.105869,0.219263,0
0.0774875,0.0804715,0.14928,0
0.0437627,0.00460209,0.0219234,0
0.00255947,0.10537,0.21619,0
0.0142125,0.0674995,0.17459,0
0.0132478,0.0337491,0.00483272,0
0.0658228,0.00664832,0.170688,0
0.0949055,0.0547635,0.220338,0
0.0967148,0.0349088,0.0589501,0
0.124727,0.00760683,0.0670506,0
0.125852,0.0404267,0.0800377,0
0.0307193,0.0585257,0.0389156,0
0.0791957,0.00917291,0.00439496,0
0.0551859,0.0507551,0.144757,0
0.0715737,0.00946999,0.0323104,0
0.0269167,0.0154313,0.128363,0
0.125099,0.0765411,0.218701,0
0.0281483,0.0884621,0.194247,0
0.0810525,0.000124377,0.0427314,0
0.100336,0.113808,0.218477,0
0.0249675,0.00710796,0.0765825,0
0.0707695,0.0564843,0.153881,0
0.119139,0.0275119,0.0725151,0
0.0306552,0.0725914,0.0848058,0
0.0381894,0.0209899,0.147152,0
0.0612694,0.0679732,0.0891792,0
0.0572019,0.0214471,0.00328892,0
0.0220219,0.0532652,0.133991,0
0.110913,0.0322612,0.212216,0
0.0591504,0.0747959,0.184723,0
0.100957,0.0607862,0.109841,0
0.0379596,0.0156708,0.00550439,0
0.035758,0.00947605,0.168227,0
0.107829,0.068828,0.0909329,0
0.0357545,0.0683492,0.0117396,0
0.0392377,0.00192267,0.0575805,0
0.0601308,0.0685738,0.0387951,0
0.105223,0.0857913,0.0238989,0
0.101203,0.0566656,0.0384314,0
0.12611,0.108785,0.110345,0
0.0262214,0.0611395,0.212383,0
0.121061,0.0795714,0.0230203,0
0.120015,0.111022,0.101253,0
0.000808964,0.0548816,0.1003,0
0.0111289,0.0556941,0.203121,0
0.0649413,0.0626836,0.0999591,0
0.0993824,0.0746128,0.204538,0
0.0137172,0.100687,0.150558,0
0.176926,0.0408355,0.00579128,1
0.189157,0.00624774,0.0748393,1
0.192971,0.0381915,0.0332252,1
0.188748,0.0407458,0.0292924,1
0.224303,0.00650271,0.0600138,1
0.192247,0.03739,0.0323996,1
0.200005,0.0253365,0.0464721,1
0.152321,0.00404796,0.065436,1
0.190444,0.0365877,0.0321875,1
0.201435,0.0508075,0.0479952,1
0.159827,0.0596758,0.0820746,1
0.128968,0.0158747,0.14962,1
0.161122,0.0950539,0.124107,1
0.16548,0.0938713,0.164901,1
0.193092,0.0419486,0.0271483,1
0.142679,0.00443076,0.174442,1
0.187166,0.0741998,0.14965,1
0.18783,0.0156598,0.0174383,1
0.188712,0.0378161,0.0285493,1
0.191323,0.0336079,0.0314105,1
0.194376,0.0339215,0.0317506,1
0.184501,0.0866851,0.138567,1
0.201917,0.0154503,0.217747,1
0.161709,0.067049,0.201113,1
0.169057,0.0574833,0.0181097,1
0.198001,0.028547,0.0978063,1
0.193298,0.0352238,0.0281955,1
0.130597,0.0336524,0.196775,1
0.2026,0.0837366,0.167086,1
0.188204,0.0386506,0.21414,1
0.147206,0.0306576,0.208792,1
0.207095,0.0726306,0.168,1
0.198128,0.027523,0.124767,1
0.138378,0.0982391,0.119151,1
0.144484,0.0757248,0.203893,1
0.191107,0.0416672,0.0303332,1
0.220349,0.0839481,0.154909,1
0.13438,0.0835455,0.0568866,1
0.146714,0.0491761,0.21807,1
0.192155,0.0421424,0.028303,1
0.190002,0.0412297,0.0316841,1
0.177866,0.0507679,0.0963303,1
0.218687,0.0197374,0.165117,1
0.210729,0.0781459,0.208941,1
0.191779,0.0406963,0.026178,1
0.195488,0.035708,0.0295106,1
0.178859,0.0411179,0.0687554,1
0.193162,0.0390642,0.0253106,1
0.190521,0.0328223,0.0263084,1
0.165736,0.0849663,0.153773,1
0.162291,0.0745836,0.0220593,1
0.188551,0.0956502,0.213259,1
0.203241,0.0354136,0.203409,1
0.211723,0.0915223,0.163318,1
0.156164,0.106026,0.00468706,1
0.189546,0.0402614,0.0324083,1
0.136968,0.0700485,0.00505702,1
0.190451,0.0365598,0.0277828,1
0.157961,0.0795107,0.0187492,1
0.202006,0.0692547,0.0677293,1
0.205744,0.0126832,0.0244727,1
0.216597,0.0101196,0.126323,1
0.188922,0.0365781,0.0269634,1
0.191985,0.0363418,0.0274005,1
0.129372,0.032233,0.116122,1
0.188351,0.0397335,0.0273883,1
0.147654,0.0711906,0.210561,1
0.146997,0.0657662,0.159452,1
0.22237,0.0085767,0.0705924,1
0.191023,0.101956,0.18642,1
0.188703,0.0365601,0.0303848,1
0.131674,0.0351131,0.052631,1
0.18902,0.0394536,0.025777,1
0.181652,0.1012,0.130487,1
0.159179,0.0145202,0.215629,1
0.145787,0.095713,0.0803879,1
0.192219,0.0407423,0.0265224,1
0.14182,0.0747663,0.11467,1
0.175512,0.0189198,0.0868005,1
0.195686,0.0342923,0.0293826,1
0.147048,0.0559812,0.125682,1
0.204779,0.0439081,0.196249,1
0.19757,0.0395749,0.0280136,1
0.162596,0.0313982,0.202795,1
0.144428,0.0154106,0.196036,1
0.190338,0.032471,0.0304682,1
0.19819,0.0343837,0.030212,1
0.155275,0.0950752,0.214519,1
0.191729,0.0340353,0.0307276,1
0.142295,0.0359681,0.139437,1
0.132496,0.0347615,0.219883,1
0.154844,0.000394522,0.0153439,1
0.194191,0.0411628,0.0300883,1
0.163547,0.0489795,0.0500669,1
0.207996,0.100578,0.165841,1
0.193626,0.0376308,0.0237514,1
0.193444,0.102301,0.150042,1
0.186141,0.0371791,0.0285099,1
0.169198,0.0525953,0.150117,1
0.146189,0.101082,0.182226,1
0.195701,0.0350555,0.0325766,1
0.210661,0.00283574,0.033978,1
0.197531,0.0403192,0.0269959,1
0.189793,0.0374708,0.028669,1
0.194637,0.0412355,0.0330575,1
0.194816,0.0918207,0.0436016,1
0.191976,0.0425425,0.0281537,1
0.194737,0.035311,0.0335226,1
0.193279,0.0322028,0.0298222,1
0.195015,0.0318336,0.0276394,1
0.197388,0.0282255,0.010036,1
0.162546,0.0981437,0.089321,1
0.183298,0.0182467,0.18591,1
0.194251,0.0148252,0.0832179,1
0.185729,0.0312222,0.0775801,1
0.20376,0.00169625,0.191684,1
0.135139,0.00142422,0.10198,1
0.206682,0.0178698,0.089404,1
0.216886,0.0678579,0.073311,1
0.172321,0.0410612,0.0793604,1
0.162237,0.057781,0.0857485,1
0.159648,0.062228,0.0512009,1
0.185242,0.0762676,0.010784,1
0.201112,0.0981044,0.20095,1
0.127368,0.0160546,0.128612,1
0.110089,0.189451,0.0841314,2
0.0935391,0.130978,0.0225369,2
0.0330874,0.157885,0.0940208,2
0.0645671,0.139082,0.106574,2
0.0415277,0.202717,0.0292537,2
0.0960795,0.1524,0.039354,2
0.0496713,0.13238,0.0112034,2
0.0861874,0.195399,0.0368646,2
0.0861056,0.178557,0.0147948,2
0.0375591,0.126556,0.0675769,2
0.12368,0.141478,0.0330366,2
0.061658,0.146772,0.0697102,2
0.11291,0.167698,0.130214,2
0.0590908,0.20402,0.128499,2
0.081875,0.15929,0.0969358,2
0.0247315,0.193342,0.00594996,2
0.0920309,0.162149,0.160827,2
0.0510242,0.165021,0.141937,2
0.107413,0.186486,0.00473705,2
0.0194469,0.151657,0.192368,2
0.099079,0.21376,0.0650723,2
0.00842583,0.175655,0.0425635,2
0.00544318,0.134159,0.13712,2
0.0363011,0.163828,0.0668618,2
0.0617615,0.222681,0.0699083,2
0.115885,0.185072,0.03303,2
0.0207565,0.131601,0.0466965,2
0.079337,0.155037,0.106515,2
0.0841546,0.161604,0.197059,2
0.119014,0.152235,0.0581923,2
0.0992196,0.211777,0.0292336,2
0.0307527,0.170063,0.0455312,2
0.0744442,0.166195,0.00165486,2
0.100037,0.136838,0.114229,2
0.0444717,0.151497,0.0215613,2
0.00313786,0.197551,0.0124217,2
0.124139,0.153936,0.133414,2
0.115854,0.134085,0.221048,2
0.0479359,0.171074,0.00962084,2
0.103767,0.146569,0.132501,2
0.0590414,0.173845,0.104177,2
0.0784527,0.157713,0.0493168,2
0.0105821,0.17381,0.142878,2
0.00522175,0.167487,0.0229979,2
0.0532421,0.200164,0.176185,2
0.0941902,0.195652,0.155842,2
0.0089636,0.172587,0.0734966,2
0.0933558,0.183987,0.193136,2
0.010447,0.220895,0.172257,2
0.00717437,0.149583,0.134716,2
0.0595232,0.163126,0.0850699,2
0.112165,0.143175,0.0119057,2
0.0101856,0.216513,0.140737,2
0.103835,0.203816,0.0877281,2
0.0805143,0.133102,0.00334097,2
0.12036,0.213381,0.0443873,2
0.109745,0.143485,0.11799,2
0.0461274,0.161943,0.184112,2
0.00970953,0.133034,0.0615985,2
0.0398517,0.138457,0.0879273,2
0.0348505,0.215813,0.12197,2
0.0205047,0.129991,0.211607,2
0.0820246,0.1955,0.0726339,2
0.00257228,0.173876,0.0356251,2
0.0259493,0.201337,0.184994,2
0.0382203,0.204501,0.00667957,2
0.0589617,0.175949,0.21068,2
0.0460107,0.174944,0.0645847,2
0.0627813,0.172653,0.18363,2
0.0985682,0.123898,0.185506,2
0.10378,0.175329,0.071786,2
0.0470348,0.141973,0.0914603,2
0.0265843,0.180621,0.123301,2
0.125369,0.136496,0.213993,2
0.0497787,0.125559,0.101521,2
0.0674638,0.133678,0.0670078,2
0.0554857,0.187906,0.12061,2
0.117781,0.183878,0.217524,2
0.118009,0.195894,0.209301,2
0.102437,0.150312,0.152614,2
0.10892,0.143868,0.0223133,2
0.0106045,0.138906,0.220472,2
0.00932927,0.122281,0.217707,2
0.0788688,0.17591,0.00189378,2
0.0664768,0.199888,0.0965142,2
0.0206594,0.141779,0.222014,2
0.0350193,0.167923,0.0877573,2
0.0737661,0.181118,0.170617,2
0.108796,0.170484,0.166905,2
0.0223671,0.19206,0.107821,2
0.00925574,0.128345,0.145797,2
0.0555516,0.164422,0.0853198,2
0.0207221,0.143542,0.00795487,2
0.0940864,0.187289,0.166525,2
0.0961256,0.135029,0.156612,2
0.0577162,0.22381,0.0660707,2
0.0666346,0.155697,0.169233,2
0.10239,0.223393,0.117443,2
0.0123165,0.136329,0.0597369,2
0.0692553,0.183298,0.153949,2
0.0762589,0.210365,0.0881772,2
0.0996436,0.158771,0.145827,2
0.0389194,0.142929,0.0876381,2
0.0714726,0.124498,0.206663,2
0.0447328,0.199887,0.138838,2
0.070916,0.127561,0.0154601,2
0.0532469,0.188867,0.150232,2
0.0050545,0.153644,0.0309666,2
0.0388205,0.140847,0.22053,2
0.0427224,0.134483,0.0289733,2
0.0436908,0.134996,0.0838534,2
0.120165,0.166511,0.15092,2
0.0357391,0.171976,0.0225768,2
0.070557,0.158299,0.20487,2
0.0840335,0.203454,0.120553,2
0.098285,0.149071,0.0762952,2
0.0782419,0.183868,0.154494,2
0.0289562,0.13412,0.1784,2
0.00303587,0.206334,0.0242764,2
0.0350168,0.181733,0.0301441,2
0.0576289,0.196294,0.0560684,2
0.00947184,0.171686,0.00285179,2
0.0588376,0.217903,0.108838,2
0.101429,0.20914,0.00686504,2
0.0409475,0.17949,0.0796355,2
0.12595,0.145135,0.17181,2
0.0209182,0.120187,0.11267,2
0.00659973,0.120477,0.0824564,2
0.00277042,0.121726,0.016832,2
0.116231,0.120132,0.182199,2
0.127211,0.200195,0.152533,2
0.183114,0.124263,0.127673,3
0.180489,0.123298,0.200314,3
0.152472,0.128769,0.143192,3
0.164157,0.171168,0.0905919,3
0.17655,0.155609,0.0761138,3
0.136637,0.144873,0.199029,3
0.218969,0.147361,0.127053,3
0.172043,0.17446,0.0966568,3
0.186437,0.215688,0.166742,3
0.174541,0.203898,0.0712642,3
0.141556,0.146186,0.0215295,3
0.137757,0.158868,0.0933294,3
0.166187,0.187664,0.118413,3
0.192094,0.1508,0.079585,3
0.178913,0.218661,0.0521857,3
0.143531,0.19337,0.199073,3
0.189209,0.211854,0.210526,3
0.14794,0.199032,0.0510478,3
0.171958,0.118997,0.155561,3
0.151897,0.21789,0.11268,3
0.19432,0.151602,0.041009,3
0.161072,0.125386,0.0381223,3
0.169664,0.111692,0.184623,3
0.145589,0.19137,0.173211,3
0.183026,0.217784,0.0935068,3
0.160441,0.18279,0.19789,3
0.206187,0.128189,0.0820181,3
0.198143,0.173653,0.0498239,3
0.218436,0.149125,0.1513,3
0.220182,0.119075,0.0926518,3
0.203057,0.202657,0.0239912,3
0.182779,0.113673,0.0464554,3
0.170962,0.202085,0.0661228,3
0.166358,0.134388,0.201566,3
0.192821,0.197561,0.0706764,3
0.173424,0.13104,0.145565,3
0.130827,0.170415,0.218935,3
0.149513,0.152946,0.157787,3
0.224481,0.15253,0.171681,3
0.199525,0.223458,0.0238226,3
0.160864,0.20261,0.210831,3
0.151081,0.217501,0.107679,3
0.192712,0.176311,0.202032,3
0.152987,0.197908,0.126907,3
0.173025,0.224826,0.0854939,3
0.164612,0.189158,0.0323363,3
0.204104,0.137894,0.214945,3
0.208417,0.218237,0.0833658,3
0.127348,0.158113,0.149367,3
0.184084,0.21203,0.20811,3
0.175005,0.207345,0.0576411,3
0.179609,0.172258,0.0413606,3
0.138181,0.201702,0.00197323,3
0.197398,0.194408,0.032289,3
0.17314,0.136502,0.132284,3
0.18648,0.154283,0.049164,3
0.18093,0.160932,0.217042,3
0.215681,0.166569,0.0474558,3
0.145223,0.162159,0.0023655,3
0.18639,0.129654,0.172085,3
0.174771,0.128429,0.125133,3
0.157756,0.184077,0.101545,3
0.224572,0.189675,0.103458,3
0.166567,0.184928,0.0870352,3
0.17647,0.132516,0.0296393,3
0.211274,0.200272,0.0753522,3
0.136844,0.117642,0.138057,3
0.132328,0.153772,0.213531,3
0.169106,0.195716,0.109963,3
0.140704,0.178525,0.149391,3
0.188892,0.194876,0.173054,3
0.219275,0.156522,0.0406243,3
0.173979,0.108736,0.0628535,3
0.146261,0.201927,0.221102,3
0.22422,0.132103,0.135887,3
0.128343,0.120032,0.0583813,3
0.188282,0.199869,0.0482581,3
0.130056,0.163219,0.112039,3
0.198095,0.158831,0.131125,3
0.215282,0.128296,0.0392003,3
0.167404,0.223692,0.00293696,3
0.195007,0.202034,0.0252994,3
0.176869,0.212888,0.129917,3
0.170062,0.174192,0.21003,3
0.165357,0.154628,0.166481,3
0.21563,0.171221,0.13117,3
0.13338,0.204326,0.206734,3
0.172022,0.125079,0.177011,3
0.218465,0.121397,0.0744097,3
0.179387,0.156703,0.138299,3
0.166765,0.211976,0.142343,3
0.201634,0.176098,0.130944,3
0.161042,0.165143,0.205738,3
0.198642,0.185689,0.173861,3
0.153379,0.221115,0.130898,3
0.199783,0.196545,0.0084913,3
0.201503,0.137184,0.041581,3
0.155637,0.157231,0.000138864,3
0.179466,0.118397,0.114794,3
0.221112,0.213742,0.12274,3
0.189172,0.165765,0.0656018,3
0.171643,0.114237,0.154531,3
0.140622,0.11272,0.136178,3
0.130062,0.116489,0.142061,3
0.223403,0.106427,0.199874,3
0.158694,0.173795,0.0828626,3
0.181956,0.215991,0.0599183,3
0.196374,0.106364,0.0410207,3
0.145281,0.119183,0.2197,3
0.13342,0.110885,0.155348,3
0.148975,0.109448,0.135343,3
0.132326,0.207877,0.097705,3
0.137047,0.110374,0.182104,3
0.153921,0.146416,0.0463091,3
0.216119,0.106718,0.19133,3
0.138234,0.16796,0.0586344,3
0.128611,0.161016,0.080074,3
0.197416,0.120675,0.0381824,3
0.207171,0.128564,0.0679057,3
0.127571,0.158034,0.00698621,3
