x coord,y coord,z coord,rank
0.0462007,0.174615,0.128697,0
0.0860668,0.20819,0.108819,0
0.102228,0.156496,0.0736254,0
0.0242789,0.205875,0.201694,0
0.0872526,0.191349,0.0672453,0
0.0985892,0.171199,0.0311099,0
0.0526828,0.223051,0.15635,0
0.0652485,0.191099,0.206091,0
0.0678719,0.210678,0.0198989,0
0.0968477,0.150613,0.21561,0
0.038543,0.223071,0.010847,0
0.0455368,0.11631,0.0670625,0
0.0363032,0.196759,0.150241,0
0.0988918,0.107752,0.214154,0
0.10776,0.204945,0.0637986,0
0.0863797,0.143034,0.00678563,0
0.00729729,0.188398,0.0618137,0
0.0682782,0.204108,0.0589383,0
0.0349068,0.110021,0.179952,0
0.0176677,0.182058,0.0841815,0
0.0509191,0.114263,0.0931066,0
0.0194171,0.185746,0.189623,0
0.0258387,0.121126,0.192316,0
0.0437257,0.132705,0.0950934,0
0.0315158,0.154913,0.0539388,0
0.0444212,0.218108,0.0920975,0
0.0917568,0.224209,0.0611646,0
0.0389175,0.129365,0.0403353,0
0.062839,0.134713,0.168729,0
0.00191922,0.166196,0.0573233,0
0.0504614,0.131908,0.0369936,0
0.0638862,0.219593,0.210167,0
0.0638912,0.174188,0.179837,0
0.0858846,0.193722,0.07434,0
0.0349071,0.216671,0.0532612,0
0.0996614,0.1978,0.147398,0
0.00774569,0.206364,0.223657,0
0.0115721,0.165413,0.0442418,0
0.0214427,0.136396,0.129953,0
0.0456649,0.200688,0.0774365,0
0.107349,0.111646,0.153406,0
0.0427739,0.167971,0.0180194,0
0.109129,0.158761,0.14533,0
0.0136332,0.107918,0.0941611,0
0.0698026,0.164797,0.14887,0
0.0976437,0.20604,0.219541,0
0.10142,0.155092,0.0741434,0
0.0964405,0.207176,0.1867,0
0.0272575,0.20985,0.00828649,0
0.0254485,0.136149,0.0996201,0
0.091948,0.127456,0.206258,0
0.0436179,0.17102,0.00390468,0
0.106764,0.147966,0.0132751,0
0.106928,0.186774,0.105434,0
0.0841849,0.158894,0.139004,0
0.0352936,0.172335,0.00593657,0
0.0905599,0.186696,0.167868,0
0.0875343,0.140366,0.0632087,0
0.068983,0.14284,0.180101,0
0.0162511,0.217314,0.217647,0
0.0588827,0.136247,0.208644,0
0.0322788,0.18197,0.148413,0
0.0526335,0.179289,0.186418,0
0.0634275,0.128199,0.0764926,0
0.0567686,0.161427,0.216678,0
0.0516157,0.218892,0.203362,0
0.0552728,0.15154,0.178024,0
0.0502607,0.110723,0.220792,0
0.0350015,0.137681,0.148323,0
0.0332282,0.18974,0.0521357,0
0.0516712,0.142398,0.0454364,0
0.0324434,0.168209,0.0150985,0
0.0807498,0.165313,0.196744,0
0.00777227,0.115056,0.0964025,0
0.0326495,0.170011,0.118903,0
0.020021,0.191258,0.14313,0
0.0457624,0.176343,0.182264,0
0.0924767,0.169472,0.211082,0
0.0126408,0.120888,0.0724669,0
0.0565956,0.139887,0.0737714,0
0.0571938,0.2206,0.154562,0
0.081243,0.127314,0.0369014,0
0.0766549,0.190246,0.170618,0
0.105266,0.21822,0.0116816,0
0.0296395,0.13721,0.0966569,0
0.0248262,0.124411,0.0720785,0
0.078135,0.126392,0.218761,0
0.0599897,0.184615,0.0288825,0
0.097153,0.194487,0.121624,0
0.0427454,0.148764,0.00988893,0
0.108306,0.141461,0.182664,0
0.0742184,0.180636,0.0716022,0
0.0503228,0.176099,0.0583003,0
0.101239,0.190754,0.038196,0
0.0264574,0.172984,0.0637716,0
0.052465,0.172161,0.108702,0
0.0952475,0.102149,0.209262,0
0.0210722,0.139972,0.15919,0
0.099447,0.157655,0.090225,0
0.0908677,0.135719,0.162559,0
0.00643016,0.134632,0.161791,0
0.105272,0.166566,0.216005,0
0.0803346,0.154159,0.202066,0
0.0392712,0.112101,0.222994,0
0.0170562,0.136156,0.0478485,0
0.0849077,0.221921,0.0698384,0
0.0418013,0.130033,0.019832,0
0.0280822,0.120324,0.198111,0
0.0288296,0.12343,0.112306,0
0.0859059,0.191262,0.098682,0
0.0726201,0.162381,0.111983,0
0.0923539,0.116481,0.0896116,0
0.0252513,0.122994,0.0425824,0
0.0205984,0.213954,0.141539,0
0.10663,0.208741,0.130456,0
0.0502506,0.145787,0.012664,0
0.00113495,0.113967,0.148493,0
0.00363958,0.19047,0.0878662,0
0.0951855,0.211691,0.0384546,0
0.109112,0.125869,0.105797,0
0.130359,0.0282393,0.0736743,1
0.135866,0.0637908,0.0875022,1
0.0250238,0.0811151,0.190532,1
0.114632,0.0523886,0.222111,1
0.0998595,0.0636615,0.133157,1
0.12875,0.0885194,0.0902333,1
0.121343,0.0740978,0.0301844,1
0.0243151,0.00801714,0.210052,1
0.0938966,0.0825499,0.189095,1
0.135916,0.0209017,0.147569,1
0.0198121,0.0822821,0.066726,1
0.140554,0.0490587,0.162005,1
0.0412142,0.0894396,0.205983,1
0.138936,0.0540463,0.139325,1
0.127675,0.0514866,0.0481372,1
0.0756284,0.10015,0.0922203,1
0.0877522,0.06819,0.126288,1
0.100801,0.027694,0.147837,1
0.109314,0.000649325,0.214734,1
0.137949,0.034405,0.157602,1
0.0456299,0.0425858,0.137853,1
0.124694,0.0125435,0.135356,1
0.000880959,0.0310095,0.180443,1
0.0290047,0.0559771,0.204512,1
0.136264,0.058157,0.0700505,1
0.118449,0.0282369,0.0536842,1
0.0720749,0.018075,0.166454,1
0.112493,0.0703105,0.045893,1
0.110675,0.0520264,0.0911508,1
0.0889666,0.0147405,0.0615367,1
0.0421046,0.00193305,0.201122,1
0.00332179,0.081659,0.0947801,1
0.0661563,0.0363861,0.213909,1
0.0842041,0.0243973,0.184308,1
0.0101667,0.0522244,0.120561,1
0.0397432,0.0437597,0.01971,1
0.126449,0.025199,0.103414,1
0.120717,0.0691816,0.0347335,1
0.0961824,0.0128041,0.206597,1
0.0947522,0.0293558,0.165499,1
0.02376,0.0079246,0.100917,1
0.0805765,0.0983,0.072642,1
0.135198,0.0472936,0.00108216,1
0.10699,0.0219038,0.00595133,1
0.0589327,0.017478,0.215239,1
0.036424,0.0695401,0.157462,1
0.0835583,0.000213931,0.0511616,1
0.0692746,0.0230796,0.112999,1
0.0357881,0.0604877,0.213642,1
0.00282565,0.00889204,0.132615,1
0.0460669,0.0169548,0.0706711,1
0.0607861,0.0461315,0.0946452,1
0.0464104,0.0408452,0.178173,1
0.122647,0.0599297,0.100042,1
0.0582827,0.00549254,0.217178,1
0.100442,0.0429363,0.0823817,1
0.128591,0.0970624,0.196366,1
0.00701042,0.0652861,0.222096,1
0.112274,0.028189,0.0713793,1
0.0837049,0.064536,0.110785,1
0.0685211,0.0664595,0.101297,1
0.00507596,0.0335805,0.127226,1
0.0638945,0.010579,0.0991339,1
0.0821506,0.0786955,0.139643,1
0.0289331,0.0854707,0.0216696,1
0.0248788,0.0570488,0.0806166,1
0.0439011,0.0930237,0.0223133,1
0.112064,0.0684231,0.214162,1
0.0756702,0.0935443,0.0159332,1
0.0187634,0.0925055,0.0583617,1
0.122105,0.0985757,0.0789513,1
0.0782426,0.00941448,0.0171642,1
0.0990739,0.0460738,0.0056018,1
0.074513,0.0199185,0.0758022,1
0.112256,0.0931369,0.16374,1
0.117126,0.0472307,0.134888,1
0.0651036,0.0469104,0.155533,1
0.0511082,0.0438881,0.00807466,1
0.0719978,0.00194432,0.210899,1
0.0999164,0.082255,0.123074,1
0.117737,0.0029622,0.192222,1
0.0259369,0.0659635,0.014888,1
0.0902633,0.021088,0.190122,1
0.114869,0.0741028,0.211447,1
0.00509761,0.0381716,0.0399489,1
0.0449019,0.0761485,0.181092,1
0.0542662,0.0949766,0.10749,1
0.0814136,0.0443787,0.0783962,1
0.0815623,0.0926439,0.0186067,1
0.0621394,0.0768649,0.19941,1
0.0874425,0.0877465,0.13131,1
0.0213442,0.0550869,0.0831358,1
0.0324288,0.0446366,0.0513531,1
0.022926,0.064405,0.153184,1
0.0171582,0.0279487,0.172795,1
0.0313097,0.000921503,0.0828142,1
0.0692011,0.00968513,0.0766865,1
0.0940431,0.0769568,0.217449,1
0.124977,0.0916296,0.0344176,1
0.0610196,0.0466515,0.076092,1
0.0391806,0.0859763,0.223183,1
0.00903915,0.0251153,0.218337,1
0.0201249,0.0947327,0.191935,1
0.0456926,0.074444,0.0234116,1
0.0233184,0.0458724,0.0381815,1
0.0464519,0.000819425,0.0769604,1
0.0154573,0.033531,0.08259,1
0.0287788,0.0810432,0.0175315,1
0.111926,0.00442924,0.102516,1
0.0261692,0.0177646,0.201713,1
0.0815496,0.0154065,0.0275978,1
0.0815241,0.0395325,0.0606076,1
0.113603,0.064728,0.213209,1
0.082632,0.06757,0.0268268,1
0.104144,0.0687085,0.15143,1
0.0661106,0.05615,0.0731131,1
0.0888965,0.0784896,0.205718,1
0.0490665,0.0210853,0.204678,1
0.104079,0.0564216,0.144854,1
0.107808,0.00294261,0.122887,1
0.00310006,0.07029,0.223373,1
0.0552574,0.0658481,0.152943,1
0.0325032,0.0646301,0.207885,1
0.0997524,0.0224767,0.120416,1
0.0975151,0.0860822,0.206382,1
0.0449789,0.0935341,0.0353863,1
0.0824094,0.0964563,0.109293,1
0.133885,0.000595122,0.0553926,1
0.0136793,0.0986824,0.149276,1
0.140311,0.0889638,0.159455,1
0.139843,0.0524572,0.199242,1
0.116467,0.157258,0.0565102,2
0.224149,0.154065,0.048787,2
0.143925,0.213023,0.0366672,2
0.201276,0.183492,0.0671719,2
0.206276,0.219132,0.00551019,2
0.14989,0.171739,0.0480001,2
0.22131,0.191774,0.0453356,2
0.160431,0.217835,0.132109,2
0.187398,0.106806,0.0665052,2
0.127109,0.121093,0.0947345,2
0.157242,0.131413,0.157963,2
0.169742,0.193838,0.0149884,2
0.222,0.196829,0.0823695,2
0.184835,0.163103,0.138961,2
0.202982,0.211388,0.111485,2
0.122649,0.218701,0.196721,2
0.187716,0.112424,0.134336,2
0.140025,0.215501,0.122313,2
0.155242,0.116044,0.0652457,2
0.196813,0.138082,0.195574,2
0.170317,0.162725,0.0989013,2
0.151701,0.103782,0.0992156,2
0.150915,0.124458,0.0346279,2
0.158988,0.161486,0.0326187,2
0.214151,0.143684,0.0324582,2
0.120556,0.193234,0.133766,2
0.2091,0.199375,0.201043,2
0.165674,0.114306,0.154676,2
0.113249,0.107989,0.149289,2
0.112727,0.12304,0.077518,2
0.110706,0.161563,0.181205,2
0.169801,0.135744,0.00553559,2
0.159811,0.144762,0.0466707,2
0.144357,0.189063,0.0109987,2
0.135947,0.180485,0.0220578,2
0.177716,0.17725,0.15856,2
0.215744,0.143645,0.215495,2
0.186451,0.220754,0.00648967,2
0.182652,0.141681,0.199405,2
0.178766,0.163447,0.147666,2
0.181358,0.21579,0.0429544,2
0.177983,0.212622,0.0900229,2
0.171313,0.198343,0.192577,2
0.199835,0.178672,0.0149488,2
0.159719,0.172938,0.0122804,2
0.175508,0.152467,0.106452,2
0.121688,0.114337,0.0759699,2
0.158812,0.177754,0.153529,2
0.163555,0.218837,0.0929762,2
0.210481,0.199276,0.200751,2
0.180789,0.155672,0.0546781,2
0.142082,0.194594,0.131245,2
0.174174,0.102702,0.0451593,2
0.214818,0.198384,0.0511105,2
0.143346,0.215369,0.169928,2
0.187186,0.214086,0.0490951,2
0.145094,0.213541,0.0329299,2
0.167918,0.198887,0.21461,2
0.189575,0.183295,0.119521,2
0.147211,0.114876,0.18792,2
0.148644,0.132052,0.116277,2
0.182276,0.124262,0.0708201,2
0.19625,0.200181,0.067516,2
0.220072,0.217542,0.196074,2
0.159554,0.107359,0.0816117,2
0.207825,0.119384,0.142827,2
0.197221,0.126921,0.106863,2
0.161506,0.115847,0.0458539,2
0.143036,0.131123,0.108391,2
0.137404,0.124597,0.185864,2
0.122637,0.102822,0.0413465,2
0.153633,0.178463,0.066824,2
0.178195,0.16455,0.0672591,2
0.204892,0.221822,0.106063,2
0.191141,0.19905,0.153121,2
0.110608,0.179453,0.19003,2
0.12384,0.190329,0.116639,2
0.139283,0.187634,0.194956,2
0.11831,0.184982,0.0795838,2
0.149981,0.207565,0.102715,2
0.166921,0.199659,0.113597,2
0.12423,0.13974,0.123646,2
0.177847,0.184588,0.186706,2
0.152832,0.11122,0.109088,2
0.119204,0.151502,0.173048,2
0.161086,0.197964,0.214395,2
0.210754,0.11256,0.090647,2
0.152281,0.164265,0.1009,2
0.129074,0.1884,0.104807,2
0.148379,0.155299,0.161193,2
0.115394,0.13703,0.0413539,2
0.117028,0.216227,0.140916,2
0.182865,0.152809,0.14294,2
0.126473,0.125437,0.106931,2
0.112579,0.144794,0.109795,2
0.117012,0.137451,0.215322,2
0.217094,0.19358,0.210977,2
0.112415,0.160059,0.00629094,2
0.126246,0.20975,0.0926754,2
0.121519,0.202879,0.0520991,2
0.178825,0.127174,0.20793,2
0.136023,0.210932,0.212423,2
0.207462,0.10739,0.0974691,2
0.112965,0.152039,0.00707785,2
0.14604,0.119024,0.221116,2
0.209971,0.177243,0.176295,2
0.116472,0.204693,0.0174536,2
0.157004,0.154055,0.0119311,2
0.170305,0.163507,0.0949737,2
0.134701,0.144585,0.0849195,2
0.152525,0.118881,0.156883,2
0.134312,0.164033,0.0719727,2
0.159865,0.118038,0.0187564,2
0.19926,0.159643,0.104738,2
0.115825,0.120777,0.171218,2
0.171092,0.154398,0.13331,2
0.203642,0.196612,0.099148,2
0.114484,0.184363,0.109709,2
0.162971,0.163533,0.126332,2
0.173241,0.168999,0.0918931,2
0.20451,0.110379,0.0495727,2
0.150154,0.115302,0.126922,2
0.124458,0.204681,0.0553564,2
0.117827,0.199334,0.188574,2
0.178725,0.0230529,0.025016,3
0.181186,0.00855335,0.0487054,3
0.192848,0.0516594,0.109763,3
0.184563,0.099082,0.0415169,3
0.220391,0.0678324,0.180039,3
0.181906,0.010627,0.049479,3
0.180312,0.0103836,0.050054,3
0.183723,0.0141145,0.0419018,3
0.183827,0.00682037,0.0462394,3
0.18043,0.00621731,0.0414342,3
0.179962,0.0106977,0.0473298,3
0.181401,0.0160938,0.0441178,3
0.185311,0.00999688,0.0446845,3
0.180013,0.100474,0.197948,3
0.184201,0.00588931,0.045953,3
0.187247,0.0910457,0.146277,3
0.201587,0.0878502,0.139382,3
0.222352,0.0101486,0.0265188,3
0.186316,0.00959856,0.0441776,3
0.223722,0.0988351,0.0832004,3
0.183569,0.00730116,0.0369271,3
0.181553,0.010641,0.0463577,3
0.220872,0.0662729,0.0137953,3
0.182454,0.00911902,0.0487985,3
0.174207,0.0885608,0.000785169,3
0.18137,0.0148118,0.0393018,3
0.213259,0.0189178,0.124039,3
0.152884,0.0927301,0.156401,3
0.181264,0.00861399,0.0451149,3
0.180263,0.00921873,0.0394418,3
0.169685,0.0312183,0.200685,3
0.17951,0.00872739,0.0480603,3
0.166881,0.0196694,0.0639751,3
0.209501,0.058808,0.221345,3
0.144523,0.0690136,0.136447,3
0.148558,0.0930428,0.0843313,3
0.18921,0.0726206,0.187704,3
0.171087,0.0829661,0.0703299,3
0.147915,0.092283,0.0297528,3
0.183117,0.0135108,0.0393577,3
0.182082,0.00821973,0.0452626,3
0.209629,0.0636429,0.156065,3
0.181262,0.00239035,0.128278,3
0.155016,0.0822244,0.108707,3
0.192386,0.0642502,0.0537206,3
0.182503,0.00757746,0.0435186,3
0.185649,0.0612142,0.106,3
0.185243,0.00567225,0.0467452,3
0.154329,0.0616224,0.199413,3
0.18452,0.00985886,0.0482443,3
0.182757,0.0109975,0.0461569,3
0.156868,0.0335435,0.145297,3
0.192026,0.0917738,0.106603,3
0.150169,0.0852797,0.213424,3
0.174459,0.0411937,0.146193,3
0.159171,0.0661538,0.0490428,3
0.212727,0.0800554,0.220093,3
0.181388,0.00921502,0.047057,3
0.208572,0.0782315,0.161826,3
0.213025,0.0245614,0.0144351,3
0.150188,0.0235836,0.0561624,3
0.175601,0.0113097,0.0431833,3
0.224204,0.0665744,0.0149517,3
0.220799,0.034854,0.171729,3
0.162414,0.0996655,0.0220553,3
0.185457,0.0154641,0.0451611,3
0.173332,0.00108438,0.192899,3
0.157683,0.00841989,0.0741102,3
0.213875,0.0704848,0.213769,3
0.211028,0.0401059,0.00288745,3
0.224711,0.0665478,0.107549,3
0.15113,0.0563319,0.0420176,3
0.181591,0.00893929,0.0448656,3
0.203209,0.083687,0.0277415,3
0.182163,0.0089538,0.0449527,3
0.176901,0.0107828,0.0482417,3
0.184839,0.0117034,0.0451201,3
0.179102,0.0111417,0.0435656,3
0.190398,0.026376,0.128504,3
0.210856,0.060231,0.199582,3
0.20102,0.0993464,0.0362446,3
0.19761,0.082516,0.207159,3
0.215706,0.0171768,0.198418,3
0.193278,0.0755198,0.0747858,3
0.150721,0.0570286,0.164455,3
0.193255,0.0326203,0.06579,3
0.18154,0.00991211,0.0432389,3
0.147209,0.0449104,0.201574,3
0.203386,0.089071,0.199763,3
0.182018,0.0197741,0.0827197,3
0.169279,0.0143734,0.186075,3
0.178927,0.00623559,0.0446307,3
0.152885,0.100113,0.160216,3
0.184967,0.00886769,0.0472117,3
0.181358,0.0103051,0.0440999,3
0.187522,0.0112726,0.0426405,3
0.187535,0.0354048,0.0221251,3
0.183665,0.0279249,0.0214114,3
0.157011,0.100433,0.169057,3
0.147444,0.089843,0.15066,3
0.199526,0.0559634,0.191358,3
0.177449,0.0113496,0.0441083,3
0.178955,0.0111592,0.0417903,3
0.186033,0.0794913,0.158298,3
0.157781,0.0778494,0.15585,3
0.194123,0.054354,0.116549,3
0.182816,0.0137423,0.0457925,3
0.223365,0.0487899,0.196654,3
0.197661,0.00807751,0.120225,3
0.180983,0.00901303,0.0477606,3
0.185217,0.00890839,0.038352,3
0.188884,0.0812965,0.135417,3
0.207155,0.081036,0.160399,3
0.190827,0.0589952,0.0726216,3
0.182505,0.0588159,0.0336689,3
0.18178,0.0163293,0.166743,3
0.14428,0.0143343,0.0869046,3
0.147433,0.0866337,0.210778,3
0.180385,0.0983178,0.0799467,3
0.170195,0.0140058,0.0975085,3
0.216416,0.0813211,0.0724534,3
0.208517,0.020855,0.105416,3
0.189735,0.0465396,0.195937,3
0.206515,0.0615943,0.180673,3
0.219699,0.0932519,0.0870885,3
