x coord,y coord,z coord,rank
0.0941845,0.144614,0.217793,0
0.0807531,0.11956,0.214095,0
0.0368142,0.21657,0.21085,0
0.0773205,0.219269,0.181816,0
0.0403068,0.106603,0.17493,0
0.0629443,0.162746,0.102581,0
0.0920184,0.106357,0.117835,0
0.0264375,0.202853,0.166634,0
0.0611784,0.186922,0.15908,0
0.0786466,0.143773,0.0992784,0
0.103756,0.145306,0.113933,0
0.0724733,0.208992,0.165509,0
0.0118296,0.131618,0.112104,0
0.05826,0.105157,0.203982,0
0.0249599,0.131065,0.0771834,0
0.0315352,0.178165,0.217566,0
0.0565121,0.131833,0.0178677,0
0.0593306,0.197868,0.19288,0
0.0435267,0.15306,0.0722175,0
0.00645925,0.135527,0.026218,0
0.0291436,0.124909,0.131597,0
0.0237889,0.105463,0.0452621,0
0.0838322,0.136789,0.213098,0
0.0388039,0.110104,0.217919,0
0.0580362,0.224561,0.164182,0
0.0897958,0.162897,0.0506879,0
0.0936445,0.163128,0.0521629,0
0.04012,0.167211,0.05159,0
0.0974569,0.146349,0.0291584,0
0.0149172,0.180661,0.00869306,0
0.0833024,0.107564,0.140211,0
0.0512589,0.141886,0.122278,0
0.0480233,0.15461,0.00739475,0
0.104646,0.140983,0.0518838,0
0.0966855,0.181186,0.0772176,0
0.105033,0.128109,0.028459,0
0.0551561,0.196457,0.119715,0
0.0077428,0.152132,0.0299973,0
0.0528381,0.205293,0.0136548,0
0.0312807,0.138222,0.0170335,0
0.0433127,0.214993,0.0211158,0
0.0546476,0.105995,0.195046,0
0.106112,0.132473,0.0386703,0
0.0263953,0.129665,0.171465,0
0.0138191,0.114939,0.174766,0
0.0831301,0.172317,0.0449125,0
0.0450684,0.116949,0.056177,0
0.0634564,0.206401,0.0571463,0
0.110165,0.135354,0.171892,0
0.028121,0.183486,0.163948,0
0.100996,0.186771,0.00853927,0
0.105121,0.194805,0.0215152,0
0.0450132,0.116308,0.164516,0
0.0583249,0.158217,0.180778,0
0.00716128,0.203647,0.119662,0
0.0935542,0.181274,0.190748,0
0.064484,0.104401,0.142165,0
0.0525091,0.156876,0.199626,0
0.0435293,0.116469,0.192463,0
0.0868512,0.183963,0.179526,0
0.0536406,0.222399,0.172491,0
0.0894488,0.114119,0.106118,0
0.0572214,0.171219,0.0527063,0
0.0196932,0.169192,0.054013,0
0.0828573,0.116702,0.112446,0
0.00493161,0.131422,0.00932984,0
0.10108,0.211971,0.111594,0
0.0904088,0.115971,0.150628,0
0.0690316,0.159126,0.152241,0
0.0753308,0.13039,0.208669,0
0.0518716,0.174615,0.0915668,0
0.109561,0.218435,0.113054,0
0.0449634,0.17113,0.0981501,0
0.044847,0.141041,0.0868174,0
0.0731372,0.117726,0.187407,0
0.0900367,0.130579,0.0329913,0
0.0985644,0.159585,0.0502023,0
0.0332404,0.117649,0.0252836,0
0.10465,0.159428,0.17197,0
0.00689813,0.217186,0.0950567,0
0.0375239,0.128001,0.122323,0
0.0988227,0.142105,0.0961924,0
0.0158603,0.130608,0.157806,0
0.0655245,0.216877,0.161774,0
0.00856568,0.169651,0.166154,0
0.0290391,0.114037,0.0435006,0
0.0257509,0.164465,0.16482,0
0.00772799,0.130893,0.115098,0
0.0252868,0.138871,0.0158669,0
0.0293781,0.16067,0.075395,0
0.0693936,0.194912,0.174652,0
0.051739,0.17685,0.179063,0
0.105597,0.125083,0.0796229,0
0.0548378,0.118862,0.172688,0
0.00433831,0.113122,0.0540649,0
0.00846484,0.171278,0.156394,0
0.0791267,0.187346,0.000511964,0
0.0429964,0.184405,0.171347,0
0.0226893,0.122232,0.154411,0
0.0778903,0.150449,0.0571747,0
0.0623875,0.103411,0.196456,0
0.00578397,0.102785,0.192568,0
0.100017,0.223268,0.14067,0
0.109813,0.149266,0.12366,0
0.0164346,0.10307,0.18428,0
0.0969917,0.140034,0.0485286,0
0.0629284,0.192747,0.141479,0
0.0866143,0.157503,0.200336,0
0.050392,0.172287,0.121246,0
0.0581805,0.217781,0.00271679,0
0.105717,0.182808,0.165919,0
0.0348049,0.208702,0.192491,0
0.0766002,0.189726,0.131227,0
0.0743598,0.215935,0.190869,0
0.0688109,0.169823,0.0815426,0
0.00587657,0.146963,0.0346507,0
0.0580824,0.164658,0.0581743,0
0.0831058,0.204214,0.0684405,0
0.0553642,0.193631,0.13198,0
0.109148,0.128999,0.0903816,0
0.102562,0.189565,0.0205086,0
0.109014,0.184989,0.165068,0
0.134436,0.187079,0.0432697,1
0.131565,0.11709,0.0745396,1
0.182876,0.115862,0.0723659,1
0.158652,0.144747,0.0293004,1
0.115738,0.117117,0.0809009,1
0.114308,0.125608,0.173624,1
0.219925,0.131559,0.0423653,1
0.14764,0.131942,0.215146,1
0.20217,0.20076,0.0373636,1
0.132468,0.132819,0.111613,1
0.18236,0.123051,0.0593599,1
0.180127,0.170237,0.00238613,1
0.151418,0.187605,0.0628065,1
0.165525,0.134485,0.0338862,1
0.19644,0.214413,0.167606,1
0.160673,0.171161,0.0692342,1
0.13146,0.223766,0.0924059,1
0.18747,0.172333,0.0176806,1
0.216325,0.167465,0.0950008,1
0.130912,0.102388,0.0149233,1
0.117491,0.114253,0.128245,1
0.143681,0.105115,0.0318704,1
0.144364,0.175844,0.0772441,1
0.174415,0.114253,0.0449774,1
0.211423,0.165984,0.0928739,1
0.116108,0.151813,0.138965,1
0.189768,0.126382,0.127186,1
0.131187,0.148524,0.108115,1
0.17042,0.181553,0.0240757,1
0.146688,0.186389,0.201027,1
0.168035,0.107285,0.0429983,1
0.153787,0.20189,0.20478,1
0.157759,0.167074,0.136867,1
0.19254,0.214826,0.103245,1
0.205893,0.179442,0.00631251,1
0.156301,0.203067,0.0298884,1
0.114374,0.131354,0.117898,1
0.186468,0.109031,0.0776387,1
0.113193,0.16901,0.153082,1
0.154575,0.117263,0.218176,1
0.176805,0.151093,0.035983,1
0.206769,0.191289,0.113118,1
0.18306,0.160901,0.0926487,1
0.157135,0.152423,0.0531327,1
0.11201,0.165147,0.117625,1
0.152336,0.167065,0.0352151,1
0.17982,0.143947,0.00828729,1
0.155049,0.163529,0.218407,1
0.144113,0.147371,0.198424,1
0.1862,0.158772,0.0918897,1
0.158861,0.167712,0.0641075,1
0.150603,0.157923,0.206781,1
0.20203,0.192096,0.124206,1
0.185411,0.206263,0.0175143,1
0.138769,0.221485,0.0278284,1
0.182013,0.224498,0.00156317,1
0.115601,0.113555,0.223359,1
0.184945,0.107948,0.218426,1
0.149963,0.209314,0.0620872,1
0.170375,0.129365,0.0358755,1
0.158272,0.143946,0.0641061,1
0.142622,0.194893,0.188787,1
0.14999,0.143428,0.149211,1
0.189254,0.142391,0.216231,1
0.119098,0.169555,0.221069,1
0.164078,0.188587,0.0724771,1
0.222662,0.131321,0.172328,1
0.148447,0.120514,0.00211831,1
0.214021,0.154721,0.155906,1
0.164376,0.195616,0.0625546,1
0.215592,0.15062,0.0695227,1
0.138925,0.214601,0.186946,1
0.194276,0.193496,0.0284875,1
0.116464,0.148557,0.167617,1
0.159391,0.168156,0.182614,1
0.163703,0.176442,0.082033,1
0.133373,0.147322,0.0591714,1
0.142416,0.116586,0.140639,1
0.208533,0.197921,0.101472,1
0.15132,0.205211,0.145199,1
0.191718,0.110995,0.037567,1
0.138232,0.152438,0.025536,1
0.153871,0.169113,0.0833071,1
0.185645,0.22447,0.0992181,1
0.195046,0.118037,0.160921,1
0.2005,0.178707,0.199756,1
0.221401,0.190884,0.106444,1
0.171542,0.187509,0.158756,1
0.133061,0.162124,0.124171,1
0.11264,0.197247,0.0945758,1
0.121897,0.18823,0.000529422,1
0.126017,0.177822,0.00280676,1
0.12966,0.119475,0.0934872,1
0.122661,0.164889,0.156628,1
0.158052,0.203479,0.132869,1
0.184256,0.162025,0.170971,1
0.188059,0.190743,0.14387,1
0.116313,0.210638,0.104601,1
0.199859,0.2063,0.160979,1
0.156147,0.137429,0.109596,1
0.112967,0.12056,0.0564043,1
0.176911,0.104221,0.0408808,1
0.11664,0.118556,0.0820725,1
0.125942,0.161573,0.154733,1
0.190765,0.167256,0.222636,1
0.148444,0.206792,0.147164,1
0.131587,0.151987,0.0202141,1
0.200427,0.128013,0.192999,1
0.17509,0.13442,0.118643,1
0.183966,0.179867,0.167552,1
0.11579,0.121681,0.0518024,1
0.203776,0.189665,0.132002,1
0.11274,0.223298,0.0987407,1
0.164061,0.149935,0.146756,1
0.122915,0.150287,0.167821,1
0.205142,0.133517,0.140212,1
0.121105,0.137946,0.0781892,1
0.165244,0.198129,0.201083,1
0.116859,0.14115,0.0495707,1
0.176321,0.149122,0.194448,1
0.124471,0.112528,0.156789,1
0.133341,0.124519,0.102165,1
0.119601,0.108107,0.145692,1
0.120675,0.193567,0.199066,1
0.115933,0.198256,0.0836109,1
0.121568,0.105017,0.0263764,1
0.111377,0.176025,0.131017,1
0.126408,0.0963491,0.0971338,2
0.132023,0.0455212,0.0978492,2
0.134198,0.0503358,0.0965811,2
0.110626,0.0478964,0.14053,2
0.120321,0.0864701,0.192083,2
0.10709,0.0934404,0.100403,2
0.117495,0.0111524,0.100787,2
0.122838,0.0582689,0.112547,2
0.117168,0.0424848,0.223358,2
0.118265,0.0828057,0.109621,2
0.00573258,0.0187443,0.0994534,2
0.119476,0.0934683,0.168479,2
0.119701,0.00588619,0.112311,2
0.116728,0.0356241,0.0987795,2
0.109547,0.00140261,0.22053,2
0.131355,0.0453448,0.214896,2
0.0895674,0.0265925,0.0336912,2
0.131437,0.0674491,0.177869,2
0.128541,0.00392741,0.208472,2
0.114973,0.0886039,0.146894,2
0.0259626,0.0574885,0.0540459,2
0.13528,0.0207164,0.145962,2
0.126353,0.00303508,0.197504,2
0.117108,0.005106,0.109687,2
0.0188398,0.0305758,0.0686518,2
0.068888,0.0409556,0.00812064,2
0.115898,0.00273012,0.113625,2
0.0925871,0.0812883,0.00792106,2
0.0350134,0.0447225,0.0955997,2
0.035482,0.0339462,0.109553,2
0.0867814,0.0555979,0.198935,2
0.097972,0.053051,0.204981,2
0.0136744,0.0391887,0.136464,2
0.0458587,0.0734006,0.10429,2
0.0106968,0.0732829,0.121035,2
0.0626029,0.0581743,0.160029,2
0.0706722,0.00533961,0.071403,2
0.0599303,0.0953161,0.0466893,2
0.0143749,0.0618381,0.18567,2
0.0176167,0.00860135,0.164137,2
0.0964873,0.0876297,0.100121,2
0.0161477,0.0578224,0.0976116,2
0.0906995,0.0204535,0.0982763,2
0.0707961,0.0675993,0.0902888,2
0.00830329,0.0988608,0.147873,2
0.00546783,0.0415879,0.213663,2
0.118518,0.0877499,0.00576259,2
0.0740253,0.0922451,0.151243,2
0.0579881,0.0896632,0.181079,2
0.0800602,0.0154687,0.154694,2
0.0023422,0.0886965,0.0354981,2
0.0364127,0.0784358,0.137137,2
0.042245,0.0811236,0.165072,2
0.0392074,0.077964,0.00495504,2
0.0220054,0.0130331,0.171386,2
0.0202842,0.0951361,0.0141477,2
0.0478877,0.0304143,0.204855,2
0.0976286,0.0845932,0.146497,2
0.0850244,0.0652898,0.137698,2
0.0122487,0.0505106,0.00264634,2
0.0544832,0.0892215,0.162058,2
0.0662806,0.0300811,0.172301,2
0.0561168,0.000477707,0.142431,2
0.0122437,0.0386766,0.181104,2
0.0106859,0.0967829,0.140323,2
0.110874,0.0721798,0.0161437,2
0.0326114,0.0216494,0.167557,2
0.0768161,0.0402786,0.221114,2
0.0158947,0.000217085,0.0963724,2
0.0442242,0.0956287,0.083141,2
0.0534892,0.0401887,0.0933627,2
0.0100298,0.0590317,0.0859079,2
0.123024,0.0571956,0.0158729,2
0.116933,0.0887353,0.0685424,2
0.127065,0.0157084,0.0153861,2
0.0775181,0.022799,0.0606237,2
0.038493,0.0380777,0.00360471,2
0.124341,0.0801414,0.0239834,2
0.090699,0.0401248,0.0760266,2
0.017229,0.0801261,0.119569,2
0.0971822,0.03135,0.140404,2
0.00561851,0.0253811,0.148283,2
0.0476651,0.0795519,0.0219535,2
0.0557805,0.00919675,0.00113331,2
0.0670661,0.0937387,0.140264,2
0.0791942,0.046233,0.0401013,2
0.00856361,0.0283695,0.153178,2
0.0522224,0.0752196,0.0794897,2
0.0677727,0.0338954,0.121812,2
0.0847508,0.0626507,0.0848127,2
0.056407,0.0138072,0.0881425,2
0.0453479,0.00500417,0.0794186,2
0.112091,0.0134434,0.0338892,2
0.0611975,0.0715801,0.0413739,2
0.0639646,0.0906707,0.091078,2
0.0665954,0.0562211,0.0313393,2
0.0921959,0.0387361,0.0711217,2
0.101968,0.0252184,0.0541425,2
0.0201689,0.00983959,0.192321,2
0.119851,0.0720533,0.00318609,2
0.0262446,0.0251642,0.118579,2
0.0498706,0.0598193,0.0441727,2
0.0559658,0.0130894,0.145417,2
0.0431438,0.0224235,0.108749,2
0.0489313,0.0960765,0.157621,2
0.103821,0.00356898,0.114109,2
0.0488605,0.00102701,0.0850378,2
0.0617133,0.00630734,0.186867,2
0.106486,0.0283025,0.189413,2
0.00668891,0.0487571,0.202588,2
0.0670056,0.012214,0.205277,2
0.0347223,0.0862603,0.126284,2
0.0766409,0.0571166,0.0121075,2
0.0470061,0.0457701,0.214637,2
0.0792862,0.0503686,0.104251,2
0.00148123,0.0638138,0.160574,2
0.104624,0.00255388,0.149633,2
0.104304,0.0908547,0.106114,2
0.0458502,0.00810125,0.0925213,2
0.118372,0.0862117,0.100903,2
0.0917456,0.0228087,0.108958,2
0.1028,0.0515932,0.120663,2
0.0656722,0.0482386,0.208232,2
0.0623795,0.0727477,0.167004,2
0.000796384,0.100187,0.0240446,2
0.132753,0.0278589,0.112404,2
0.0215108,0.10006,0.134427,2
0.0821034,0.101121,0.0719056,2
0.133059,0.0633568,0.0738765,2
0.125311,0.0994695,0.0644913,2
0.134821,0.00759965,0.126786,2
0.223353,0.00878597,0.163646,3
0.164568,0.0508082,0.0775625,3
0.151994,0.0839214,0.0343535,3
0.20492,0.0115173,0.146685,3
0.191719,0.0689105,0.182655,3
0.202669,0.0542465,0.0928584,3
0.176549,0.0307562,0.0667708,3
0.197828,0.0673149,0.0335354,3
0.193398,0.00330522,0.0715625,3
0.139243,0.0834011,0.0481179,3
0.176755,0.0285269,0.0649315,3
0.17122,0.0334494,0.0620308,3
0.180155,0.0361952,0.0615361,3
0.176434,0.0335589,0.0629632,3
0.175364,0.0314979,0.0584065,3
0.184062,0.0195149,0.161858,3
0.215189,0.0556601,0.184349,3
0.175069,0.036601,0.159242,3
0.178763,0.0354898,0.0662606,3
0.175445,0.0373245,0.0665971,3
0.172753,0.0360075,0.0636877,3
0.17749,0.0317433,0.0683482,3
0.213702,0.0684572,0.0644869,3
0.177322,0.0296317,0.0696963,3
0.179515,0.0291691,0.0613228,3
0.176106,0.0324709,0.0632064,3
0.177465,0.052746,0.142963,3
0.174958,0.0331568,0.0606226,3
0.176052,0.0647077,0.0133802,3
0.175167,0.0339643,0.0600834,3
0.160294,0.024468,0.0327017,3
0.176586,0.0329932,0.0675327,3
0.215844,0.062867,0.0730356,3
0.173121,0.0307983,0.0604806,3
0.219829,0.0485883,0.0484008,3
0.174981,0.0440296,0.224174,3
0.178044,0.070506,0.196205,3
0.169776,0.0357556,0.062401,3
0.182398,0.0734358,0.0436534,3
0.147831,0.10015,0.0627102,3
0.175712,0.0864514,0.122358,3
0.15653,0.0853005,0.0470196,3
0.181571,0.00215469,0.0256267,3
0.176459,0.0010514,0.0778808,3
0.138511,0.049862,0.12879,3
0.14266,0.0507472,0.078367,3
0.173856,0.0857237,0.186038,3
0.179295,0.0355737,0.0640222,3
0.179034,0.0760764,0.104766,3
0.188098,0.0326847,0.103957,3
0.151643,0.0398837,0.0461241,3
0.156086,0.101075,0.200243,3
0.18103,0.0243963,0.154378,3
0.175074,0.0352777,0.0638943,3
0.199727,0.0995385,0.025732,3
0.221581,0.00455136,0.0737721,3
0.196811,0.0527924,0.0682682,3
0.178943,0.0616187,0.0684837,3
0.211143,0.094161,0.083808,3
0.178331,0.0953392,0.149817,3
0.166385,0.0107471,0.106169,3
0.138122,0.0836155,0.00492219,3
0.181629,0.02838,0.0642323,3
0.222078,0.00231263,0.165899,3
0.170934,0.0305051,0.0598432,3
0.160057,0.0135043,0.131002,3
0.168313,0.0348703,0.0629808,3
0.175861,0.0348392,0.0664846,3
0.17237,0.0348855,0.0604186,3
0.149892,0.0921255,0.145278,3
0.178979,0.0962941,0.125252,3
0.140049,0.00137942,0.121965,3
0.171549,0.0331654,0.0651026,3
0.219291,0.023975,0.156772,3
0.192351,0.0771999,0.0774716,3
0.149577,0.046132,0.0947716,3
0.17793,0.0380686,0.0631257,3
0.163907,0.043806,0.188026,3
0.223436,0.0778601,0.220124,3
0.213612,0.0946479,0.220354,3
0.163141,0.0671489,0.217189,3
0.175321,0.0329907,0.0641958,3
0.175302,0.0332798,0.193294,3
0.164127,0.0162442,0.215616,3
0.173968,0.0735807,0.202145,3
0.174549,0.0380185,0.064866,3
0.175741,0.0338629,0.0590582,3
0.218411,0.00392915,0.030691,3
0.207422,0.0703158,0.212052,3
0.210495,0.0184574,0.139002,3
0.157034,0.00593697,0.163901,3
0.171732,0.0307358,0.0630776,3
0.172444,0.028335,0.0641838,3
0.147626,0.0129355,0.187651,3
0.17052,0.0869126,0.115499,3
0.176136,0.0326589,0.0647985,3
0.172858,0.0335343,0.0650488,3
0.172893,0.0343072,0.0621385,3
0.176736,0.0339697,0.0673608,3
0.216742,0.011023,0.196024,3
0.178711,0.0368218,0.0615048,3
0.211847,0.0713077,0.202969,3
0.179566,0.0286032,0.0642651,3
0.169271,0.0789798,0.179683,3
0.191925,0.0444033,0.140317,3
0.172647,0.0385645,0.060801,3
0.205978,0.0350861,0.0344533,3
0.140351,0.0932593,0.160629,3
0.223533,0.0271995,0.136108,3
0.173713,0.0331657,0.0615471,3
0.170982,0.0319735,0.0606886,3
0.160984,0.0236516,0.179108,3
0.180082,0.0315386,0.0656741,3
0.19473,0.0274107,0.105818,3
0.155532,0.0569914,0.0434899,3
0.141879,0.101013,0.167388,3
0.206855,0.0874721,0.0441768,3
0.147429,0.042809,0.0989111,3
0.170778,0.074381,0.197203,3
0.142391,0.0453466,0.207376,3
