x coord,y coord,z coord,rank
0.137239,0.0874548,0.0194684,0
0.211945,0.039101,0.115487,0
0.151082,0.10222,0.0244633,0
0.165471,0.0260041,0.0667878,0
0.190129,0.178332,0.0714908,0
0.131582,0.185498,0.123569,0
0.166254,0.206486,0.119032,0
0.207271,0.0536545,0.0126519,0
0.213312,0.170346,0.0932765,0
0.199458,0.0216924,0.0133977,0
0.202854,0.118802,0.110399,0
0.164918,0.0669372,0.0308295,0
0.215452,0.00275775,0.00879672,0
0.121808,0.0089584,0.0122433,0
0.137686,0.0479309,0.108958,0
0.209665,0.0543464,0.0899131,0
0.143133,0.0579823,0.0291031,0
0.185441,0.201478,0.0775252,0
0.126203,0.151937,0.0717259,0
0.189835,0.155641,0.00131593,0
0.178269,0.133047,0.118099,0
0.207525,0.212784,0.00542661,0
0.216107,0.217911,0.0971893,0
0.184921,0.0780794,0.0384585,0
0.223251,0.204405,0.022784,0
0.215445,0.111901,0.0794303,0
0.13937,0.16521,0.00448561,0
0.154602,0.15483,0.0372131,0
0.201978,0.162077,0.0227692,0
0.149876,0.132451,0.0189441,0
0.148768,0.0675553,0.0107312,0
0.154482,0.0241037,0.00781713,0
0.205909,0.0468455,0.0199156,0
0.124958,0.133861,0.0323155,0
0.168657,0.186329,0.11777,0
0.202037,0.14748,0.0499959,0
0.221448,0.185086,0.11512,0
0.187631,0.173159,0.033165,0
0.147433,0.0858679,0.0142149,0
0.148615,0.150725,0.127898,0
0.201941,0.161348,0.0278208,0
0.146003,0.0278701,0.0876717,0
0.216079,0.0690368,0.0580224,0
0.164382,0.132274,0.105716,0
0.209649,0.114857,0.000353443,0
0.149308,0.0629826,0.121523,0
0.142866,0.0933551,0.116088,0
0.122442,0.142895,0.083828,0
0.150153,0.137287,0.0422292,0
0.178091,0.214049,0.0327909,0
0.13555,0.0565694,0.0597658,0
0.127498,0.134848,0.0838638,0
0.192326,0.200951,0.0231679,0
0.179017,0.0035443,0.055454,0
0.176841,0.116487,0.0248027,0
0.147561,0.193148,0.00239061,0
0.198364,0.0670414,0.0658186,0
0.144478,0.00361328,0.0398693,0
0.171477,0.213738,0.0499615,0
0.213018,0.219343,0.104239,0
0.123233,0.166512,0.0955617,0
0.211095,0.182866,0.0726024,0
0.145228,0.0455233,0.11136,0
0.137981,0.124155,0.0857473,0
0.159331,0.0655205,0.0255268,0
0.146814,0.216417,0.118722,0
0.21454,0.0582852,0.078781,0
0.222207,0.0621581,0.0644623,0
0.183566,0.164546,0.0466888,0
0.168847,0.210196,0.0791596,0
0.18912,0.0729699,0.12723,0
0.195517,0.0971163,0.0892743,0
0.141416,0.222117,0.100775,0
0.176,0.0561972,0.0168699,0
0.11958,0.168122,0.0606614,0
0.201143,0.161784,0.0676764,0
0.205607,0.109278,0.111752,0
0.138837,0.0014275,0.0714982,0
0.159292,0.102193,0.110515,0
0.144381,0.0889479,0.0587247,0
0.191921,0.0944578,0.0173749,0
0.117488,0.148032,0.11551,0
0.176201,0.13113,0.00614602,0
0.141628,0.0937108,0.0831813,0
0.153403,0.098827,0.0777684,0
0.199902,0.101885,0.0683077,0
0.220206,0.0790102,0.112408,0
0.182442,0.0623273,0.0901793,0
0.192588,0.121495,0.0614175,0
0.222575,0.0831723,0.108989,0
0.133182,0.0339113,0.0860775,0
0.16378,0.0640344,0.0438833,0
0.203067,0.0992607,0.0891083,0
0.127057,0.172818,0.0932669,0
0.220367,0.0427623,0.103212,0
0.12815,0.195752,0.124594,0
0.14981,0.131281,0.0221479,0
0.123258,0.0458146,0.0702741,0
0.175773,0.0667762,0.0980223,0
0.196687,0.220809,0.0811749,0
0.212236,0.115902,0.0224019,0
0.130363,0.0203467,0.0909317,0
0.121803,0.188215,0.00882427,0
0.186035,0.0750171,0.123825,0
0.129093,0.0888317,0.0813726,0
0.124155,0.0862043,0.122527,0
0.200714,0.0767086,0.124967,0
0.153784,0.0591615,0.0546738,0
0.21021,0.149402,0.055759,0
0.123791,0.161639,0.0203715,0
0.130087,0.0405317,0.012574,0
0.142597,0.0430831,0.0750487,0
0.151677,0.160439,0.0125005,0
0.148142,0.0832784,0.123165,0
0.148942,0.180104,0.0443962,0
0.117501,0.214013,0.0248843,0
0.136472,0.0750342,0.0732988,0
0.163587,0.212378,0.0086376,0
0.130527,0.0557851,0.0580278,0
0.169039,0.079011,0.028481,0
0.148927,0.078169,0.0829179,0
0.0764883,0.17979,0.147561,1
0.0786117,0.180853,0.144039,1
0.0734838,0.20329,0.192353,1
0.0502413,0.120773,0.184632,1
0.107003,0.0194276,0.185009,1
0.0865398,0.145966,0.128823,1
0.0313594,0.180273,0.131288,1
0.0859785,0.154725,0.124589,1
0.0871801,0.037474,0.165741,1
0.0525086,0.145553,0.156772,1
0.105413,0.221425,0.221834,1
0.0797691,0.180104,0.169155,1
0.0640576,0.145763,0.123823,1
0.0189704,0.0495502,0.193145,1
0.0806829,0.0274221,0.213776,1
0.10106,0.223418,0.122422,1
0.0404937,0.186748,0.173392,1
0.0451524,0.158432,0.187296,1
0.0737927,0.0185145,0.215534,1
0.0168635,0.20367,0.157443,1
0.0848539,0.205504,0.164977,1
0.0939808,0.181371,0.201397,1
0.0778722,0.0397919,0.202379,1
0.0444576,0.0174975,0.18818,1
0.0941231,0.0084225,0.203079,1
0.0719904,0.176783,0.189713,1
0.0713264,0.0834333,0.170487,1
0.0778212,0.024423,0.179011,1
0.112386,0.0912011,0.145112,1
0.01487,0.183375,0.1992,1
0.114134,0.174417,0.132048,1
0.0799656,0.0685415,0.170811,1
0.111426,0.109206,0.218878,1
0.0814994,0.145811,0.192098,1
0.084762,0.0227693,0.160932,1
0.00333599,0.168189,0.158606,1
0.0273292,0.0346953,0.135844,1
0.0462543,0.084474,0.187531,1
0.113648,0.202465,0.182183,1
0.0947897,0.204567,0.198698,1
0.0062501,0.124031,0.11866,1
0.0092909,0.0795805,0.181871,1
0.109665,0.158526,0.116692,1
0.0273446,0.1301,0.182569,1
0.095778,0.154055,0.212754,1
0.102836,0.193437,0.180388,1
0.0897516,0.0731194,0.165583,1
0.0152062,0.18614,0.162896,1
0.0718877,0.147351,0.200073,1
0.102649,0.165409,0.164549,1
0.0735422,0.158323,0.169898,1
0.00816463,0.0626264,0.129839,1
0.0963792,0.164412,0.125436,1
0.00889398,0.0771785,0.193262,1
0.107349,0.00583897,0.128878,1
0.0270809,0.156078,0.156477,1
0.0167549,0.138354,0.115483,1
0.0181037,0.179206,0.147038,1
0.0465169,0.221367,0.187072,1
0.0826406,0.0994317,0.184009,1
0.0659721,0.0731687,0.219586,1
0.088538,0.122913,0.136366,1
0.111208,0.113971,0.213824,1
0.0484599,0.00991704,0.142915,1
0.00498748,0.0856166,0.119374,1
0.0784959,0.0189815,0.190216,1
0.10561,0.209685,0.17884,1
0.0406292,0.0333933,0.180578,1
0.0275325,0.0618632,0.122599,1
0.0882041,0.129287,0.146944,1
0.0210226,0.195036,0.22359,1
0.00889513,0.12426,0.134554,1
0.0719554,0.172764,0.223222,1
0.0970034,0.105059,0.169378,1
0.0185519,0.171002,0.133831,1
0.0451692,0.142682,0.170563,1
0.0981375,0.203509,0.203258,1
0.0029488,0.0907524,0.183577,1
0.0980187,0.156099,0.217948,1
0.0794358,0.185199,0.187114,1
0.0250938,0.0572314,0.125696,1
0.0925382,0.210886,0.183743,1
0.0372723,0.190243,0.125677,1
0.00928096,0.202167,0.221419,1
0.0483627,0.10615,0.22121,1
0.0109853,0.150225,0.167615,1
0.116878,0.0435139,0.21078,1
0.0557907,0.088131,0.166795,1
0.0221708,0.0237197,0.164051,1
0.0921997,0.144937,0.126767,1
0.0395723,0.152148,0.167261,1
0.0260939,0.034354,0.205418,1
0.115203,0.0750802,0.198232,1
0.0425953,0.182099,0.177825,1
0.0492511,0.153165,0.2014,1
0.0378341,0.0173328,0.119628,1
0.0361575,0.178832,0.148595,1
0.0521204,0.0354887,0.118995,1
0.0481278,0.0890169,0.192479,1
0.0748256,0.166543,0.170808,1
0.022717,0.0979245,0.131112,1
0.0695947,0.201386,0.115661,1
0.0502086,0.093713,0.137576,1
0.0240337,0.0181215,0.22023,1
0.107518,0.0519295,0.168254,1
0.110116,0.124138,0.147806,1
0.0532567,0.162415,0.162327,1
0.103041,0.0484745,0.155572,1
0.0210645,0.150733,0.18759,1
0.0440925,0.109146,0.204412,1
0.0605781,0.140186,0.156724,1
0.105356,0.204106,0.156222,1
0.0717255,0.153875,0.197513,1
0.0731537,0.209214,0.148289,1
0.0234021,0.0231605,0.155102,1
0.0411168,0.11675,0.180906,1
0.00265092,0.118754,0.162375,1
0.0922373,0.164436,0.136709,1
0.0663197,0.153696,0.203066,1
0.0105102,0.11309,0.114984,1
0.100342,0.141526,0.159993,1
0.0590921,0.125269,0.112436,1
0.0672321,0.125259,0.0643343,2
0.00249805,0.113961,0.0146637,2
0.0489462,0.127341,0.0677548,2
0.103112,0.162597,0.0475634,2
0.0550029,0.104164,0.0407787,2
0.111723,0.0900343,0.0273336,2
0.0989541,0.124976,0.0397529,2
0.0826966,0.0104561,0.0193379,2
0.0108135,0.0936254,0.0750126,2
0.0665307,0.0733522,0.0850588,2
0.0652605,0.0599869,0.0668371,2
0.104644,0.101669,0.003188,2
0.0188672,0.0916084,0.0802534,2
0.111006,0.0451866,0.00378281,2
0.0791183,0.106141,0.0847827,2
0.0149126,0.0332449,0.0667069,2
0.0612479,0.0325992,0.0813706,2
0.107833,0.107776,0.111593,2
0.0792142,0.108736,0.0882339,2
0.0642269,0.0235501,0.106883,2
0.0586105,0.182835,0.108656,2
0.0486857,0.136369,0.106561,2
0.0498651,0.111916,0.0384972,2
0.0303609,0.0551848,0.0144059,2
0.0385611,0.0544651,0.0769936,2
0.109615,0.17256,0.00162008,2
0.0712367,0.0318655,0.0492833,2
0.0580714,0.0947805,0.0331288,2
0.110717,0.00355756,0.00034048,2
0.042213,0.0774318,0.0691457,2
0.0131501,0.130949,0.0837861,2
0.0296309,0.123343,0.0292719,2
0.0181988,0.0999924,0.10203,2
0.0981684,0.0417954,0.105054,2
0.0929327,0.187747,0.078958,2
0.0541732,0.0107928,0.0228021,2
0.10164,0.211446,0.048751,2
0.10751,0.139268,0.00633421,2
0.041877,0.175915,0.000189502,2
0.0765024,0.153365,0.090862,2
0.0500869,0.0207738,0.0633075,2
0.00799493,0.170109,0.0466898,2
0.0867608,0.201988,0.068319,2
0.113032,0.167505,0.0347005,2
0.115603,0.0474692,0.0985116,2
0.0242491,0.0160741,0.054183,2
0.0476804,0.125496,0.033642,2
0.0162294,0.223626,0.0102198,2
9.85547e-05,0.183205,0.0939858,2
0.043089,0.039842,0.0315311,2
0.00900261,0.0754414,0.0576091,2
0.000821064,0.024278,0.0153853,2
0.0176553,0.164744,0.0620723,2
0.0316679,0.14838,0.00566272,2
0.0141825,0.175918,0.0327636,2
0.106849,0.00845776,0.108095,2
0.0638786,0.0270025,0.0846125,2
0.0211713,0.146426,0.0739405,2
0.0900952,0.0982556,0.0343455,2
0.00593782,0.223678,0.0993375,2
0.019401,0.133263,0.0445467,2
0.0198544,0.155137,0.0538622,2
0.0107719,0.0353014,0.0610007,2
0.0657516,0.0686767,0.0247816,2
0.0102492,0.206159,0.0642681,2
0.0830857,0.163846,0.00754399,2
0.0397401,0.161449,0.0533158,2
0.071923,0.0318113,0.058565,2
0.103816,0.198627,0.0481224,2
0.0847175,0.204333,0.0259261,2
0.0204195,0.0281655,0.0528869,2
0.0617194,0.0869211,0.0973717,2
0.0150089,0.201791,0.0858257,2
0.0966967,0.219556,0.0948859,2
0.0159554,0.208293,0.0119363,2
0.0455612,0.137607,0.103176,2
0.0510569,0.0831231,0.0621282,2
0.0487275,0.199533,0.0542041,2
0.00664311,0.152367,0.0462598,2
0.00930892,0.205532,0.0899261,2
0.0238176,0.0738403,0.057491,2
0.0556142,0.0332392,0.0919561,2
0.0659675,0.207642,0.0938565,2
0.0126126,0.0581484,0.0146711,2
0.0826941,0.216418,0.0687076,2
0.0641069,0.0766533,0.0925663,2
0.115407,0.0582662,0.0734887,2
0.0195282,0.0790543,0.0570095,2
0.0263378,0.0469757,0.00655546,2
0.114248,0.0434037,0.00365458,2
0.0247721,0.0657647,0.0998692,2
0.068249,0.0694032,0.0654466,2
0.0940141,0.0693178,0.050728,2
0.0351792,0.178995,0.0575664,2
0.0130917,0.0265307,0.0191196,2
0.0750647,0.166008,0.0755253,2
0.0670194,0.0621073,0.0816536,2
0.0832406,0.117854,0.0212809,2
0.015101,0.0701193,0.0744524,2
0.100338,0.0717714,0.0952318,2
0.0910553,0.109411,0.0422442,2
0.0392593,0.176525,0.0540636,2
0.0644005,0.208378,0.0214561,2
0.0955257,0.221136,0.0621084,2
0.0308145,0.220916,0.00634196,2
0.0582486,0.153575,0.0565354,2
0.0320348,0.017045,0.0457685,2
0.0084098,0.184333,0.0142527,2
0.0690561,0.149385,0.0758117,2
0.0298146,0.182748,0.0650917,2
0.107043,0.00573315,0.0185605,2
0.0438563,0.185758,0.0843662,2
0.00117052,0.158271,0.100394,2
0.0890324,0.0703453,0.0370558,2
0.0804001,0.14811,0.0628766,2
0.0730541,0.1645,0.0735158,2
0.0181598,0.150849,0.0253163,2
0.0179372,0.178378,0.0959366,2
0.0297063,0.124753,0.0646469,2
0.0337492,0.123621,0.0597819,2
0.108339,0.0797429,0.0559818,2
0.106963,0.0721645,0.0550698,2
0.0351374,0.0967711,0.002992,2
0.0947629,0.0934033,0.022401,2
0.0444482,0.219842,0.109195,2
0.114654,0.0946718,0.0196571,2
0.0700722,0.156696,0.109495,2
0.110844,0.149134,0.0501441,2
0.114657,0.0934745,0.0899967,2
0.114993,0.175143,0.0525343,2
0.0281352,0.0772539,0.111053,2
0.122594,0.0955756,0.167611,3
0.123172,0.00463213,0.216062,3
0.16363,0.0215806,0.173011,3
0.207706,0.058533,0.133503,3
0.188439,0.0487568,0.189335,3
0.155891,0.0831638,0.148802,3
0.199861,0.073527,0.147037,3
0.213909,0.0294098,0.15078,3
0.190194,0.0469313,0.184301,3
0.187363,0.0463541,0.183121,3
0.183684,0.0468323,0.183915,3
0.18222,0.0591259,0.195535,3
0.156742,0.0102029,0.142491,3
0.18519,0.0480352,0.185352,3
0.175368,0.0547724,0.174544,3
0.164399,0.0724724,0.180504,3
0.18009,0.0513225,0.189255,3
0.206154,0.0931518,0.196185,3
0.158926,0.0247569,0.213316,3
0.161908,0.13595,0.204106,3
0.205615,0.00679263,0.215167,3
0.188865,0.0525359,0.179992,3
0.182147,0.0446428,0.190039,3
0.183576,0.0434222,0.185154,3
0.15983,0.0878065,0.185505,3
0.181001,0.0494822,0.187926,3
0.200834,0.101865,0.203104,3
0.184427,0.0425005,0.187599,3
0.187499,0.0464157,0.187017,3
0.200663,0.0932456,0.149754,3
0.198799,0.0958447,0.16701,3
0.182371,0.0474298,0.184462,3
0.200064,0.113531,0.20143,3
0.189484,0.0483019,0.183439,3
0.180989,0.0478598,0.185482,3
0.189366,0.0558641,0.190399,3
0.198342,0.111199,0.158787,3
0.186736,0.0499837,0.186736,3
0.185175,0.045557,0.189555,3
0.155575,0.0381632,0.189366,3
0.185185,0.0460437,0.189262,3
0.19188,0.0481938,0.180692,3
0.185342,0.0527714,0.186305,3
0.215784,0.0193342,0.133563,3
0.144164,0.0830019,0.202105,3
0.123177,0.22452,0.174314,3
0.1885,0.0494676,0.182888,3
0.183555,0.0472558,0.182635,3
0.188701,0.0516074,0.185551,3
0.159731,0.0448163,0.202616,3
0.204644,0.0281203,0.184472,3
0.185625,0.0505231,0.188088,3
0.185527,0.0519272,0.186281,3
0.152254,0.0476715,0.192386,3
0.170062,0.0618479,0.181341,3
0.185708,0.0455278,0.184183,3
0.195215,0.0580048,0.2206,3
0.187412,0.0523825,0.189682,3
0.15332,0.147977,0.144418,3
0.160104,0.0916915,0.143218,3
0.175997,0.0917086,0.17648,3
0.186725,0.0502804,0.188361,3
0.179593,0.167655,0.14911,3
0.186897,0.0533225,0.183713,3
0.209734,0.154343,0.145288,3
0.153229,0.179345,0.223781,3
0.182818,0.0466207,0.189527,3
0.119183,0.0477497,0.208377,3
0.131288,0.000927964,0.160199,3
0.190766,0.0755216,0.18296,3
0.187144,0.0510748,0.184673,3
0.164153,0.205291,0.214588,3
0.159458,0.204865,0.223004,3
0.19193,0.018296,0.180167,3
0.183358,0.0525198,0.183981,3
0.147361,0.0284237,0.216865,3
0.126149,0.0591557,0.223874,3
0.161814,0.0694985,0.179727,3
0.198847,0.203384,0.156512,3
0.182109,0.050171,0.186685,3
0.214841,0.222111,0.143742,3
0.193161,0.184987,0.170503,3
0.139152,0.0510592,0.156572,3
0.220318,0.19048,0.154826,3
0.198858,0.150331,0.189365,3
0.120133,0.0538446,0.161555,3
0.120282,0.116441,0.169382,3
0.224079,0.0831809,0.19391,3
0.183036,0.178399,0.184281,3
0.170732,0.161299,0.195088,3
0.223375,0.134452,0.191027,3
0.186395,0.0496835,0.185705,3
0.222098,0.212167,0.184091,3
0.122858,0.000538261,0.186371,3
0.163174,0.120483,0.219871,3
0.187559,0.0483055,0.186396,3
0.1964,0.147106,0.167229,3
0.189723,0.0358881,0.187098,3
0.177568,0.217546,0.195331,3
0.217279,0.110024,0.203139,3
0.203602,0.174563,0.158435,3
0.167134,0.21274,0.199031,3
0.223668,0.156277,0.153431,3
0.145636,0.173888,0.18907,3
0.137553,0.00255441,0.183414,3
0.183931,0.0477864,0.180868,3
0.198073,0.148723,0.197818,3
0.142079,0.0277087,0.19654,3
0.134893,0.211033,0.219259,3
0.151967,0.207433,0.2052,3
0.206259,0.12736,0.171251,3
0.206074,0.0379667,0.164816,3
0.14955,0.192268,0.181724,3
0.185879,0.0494243,0.188593,3
0.197238,0.197477,0.136418,3
0.200359,0.176757,0.164173,3
0.126617,0.126161,0.164227,3
0.170282,0.050031,0.223055,3
0.163881,0.196473,0.155324,3
0.197183,0.155206,0.18655,3
0.216673,0.161736,0.196732,3
0.137961,0.195366,0.212378,3
0.179453,0.00907878,0.200286,3
0.155395,0.147784,0.202731,3
0.193557,0.0729784,0.19903,3
0.118107,0.165808,0.153752,3
