x coord,y coord,z coord,rank
0.0387034,0.0182759,0.156816,0
0.0474276,0.0349564,0.153514,0
0.0676731,0.101942,0.0711539,0
0.0620345,0.0528589,0.0484215,0
0.0657837,0.0140464,0.00637636,0
0.110926,0.0153546,0.0249453,0
0.0766725,0.04369,0.1502,0
0.0235664,0.0808513,0.0985881,0
0.0454952,0.100104,0.172816,0
0.0147287,0.0834059,0.09916,0
0.0991341,0.10035,0.0344566,0
0.0504147,0.0475511,0.0399845,0
0.126932,0.0987701,0.183306,0
0.116616,0.083711,0.106696,0
0.058921,0.0201174,0.10008,0
0.0891342,0.0784393,0.0936954,0
0.00581648,0.0854281,0.124603,0
0.0869063,0.0848887,0.0557636,0
0.127989,0.0933517,0.0411879,0
0.00967269,0.105661,0.137445,0
0.106828,0.0900077,0.129052,0
0.0989423,0.0371106,0.152704,0
0.0983418,0.0115617,0.216209,0
0.0526439,0.0294729,0.0356432,0
0.119048,0.0821145,0.107341,0
0.122583,0.0338909,0.12961,0
0.107829,0.0487866,0.0384788,0
0.0232621,0.0329791,0.159408,0
0.0171571,0.0585478,0.222111,0
0.0976129,0.0611435,0.146792,0
0.103767,0.0213148,0.211548,0
0.0920995,0.0638508,0.0262556,0
0.12031,0.010975,0.0872426,0
0.10982,0.103683,0.00112559,0
0.110349,0.066753,0.101451,0
0.029245,0.0443676,0.217092,0
0.0341486,0.0885161,0.17907,0
0.13196,0.0835024,0.115801,0
0.0757575,0.00842708,0.031664,0
0.00143012,0.05651,0.116452,0
0.0903212,0.00495338,0.159999,0
0.115938,0.0163558,0.210504,0
0.089538,0.0652283,0.158149,0
0.0791904,0.0606726,0.0953381,0
0.0657467,0.0575972,0.0907961,0
0.122849,0.0378302,0.100301,0
0.0468661,0.0986764,0.0546065,0
0.121517,0.0669222,0.126432,0
0.0596038,0.0333146,0.153786,0
0.0461602,0.0741914,0.165073,0
0.0317732,0.103255,0.142818,0
0.0380366,0.0752309,0.182663,0
0.0923526,0.0207953,0.0919777,0
0.0785339,0.0392584,0.20252,0
0.0355786,0.06355,0.112378,0
0.0807689,0.0869669,0.202644,0
0.109042,0.0142447,0.0248615,0
0.0876644,0.000435424,0.0908258,0
0.113308,0.100357,0.0669622,0
0.0780108,0.0512182,0.208984,0
0.0346519,0.0808013,0.21017,0
0.104462,0.0428076,0.200401,0
0.00815904,0.00855517,0.0068365,0
0.0410851,0.0226402,0.14337,0
0.0661914,0.00667675,0.190268,0
0.0519083,0.0122171,0.136607,0
0.0299844,0.0710789,0.135936,0
0.107636,0.0678011,0.198243,0
0.103208,0.0377923,0.142794,0
0.0550242,0.0265636,0.117854,0
0.060377,0.0679275,0.219605,0
0.0459291,0.0440706,0.189729,0
0.0997714,0.00400113,0.0914093,0
0.120145,0.0749461,0.223952,0
0.0151161,0.0358489,0.223429,0
0.0458376,0.0166976,0.116258,0
0.0486942,0.0595432,0.218566,0
0.00116053,0.0236904,0.160509,0
0.0583079,0.0862777,0.149902,0
0.0343481,0.0914597,0.041837,0
0.128296,0.0563901,0.05791,0
0.0937906,0.0858143,0.0761304,0
0.0266692,0.0541777,0.133128,0
0.104822,0.0715336,0.0808358,0
0.123289,0.04286,0.210891,0
0.0896313,0.0570267,0.177713,0
0.0877894,0.0385505,0.000774763,0
0.0914181,0.0384632,0.0799638,0
0.0402807,0.0675341,0.2226,0
0.114251,0.0416387,0.0952122,0
0.110381,0.063329,0.0538177,0
0.0859879,0.101968,0.109886,0
0.027098,0.00192531,0.00731874,0
0.119368,0.0464766,0.0519552,0
0.00218525,0.0778902,0.221481,0
0.0765982,0.0367375,0.139065,0
0.0876753,0.0435992,0.0667005,0
0.00581642,0.00111127,0.0797381,0
0.0389214,0.0181813,0.0278016,0
0.121738,0.00649698,0.187262,0
0.00830702,0.0434551,0.0422262,0
0.0433036,0.0525832,0.124755,0
0.0933381,0.0356847,0.178241,0
0.0311212,0.0316062,0.113332,0
0.0814264,0.0840413,0.0890112,0
0.0816447,0.0706248,0.196725,0
0.0955892,0.046441,0.179929,0
0.132177,0.102217,0.189984,0
0.126347,0.0996068,0.128009,0
0.128625,0.096933,0.0822111,0
0.0619636,0.0780369,0.109304,0
0.0623964,0.0727597,0.0672474,0
0.075503,0.0264976,0.0135663,0
0.0369825,0.0166775,0.0490621,0
0.0887058,0.0481029,0.0911932,0
0.108869,0.0281219,0.0426535,0
0.0384622,0.0930694,0.0881302,0
0.0903382,0.105341,0.204356,0
0.0683135,0.0783876,0.128852,0
0.0657068,0.0747992,0.122293,0
0.0156551,0.0102254,0.0665845,0
0.128339,0.0664317,0.214479,0
0.0989911,0.0636407,0.0117128,0
0.0126259,0.0925397,0.181411,0
0.0980088,0.0669054,0.0293527,0
0.0329126,0.0536394,0.150675,0
0.087602,0.0867535,0.0206703,0
0.0350156,0.0804295,0.062563,0
0.017719,0.0268278,0.0146203,0
0.0665241,0.0726947,0.0206896,0
0.0341063,0.0708923,0.0649767,0
0.0101813,0.0968187,0.189433,0
0.0211725,0.0594863,0.155045,0
0.116723,0.0789327,0.210346,0
0.116851,0.0807195,0.201315,0
0.0745918,0.106191,0.146716,0
0.0501734,0.188647,0.137153,1
0.0373327,0.175087,0.140338,1
0.0500095,0.118207,0.207782,1
0.0666075,0.160929,0.196836,1
0.0959385,0.143735,0.159497,1
0.0346369,0.10976,0.0951365,1
0.0290581,0.215741,0.0391741,1
0.0148485,0.216473,0.0356675,1
0.0340171,0.203223,0.206549,1
0.0824648,0.167958,0.0461311,1
0.0467498,0.212616,0.0619482,1
0.0767369,0.14282,0.0480051,1
0.0726868,0.177352,0.222821,1
0.0628747,0.146576,0.105471,1
0.0501171,0.223953,0.0896246,1
0.0513208,0.206908,0.0558035,1
0.046527,0.119247,0.0381379,1
0.0407384,0.217042,0.0516644,1
0.0350905,0.165006,0.181123,1
0.102043,0.200445,0.163568,1
0.0433847,0.217591,0.0885964,1
0.0775489,0.158665,0.188864,1
0.0211797,0.199786,0.067848,1
0.00859744,0.22263,0.158206,1
0.0906767,0.177202,0.146361,1
0.0776866,0.177003,0.197396,1
0.0829721,0.115726,0.0472333,1
0.0369319,0.125693,0.0428066,1
0.0306666,0.213087,0.0136326,1
0.0374684,0.200784,0.0606717,1
0.0603247,0.170231,0.000540344,1
0.0755539,0.13245,0.027974,1
0.0407267,0.201997,0.0626499,1
0.0181063,0.164107,0.116137,1
0.00341985,0.197476,0.210986,1
0.0436604,0.159861,0.0587816,1
0.0447087,0.183044,0.150322,1
0.0464392,0.168548,0.158406,1
0.0891543,0.140753,0.06568,1
0.0852682,0.117792,0.0945662,1
0.00300115,0.166923,0.144469,1
0.0949242,0.216591,0.213262,1
0.0804354,0.185998,0.0740266,1
0.0126848,0.22076,0.119957,1
0.0266854,0.2063,0.136439,1
0.0143389,0.130448,0.217547,1
0.0140776,0.131153,0.198881,1
0.0262051,0.134731,0.0866009,1
0.0800174,0.121967,0.0787913,1
0.0402039,0.194521,0.0209821,1
0.0768737,0.12312,0.0517304,1
0.0583949,0.139958,0.180668,1
0.0705735,0.216935,0.200636,1
0.0923267,0.176333,0.0954171,1
0.017818,0.131799,0.148618,1
0.101474,0.147425,0.200536,1
0.0908463,0.189349,0.00183656,1
0.0592349,0.154251,0.0134467,1
0.0575612,0.17274,0.196053,1
0.0618673,0.114979,0.201496,1
0.0528552,0.120523,0.0969988,1
0.0652702,0.21885,0.0319328,1
0.00878614,0.216486,0.122414,1
0.0365688,0.170465,0.181647,1
0.0462659,0.132512,0.0306302,1
0.036136,0.150997,0.194695,1
0.089687,0.127422,0.0257309,1
0.0794942,0.186843,0.0736537,1
0.0604144,0.127388,0.108206,1
0.0394972,0.135775,0.038566,1
0.0560607,0.196867,0.101804,1
0.022613,0.203759,0.00667028,1
0.0949928,0.175055,0.150719,1
0.068245,0.173478,0.054756,1
0.0591893,0.186401,0.106525,1
0.00847494,0.182954,0.218053,1
0.0557548,0.195224,0.112686,1
0.0927314,0.172595,0.199147,1
0.0492696,0.132452,0.0841969,1
0.0640094,0.199545,0.0555515,1
0.100383,0.125674,0.0289375,1
0.0287869,0.189999,0.0635628,1
0.00669937,0.181812,0.162289,1
0.0475616,0.174023,0.192279,1
0.0538452,0.115012,0.146595,1
0.0401766,0.171535,0.0564582,1
0.0856297,0.131215,0.0140213,1
0.0473416,0.152061,0.149927,1
0.034809,0.215922,0.113497,1
0.0690341,0.221851,0.111848,1
0.0168553,0.159582,0.180375,1
0.0856465,0.195913,0.0101757,1
0.0784535,0.122603,0.00419995,1
0.0390702,0.138784,0.0323351,1
0.00230853,0.179992,0.0968624,1
0.0198518,0.131022,0.209531,1
0.0699411,0.19394,0.0521668,1
0.014183,0.153872,0.154046,1
0.0855136,0.151573,0.00332842,1
0.064834,0.2132,0.198434,1
0.0721373,0.160966,0.152621,1
0.0272457,0.128537,0.0384446,1
0.0130314,0.149265,0.0371469,1
0.00772924,0.181204,0.0492768,1
0.0281036,0.195718,0.144103,1
0.0845851,0.12672,0.157982,1
0.0363615,0.11641,0.148372,1
0.0857296,0.114231,0.05196,1
0.0372886,0.188317,0.0237477,1
0.0186529,0.203078,0.102771,1
0.0434731,0.109202,0.219718,1
0.0155726,0.165535,0.120427,1
0.0909284,0.109346,0.156904,1
0.00100767,0.138508,0.179272,1
0.0919216,0.20572,0.00239061,1
0.0343756,0.18432,0.1285,1
0.0780821,0.202977,0.111926,1
0.158735,0.126757,0.0983696,2
0.19742,0.172308,0.147709,2
0.184635,0.197171,0.173253,2
0.136886,0.114653,0.0565318,2
0.142268,0.128539,0.145008,2
0.211948,0.145465,0.201653,2
0.153174,0.19993,0.214995,2
0.190713,0.209442,0.0082677,2
0.205669,0.164559,0.208549,2
0.196393,0.220047,3.63262e-05,2
0.222441,0.186859,0.106268,2
0.126066,0.166661,0.152006,2
0.177765,0.149216,0.105352,2
0.17202,0.168589,0.197413,2
0.197767,0.204833,0.0732688,2
0.210195,0.19477,0.0539751,2
0.145233,0.174233,0.0534056,2
0.108896,0.115643,0.176588,2
0.127975,0.190301,0.0224487,2
0.179132,0.183538,0.119115,2
0.173442,0.219958,0.145117,2
0.14727,0.110524,0.117823,2
0.218505,0.165794,0.0550825,2
0.166001,0.167505,0.0206393,2
0.170345,0.155284,0.133073,2
0.157164,0.160212,0.0703791,2
0.116783,0.182773,0.158069,2
0.168606,0.21794,0.179286,2
0.14966,0.224302,0.224919,2
0.223575,0.162889,0.188245,2
0.216547,0.196344,0.152456,2
0.158294,0.144631,0.0777615,2
0.163365,0.192668,0.219075,2
0.21979,0.115643,0.11972,2
0.144188,0.111152,0.191389,2
0.219282,0.125094,0.136091,2
0.171373,0.183916,0.0933203,2
0.116607,0.202833,0.134593,2
0.181331,0.16088,0.113956,2
0.1658,0.1521,0.211735,2
0.21188,0.162932,0.120086,2
0.218634,0.178465,0.203195,2
0.153462,0.153532,0.00892143,2
0.152534,0.126661,0.115394,2
0.217364,0.22112,0.141228,2
0.191196,0.21232,0.0184727,2
0.191318,0.149846,0.0390405,2
0.19117,0.119198,0.11157,2
0.124213,0.171717,0.221797,2
0.124723,0.149752,0.120969,2
0.129967,0.208919,0.0132478,2
0.152282,0.111781,0.0425986,2
0.192251,0.213099,0.152167,2
0.202192,0.109855,0.0398519,2
0.213834,0.142865,0.198128,2
0.222149,0.123717,0.010034,2
0.190186,0.160232,0.129506,2
0.162022,0.136472,0.0894808,2
0.123432,0.144252,0.17134,2
0.130407,0.110692,0.200175,2
0.17698,0.150239,0.203121,2
0.14321,0.141942,0.064575,2
0.194324,0.217,0.0670782,2
0.168882,0.169827,0.0876008,2
0.214492,0.212603,0.139835,2
0.219655,0.120716,0.053789,2
0.189597,0.209025,0.210901,2
0.142083,0.139644,0.058504,2
0.117301,0.115362,0.0879438,2
0.133417,0.184601,0.175592,2
0.109852,0.212593,0.00713499,2
0.200487,0.191235,0.196379,2
0.203677,0.154021,0.0293912,2
0.215091,0.196309,0.0760666,2
0.111197,0.219227,0.0952266,2
0.172881,0.139269,0.187985,2
0.205459,0.144834,0.0532256,2
0.208784,0.153323,0.180364,2
0.145599,0.135633,0.196203,2
0.185865,0.177605,0.154568,2
0.170489,0.171842,0.159256,2
0.104014,0.217858,0.217577,2
0.215062,0.168826,0.024946,2
0.178424,0.116564,0.0873555,2
0.110919,0.1251,0.0648616,2
0.169571,0.218988,0.0726088,2
0.111322,0.150987,0.0148164,2
0.174956,0.170087,0.1519,2
0.151612,0.131788,0.0231095,2
0.122855,0.202414,0.194854,2
0.132735,0.196228,0.0963504,2
0.168916,0.145728,0.120313,2
0.180835,0.212246,0.0600925,2
0.20218,0.182462,0.0103036,2
0.146297,0.182196,0.186854,2
0.204679,0.125242,0.136564,2
0.129984,0.183859,0.132032,2
0.212397,0.160244,0.0948678,2
0.205787,0.180923,0.0919965,2
0.200566,0.215714,0.000187925,2
0.127408,0.157355,0.14246,2
0.148025,0.158925,0.0464168,2
0.190472,0.146514,0.0611195,2
0.156962,0.165314,0.00801977,2
0.215203,0.127628,0.0377423,2
0.161435,0.222253,0.0702983,2
0.167423,0.205559,0.171761,2
0.16201,0.107759,0.194305,2
0.154992,0.216818,0.057416,2
0.132608,0.133616,0.0219527,2
0.197924,0.16864,0.0795575,2
0.216768,0.220589,0.0194699,2
0.184418,0.146181,0.0453723,2
0.206971,0.186486,0.194227,2
0.164131,0.155745,0.0963881,2
0.157002,0.220524,0.0924078,2
0.182084,0.111511,0.131239,2
0.196441,0.171521,0.0181386,2
0.200808,0.180142,0.118308,2
0.185487,0.154642,0.0174669,2
0.186204,0.19884,0.0086507,2
0.113191,0.16001,0.124818,2
0.176178,0.167169,0.13489,2
0.12526,0.13362,0.213553,2
0.153371,0.217723,0.00785757,2
0.14954,0.187545,0.162299,2
0.182946,0.187801,0.0973578,2
0.121403,0.19361,0.0502964,2
0.206892,0.126197,0.0806021,2
0.113675,0.184049,0.123949,2
0.123799,0.189226,0.0776652,2
0.125287,0.113012,0.0981144,2
0.215949,0.11094,0.19317,2
0.119623,0.183903,0.115423,2
0.172934,0.111975,0.148691,2
0.208826,0.110841,0.144068,2
0.106021,0.141751,0.0755796,2
0.106472,0.16489,0.0883941,2
0.132106,0.10855,0.192089,2
0.137353,0.101672,0.127602,3
0.174622,0.0938433,0.0955155,3
0.222196,0.0727971,0.0580589,3
0.159744,0.090519,0.00233123,3
0.164849,0.0219377,0.0771288,3
0.178589,0.00630219,0.0608981,3
0.144312,0.0971126,0.113582,3
0.136691,0.027287,0.18303,3
0.199028,0.0864152,0.219367,3
0.159462,0.0479337,0.149324,3
0.212632,0.0640382,0.0759047,3
0.202382,0.0908448,0.0107676,3
0.18304,0.0573299,0.0467673,3
0.199984,0.00958603,0.0403881,3
0.199163,0.0162013,0.0403711,3
0.204087,0.00827096,0.0330351,3
0.174979,0.0604266,0.00703706,3
0.203452,0.0169662,0.0387912,3
0.202085,0.0106253,0.0409073,3
0.205376,0.0173206,0.0406595,3
0.210677,0.0282772,0.148812,3
0.202553,0.0141309,0.0448438,3
0.204089,0.0078635,0.0409206,3
0.200416,0.00716592,0.00417513,3
0.202564,0.0198983,0.0377014,3
0.143136,0.0643798,0.169365,3
0.160337,0.10363,0.0586425,3
0.200767,0.0113091,0.0419884,3
0.201775,0.0161119,0.0414895,3
0.156511,0.0585234,0.161552,3
0.169495,0.00416232,0.085564,3
0.204748,0.0175724,0.0397733,3
0.217203,0.0417776,0.097453,3
0.194981,0.0361862,0.0641834,3
0.204379,0.0155537,0.0447718,3
0.187323,0.0836361,0.177378,3
0.197843,0.0148222,0.0416235,3
0.185149,0.0941551,0.180736,3
0.157942,0.104342,0.0777602,3
0.206788,0.0118489,0.0389745,3
0.190199,0.0486263,0.10282,3
0.199236,0.0118883,0.0384019,3
0.216002,0.00748916,0.0726913,3
0.200469,0.0185416,0.0481048,3
0.201889,0.0170848,0.0383297,3
0.145175,0.100065,0.0519667,3
0.204083,0.012156,0.0393571,3
0.204787,0.00983482,0.0425145,3
0.204817,0.0133358,0.0389209,3
0.137859,0.00962889,0.202007,3
0.172372,0.0156426,0.12206,3
0.152295,0.00509448,0.180276,3
0.15745,0.0466625,0.124777,3
0.161299,0.00923693,0.00341465,3
0.200448,0.0282436,0.0849964,3
0.168076,0.0259974,0.0938725,3
0.204641,0.0313851,0.214706,3
0.18677,0.0544659,0.134383,3
0.198744,0.0139884,0.0408196,3
0.222691,0.032581,0.0185703,3
0.205759,0.0144269,0.042649,3
0.207287,0.02096,0.0406593,3
0.138021,0.0754751,0.22351,3
0.200037,0.0128878,0.0416009,3
0.197229,0.0838872,0.171149,3
0.19526,0.0803893,0.141919,3
0.205318,0.0108755,0.039304,3
0.173218,0.0465331,0.21808,3
0.223405,0.0853204,0.00432566,3
0.187557,0.0348454,0.00213859,3
0.202604,0.0172349,0.0380677,3
0.200333,0.0166293,0.0441835,3
0.171449,0.01928,0.0440132,3
0.200281,0.0125204,0.0392913,3
0.18203,0.0639994,0.104326,3
0.181137,0.0399839,0.0014711,3
0.182817,0.08088,0.0412477,3
0.194471,0.00462243,0.193824,3
0.207768,0.039505,0.0129416,3
0.189515,0.0506263,0.157288,3
0.202078,0.0191104,0.0386623,3
0.202646,0.0157331,0.0390325,3
0.202949,0.012849,0.040888,3
0.218986,0.103681,0.00562103,3
0.206149,0.0139267,0.0419424,3
0.201543,0.0115364,0.0416601,3
0.158166,0.0614194,0.0578296,3
0.139509,0.0262787,0.00541604,3
0.212531,0.0456281,0.0980375,3
0.203198,0.0128359,0.0399328,3
0.149245,0.0536559,0.0781093,3
0.22428,0.0293373,0.0371186,3
0.134315,0.0818468,0.00902942,3
0.204441,0.0842607,0.209103,3
0.202527,0.0161414,0.0416837,3
0.203983,0.0157194,0.0402798,3
0.201257,0.0138764,0.0410177,3
0.1421,0.10225,0.107992,3
0.160881,0.0293389,0.0947203,3
0.203477,0.0150249,0.0393572,3
0.157738,0.062034,0.215936,3
0.149119,0.0569814,0.0877417,3
0.220841,0.0364263,0.0936552,3
0.21253,0.0681489,0.125296,3
0.198606,0.0145994,0.0338342,3
0.189928,0.0831451,0.0456621,3
0.160875,0.0177621,0.0877334,3
0.135043,0.0391942,0.0363928,3
