x coord,y coord,z coord,rank
0.152358,0.103373,0.0951778,0
0.166878,0.12101,0.0195033,0
0.148954,0.0707728,0.0547783,0
0.16841,0.148963,0.00221968,0
0.206059,0.188403,0.00931982,0
0.223957,0.178773,0.0426226,0
0.197711,0.0409587,0.0305241,0
0.222565,0.0777501,0.0177938,0
0.203703,0.220039,0.0326037,0
0.154536,0.206362,0.0054594,0
0.174082,0.00831474,0.000717724,0
0.197916,0.114295,0.0653708,0
0.144247,0.0520991,0.0715511,0
0.186117,0.160838,0.0502043,0
0.161748,0.139892,0.0716884,0
0.162017,0.175157,0.0222674,0
0.164044,0.00406791,0.0839457,0
0.193755,0.201244,0.0847036,0
0.170245,0.0760734,0.0689189,0
0.163412,0.0856322,0.0540226,0
0.19898,0.0122106,0.0791886,0
0.204771,0.0114396,0.045274,0
0.186952,0.00565421,0.0275222,0
0.223365,0.202611,0.0289494,0
0.21279,0.209302,0.0410012,0
0.21511,0.0136079,0.0415682,0
0.183568,0.00362796,0.0995677,0
0.209274,0.0117203,0.0411195,0
0.212173,0.0127692,0.0468312,0
0.214808,0.0212412,0.0928589,0
0.209672,0.0165305,0.0403464,0
0.177264,0.012548,0.00681996,0
0.14811,0.0401185,0.0869686,0
0.148053,0.0663807,0.098478,0
0.142381,0.211335,0.0386649,0
0.218014,0.222302,0.0299068,0
0.156915,0.0586651,0.0951905,0
0.20921,0.0154782,0.0459028,0
0.151422,0.0630924,0.0567692,0
0.197005,0.144479,0.100023,0
0.156554,0.0599199,0.00652764,0
0.209519,0.0129803,0.045247,0
0.17457,0.0297994,0.0499836,0
0.198848,0.135405,0.00249665,0
0.207113,0.0138993,0.0425904,0
0.210734,0.0152393,0.0471643,0
0.209976,0.0175324,0.0450472,0
0.169286,0.0120846,0.0128935,0
0.209944,0.0351342,0.0439765,0
0.164083,0.0415544,0.00554972,0
0.185652,0.064299,0.100857,0
0.213399,0.0154224,0.0419818,0
0.173574,0.195739,0.0120567,0
0.171717,0.201973,0.0688632,0
0.207423,0.0149589,0.0487718,0
0.209472,0.0173815,0.0429756,0
0.185034,0.0422634,0.0161728,0
0.168003,0.143274,0.0908462,0
0.183593,0.0716055,0.10496,0
0.212722,0.0143214,0.0414099,0
0.207921,0.0136648,0.0417335,0
0.205602,0.00974103,0.0446056,0
0.162036,0.0710326,0.0893948,0
0.211481,0.0129001,0.0436766,0
0.179779,0.186997,0.030195,0
0.213473,0.012955,0.0435473,0
0.176729,0.00121824,0.0490245,0
0.217752,0.146457,0.0927224,0
0.196276,0.152232,0.0980565,0
0.212867,0.0497692,0.0191229,0
0.212813,0.0146572,0.0457675,0
0.205862,0.0180088,0.0425981,0
0.2035,0.0164593,0.043778,0
0.205565,0.0146129,0.0405112,0
0.198427,0.0713511,0.01532,0
0.206157,0.0136866,0.0405535,0
0.182156,0.150721,0.00708419,0
0.212431,0.0101274,0.0431385,0
0.206304,0.0157568,0.043095,0
0.187179,0.199139,0.0830659,0
0.211101,0.0105836,0.0478634,0
0.20206,0.129703,0.0762025,0
0.162125,0.0566312,0.0772902,0
0.179401,0.172154,0.000695953,0
0.211316,0.0157669,0.0436942,0
0.216336,0.0871245,0.0281861,0
0.16687,0.00878614,0.0598236,0
0.212482,0.0714397,0.0991073,0
0.209456,0.0153939,0.0464671,0
0.210577,0.0111685,0.0466079,0
0.209065,0.00928126,0.0433839,0
0.223433,0.193473,0.0493762,0
0.143886,0.0327853,0.0126001,0
0.218424,0.0324051,0.0279451,0
0.207181,0.0122686,0.0457573,0
0.208235,0.0145932,0.0463838,0
0.202246,0.0702207,0.0760803,0
0.164512,0.171595,0.0876644,0
0.215081,0.117754,0.0615348,0
0.213261,0.0158761,0.0471069,0
0.215465,0.121181,0.0466213,0
0.211532,0.0121306,0.0446292,0
0.208778,0.0182148,0.0419305,0
0.213577,0.0110513,0.0486511,0
0.211905,0.0094547,0.0498539,0
0.208235,0.0171132,0.0448422,0
0.210762,0.0166278,0.046285,0
0.217941,0.092721,0.0242933,0
0.217,0.148475,0.0473612,0
0.158894,0.161832,0.0823313,0
0.153189,0.164849,0.0582758,0
0.209651,0.115813,0.102106,0
0.163828,0.215743,0.0725223,0
0.147619,0.0606191,0.00681468,0
0.20985,0.123678,0.0787034,0
0.19317,0.060271,0.0988194,0
0.184672,0.136519,0.0509236,0
0.222216,0.0327543,0.0817597,0
0.166031,0.109322,0.0164331,0
0.157928,0.0568849,0.102219,0
0.224224,0.0441198,0.0212771,0
0.152863,0.0384365,0.0311364,0
0.160422,0.00969157,0.103179,0
0.224407,0.0834519,0.0497561,0
0.142925,0.0265418,0.0125115,0
0.162153,0.142696,0.211006,1
0.125639,0.124976,0.155431,1
0.132575,0.0207948,0.147853,1
0.209922,0.106764,0.190666,1
0.132114,0.0588978,0.143054,1
0.121335,0.0560923,0.206753,1
0.122487,0.0191906,0.179748,1
0.116875,0.186077,0.14838,1
0.144291,0.0331987,0.150172,1
0.152297,0.1187,0.152339,1
0.177622,0.10482,0.115613,1
0.187022,0.211751,0.137468,1
0.129702,0.0780622,0.152768,1
0.12454,0.0581041,0.204276,1
0.119823,0.0225471,0.112089,1
0.116259,0.139903,0.173396,1
0.123461,0.140344,0.144554,1
0.169339,0.173857,0.17007,1
0.147075,0.0292308,0.122328,1
0.117414,0.0110507,0.158549,1
0.203384,0.130826,0.168126,1
0.127429,0.0833013,0.168603,1
0.13482,0.180476,0.189001,1
0.150151,0.197885,0.14851,1
0.147885,0.0619509,0.141214,1
0.193024,0.0944942,0.181069,1
0.155972,0.19547,0.186064,1
0.224539,0.148788,0.187263,1
0.212662,0.0132368,0.177438,1
0.202762,0.222379,0.155257,1
0.154722,0.189048,0.204167,1
0.18164,0.0649741,0.149763,1
0.207126,0.138152,0.169181,1
0.145842,0.080068,0.18146,1
0.218037,0.112523,0.223949,1
0.222732,0.00832567,0.208754,1
0.209226,0.0457684,0.181602,1
0.182707,0.0465479,0.192285,1
0.157071,0.220308,0.163191,1
0.224586,0.0475878,0.138178,1
0.187883,0.21153,0.223173,1
0.171518,0.0299724,0.146668,1
0.154093,0.0526719,0.166716,1
0.211746,0.0244976,0.123542,1
0.18854,0.200272,0.205593,1
0.15966,0.0370118,0.114693,1
0.152799,0.146105,0.193877,1
0.136087,0.104259,0.133917,1
0.14562,0.122501,0.177816,1
0.195984,0.0817009,0.172499,1
0.124728,0.132636,0.219497,1
0.194466,0.110336,0.136193,1
0.150553,0.052673,0.199558,1
0.11684,0.152182,0.199048,1
0.150698,0.121114,0.11961,1
0.209891,0.154197,0.111601,1
0.222541,0.16211,0.151713,1
0.172493,0.0825931,0.190775,1
0.176627,0.0752723,0.194309,1
0.159943,0.0556132,0.166076,1
0.190854,0.175787,0.167106,1
0.151178,0.142481,0.143555,1
0.158636,0.0835522,0.139043,1
0.197047,0.0466114,0.184016,1
0.145158,0.0324927,0.213788,1
0.162907,0.0954674,0.14234,1
0.170255,0.18236,0.169276,1
0.205901,0.161702,0.167873,1
0.170863,0.115335,0.184008,1
0.142013,0.0349097,0.11749,1
0.18151,0.14199,0.184641,1
0.120885,0.109929,0.181148,1
0.166668,0.181915,0.172124,1
0.16001,0.163907,0.13325,1
0.14745,0.160987,0.142116,1
0.194306,0.0920934,0.188745,1
0.215139,0.0103148,0.178779,1
0.194041,0.0777692,0.179043,1
0.125256,0.116043,0.134699,1
0.151165,0.203889,0.146858,1
0.125781,0.159538,0.117773,1
0.211925,0.0508225,0.151497,1
0.134565,0.162586,0.121475,1
0.219861,0.222536,0.162338,1
0.119309,0.220046,0.147754,1
0.126076,0.195088,0.122912,1
0.176888,0.201028,0.155428,1
0.169584,0.214532,0.154441,1
0.164262,0.00192692,0.162339,1
0.167454,0.00927853,0.180721,1
0.142872,0.0113943,0.186201,1
0.130381,0.153531,0.162643,1
0.204631,0.0236271,0.216882,1
0.165855,0.0786587,0.214479,1
0.197143,0.038484,0.161627,1
0.210207,0.0138124,0.177716,1
0.160518,0.206384,0.212399,1
0.157329,0.00119128,0.154398,1
0.169079,0.159411,0.161794,1
0.150884,0.0775204,0.191224,1
0.18016,0.157961,0.144816,1
0.136443,0.153543,0.204714,1
0.170702,0.0449681,0.167503,1
0.160782,0.0141738,0.189456,1
0.223471,0.180607,0.160496,1
0.141169,0.158336,0.205168,1
0.14208,0.0353581,0.154857,1
0.138677,0.204872,0.146868,1
0.177894,0.0332415,0.224292,1
0.1727,0.204587,0.134831,1
0.215451,0.025566,0.191491,1
0.216138,0.165877,0.110513,1
0.196628,0.158877,0.130147,1
0.127456,0.146711,0.201898,1
0.176912,0.158157,0.199177,1
0.218608,0.0360966,0.143783,1
0.176059,0.19207,0.216433,1
0.164995,0.126133,0.132273,1
0.139702,0.147692,0.21591,1
0.154986,0.21968,0.196303,1
0.222618,0.180603,0.153219,1
0.161884,0.144427,0.179505,1
0.118896,0.218385,0.197011,1
0.202813,0.153944,0.217352,1
0.209285,0.123312,0.148008,1
0.208592,0.102834,0.111541,1
0.140197,0.107902,0.11089,1
0.117406,0.217404,0.143402,1
0.022433,0.139576,0.121987,2
0.092861,0.078125,0.14572,2
0.0905979,0.151294,0.155367,2
0.109153,0.12431,0.124175,2
0.0980243,0.157438,0.186447,2
0.0752829,0.138141,0.190822,2
0.0880805,0.126823,0.112142,2
0.0790971,0.142866,0.183172,2
0.000325862,0.123549,0.125977,2
0.072218,0.0829311,0.174559,2
0.0982756,0.204472,0.148852,2
0.0683622,0.171152,0.201869,2
0.0603615,0.0319809,0.114926,2
0.0167983,0.0543863,0.205081,2
0.0573931,0.192947,0.161634,2
0.0123391,0.213942,0.183084,2
0.0943748,0.130685,0.172386,2
0.098354,0.179768,0.211251,2
0.0158536,0.0636759,0.157796,2
0.0933059,0.125922,0.161439,2
0.0967077,0.00298634,0.121577,2
0.101128,0.0271324,0.175305,2
0.0151955,0.213849,0.212465,2
0.00420061,0.0419685,0.145113,2
0.05818,0.126225,0.168625,2
0.0645396,0.00791738,0.205232,2
0.0954721,0.0958599,0.118764,2
0.0113867,0.125418,0.1498,2
0.0214594,0.162182,0.16496,2
0.0675821,0.0130891,0.133715,2
0.0328956,0.127832,0.21435,2
0.0534597,0.0233755,0.120254,2
0.0573101,0.221248,0.163217,2
0.0333942,0.0782282,0.176002,2
0.0017525,0.0693301,0.181245,2
0.0182869,0.19402,0.113722,2
0.0507366,0.0520724,0.173639,2
0.0481616,0.213917,0.172572,2
0.103304,0.19975,0.210943,2
0.0987887,0.121981,0.151071,2
0.106819,0.107044,0.198152,2
0.0761334,0.202143,0.168466,2
0.100553,0.168271,0.183859,2
0.0893591,0.0259547,0.224508,2
0.0543735,0.20396,0.129778,2
0.0925832,0.160442,0.159003,2
0.078422,0.150409,0.214212,2
0.0068541,0.223418,0.13925,2
0.0835287,0.0910233,0.12057,2
0.100569,0.123964,0.119296,2
0.0984844,0.187857,0.177962,2
0.0823024,0.00478473,0.136941,2
0.0389882,0.15618,0.170879,2
0.0142951,0.110081,0.131506,2
0.0918783,0.051951,0.109829,2
0.114608,0.0507487,0.214385,2
0.0207962,0.0102246,0.147816,2
0.09194,0.216802,0.153159,2
0.104519,0.102672,0.155513,2
0.0852958,0.0766246,0.198834,2
0.0559978,0.0107641,0.224723,2
0.049232,0.150656,0.182311,2
0.0578186,0.189269,0.111769,2
0.0420974,0.205106,0.139011,2
0.0148913,0.193345,0.190245,2
0.108971,0.00767269,0.218706,2
0.0519514,0.07619,0.201232,2
0.03007,0.185387,0.145119,2
0.0330356,0.00909846,0.174087,2
0.0937015,0.00485468,0.210947,2
0.0599312,0.0817445,0.212634,2
0.0498202,0.0573534,0.119997,2
0.0923471,0.103195,0.194567,2
0.0214178,0.196168,0.132083,2
0.029922,0.0669932,0.191893,2
0.111858,0.094861,0.218799,2
0.0433711,0.127077,0.152799,2
0.0580474,0.0103838,0.124867,2
0.0172809,0.0960619,0.161621,2
0.0058103,0.0252,0.165214,2
0.0742352,0.062271,0.149842,2
0.0259038,0.146064,0.202734,2
0.0329267,0.0586729,0.182333,2
0.0296242,0.0300359,0.152772,2
0.0625678,0.214296,0.123871,2
0.0306123,0.0482417,0.112182,2
0.0738784,0.147857,0.199755,2
0.0644363,0.096154,0.208182,2
5.42739e-05,0.0352696,0.182896,2
0.0277696,0.0863937,0.143876,2
0.0368949,0.142545,0.133285,2
0.0269449,0.163145,0.222183,2
0.00603261,0.0423931,0.164634,2
0.00210315,0.145348,0.138844,2
0.00798401,0.0697418,0.144222,2
0.0383136,0.123279,0.212039,2
0.0090895,0.112322,0.220786,2
0.0539835,0.151798,0.122637,2
0.0390182,0.0611524,0.125014,2
0.0673163,0.121659,0.174375,2
0.0890469,0.0523326,0.164837,2
0.0705089,0.213564,0.18551,2
0.0988832,0.171621,0.214527,2
0.0354873,0.0907038,0.183462,2
0.0592511,0.124687,0.174759,2
0.105822,0.200699,0.208799,2
0.0664104,0.0714863,0.211888,2
0.0872177,0.090429,0.194298,2
0.097315,0.0446586,0.15734,2
0.113973,0.0347287,0.178466,2
0.101229,0.00315613,0.179996,2
0.0783863,0.0251838,0.149789,2
0.110697,0.0223676,0.21054,2
0.0195167,0.0859892,0.187703,2
0.00291834,0.0996903,0.17236,2
0.0691157,0.139128,0.130774,2
0.0378209,0.184956,0.21455,2
0.00779616,0.148499,0.223488,2
0.0155375,0.208911,0.153745,2
0.111698,0.198487,0.114252,2
0.0969043,0.0498574,0.151513,2
0.045506,0.0652625,0.0504741,3
0.0779145,0.187408,0.0533326,3
0.0115024,0.0791116,0.0276844,3
0.0406423,0.166378,0.00724272,3
0.0827639,0.100656,0.0543822,3
0.0429041,0.200907,0.0700643,3
0.104946,0.171131,0.0845105,3
0.0773381,0.052404,0.0606077,3
0.0279926,0.0851027,0.0550989,3
0.0681702,0.103662,0.0685909,3
0.00142278,0.221013,0.0708419,3
0.0507578,0.0428127,0.0828393,3
0.0890492,0.12287,0.00739525,3
0.0927146,0.111413,0.0145819,3
0.0532562,0.163294,0.00450006,3
0.0645445,0.110494,0.0568673,3
0.0542143,0.148872,0.0413241,3
0.0605272,0.179561,0.0126756,3
0.118638,0.0521469,0.0391332,3
0.0447291,0.118135,0.0405631,3
0.00768365,0.116184,0.0304159,3
0.0148941,0.139734,0.00237515,3
0.00367214,0.0336266,0.0826593,3
0.0742823,0.131599,0.0813637,3
0.0250368,0.0467873,0.0909973,3
0.0169928,0.139329,0.00310538,3
0.0531217,0.139628,0.0770882,3
0.024808,0.102476,0.0175965,3
0.0731814,0.122613,0.0898579,3
0.108432,0.0395575,0.0132968,3
0.00938908,0.209889,0.0165704,3
0.0751239,0.00600615,0.0342637,3
0.12647,0.0907095,0.0427372,3
0.0923904,0.181159,0.043469,3
0.0369161,0.157919,0.0866059,3
0.0533633,0.109052,0.0837451,3
0.056047,0.093726,0.0148522,3
0.0353611,0.0743558,0.041602,3
0.102767,0.181631,0.089124,3
0.0367148,0.081999,0.0182703,3
0.102097,0.0574242,0.084023,3
0.0858866,0.00210987,0.0648205,3
0.14108,0.101861,0.0576441,3
0.0419771,0.141298,0.0519281,3
0.0143039,0.121668,0.032327,3
0.0784072,0.197657,0.033262,3
0.126455,0.0303079,0.0280234,3
0.0205881,0.216086,0.0481652,3
0.0536867,0.218183,0.028968,3
0.0302329,0.0877252,0.0534935,3
0.133664,0.035084,0.0751575,3
0.108065,0.201877,0.0698772,3
0.020151,0.0471391,0.0552147,3
0.112261,0.114547,0.0865415,3
0.00610248,0.0936772,0.100726,3
0.0267425,0.16556,0.0396821,3
0.0110365,0.0202701,0.00189498,3
0.0461493,0.176464,0.085509,3
0.000982123,0.167462,0.0843781,3
0.0308802,0.121897,0.059763,3
0.0706496,0.1724,0.0230666,3
0.0608792,0.166766,0.0662899,3
0.0496391,0.0673508,0.0021738,3
0.0673309,0.0099527,0.108846,3
0.107285,0.0503515,0.0566607,3
0.0107979,0.0933068,0.0480682,3
0.0102878,0.120891,0.0725975,3
0.0919131,0.0467855,0.0794235,3
0.0283667,0.204209,0.0460387,3
0.0710473,0.203183,0.0641712,3
0.0371862,0.110519,0.0752946,3
0.0845519,0.212593,0.100542,3
0.0613722,0.114478,0.000659471,3
0.0211241,0.213731,0.108696,3
0.089589,0.209355,0.023449,3
0.126202,0.0408974,0.0459188,3
0.00290246,0.131588,0.0561262,3
0.0594542,0.0642645,0.00105957,3
0.0180629,0.185255,0.0264634,3
0.107008,0.100545,0.0573641,3
0.112122,0.0948498,0.0114044,3
0.02159,0.0598048,0.0859155,3
0.103721,0.149949,9.12742e-05,3
0.0390729,0.0395148,0.0321965,3
0.0103352,0.119644,0.0348004,3
0.000146875,0.2065,0.0722153,3
0.112013,0.127865,0.0775177,3
0.0800001,0.0221068,0.0932871,3
0.0478531,0.117414,0.0904122,3
0.0346461,0.149665,0.0996315,3
0.0487924,0.037448,0.0507923,3
0.0822917,0.0604231,0.0113284,3
0.139037,0.122418,0.0708586,3
0.126987,0.162228,0.052276,3
0.00997794,0.00214295,0.0318359,3
0.135292,0.140931,0.029504,3
0.124736,0.116351,0.0584528,3
0.109145,0.0679874,0.0926866,3
0.127265,0.134135,0.0578784,3
0.107788,0.210634,0.0867911,3
0.0547114,0.0225171,0.0195965,3
0.0372345,0.0841823,0.103387,3
0.139792,0.203181,0.0364216,3
0.112663,0.00980716,0.0622893,3
0.120065,0.113415,0.0554152,3
0.069215,0.042972,0.0267697,3
0.047516,0.0191967,0.0159769,3
0.0693389,0.0663885,0.0785151,3
0.0941705,0.14528,0.104941,3
0.0131541,0.07877,0.0547949,3
0.118491,0.222609,0.0186391,3
0.129858,0.17395,0.06221,3
0.122484,0.0788277,0.0920474,3
0.10002,0.0266846,0.00816726,3
0.12455,0.165643,0.0697129,3
0.126997,0.188714,0.104159,3
0.106924,0.0497626,0.0409363,3
0.0234539,0.0451909,0.081021,3
0.0768482,0.080141,0.0821365,3
0.132688,0.0998423,0.0329543,3
0.130239,0.123265,0.0978521,3
0.108673,0.221313,0.052102,3
0.136013,0.0818481,0.0395696,3
0.137718,0.0335545,0.0220037,3
0.124235,0.137303,0.107853,3
0.0307784,0.0439025,0.108948,3
