x coord,y coord,z coord,rank
0.093518,0.145748,0.220804,0
0.0774749,0.123157,0.214209,0
0.050633,0.217214,0.210776,0
0.0736244,0.210934,0.185825,0
0.042244,0.105828,0.177556,0
0.117938,0.178775,0.13122,0
0.0929691,0.104693,0.119577,0
0.0260365,0.201184,0.16863,0
0.0624117,0.180179,0.15304,0
0.121572,0.192633,0.197497,0
0.162666,0.13887,0.220962,0
0.0680744,0.203222,0.166704,0
0.000549697,0.125177,0.115262,0
0.0588397,0.105086,0.207855,0
0.125081,0.108167,0.158247,0
0.0333662,0.179478,0.211084,0
0.133682,0.113376,0.160019,0
0.0659422,0.194658,0.193148,0
0.16909,0.142814,0.189842,0
0.170375,0.199344,0.20267,0
0.0304397,0.121569,0.124483,0
0.215461,0.13619,0.130836,0
0.0833841,0.138258,0.208362,0
0.0314982,0.107969,0.218973,0
0.0600126,0.221732,0.1709,0
0.119438,0.151538,0.165576,0
0.153853,0.146018,0.154364,0
0.202405,0.196394,0.127909,0
0.186992,0.171094,0.167666,0
0.172257,0.132609,0.119501,0
0.0820215,0.115489,0.141971,0
0.0547773,0.146695,0.116597,0
0.199358,0.125818,0.195984,0
0.146453,0.204976,0.150281,0
0.183811,0.164597,0.216788,0
0.127975,0.159747,0.151391,0
0.0553363,0.197219,0.117361,0
0.209176,0.213936,0.164,0
0.195944,0.186205,0.13357,0
0.18309,0.165589,0.17075,0
0.15831,0.201697,0.127168,0
0.0544741,0.102976,0.195576,0
0.121928,0.161685,0.157505,0
0.0234981,0.119737,0.172422,0
0.011627,0.114632,0.175867,0
0.13604,0.145395,0.122697,0
0.167493,0.18862,0.161066,0
0.200435,0.182163,0.199186,0
0.114961,0.144406,0.181634,0
0.0265968,0.18044,0.164916,0
0.190348,0.118948,0.169656,0
0.147482,0.209978,0.146069,0
0.04099,0.124969,0.162885,0
0.0582418,0.16249,0.181988,0
0.0055931,0.200247,0.112978,0
0.0968346,0.172726,0.192289,0
0.0643014,0.105186,0.135983,0
0.0593278,0.165599,0.196679,0
0.0454631,0.111892,0.19103,0
0.092558,0.18126,0.180227,0
0.0583046,0.219244,0.176612,0
0.146653,0.120656,0.141811,0
0.165369,0.162485,0.184221,0
0.116051,0.147411,0.168765,0
0.0802365,0.113557,0.117827,0
0.144719,0.214053,0.190915,0
0.213252,0.155669,0.154785,0
0.0990238,0.127547,0.152098,0
0.0688033,0.163273,0.152433,0
0.0629827,0.128546,0.208507,0
0.22345,0.136387,0.1744,0
0.1064,0.212438,0.116328,0
0.118197,0.174132,0.223008,0
0.189423,0.138413,0.214042,0
0.0707839,0.122055,0.184105,0
0.149505,0.137194,0.145745,0
0.147464,0.18866,0.188514,0
0.0106573,0.102328,0.141117,0
0.111822,0.157157,0.171808,0
0.114797,0.115294,0.222886,0
0.0381601,0.134262,0.126465,0
0.203867,0.196496,0.123343,0
0.0153578,0.128145,0.154026,0
0.0671052,0.221045,0.163892,0
0.0117679,0.169075,0.167157,0
0.153798,0.158441,0.204443,0
0.0263492,0.167213,0.157768,0
0.115242,0.122564,0.163621,0
0.149852,0.139699,0.203269,0
0.159657,0.160048,0.217624,0
0.0716482,0.196227,0.173217,0
0.0460007,0.181002,0.178891,0
0.102767,0.210444,0.127576,0
0.0546951,0.117392,0.172495,0
0.213221,0.185853,0.113363,0
0.00495589,0.173809,0.163013,0
0.148441,0.110981,0.2238,0
0.0439292,0.182185,0.1678,0
0.0200857,0.121409,0.147836,0
0.114904,0.168745,0.151263,0
0.136019,0.106242,0.16164,0
0.108961,0.185494,0.173578,0
0.0933393,0.220992,0.131472,0
0.111164,0.143591,0.123944,0
0.125088,0.139062,0.114353,0
0.110239,0.133516,0.12005,0
0.0616062,0.199271,0.142758,0
0.0847646,0.157201,0.203287,0
0.0523675,0.172566,0.12031,0
0.158801,0.163612,0.139517,0
0.105373,0.182582,0.164053,0
0.0351684,0.212911,0.193689,0
0.0744679,0.190273,0.124744,0
0.0693802,0.21303,0.183474,0
0.157938,0.206352,0.20027,0
0.158233,0.180443,0.197587,0
0.183442,0.127828,0.125807,0
0.119948,0.149062,0.14116,0
0.0584505,0.188857,0.133341,0
0.116763,0.111162,0.134768,0
0.196723,0.211354,0.174419,0
0.00188886,0.10234,0.143493,0
0.0456393,0.103735,0.149755,0
0.140704,0.187231,0.042665,1
0.13447,0.108635,0.0738577,1
0.186663,0.116646,0.0727824,1
0.158131,0.145314,0.0274805,1
0.124765,0.121099,0.0893417,1
0.12229,0.199501,0.0858923,1
0.219026,0.125836,0.0436315,1
0.098482,0.194758,0.0238738,1
0.204517,0.20457,0.0349085,1
0.111138,0.130728,0.0950359,1
0.189653,0.129418,0.0623496,1
0.171354,0.166591,0.000600417,1
0.141221,0.191288,0.0618692,1
0.162861,0.13495,0.0303369,1
0.0729456,0.200262,0.0785277,1
0.166863,0.170933,0.0586557,1
0.133823,0.222445,0.0930641,1
0.188673,0.171121,0.0182444,1
0.217824,0.166166,0.0988145,1
0.123996,0.102885,0.0227917,1
0.048187,0.156836,0.0550989,1
0.203058,0.10132,0.0211463,1
0.145568,0.168993,0.0818866,1
0.18001,0.108261,0.039274,1
0.208583,0.163597,0.093165,1
0.00686852,0.14889,0.0325336,1
0.061918,0.166794,0.0803469,1
0.12953,0.150137,0.108717,1
0.169655,0.178699,0.0191416,1
0.0490765,0.217171,0.00739908,1
0.169574,0.102757,0.0413652,1
0.0954475,0.139385,0.0542032,1
0.0745346,0.148072,0.0624215,1
0.190969,0.212996,0.102474,1
0.210047,0.185684,0.010058,1
0.158575,0.20515,0.0267521,1
0.0712737,0.185235,0.00731524,1
0.188538,0.111873,0.0786353,1
0.0040611,0.119984,0.0548025,1
0.103757,0.130118,0.0736915,1
0.177797,0.157018,0.0389596,1
0.0316256,0.16379,0.0722608,1
0.189117,0.159676,0.0919989,1
0.154562,0.152213,0.0440764,1
0.0184356,0.143053,0.0115331,1
0.151023,0.174534,0.0490218,1
0.179426,0.14924,0.00949674,1
0.0357746,0.118772,0.0474142,1
0.108867,0.140733,0.0951885,1
0.1905,0.158785,0.0908038,1
0.154614,0.167098,0.0807348,1
0.000816718,0.217812,0.098901,1
0.0295856,0.112267,0.0194007,1
0.18297,0.21701,0.0105495,1
0.139132,0.221018,0.0302542,1
0.178236,0.215504,0.00242131,1
0.105714,0.161149,0.0521253,1
0.0982385,0.130107,0.0322194,1
0.148528,0.212372,0.063338,1
0.168017,0.131603,0.0350127,1
0.159135,0.141921,0.0635609,1
0.045884,0.137298,0.0902045,1
0.0383536,0.174015,0.102087,1
0.0549934,0.177442,0.0915066,1
0.121463,0.109166,0.0225855,1
0.161702,0.190285,0.0671884,1
0.0121934,0.128881,0.018255,1
0.14552,0.123447,0.00243142,1
0.0211335,0.159466,0.0521324,1
0.170131,0.188314,0.0592822,1
0.213801,0.156459,0.0639854,1
0.0564194,0.166333,0.0452977,1
0.193099,0.195142,0.0255981,1
0.0951719,0.115822,0.102845,1
0.107479,0.1953,0.0194538,1
0.169693,0.180266,0.0853705,1
0.138855,0.142334,0.0727529,1
0.102498,0.185592,0.00855059,1
0.202699,0.197974,0.100079,1
0.0658403,0.201357,0.0583901,1
0.194127,0.116319,0.0420734,1
0.144793,0.162851,0.0217078,1
0.15303,0.160452,0.0779767,1
0.187478,0.221574,0.0990022,1
0.0367186,0.122633,0.0542342,1
0.0776732,0.168342,0.0469289,1
0.215392,0.186853,0.103783,1
0.104474,0.137193,0.0398351,1
0.0429618,0.217414,0.0228168,1
0.114054,0.194363,0.0950226,1
0.119961,0.195381,0.000105409,1
0.132561,0.177589,0.00508642,1
0.13402,0.119603,0.0994228,1
0.030547,0.139301,0.014722,1
0.0558744,0.202543,0.0191968,1
0.00785151,0.152091,0.0282792,1
0.0976264,0.128695,0.0347438,1
0.123864,0.207283,0.104476,1
0.104975,0.179323,0.0850368,1
0.156994,0.134823,0.109623,1
0.112908,0.116271,0.0530575,1
0.175614,0.108997,0.0380477,1
0.117494,0.120619,0.0824442,1
0.0980749,0.135408,0.0449612,1
0.0498823,0.148813,0.00555481,1
0.0136349,0.172388,0.0117968,1
0.137185,0.166862,0.0295568,1
0.0994905,0.152094,0.0144352,1
0.0487259,0.168837,0.0510171,1
0.0955309,0.165389,0.0524541,1
0.116578,0.131574,0.0445469,1
0.0937003,0.165484,0.0479118,1
0.11126,0.221652,0.101841,1
0.0584139,0.168632,0.100341,1
0.0129022,0.134832,0.0352137,1
0.0325686,0.153047,0.0709369,1
0.120008,0.145714,0.079003,1
0.0563251,0.134179,0.0156644,1
0.118786,0.127959,0.0484276,1
0.0234618,0.133206,0.0791988,1
0.0789145,0.146558,0.105501,1
0.135028,0.124735,0.0998328,1
0.110772,0.167372,0.101206,1
0.107609,0.144189,0.108489,1
0.00489102,0.125786,0.108306,1
0.102657,0.101299,0.102318,1
0.139106,0.0445172,0.209437,2
0.175789,0.0679034,0.192831,2
0.128279,0.0248313,0.119115,2
0.112537,0.0471817,0.140338,2
0.127458,0.0788105,0.187618,2
0.204914,0.0549899,0.0997211,2
0.0663116,0.0960269,0.195567,2
0.13119,0.0630516,0.110918,2
0.109709,0.0359844,0.222384,2
0.126546,0.0862624,0.115178,2
0.0258077,0.0980297,0.183821,2
0.118764,0.0971556,0.157781,2
0.117151,0.0101922,0.109398,2
0.0605776,0.0732576,0.164731,2
0.106627,0.00231619,0.221559,2
0.133819,0.043725,0.21941,2
0.195046,0.0234753,0.107654,2
0.136828,0.0706935,0.175578,2
0.124985,0.00811786,0.212572,2
0.103214,0.0965963,0.140282,2
0.157721,0.0291689,0.173866,2
0.135183,0.02142,0.14312,2
0.128705,0.00447915,0.191494,2
0.11959,0.0107937,0.111623,2
0.224722,0.0268679,0.131998,2
0.143561,0.0970631,0.160846,2
0.120464,0.00158011,0.118014,2
0.185659,0.0516888,0.133865,2
0.168865,0.0797901,0.179671,2
0.0421154,0.045681,0.111334,2
0.0828044,0.0515628,0.199205,2
0.103776,0.0494621,0.195716,2
0.00828656,0.0413138,0.141795,2
0.0548096,0.0756406,0.104018,2
0.0140105,0.0646821,0.122902,2
0.0690644,0.0497662,0.157714,2
0.215426,0.0721606,0.204592,2
0.215116,0.00867067,0.195042,2
0.00881784,0.0590317,0.18394,2
0.011092,0.00838033,0.162739,2
0.101005,0.0843438,0.0997396,2
0.163061,0.0832225,0.114508,2
0.145642,0.0168992,0.182081,2
0.153251,0.00507115,0.165164,2
0.0201363,0.0593381,0.0999336,2
0.00772568,0.0374175,0.212732,2
0.209383,0.0209069,0.137372,2
0.0694454,0.092706,0.156651,2
0.0526211,0.0902054,0.181217,2
0.0685973,0.0186112,0.154313,2
0.196777,0.0720393,0.212947,2
0.0278103,0.0829244,0.141327,2
0.0373755,0.0815254,0.157824,2
0.170693,0.0767131,0.19958,2
0.0172947,0.0165549,0.172954,2
0.160526,0.0163616,0.215199,2
0.0436904,0.0309544,0.206209,2
0.0919545,0.0911729,0.1481,2
0.0878662,0.0648743,0.13864,2
0.172726,0.0329358,0.192403,2
0.0570481,0.0848975,0.166815,2
0.0569924,0.0286614,0.177436,2
0.0576878,0.00143417,0.147442,2
0.0117804,0.0394336,0.182456,2
0.131858,0.0442047,0.0992294,2
0.157348,0.0722584,0.224914,2
0.0389232,0.0200651,0.169026,2
0.0762588,0.0387938,0.221421,2
0.209045,0.0934855,0.215129,2
0.221199,0.0807582,0.224793,2
0.161611,0.0453619,0.194338,2
0.224678,0.0305181,0.158533,2
0.143379,0.00489502,0.11966,2
0.180267,0.0955591,0.128821,2
0.153499,0.0948795,0.150026,2
0.165825,0.0167229,0.135609,2
0.22085,0.00894362,0.171036,2
0.163768,0.017996,0.109723,2
0.175832,0.0949272,0.148105,2
0.0199693,0.0805703,0.119533,2
0.10086,0.0296555,0.141223,2
0.00345016,0.0231788,0.153156,2
0.17627,0.0244805,0.156023,2
0.153607,0.100907,0.194316,2
0.0719654,0.0934254,0.135766,2
0.177012,0.0424602,0.0999959,2
0.00695964,0.0285573,0.157971,2
0.174515,0.0850679,0.101831,2
0.0685699,0.0379556,0.12103,2
0.173552,0.0849715,0.18325,2
0.132483,0.0480334,0.126621,2
0.177823,0.0865881,0.119432,2
0.176717,0.0750396,0.202397,2
0.164911,0.0488298,0.221053,2
0.175267,0.0528593,0.145086,2
0.176971,0.0375808,0.161434,2
0.211631,0.0557102,0.184813,2
0.179295,0.0226377,0.164362,2
0.0121261,0.00946174,0.200089,2
0.190213,0.0700191,0.184161,2
0.0227842,0.0227912,0.117608,2
0.201825,0.00987379,0.144802,2
0.059507,0.0161877,0.142969,2
0.0443876,0.0218259,0.107337,2
0.109761,0.0983137,0.100369,2
0.103705,0.00120867,0.108379,2
0.221303,0.00790506,0.164831,2
0.0649127,0.00186394,0.191196,2
0.110368,0.0212115,0.184836,2
0.00191046,0.0394133,0.197416,2
0.0615876,0.0225985,0.210822,2
0.0325691,0.0889216,0.122906,2
0.129743,0.0064174,0.133844,2
0.0491185,0.0408282,0.215713,2
0.088909,0.0351225,0.113716,2
0.00321022,0.0572467,0.160782,2
0.107986,0.0134732,0.156105,2
0.108973,0.090408,0.109627,2
0.0228751,0.0968179,0.137273,2
0.123293,0.0953939,0.100259,2
0.0792297,0.0181307,0.114929,2
0.104494,0.0463999,0.12076,2
0.0723528,0.0431413,0.203322,2
0.0861675,0.0167044,0.101529,2
0.000533364,0.099582,0.19167,2
0.181574,0.100123,0.220932,2
0.127772,0.0905442,0.0623074,3
0.165165,0.0517197,0.0762058,3
0.147573,0.0891643,0.0386093,3
0.125277,0.0668664,0.0654781,3
0.00880369,0.0981777,0.0271687,3
0.0788776,0.0998375,0.0787779,3
0.172707,0.0299159,0.0578171,3
0.194448,0.0732442,0.036704,3
0.200053,0.00849586,0.0624758,3
0.136507,0.0849106,0.0439028,3
0.170705,0.0368831,0.0641893,3
0.182999,0.0292416,0.0633141,3
0.171932,0.0293391,0.0661335,3
0.177454,0.0306649,0.0634345,3
0.175019,0.0306123,0.0650571,3
0.0479883,0.000868794,0.0833062,3
0.0764161,0.0527008,0.0170487,3
0.049773,0.00434761,0.0816542,3
0.176131,0.0317432,0.0621207,3
0.175344,0.03082,0.0617068,3
0.173621,0.0341809,0.0615385,3
0.173525,0.0293291,0.0620553,3
0.213013,0.06774,0.0584611,3
0.176848,0.0326714,0.058659,3
0.170809,0.0359583,0.0654338,3
0.17316,0.0316895,0.0647777,3
0.0500594,0.0626776,0.040049,3
0.176907,0.0325292,0.066178,3
0.184583,0.0610821,0.00733722,3
0.17822,0.0332481,0.0686586,3
0.157997,0.0245344,0.0310117,3
0.173743,0.031837,0.0571704,3
0.214273,0.0692097,0.0630948,3
0.175115,0.0348442,0.0688902,3
0.215625,0.0567606,0.0461045,3
0.117596,0.0702831,0.00539517,3
0.10027,0.0203481,0.0589145,3
0.176498,0.0308484,0.0611775,3
0.184429,0.0733705,0.0470789,3
0.148681,0.099748,0.0512868,3
0.0878749,0.0352204,0.0716925,3
0.165621,0.0867202,0.0475147,3
0.183646,0.00391551,0.0288802,3
0.17666,0.00119157,0.0781604,3
0.0648942,0.0606307,0.0417906,3
0.147281,0.0517586,0.0738248,3
0.0576898,0.0902432,0.0912266,3
0.169652,0.030371,0.0634472,3
0.056859,0.0744629,0.0447569,3
0.114594,0.0078278,0.0368471,3
0.15255,0.0356827,0.0501467,3
0.0530737,0.00976107,0.0802474,3
0.0610391,0.0128349,0.0860906,3
0.174735,0.0311734,0.0643386,3
0.0967389,0.0194614,0.0352117,3
0.215326,0.0073755,0.0644654,3
0.20004,0.0565006,0.0634193,3
0.186083,0.0608657,0.0659117,3
0.213475,0.0957069,0.091115,3
0.0848235,0.0533641,0.0847299,3
0.0513599,0.0798088,0.0916901,3
0.143778,0.0771372,0.00139969,3
0.1768,0.0309415,0.0620503,3
0.0809031,0.0449494,0.0359649,3
0.181042,0.0324617,0.063038,3
0.0627747,0.0136418,0.00568769,3
0.181841,0.0334912,0.0636519,3
0.176373,0.0311585,0.0632103,3
0.177079,0.0286929,0.064847,3
0.04839,0.074158,0.025643,3
0.0860944,0.0446934,0.0745796,3
0.126391,0.082017,0.0207642,3
0.178041,0.0318664,0.0577489,3
0.0383142,0.0417534,0.00032225,3
0.190487,0.0778828,0.0757613,3
0.147989,0.0458215,0.0918331,3
0.170645,0.0316952,0.0615159,3
0.0876565,0.0276571,0.0602893,3
0.118028,0.022495,0.018431,3
0.119157,0.0855043,0.0684051,3
0.125913,0.0608513,0.0137157,3
0.176281,0.0287409,0.0605904,3
0.00999405,0.0609211,0.0864586,3
0.0500474,0.0376302,0.0950191,3
0.0465496,0.0928297,0.0849698,3
0.174231,0.0300238,0.0631539,3
0.177888,0.0347337,0.0653514,3
0.22473,0.00369117,0.0266006,3
0.0194179,0.000329997,0.0975798,3
0.112247,0.0709037,0.020929,3
0.0110153,0.0524466,0.00177956,3
0.178056,0.0343589,0.0631481,3
0.180055,0.0342336,0.0624385,3
0.020617,0.0987615,0.00363541,3
0.0309898,0.0739464,0.00626225,3
0.17576,0.0314482,0.0602305,3
0.173735,0.0294375,0.061719,3
0.176305,0.0310141,0.0659556,3
0.175284,0.0326749,0.0606764,3
0.00037601,0.088163,0.0296295,3
0.173182,0.0328695,0.0653072,3
0.113746,0.0911106,0.00345759,3
0.172645,0.0357209,0.0618602,3
0.0650373,0.0688873,0.0946468,3
0.146403,0.0443843,0.0982476,3
0.174963,0.027485,0.0625771,3
0.209968,0.0293416,0.0366632,3
0.000155214,0.00424358,0.0982623,3
0.0615348,0.0953916,0.0439254,3
0.176093,0.0349039,0.0630526,3
0.173032,0.0366455,0.060699,3
0.0684421,0.00392988,0.0704381,3
0.175792,0.033392,0.061653,3
0.038133,0.0487685,0.09473,3
0.149098,0.048135,0.0454042,3
0.0987303,0.0852207,0.00542818,3
0.20303,0.0909175,0.0432363,3
0.0685648,0.0443885,0.00649766,3
0.017569,0.0276673,0.0636823,3
0.0235529,0.0617833,0.054524,3
0.123085,0.0167383,0.0969043,3
0.034215,0.09069,0.0509599,3
0.136724,0.0563476,0.0973113,3
0.116674,0.0347674,0.0928031,3
0.151496,0.100987,0.0309669,3
