x coord,y coord,z coord,rank
0.0797477,0.11296,0.154652,0
0.129218,0.17148,0.116808,0
0.142783,0.189001,0.191849,0
0.167068,0.145671,0.127215,0
0.0648593,0.202643,0.129298,0
0.202504,0.12478,0.178401,0
0.198299,0.206969,0.180647,0
0.0958099,0.123989,0.144588,0
0.178994,0.160703,0.164047,0
0.0846324,0.185513,0.126943,0
0.0754395,0.196689,0.201993,0
0.0918719,0.146267,0.203964,0
0.20165,0.170304,0.137309,0
0.0367673,0.179298,0.173268,0
0.185936,0.134181,0.156914,0
0.173755,0.183478,0.127743,0
0.165242,0.159844,0.190827,0
0.0476697,0.160505,0.211624,0
0.159624,0.194885,0.136644,0
0.103644,0.162746,0.167977,0
0.0323595,0.167637,0.136124,0
0.0474018,0.222992,0.210921,0
0.184131,0.195873,0.131353,0
0.090821,0.147745,0.161425,0
0.113663,0.174268,0.126471,0
0.0298805,0.188086,0.159859,0
0.12635,0.12779,0.159289,0
0.205438,0.19182,0.219788,0
0.148175,0.212367,0.142887,0
0.0230836,0.128633,0.178245,0
0.20387,0.121724,0.170542,0
0.0014708,0.121032,0.121295,0
0.0549115,0.219152,0.141348,0
0.0766111,0.150405,0.170308,0
0.106046,0.175514,0.193164,0
0.0685093,0.121509,0.177877,0
0.0829789,0.185513,0.224616,0
0.197207,0.186425,0.212274,0
0.0655981,0.214693,0.223038,0
0.00445408,0.196428,0.183967,0
0.150096,0.169569,0.157137,0
0.135622,0.137303,0.134267,0
0.110027,0.172445,0.12535,0
0.14615,0.149901,0.173532,0
0.176615,0.143915,0.180875,0
0.12573,0.176722,0.184528,0
0.139652,0.185201,0.185362,0
0.154623,0.153815,0.172067,0
0.151745,0.14436,0.115762,0
0.146272,0.159916,0.193846,0
0.0108277,0.124186,0.212193,0
2.92428e-05,0.132248,0.137697,0
0.134899,0.208504,0.147812,0
0.0288787,0.207678,0.147855,0
0.15027,0.117603,0.189914,0
0.059872,0.151153,0.199109,0
0.190816,0.120385,0.126986,0
0.0518581,0.189509,0.175207,0
0.149333,0.136522,0.193983,0
0.075997,0.144711,0.155576,0
0.146153,0.181235,0.163038,0
0.0287729,0.138816,0.192071,0
0.0184154,0.14179,0.189651,0
0.177296,0.158886,0.139868,0
0.066847,0.122354,0.185484,0
0.223966,0.187104,0.160035,0
0.182693,0.13529,0.149826,0
0.163762,0.205953,0.136312,0
0.223904,0.141964,0.122687,0
0.137934,0.183968,0.196179,0
0.143559,0.160716,0.218508,0
0.0364436,0.203417,0.126148,0
0.149622,0.151769,0.164653,0
0.0460256,0.144214,0.201998,0
0.218169,0.157388,0.208726,0
0.147201,0.145546,0.190499,0
0.0365977,0.156521,0.211539,0
0.214712,0.122576,0.136809,0
0.125166,0.216228,0.173706,0
0.149278,0.200598,0.224878,0
0.0417144,0.121664,0.146838,0
0.0485184,0.141909,0.205339,0
0.215152,0.22489,0.156057,0
0.165064,0.157191,0.209458,0
0.205396,0.150752,0.181524,0
0.0596611,0.153604,0.20048,0
0.14399,0.179524,0.185233,0
0.20933,0.123847,0.153804,0
0.0178925,0.165066,0.172576,0
0.157619,0.124254,0.130361,0
0.0759143,0.218342,0.187773,0
0.150995,0.124455,0.126283,0
0.0407523,0.117508,0.170779,0
0.0937874,0.171175,0.157846,0
0.064091,0.216732,0.115912,0
0.134256,0.131837,0.188147,0
0.149832,0.213759,0.17371,0
0.0965441,0.114475,0.18316,0
0.0514759,0.201815,0.193723,0
0.176087,0.127877,0.174921,0
0.0474214,0.191803,0.131342,0
0.0758995,0.196822,0.184344,0
0.106321,0.128746,0.209582,0
0.0086013,0.202668,0.2193,0
0.0614004,0.115747,0.190326,0
0.07534,0.15727,0.134191,0
0.214884,0.20668,0.125389,0
0.194873,0.16761,0.179516,0
0.132258,0.152004,0.169978,0
0.220058,0.164378,0.125074,0
0.117425,0.177099,0.187874,0
0.186382,0.216736,0.13921,0
0.090027,0.203815,0.208183,0
0.133651,0.208609,0.201639,0
0.203594,0.128326,0.132721,0
0.101364,0.215058,0.198616,0
0.215613,0.148387,0.166612,0
0.166498,0.120911,0.196587,0
0.0364426,0.169304,0.186133,0
0.165153,0.187101,0.194391,0
0.139424,0.173887,0.114861,0
0.218113,0.013768,0.000255593,1
0.0299837,0.103889,0.0599267,1
0.178126,0.0328255,0.0372787,1
0.175728,0.035128,0.0371111,1
0.114489,0.0575325,0.0124468,1
0.180805,0.0364413,0.0331909,1
0.131142,0.107156,0.0469987,1
0.171299,0.0463399,0.0400602,1
0.17765,0.037705,0.0373859,1
0.161858,0.074794,0.0676874,1
0.17747,0.0416246,0.0347536,1
0.192062,0.0198059,0.00610793,1
0.112338,0.0523154,0.073902,1
0.010361,0.0166567,0.095159,1
0.169697,0.038791,0.0361327,1
0.0450171,0.0931995,0.00343265,1
0.0453118,0.0666514,0.0572057,1
0.123672,0.0981174,0.0991322,1
0.179015,0.0406925,0.0369524,1
0.175363,0.0392265,0.0333406,1
0.183186,0.0362063,0.0336997,1
0.0835181,0.108223,0.056642,1
0.108423,0.000240049,0.0373112,1
0.214132,0.0993099,0.0802353,1
0.0495838,0.053341,0.0710114,1
0.0217989,0.00122261,0.00644695,1
0.177537,0.0388865,0.0353169,1
0.0011432,0.0452282,0.102707,1
0.205093,0.0666419,0.0596747,1
0.0660916,0.0683694,0.110018,1
0.129666,0.0864985,0.0756322,1
0.200364,0.0285808,0.0732214,1
0.12379,0.0964854,0.0988939,1
0.0108885,0.0921679,0.00714736,1
0.140394,0.106433,0.0716651,1
0.179921,0.0449403,0.0297052,1
0.066341,0.079514,0.0382971,1
0.0607727,0.0695125,0.00118178,1
0.0249525,0.0939232,0.0165314,1
0.0784345,0.0492656,0.0357078,1
0.175107,0.0405263,0.0365896,1
0.0102457,0.0995538,0.0286164,1
0.0977123,0.0595959,0.0206027,1
0.142641,0.0278305,0.0738886,1
0.0547206,0.00132569,0.00665383,1
0.176569,0.0407866,0.0400883,1
0.167861,0.0673354,0.106169,1
0.17532,0.0344957,0.0374982,1
0.181342,0.0364844,0.0322444,1
0.219399,0.0171713,0.0642161,1
0.0652833,0.00514519,0.106464,1
0.0692787,0.0482587,0.0379952,1
0.101997,0.073117,0.00252758,1
0.0844307,0.0152385,0.0385872,1
0.222538,0.0231123,0.0317133,1
0.175494,0.0385525,0.0358908,1
0.0848538,0.0792427,0.0187195,1
0.179108,0.0327207,0.034068,1
0.0640046,0.0468425,0.106333,1
0.0708987,0.0444227,0.0406645,1
0.0154185,0.0951193,0.0130214,1
0.0977772,0.0314888,0.00914204,1
0.182192,0.0381255,0.035477,1
0.179416,0.0400866,0.0376316,1
0.175014,0.0431159,0.0405143,1
0.173222,0.043035,0.0363887,1
0.180643,0.086193,0.0543225,1
0.155194,0.0939907,0.109598,1
0.078538,0.0758039,0.00311798,1
0.107222,0.0207487,0.0366878,1
0.179896,0.037956,0.0339105,1
0.151956,0.0550633,0.0353797,1
0.177004,0.0393616,0.0362332,1
0.0905582,0.0684435,0.017403,1
0.02474,0.021388,0.0896566,1
0.169623,0.0695259,0.0558389,1
0.176852,0.0383766,0.0366582,1
0.0796869,0.0384579,0.0787686,1
0.217968,0.0890364,0.0127048,1
0.216383,0.0316314,0.0498974,1
0.0227207,0.0285568,0.0595299,1
0.0747542,0.0237084,0.0765253,1
0.180794,0.0395978,0.0337439,1
0.079449,0.0157069,0.06025,1
0.207017,0.106216,0.101256,1
0.177985,0.0346913,0.0364178,1
0.179513,0.0404385,0.0370159,1
0.181604,0.0667158,0.0626397,1
0.175859,0.0433051,0.0327359,1
0.0461241,0.0643995,0.0613142,1
0.121446,0.0339407,0.0505338,1
0.00394423,0.0632564,0.00287485,1
0.175519,0.0364977,0.0381062,1
0.0489183,0.0245667,0.0665402,1
0.159193,0.0338957,0.0536189,1
0.176432,0.0373434,0.0353365,1
0.0521778,0.0777462,0.0899044,1
0.174074,0.0407417,0.0359946,1
0.148872,0.0944341,0.0821113,1
0.0140255,0.0471605,0.020509,1
0.176552,0.036386,0.0286229,1
0.200084,0.030648,0.0424665,1
0.179442,0.036256,0.0295552,1
0.176601,0.0385964,0.0374932,1
0.178789,0.0411822,0.0379369,1
0.0162745,0.0211777,0.0586089,1
0.17402,0.0434677,0.0352792,1
0.177011,0.0378109,0.0316582,1
0.176464,0.0376131,0.0362337,1
0.176143,0.0349511,0.0405383,1
0.081353,0.0444787,0.0520623,1
0.179881,0.0446307,0.0362459,1
0.176576,0.0359585,0.0359184,1
0.139066,0.030501,0.0237743,1
0.198847,0.0361342,0.0819712,1
0.183018,0.0427284,0.0309651,1
0.220647,0.0398261,0.0931523,1
0.216929,0.0250053,0.0741914,1
0.222895,0.0864115,0.00855074,1
0.107778,0.0475948,0.0325107,1
0.013443,0.0679282,0.0183482,1
0.0147962,0.0891378,0.0253036,1
0.13795,0.0549125,0.105937,1
0.140087,0.037497,0.107419,1
0.104055,0.104563,0.0613272,1
0.0169064,0.084823,0.123025,2
0.044004,0.088659,0.172981,2
0.119977,0.0815103,0.173767,2
0.0550741,0.0677364,0.114391,2
0.0239076,0.0922006,0.223145,2
0.0448074,0.108414,0.187033,2
0.0445661,0.0475055,0.139861,2
0.0556008,0.0827725,0.116226,2
0.0575385,0.0748105,0.122561,2
0.0895711,0.0278861,0.110367,2
0.1549,0.0290876,0.173408,2
0.0509205,0.108674,0.138296,2
0.119228,0.0190764,0.219903,2
0.0578235,0.0147675,0.157677,2
0.101312,0.0860045,0.161364,2
0.180266,0.0978675,0.119562,2
0.0160986,0.0865951,0.195575,2
0.181135,0.0458185,0.174933,2
0.0766865,0.0305748,0.20257,2
0.0993055,0.0520329,0.172964,2
0.0469772,0.0335219,0.167417,2
0.125342,0.0796954,0.199125,2
0.173819,0.00191365,0.176059,2
0.0755586,0.0187251,0.115825,2
0.0813118,0.0476886,0.217534,2
0.16628,0.0525664,0.184053,2
0.136983,0.026578,0.13365,2
0.174282,0.00186565,0.147502,2
0.208106,0.035889,0.174003,2
0.208562,0.0662446,0.186684,2
0.203068,0.0533127,0.190204,2
0.175526,0.0565123,0.154718,2
0.0204585,0.0451665,0.224339,2
0.0966458,0.0486207,0.171702,2
0.172505,0.0120665,0.197799,2
0.170682,0.0949752,0.168383,2
0.0951515,0.00128113,0.214754,2
0.187309,0.0157166,0.120334,2
0.170576,0.0442185,0.11852,2
0.193175,0.068946,0.195262,2
0.151479,0.0990528,0.15257,2
0.220562,0.0734952,0.159422,2
0.0417889,0.0112363,0.180311,2
0.0193451,0.0366892,0.151529,2
0.0783288,0.0514314,0.19046,2
0.0322623,0.101614,0.1904,2
0.0459366,0.00792548,0.198878,2
0.105895,0.00618914,0.11096,2
0.0540901,0.00791369,0.186477,2
0.181255,0.00658892,0.206187,2
0.219565,0.0185765,0.162116,2
0.0733445,0.0703575,0.222141,2
0.157829,0.0469012,0.21257,2
0.126199,0.00748022,0.152313,2
0.216926,0.0506727,0.152583,2
0.0163623,0.0215153,0.19196,2
0.139285,0.0061605,0.223864,2
0.0280003,0.0840625,0.157316,2
0.0121249,0.0302065,0.218763,2
0.157284,0.104572,0.144938,2
0.201115,0.0568186,0.170316,2
0.139212,0.0719073,0.138443,2
0.0829487,0.0794363,0.200583,2
0.0240996,0.0961811,0.147889,2
0.0962991,0.0396538,0.203009,2
0.146735,0.0464057,0.117752,2
0.166723,0.0307194,0.222347,2
0.0944102,0.0549254,0.143873,2
0.0826953,0.0605298,0.120819,2
0.0835633,0.0788291,0.126042,2
0.186664,0.0483187,0.198926,2
0.120617,0.0461888,0.201308,2
0.169044,0.0289936,0.222558,2
0.000592322,0.0889074,0.1757,2
0.0973517,0.0614853,0.204675,2
0.101918,0.0544951,0.132869,2
0.181449,0.0687366,0.155197,2
0.0418525,0.0281334,0.165798,2
0.175197,0.0530682,0.18334,2
0.15124,0.0695457,0.205282,2
0.0412475,0.0481552,0.212018,2
0.144811,0.0582648,0.214741,2
0.000547377,0.069376,0.153524,2
0.0234803,0.0267249,0.201484,2
0.0842196,0.0403393,0.19692,2
0.110731,0.0455737,0.217281,2
0.114114,0.0414477,0.205316,2
0.217659,0.0344952,0.200229,2
0.207082,0.0159658,0.112775,2
0.0131566,0.0880049,0.194111,2
0.0233741,0.106972,0.129431,2
0.0632151,0.08916,0.190431,2
0.0496547,0.0535355,0.186749,2
0.199792,0.0674736,0.216619,2
0.162719,0.0698366,0.203339,2
0.138044,0.0147116,0.201159,2
0.195921,0.0284184,0.224634,2
0.116127,0.0059277,0.143717,2
0.193596,0.0915556,0.218242,2
0.011375,0.107226,0.183172,2
0.0255438,0.0370752,0.181237,2
0.0870299,0.0114597,0.198502,2
0.177999,0.0264585,0.201843,2
0.0872679,0.0746433,0.158966,2
0.0731404,0.101515,0.140932,2
0.0317623,0.0601201,0.161723,2
0.119964,0.0418222,0.209266,2
0.0324433,0.0841489,0.190797,2
0.171606,0.0256119,0.149184,2
0.195021,0.0672828,0.185241,2
0.211867,0.0403383,0.158534,2
0.224505,0.057063,0.21541,2
0.0460995,0.0186867,0.210058,2
0.185636,0.0623939,0.170462,2
0.0224065,0.0130589,0.220318,2
0.125264,0.0591153,0.189668,2
0.0156938,0.102455,0.1637,2
0.0771371,0.0447336,0.15195,2
0.0624903,0.0208649,0.189529,2
0.0527481,0.0240705,0.174842,2
0.121868,0.0859665,0.20643,2
0.0917719,0.0539063,0.148458,2
0.151075,0.098018,0.128405,2
0.0218006,0.108393,0.195164,2
0.0800257,0.105416,0.186039,2
0.0816172,0.101689,0.160763,2
0.17303,0.107337,0.134941,2
0.157271,0.086665,0.117104,2
0.165701,0.105512,0.116218,2
0.133842,0.108829,0.151685,2
0.0738247,0.0980887,0.110879,2
0.0436605,0.0554115,0.110384,2
0.11173,0.0151273,0.110423,2
0.0113969,0.122563,0.100462,3
0.21348,0.169963,0.111781,3
0.17881,0.194844,0.0327893,3
0.11131,0.208745,0.0482269,3
0.104508,0.138834,0.0669105,3
0.18844,0.198835,0.109446,3
0.176122,0.181865,0.0117619,3
0.205428,0.127755,0.0949193,3
0.112051,0.223582,0.00296326,3
0.140337,0.197699,0.0181704,3
0.163449,0.126537,0.0728961,3
0.0419925,0.122247,0.00251732,3
0.148333,0.224822,0.0983701,3
0.058838,0.222031,0.00937743,3
0.0539324,0.222346,0.03222,3
0.125136,0.200189,0.0289708,3
0.0650352,0.181697,0.0495595,3
0.173961,0.168193,0.0667855,3
0.123202,0.206852,0.109178,3
0.0172245,0.195766,0.0490156,3
0.161096,0.158751,0.0181094,3
0.213003,0.199964,0.0644897,3
0.215748,0.155462,0.0205544,3
0.0247638,0.204027,0.0583667,3
0.0340805,0.14988,0.0383689,3
0.184731,0.151062,0.0984421,3
0.0361412,0.158389,0.0606892,3
0.116725,0.149542,0.0446802,3
0.147857,0.162359,0.0586138,3
0.200588,0.140678,0.0197106,3
0.138561,0.200527,0.0254045,3
0.224142,0.112884,0.108409,3
0.110071,0.2231,0.0354614,3
0.11072,0.203461,0.0804209,3
0.12765,0.148025,0.0498624,3
0.180883,0.15354,0.0264799,3
0.0496462,0.135701,0.106925,3
0.0472656,0.201924,0.00911491,3
0.16458,0.215501,0.0823186,3
0.0614587,0.160023,0.0780958,3
0.102563,0.183619,0.089397,3
0.0326352,0.139098,0.0385,3
0.22467,0.11259,0.0408083,3
0.0173644,0.154823,0.0201955,3
0.150642,0.111535,0.0311174,3
0.204322,0.184539,0.0233987,3
0.0637388,0.151036,0.0278371,3
0.138699,0.177467,0.0828177,3
0.0364213,0.186362,0.0101766,3
0.0510135,0.198847,0.104446,3
0.178816,0.193869,0.0338788,3
0.191177,0.210416,0.034997,3
0.210076,0.129423,0.0348296,3
0.144174,0.207122,0.0253302,3
0.190874,0.193063,0.0272347,3
0.190579,0.124448,0.0147565,3
0.103423,0.204455,0.0941641,3
0.212861,0.169861,0.0797249,3
0.0854352,0.134274,0.0349991,3
0.0142111,0.164839,0.0521573,3
0.160066,0.214125,0.010835,3
0.134194,0.12332,0.0141208,3
0.0976258,0.195184,0.0871252,3
0.217399,0.197052,0.00262353,3
0.157479,0.16822,0.0457851,3
0.0859865,0.133333,0.038832,3
0.182646,0.205722,0.0942151,3
0.0236219,0.213603,0.0679795,3
0.0247036,0.194404,0.0438958,3
0.0425351,0.163379,0.0285157,3
0.214705,0.157992,0.0939367,3
0.0583034,0.118038,0.0658278,3
0.139356,0.215075,0.0413302,3
0.176285,0.140956,0.0758859,3
0.185581,0.214307,0.0776843,3
0.20227,0.187918,0.0464832,3
0.111765,0.117888,0.0534352,3
0.0669443,0.132424,0.0443894,3
0.00699075,0.21744,0.022831,3
0.126168,0.147352,0.0632318,3
0.00450635,0.197283,0.0505148,3
0.076569,0.147841,0.0315823,3
0.212454,0.117244,0.100039,3
0.149331,0.123747,0.0163364,3
0.165663,0.159695,0.0941792,3
0.111751,0.136381,0.0973369,3
0.00274785,0.134963,0.0726738,3
0.182344,0.152791,0.0758085,3
0.11734,0.217629,0.0639097,3
0.0474679,0.205278,0.0607954,3
0.112087,0.179615,0.0226386,3
0.04933,0.14927,0.0722776,3
0.0673756,0.164927,0.107413,3
0.0423097,0.158318,0.0644904,3
0.0691115,0.124754,0.103091,3
0.137829,0.121149,0.111255,3
0.15605,0.185154,0.065951,3
0.16872,0.166779,0.0499824,3
0.219222,0.174154,0.0411477,3
0.15799,0.139065,0.0758843,3
0.110589,0.184516,0.108896,3
0.143744,0.12104,0.00806897,3
0.102113,0.201116,0.0375881,3
0.0255788,0.217929,0.00999437,3
0.0813389,0.128679,0.0558356,3
0.0613989,0.215801,0.045748,3
0.112962,0.112538,0.0718805,3
0.127732,0.11852,0.024229,3
0.00115336,0.134593,0.100279,3
0.142352,0.221272,0.054825,3
0.172401,0.131074,0.11202,3
0.190239,0.114776,0.103573,3
0.0555003,0.146299,0.0886532,3
0.223497,0.128956,0.105843,3
0.0409581,0.147829,0.105671,3
0.0423255,0.149158,0.103397,3
0.0294371,0.121687,0.10361,3
0.177064,0.119697,0.106068,3
0.217146,0.157932,0.0984199,3
0.127984,0.116062,0.0856513,3
0.206222,0.160018,0.095707,3
