x coord,y coord,z coord,rank
0.0412508,0.102659,0.210485,0
0.0210635,0.129543,0.184558,0
0.0699106,0.0569989,0.214959,0
0.0748595,0.115716,0.135123,0
0.109773,0.0141834,0.166257,0
0.00791499,0.1039,0.144312,0
0.00356107,0.0980831,0.123939,0
0.0124542,0.098458,0.198627,0
0.027639,0.0789823,0.189372,0
0.0924464,0.17348,0.148707,0
0.0165807,0.0443129,0.140533,0
0.113145,0.078925,0.220286,0
0.10348,0.192725,0.120736,0
0.0920575,0.0863382,0.11649,0
0.0618953,0.0669181,0.16615,0
0.0680886,0.164359,0.21126,0
0.0945197,0.175833,0.147978,0
0.0256915,0.14507,0.211848,0
0.0810566,0.174019,0.140248,0
0.036108,0.218153,0.153175,0
0.109836,0.154565,0.148215,0
0.0466133,0.0193664,0.199261,0
0.0683663,7.5655e-05,0.12936,0
0.0523751,0.174066,0.164624,0
0.0710947,0.0272823,0.106187,0
0.0959082,0.219592,0.114249,0
0.0646723,0.0489285,0.146434,0
0.0659297,0.135781,0.178912,0
0.0982921,0.137002,0.174944,0
0.080165,0.192069,0.172765,0
0.123624,0.0449043,0.11295,0
0.103637,0.0606708,0.148058,0
0.0568226,0.0136711,0.165496,0
0.00481393,0.153051,0.149195,0
0.00774638,0.181485,0.113495,0
0.0672614,0.025219,0.15424,0
0.101767,0.167195,0.163991,0
0.057562,0.109589,0.137972,0
0.0259023,0.11334,0.114397,0
0.0432899,0.114144,0.115579,0
0.0781116,0.180794,0.167545,0
0.0273349,0.0356466,0.174976,0
0.0397833,0.135829,0.21715,0
0.0578966,0.196634,0.111104,0
0.0766755,0.0748238,0.114619,0
0.113121,0.0677807,0.198883,0
0.0136521,0.122884,0.212051,0
0.114345,0.102768,0.13566,0
0.0254775,0.128168,0.143856,0
0.00105206,0.0994227,0.174411,0
0.0030283,0.157226,0.220963,0
0.0894539,0.126896,0.171795,0
0.055058,0.0123962,0.212839,0
0.1193,0.0103161,0.104914,0
0.0166154,0.0793006,0.172206,0
0.118615,0.0923695,0.215145,0
0.10775,0.205302,0.221543,0
0.077436,0.193919,0.214692,0
0.0885222,0.0675109,0.171909,0
0.0249804,0.182395,0.139013,0
0.0945015,0.0640754,0.116288,0
0.0494584,0.195521,0.121923,0
0.0534325,0.0832058,0.12694,0
0.00918915,0.110989,0.121837,0
0.056484,0.0825716,0.192129,0
0.115702,0.111804,0.196772,0
0.0359729,0.00416428,0.120838,0
0.105262,0.133395,0.20758,0
0.0123494,0.0898275,0.145398,0
0.0645497,0.0920885,0.11579,0
0.00216018,0.0629816,0.125592,0
0.0369926,0.180963,0.192181,0
0.114697,0.00586656,0.116916,0
0.0663221,0.175858,0.216846,0
0.00653885,0.184565,0.182249,0
0.00924826,0.137641,0.212995,0
0.0042129,0.117416,0.210087,0
0.103365,0.0782133,0.154379,0
0.0343012,0.214998,0.113593,0
0.000190407,0.102837,0.204426,0
0.0147262,0.0592783,0.157411,0
0.0422982,0.165969,0.188736,0
0.0430357,0.0101711,0.18075,0
0.0651976,0.036764,0.22472,0
0.103286,0.147151,0.11,0
0.0149394,0.212328,0.136155,0
0.0588344,0.10996,0.185161,0
0.0388412,0.152481,0.11112,0
0.0137978,0.159742,0.156263,0
0.05455,0.0558357,0.155946,0
0.124266,0.105837,0.121964,0
0.0158258,0.00991063,0.157624,0
0.119668,0.079958,0.218651,0
0.0468295,0.065341,0.197448,0
0.0244565,0.222945,0.172552,0
0.106229,0.113304,0.207217,0
0.0805464,0.224828,0.218376,0
0.0550258,0.0672952,0.140269,0
0.109348,0.201037,0.153477,0
0.0655245,0.205423,0.183995,0
0.0522374,0.0360422,0.162989,0
0.0322003,0.182954,0.137051,0
0.0294892,0.126507,0.10768,0
0.116853,0.137731,0.204006,0
0.107837,0.0420634,0.198505,0
0.0576966,0.0587075,0.201493,0
0.0802433,0.0385887,0.121805,0
0.119729,0.141869,0.112988,0
0.0386632,0.0169902,0.158323,0
0.0765396,0.155723,0.186566,0
0.00911313,0.130575,0.16327,0
0.0154057,0.140727,0.198524,0
0.0280489,0.150029,0.158655,0
0.0682805,0.158455,0.171123,0
0.0641116,0.143705,0.123359,0
0.0710188,0.214404,0.15249,0
0.0344845,0.0428933,0.216352,0
0.110663,0.0937293,0.196915,0
0.0912287,0.107231,0.116726,0
0.120852,0.192093,0.125183,0
0.0308781,0.0444239,0.220884,0
0.126411,0.163997,0.174082,0
0.111824,0.142878,0.106987,0
0.115462,0.130571,0.153737,0
0.0029411,0.0700989,0.115743,0
0.0207998,0.0919125,0.122716,0
0.116,0.0629023,0.190587,0
0.174061,0.0115006,0.0232669,1
0.193404,0.00757522,0.0623277,1
0.193502,0.0389504,0.0320993,1
0.188726,0.042058,0.0290572,1
0.217895,0.00595996,0.0690437,1
0.193287,0.0395929,0.0303356,1
0.194298,0.0375996,0.0695776,1
0.152638,0.00274515,0.0788385,1
0.190353,0.0382477,0.0308544,1
0.190193,0.0505702,0.0494412,1
0.155373,0.0826904,0.0850487,1
0.183047,0.123382,0.00432606,1
0.174147,0.174482,0.0806517,1
0.21749,0.216463,0.0537816,1
0.192228,0.0425614,0.0256615,1
0.187475,0.133929,0.0642494,1
0.14365,0.148577,0.0678739,1
0.224812,0.00195503,0.0183674,1
0.188988,0.0400725,0.0277696,1
0.19015,0.0343391,0.0293709,1
0.194035,0.0358628,0.0305456,1
0.152358,0.160526,0.0177463,1
0.144858,0.203823,0.0786374,1
0.188455,0.153822,0.045067,1
0.128862,0.141533,0.0154055,1
0.140315,0.173294,0.0497051,1
0.192345,0.0371813,0.0269434,1
0.159776,0.157016,0.038185,1
0.135492,0.0463854,0.0733201,1
0.138267,0.193954,0.0767655,1
0.142946,0.212989,0.0419559,1
0.159735,0.185936,0.0802656,1
0.133384,0.144401,0.0277676,1
0.192122,0.154232,0.0522751,1
0.135748,0.127587,0.00959399,1
0.189314,0.0424933,0.0286659,1
0.20311,0.144831,0.0173662,1
0.133943,0.092511,0.0471841,1
0.176014,0.19174,0.0200107,1
0.190987,0.0431542,0.0265243,1
0.19026,0.0433626,0.0298408,1
0.222614,0.119674,0.0554296,1
0.129922,0.163907,0.0683668,1
0.199835,0.200031,0.0522964,1
0.205219,0.0553704,0.0305692,1
0.194845,0.0366635,0.0280829,1
0.186701,0.0439855,0.0412253,1
0.19298,0.0389285,0.0244597,1
0.189873,0.0332891,0.0256396,1
0.168922,0.216507,0.0125464,1
0.144223,0.0800515,0.0310618,1
0.20656,0.123505,0.053435,1
0.186164,0.204771,0.0597177,1
0.136904,0.106163,0.0613013,1
0.14522,0.0859396,0.00367712,1
0.189412,0.0428508,0.0301479,1
0.132117,0.0753611,0.00299844,1
0.188589,0.0381786,0.0269092,1
0.170221,0.076116,0.0345361,1
0.172824,0.0601462,0.0709212,1
0.198893,0.0104114,0.0167492,1
0.182166,0.104885,0.07395,1
0.190516,0.0396921,0.0282591,1
0.191706,0.0388522,0.0271217,1
0.219799,0.167332,0.0442363,1
0.187701,0.0417897,0.0274073,1
0.190997,0.218527,0.0511021,1
0.161017,0.18347,0.0810769,1
0.220644,0.0106668,0.0410549,1
0.136824,0.0378376,0.0451865,1
0.188422,0.0365519,0.0298505,1
0.12843,0.0194437,0.0578672,1
0.188102,0.0403022,0.0247559,1
0.139364,0.148369,0.0185484,1
0.219743,0.161505,0.0208698,1
0.178099,0.180632,0.0245779,1
0.192799,0.0423283,0.0249597,1
0.205773,0.200713,0.0129354,1
0.181334,0.00503013,0.0638572,1
0.194514,0.0363192,0.0290185,1
0.153424,0.194854,0.027888,1
0.185607,0.175025,0.0280496,1
0.196601,0.0414742,0.0270408,1
0.172853,0.216214,0.0636031,1
0.217829,0.21393,0.0688111,1
0.191005,0.0332978,0.0301555,1
0.198639,0.0349459,0.0286437,1
0.187138,0.18025,0.0301314,1
0.190341,0.036265,0.0279361,1
0.141087,0.21491,0.0657933,1
0.210792,0.105281,0.0602417,1
0.154291,0.00166663,0.010075,1
0.194893,0.0417569,0.0288846,1
0.191155,0.0607682,0.0589726,1
0.202567,0.214435,0.0134655,1
0.192612,0.0392809,0.0224273,1
0.142127,0.0698936,0.0142497,1
0.185864,0.0377379,0.0273115,1
0.175647,0.215189,0.0748654,1
0.16616,0.1969,0.0712428,1
0.195879,0.0372569,0.0311731,1
0.2108,0.12647,0.0476138,1
0.197197,0.0405034,0.0262544,1
0.18926,0.0388841,0.027997,1
0.194824,0.0427098,0.0314697,1
0.19796,0.0767187,0.0321878,1
0.19181,0.0436388,0.0267513,1
0.193581,0.0356931,0.0317253,1
0.193853,0.0332853,0.029471,1
0.194752,0.0330734,0.0257911,1
0.19495,0.0288097,0.00499111,1
0.162451,0.0941414,0.0802751,1
0.177274,0.222422,0.0311288,1
0.19599,0.013007,0.0764926,1
0.218784,0.0330701,0.070984,1
0.128111,0.00226491,0.000125713,1
0.198249,0.16223,0.045788,1
0.157141,0.216474,0.0850852,1
0.223,0.074217,0.079911,1
0.156467,0.121895,0.0511361,1
0.178541,0.156951,0.0236619,1
0.144824,0.0449714,0.06813,1
0.155657,0.0797226,0.0362481,1
0.169371,0.00741863,0.0300237,1
0.224122,0.00452993,0.0514725,1
0.135504,0.215532,0.0753335,1
0.174597,0.214215,0.0764228,1
0.182281,0.156929,0.0857331,1
0.196057,0.200918,0.0854041,1
0.216479,0.207852,0.127801,2
0.147592,0.127541,0.147858,2
0.146217,0.110599,0.106506,2
0.165196,0.168361,0.0871085,2
0.181878,0.135452,0.13753,2
0.155354,0.222283,0.131616,2
0.136712,0.0683832,0.15236,2
0.203206,0.175505,0.171488,2
0.16309,0.159643,0.20018,2
0.210425,0.159157,0.125049,2
0.160316,0.200763,0.143347,2
0.162583,0.138041,0.144912,2
0.147387,0.118375,0.143734,2
0.14721,0.00527536,0.172732,2
0.194926,0.0703552,0.145101,2
0.185727,0.140424,0.184599,2
0.168304,0.155424,0.0905079,2
0.170721,0.102112,0.11895,2
0.141268,0.207196,0.192585,2
0.197847,0.0248721,0.203153,2
0.224804,0.176101,0.126555,2
0.187709,0.174488,0.16293,2
0.169604,0.0591763,0.191478,2
0.16263,0.165042,0.220795,2
0.201754,0.214438,0.117351,2
0.160193,0.121356,0.139625,2
0.175186,0.123934,0.215509,2
0.22255,0.130868,0.133361,2
0.171163,0.0358334,0.099335,2
0.137933,0.178797,0.223192,2
0.176465,0.210541,0.173409,2
0.147008,0.213491,0.161869,2
0.161764,0.216919,0.120716,2
0.22197,0.121959,0.0984493,2
0.136301,0.138761,0.221196,2
0.134924,0.126885,0.140137,2
0.139754,0.0269097,0.193011,2
0.169743,0.0406306,0.0989462,2
0.148592,0.133141,0.21126,2
0.174936,0.0682415,0.151283,2
0.207125,0.135083,0.217489,2
0.223559,0.207447,0.104446,2
0.188922,0.027247,0.215586,2
0.133622,0.183381,0.104196,2
0.150921,0.0319752,0.199832,2
0.20015,0.0813841,0.151915,2
0.176443,0.124672,0.122044,2
0.133331,0.106661,0.140816,2
0.198841,0.0410283,0.117822,2
0.150381,0.104681,0.213488,2
0.215143,0.0939667,0.12671,2
0.167118,0.122785,0.140644,2
0.17706,0.0357444,0.224931,2
0.159352,0.155423,0.209101,2
0.188366,0.154478,0.140266,2
0.193837,0.21488,0.208185,2
0.1834,0.0415758,0.104756,2
0.219419,0.0071261,0.170134,2
0.135931,0.213984,0.133901,2
0.178061,0.171614,0.202178,2
0.207464,0.0737816,0.22348,2
0.179389,0.0807739,0.135905,2
0.136121,0.191263,0.126247,2
0.19799,0.183122,0.19816,2
0.187819,0.0801557,0.216653,2
0.159725,0.218977,0.103517,2
0.188012,0.11466,0.21742,2
0.176496,0.196752,0.214557,2
0.179537,0.0758876,0.0956411,2
0.206301,0.0383311,0.195255,2
0.220574,0.159757,0.172476,2
0.142978,0.150497,0.145079,2
0.216521,0.106984,0.166134,2
0.17985,0.118759,0.183209,2
0.131548,0.181578,0.219498,2
0.15771,0.126733,0.142563,2
0.219814,0.0122401,0.14095,2
0.137739,0.0905115,0.100795,2
0.141213,0.0575246,0.220361,2
0.132873,0.0282976,0.0964691,2
0.162018,0.152337,0.208617,2
0.147443,0.0545707,0.15369,2
0.17936,0.107222,0.133921,2
0.162171,0.025737,0.220019,2
0.156869,0.0523172,0.115369,2
0.164187,0.0670595,0.127191,2
0.13522,0.131728,0.145974,2
0.19625,0.0671341,0.178777,2
0.169054,0.0167966,0.179513,2
0.14936,0.104106,0.149263,2
0.138161,0.10325,0.198641,2
0.173768,0.168013,0.202704,2
0.145256,0.205925,0.15936,2
0.215291,0.104747,0.19414,2
0.140891,0.0181983,0.199773,2
0.183307,0.133208,0.18277,2
0.140638,0.0991632,0.19478,2
0.150225,0.0984529,0.198845,2
0.155721,0.215976,0.109935,2
0.151155,0.069359,0.21846,2
0.169866,0.121291,0.160082,2
0.190186,0.101674,0.188284,2
0.194429,0.218242,0.211037,2
0.211515,0.126226,0.223451,2
0.149486,0.112249,0.135454,2
0.162564,0.204148,0.192978,2
0.155931,0.0449104,0.155653,2
0.161323,0.187997,0.130244,2
0.162569,0.108574,0.194325,2
0.129023,0.159321,0.111352,2
0.198052,0.203419,0.158979,2
0.166132,0.0104612,0.166674,2
0.177646,0.203223,0.134482,2
0.207678,0.0281262,0.181136,2
0.172456,0.114277,0.134791,2
0.208331,0.130696,0.138764,2
0.132465,0.0114756,0.100543,2
0.128705,0.0207645,0.144772,2
0.13467,0.148092,0.176568,2
0.194401,0.139702,0.116887,2
0.204578,0.152417,0.16763,2
0.128275,0.167222,0.124074,2
0.20813,0.0122857,0.087566,2
0.139025,0.0571262,0.0998575,2
0.0830617,0.207182,0.0230679,3
0.109962,0.129954,0.0393321,3
0.0526724,0.18325,0.0623047,3
0.112971,0.0591426,0.0416698,3
0.0298348,0.0791506,0.0712897,3
0.0226403,0.16389,0.00504475,3
0.0479134,0.186491,0.0459109,3
0.027181,0.108639,0.0923577,3
0.0221428,0.184873,0.0396396,3
0.0944374,0.13153,0.100449,3
0.114094,0.158169,0.0288468,3
0.0140767,0.19876,0.0316656,3
0.103855,0.148886,0.0775247,3
0.0688283,0.0756894,0.0930867,3
0.0367822,0.0961013,0.0810495,3
0.045912,0.167538,0.0165072,3
0.0421055,0.150861,0.0892158,3
0.0442382,0.0309576,0.00668866,3
0.00993088,0.133716,0.025554,3
0.00287788,0.150278,0.0355212,3
0.089789,0.0841557,0.0629595,3
0.074346,0.00930662,0.0681323,3
0.0803732,0.117085,0.0280924,3
0.049626,0.140901,0.0739369,3
0.0923413,0.0193154,0.0260238,3
0.066105,0.219353,0.0892634,3
0.0399937,0.156549,0.0480456,3
0.0900721,0.0398587,0.0662929,3
0.0641178,0.210707,0.0729487,3
0.0620803,0.104653,0.0905892,3
0.0740921,0.0950565,0.0371525,3
0.098361,0.0773999,0.0629351,3
0.000563623,0.0394539,0.00145156,3
0.0589906,0.131094,0.0113414,3
0.112064,0.100772,0.0465907,3
0.0398076,0.135572,0.0840771,3
0.0304302,0.188483,0.0721082,3
0.0685636,0.18309,0.0125771,3
0.124359,0.173418,0.00520461,3
0.0769876,0.0353137,0.065932,3
0.0899527,0.136479,0.0638291,3
0.0987434,0.123662,0.0132641,3
0.0042755,0.0978197,0.0187789,3
0.10924,0.127529,0.0406364,3
0.108623,0.0482244,0.00187421,3
0.0666675,0.0319367,0.0618953,3
0.0314635,0.136888,0.0947766,3
0.0605905,0.0268578,0.0224234,3
0.0980235,0.157564,0.0835,3
0.0529828,0.197081,0.0516364,3
0.0101059,0.0211323,0.0939032,3
0.0327536,0.00131706,0.0360175,3
0.0806761,0.0332212,0.0818464,3
0.00269303,0.0457629,0.0322114,3
0.0549523,0.188702,0.015009,3
0.00790575,0.0773463,0.0726458,3
0.00552474,0.193224,0.010032,3
0.0696141,0.010645,0.0798334,3
0.0525248,0.0454991,0.067973,3
0.0921883,0.216887,0.0696287,3
0.0488824,0.144719,0.0848253,3
0.0105797,0.13375,0.0723677,3
0.00536584,0.129308,0.0211167,3
0.000233478,0.0187885,0.0703092,3
0.0956393,0.146917,0.000340863,3
0.0709641,0.158907,0.102427,3
0.0591828,0.224785,0.0898115,3
0.0927746,0.155593,0.0150446,3
0.0785336,0.167886,0.0694521,3
0.0141598,0.176116,0.0795091,3
0.032323,0.163836,0.0199636,3
0.0661184,0.0148448,0.0265063,3
0.000230089,0.0182353,0.0116225,3
0.077758,0.145507,0.0498957,3
0.0633298,0.193547,0.0102365,3
0.0989838,0.0438737,0.103908,3
0.0975066,0.0430295,0.056608,3
0.0147243,0.20445,0.0346554,3
0.0531598,0.159449,0.0132615,3
0.117549,0.0376178,0.0620538,3
0.095589,0.0607412,0.087255,3
0.0346384,0.0774224,0.0638945,3
0.0681879,0.154326,0.00850873,3
0.0346458,0.162639,0.041903,3
0.0875104,0.201339,0.0346536,3
0.0818332,0.0137187,0.00507477,3
0.0519045,0.160989,0.0696755,3
0.000963601,0.110497,0.0449919,3
0.0739442,0.00941494,0.0486021,3
0.0999836,0.187184,0.0241376,3
0.0309971,0.224707,0.0809959,3
0.0297896,0.169211,0.0808606,3
0.014728,0.188932,0.0314148,3
0.0941192,0.224441,0.0452016,3
0.0753315,0.110274,0.041914,3
0.0815422,0.00137491,0.0406674,3
0.0224363,0.00170328,0.0751406,3
0.111305,0.0761318,0.0953716,3
0.107086,0.199648,0.00288596,3
0.00207744,0.109223,0.0741108,3
0.0772777,0.0757978,0.0949064,3
0.0396915,0.205441,0.00888748,3
0.0551332,0.14747,0.0671248,3
0.0160071,0.0458089,0.0928123,3
0.045233,0.180605,0.0920407,3
0.029741,0.034034,0.00329545,3
0.0759767,0.124674,0.0910594,3
0.0498487,0.0147933,0.020878,3
0.0952476,0.174248,0.0359944,3
0.0753026,0.197746,0.0405155,3
0.0279654,0.118443,0.0121339,3
0.0892443,0.0570752,0.0539917,3
0.0989738,0.147789,0.0080402,3
0.0315926,0.064771,0.00944467,3
0.0420896,0.219434,0.0347195,3
0.0307927,0.00415497,0.0677486,3
0.0592753,0.0794443,0.0551374,3
0.122178,0.0950622,0.0213403,3
0.123739,0.0589918,0.0364816,3
0.0375674,0.16265,0.104179,3
