x coord,y coord,z coord,rank
0.152035,0.0224336,0.0428438,0
0.112501,0.0433235,0.0053729,0
0.13422,0.0757703,0.0366385,0
0.111476,0.0439609,0.0320035,0
0.189386,0.0249633,0.0492904,0
0.215632,0.0394929,0.0298703,0
0.0246184,0.0416162,0.0573053,0
0.17002,0.0158004,0.0350208,0
0.0673639,0.00558878,0.0197152,0
0.105179,0.0995284,0.0359282,0
0.193777,0.0812225,0.0536934,0
0.21529,0.0683213,0.0374882,0
0.0493386,0.0300091,0.0587978,0
0.0677087,0.0301898,0.038538,0
0.208613,0.0583789,0.00149154,0
0.11279,0.0792326,0.00684208,0
0.180677,0.0183789,0.0298335,0
0.162407,0.0998971,0.0628786,0
0.0596226,0.0809721,0.0859268,0
0.209516,0.067686,0.0187811,0
0.03954,0.0251021,0.0132547,0
0.0373227,0.0598835,0.0465796,0
0.220624,0.0681615,0.00753364,0
0.0949304,0.0875405,0.0405709,0
0.0443399,0.00120185,0.0322534,0
0.0378089,0.0880558,0.0693397,0
0.103667,0.0904763,0.0239225,0
0.0537781,0.0559808,0.0441668,0
0.200248,0.0470126,0.087156,0
0.0148336,0.0444881,0.0121337,0
0.142696,0.0244419,0.000388494,0
0.212559,0.0393959,0.0674286,0
0.127547,0.0818843,0.0404614,0
0.00571072,0.0129982,0.0333646,0
0.18752,0.012905,0.033687,0
0.20934,0.0683236,0.0662212,0
0.165096,0.0937764,0.0265734,0
0.201522,0.0444296,0.0861811,0
0.0527582,0.0300837,0.0545594,0
0.0135468,0.0383196,0.0738046,0
0.173861,0.061416,0.00348039,0
0.158702,0.0811912,0.0862553,0
0.116443,0.00629531,0.00286492,0
0.144042,0.0454146,0.0179568,0
0.078543,0.0923332,0.0726724,0
0.18831,0.0792712,0.0722856,0
0.188169,0.0523165,0.0555766,0
0.0909475,0.0688642,0.0170817,0
0.141238,0.0680609,0.0146689,0
0.129913,0.0952785,0.0309884,0
0.0253949,0.0446355,0.000376208,0
0.140572,0.0861172,0.0529252,0
0.0929763,0.0884485,0.00239624,0
0.0517653,0.0715836,0.0260429,0
0.147714,0.0564517,0.077048,0
0.0385096,0.0479264,0.0292841,0
0.165452,0.0827794,0.0367385,0
0.170755,0.0434498,0.0605104,0
0.182279,0.0297336,0.0275269,0
0.142446,0.079786,0.0388538,0
0.111002,0.0772353,0.0780237,0
0.0347922,0.0383579,0.0765989,0
0.0649185,0.0445813,0.0431619,0
0.0467785,0.00732411,0.0335335,0
0.133796,0.0697751,0.00273646,0
0.0840382,0.0497121,0.0657546,0
0.195346,0.0505264,0.0854419,0
0.0864691,0.0326627,0.00585635,0
0.15886,0.0907727,0.0291659,0
0.00125568,0.100296,0.0802545,0
0.156615,0.00601882,0.052854,0
0.0138573,0.0386611,0.0537783,0
0.117463,0.0639071,0.0581194,0
0.130485,0.0879266,0.0664109,0
0.192107,0.0476132,0.0140823,0
0.0272592,0.0866532,0.0551168,0
0.202804,0.0505029,0.0870906,0
0.177299,0.0888615,0.0541855,0
0.0565086,0.0103622,0.0476149,0
0.218131,0.0994864,0.0589436,0
0.0451346,0.0278591,0.0690891,0
0.168923,0.0505857,0.0708108,0
0.0560196,0.100294,0.0408146,0
0.0449431,0.0110072,0.0645707,0
0.157383,0.0162864,0.0674557,0
0.183951,0.043941,0.0788546,0
0.0457855,0.0314233,0.054157,0
0.169787,0.0677374,0.00258564,0
0.02602,0.011286,0.0512961,0
0.0869415,0.0480607,0.0565968,0
0.0785403,0.00469049,0.00733561,0
0.111973,0.0309669,0.0214714,0
0.208125,0.0222782,0.0350345,0
0.198969,0.0458113,0.0855051,0
0.203242,0.0488045,0.0877951,0
0.00506448,0.0621353,0.0861711,0
0.0816864,0.218923,0.218515,1
0.0771535,0.222941,0.121475,1
0.177225,0.113785,0.18643,1
0.122281,0.184648,0.210268,1
0.158066,0.186139,0.121571,1
0.0626214,0.204464,0.219072,1
0.186146,0.104167,0.117823,1
0.169101,0.193449,0.116773,1
0.085624,0.101401,0.193822,1
0.0786258,0.187744,0.188617,1
0.0874395,0.221808,0.201009,1
0.0430948,0.161451,0.143441,1
0.111984,0.18325,0.116237,1
0.0458154,0.104335,0.217799,1
0.0357811,0.199,0.150028,1
0.0598132,0.201951,0.192737,1
0.0425306,0.18567,0.138217,1
0.180784,0.168681,0.180761,1
0.0411823,0.194023,0.124205,1
0.193184,0.195947,0.180084,1
0.17306,0.206802,0.184203,1
0.146766,0.169009,0.140296,1
0.150621,0.163261,0.194212,1
0.0169551,0.14641,0.222028,1
0.131254,0.189699,0.160153,1
0.109859,0.179295,0.15264,1
0.1007,0.196076,0.210561,1
0.078955,0.205307,0.223731,1
0.216693,0.117664,0.139322,1
0.0303864,0.161568,0.208655,1
0.193127,0.144983,0.130792,1
0.060983,0.167359,0.182681,1
0.17489,0.219075,0.157355,1
0.223214,0.211367,0.209135,1
0.0674865,0.166018,0.184926,1
0.0308183,0.11892,0.212403,1
0.0262145,0.205322,0.151826,1
0.190943,0.21987,0.193938,1
0.0152618,0.221014,0.188411,1
0.173621,0.167632,0.182429,1
0.195744,0.184284,0.110845,1
0.0122074,0.174824,0.174913,1
0.0569793,0.127076,0.184111,1
0.205114,0.188595,0.191182,1
0.212344,0.194593,0.216161,1
0.0136121,0.101569,0.2108,1
0.122742,0.160401,0.132433,1
0.0310826,0.115923,0.163954,1
0.0385981,0.178255,0.223939,1
0.218368,0.170139,0.194176,1
0.0165823,0.148282,0.126048,1
0.177108,0.184681,0.199291,1
0.164685,0.188111,0.147176,1
0.0986394,0.181931,0.121136,1
0.0797568,0.164439,0.130085,1
0.0306741,0.179662,0.171507,1
0.0677527,0.201415,0.136745,1
0.134002,0.148532,0.165281,1
0.0987139,0.219063,0.127262,1
0.0957444,0.183235,0.112423,1
0.0758733,0.150443,0.16279,1
0.114676,0.196942,0.13406,1
0.185675,0.136658,0.194745,1
0.11894,0.114843,0.164152,1
0.00544344,0.178167,0.189665,1
0.199633,0.159855,0.130963,1
0.167475,0.166694,0.184832,1
0.224488,0.172573,0.198918,1
0.0850073,0.153325,0.111212,1
0.188554,0.224616,0.222347,1
0.152146,0.1873,0.210274,1
0.13412,0.195639,0.17882,1
0.0282714,0.147915,0.164307,1
0.178239,0.110739,0.140222,1
0.0650408,0.122205,0.151443,1
0.0693614,0.186102,0.169477,1
0.0766192,0.206135,0.219886,1
0.124629,0.181539,0.176592,1
0.0491807,0.161627,0.194395,1
0.186647,0.13795,0.209195,1
0.0990844,0.16556,0.150344,1
0.20914,0.128382,0.215819,1
0.204574,0.173354,0.143097,1
0.092543,0.144448,0.213803,1
0.0223279,0.173816,0.160004,1
0.192461,0.158103,0.221548,1
0.0854858,0.134811,0.144733,1
0.0358183,0.107921,0.146605,1
0.0320378,0.183932,0.208765,1
0.109561,0.104051,0.150947,1
0.0271979,0.222874,0.149661,1
0.110745,0.17604,0.113027,1
0.113071,0.102397,0.204325,1
0.212221,0.144103,0.147244,1
0.0471823,0.124266,0.131377,1
0.0765937,0.183565,0.181929,1
0.19142,0.114744,0.154605,1
0.00148519,0.111831,0.135647,1
0.0619611,0.1781,0.178514,1
0.105785,0.113254,0.220544,1
0.175214,0.223671,0.192423,1
0.0544712,0.14482,0.145189,1
0.133776,0.15507,0.205131,1
0.224013,0.128949,0.143787,1
0.0464972,0.179866,0.206609,1
0.171728,0.146063,0.217877,1
0.207091,0.121212,0.211945,1
0.162208,0.168223,0.128742,1
0.0973981,0.121202,0.136898,1
0.161943,0.207464,0.181664,1
0.127202,0.132179,0.223523,1
0.191488,0.175523,0.111646,1
0.224989,0.153819,0.17202,1
0.17772,0.155574,0.172669,1
0.0974803,0.138723,0.177949,1
0.204324,0.153442,0.186412,1
0.143594,0.184909,0.157324,1
0.209104,0.125655,0.161256,1
0.0811031,0.130529,0.178962,1
0.134084,0.162742,0.20241,1
0.201863,0.166237,0.144785,1
0.0913688,0.191522,0.224135,1
0.0260316,0.124893,0.124271,1
0.0702023,0.174357,0.144489,1
0.18939,0.105863,0.207627,1
0.0565594,0.136907,0.122531,1
0.099201,0.104848,0.18742,1
0.203782,0.191997,0.115572,1
0.190179,0.116717,0.111558,1
0.0028158,0.159724,0.110007,1
0.16465,0.102329,0.189459,1
0.183204,0.0502175,0.194352,2
0.134134,0.00421331,0.139152,2
0.193568,0.0629704,0.0906083,2
0.116036,0.0921673,0.0944215,2
0.156916,0.0870152,0.0918025,2
0.204955,0.0900819,0.180965,2
0.0732184,0.0274016,0.0970375,2
0.203349,0.0414189,0.0932176,2
0.0850008,0.0287343,0.112992,2
0.0740944,0.0515414,0.151045,2
0.0505782,0.0970461,0.184888,2
0.0759496,0.0416336,0.108306,2
0.130915,0.0927598,0.115564,2
0.152407,0.074841,0.127415,2
0.0178962,0.0333391,0.0970996,2
0.0450851,0.0628633,0.151442,2
0.00937267,0.0709172,0.11597,2
0.0945958,0.043369,0.0905051,2
0.0211133,0.0751098,0.147672,2
0.0700493,0.0254212,0.147041,2
0.144983,0.0914048,0.0956301,2
0.105357,0.0420853,0.196259,2
0.0937426,0.00128987,0.0933879,2
0.0974246,0.0107581,0.130782,2
0.199775,0.0490818,0.0907848,2
0.0805694,0.079102,0.224139,2
0.103917,0.0837639,0.156043,2
0.193414,0.0118028,0.223544,2
0.117892,0.0738736,0.224413,2
0.135176,0.0258015,0.211252,2
0.0568107,0.0644069,0.146675,2
0.215946,0.0332642,0.147781,2
0.151059,0.0428728,0.190348,2
0.187365,0.0255117,0.0949616,2
0.211101,0.0737475,0.222797,2
0.0143609,0.0348705,0.175908,2
0.0784829,0.0617833,0.190946,2
0.105875,0.0604865,0.110954,2
0.206595,0.0519906,0.189899,2
0.130318,0.021972,0.136428,2
0.0349995,0.0464828,0.159785,2
0.0373341,0.0506238,0.127523,2
0.0128437,0.0438233,0.116692,2
0.116156,0.0654148,0.219762,2
0.18974,0.0146707,0.215218,2
0.151098,0.01899,0.0999714,2
0.135622,0.0731715,0.121661,2
0.124623,0.052655,0.146307,2
0.222885,0.0565188,0.175945,2
0.0735319,0.0530432,0.153559,2
0.00155289,0.0174976,0.154729,2
0.158431,0.0488608,0.2145,2
0.0785646,0.0156217,0.13798,2
0.143815,0.0194011,0.209824,2
0.196765,0.0512938,0.114632,2
0.177014,0.0453374,0.113006,2
0.0401185,0.016753,0.131375,2
0.220721,0.0396621,0.174,2
0.206304,0.032063,0.149892,2
0.182202,0.0503523,0.123979,2
0.199157,0.0448506,0.0922392,2
0.0614037,0.0436641,0.122597,2
0.172997,0.00776689,0.173622,2
0.0381764,0.019231,0.12821,2
0.0148374,0.0426645,0.148975,2
0.0544626,0.0963804,0.148563,2
0.161145,0.0160753,0.187649,2
0.0695179,0.0259656,0.167805,2
0.0408288,0.0297564,0.16612,2
0.209169,0.0913687,0.21188,2
0.153409,0.0192586,0.157533,2
0.0952384,0.0484915,0.125916,2
0.202917,0.0423466,0.0935031,2
0.0233997,0.0421293,0.179358,2
0.114694,0.00748146,0.164599,2
0.193,0.0793708,0.19086,2
0.204026,0.0119369,0.220303,2
0.000962161,0.0137604,0.0887351,2
0.204826,0.00308473,0.0956096,2
0.214275,0.0946884,0.141203,2
0.169947,0.0954655,0.211751,2
0.197193,0.0499987,0.0930465,2
0.0912394,0.00685202,0.133588,2
0.224437,0.0383831,0.175379,2
0.0506352,0.0548203,0.117711,2
0.192505,0.00445851,0.221067,2
0.199487,0.0437885,0.0955698,2
0.15893,0.010351,0.216571,2
0.175089,0.0811394,0.181966,2
0.0339237,0.00291318,0.128908,2
0.224828,0.0529485,0.224188,2
0.0974803,0.00468559,0.13632,2
0.206051,0.0787112,0.219676,2
0.205048,0.011933,0.183413,2
0.0487406,0.0677413,0.179289,2
0.0565785,0.0770916,0.123638,2
0.204604,0.0465392,0.0940906,2
0.202457,0.0450686,0.0944356,2
0.127696,0.0873643,0.159144,2
0.0755007,0.0140295,0.127902,2
0.0290269,0.100448,0.184248,2
0.180926,0.0710308,0.19913,2
0.0230091,0.0270665,0.21478,2
0.219481,0.0216591,0.0887777,2
0.11634,0.0434931,0.186211,2
0.0804588,0.0625109,0.0990894,2
0.108419,0.0616393,0.123079,2
0.218788,0.086586,0.179292,2
0.179,0.0138615,0.195242,2
0.195383,0.0580635,0.14084,2
0.201499,0.0321939,0.156745,2
0.0016231,0.0682753,0.139924,2
0.199923,0.0484604,0.0922088,2
0.201698,0.0487847,0.0921511,2
0.181353,0.0727908,0.126732,2
0.14922,0.027488,0.127503,2
0.163641,0.0104875,0.213181,2
0.186652,0.0657209,0.101347,2
0.220109,0.00226954,0.196947,2
0.143123,0.0885823,0.147534,2
0.0910732,0.0452819,0.112935,2
0.223196,0.0386153,0.127627,2
0.170229,0.0793151,0.194612,2
0.170888,0.0662892,0.133602,2
0.201762,0.0929972,0.153239,2
0.057522,0.0916354,0.209141,2
0.201788,0.0447786,0.0900059,2
0.197715,0.0505193,0.0943915,2
0.199612,0.0472604,0.090117,2
0.199637,0.0491823,0.0903698,2
0.200341,0.0403387,0.0905586,2
0.197628,0.0751957,0.129763,2
0.208024,0.0467868,0.0900227,2
0.20491,0.0439491,0.0917415,2
0.199392,0.0478559,0.0899145,2
0.196353,0.0550857,0.0889839,2
0.189202,0.0794218,0.174719,2
0.204423,0.044012,0.0915728,2
0.19914,0.0448764,0.0915745,2
0.197092,0.0441112,0.091255,2
0.19881,0.0481203,0.0903029,2
0.19806,0.0477771,0.0899897,2
0.199085,0.0448428,0.0909234,2
0.200419,0.0417654,0.0915213,2
0.19833,0.0474851,0.092035,2
0.217436,0.0932776,0.210219,2
0.198135,0.0449823,0.0936392,2
0.199089,0.0469239,0.0938263,2
0.201391,0.0434667,0.0973736,2
0.203633,0.0454585,0.0935677,2
0.203975,0.0462172,0.0946595,2
0.182059,0.209223,0.0658976,3
0.220572,0.135873,0.0719542,3
0.179773,0.157101,0.0109613,3
0.150055,0.123275,0.0616047,3
0.0268508,0.147649,0.0505615,3
0.0663837,0.137762,0.0895179,3
0.152783,0.206866,0.100054,3
0.100574,0.123361,0.013365,3
0.133079,0.220664,0.0492168,3
0.061299,0.176826,0.0168585,3
0.0169671,0.13481,0.00645869,3
0.16663,0.193668,0.0721274,3
0.15834,0.173027,0.0135841,3
0.215159,0.180738,0.0533905,3
0.137789,0.129767,0.0171803,3
0.0888155,0.132635,0.0260243,3
0.0640878,0.219097,0.000254525,3
0.0201212,0.15784,0.0808663,3
0.0593605,0.172786,0.0248379,3
0.0165148,0.143817,0.0528277,3
0.0593945,0.168117,0.0305581,3
0.0373013,0.117879,0.0957621,3
0.0779399,0.14592,0.0524131,3
0.0258442,0.154663,0.0221285,3
0.0388469,0.145118,0.00668553,3
0.0967538,0.165948,0.00629409,3
0.119686,0.17141,0.0194598,3
0.167221,0.126082,0.0259774,3
0.0191482,0.195802,0.0651782,3
0.0804005,0.175187,0.0627355,3
0.180967,0.121951,0.089354,3
0.172802,0.178156,0.0736004,3
0.213054,0.176732,0.000854966,3
0.0725548,0.193152,0.0870402,3
0.13712,0.107212,0.0782652,3
0.00442444,0.162618,0.0689097,3
0.135159,0.152125,0.0725439,3
0.0638269,0.11236,0.0516637,3
0.169812,0.132252,0.0120628,3
0.0268491,0.196662,0.0987398,3
0.168397,0.197929,0.0850222,3
0.111166,0.165546,0.0792921,3
0.125782,0.180174,0.107182,3
0.157893,0.118597,0.108392,3
0.213774,0.131383,0.0220123,3
0.0376847,0.188582,0.0633553,3
0.130423,0.1995,0.0530381,3
0.187658,0.187196,0.0190106,3
0.152622,0.190348,0.0927028,3
0.195743,0.103368,0.0939185,3
0.026769,0.110009,0.0787942,3
0.0476668,0.170152,0.0235475,3
0.0145861,0.179325,0.089128,3
0.0677636,0.209225,0.0359237,3
0.178749,0.137948,0.0296593,3
0.069288,0.152093,0.0635929,3
0.161652,0.216983,0.0826424,3
0.180013,0.148455,0.0317777,3
0.0473855,0.126449,0.0157454,3
0.0753593,0.152319,0.0586695,3
0.18608,0.212477,0.101817,3
0.0411265,0.138668,0.0227919,3
0.0675241,0.116964,0.000424486,3
0.220645,0.122715,0.0913728,3
0.101381,0.114132,0.0317015,3
0.133723,0.168233,0.0483912,3
0.08866,0.185506,0.065016,3
0.20939,0.199245,0.026155,3
0.194258,0.119958,0.0243469,3
0.070533,0.181493,0.00706773,3
0.187333,0.217222,0.0201282,3
0.152604,0.173107,0.0524648,3
0.193644,0.194744,0.0335591,3
0.184462,0.164981,0.00328388,3
0.195415,0.15073,0.0320442,3
0.0257797,0.103278,0.0755687,3
0.00116561,0.198467,0.0066861,3
0.176991,0.148649,0.0292195,3
0.112694,0.160449,0.0173562,3
0.11273,0.101487,0.0963677,3
0.185909,0.191074,0.101824,3
0.0701094,0.185523,0.0373062,3
0.00694234,0.176422,0.0409486,3
0.0650692,0.173457,0.105629,3
0.186102,0.169837,0.036019,3
0.185896,0.183814,0.0108692,3
0.0348061,0.120788,0.0817134,3
0.0722621,0.183024,0.0606697,3
0.200158,0.124197,0.0979875,3
0.212331,0.103169,0.102734,3
0.149437,0.211379,0.086683,3
0.132512,0.200684,0.0544228,3
0.17723,0.134382,0.0990927,3
0.0760525,0.218759,0.0817304,3
0.0893393,0.122279,0.0036715,3
0.151645,0.218866,0.00866261,3
0.196406,0.127878,0.0251822,3
0.188968,0.125209,0.0106566,3
0.210613,0.215981,0.0975059,3
0.00641423,0.192005,0.0230374,3
0.153594,0.211683,0.0395596,3
0.0710946,0.202174,0.0137604,3
0.0783378,0.187401,0.0650123,3
0.170656,0.109204,0.0932534,3
0.132582,0.193041,0.032836,3
0.170361,0.132693,0.108575,3
0.0237116,0.108631,0.0608585,3
0.134752,0.197579,0.0792377,3
0.223959,0.111526,0.0238961,3
0.198535,0.110839,0.0844506,3
0.100636,0.166268,0.0681613,3
0.137923,0.167998,0.0623457,3
0.117812,0.138072,0.0814324,3
0.188583,0.131368,0.0538652,3
0.215795,0.212953,0.00349322,3
0.220596,0.127526,0.0417643,3
0.191437,0.130294,0.0175327,3
0.0911842,0.125207,0.10019,3
0.224869,0.193089,0.0134369,3
0.0386589,0.139765,0.0872473,3
0.206542,0.116052,0.0552827,3
0.122813,0.105314,0.0155464,3
