x coord,y coord,z coord,rank
0.0980627,0.139397,0.160621,0
0.0645537,0.191645,0.0926042,0
0.0322776,0.213366,0.211268,0
0.0947171,0.18945,0.163847,0
0.0774027,0.129961,0.0683792,0
0.0325406,0.120315,0.0668752,0
0.056589,0.120235,0.0298474,0
0.0282266,0.211551,0.156666,0
0.0546532,0.22078,0.18889,0
0.0985533,0.153095,0.0784366,0
0.0838066,0.150384,0.140649,0
0.0945956,0.212059,0.159056,0
0.0269924,0.138535,0.0189269,0
0.106954,0.206277,0.054274,0
0.0257387,0.180165,0.017468,0
0.0223778,0.171604,0.200027,0
0.0855883,0.133018,0.112954,0
0.0266802,0.214223,0.191749,0
0.0790666,0.146911,0.0513479,0
0.0749135,0.147846,0.0485846,0
0.0224389,0.141451,0.167313,0
0.00304166,0.159116,0.0543587,0
0.0851671,0.127025,0.216937,0
0.0752933,0.120773,0.212875,0
0.0478125,0.213344,0.132504,0
0.0890295,0.117899,0.103362,0
0.0213152,0.222023,0.00682439,0
0.0387404,0.183615,0.0165817,0
0.0842456,0.192316,0.0705261,0
0.0548636,0.189756,0.0390286,0
0.00623482,0.148321,0.0408775,0
0.110127,0.116108,0.0367708,0
0.030899,0.126545,0.0573915,0
0.0378736,0.218838,0.0143454,0
0.0336085,0.130915,0.0288811,0
0.0447647,0.202985,0.0133587,0
0.0512713,0.196432,0.136427,0
0.105443,0.211355,0.0929656,0
0.0515189,0.218375,0.0509139,0
0.0908332,0.193623,0.0100747,0
0.0961116,0.181804,0.00926995,0
0.0610141,0.118173,0.198555,0
0.0926144,0.188577,0.0285732,0
0.0411819,0.179393,0.16679,0
0.0242241,0.116407,0.169162,0
0.102747,0.125479,0.0370042,0
0.108217,0.118397,0.0624734,0
0.106489,0.181083,0.124253,0
0.0878541,0.114151,0.109915,0
0.0366923,0.198385,0.157972,0
0.0124165,0.21787,0.0634212,0
0.0300721,0.144307,0.0357094,0
0.0938355,0.221012,0.0305021,0
0.0587718,0.136762,0.174673,0
0.0149916,0.220649,0.153075,0
0.0776187,0.223988,0.183803,0
0.0369862,0.157727,0.0945701,0
0.0770762,0.159697,0.0757409,0
0.0340232,0.13928,0.199558,0
0.0552305,0.196513,0.176577,0
0.030364,0.180922,0.149992,0
0.102738,0.18645,0.0475794,0
0.110272,0.218219,0.166248,0
0.0396638,0.159611,0.0699745,0
0.0496144,0.132113,0.0365814,0
0.1067,0.172765,0.00865794,0
0.0664571,0.163123,0.0974792,0
0.0607563,0.154138,0.0503567,0
0.0701776,0.138377,0.15127,0
0.0519591,0.14517,0.0546082,0
0.0454723,0.214057,0.0758316,0
0.0780392,0.163004,0.130111,0
0.0483609,0.149488,0.101821,0
0.0618963,0.120075,0.035562,0
0.0849551,0.124768,0.213947,0
0.0179018,0.145188,0.0911151,0
0.0966379,0.128689,0.0840346,0
0.115186,0.159156,0.0784106,0
0.0685814,0.170972,0.172854,0
0.0975339,0.166677,0.0369504,0
4.5098e-05,0.116313,0.111619,0
0.10589,0.143539,0.0201341,0
0.0178576,0.143238,0.176513,0
0.0566752,0.196478,0.15186,0
0.00843613,0.173573,0.158039,0
0.10377,0.220864,0.0533707,0
0.022793,0.150697,0.20018,0
0.0237163,0.156641,0.147982,0
0.103333,0.184908,0.0875635,0
0.103101,0.170542,0.161984,0
0.061204,0.188859,0.181251,0
0.080564,0.155961,0.180194,0
0.115465,0.139887,0.0719105,0
0.0560636,0.126563,0.173934,0
0.11264,0.143425,0.0755154,0
0.0268639,0.157753,0.126327,0
0.0686914,0.140743,0.0426909,0
0.0368974,0.195557,0.189732,0
0.0362394,0.126463,0.187229,0
0.104745,0.208214,0.0706455,0
0.0378056,0.135701,0.201404,0
0.0375799,0.119211,0.193781,0
0.0877502,0.214171,0.215792,0
0.115156,0.185596,0.174039,0
0.0303171,0.127499,0.190206,0
0.0979534,0.116398,0.0661865,0
0.0694992,0.160053,0.135554,0
0.0958062,0.159192,0.185562,0
0.0404949,0.170859,0.125943,0
0.0979663,0.167613,0.129465,0
0.110171,0.185823,0.173563,0
0.0338879,0.187444,0.185695,0
0.0877333,0.187089,0.163574,0
0.100444,0.219068,0.223828,0
0.10353,0.178012,0.121655,0
0.116543,0.176436,0.168822,0
0.0788195,0.223455,0.105403,0
0.0152239,0.1165,0.119911,0
0.0425405,0.213788,0.119753,0
0.110383,0.19293,0.0346433,0
0.110231,0.141632,0.224681,0
0.03374,0.117915,0.150678,0
0.190824,0.0973943,0.158384,1
0.143483,0.102147,0.119753,1
0.168582,0.102189,0.219982,1
0.124228,0.167686,0.00526094,1
0.218644,0.115363,0.117224,1
0.118496,0.224056,0.19022,1
0.119625,0.10485,0.224251,1
0.195055,0.22014,0.133586,1
0.119199,0.196272,0.0392181,1
0.221424,0.117079,0.134142,1
0.1741,0.088043,0.198262,1
0.126518,0.131818,0.0965874,1
0.164062,0.0874317,0.131631,1
0.170894,0.101047,0.0746337,1
0.139398,0.140751,0.104957,1
0.134005,0.223995,0.0179508,1
0.160608,0.142497,0.0381647,1
0.132519,0.179155,0.222249,1
0.141319,0.125554,0.00292535,1
0.189698,0.0999128,0.0337206,1
0.152533,0.184406,0.123583,1
0.224419,0.160177,0.0360339,1
0.190937,0.18069,0.0442133,1
0.143006,0.0945747,0.0404189,1
0.224306,0.188412,0.0164832,1
0.202062,0.169011,0.0670323,1
0.201136,0.223699,0.107354,1
0.132974,0.118259,0.106135,1
0.183493,0.123257,0.0484434,1
0.185306,0.148604,0.178077,1
0.181368,0.178256,0.0154906,1
0.174466,0.218228,0.111744,1
0.123701,0.202671,0.0988739,1
0.11878,0.150209,0.198874,1
0.207835,0.173411,0.0772427,1
0.165141,0.101377,0.0243933,1
0.130927,0.171838,0.121169,1
0.149982,0.105424,0.223127,1
0.175701,0.211378,0.0998191,1
0.137585,0.210371,0.0539379,1
0.146001,0.132819,0.0691623,1
0.132239,0.18218,0.223137,1
0.12917,0.149426,0.00270214,1
0.223353,0.178456,0.0901124,1
0.117505,0.103007,0.108509,1
0.174131,0.195871,0.0487709,1
0.16639,0.1357,0.0580898,1
0.134629,0.155063,0.218041,1
0.193861,0.168327,0.134841,1
0.185062,0.148285,0.0121346,1
0.144911,0.192655,0.0455306,1
0.201807,0.147061,0.205903,1
0.160897,0.212856,0.107647,1
0.172786,0.0768123,0.180968,1
0.169212,0.105568,0.0687074,1
0.17235,0.122206,0.0204875,1
0.15219,0.174438,0.166534,1
0.159337,0.162559,0.0960622,1
0.158861,0.129786,0.033823,1
0.206551,0.107429,0.127779,1
0.181801,0.117465,0.00220688,1
0.136553,0.14143,0.212046,1
0.188395,0.162244,0.222773,1
0.123535,0.146759,0.211393,1
0.20324,0.105988,0.16197,1
0.158161,0.163307,0.0972852,1
0.217875,0.149986,0.161512,1
0.128352,0.154021,0.166038,1
0.129515,0.196529,0.174546,1
0.180743,0.171639,0.0180247,1
0.201041,0.153988,0.0542371,1
0.212116,0.197703,0.111505,1
0.136862,0.223826,0.0157559,1
0.168262,0.189643,0.139289,1
0.199865,0.161201,0.204338,1
0.199521,0.0864787,0.0472751,1
0.210013,0.0851896,0.0814263,1
0.121257,0.0962665,0.134774,1
0.19798,0.211147,0.116325,1
0.19116,0.184472,0.146931,1
0.200904,0.180513,0.00271993,1
0.182988,0.0819674,0.0166548,1
0.159253,0.194401,0.0588719,1
0.213574,0.100534,0.203521,1
0.118237,0.204179,0.131597,1
0.127482,0.175706,0.154878,1
0.152457,0.209913,0.163114,1
0.179988,0.0929475,0.0458904,1
0.190172,0.144369,0.172002,1
0.178254,0.12642,0.0434612,1
0.156497,0.158472,0.0670734,1
0.16674,0.0997202,0.0953766,1
0.135183,0.16925,0.0858516,1
0.131491,0.080429,0.00860118,1
0.152309,0.21157,0.196355,1
0.152853,0.166394,0.145326,1
0.152012,0.150489,0.10948,1
0.163035,0.105232,0.0245802,1
0.176731,0.180577,0.0987303,1
0.224209,0.180686,0.198334,1
0.133512,0.217834,0.0761645,1
0.224555,0.121423,0.0972017,1
0.126445,0.0997826,0.0737964,1
0.179724,0.0819744,0.0572491,1
0.16489,0.210142,0.131351,1
0.132934,0.214776,0.187138,1
0.205782,0.138982,0.178084,1
0.189209,0.143497,0.114318,1
0.166064,0.224455,0.167008,1
0.209492,0.157792,0.146802,1
0.17483,0.0963045,0.105555,1
0.21534,0.169598,0.108728,1
0.16749,0.148703,0.098055,1
0.129718,0.144535,0.175064,1
0.15351,0.120306,0.187088,1
0.140378,0.191892,0.192807,1
0.196362,0.184868,0.0465139,1
0.213194,0.1808,0.215487,1
0.133833,0.0835781,0.0437864,1
0.123759,0.123848,0.114853,1
0.129294,0.155793,0.0680108,1
0.154097,0.0768957,0.0655677,1
0.122442,0.0838325,0.0449692,1
0.122831,0.218498,0.0831595,1
0.131943,0.078316,0.121416,1
0.117196,0.199802,0.20952,1
0.123935,0.0767302,0.160994,1
0.117252,0.219324,0.0881004,1
0.0533152,0.0620823,0.0261626,2
0.106287,0.0759711,0.197137,2
0.037901,0.0359778,0.0516365,2
0.0827515,0.107711,0.0884664,2
0.087717,0.0519597,0.116538,2
0.0252184,0.0451151,0.0933773,2
0.0850816,0.0870464,0.180573,2
0.0345968,0.0967662,0.101342,2
0.111801,0.110794,0.0808886,2
0.0428482,0.109661,0.13918,2
0.0704155,0.0232053,0.0162097,2
0.0693808,0.0709921,0.198276,2
0.0976201,0.101475,0.213288,2
0.0295245,0.0991328,0.170504,2
0.0618533,0.0619005,0.0206971,2
0.0421677,0.0759088,0.194282,2
0.0328401,0.0919464,0.105935,2
0.0334744,0.0445459,0.136618,2
0.0545272,0.00912258,0.174937,2
0.0980937,0.10804,0.039339,2
0.0194332,0.0245461,0.0998888,2
0.0424864,0.0804674,0.165339,2
0.00593384,0.0620792,0.218779,2
0.0975795,0.0906361,0.123735,2
0.0818876,0.0122844,0.0762893,2
0.00100153,0.0505129,0.0807222,2
0.0803478,0.0979778,0.00195675,2
0.101545,0.0624237,0.0679568,2
0.00187131,0.0614807,0.105305,2
0.0797132,0.0553677,0.116541,2
0.0686526,0.0778583,0.197526,2
0.00767692,0.0899651,0.0245912,2
0.0432722,0.00444192,0.159235,2
0.0688524,0.0276174,0.198025,2
0.0813794,0.0344451,0.12127,2
0.0708162,0.0673365,0.133052,2
0.093142,0.0190243,0.12378,2
0.0717582,0.0968374,0.187448,2
0.0483222,0.00948219,0.116917,2
0.048473,0.0570319,0.142834,2
0.0816635,0.10326,0.101341,2
0.0107108,0.0924741,0.064795,2
0.0145526,0.0349431,0.174422,2
0.100322,0.0236893,0.0990529,2
0.0769673,0.108665,0.139929,2
0.0886412,0.0685223,0.132984,2
0.0189915,0.0767275,0.0665916,2
0.0589972,0.109782,0.123069,2
0.0182824,0.113365,0.214717,2
0.10447,0.0512044,0.189272,2
0.00136407,0.0303513,0.159963,2
0.0796076,0.0475922,0.219654,2
0.0648336,0.0984758,0.172192,2
0.0184068,0.0408352,0.00697878,2
0.0301829,0.110102,0.16214,2
0.103498,0.078455,0.00752603,2
0.06516,0.0731662,0.172211,2
0.00182862,0.00288798,0.090211,2
0.00252585,0.0778143,0.119732,2
0.0707778,0.05297,0.0850547,2
0.0785411,0.0399481,0.136475,2
0.0868958,0.0886991,0.0659829,2
0.0877343,0.0884738,0.123996,2
0.102285,0.100098,0.0422144,2
0.0396718,0.0994876,0.162704,2
0.00702329,0.0494737,0.0882832,2
0.0851607,0.0962315,0.203511,2
0.0638164,0.0136149,0.125734,2
0.108682,0.0391206,0.0269567,2
0.032513,0.109666,0.0739829,2
0.109935,0.0770816,0.0488692,2
0.0267475,0.00143167,0.0621753,2
0.0393968,0.019714,0.0200174,2
0.106397,0.105266,0.0700336,2
0.058097,0.0112297,0.153527,2
0.114111,0.0706222,0.0401424,2
0.0410909,0.0370429,0.123393,2
0.0439617,0.106628,0.00388113,2
0.0446305,0.0278346,0.110903,2
0.0379502,0.00180013,0.158656,2
0.0713812,0.0978318,0.0382702,2
0.0382322,0.025155,0.115012,2
0.101125,0.0193558,0.0910087,2
0.0207991,0.0130146,0.0216385,2
0.0641407,0.0585433,0.200345,2
0.0706956,0.0526584,0.0609043,2
0.103354,0.0272812,0.143164,2
0.0569308,0.0524993,0.0183396,2
0.039148,0.110459,0.00817527,2
0.00678931,0.0775889,0.0508164,2
0.0350926,0.0174028,0.0982154,2
0.00818849,0.0220725,0.0797302,2
0.0908166,0.0482815,0.104369,2
0.0995191,0.0413807,0.0190174,2
0.0830838,0.0574023,0.0245687,2
0.0819117,0.0663704,0.0773106,2
0.075124,0.0345818,0.0209019,2
0.11251,0.0554398,0.0734563,2
0.110517,0.0493439,0.0301071,2
0.106808,0.0773412,0.0254544,2
0.0459199,0.0287977,0.165289,2
0.00188639,0.0245187,0.100509,2
0.101105,0.0514779,0.141551,2
0.0870939,0.0637067,0.212292,2
0.030665,0.0958354,0.221952,2
0.0941259,0.0397087,0.177595,2
0.0487294,0.0451289,0.0648493,2
0.0452151,0.0735349,0.142722,2
0.0357886,0.070424,0.20912,2
0.0404587,0.0143535,0.0997196,2
0.0246918,0.0965615,0.159572,2
0.00852624,0.0702494,0.141559,2
0.0924411,0.107764,0.0831306,2
0.0723475,0.0700489,0.178505,2
0.0778201,0.0791399,0.0126188,2
0.0328678,0.0738942,0.216964,2
0.0940567,0.0777252,0.120284,2
0.0742449,0.0952303,0.0840952,2
0.014698,0.0291069,0.124243,2
0.0517974,0.0947065,0.0603126,2
0.111025,0.0732748,0.0908274,2
0.0955399,0.0927984,0.0887256,2
0.0181949,0.0346476,0.128995,2
0.113147,0.0393123,0.0824748,2
0.112726,0.0371865,0.146686,2
0.0546995,0.113031,0.177896,2
0.115092,0.0180676,0.0775955,2
0.115971,0.109438,0.0336677,2
0.119728,0.0206337,0.0932965,3
0.160539,0.0469931,0.0855559,3
0.1735,0.0568914,0.0121036,3
0.125471,0.0449319,0.0984407,3
0.217791,0.0300893,0.143665,3
0.191666,0.0506902,0.0586804,3
0.172075,0.0354392,0.06429,3
0.214888,0.037762,0.0175891,3
0.13104,0.00222649,0.105829,3
0.154814,0.073606,0.198684,3
0.170294,0.0411749,0.0690059,3
0.175451,0.0402955,0.0675716,3
0.172972,0.038314,0.0694894,3
0.17801,0.0381814,0.06624,3
0.174197,0.0362852,0.0640303,3
0.156548,0.0438217,0.0803269,3
0.15493,0.0404934,0.101586,3
0.13162,0.0517563,0.0879496,3
0.177327,0.0410071,0.0679411,3
0.174705,0.0410822,0.0677406,3
0.171848,0.0420963,0.0656132,3
0.172288,0.0357145,0.0687533,3
0.217809,0.0712002,0.0967712,3
0.175466,0.0392465,0.0592791,3
0.169389,0.0415187,0.0684133,3
0.172287,0.03765,0.0682205,3
0.179914,0.026079,0.0885392,3
0.175315,0.0395603,0.0661113,3
0.122999,0.074977,0.221985,3
0.178567,0.0422085,0.0711998,3
0.17173,0.0240478,0.0409616,3
0.172335,0.0379185,0.0636049,3
0.126193,0.0180659,0.125517,3
0.171064,0.0395343,0.0717722,3
0.209137,0.00771936,0.0598748,3
0.117086,0.0399671,0.12892,3
0.12274,0.0168658,0.132226,3
0.175203,0.037152,0.0644543,3
0.170519,0.075487,0.0277226,3
0.120753,0.0475457,0.102624,3
0.125295,0.00327889,0.215557,3
0.192712,0.00775651,0.144549,3
0.171235,0.00662225,0.00939185,3
0.175728,0.012056,0.0767625,3
0.175273,0.0362092,0.156507,3
0.197188,0.0607349,0.195348,3
0.197076,0.0095563,0.120244,3
0.169347,0.03976,0.0679604,3
0.118232,0.0548357,0.196066,3
0.19165,0.0410408,0.178818,3
0.146906,0.0608058,0.0259301,3
0.188362,0.0348061,0.197879,3
0.172222,0.018252,0.000110213,3
0.173195,0.0411963,0.0684903,3
0.125944,0.0517093,0.138511,3
0.18214,0.0156534,0.217725,3
0.191403,0.0572597,0.208699,3
0.187716,0.0654423,0.203397,3
0.21465,0.00680537,0.155365,3
0.175936,0.0102311,0.157565,3
0.157531,0.0069433,0.215568,3
0.224887,0.0227707,0.20093,3
0.168302,0.0428974,0.0635861,3
0.159466,0.0221171,0.116689,3
0.179597,0.0397461,0.0664393,3
0.196348,0.0656726,0.200563,3
0.176837,0.0381141,0.0663099,3
0.175764,0.0404154,0.0706505,3
0.174104,0.0352848,0.0656214,3
0.141866,0.0168857,0.185626,3
0.192183,0.04668,0.0970534,3
0.22334,0.00851872,0.173133,3
0.173681,0.0380776,0.0605431,3
0.223278,0.0320255,0.120581,3
0.201601,0.0737583,0.0860519,3
0.216048,0.0288221,0.155572,3
0.170499,0.0413694,0.0642809,3
0.177379,0.00390799,0.205234,3
0.154767,0.0404528,0.109301,3
0.173741,0.0482747,0.179814,3
0.171357,0.0729036,0.194931,3
0.175539,0.0340809,0.0641551,3
0.137316,0.000266952,0.156764,3
0.159286,0.0494679,0.196758,3
0.207488,0.0129865,0.151863,3
0.173086,0.0405382,0.0677344,3
0.177094,0.0424807,0.0640613,3
0.184125,0.0051098,0.0511386,3
0.21788,0.00704192,0.155639,3
0.135776,0.0172393,0.160207,3
0.155351,0.0452958,0.0794317,3
0.172428,0.0383311,0.0662727,3
0.178959,0.0376293,0.0661561,3
0.161186,0.00783454,0.0937127,3
0.172005,0.0462181,0.115738,3
0.175649,0.0378342,0.0657253,3
0.170478,0.0364593,0.0670321,3
0.172381,0.039006,0.0684926,3
0.17567,0.0408433,0.069407,3
0.11779,0.00444799,0.219597,3
0.174853,0.0431726,0.0669583,3
0.223269,0.018019,0.150366,3
0.172016,0.0410675,0.0650776,3
0.142027,0.0712895,0.0170705,3
0.19948,0.0633852,0.174962,3
0.174116,0.0315348,0.0647318,3
0.18594,0.063676,0.0234208,3
0.204477,0.0147939,0.14355,3
0.217009,0.0553867,0.182006,3
0.172734,0.0422196,0.0640232,3
0.17985,0.044816,0.0678238,3
0.165299,0.0320634,0.148289,3
0.176801,0.0398303,0.0667,3
0.188327,0.0522703,0.132379,3
0.224678,0.0200378,0.210233,3
0.179533,0.0499742,0.167628,3
0.22399,0.0702417,0.0488945,3
0.168656,0.0590045,0.139646,3
0.201696,0.0310751,0.11939,3
0.205478,0.015799,0.123439,3
0.181806,0.0349083,0.0934108,3
0.143219,0.0660419,0.0812821,3
