x coord,y coord,z coord,rank
0.102885,0.148708,0.210741,0
0.0883354,0.0835857,0.122457,0
0.0426895,0.181553,0.14817,0
0.107552,0.151039,0.107797,0
0.0984927,0.154337,0.107495,0
0.100788,0.105576,0.119582,0
0.046447,0.116591,0.116056,0
0.0746444,0.126379,0.198047,0
0.028117,0.0712043,0.156745,0
0.0621159,0.127439,0.220811,0
0.0537643,0.0684902,0.211612,0
0.0660326,0.222628,0.200858,0
0.0467019,0.0598546,0.176097,0
0.000283972,0.0485533,0.127101,0
0.106432,0.153622,0.109847,0
0.10325,0.152273,0.1061,0
0.104562,0.145943,0.107272,0
0.0700071,0.199643,0.131057,0
0.0894069,0.123139,0.22176,0
0.0394956,0.0759489,0.221271,0
0.0702104,0.0669642,0.183557,0
0.105474,0.0817357,0.209489,0
0.0616963,0.0847028,0.201938,0
0.0951312,0.0899858,0.197321,0
0.0384481,0.0567525,0.20158,0
0.0713255,0.188229,0.191819,0
0.105822,0.148328,0.106673,0
0.100118,0.147783,0.109493,0
0.0728911,0.190539,0.13801,0
0.106408,0.154672,0.110294,0
0.0682002,0.175338,0.192608,0
0.0644416,0.221709,0.123945,0
0.0899204,0.190466,0.202475,0
0.020495,0.026564,0.196801,0
0.0740884,0.188891,0.189199,0
0.00924549,0.0218918,0.116833,0
0.00370372,0.109884,0.200578,0
0.0760755,0.13334,0.20843,0
0.102363,0.152946,0.107366,0
0.00930193,0.0359791,0.179194,0
0.0103723,0.165118,0.168416,0
0.072505,0.205738,0.189062,0
0.100001,0.15271,0.107662,0
0.0945872,0.20895,0.145506,0
0.105002,0.148789,0.106202,0
0.0756136,0.073313,0.180702,0
0.0931733,0.0687736,0.14274,0
0.105546,0.0230115,0.195305,0
0.00201713,0.0553791,0.128375,0
0.108966,0.0817074,0.218822,0
0.0516354,0.163221,0.157078,0
0.100173,0.104206,0.224268,0
0.0476367,0.163446,0.137976,0
0.00999047,0.0149658,0.113057,0
0.0683972,0.118498,0.16632,0
0.0576899,0.107995,0.202129,0
0.0242734,0.222306,0.162853,0
0.0356855,0.115906,0.195236,0
0.0177252,0.124991,0.1797,0
0.0353508,0.183371,0.155436,0
0.0388567,0.100494,0.15334,0
0.0460255,0.0809867,0.201253,0
0.0160656,0.172573,0.139937,0
0.0447753,0.11494,0.197321,0
0.104103,0.152902,0.112344,0
0.0324958,0.193548,0.141671,0
0.106251,0.0535507,0.164542,0
0.103821,0.15148,0.107128,0
0.0459524,0.197044,0.127453,0
0.00869328,0.0856677,0.117951,0
0.0835941,0.122544,0.140622,0
0.0180738,0.0861264,0.204178,0
0.0476667,0.213715,0.111207,0
0.0400644,0.195265,0.181356,0
0.0991298,0.17275,0.217867,0
0.103068,0.113806,0.21129,0
0.0646577,0.165025,0.209568,0
0.0680349,0.174564,0.152765,0
0.10719,0.154829,0.109641,0
0.0156688,0.0834118,0.106111,0
0.0435226,0.0459962,0.153041,0
0.10349,0.150554,0.106826,0
0.108309,0.146969,0.107784,0
0.107884,0.155214,0.108995,0
0.0967402,0.094209,0.19937,0
0.103153,0.160118,0.108042,0
0.046643,0.160466,0.151594,0
0.0272898,0.176851,0.154092,0
0.0228836,0.0632131,0.106266,0
0.0160217,0.135908,0.127243,0
0.0149934,0.0779795,0.207736,0
0.00330257,0.0191633,0.133257,0
0.0323043,0.196867,0.178621,0
0.0275263,0.00886524,0.209058,0
0.0799436,0.18692,0.186016,0
0.0306208,0.0947297,0.143342,0
0.0151183,0.0965466,0.137415,0
0.0229712,0.0716175,0.187139,0
0.0971345,0.149645,0.108552,0
0.0241904,0.0809081,0.130225,0
0.0542855,0.0718618,0.16151,0
0.0192797,0.0564153,0.161419,0
0.1068,0.0300072,0.147356,0
0.00529358,0.223227,0.115643,0
0.0812421,0.0989393,0.144706,0
0.00100164,0.0341626,0.143818,0
0.0424962,0.0968947,0.155348,0
0.109022,0.0395513,0.154901,0
0.103504,0.153394,0.106711,0
0.00318385,0.0941832,0.159823,0
0.0576327,0.0297333,0.155092,0
0.106444,0.149262,0.106318,0
0.108299,0.153756,0.112663,0
0.101003,0.152294,0.106271,0
0.0342155,0.0947753,0.223926,0
0.0372454,0.024191,0.215288,0
0.0544168,0.205716,0.116892,0
0.0496647,0.0519494,0.135545,0
0.0487598,0.0587396,0.108776,0
0.10398,0.156069,0.106348,0
0.100903,0.154395,0.106438,0
0.119413,0.162317,0.0556101,1
0.17564,0.0561355,0.0784908,1
0.115064,0.1662,0.0680569,1
0.122454,0.0221634,0.0832244,1
0.112615,0.153464,0.00174325,1
0.202916,0.176919,0.0148191,1
0.203342,0.172559,0.0154639,1
0.150387,0.0544899,0.0246437,1
0.167227,0.164311,0.0967332,1
0.128095,0.0123372,0.0903641,1
0.110708,0.149108,0.10161,1
0.140116,0.0621316,0.0141587,1
0.115476,0.161994,0.0625427,1
0.114828,0.162808,0.0353139,1
0.109448,0.186804,0.0107398,1
0.129333,0.0934999,0.0754949,1
0.220929,0.0632442,0.0728236,1
0.18939,0.0279646,0.0482864,1
0.114643,0.0477762,0.0339276,1
0.110054,0.150461,0.102688,1
0.198376,0.103679,0.0859625,1
0.176055,0.0182905,0.0920137,1
0.118952,0.170941,0.0736855,1
0.12097,0.129795,0.0499595,1
0.116706,0.0786852,0.00969456,1
0.168643,0.0629224,0.0644335,1
0.20894,0.187708,0.0250127,1
0.208502,0.034055,0.0999066,1
0.221311,0.135236,0.0632271,1
0.175497,0.180184,0.0724355,1
0.135639,0.0711969,0.0541836,1
0.123056,0.0252269,0.0242878,1
0.170088,0.0344234,0.0752961,1
0.130728,0.132012,0.0355063,1
0.138445,0.0783002,0.0189553,1
0.163376,0.0165132,0.0321368,1
0.150966,0.157389,0.0764176,1
0.167851,0.0905938,0.000587788,1
0.196247,0.0898114,0.0292684,1
0.16859,0.151843,0.0614024,1
0.147076,0.120002,0.074913,1
0.166839,0.00290457,0.0675594,1
0.120223,0.0215742,0.0113369,1
0.141675,0.00939186,0.0100582,1
0.12855,0.134303,0.0594106,1
0.190804,0.223204,0.0310957,1
0.199912,0.0890274,0.0282979,1
0.218605,0.213924,0.0677735,1
0.177897,0.0379948,0.00153986,1
0.159971,0.224361,0.0327257,1
0.199913,0.147232,0.0422514,1
0.129232,0.0733883,0.0541816,1
0.142677,0.155258,0.0311682,1
0.150945,0.161534,0.0236814,1
0.158025,0.139976,0.0373794,1
0.15251,0.0817612,0.0394448,1
0.139233,0.0865663,0.0305095,1
0.115598,0.166682,0.069219,1
0.198837,0.0193912,0.0541795,1
0.125781,0.176855,0.00205536,1
0.134434,0.0885785,0.0933469,1
0.134585,0.0860429,0.0967116,1
0.182532,0.218403,0.0532106,1
0.198485,0.0374643,0.0737125,1
0.201872,0.0025177,0.0496864,1
0.144216,0.0743395,0.0913019,1
0.176216,0.125935,0.0521382,1
0.113675,0.0214219,0.0869481,1
0.222622,0.0626143,0.0699364,1
0.115641,0.119061,0.08706,1
0.181254,0.0760823,0.0568901,1
0.168347,0.145373,0.0777363,1
0.208907,0.126481,0.0889909,1
0.146899,0.0509362,0.0119824,1
0.195508,0.126545,0.0861372,1
0.133542,0.141314,0.0454713,1
0.191754,0.0898727,0.0297256,1
0.151598,0.0847166,0.104824,1
0.159081,0.196134,0.0681959,1
0.197257,0.19531,0.0499487,1
0.158556,0.149964,0.0317001,1
0.167154,0.0121872,0.100018,1
0.192024,0.11916,0.00514703,1
0.194658,0.187354,0.0732967,1
0.169963,0.0932392,0.0298242,1
0.193783,0.221369,0.0342808,1
0.20885,0.0899289,0.0700232,1
0.155003,0.0159145,0.0108074,1
0.129831,0.0849376,0.0925431,1
0.128621,0.0865875,0.0966657,1
0.149115,0.0669626,0.0982644,1
0.188929,0.0382479,0.00464606,1
0.189303,0.21376,0.0195588,1
0.167424,0.120433,0.0269207,1
0.126503,0.166005,0.0507968,1
0.214644,0.0713589,0.00576863,1
0.220254,0.119462,0.0908397,1
0.152635,0.0490922,0.0815602,1
0.209169,0.111112,0.027351,1
0.159578,0.080089,0.049083,1
0.112087,0.204869,0.0997934,1
0.193519,0.011643,0.0421385,1
0.22156,0.0630039,0.0219911,1
0.189229,0.00627058,0.0601975,1
0.18857,0.175273,0.0708909,1
0.203652,0.000832625,0.0771824,1
0.219041,0.14057,0.0706994,1
0.121533,0.175343,0.0672127,1
0.201393,0.0721557,0.0768474,1
0.111123,0.0477876,0.0516522,1
0.145138,0.0577406,0.0605407,1
0.17333,0.165149,0.0650051,1
0.112405,0.0628107,0.0253578,1
0.215726,0.105144,0.0965844,1
0.180395,0.0282545,0.0421288,1
0.17523,0.0888307,0.00622784,1
0.195184,0.116741,0.0424215,1
0.175765,0.0603326,0.0165204,1
0.139722,0.120978,0.0703429,1
0.171777,0.152269,0.0994419,1
0.223514,0.105382,0.0941725,1
0.109237,0.0594819,0.0437597,1
0.108523,0.15661,0.100737,1
0.108113,0.150658,0.103766,1
0.107902,0.152109,0.0999342,1
0.102911,0.150692,0.101426,2
0.101197,0.15649,0.102912,2
0.101322,0.151231,0.105888,2
0.00925,0.146383,0.00584065,2
0.0624414,0.194277,0.063407,2
0.0924207,0.145839,0.0147027,2
0.0312872,0.137435,0.0266156,2
0.0989603,0.154702,0.104763,2
0.0963574,0.0883829,0.104951,2
0.0125122,0.144883,0.0403028,2
0.105686,0.0490631,0.0573802,2
0.0682541,0.126129,0.0534072,2
0.0230011,0.214284,0.0157033,2
0.0400909,0.132387,0.0741572,2
0.0680405,0.00974402,0.0671333,2
0.0979052,0.152119,0.102925,2
0.103123,0.15614,0.105671,2
0.102489,0.15748,0.104747,2
0.010872,0.0987059,0.0859465,2
0.0803442,0.163568,0.0180178,2
0.0617653,0.171709,0.0989628,2
0.000909544,0.0721309,0.0239089,2
0.0458907,0.062067,0.0678673,2
0.0200139,0.057259,0.0143668,2
0.0787399,0.0329489,0.0595854,2
0.0357114,0.126122,0.0714189,2
0.098575,0.151872,0.105452,2
0.000635616,0.204707,0.0411266,2
0.0368785,0.192877,0.0345231,2
0.104129,0.1565,0.10357,2
0.048671,0.0408725,0.050232,2
0.0742007,0.20948,0.076813,2
0.0663739,0.101174,0.0544016,2
0.101774,0.15427,0.103246,2
0.0783836,0.0559462,0.0367776,2
0.102375,0.175558,0.0153128,2
0.103405,0.157352,0.103266,2
0.0571428,0.209754,0.012562,2
0.100591,0.000216685,0.0808299,2
0.103843,0.00193343,0.0478625,2
0.0111645,0.00518604,0.0573531,2
0.107569,0.150962,0.10201,2
0.0983143,0.0137987,0.0666368,2
0.0136467,0.188457,0.0549569,2
0.0694005,0.158959,0.0236585,2
0.0207029,0.0377136,0.00123169,2
0.0376456,0.209715,0.0192253,2
0.100692,0.148258,0.102648,2
0.052189,0.22211,0.00130824,2
0.0586024,0.220208,0.036442,2
0.0734768,0.201043,0.0868235,2
0.0575515,0.183902,0.0984237,2
0.000197642,0.17197,0.0727631,2
0.0277605,0.0392814,0.0416458,2
0.0555487,0.0348218,0.0783784,2
0.104869,0.147937,0.104246,2
0.0554823,0.21848,0.0624316,2
0.0658243,0.198304,0.00750616,2
0.0707453,0.00742153,0.00104443,2
0.102186,0.216905,0.017181,2
0.0587784,0.145421,0.0663764,2
0.101639,0.0112062,0.0167117,2
0.0820728,0.199976,0.0397426,2
0.0586509,0.0721952,0.0114645,2
0.0896571,0.0671277,0.0682759,2
0.0177559,0.0607876,0.0598661,2
0.101354,0.151695,0.103689,2
0.0370903,0.0852066,0.0573,2
0.0112615,0.00602664,0.0776545,2
0.0109252,0.0277551,0.0687946,2
0.0424915,0.19867,0.0894978,2
0.0524405,0.0970149,0.0542831,2
0.0851115,0.0349792,0.0433992,2
0.00373694,0.200785,0.0276573,2
0.0657833,0.164169,0.0256768,2
0.0750859,0.00510418,0.0753691,2
0.0486108,0.149982,0.040221,2
0.0801571,0.151258,0.0312805,2
0.106375,0.151153,0.103908,2
0.0672587,0.0982123,0.0388458,2
0.105102,0.157184,0.103822,2
0.0626157,0.204527,0.0578775,2
0.0605379,0.0346893,0.0370674,2
0.0130594,0.0793145,0.0131859,2
0.103254,0.0732105,0.0906054,2
0.0988542,0.153449,0.101666,2
0.0823427,0.201969,0.0320287,2
0.04371,0.128516,0.0522415,2
0.0553504,0.219941,0.0641056,2
0.0471899,0.218981,0.00283405,2
0.0271302,0.0420716,0.0719621,2
0.0238945,0.0730545,0.028135,2
0.106245,0.151691,0.102994,2
0.00527134,0.175566,0.0785559,2
0.0877294,0.18043,0.00694968,2
0.074195,0.0179927,0.0122534,2
0.0569407,0.0105285,0.0274958,2
0.0528411,0.0553571,0.0175825,2
0.0693393,0.221632,0.101782,2
0.104183,0.151963,0.101069,2
0.0898285,0.118362,0.00529335,2
0.098365,0.149875,0.101716,2
0.101137,0.152812,0.10242,2
0.0996345,0.145683,0.102957,2
0.10189,0.148391,0.103539,2
0.104062,0.162003,0.104119,2
0.0306327,0.139448,0.0295727,2
0.103507,0.15548,0.101867,2
0.103,0.10798,0.0317429,2
0.0718495,0.0497721,0.086083,2
0.085589,0.154276,0.0558887,2
0.0611605,0.100903,0.0520062,2
0.0695756,0.0177491,0.102417,2
0.0881042,0.106819,0.0454757,2
0.00366757,0.0260164,0.0055568,2
0.0134729,0.0658279,0.0115872,2
0.0195257,0.0615299,0.0672093,2
0.00066193,0.114279,0.0158547,2
0.0320382,0.125554,0.0923592,2
0.0984908,0.0278576,0.0580424,2
0.10124,0.152532,0.102458,2
0.0303675,0.00924842,0.100258,2
0.104716,0.15688,0.103811,2
0.104408,0.156505,0.10412,2
0.067541,0.162909,0.104005,2
0.0428539,0.112792,0.105827,2
0.105278,0.151191,0.105892,2
0.113521,0.162166,0.123253,3
0.200574,0.152545,0.116218,3
0.151497,0.124738,0.158758,3
0.164485,0.145967,0.201052,3
0.113556,0.149259,0.219591,3
0.120601,0.146021,0.18247,3
0.217631,0.195986,0.174141,3
0.201613,0.0903144,0.22043,3
0.196688,0.160246,0.155604,3
0.146792,0.180975,0.218151,3
0.195237,0.185199,0.135136,3
0.140836,0.0675371,0.119732,3
0.146517,0.126364,0.132279,3
0.178535,0.14246,0.125379,3
0.135922,0.164931,0.205638,3
0.112378,0.160289,0.215276,3
0.220081,0.195614,0.170464,3
0.183002,0.0997775,0.178321,3
0.119902,0.0271625,0.116076,3
0.161027,0.193957,0.169836,3
0.212007,0.0353096,0.11777,3
0.159761,0.0933424,0.173115,3
0.177581,0.133652,0.119281,3
0.184977,0.0740907,0.221647,3
0.182708,0.180681,0.212715,3
0.184128,0.147459,0.189321,3
0.195867,0.119579,0.166305,3
0.175183,0.080636,0.17821,3
0.190757,0.141736,0.198391,3
0.153596,0.0429793,0.210366,3
0.115427,0.0656598,0.205292,3
0.142201,0.0171044,0.140455,3
0.215087,0.177516,0.110776,3
0.155053,0.162278,0.12262,3
0.171287,0.196374,0.120201,3
0.211229,0.206463,0.193771,3
0.183315,0.146332,0.123078,3
0.147386,0.100014,0.143716,3
0.150718,0.0258396,0.136922,3
0.151391,0.194659,0.183563,3
0.202027,0.162666,0.210593,3
0.143622,0.180278,0.140342,3
0.117588,0.182062,0.190919,3
0.181265,0.0519405,0.113473,3
0.110693,0.168467,0.206495,3
0.120076,0.159518,0.167623,3
0.179637,0.141928,0.174673,3
0.155995,0.131704,0.202,3
0.159048,0.079308,0.137491,3
0.214275,0.120258,0.202239,3
0.113959,0.109004,0.12801,3
0.133259,0.0530617,0.222669,3
0.154933,0.113891,0.176265,3
0.1227,0.162919,0.113693,3
0.15766,0.133938,0.1576,3
0.139217,0.187648,0.200527,3
0.184741,0.132977,0.2068,3
0.186681,0.14954,0.111494,3
0.114341,0.0595439,0.218102,3
0.167984,0.223478,0.15084,3
0.202489,0.186215,0.202633,3
0.18274,0.0270861,0.141507,3
0.166578,0.0632154,0.140379,3
0.144551,0.0905842,0.127546,3
0.214526,0.198685,0.175471,3
0.202452,0.149049,0.106509,3
0.124374,0.209384,0.133034,3
0.173235,0.212515,0.137253,3
0.136184,0.0874193,0.220679,3
0.223128,0.102028,0.17714,3
0.120526,0.0946128,0.211879,3
0.184733,0.19004,0.171901,3
0.138084,0.019175,0.201936,3
0.154251,0.0485099,0.161765,3
0.149332,0.145587,0.141008,3
0.110816,0.201584,0.1616,3
0.138653,0.00466997,0.133014,3
0.160035,0.0492951,0.192499,3
0.136139,0.18619,0.147525,3
0.159798,0.0156015,0.176199,3
0.160503,0.183991,0.111839,3
0.206331,0.133099,0.21982,3
0.134521,0.023979,0.203305,3
0.121593,0.194515,0.117568,3
0.161381,0.145328,0.125208,3
0.152828,0.0155894,0.17898,3
0.191245,0.11229,0.106008,3
0.148702,0.0234912,0.175824,3
0.177319,0.110899,0.177789,3
0.217838,0.186976,0.185301,3
0.187482,0.0503812,0.217084,3
0.118256,0.186321,0.164518,3
0.177657,0.134286,0.16823,3
0.224973,0.137041,0.141499,3
0.132297,0.188195,0.19437,3
0.131568,0.0742039,0.2181,3
0.204758,0.217763,0.146781,3
0.146159,0.13787,0.167568,3
0.191526,0.1518,0.177965,3
0.169422,0.187856,0.1941,3
0.110539,0.15282,0.109398,3
0.19345,0.199218,0.163063,3
0.185478,0.0704895,0.167867,3
0.173968,9.33552e-05,0.137482,3
0.12743,0.0332772,0.165668,3
0.136641,0.157087,0.185283,3
0.210832,0.209327,0.130668,3
0.221545,0.108673,0.110494,3
0.123242,0.170447,0.222644,3
0.212638,0.0164402,0.124709,3
0.138236,0.0163222,0.179578,3
0.181017,0.0758043,0.175237,3
0.111818,0.17493,0.188386,3
0.188434,0.0788603,0.168113,3
0.223685,0.133651,0.110104,3
0.111142,0.0967627,0.160571,3
0.156079,0.0317873,0.193441,3
0.186532,0.0925471,0.162678,3
0.135742,0.0342279,0.128064,3
0.163971,0.0276152,0.141704,3
0.216959,0.136833,0.12414,3
0.186407,0.195852,0.165857,3
0.170724,0.132296,0.115375,3
0.118097,0.163184,0.223135,3
0.110154,0.118029,0.178436,3
0.109533,0.156065,0.11073,3
0.109462,0.206898,0.160069,3
