x coord,y coord,z coord,rank
0.0810634,0.135189,0.0489149,0
0.0875067,0.137841,0.0586192,0
0.0910355,0.216091,0.0461451,0
0.0191546,0.141571,0.0736297,0
0.197012,0.185551,0.0682122,0
0.103148,0.192139,0.107249,0
0.180635,0.216457,0.112152,0
0.0177461,0.132452,0.0309943,0
0.202105,0.176758,0.110008,0
0.0686795,0.133259,0.0677203,0
0.202587,0.114427,0.0997504,0
0.0837257,0.113247,0.0873967,0
0.0637006,0.201443,0.0868204,0
0.0468148,0.147637,0.116233,0
0.0182185,0.126516,0.0674254,0
0.00074916,0.130537,0.0335986,0
0.0739646,0.200813,0.0790155,0
0.19929,0.208753,0.0500073,0
0.155575,0.153739,0.108517,0
0.21503,0.164461,0.0219257,0
0.0241229,0.176467,0.0170782,0
0.220718,0.211576,0.0170382,0
0.215298,0.22339,0.105224,0
0.0708228,0.170801,0.0993945,0
0.200657,0.191668,0.034943,0
0.187746,0.125446,0.0780995,0
0.11864,0.129931,0.0214265,0
0.142333,0.15562,0.0460316,0
0.204693,0.153203,0.0126878,0
0.122331,0.118534,0.0245197,0
0.0250169,0.180219,0.0469986,0
0.0698567,0.186782,0.0914858,0
0.0418336,0.130407,0.0303948,0
0.124475,0.132323,0.0409044,0
0.0275497,0.20447,0.00194657,0
0.181694,0.142421,0.0403471,0
0.0135743,0.193053,0.0725785,0
0.209958,0.176348,0.0341447,0
0.0191781,0.163104,0.0378451,0
0.0344473,0.122122,0.058985,0
0.167235,0.176542,0.00733387,0
0.0351402,0.186452,0.102908,0
0.189189,0.130775,0.0885114,0
0.146028,0.120606,0.0904689,0
0.209766,0.126757,0.0106681,0
0.0216152,0.168656,0.051417,0
0.027607,0.146666,0.0734283,0
0.118743,0.138833,0.0891047,0
0.139453,0.13356,0.0574842,0
0.177461,0.223819,0.0245998,0
0.0125583,0.218481,0.0843685,0
0.103718,0.150815,0.0768181,0
0.203444,0.200751,0.0500286,0
0.0288837,0.114925,0.0377401,0
0.192377,0.123321,0.0144093,0
0.145763,0.186599,0.0196045,0
0.0347445,0.138239,0.0763961,0
0.00262262,0.200981,0.0745222,0
0.169073,0.204054,0.070473,0
0.217677,0.218892,0.101339,0
0.103001,0.1608,0.0884254,0
0.209432,0.189001,0.0752717,0
0.0764183,0.182224,0.0214123,0
0.13469,0.135189,0.111061,0
0.0280979,0.165871,0.0409176,0
0.0797037,0.204284,0.0294584,0
5.44081e-05,0.196454,0.100979,0
0.053846,0.112302,0.0244212,0
0.198984,0.151254,0.0539627,0
0.159798,0.208229,0.0885369,0
0.000809033,0.206595,0.0129949,0
0.0702452,0.124159,0.0999392,0
0.0866358,0.112495,0.114635,0
0.0312643,0.201606,0.0613123,0
0.0976614,0.171318,0.0684372,0
0.218356,0.161701,0.0737234,0
0.214263,0.129391,0.107938,0
0.00209805,0.164216,0.0408678,0
0.00857535,0.197424,0.0927669,0
0.0666788,0.200567,0.0933885,0
0.0942061,0.173396,0.0490193,0
0.0847115,0.143548,0.0994887,0
0.158284,0.119866,0.0147111,0
0.0531335,0.191693,0.055043,0
0.0685166,0.160494,0.0795001,0
0.0477048,0.186736,0.0729222,0
0.0570854,0.22466,0.012701,0
0.099178,0.206465,0.0547558,0
0.19048,0.127123,0.0439866,0
0.0221424,0.224309,0.00792816,0
0.108979,0.165738,0.0484328,0
0.110747,0.197011,0.047009,0
0.106666,0.121955,0.00397246,0
0.112959,0.151061,0.0945561,0
0.0579487,0.1395,0.0842137,0
0.0155077,0.198469,0.0094902,0
0.127954,0.115159,0.0180213,0
0.10477,0.186457,0.00566962,0
0.0660303,0.150537,0.0908311,0
0.19962,0.215538,0.0948073,0
0.224427,0.129459,0.0201465,0
0.0159041,0.174504,0.0674408,0
0.129208,0.193652,0.00129135,0
0.102558,0.160458,0.0647631,0
0.10307,0.220031,0.0287012,0
0.0376523,0.189247,0.0941469,0
0.00300114,0.167446,0.0986391,0
0.0993673,0.141575,0.0662302,0
0.199275,0.158682,0.0572022,0
0.12558,0.172284,0.0372807,0
0.0583534,0.178052,0.0768419,0
0.0266687,0.161502,0.0301114,0
0.158015,0.162328,0.00621749,0
0.00624445,0.166351,0.0798196,0
0.164188,0.165352,0.0640012,0
0.114097,0.223694,0.0237529,0
0.107534,0.219735,0.109498,0
0.161778,0.215084,0.0155637,0
0.0138378,0.14296,0.0295736,0
0.120805,0.150452,0.103074,0
0.00272667,0.132738,0.0560924,0
0.159131,0.121613,0.0539078,0
0.108961,0.130634,0.0122458,0
0.0429319,0.21067,0.0984471,0
0.0503101,0.114312,0.0374516,0
0.160851,0.163758,0.114417,0
0.0978584,0.188022,0.14437,1
0.0777808,0.182485,0.134763,1
0.0471121,0.218635,0.205691,1
0.0248846,0.119413,0.208664,1
0.132763,0.198919,0.168224,1
0.0830817,0.147735,0.117486,1
0.0330972,0.20046,0.141262,1
0.0860245,0.144184,0.119416,1
0.10198,0.141798,0.150267,1
0.0127401,0.145693,0.138868,1
0.0880866,0.172903,0.190345,1
0.0677732,0.19132,0.170889,1
0.0931523,0.138389,0.117495,1
0.107778,0.195303,0.187467,1
0.0967831,0.130541,0.157929,1
0.148748,0.224411,0.151811,1
0.028262,0.182363,0.167979,1
0.0182063,0.167838,0.198133,1
0.106698,0.156657,0.192949,1
0.00576292,0.195458,0.148354,1
0.0915704,0.192683,0.148643,1
0.0918803,0.187655,0.200504,1
0.114193,0.222437,0.214442,1
0.120365,0.11754,0.218203,1
0.132316,0.155694,0.145687,1
0.071427,0.154085,0.181453,1
0.134143,0.180285,0.131447,1
0.196416,0.123831,0.22056,1
0.165527,0.134041,0.204837,1
0.0246405,0.165498,0.180272,1
0.20466,0.139747,0.183866,1
0.176654,0.13198,0.17685,1
0.128926,0.213094,0.149586,1
0.0531602,0.140832,0.17536,1
0.150816,0.149147,0.12714,1
0.00450156,0.17732,0.177926,1
0.197239,0.148563,0.158766,1
0.210326,0.149598,0.147459,1
0.0494552,0.118672,0.142591,1
0.0954933,0.189497,0.193282,1
0.0852239,0.214314,0.134762,1
0.173289,0.170253,0.212359,1
0.181842,0.214204,0.20859,1
0.0386736,0.133311,0.181281,1
0.0859218,0.147713,0.222154,1
0.174747,0.215008,0.224534,1
0.219304,0.211491,0.155012,1
0.00611981,0.202435,0.166205,1
0.0628274,0.158583,0.199245,1
0.223898,0.221599,0.141399,1
0.0804805,0.14319,0.179342,1
0.177438,0.174713,0.187429,1
0.0932934,0.169283,0.132304,1
0.213337,0.197769,0.146727,1
0.18936,0.128953,0.188317,1
0.0303878,0.13231,0.168588,1
0.0145628,0.134797,0.120475,1
0.0116198,0.186089,0.134977,1
0.0177897,0.218345,0.154894,1
0.137715,0.222656,0.15811,1
0.113288,0.110662,0.182187,1
0.0651702,0.114172,0.151806,1
0.191463,0.173191,0.184534,1
0.18008,0.149098,0.199658,1
0.214694,0.126918,0.175877,1
0.221427,0.218838,0.173969,1
0.162821,0.110417,0.223503,1
0.200068,0.140839,0.160685,1
0.170784,0.20366,0.198667,1
0.211886,0.112149,0.120835,1
0.0351047,0.188396,0.196335,1
0.00212289,0.131122,0.123085,1
0.0722301,0.153895,0.220377,1
0.215462,0.188145,0.189598,1
0.0161385,0.146994,0.147244,1
0.0503728,0.126361,0.175002,1
0.0925046,0.196778,0.195928,1
0.105032,0.133179,0.117467,1
0.0748434,0.159334,0.201124,1
0.101648,0.191479,0.199386,1
0.152791,0.208145,0.212465,1
0.0921291,0.220277,0.18608,1
0.211064,0.213461,0.133561,1
0.000826744,0.204589,0.210838,1
0.0431835,0.118291,0.220366,1
0.00466149,0.149269,0.138722,1
0.140931,0.18911,0.124221,1
0.20343,0.146981,0.148438,1
0.152455,0.179454,0.191222,1
0.0987481,0.159533,0.132425,1
0.0368103,0.127346,0.17428,1
0.199297,0.120447,0.177047,1
0.133747,0.203753,0.222083,1
0.0487561,0.16259,0.158425,1
0.0569611,0.164755,0.210698,1
0.17572,0.131263,0.124309,1
0.0229267,0.169432,0.156908,1
0.118825,0.172565,0.214608,1
0.218675,0.115298,0.166245,1
0.0683517,0.156862,0.183183,1
0.149093,0.184753,0.178968,1
0.091488,0.210799,0.131193,1
0.211784,0.207524,0.144425,1
0.206107,0.185225,0.154686,1
0.125237,0.126207,0.179755,1
0.166083,0.199395,0.173747,1
0.0598223,0.154497,0.168999,1
0.19432,0.180968,0.179521,1
0.0252902,0.141258,0.210268,1
0.190215,0.168149,0.197178,1
0.0598016,0.147965,0.151305,1
0.109979,0.198207,0.209018,1
0.0559091,0.145852,0.208759,1
0.04059,0.197092,0.157149,1
0.182258,0.198275,0.20671,1
0.0558171,0.118372,0.179075,1
0.00104997,0.120938,0.155785,1
0.0942336,0.163535,0.135498,1
0.0541315,0.144278,0.200691,1
0.0043899,0.116295,0.121183,1
0.127543,0.16784,0.137314,1
0.0477105,0.147906,0.122892,1
0.091793,0.195552,0.201165,1
0.0012353,0.110885,0.182142,1
0.126573,0.224838,0.117597,1
0.0750315,0.110765,0.155707,1
0.222778,0.0203215,0.0105259,2
0.198461,0.0645094,0.0654022,2
0.208942,0.0713677,0.0310021,2
0.134653,0.0499291,0.0278417,2
0.0813805,0.0799587,0.0119886,2
0.105317,0.048011,0.0190522,2
0.160351,0.00289648,0.00393241,2
0.0858832,0.00493423,0.050493,2
0.0143152,0.0870883,0.0950865,2
0.0510647,0.0614799,0.0823755,2
0.0572844,0.0460152,0.0791491,2
0.0929813,0.106293,0.00956201,2
0.00431276,0.0860077,0.101423,2
0.128229,0.0575812,0.00253799,2
0.221549,0.0505523,0.0124099,2
0.0167659,0.0366603,0.0488881,2
0.0528183,0.057661,0.113122,2
0.213261,0.0325024,0.0176419,2
0.143549,0.0539382,0.0105468,2
0.0722633,0.0492892,0.105991,2
0.217383,0.0712443,0.0431779,2
0.158932,0.0741397,0.109616,2
0.140333,0.0729906,0.0904337,2
0.0202108,0.0691076,0.00597797,2
0.0583461,0.0465347,0.0708135,2
0.20309,0.000559048,0.0590393,2
0.0338418,0.0515941,0.0423573,2
0.133377,0.0381295,0.0852504,2
0.11191,0.00483341,0.0106521,2
0.0551888,0.0683002,0.054567,2
0.207283,0.0851938,0.0689135,2
0.139525,0.00714254,0.0438415,2
0.00289844,0.0746927,0.106222,2
0.103369,0.0586125,0.0992023,2
0.16283,0.0331942,0.108106,2
0.0416329,0.0168644,0.0164542,2
0.0496926,0.0558782,0.105114,2
0.0468314,0.0111899,0.12437,2
0.139475,0.0822331,0.0277236,2
0.219007,0.0577954,0.0898747,2
0.0472809,0.0289011,0.0548393,2
0.224431,0.0599106,0.054989,2
0.202402,0.10714,0.0895198,2
0.206901,0.0670923,0.00488159,2
0.109658,0.0283588,0.115516,2
0.0336072,0.00547329,0.044186,2
0.0122709,0.0678878,0.120182,2
0.216447,0.0518515,0.101316,2
0.102378,0.0972575,0.0345136,2
0.0257287,0.0426443,0.0202339,2
0.00749792,0.0749843,0.0483915,2
0.0242989,0.0234495,0.00885839,2
0.0191138,0.0715421,0.119619,2
0.17702,0.091898,0.10191,2
0.221465,0.0918034,0.0535886,2
0.106819,0.0219416,0.0970331,2
0.0811454,0.0121364,0.0923582,2
0.15317,0.0918064,0.00241227,2
0.0990761,0.0889287,0.037514,2
0.157219,0.0391084,0.0693684,2
0.187112,0.0879027,0.0666488,2
0.216822,0.0813043,0.111967,2
0.0236991,0.0244902,0.0712157,2
0.0558173,0.0670935,0.0317574,2
0.114653,0.0111908,0.122158,2
0.18911,0.0711445,0.094594,2
0.217091,0.0866019,0.119225,2
0.0525521,0.00130896,0.0574411,2
0.141089,0.0563419,0.0591454,2
0.22147,0.0279258,0.0308317,2
0.0151004,0.0457547,0.0563622,2
0.0757504,0.0765104,0.10722,2
0.219145,0.0531268,0.109911,2
0.159618,0.0600741,0.0887953,2
0.18102,0.0681231,0.116605,2
0.157061,0.0303976,0.0508087,2
0.0445914,0.0902695,0.0568661,2
0.149803,0.0383089,0.0924808,2
0.164946,0.0634701,0.00953221,2
0.153656,0.0991871,0.0562224,2
0.0104637,0.0861583,0.0570449,2
0.0430779,0.0485359,0.0930949,2
0.134994,0.0793038,0.122049,2
0.0125494,0.0627139,0.00747677,2
0.158566,0.0579168,0.0333706,2
0.0742955,0.0752432,0.0746523,2
0.122599,0.0596542,0.0892058,2
0.0325057,0.0900842,0.076717,2
0.0109618,0.0567256,0.00694379,2
0.116955,0.0599505,0.00786645,2
0.021024,0.065723,0.0708596,2
0.0797572,0.0813193,0.0506451,2
0.101097,0.0821689,0.0481573,2
0.178109,0.0570877,0.0959017,2
0.0266419,0.0141407,0.0172558,2
0.135908,0.0192412,0.0603177,2
0.0855292,0.0423826,0.0786507,2
0.0334121,0.10675,0.0543456,2
0.00777597,0.0764158,0.0642247,2
0.105585,0.0606414,0.0851249,2
0.0645019,0.107049,0.0342703,2
0.0871499,0.105979,0.0395578,2
0.124326,0.104734,0.103492,2
0.132987,0.0383839,0.0733605,2
0.125154,0.0613805,0.0334888,2
0.132285,0.0235708,0.0174376,2
0.0374408,0.0151964,0.0601353,2
0.12265,0.0822765,0.10586,2
0.138803,0.0753697,0.0844399,2
0.132998,0.0167583,0.0896794,2
0.114292,0.0105068,0.0344119,2
0.107488,0.0348289,0.0614145,2
0.109563,0.0365617,0.0752388,2
0.086877,0.0325147,0.0292167,2
0.132311,0.0653615,0.0638992,2
0.137949,0.0415918,0.0896465,2
0.103283,0.0236936,0.000806399,2
0.130415,0.0919952,0.0153757,2
0.0106633,0.0743327,0.107145,2
0.101289,0.0960461,0.104949,2
0.0889398,0.0843718,0.0481721,2
0.0809813,0.0986632,0.0462264,2
0.028294,0.0823483,0.0084017,2
0.00985472,0.106979,0.123231,2
0.134397,0.0936564,0.135512,3
0.126372,0.0682853,0.151851,3
0.160164,0.0218448,0.164775,3
0.202122,0.0223198,0.134404,3
0.187028,0.0494022,0.183587,3
0.160064,0.0963719,0.145233,3
0.197075,0.0752965,0.155969,3
0.219918,0.0258886,0.165525,3
0.189418,0.0479946,0.178305,3
0.186134,0.0481311,0.176723,3
0.182319,0.0476938,0.177893,3
0.194137,0.0650693,0.208539,3
0.157362,0.0441551,0.168586,3
0.18347,0.0491098,0.179631,3
0.190134,0.0556323,0.185684,3
0.184145,0.0903924,0.173916,3
0.178551,0.0520043,0.183081,3
0.222661,0.0731109,0.209969,3
0.174882,0.0342743,0.206659,3
0.0936655,0.0048772,0.181411,3
0.22397,0.00292104,0.207305,3
0.186408,0.052653,0.175104,3
0.181356,0.0471157,0.182922,3
0.182294,0.0450821,0.178922,3
0.168728,0.0787268,0.185413,3
0.179518,0.0511313,0.181891,3
0.0878657,0.024154,0.128505,3
0.1832,0.0441707,0.181234,3
0.185846,0.0474482,0.181531,3
0.0394028,0.0581237,0.182448,3
0.199207,0.0887513,0.161605,3
0.180803,0.0488824,0.178068,3
0.06242,0.0342674,0.195199,3
0.187794,0.0494921,0.177221,3
0.179387,0.0494032,0.179493,3
0.176013,0.0499915,0.178149,3
0.0691524,0.00861681,0.208515,3
0.185589,0.050948,0.180729,3
0.183754,0.0468454,0.18351,3
0.162269,0.0539665,0.191987,3
0.182868,0.0467183,0.186269,3
0.176556,0.054358,0.181722,3
0.184072,0.0535652,0.180955,3
0.208752,0.0133998,0.13409,3
0.136998,0.0894518,0.208772,3
0.0639132,0.0220032,0.211612,3
0.187345,0.050184,0.176694,3
0.181651,0.0481511,0.176639,3
0.187357,0.0510428,0.179461,3
0.157818,0.0314987,0.207419,3
0.204624,0.0276873,0.183599,3
0.184091,0.0522299,0.181407,3
0.1842,0.053234,0.180481,3
0.141747,0.0768179,0.188987,3
0.165162,0.0737908,0.174725,3
0.184323,0.0467124,0.178388,3
0.195286,0.0786974,0.208679,3
0.185907,0.0533546,0.183801,3
0.184044,0.042482,0.1361,3
0.144281,0.0890996,0.152433,3
0.192158,0.0870903,0.161221,3
0.18543,0.0522445,0.1816,3
0.0467142,0.000475666,0.205108,3
0.184998,0.0542952,0.178075,3
0.140659,0.018232,0.210521,3
0.136289,0.00633867,0.206428,3
0.182815,0.0490493,0.182867,3
0.0679796,0.0359852,0.174968,3
0.112648,0.0995335,0.143802,3
0.190447,0.079628,0.194303,3
0.185657,0.0526243,0.178347,3
0.0815377,0.0403548,0.164088,3
0.102413,0.0323818,0.162091,3
0.206123,0.0103566,0.169834,3
0.180954,0.0539391,0.178002,3
0.161783,0.0246785,0.21839,3
0.177715,0.0150067,0.206496,3
0.149944,0.049074,0.16298,3
0.0186984,0.026959,0.134687,3
0.180575,0.0519743,0.180432,3
0.0285778,0.0958334,0.188956,3
0.0200039,0.0757548,0.168759,3
0.214831,0.0785309,0.211519,3
0.0974423,0.0952518,0.173208,3
0.0142928,0.0650179,0.143151,3
0.00569487,0.0932503,0.185245,3
0.0896354,0.10437,0.185612,3
0.215285,0.105128,0.204313,3
0.0777984,0.0753792,0.199559,3
0.204807,0.0737797,0.146257,3
0.0617335,0.0141707,0.137238,3
0.184801,0.050912,0.179102,3
0.00296358,0.0818077,0.142103,3
0.091074,0.00647667,0.168949,3
0.0375899,0.041455,0.194298,3
0.182369,0.0497915,0.178209,3
0.104022,0.0903111,0.127521,3
0.18093,0.0225446,0.170995,3
0.141357,0.0512816,0.224593,3
0.0562374,0.100307,0.183258,3
0.00964795,0.0183924,0.151255,3
0.0358994,0.0209193,0.21952,3
0.113199,0.0687619,0.216109,3
0.153641,0.0521986,0.214996,3
0.0506787,0.0797325,0.169595,3
0.181902,0.0491892,0.174749,3
0.0158038,0.0941937,0.131368,3
0.128966,0.0250332,0.196992,3
0.0375289,0.0133783,0.204236,3
0.102689,0.0322739,0.156653,3
0.0960264,0.0409281,0.161128,3
0.201511,0.0437384,0.168296,3
0.215257,0.0897561,0.197436,3
0.184595,0.0498539,0.182821,3
0.0340687,0.0516665,0.19027,3
0.119115,0.0964177,0.158852,3
0.119632,0.109226,0.220572,3
0.0468031,0.10917,0.184459,3
0.136811,0.007161,0.183044,3
0.117893,0.00943643,0.189166,3
0.11089,0.0619722,0.174324,3
0.119407,0.0688386,0.224684,3
0.141498,0.00418782,0.176716,3
0.096622,0.0558782,0.21413,3
