x coord,y coord,z coord,rank
0.208276,0.0353515,0.175954,0
0.0681671,0.0481889,0.140718,0
0.139606,0.0366073,0.158432,0
0.140608,0.0530085,0.218283,0
0.144219,0.0617171,0.158355,0
0.212644,0.0438411,0.205563,0
0.199456,0.0269577,0.195697,0
0.153675,0.0257012,0.159231,0
0.205033,0.0321169,0.175533,0
0.125775,0.0825182,0.186038,0
0.0652113,0.0632652,0.218639,0
0.210215,0.0362828,0.170691,0
0.0447389,0.00121981,0.188239,0
0.213179,0.0200423,0.164844,0
0.0285342,0.0850368,0.158584,0
0.0488541,0.0528392,0.16629,0
0.0509473,0.0564567,0.190469,0
0.189152,0.0132917,0.219036,0
0.0062115,0.0182219,0.196639,0
0.0450562,0.0566518,0.216544,0
0.155241,0.0885216,0.217755,0
0.211179,0.0351241,0.173296,0
0.022348,0.0385426,0.178633,0
0.219659,0.0490292,0.215716,0
0.207159,0.0322518,0.174357,0
0.0203237,0.0419752,0.202186,0
0.209492,0.0375288,0.172299,0
0.0107557,0.0718615,0.185277,0
0.0907635,0.0658205,0.221514,0
0.0912967,0.0173566,0.16802,0
0.209687,0.0352958,0.178035,0
0.0409811,0.0351699,0.161207,0
0.211166,0.0383083,0.173172,0
0.183036,0.0432983,0.189744,0
0.0867792,0.0845913,0.145422,0
0.163282,0.0271639,0.171647,0
0.00146797,0.0726873,0.217422,0
0.107479,0.0141863,0.204433,0
0.015571,0.0773317,0.15186,0
0.188467,0.0284923,0.166918,0
0.209507,0.0371931,0.175227,0
0.20863,0.0322125,0.171912,0
0.154575,0.0318786,0.201681,0
0.186938,0.0486486,0.166926,0
0.208404,0.031409,0.170602,0
0.145303,0.0177988,0.160919,0
0.133355,0.0747272,0.137231,0
0.213074,0.0330953,0.177652,0
0.207329,0.0380092,0.172503,0
0.206764,0.0377969,0.174711,0
0.158705,0.0250715,0.182902,0
0.20947,0.0380008,0.171985,0
0.206509,0.0354043,0.170891,0
0.14218,0.0810791,0.144727,0
0.00998689,0.0949144,0.215954,0
0.00146701,0.0521319,0.154672,0
0.205773,0.0323138,0.171277,0
0.21268,0.0217694,0.144505,0
0.207413,0.0230122,0.198148,0
0.131686,0.0880001,0.168728,0
0.213098,0.0555403,0.187927,0
0.209672,0.0349139,0.17608,0
0.204651,0.034306,0.168673,0
0.209396,0.0319588,0.177482,0
0.197387,0.0552111,0.221833,0
0.209837,0.0344912,0.174906,0
0.188549,0.0985237,0.158255,0
0.0761743,0.0175726,0.203921,0
0.156201,0.0733125,0.219629,0
0.20966,0.0380846,0.173768,0
0.132112,0.0819718,0.167295,0
0.00595329,0.0109849,0.221998,0
0.0885786,0.0833485,0.190144,0
0.0232434,0.0767459,0.170995,0
0.0284391,0.0723724,0.197459,0
0.149255,0.024765,0.161615,0
0.206906,0.0286813,0.174051,0
0.204634,0.0356408,0.172395,0
0.205121,0.0367828,0.173535,0
0.208285,0.0965549,0.194036,0
0.201298,0.0330473,0.174119,0
0.211503,0.0378284,0.172674,0
0.132698,0.0378038,0.158779,0
0.164888,0.0607623,0.145209,0
0.0335481,0.0391573,0.194639,0
0.204149,0.034164,0.173182,0
0.149891,0.0386547,0.192473,0
0.133201,0.0300741,0.143947,0
0.175999,0.0415827,0.148904,0
0.166857,0.0259498,0.182171,0
0.217333,0.0293599,0.173946,0
0.119979,0.023775,0.176319,0
0.157296,0.013864,0.207052,0
0.208507,0.0345835,0.171843,0
0.135682,0.0704471,0.175641,0
0.190913,0.0271527,0.17488,0
0.0148739,0.00387132,0.141706,0
0.0821572,0.0517395,0.168057,0
0.205156,0.0324655,0.169153,0
0.208694,0.0328422,0.171302,0
0.128714,0.0586107,0.203175,0
0.220123,0.0739636,0.153451,0
0.12355,0.0140221,0.209374,0
0.205493,0.0338298,0.175623,0
0.168808,0.0332842,0.216324,0
0.195229,0.0717521,0.157815,0
0.118541,0.0424014,0.181895,0
0.203678,0.0335314,0.173277,0
0.170373,0.011708,0.1354,0
0.210351,0.0198818,0.210168,0
0.129826,0.0333292,0.145272,0
0.13062,0.0638756,0.171272,0
0.0745405,0.0859446,0.141702,0
0.0778847,0.0540224,0.185269,0
0.20802,0.0322344,0.176301,0
0.212657,0.0348245,0.175711,0
0.0323625,0.0766706,0.139696,0
0.205092,0.0383876,0.176071,0
0.210785,0.0333057,0.176863,0
0.166312,0.0855772,0.202085,0
0.0744011,0.0937924,0.162532,0
0.0804697,0.0985201,0.211977,0
0.0668334,0.0976537,0.143666,0
0.0338685,0.0997618,0.202531,0
0.172536,0.0227765,0.135113,0
0.154182,0.018864,0.07211,1
0.0129462,0.00496678,0.0263816,1
0.182717,0.0548668,0.120005,1
0.150838,0.0165504,0.0780079,1
0.224606,0.0687755,0.0587496,1
0.0687054,0.0798277,0.030225,1
0.0912922,0.0232973,0.0824185,1
0.153631,0.0494339,0.0526813,1
0.219037,0.0193427,0.0710792,1
0.0374616,0.0953133,0.0187841,1
0.168346,0.0367827,0.125182,1
0.148461,0.0505536,0.0173503,1
0.135601,0.0233575,0.097582,1
0.124757,0.00599388,0.0282232,1
0.0168278,0.0436281,0.0627261,1
0.0349385,0.0531793,0.00721899,1
0.00943804,0.0539623,0.101296,1
0.0844615,0.0309129,0.123552,1
0.197024,0.071984,0.0135793,1
0.0844296,0.018865,0.00996847,1
0.157168,0.0992998,0.0194572,1
0.0740896,0.0967868,0.0286855,1
0.0403076,0.0701151,0.07914,1
0.210622,0.0681045,0.0757967,1
0.102287,0.047794,0.0491877,1
0.0650037,0.0111834,0.0663487,1
0.114703,0.0373081,0.0881795,1
0.00146295,0.0293435,0.0241876,1
0.15776,0.0837169,0.118504,1
1.1236e-05,0.00188514,0.121581,1
0.221524,0.0905644,0.133578,1
0.157136,0.083062,0.0196675,1
0.0853855,0.0564904,0.0872257,1
0.221695,0.059614,0.0339371,1
0.0916955,0.0759209,0.125817,1
0.0620875,0.0655996,0.132208,1
0.196618,0.0485964,0.0438755,1
0.0399615,0.0277423,0.1022,1
0.0264445,0.00951125,0.112849,1
0.070301,0.039759,0.043293,1
0.21205,0.00230512,0.0938296,1
0.0505062,0.093037,0.10017,1
0.163644,0.0808417,0.03306,1
0.0588524,0.070034,0.0560529,1
0.140283,0.0970589,0.113711,1
0.118374,0.0844893,0.120528,1
0.190772,0.0654589,0.056231,1
0.212672,0.0375515,0.0805669,1
0.024915,0.0736824,0.112757,1
0.174412,0.0335621,0.0183401,1
0.179269,0.0469695,0.0547248,1
0.0162738,0.0669454,0.113294,1
0.139414,0.0551403,0.0927666,1
0.00587729,0.0535948,0.123849,1
0.169119,0.0722676,0.0179565,1
0.166986,0.0782899,0.0434882,1
0.0786644,0.0371015,0.124645,1
0.068476,0.00505,0.0188537,1
0.00583813,0.0249451,0.0748523,1
0.183819,0.0333415,0.00741285,1
0.0319154,0.0858802,0.0693188,1
0.036812,0.0186613,0.000721758,1
0.0642299,0.042487,0.0083309,1
0.181326,0.0492551,0.0488781,1
0.111739,0.0303882,0.0450438,1
0.206323,0.0414341,0.0856928,1
0.0019083,0.0323002,0.0709597,1
0.117795,0.094342,0.044053,1
0.110053,0.0604262,0.0385413,1
0.21389,0.0453102,0.0838803,1
0.187004,0.0718142,0.0208014,1
0.0377549,0.086457,0.0190508,1
0.0369095,0.0201423,0.0468595,1
0.195781,0.083427,0.0909311,1
0.14992,0.0594672,0.089454,1
0.0950297,0.0870437,0.119454,1
0.136244,0.0462126,0.00791531,1
0.19646,0.0948368,0.0245661,1
0.105996,0.0338919,0.0984279,1
0.0322682,0.0975397,0.0880104,1
0.156467,0.0783515,0.111425,1
0.131759,0.0754993,0.0755585,1
0.172631,0.0405825,0.0329666,1
0.0872592,0.0234155,0.0222581,1
0.202772,0.0494793,0.0488567,1
0.0549965,0.0655552,0.0872984,1
0.190173,0.0537031,0.120247,1
0.133251,0.0195149,0.0905161,1
0.111747,0.0061245,0.0786437,1
0.148161,0.0886596,0.129495,1
0.199223,0.0708818,0.0996962,1
0.0935426,0.00301341,0.11581,1
0.18342,0.028956,0.0651816,1
0.0346999,0.0241574,0.0877848,1
0.151052,0.0864363,0.0836287,1
0.050516,0.0297702,0.0905824,1
0.223979,0.0511905,0.122725,1
0.0446895,0.0902518,0.0669525,1
0.210194,0.00729172,0.0332583,1
0.0866886,0.0653798,0.134185,1
0.0458889,0.0394574,0.0548326,1
0.0556596,0.0283994,0.025172,1
0.203599,0.0696522,0.0697494,1
0.113279,0.0650235,0.0323983,1
0.10663,0.0398525,0.0618476,1
0.16585,0.0112502,0.0887143,1
0.0932569,0.00272077,0.0856585,1
0.0996736,0.0639559,0.0925736,1
0.126392,0.0846467,0.0853774,1
0.18769,0.0317305,0.0924946,1
0.167052,0.0740109,0.0924596,1
0.0939563,0.011371,0.0158055,1
0.204768,0.056651,0.0521432,1
0.0676152,0.0270811,0.119128,1
0.209208,0.0834712,0.0228535,1
0.196522,0.0838284,0.0412145,1
0.178246,0.0637489,0.0219331,1
0.051168,0.0947217,0.0989761,1
0.186736,0.100146,0.103228,1
0.172641,0.100128,0.0702726,1
0.0255054,0.118913,0.0154196,2
0.0791831,0.119762,0.0386925,2
0.221352,0.206864,0.106192,2
0.171629,0.146038,0.0423448,2
0.136736,0.155661,0.0166269,2
0.101767,0.112095,0.000481167,2
0.033764,0.222564,0.0613596,2
0.0845667,0.167681,0.0252475,2
0.167831,0.204478,0.00214644,2
0.107663,0.188508,0.0486222,2
0.174722,0.121491,0.0373046,2
0.0561874,0.177646,0.0527135,2
0.133491,0.178119,0.104273,2
0.0910765,0.222857,0.0413738,2
0.190716,0.129841,0.017545,2
0.194186,0.170576,0.0448283,2
0.164972,0.166865,0.0422465,2
0.219548,0.133731,0.00470274,2
0.151819,0.123262,0.0657288,2
0.211799,0.205615,0.0907936,2
0.127838,0.159989,0.0149955,2
0.221149,0.102737,0.0440703,2
0.095777,0.142684,0.0477465,2
0.184396,0.162147,0.0143339,2
0.0657208,0.216978,0.0881507,2
0.141705,0.138644,0.0695015,2
0.133846,0.143145,0.0109932,2
0.00496813,0.194836,0.0139689,2
0.0852877,0.118595,0.0836844,2
0.125788,0.125275,0.109235,2
0.137877,0.170056,0.00675869,2
0.0281586,0.117504,0.0692121,2
0.201914,0.185499,0.0826692,2
0.1409,0.188424,0.0735972,2
0.0105017,0.202537,0.111,2
0.0993649,0.205224,0.00510423,2
0.199652,0.125893,0.106573,2
0.193336,0.183427,0.0338849,2
0.160108,0.14282,0.0699985,2
0.109199,0.127053,0.0359401,2
0.0634817,0.203142,0.00689092,2
0.0838456,0.170522,0.0938931,2
0.024997,0.185426,0.0469312,2
0.135214,0.213706,0.0367592,2
0.0158523,0.142687,0.0766568,2
0.0306149,0.172341,0.0104107,2
0.0810342,0.176775,0.00652829,2
0.0644144,0.179085,0.0557881,2
0.130497,0.149795,0.111732,2
0.211781,0.131289,0.0393453,2
0.125241,0.18649,0.114013,2
0.184062,0.177456,0.0718579,2
0.209662,0.107281,0.00832614,2
0.218907,0.162842,0.101707,2
0.0545298,0.168277,0.0706789,2
0.124349,0.115025,0.00307535,2
0.0968632,0.13061,0.0335027,2
0.198402,0.123158,0.0981229,2
0.210817,0.111449,0.0704184,2
0.149668,0.12589,0.0273231,2
0.214794,0.136552,0.00217837,2
0.179473,0.224037,0.0731615,2
0.155529,0.158715,0.0498888,2
0.199997,0.209586,0.00590536,2
0.144584,0.135433,0.0588734,2
0.218932,0.127889,0.0418975,2
0.127077,0.111641,0.0143482,2
0.217592,0.117243,0.0994777,2
0.107021,0.21848,0.0605594,2
0.0235303,0.129886,0.0886949,2
0.196634,0.183512,0.05815,2
0.141332,0.189052,0.0545294,2
0.0716879,0.109898,0.022099,2
0.0237516,0.138777,0.0768163,2
0.166419,0.204077,0.109539,2
0.121285,0.154961,0.106642,2
0.0479261,0.125224,0.0999212,2
0.170401,0.198262,0.0978503,2
0.0672892,0.198222,0.0989506,2
0.121691,0.116997,0.103104,2
0.12796,0.113197,0.00975592,2
0.0606957,0.178844,0.104758,2
0.201973,0.1284,0.0445914,2
0.155429,0.197876,0.101763,2
0.173883,0.172081,0.112441,2
0.19219,0.208599,0.0187503,2
0.170473,0.182349,0.113002,2
0.177443,0.154555,0.0450987,2
0.0640723,0.134436,0.0484207,2
0.105962,0.192571,0.0867143,2
0.0265092,0.173375,0.00961533,2
0.137333,0.113756,0.000350229,2
0.135805,0.200435,0.0540646,2
0.0483013,0.134664,0.0646383,2
0.219556,0.221919,0.0330314,2
0.0391204,0.136952,0.0454783,2
0.092885,0.135243,0.0892932,2
0.0437048,0.110518,0.0528486,2
0.0608688,0.159147,0.0532582,2
0.111442,0.203668,0.0621847,2
0.0451987,0.142738,0.040152,2
0.0377572,0.159901,0.0915889,2
0.0425242,0.113938,0.0486539,2
0.0119592,0.216125,0.0351698,2
0.137364,0.215951,0.0230021,2
0.217723,0.107871,0.0630778,2
0.115477,0.224285,0.100492,2
0.00296358,0.13333,0.0206192,2
0.105908,0.116314,0.0764593,2
0.108397,0.164548,0.0405576,2
0.145118,0.169566,0.0650354,2
0.0942742,0.199151,0.0559728,2
0.0480234,0.134512,0.00681462,2
0.140991,0.211471,0.0410904,2
0.064074,0.21671,0.0951004,2
0.0470742,0.172312,0.018919,2
0.190105,0.137765,0.114296,2
0.149294,0.121034,0.0693809,2
0.115666,0.204773,0.0966586,2
0.206345,0.137664,0.0925603,2
0.144391,0.138322,0.0506003,2
0.0808344,0.218693,0.0622582,2
0.217675,0.166433,0.0512059,2
0.103792,0.217515,0.0343827,2
0.191278,0.104654,0.0126381,2
0.06529,0.129626,0.0622979,2
0.0582633,0.168058,0.217648,3
0.21493,0.198718,0.219004,3
0.146805,0.194689,0.157021,3
0.140484,0.154479,0.194023,3
0.00422601,0.205449,0.133871,3
0.151568,0.145377,0.180416,3
0.0225332,0.10133,0.127663,3
0.13635,0.139041,0.138026,3
0.17047,0.178519,0.222399,3
0.0248712,0.200242,0.213195,3
0.00782754,0.220438,0.211599,3
0.16436,0.213943,0.214326,3
0.099137,0.15014,0.180576,3
0.117719,0.113197,0.196334,3
0.0595919,0.177711,0.217964,3
0.00589237,0.175469,0.200472,3
0.0337001,0.15576,0.120155,3
0.205073,0.175039,0.159683,3
0.150937,0.116471,0.170523,3
0.103444,0.127009,0.194936,3
0.15692,0.104199,0.127015,3
0.0600689,0.136503,0.14602,3
0.171169,0.147356,0.196457,3
0.000607827,0.221987,0.131664,3
0.179303,0.194772,0.144388,3
0.117301,0.113746,0.16669,3
0.189915,0.221085,0.125807,3
0.138135,0.149958,0.181356,3
0.0779624,0.106762,0.218474,3
0.214674,0.115861,0.145617,3
0.200884,0.150669,0.121941,3
0.180002,0.189928,0.198933,3
0.0723717,0.123949,0.218566,3
0.0104463,0.163747,0.122619,3
0.0387645,0.152503,0.118484,3
0.0413842,0.137285,0.178374,3
0.147901,0.209844,0.145591,3
0.134984,0.11557,0.136557,3
0.00393742,0.190132,0.187747,3
0.184957,0.193681,0.156926,3
0.133817,0.158045,0.192056,3
0.140424,0.126575,0.159797,3
0.0149422,0.11301,0.167942,3
0.0731416,0.176089,0.151143,3
0.152556,0.163949,0.182003,3
0.0404011,0.202981,0.138022,3
0.164495,0.172014,0.19449,3
0.107844,0.140396,0.167796,3
0.0506555,0.195521,0.208763,3
0.0812189,0.134386,0.184052,3
0.21455,0.12668,0.115914,3
0.0376189,0.197417,0.148651,3
0.12045,0.186563,0.132546,3
0.224555,0.197902,0.167287,3
0.00982225,0.120627,0.163178,3
0.12856,0.192187,0.190639,3
0.0254543,0.171619,0.206743,3
0.218622,0.172166,0.140782,3
0.199037,0.13705,0.167287,3
0.102203,0.216007,0.203622,3
0.0359033,0.174747,0.221317,3
0.0721867,0.130654,0.214276,3
0.127932,0.204961,0.154146,3
0.0275097,0.211314,0.119537,3
0.0886244,0.157608,0.167791,3
0.17118,0.198094,0.217334,3
0.134,0.221417,0.178975,3
0.0132059,0.141975,0.217866,3
0.00494104,0.181239,0.219301,3
0.127759,0.204097,0.16691,3
0.0514718,0.146312,0.129547,3
0.149929,0.214193,0.163903,3
0.090117,0.18379,0.172134,3
0.224574,0.115786,0.203796,3
0.172506,0.219245,0.165784,3
0.159625,0.129043,0.149176,3
0.214825,0.132566,0.224094,3
0.0867128,0.149296,0.205453,3
0.195086,0.219082,0.206709,3
0.0411055,0.129449,0.123375,3
0.100818,0.190439,0.130854,3
0.137265,0.156753,0.190135,3
0.194954,0.174484,0.17089,3
0.016582,0.160585,0.202917,3
0.111494,0.220272,0.205528,3
0.122053,0.149695,0.120927,3
0.130096,0.218919,0.120377,3
0.114141,0.105177,0.162947,3
0.0279802,0.140119,0.120398,3
0.0891161,0.156543,0.174446,3
0.0475651,0.210677,0.188098,3
0.0955743,0.180006,0.200457,3
0.0807459,0.105099,0.145517,3
0.0182983,0.191138,0.203848,3
0.0831854,0.202175,0.151052,3
0.00425743,0.110574,0.128874,3
0.0162438,0.172155,0.144018,3
0.1988,0.111476,0.136405,3
0.184946,0.195378,0.223645,3
0.120995,0.114826,0.138382,3
0.103944,0.144553,0.17043,3
0.0785321,0.157943,0.147465,3
0.0474396,0.130613,0.117528,3
0.15722,0.198764,0.147629,3
0.155252,0.101152,0.210058,3
0.0408308,0.166291,0.137474,3
0.0827707,0.162288,0.117626,3
0.0773473,0.151259,0.150182,3
0.11759,0.142333,0.197405,3
0.180086,0.141687,0.124458,3
0.0902115,0.124545,0.137903,3
0.183822,0.20564,0.153967,3
0.0370473,0.204295,0.185556,3
0.0757632,0.208121,0.170638,3
0.0559049,0.174962,0.13354,3
0.0559355,0.17236,0.155887,3
0.108953,0.107189,0.221002,3
0.0946394,0.204789,0.172708,3
0.224678,0.217556,0.12195,3
0.0862428,0.181718,0.16502,3
0.152855,0.211668,0.145085,3
0.218299,0.105837,0.115498,3
0.0968221,0.138828,0.160847,3
0.135729,0.131313,0.150293,3
0.0450217,0.105784,0.223082,3
0.148716,0.110334,0.153824,3
0.124916,0.106448,0.218757,3
0.0125078,0.125849,0.132148,3
0.148672,0.178211,0.115442,3
