x coord,y coord,z coord,rank
0.0388189,0.0137274,0.153987,0
0.0515215,0.0300432,0.149216,0
0.0776249,0.0972447,0.0652113,0
0.0664419,0.0515313,0.050161,0
0.0682811,0.0142155,0.00302156,0
0.112956,0.0225518,0.0281473,0
0.076534,0.0439803,0.150456,0
0.021872,0.085604,0.0937044,0
0.0508605,0.0980176,0.171276,0
0.0122172,0.0786373,0.101879,0
0.108309,0.096964,0.0332155,0
0.0513909,0.0518444,0.0382736,0
0.121754,0.0969265,0.191593,0
0.109137,0.0899152,0.0979782,0
0.0552632,0.0238593,0.104267,0
0.088023,0.0782886,0.0941908,0
0.00295165,0.0804642,0.125171,0
0.0799243,0.070311,0.0439247,0
0.118239,0.0933199,0.0373339,0
0.00366249,0.103573,0.133847,0
0.107655,0.0894132,0.130987,0
0.0970652,0.0393761,0.149794,0
0.0981908,0.0118237,0.220442,0
0.0395878,0.0319027,0.0358292,0
0.119322,0.0808907,0.103358,0
0.116104,0.0368092,0.125422,0
0.104483,0.0563496,0.0436894,0
0.0216843,0.0312791,0.163039,0
0.019192,0.0591781,0.21692,0
0.101465,0.0590885,0.154502,0
0.102319,0.0219564,0.213743,0
0.0940113,0.0595502,0.03045,0
0.123114,0.0106638,0.0899673,0
0.10928,0.102895,0.0071924,0
0.104978,0.0684747,0.0975625,0
0.0204193,0.0405593,0.222879,0
0.0328649,0.0934716,0.180853,0
0.133072,0.0842839,0.116493,0
0.0700786,0.00386887,0.035653,0
0.004792,0.05648,0.122146,0
0.0931218,0.00985442,0.156424,0
0.114322,0.0180274,0.215699,0
0.0936091,0.0654879,0.153673,0
0.0808929,0.0613866,0.101315,0
0.0641344,0.0591543,0.0840711,0
0.121158,0.0388408,0.0995255,0
0.0494555,0.0909533,0.0600643,0
0.130224,0.0684489,0.126237,0
0.0629765,0.0311285,0.155138,0
0.0379911,0.073265,0.162057,0
0.0359653,0.101525,0.146686,0
0.0407443,0.0791254,0.183823,0
0.0944686,0.0201692,0.097454,0
0.0806801,0.0357478,0.197731,0
0.0318697,0.0632346,0.109789,0
0.0816349,0.0827404,0.201976,0
0.110429,0.0273794,0.014838,0
0.086079,0.00418137,0.0956483,0
0.0979667,0.0977639,0.0587856,0
0.0779551,0.0569677,0.20661,0
0.0361301,0.0854036,0.207698,0
0.103684,0.0472832,0.207177,0
0.00155313,0.0138938,0.00269468,0
0.0360278,0.0101649,0.140964,0
0.0614348,0.0113965,0.193769,0
0.0519937,0.0153047,0.137393,0
0.0267222,0.0617367,0.129147,0
0.103026,0.0692601,0.204585,0
0.100452,0.0430382,0.147013,0
0.0638567,0.0250233,0.116468,0
0.0559284,0.0602832,0.21893,0
0.0470683,0.039503,0.193927,0
0.0915121,0.00406029,0.0923372,0
0.120735,0.0702056,0.223762,0
0.0221871,0.0352718,0.219535,0
0.0402405,0.0170117,0.117454,0
0.049464,0.064078,0.222927,0
0.00399592,0.0290404,0.156747,0
0.0588751,0.0895103,0.140356,0
0.0351146,0.0847789,0.0371194,0
0.121645,0.0622654,0.0630283,0
0.105166,0.0875051,0.0755751,0
0.0226974,0.0498759,0.130317,0
0.106753,0.0649811,0.0823581,0
0.0841703,0.106037,0.0519568,0
0.0882282,0.0568969,0.176662,0
0.0839089,0.0392454,0.00430089,0
0.0945518,0.0381101,0.0809076,0
0.0417051,0.065418,0.223376,0
0.111209,0.0408002,0.090449,0
0.115317,0.0574953,0.0532699,0
0.0860299,0.100462,0.103189,0
0.0388996,0.000402403,0.0169767,0
0.11455,0.0548896,0.0564193,0
0.00221932,0.0778392,0.217501,0
0.0782005,0.041464,0.144328,0
0.0910092,0.0405111,0.0714636,0
0.00720009,0.00655665,0.0857541,0
0.0361938,0.0128295,0.0255569,0
0.117886,0.00718771,0.184289,0
0.00996901,0.0466663,0.0507113,0
0.0433557,0.0492632,0.124002,0
0.0954957,0.04063,0.175748,0
0.0274086,0.0326145,0.112109,0
0.0804079,0.0793517,0.0820389,0
0.0803337,0.0680441,0.20696,0
0.0944282,0.054453,0.185007,0
0.127827,0.0947652,0.191339,0
0.128937,0.0193621,0.188694,0
0.121605,0.0930691,0.083472,0
0.061645,0.076404,0.117043,0
0.0614554,0.0745153,0.063493,0
0.0764135,0.024637,0.0161269,0
0.0293591,0.022663,0.0483475,0
0.0899328,0.0554868,0.0919247,0
0.105839,0.0206141,0.0374946,0
0.0442782,0.0971888,0.090163,0
0.131697,0.0351163,0.0314913,0
0.0689977,0.0677618,0.127802,0
0.0673361,0.0841207,0.135931,0
0.0179184,0.00488538,0.0663686,0
0.132556,0.0664376,0.216193,0
0.0977382,0.067592,0.00582691,0
0.0179509,0.0938916,0.174714,0
0.0966016,0.0769461,0.0172913,0
0.042509,0.057209,0.14959,0
0.0874708,0.0886468,0.0182156,0
0.0264321,0.0837622,0.0579332,0
0.0146561,0.0354857,0.0240626,0
0.0620711,0.0764297,0.0218854,0
0.0312729,0.0747155,0.0552939,0
0.0171595,0.0989876,0.187551,0
0.0198502,0.0713665,0.152064,0
0.114321,0.085505,0.216241,0
0.127304,0.0844275,0.198778,0
0.129541,0.0424212,0.212511,0
0.0497776,0.186864,0.141074,1
0.031032,0.184491,0.140027,1
0.0998093,0.137718,0.0772657,1
0.0702233,0.163717,0.193365,1
0.0922847,0.133585,0.162226,1
0.0330469,0.1117,0.0956677,1
0.0371922,0.213846,0.0339789,1
0.0134699,0.215632,0.0287853,1
0.0343961,0.203284,0.212457,1
0.0842372,0.170592,0.0505826,1
0.0455875,0.216465,0.0648397,1
0.0785875,0.142659,0.0501017,1
0.0801702,0.171969,0.221843,1
0.0600824,0.151619,0.108834,1
0.0483126,0.218542,0.0862096,1
0.0574447,0.210782,0.0551923,1
0.0418385,0.109958,0.036021,1
0.0432483,0.210405,0.0560537,1
0.031389,0.162925,0.178178,1
0.0987787,0.200817,0.160463,1
0.0435982,0.216474,0.0932219,1
0.0886402,0.15681,0.188722,1
0.0222147,0.201607,0.064939,1
0.00276576,0.221052,0.158556,1
0.09319,0.178255,0.147345,1
0.0847059,0.168212,0.198835,1
0.0896846,0.109019,0.202907,1
0.0434935,0.127227,0.0455466,1
0.0337335,0.218421,0.0064057,1
0.0393176,0.205327,0.0649027,1
0.0609184,0.173784,0.00640745,1
0.0717718,0.136135,0.0277884,1
0.0410214,0.20498,0.0651676,1
0.017027,0.15801,0.116165,1
0.00705644,0.205907,0.21116,1
0.0465915,0.162147,0.0619627,1
0.0499118,0.184027,0.145939,1
0.0434169,0.171139,0.163305,1
0.0894641,0.14179,0.066293,1
0.0775506,0.11285,0.142415,1
0.00594127,0.173872,0.139875,1
0.0868667,0.211034,0.216556,1
0.0736199,0.19047,0.0758668,1
0.00994414,0.210998,0.120273,1
0.025822,0.206585,0.136848,1
0.0198701,0.131661,0.217921,1
0.0123276,0.140731,0.194709,1
0.0205255,0.137582,0.0804318,1
0.0768469,0.121595,0.0779184,1
0.0372829,0.189455,0.0176861,1
0.0659869,0.126024,0.0522221,1
0.0619972,0.133618,0.18205,1
0.0725342,0.217411,0.200639,1
0.0887842,0.183037,0.0995203,1
0.017707,0.134671,0.147702,1
0.0959237,0.130712,0.201187,1
0.0891648,0.182731,0.0088843,1
0.0640264,0.150878,0.0150352,1
0.065708,0.178907,0.20243,1
0.0610687,0.116335,0.200368,1
0.0567259,0.117836,0.0967279,1
0.0626822,0.219616,0.0300868,1
0.0020766,0.216047,0.120412,1
0.0337816,0.159683,0.18306,1
0.0420879,0.14049,0.0298429,1
0.0268796,0.151221,0.19185,1
0.101811,0.132891,0.0291566,1
0.0680563,0.172579,0.0728817,1
0.059481,0.13236,0.0895512,1
0.0476815,0.140848,0.0389993,1
0.059894,0.197958,0.103483,1
0.0193552,0.202723,0.0130914,1
0.090068,0.1767,0.141147,1
0.0772346,0.176612,0.0519744,1
0.0625315,0.190435,0.109311,1
0.00294615,0.178143,0.216915,1
0.0543022,0.196048,0.109526,1
0.0901792,0.17579,0.199373,1
0.047818,0.136256,0.0730435,1
0.0565156,0.206172,0.0587285,1
0.100319,0.12497,0.0251967,1
0.0319948,0.190288,0.0602549,1
0.00631002,0.180713,0.160736,1
0.0495182,0.177145,0.193815,1
0.0550944,0.118325,0.147415,1
0.044287,0.176812,0.0514202,1
0.0869026,0.127467,0.00969792,1
0.045409,0.153991,0.151311,1
0.0348956,0.221117,0.116869,1
0.0678981,0.21769,0.104709,1
0.0178519,0.157561,0.181225,1
0.086063,0.202646,0.00831319,1
0.0798669,0.127331,0.00414533,1
0.0349724,0.139111,0.0289823,1
0.00289181,0.187716,0.0996564,1
0.0155675,0.130696,0.214475,1
0.0742242,0.1924,0.0523281,1
0.00999523,0.151956,0.150864,1
0.0869348,0.150165,0.0133112,1
0.0705938,0.220786,0.191019,1
0.062808,0.156743,0.159228,1
0.0255658,0.124314,0.045334,1
0.0190877,0.142998,0.0276065,1
0.00940571,0.185193,0.0537486,1
0.0340864,0.198308,0.14506,1
0.0855429,0.127146,0.164828,1
0.0305086,0.118217,0.147483,1
0.0907431,0.110576,0.0489587,1
0.035918,0.187336,0.0257058,1
0.0193233,0.1978,0.104914,1
0.0495336,0.112046,0.213072,1
0.0145515,0.162111,0.127509,1
0.0989273,0.172507,0.0845055,1
0.00460542,0.142665,0.187113,1
0.0952431,0.215988,0.0118882,1
0.0314203,0.182096,0.122656,1
0.0745609,0.205445,0.111313,1
0.0921817,0.119288,0.0893409,1
0.0981922,0.11176,0.157943,1
0.0477845,0.107942,0.210617,1
0.157419,0.125306,0.101022,2
0.198581,0.175503,0.157042,2
0.187278,0.1945,0.174349,2
0.139808,0.114169,0.0529045,2
0.144465,0.12694,0.140789,2
0.20579,0.143356,0.206526,2
0.146268,0.196024,0.217204,2
0.193838,0.206396,0.0114786,2
0.206045,0.176267,0.208698,2
0.196658,0.215764,0.00265499,2
0.221693,0.194389,0.106838,2
0.12367,0.17299,0.151243,2
0.176093,0.150754,0.109794,2
0.175377,0.17082,0.193404,2
0.195885,0.209748,0.077676,2
0.207683,0.196721,0.0565733,2
0.154921,0.171848,0.047893,2
0.159567,0.107117,0.0711635,2
0.124481,0.191032,0.0297604,2
0.185807,0.176737,0.120726,2
0.170547,0.216469,0.143831,2
0.145946,0.116532,0.112394,2
0.222403,0.168415,0.054386,2
0.168953,0.172553,0.00899856,2
0.165163,0.167476,0.140966,2
0.15652,0.16358,0.0647098,2
0.112445,0.183341,0.159837,2
0.166332,0.22343,0.186576,2
0.154795,0.221614,0.222402,2
0.223287,0.161802,0.182484,2
0.211578,0.199284,0.151494,2
0.153032,0.148691,0.0731241,2
0.168049,0.191365,0.216171,2
0.214952,0.113756,0.116997,2
0.141367,0.109977,0.194823,2
0.22003,0.124476,0.138545,2
0.173219,0.188248,0.0908031,2
0.115499,0.197676,0.136348,2
0.176448,0.157039,0.116499,2
0.164723,0.146104,0.214135,2
0.214725,0.164105,0.113011,2
0.217592,0.168854,0.211175,2
0.159699,0.153092,0.018955,2
0.154804,0.122635,0.118203,2
0.218601,0.221738,0.144098,2
0.193991,0.211559,0.0204249,2
0.201215,0.154023,0.035057,2
0.191082,0.12032,0.113965,2
0.123193,0.172427,0.224645,2
0.134794,0.158445,0.124321,2
0.131865,0.20418,0.0219461,2
0.154051,0.111005,0.0370472,2
0.197883,0.215294,0.14571,2
0.20484,0.112099,0.03791,2
0.217949,0.139587,0.194222,2
0.220825,0.127553,0.0117863,2
0.189098,0.157518,0.128304,2
0.162045,0.139202,0.0863736,2
0.127778,0.151646,0.167184,2
0.135942,0.112364,0.207165,2
0.172968,0.150844,0.209682,2
0.145349,0.136608,0.0583624,2
0.194699,0.217795,0.0663094,2
0.166296,0.174626,0.0831205,2
0.212654,0.208151,0.144882,2
0.221414,0.126163,0.0516141,2
0.192428,0.215645,0.209507,2
0.139281,0.141444,0.0570399,2
0.10986,0.113724,0.0868533,2
0.13186,0.177894,0.175142,2
0.119036,0.20828,0.0145394,2
0.202359,0.191586,0.196173,2
0.206574,0.148645,0.029783,2
0.214707,0.193594,0.0778145,2
0.115629,0.215912,0.0949561,2
0.175405,0.143066,0.185942,2
0.204106,0.144267,0.0489322,2
0.202624,0.154101,0.175749,2
0.137166,0.147725,0.193749,2
0.176051,0.183264,0.157772,2
0.169757,0.166253,0.159282,2
0.11332,0.218017,0.21297,2
0.208624,0.168041,0.0329266,2
0.173873,0.117873,0.0835923,2
0.104772,0.129892,0.071003,2
0.172426,0.218045,0.0761382,2
0.112329,0.145944,0.0176004,2
0.170182,0.160839,0.153952,2
0.161472,0.13511,0.023366,2
0.127689,0.2071,0.185827,2
0.133069,0.194633,0.100801,2
0.174943,0.14712,0.122376,2
0.181723,0.211174,0.0464003,2
0.202859,0.183591,0.00781779,2
0.144326,0.180895,0.185245,2
0.201556,0.126968,0.136958,2
0.13623,0.193737,0.132151,2
0.209078,0.154556,0.095995,2
0.206226,0.171668,0.0852138,2
0.206758,0.211649,0.00582221,2
0.12409,0.157084,0.137531,2
0.148883,0.161861,0.046513,2
0.190434,0.141778,0.057077,2
0.144642,0.162172,0.00987848,2
0.211883,0.126728,0.0303577,2
0.16057,0.218875,0.0668633,2
0.165944,0.203551,0.174426,2
0.162137,0.109865,0.19549,2
0.154333,0.21076,0.05846,2
0.139457,0.131849,0.0270729,2
0.200054,0.168216,0.0748911,2
0.210053,0.223667,0.0160696,2
0.184931,0.146094,0.0470921,2
0.206558,0.187129,0.196014,2
0.162502,0.154952,0.10114,2
0.152826,0.219591,0.0975891,2
0.182694,0.116708,0.124094,2
0.188732,0.176509,0.0132547,2
0.198697,0.183536,0.126161,2
0.190512,0.161869,0.0229397,2
0.187498,0.194498,0.00774748,2
0.116145,0.155852,0.125181,2
0.178383,0.16418,0.133761,2
0.141669,0.133849,0.215478,2
0.146525,0.218983,0.012886,2
0.156239,0.180502,0.161455,2
0.171902,0.181468,0.0899039,2
0.118421,0.19348,0.0490167,2
0.204631,0.119983,0.081298,2
0.109173,0.182367,0.127493,2
0.114404,0.187946,0.0839172,2
0.127016,0.109921,0.0973279,2
0.218085,0.107859,0.193761,2
0.105166,0.186935,0.115135,2
0.122259,0.107688,0.17424,2
0.135708,0.100489,0.128235,3
0.174502,0.0942693,0.0908912,3
0.222282,0.0768582,0.0521255,3
0.155241,0.0912125,0.00394954,3
0.165194,0.015132,0.0736501,3
0.176369,0.00810398,0.0610583,3
0.14076,0.0979868,0.114094,3
0.210454,0.103842,0.145838,3
0.204094,0.0926469,0.223757,3
0.159761,0.0479489,0.143692,3
0.207323,0.0619402,0.0766453,3
0.195393,0.0906314,0.0142258,3
0.186989,0.0614122,0.0413484,3
0.204706,0.0209251,0.0416542,3
0.203536,0.0108739,0.0409238,3
0.20047,0.0123085,0.0401397,3
0.169262,0.0658514,0.00267969,3
0.205283,0.0146719,0.0428445,3
0.204241,0.0190159,0.0432522,3
0.19976,0.014109,0.0384797,3
0.207159,0.0277907,0.150338,3
0.206277,0.0132263,0.0412298,3
0.199025,0.0182046,0.0426348,3
0.199161,0.00625052,0.0049364,3
0.202291,0.0088025,0.0441764,3
0.142282,0.0609332,0.171083,3
0.161297,0.103197,0.053315,3
0.200401,0.0175034,0.0391642,3
0.200653,0.0124282,0.0372295,3
0.157531,0.0558254,0.161785,3
0.173485,0.0047697,0.0865806,3
0.201561,0.0139557,0.0413936,3
0.206779,0.0422645,0.100005,3
0.193781,0.0367879,0.0614699,3
0.200342,0.0116016,0.0365669,3
0.187049,0.084234,0.180907,3
0.205358,0.0136521,0.0421563,3
0.187143,0.0886379,0.18232,3
0.180394,0.106911,0.152087,3
0.201691,0.0174311,0.0415476,3
0.178897,0.0459266,0.11103,3
0.203513,0.0142918,0.0447913,3
0.217859,0.00413678,0.067561,3
0.205968,0.011256,0.0365423,3
0.200775,0.00970223,0.0417303,3
0.134996,0.0984242,0.121886,3
0.19873,0.0115818,0.0403167,3
0.206983,0.0167695,0.0420924,3
0.198166,0.0142891,0.0402824,3
0.150384,0.0121192,0.204977,3
0.167488,0.0127122,0.113705,3
0.153534,0.00443595,0.179934,3
0.155744,0.0417795,0.124041,3
0.151264,0.012132,0.00361729,3
0.204009,0.0220737,0.0892754,3
0.16654,0.0239911,0.0980548,3
0.205319,0.0309085,0.212316,3
0.183769,0.0571898,0.142052,3
0.199041,0.010851,0.0395607,3
0.218533,0.0304953,0.0176326,3
0.200999,0.015888,0.0411857,3
0.199138,0.0125335,0.0435554,3
0.137007,0.0763254,0.218163,3
0.20473,0.0157871,0.0420022,3
0.199731,0.08855,0.161247,3
0.191417,0.0878735,0.134791,3
0.199502,0.0158561,0.0432008,3
0.180909,0.0549387,0.214469,3
0.222277,0.0816714,0.00178897,3
0.183764,0.0376456,0.00272465,3
0.199174,0.0162808,0.0397262,3
0.203724,0.0143747,0.0380303,3
0.172655,0.0185864,0.0510463,3
0.200611,0.0095269,0.0338359,3
0.178595,0.0639067,0.113734,3
0.184697,0.0334678,0.00300699,3
0.187205,0.0777622,0.03394,3
0.194993,0.0110153,0.194442,3
0.204586,0.0409366,0.0140496,3
0.191663,0.051243,0.163996,3
0.199968,0.0132334,0.0397633,3
0.201747,0.0138748,0.0377301,3
0.204987,0.01591,0.0421762,3
0.223098,0.100592,0.0106572,3
0.207762,0.0126901,0.0382099,3
0.205806,0.0185236,0.0395229,3
0.158552,0.06672,0.0600012,3
0.140253,0.0258736,0.00717012,3
0.217376,0.0401081,0.0955193,3
0.202645,0.0144602,0.0399303,3
0.142181,0.058323,0.0787688,3
0.219718,0.0345437,0.0267988,3
0.137986,0.0778273,0.0102333,3
0.210041,0.0866613,0.20391,3
0.202603,0.0120819,0.0431272,3
0.199641,0.0147203,0.0387334,3
0.203799,0.0169344,0.042676,3
0.14179,0.095225,0.113133,3
0.162689,0.0207455,0.0925389,3
0.204941,0.0116981,0.0393279,3
0.164249,0.05457,0.220014,3
0.150759,0.058872,0.0939603,3
0.224018,0.039006,0.0971671,3
0.209417,0.070323,0.118242,3
0.204333,0.0181033,0.0413732,3
0.189902,0.0829534,0.0386837,3
0.167859,0.0226782,0.0869624,3
0.141756,0.10358,0.192972,3
0.135511,0.102047,0.0421099,3
