x coord,y coord,z coord,rank
0.0118206,0.0597626,0.0697508,0
0.00177447,0.00487546,0.0354377,0
0.0844176,0.114292,0.0500756,0
0.104459,0.054124,0.00274939,0
0.100699,0.107106,0.103839,0
0.0644694,0.0410244,0.0438901,0
0.0485524,0.0733887,0.111224,0
0.10357,0.0167486,0.0987426,0
0.0974601,0.115811,0.115385,0
0.00234353,0.0842779,0.00261861,0
0.124754,0.00879098,0.0569633,0
0.0706786,0.109852,0.0155323,0
0.0647393,0.102306,0.0220035,0
0.0559068,0.063188,0.0283609,0
0.120279,0.0850442,0.130985,0
0.120307,0.100991,0.216985,0
0.10142,0.0603391,0.06689,0
0.0243539,0.0228653,0.0156285,0
0.0244506,0.0681622,0.032961,0
0.0906606,0.0879842,0.092169,0
0.0859365,0.0198581,0.00809283,0
0.0417435,0.00851098,0.0034168,0
0.108551,0.108089,0.0441363,0
0.058117,0.105589,0.0191399,0
0.115586,0.026446,0.181116,0
0.0783171,0.00955362,0.0438807,0
0.0563165,0.0469366,0.224921,0
0.0293515,0.0628537,0.00579481,0
0.125121,0.0500138,0.102405,0
0.0719768,0.00889286,0.160911,0
0.121483,0.098544,0.135058,0
0.0222888,0.0889745,0.224767,0
0.0461196,0.066318,0.139666,0
0.0171155,0.0164737,0.0510375,0
0.0931112,0.0478193,0.183244,0
0.0132533,0.060965,0.0361665,0
0.0382522,0.0370355,0.0834018,0
0.0921867,0.0566977,0.168436,0
0.109813,0.00865661,0.184604,0
0.0915445,0.0953143,0.0145615,0
0.0113318,0.0104327,0.183728,0
0.0756579,0.0570099,0.218447,0
0.0831622,0.0667198,0.22034,0
0.0996887,0.0194323,0.192063,0
0.113517,0.103404,0.0801599,0
0.102777,0.0195658,0.137797,0
0.111205,0.0809289,0.0265765,0
0.0487646,0.0102912,0.123334,0
0.00541995,0.0578998,0.0277329,0
0.0702333,0.0256062,0.18039,0
0.0900451,0.0363705,0.050735,0
0.125469,0.0794076,0.0794129,0
0.065078,0.107856,0.188474,0
0.122323,0.059255,0.0565325,0
0.107375,0.0686008,0.0761226,0
0.0533371,0.0534887,0.155168,0
0.00255237,0.00937474,0.158679,0
0.0822498,0.0759055,0.157036,0
0.123404,0.0127989,0.123453,0
0.0835047,0.0458378,0.163286,0
0.12597,0.0310882,0.000517973,0
0.0217193,0.0148822,0.0657648,0
0.0788373,0.00655209,0.0250299,0
0.0813257,0.110868,0.0209059,0
0.008669,0.0368566,0.129247,0
0.0716986,0.045517,0.112808,0
0.0293585,0.0728614,0.175771,0
0.0729944,0.0306047,0.0730505,0
0.0661713,0.0727852,0.0898705,0
0.00388164,0.0042604,0.170454,0
0.0705,0.0391667,0.0795766,0
0.0861182,0.0241874,0.220841,0
0.0446971,0.110427,0.0394178,0
0.0412124,0.0192846,0.0156563,0
0.0332828,0.0834793,0.13234,0
0.107554,0.044842,0.0925292,0
0.0410371,0.0496683,0.145564,0
0.076328,0.0348469,0.096747,0
0.0984597,0.101845,0.0871539,0
0.0671151,0.0680739,0.117098,0
0.0724534,0.0674607,0.159948,0
0.122498,0.10415,0.176406,0
0.0923214,0.10466,0.205602,0
0.0398434,0.0727585,0.142563,0
0.103089,0.0920539,0.174152,0
0.0345052,0.00802645,0.150715,0
0.0137398,0.0751844,0.189574,0
0.0638441,0.110114,0.00793822,0
0.0866907,0.108186,0.0463565,0
0.0542129,0.0849797,0.106653,0
0.0293081,0.100206,0.213284,0
0.0323896,0.0738793,0.183872,0
0.0865702,0.074446,0.16225,0
0.00285265,0.0544135,0.173371,0
0.00200304,0.101841,0.223604,0
0.109425,0.0626573,0.00893395,0
0.0207854,0.00338623,0.0842868,0
0.0584809,0.0370608,0.0587509,0
0.0977263,0.012605,0.0687168,0
0.0241909,0.0424166,0.0231385,0
0.0198393,0.00574955,0.154271,0
0.0323861,0.0282527,0.183197,0
0.0765502,0.0529339,0.0279398,0
0.1163,0.0237077,0.217339,0
0.0477819,0.061337,0.21763,0
0.0454967,0.0318637,0.133801,0
0.0552927,0.092233,0.200416,0
0.12073,0.10578,0.112916,0
0.00304742,0.00829645,0.17381,0
0.109534,0.085289,0.0114599,0
0.0525312,0.0175811,0.155783,0
0.014102,0.0413555,0.110285,0
0.0842202,0.0566386,0.0982352,0
0.00105567,0.105071,0.203407,0
0.0602779,0.0208649,0.130937,0
0.0655201,0.0298003,0.141908,0
0.113356,0.0131184,0.106772,0
0.00282642,0.0406986,0.124533,0
0.0815864,0.0230763,0.13664,0
0.0840036,0.0660366,0.126783,0
0.100242,0.0881013,0.0427001,0
0.0799794,0.075457,0.158588,0
0.0276773,0.0302918,0.115703,0
0.00600615,0.10214,0.15441,0
0.0848037,0.114521,0.156344,0
0.124862,0.158786,0.126951,1
0.122128,0.130444,0.218541,1
0.0942172,0.194606,0.161588,1
0.0722394,0.12021,0.204315,1
0.04938,0.155705,0.161966,1
0.0927128,0.209419,0.130212,1
0.0495004,0.16376,0.204228,1
0.123275,0.212543,0.180065,1
0.121534,0.143126,0.0366219,1
0.0873725,0.159034,0.185085,1
0.0637248,0.205897,0.161642,1
0.0665441,0.204753,0.132608,1
0.0379918,0.119147,0.151812,1
0.121903,0.221078,0.193788,1
0.0330082,0.185969,0.204509,1
0.0889304,0.123187,0.0948515,1
0.037163,0.211476,0.127621,1
0.0512818,0.177881,0.0847756,1
0.0820657,0.140827,0.182266,1
0.00665977,0.197249,0.0125431,1
0.121259,0.157012,0.0302704,1
0.0789463,0.168775,0.142487,1
0.103994,0.176768,0.162146,1
0.0495978,0.185335,0.181704,1
0.097483,0.215599,0.0250064,1
0.113289,0.163858,0.0572249,1
0.0420238,0.121245,0.138412,1
0.0921968,0.147079,0.196372,1
0.0535689,0.171832,0.075055,1
0.00368628,0.128355,0.195004,1
0.0826537,0.151612,0.036137,1
0.0736321,0.192036,0.160931,1
0.0204509,0.149132,0.00612949,1
0.118503,0.147274,0.0800144,1
0.0577552,0.215396,0.00707005,1
0.0764086,0.172196,0.202315,1
0.0833792,0.128829,0.173595,1
0.0535353,0.200151,0.0525127,1
0.0483127,0.196359,0.0326163,1
0.0799071,0.219552,0.223091,1
0.111562,0.166651,0.0558049,1
0.0147717,0.186815,0.125206,1
0.0749597,0.158733,0.160341,1
0.0541895,0.134011,0.0157291,1
0.0977562,0.171451,0.144671,1
0.042339,0.15696,0.105727,1
0.0390037,0.122036,0.0132009,1
0.0168958,0.134771,0.172418,1
0.00753136,0.125821,0.0403103,1
0.116441,0.137038,0.0307741,1
0.00620652,0.120476,0.00603726,1
0.0532026,0.191352,0.0949425,1
0.0450321,0.1794,0.0757171,1
0.0300351,0.158507,0.224451,1
0.105757,0.205483,0.17883,1
0.0882481,0.130577,0.18581,1
0.00425928,0.180671,0.107976,1
0.0152187,0.166593,0.0307547,1
0.118765,0.19056,0.095876,1
0.120977,0.144878,0.199425,1
0.10048,0.137826,0.101608,1
0.0890736,0.213284,0.0522205,1
0.0548658,0.129718,0.223913,1
0.0750645,0.193506,0.0995993,1
0.00565175,0.184838,0.208901,1
0.107629,0.213433,0.218623,1
0.115655,0.194336,0.0479692,1
0.0473991,0.174646,0.207488,1
0.116371,0.137,0.188926,1
0.0237991,0.121222,0.0444093,1
0.026527,0.158067,0.0687047,1
0.000604833,0.13594,0.064395,1
0.0752405,0.213192,0.142919,1
0.0101237,0.198137,0.0819371,1
0.0996821,0.169222,0.184016,1
0.070354,0.14395,0.174934,1
0.0933229,0.151687,0.196291,1
0.107593,0.155295,0.0961714,1
0.0742099,0.159854,0.112489,1
0.0193498,0.160212,0.0813306,1
0.0835967,0.162908,0.0744405,1
0.11145,0.214265,0.0525651,1
0.0774352,0.173231,0.178086,1
0.019069,0.143423,0.180588,1
0.0042073,0.181918,0.188754,1
0.0922957,0.163339,0.0307212,1
0.0859012,0.196678,0.141425,1
0.112282,0.216588,0.129299,1
0.033532,0.21538,0.163371,1
0.0989411,0.210026,0.124881,1
0.0918159,0.160655,0.142284,1
0.0848239,0.219602,0.138652,1
0.0159241,0.22129,0.0850213,1
0.0089214,0.1676,0.121582,1
0.0741152,0.204079,0.0709272,1
0.0329238,0.161076,0.186782,1
0.0977708,0.166557,0.158499,1
0.0205346,0.202266,0.176759,1
0.104436,0.130419,0.0461652,1
0.0645458,0.144021,0.0970413,1
0.106791,0.128793,0.0973545,1
0.112286,0.171854,0.176692,1
0.0701262,0.2026,0.0522069,1
0.0419065,0.212216,0.146147,1
0.00806664,0.131835,0.139922,1
0.0441989,0.209416,0.0163726,1
0.000907575,0.15079,0.11386,1
0.0734809,0.201728,0.0458916,1
0.0189824,0.150108,0.153839,1
0.00120057,0.157467,0.0628529,1
0.117209,0.209006,0.0329654,1
0.0648591,0.170161,0.0284419,1
0.0114675,0.215813,0.0344502,1
0.0596385,0.149277,0.112923,1
0.114726,0.2088,0.111086,1
0.0322151,0.1479,0.0819317,1
0.0558764,0.212195,0.220941,1
0.052918,0.123863,0.0704313,1
0.0350644,0.161708,0.223728,1
0.117032,0.213838,0.00144234,1
0.0401557,0.200489,0.0461353,1
0.0858163,0.131731,0.108264,1
0.092893,0.150955,0.156008,1
0.0339999,0.128246,0.123043,1
0.0154332,0.121528,0.0521538,1
0.126032,0.19127,0.162674,1
0.0598692,0.117411,0.0738123,1
0.158659,0.0683764,0.158465,2
0.207988,0.0474479,0.106961,2
0.174274,0.0206216,0.195522,2
0.203321,0.0448051,0.112964,2
0.206243,0.0479307,0.110438,2
0.208896,0.0237327,0.210526,2
0.156815,0.0806005,0.196417,2
0.201274,0.0491473,0.110885,2
0.217158,0.0256147,0.15875,2
0.216991,0.00931835,0.09697,2
0.145417,0.0572737,0.22107,2
0.167836,0.0250294,0.0984112,2
0.202979,0.0484771,0.112735,2
0.20621,0.0499971,0.111748,2
0.132216,0.084361,0.160369,2
0.207452,0.0458823,0.112695,2
0.212547,0.0381053,0.0906989,2
0.202056,0.047963,0.1112,2
0.204507,0.0419338,0.111479,2
0.151396,0.0769289,0.0767648,2
0.208141,0.0749789,0.0917988,2
0.133873,0.0191266,0.136468,2
0.172598,0.019039,0.0374843,2
0.13398,0.0196649,0.0649906,2
0.127992,0.0266717,0.145966,2
0.147213,0.066907,0.0355527,2
0.183601,0.0425225,0.0413161,2
0.140977,0.0186888,0.202785,2
0.202959,0.024017,0.0775493,2
0.177085,0.0190952,0.0274286,2
0.206009,0.0692228,0.0230733,2
0.144414,0.0595642,0.130894,2
0.153497,0.0657026,0.213429,2
0.20218,0.0450295,0.012994,2
0.160033,0.0297304,0.0340957,2
0.220307,0.0517494,0.00113443,2
0.155566,0.0708953,0.0328511,2
0.206106,0.0774424,0.217834,2
0.160595,0.0442123,0.200328,2
0.201202,0.0502733,0.109131,2
0.2037,0.0493475,0.073317,2
0.2201,0.0455669,0.184152,2
0.197278,0.0583044,0.0195813,2
0.220479,0.00191324,0.0433761,2
0.180644,0.017739,0.0428549,2
0.197246,0.0303602,0.0794853,2
0.177315,0.0393898,0.173781,2
0.204468,0.0691138,0.0408086,2
0.166884,0.00559137,0.0383385,2
0.154361,0.0401134,0.124238,2
0.206766,0.0474677,0.112155,2
0.178589,0.0210179,0.21571,2
0.204398,0.0478066,0.112993,2
0.220178,0.0081778,0.0878863,2
0.211913,0.0820391,0.123611,2
0.203667,0.0463951,0.11112,2
0.207474,0.0857589,0.034698,2
0.186844,0.0385724,0.218144,2
0.224195,0.0490777,0.153651,2
0.210965,0.0705127,0.107426,2
0.144009,0.0660875,0.151344,2
0.203536,0.044874,0.115231,2
0.224182,0.0241264,0.18589,2
0.19998,0.0423635,0.108106,2
0.197866,0.0736115,0.0704254,2
0.199374,0.0567733,0.164298,2
0.178579,0.0668804,0.185939,2
0.18183,0.0873985,0.185528,2
0.175054,0.0794316,0.0990514,2
0.138141,0.0348817,0.161075,2
0.190438,0.0272962,0.0418097,2
0.204663,0.0454849,0.107037,2
0.176536,0.00826454,0.116999,2
0.170478,0.0525375,0.091965,2
0.140077,0.0658347,0.139836,2
0.200983,0.05261,0.112583,2
0.218372,0.00312692,0.145464,2
0.161066,0.00837282,0.105617,2
0.163766,0.0126532,0.223513,2
0.137439,0.0670387,0.0144392,2
0.135768,0.0754954,0.144144,2
0.126367,0.0172205,0.122458,2
0.203834,0.0197775,0.146202,2
0.194029,0.0346689,0.220693,2
0.129424,0.0234173,0.0166194,2
0.146123,0.0455604,0.202822,2
0.20445,0.0453253,0.111879,2
0.20468,0.0518331,0.107975,2
0.201214,0.0558381,0.107227,2
0.129476,0.0647575,0.100779,2
0.152002,0.076569,0.157901,2
0.166748,0.0313657,0.178565,2
0.201608,0.0489616,0.108095,2
0.189544,0.0649342,0.188095,2
0.203696,0.0499233,0.112607,2
0.207228,0.0475939,0.106928,2
0.137082,0.0716462,0.0121626,2
0.206844,0.0452328,0.111628,2
0.203089,0.044283,0.11008,2
0.200544,0.0461882,0.102119,2
0.202393,0.0457609,0.109332,2
0.154508,0.0901674,0.150303,2
0.20142,0.0439711,0.108834,2
0.198476,0.0502886,0.108438,2
0.18924,0.0708871,0.204683,2
0.16665,0.0546203,0.169667,2
0.202813,0.0471244,0.109562,2
0.20453,0.0843837,0.180657,2
0.204953,0.0509833,0.109143,2
0.172441,0.0564111,0.133762,2
0.204991,0.0469781,0.108234,2
0.143043,0.0370872,0.115233,2
0.206935,0.0449142,0.110642,2
0.180889,0.0308631,0.207173,2
0.200433,0.0497459,0.110643,2
0.153928,0.0842888,0.121257,2
0.199084,0.0513239,0.106206,2
0.209522,0.0457923,0.108759,2
0.199858,0.0389686,0.173133,2
0.207832,0.0729847,0.11661,2
0.20457,0.0480479,0.110078,2
0.193515,0.137084,0.040222,3
0.204876,0.188602,0.0652465,3
0.193809,0.122025,0.0831859,3
0.189913,0.130984,0.0427855,3
0.202362,0.172072,0.00227047,3
0.143458,0.154396,0.121763,3
0.147185,0.21407,0.045276,3
0.165956,0.199566,0.0306778,3
0.205777,0.135687,0.0212432,3
0.17446,0.16521,0.0159488,3
0.218427,0.180003,0.0976135,3
0.14701,0.101845,0.1377,3
0.15661,0.222525,0.0173184,3
0.187068,0.127666,0.129268,3
0.155802,0.108576,0.159809,3
0.206965,0.111828,0.00405638,3
0.152218,0.184397,0.0766741,3
0.215465,0.120136,0.00952894,3
0.216874,0.197644,0.0159904,3
0.188329,0.0960079,0.0832485,3
0.186248,0.159592,0.0730645,3
0.177494,0.117416,0.0838855,3
0.206253,0.118797,0.0385985,3
0.175004,0.0922489,0.0726943,3
0.163507,0.094318,0.159337,3
0.12752,0.221088,0.178709,3
0.154917,0.11987,0.205844,3
0.17414,0.15685,0.0726797,3
0.174296,0.100012,0.140995,3
0.208972,0.163926,0.0615381,3
0.21352,0.112801,0.11206,3
0.222082,0.198467,0.018569,3
0.157092,0.111743,0.0453072,3
0.172669,0.138984,0.115407,3
0.195838,0.139647,0.0724915,3
0.213123,0.108897,0.140393,3
0.178671,0.213639,0.141639,3
0.219156,0.128319,0.116699,3
0.160137,0.118419,0.00419226,3
0.186358,0.101199,0.167985,3
0.15144,0.22246,0.0309452,3
0.155989,0.17846,0.0252707,3
0.157102,0.114216,0.0391297,3
0.174517,0.196086,0.214411,3
0.158281,0.18042,0.0589467,3
0.193014,0.123269,0.179814,3
0.186738,0.099632,0.0907217,3
0.222949,0.214266,0.0574437,3
0.189703,0.19293,0.201087,3
0.220293,0.211608,0.0783653,3
0.169002,0.14647,0.123475,3
0.197161,0.153908,0.126164,3
0.184285,0.143246,0.19798,3
0.223693,0.148903,0.0182033,3
0.223878,0.102824,0.0824877,3
0.173038,0.209862,0.213213,3
0.188946,0.17907,0.065323,3
0.159904,0.121051,0.130967,3
0.129055,0.192423,0.158935,3
0.190859,0.167862,0.0253815,3
0.211835,0.111758,0.0974733,3
0.210817,0.0952343,0.21092,3
0.194344,0.175425,0.0538653,3
0.1582,0.112769,0.0555466,3
0.126701,0.165806,0.132419,3
0.202335,0.115247,5.52226e-05,3
0.167665,0.139392,0.195562,3
0.184866,0.161818,0.0446852,3
0.211945,0.173609,0.0316015,3
0.217949,0.200488,0.142673,3
0.160264,0.100703,0.0300221,3
0.138522,0.173275,0.111828,3
0.150883,0.166322,0.166293,3
0.154988,0.127352,0.153225,3
0.159081,0.198471,0.0190021,3
0.126128,0.173051,0.134714,3
0.156228,0.109222,0.0621735,3
0.213192,0.159372,0.0789423,3
0.130106,0.140663,0.208723,3
0.13036,0.183962,0.116968,3
0.160781,0.154512,0.150379,3
0.126213,0.158864,0.194108,3
0.20226,0.123907,0.169064,3
0.203399,0.183387,0.0536007,3
0.221788,0.135793,0.0408582,3
0.204007,0.111863,0.00721006,3
0.209501,0.169484,0.0278892,3
0.174133,0.137147,0.0930612,3
0.142981,0.113801,0.0291602,3
0.131919,0.134642,0.145146,3
0.192541,0.130545,0.0448336,3
0.216575,0.189729,0.203149,3
0.204024,0.207346,0.0682817,3
0.136198,0.132286,0.0693126,3
0.166494,0.185201,0.0753352,3
0.173255,0.121168,0.0627254,3
0.224789,0.103479,0.055184,3
0.224176,0.199089,0.017097,3
0.13434,0.106531,0.197709,3
0.20587,0.21975,0.163984,3
0.162801,0.101477,0.189629,3
0.169692,0.105649,0.193851,3
0.200507,0.15189,0.141082,3
0.181993,0.103829,0.199088,3
0.139718,0.174999,0.143274,3
0.167065,0.218317,0.00298643,3
0.203816,0.162105,0.137504,3
0.185761,0.151963,0.130996,3
0.149169,0.22148,0.153208,3
0.141398,0.198502,0.174877,3
0.133652,0.195298,0.079923,3
0.131923,0.0908535,0.072019,3
0.139925,0.101898,0.0669192,3
0.128022,0.124911,0.085595,3
0.175194,0.183966,0.19809,3
0.176137,0.141658,0.146139,3
0.190309,0.137027,0.202921,3
0.216571,0.12932,0.175022,3
0.206041,0.156826,0.197324,3
0.193391,0.163789,0.146996,3
0.181393,0.186085,0.183131,3
0.209807,0.177457,0.197831,3
0.162024,0.18813,0.133773,3
0.143782,0.0916173,0.106418,3
0.215307,0.0915817,0.0619434,3
0.12942,0.164171,0.129561,3
0.156088,0.0914441,0.0839092,3
