x coord,y coord,z coord,rank
0.222744,0.0542098,0.0780462,0
0.119543,0.092902,0.0414718,0
0.149262,0.100499,0.0457856,0
0.174271,0.0273543,0.0886194,0
0.143344,0.0258061,0.0770846,0
0.206246,0.0333517,0.0593863,0
0.19555,0.0169355,0.0409112,0
0.198471,0.0856331,0.0813316,0
0.188065,0.0313855,0.0817127,0
0.191725,0.00673402,0.047221,0
0.159867,0.0186179,0.0525659,0
0.196341,0.0107357,0.0473096,0
0.0419378,0.100169,0.0877636,0
0.0919345,0.0331446,0.0494561,0
0.120654,0.00490667,0.00219112,0
0.0975594,0.0667809,0.0530996,0
0.200783,0.104687,0.0585218,0
0.165749,0.0524983,0.0886503,0
0.125508,0.0962142,0.0629265,0
0.143364,0.0369896,0.0501267,0
0.196861,0.00891231,0.0503607,0
0.183984,0.0759789,0.0489914,0
0.197438,0.0118714,0.0451305,0
0.0344854,0.0594799,0.0265802,0
0.105664,0.0530501,0.0177791,0
0.221577,0.0844215,0.00984293,0
0.043099,0.0675344,0.0955576,0
0.195881,0.0148211,0.048367,0
0.192737,0.0133483,0.0447881,0
0.194725,0.00974973,0.0495177,0
0.211945,0.0270101,0.00653249,0
0.157719,0.0821827,0.0712682,0
0.194813,0.0127431,0.0460241,0
0.212349,0.0662993,0.0497303,0
0.134989,0.102543,0.0813326,0
0.120918,0.0877517,0.0309327,0
0.174726,0.02312,0.0337287,0
0.169136,0.0725063,0.0311182,0
0.0144818,0.0742657,0.0222877,0
0.19726,0.00869338,0.0492886,0
0.0695631,0.0694425,0.0784965,0
0.197243,0.0142109,0.0480209,0
0.195286,0.0133357,0.0413724,0
0.191636,0.0172355,0.0442213,0
0.0272648,0.0932831,0.0902195,0
0.100774,0.0496729,0.0660108,0
0.118884,0.0766201,0.0462156,0
0.0269585,0.0888832,0.0916375,0
0.190548,0.0656929,0.0321351,0
0.198978,0.013244,0.0431104,0
0.19358,0.0161147,0.0475555,0
0.0659795,0.0796696,0.0485262,0
0.199352,0.00960569,0.0462012,0
0.161989,0.00241669,0.080304,0
0.0453786,0.0453552,0.0462893,0
0.223336,0.0260534,0.0490974,0
0.194286,0.0367712,0.0738399,0
0.19325,0.00977293,0.0483672,0
0.18726,0.0280229,0.086832,0
0.0934895,0.0630297,0.100997,0
0.0113485,0.0773447,0.0694701,0
0.19432,0.0128686,0.0490432,0
0.111188,0.0740243,0.0290202,0
0.193817,0.00795775,0.0408398,0
0.195004,0.0154208,0.0478109,0
0.119901,0.00321496,0.00338182,0
0.0291646,0.0130178,0.0927636,0
0.191938,0.00854557,0.0497775,0
0.178326,0.00631078,0.104514,0
0.164343,0.0843686,0.0266954,0
0.193448,0.0125397,0.0452215,0
0.191277,0.0183207,0.0449728,0
0.189272,0.00843663,0.0463327,0
0.196771,0.0121527,0.0533316,0
0.198351,0.0250903,0.0336924,0
0.224449,0.0964553,0.0477449,0
0.196481,0.0119699,0.0452419,0
0.191653,0.0107531,0.0507415,0
0.196989,0.0143306,0.0498662,0
0.0620312,0.0745818,0.0825524,0
0.16102,0.0542636,0.0034067,0
0.19694,0.0155353,0.0484122,0
0.0288805,0.014836,0.00604625,0
0.090529,0.064825,0.0481153,0
0.194825,0.0175777,0.0455515,0
0.189772,0.0144764,0.0441607,0
0.0133084,0.0695158,0.0918769,0
0.151553,0.0756142,0.0688559,0
0.221363,0.0434144,0.0179724,0
0.00105537,0.00670388,0.0021651,0
0.0900868,0.104686,0.0186334,0
0.0834839,0.0594102,0.0657859,0
0.140882,0.0208097,0.0795563,0
0.195143,0.0128579,0.0440815,0
0.199622,0.0115137,0.04806,0
0.191971,0.0106504,0.0507557,0
0.0240707,0.0994422,0.0863146,0
0.194771,0.01628,0.0437942,0
0.102574,0.0880085,0.0922613,0
0.193916,0.00840756,0.0499707,0
0.190301,0.0109217,0.0446104,0
0.0382423,0.0321489,0.0924781,0
0.201059,0.011345,0.0458742,0
0.193466,0.00938866,0.0475774,0
0.0554854,0.0381523,0.0931866,0
0.0276134,0.00865838,0.00045614,0
0.0812323,0.0485696,0.1027,0
0.189769,0.0143102,0.0698992,0
0.0307956,0.0616002,0.0389271,0
0.0913711,0.060774,0.0998154,0
0.186413,0.0234885,0.0275165,0
0.200563,0.0681599,0.0909204,0
0.0985963,0.0222799,0.0858179,0
0.0839084,0.0233411,0.107216,0
0.12959,0.0348536,0.0249475,0
0.105957,0.0795691,0.0950651,0
0.141441,0.0333515,0.0775899,0
0.0477273,0.0696989,0.0829105,0
0.132,0.0652483,0.059929,0
0.0961077,0.0771601,0.00126561,0
0.0343055,0.0365601,0.104189,0
0.12,0.089697,0.0808929,0
0.103405,0.0982293,0.0106234,0
0.119721,0.0507959,0.064754,0
0.0536096,0.129964,0.204791,1
0.165396,0.154995,0.129793,1
0.185741,0.155981,0.12157,1
0.144167,0.184498,0.127697,1
0.0128271,0.177165,0.216879,1
0.187957,0.190582,0.172634,1
0.110637,0.144916,0.211033,1
0.206769,0.198721,0.221585,1
0.142354,0.139159,0.143081,1
0.168749,0.16152,0.22187,1
0.131611,0.153007,0.207746,1
0.0669602,0.110927,0.125723,1
0.0293635,0.200426,0.205072,1
0.0198663,0.173081,0.21953,1
0.162343,0.106571,0.168006,1
0.0577091,0.114638,0.215639,1
0.0713106,0.203648,0.218166,1
0.0984418,0.144556,0.125589,1
0.087595,0.146447,0.151811,1
0.0661013,0.161528,0.143614,1
0.0545714,0.20263,0.207525,1
0.00779103,0.133965,0.207597,1
0.219532,0.161729,0.19241,1
0.137847,0.174971,0.167752,1
0.0273351,0.190829,0.118064,1
0.120338,0.173181,0.154516,1
0.112844,0.214346,0.15558,1
0.111838,0.166567,0.210784,1
0.0963923,0.147994,0.144926,1
0.210725,0.204162,0.162247,1
0.168,0.201696,0.17356,1
0.135794,0.150912,0.214053,1
0.224818,0.198348,0.204008,1
0.035981,0.15767,0.219806,1
0.108547,0.143264,0.197079,1
0.016773,0.186639,0.133577,1
0.222735,0.208758,0.13314,1
0.0325421,0.213391,0.164762,1
0.0991764,0.160507,0.194984,1
0.126295,0.201842,0.158151,1
0.204228,0.20454,0.221258,1
0.0889076,0.161533,0.12103,1
0.105198,0.113728,0.212989,1
0.207654,0.165736,0.136922,1
0.0104534,0.207608,0.158159,1
0.148948,0.155912,0.197778,1
0.17329,0.208931,0.131342,1
0.170674,0.179255,0.184335,1
0.000152624,0.179035,0.170773,1
0.200202,0.173511,0.117651,1
0.12817,0.109036,0.159638,1
0.0981932,0.149704,0.202612,1
0.116393,0.219435,0.190774,1
0.0235564,0.110616,0.198691,1
0.0445611,0.219428,0.13323,1
0.147189,0.148472,0.18973,1
0.0538307,0.182146,0.224695,1
0.0875745,0.214334,0.209102,1
0.0133041,0.123058,0.186539,1
0.052674,0.139963,0.180871,1
0.191254,0.119451,0.126289,1
0.144219,0.205346,0.160137,1
0.0722265,0.20113,0.153184,1
0.0645675,0.197107,0.151245,1
0.0698219,0.135373,0.20084,1
0.0986986,0.192087,0.140737,1
0.156002,0.141021,0.174694,1
0.0847299,0.143029,0.219544,1
0.00686057,0.179831,0.12556,1
0.214839,0.210651,0.215027,1
0.135146,0.119074,0.192265,1
0.122582,0.222309,0.13041,1
0.21067,0.129574,0.112888,1
0.00116734,0.114317,0.179545,1
0.106712,0.142431,0.139113,1
0.133965,0.206231,0.190976,1
0.197579,0.111977,0.191283,1
0.0239555,0.183048,0.219022,1
0.0812058,0.108254,0.185661,1
0.057352,0.118416,0.127179,1
0.175113,0.156572,0.140375,1
0.0630674,0.176191,0.182665,1
0.000142807,0.160948,0.140554,1
0.0949476,0.213829,0.20575,1
0.0864752,0.196635,0.166891,1
0.0272153,0.154184,0.19497,1
0.0111549,0.224426,0.207502,1
0.00519779,0.203905,0.185032,1
0.0403361,0.106957,0.178428,1
0.108364,0.169255,0.126481,1
0.150473,0.149767,0.206737,1
0.14949,0.132764,0.201719,1
0.212183,0.135121,0.163818,1
0.109595,0.134514,0.123249,1
0.0216673,0.191052,0.152552,1
0.0944425,0.160423,0.116188,1
0.00469052,0.213515,0.1515,1
0.0969915,0.107635,0.127254,1
0.0959937,0.144513,0.190195,1
0.00555758,0.218785,0.187641,1
0.0108749,0.153687,0.129445,1
0.0510955,0.158925,0.211892,1
0.118594,0.133192,0.127398,1
0.0279703,0.132145,0.185288,1
0.035632,0.195095,0.148002,1
0.112842,0.121218,0.145321,1
0.0926354,0.158327,0.124899,1
0.162027,0.112551,0.158667,1
0.00361841,0.139614,0.155392,1
0.117508,0.180411,0.206195,1
0.00942099,0.110435,0.160018,1
0.0443393,0.118392,0.204724,1
0.00665293,0.222941,0.204115,1
0.108512,0.134166,0.180272,1
0.0332734,0.153461,0.154853,1
0.0331846,0.209275,0.184712,1
0.0171697,0.208236,0.119138,1
0.133038,0.113265,0.1632,1
0.0936716,0.132759,0.150269,1
0.108182,0.201619,0.146116,1
0.119098,0.134449,0.122119,1
0.0447106,0.113737,0.141045,1
0.037437,0.156573,0.116354,1
0.123131,0.197832,0.113193,1
0.0486298,0.15134,0.00346515,2
0.143434,0.136414,0.108562,2
0.10874,0.137441,0.0312882,2
0.220655,0.10623,0.0894692,2
0.161296,0.202915,0.0921894,2
0.208104,0.193086,0.108619,2
0.0203122,0.162582,0.098799,2
0.17581,0.144679,0.0793881,2
0.148405,0.144264,0.0758214,2
0.140286,0.164372,0.107657,2
0.00561422,0.165987,0.0485256,2
0.0498254,0.219696,0.0958695,2
0.00396888,0.195398,0.0328053,2
0.0953798,0.174201,0.0981781,2
0.150121,0.18199,0.106428,2
0.148461,0.176313,0.103776,2
0.0505736,0.126688,0.0840529,2
0.196307,0.19931,0.0815567,2
0.0315877,0.163201,0.0698091,2
0.0931377,0.133836,0.0875062,2
0.12965,0.191056,0.0870569,2
0.0986178,0.186391,0.0302978,2
0.119014,0.218132,0.0316726,2
0.0936266,0.121246,0.018176,2
0.140721,0.220879,0.0854853,2
0.139079,0.217351,0.048068,2
0.110211,0.116778,0.0188536,2
0.0362182,0.140687,0.0980014,2
0.117054,0.221671,0.00576459,2
0.146458,0.133259,0.0385383,2
0.101917,0.120201,0.0697604,2
0.174476,0.206241,0.10542,2
0.150071,0.150552,0.102812,2
0.137776,0.2108,0.00669076,2
0.165222,0.119705,0.065188,2
0.037697,0.136665,0.00212896,2
0.220452,0.198157,0.0323809,2
0.0142301,0.107113,0.0878206,2
0.0166451,0.214399,0.0717191,2
0.105533,0.224862,0.0953928,2
0.185467,0.113878,0.0874285,2
0.00620232,0.217009,0.0138062,2
0.0908334,0.184174,0.0578771,2
0.066135,0.125004,0.0544694,2
0.142323,0.125253,0.00229348,2
0.175787,0.149307,0.0856372,2
0.0470493,0.177719,0.105822,2
0.103766,0.183233,0.0926938,2
0.0755435,0.139253,0.033515,2
0.0651605,0.108914,0.0532283,2
0.149469,0.185689,0.0843938,2
0.000193124,0.206491,0.0139506,2
0.113134,0.147096,0.0264009,2
0.174493,0.193575,0.0160419,2
0.146394,0.219951,0.0128217,2
0.216175,0.222453,0.0689853,2
0.0775778,0.173224,0.000741113,2
0.161683,0.211254,0.00369424,2
0.216756,0.118357,0.0465999,2
0.0607901,0.165912,0.0996953,2
0.204459,0.191633,0.053273,2
0.0810528,0.194324,0.0786766,2
0.221385,0.217309,0.0584012,2
0.0883677,0.171676,0.0129307,2
0.173583,0.172237,0.0197867,2
0.183092,0.193719,0.0308737,2
0.0202466,0.116326,0.0482642,2
0.0768536,0.170487,0.0162317,2
0.135662,0.223166,0.0564679,2
0.0521705,0.205308,0.091224,2
0.0687168,0.166833,0.104395,2
0.0753466,0.114278,0.0165098,2
0.190365,0.150459,0.0464942,2
0.0447419,0.106714,0.0144848,2
0.214355,0.133553,0.0800379,2
0.160876,0.171827,0.0305064,2
0.170225,0.132045,0.0652959,2
0.0558056,0.173676,0.0585161,2
0.100616,0.174679,0.0474875,2
0.224287,0.178299,0.0964177,2
0.160068,0.195831,0.0325176,2
0.00595767,0.166184,0.082692,2
0.084763,0.140084,0.0477016,2
0.0532578,0.142712,0.0195581,2
0.0333809,0.197454,0.073289,2
0.0660964,0.13151,0.109161,2
0.208654,0.165422,0.0421272,2
0.176564,0.157486,0.0589051,2
0.0422545,0.206252,0.0166105,2
0.205435,0.126605,0.0421741,2
0.0507195,0.217851,0.0164282,2
0.0696367,0.149492,0.092513,2
0.0485168,0.13907,0.099491,2
0.215466,0.208706,0.0486739,2
0.202087,0.169395,0.0299,2
0.0654635,0.121584,0.00363759,2
0.0490119,0.204942,0.0126455,2
0.216826,0.196495,0.0735487,2
0.0314485,0.202081,0.075914,2
0.207453,0.141049,0.0695071,2
0.0698165,0.169221,0.0733631,2
0.174541,0.201795,0.0234856,2
0.190785,0.184667,0.0364966,2
0.0370071,0.116917,0.0324897,2
0.187578,0.14667,0.0676282,2
0.149437,0.133516,0.00856471,2
0.0412507,0.11785,0.0261747,2
0.0503149,0.140066,0.0989235,2
0.16326,0.118314,0.0490637,2
0.211318,0.181205,0.0235168,2
0.221633,0.168032,0.0643803,2
0.0500683,0.126959,0.0621248,2
0.180374,0.173222,0.100421,2
0.0870303,0.186939,0.0730151,2
0.179289,0.220494,0.0984799,2
0.0862972,0.187419,0.0498534,2
0.191503,0.212392,0.0410927,2
0.153624,0.166326,0.0388821,2
0.0149,0.1563,0.108726,2
0.169761,0.13179,0.0484154,2
0.0880972,0.194161,0.00356241,2
0.0953899,0.222907,0.0144679,2
0.158094,0.199324,0.0554672,2
0.156806,0.122145,0.00589347,2
0.177831,0.144244,0.0231297,2
0.224755,0.173299,0.0967903,2
0.172909,0.183602,0.085425,2
0.0332541,0.197405,0.104788,2
0.0232526,0.208027,0.0972528,2
0.0676153,0.193931,0.0965722,2
0.0708474,0.107414,0.0843245,2
0.0428292,0.0351007,0.139284,3
0.12512,0.0197837,0.123849,3
0.00320167,0.0863498,0.218459,3
0.0554652,0.00697855,0.112653,3
0.0634646,0.00128529,0.120521,3
0.163921,0.0735248,0.124542,3
0.0616348,0.0792118,0.122253,3
0.21595,0.0850345,0.18407,3
0.0260932,0.0399338,0.128649,3
0.147427,0.0850033,0.166036,3
0.163204,0.0749332,0.151395,3
0.0112337,0.0721673,0.1253,3
0.108401,0.0215647,0.12953,3
0.109761,0.02112,0.135649,3
0.0106871,0.0817023,0.125871,3
0.0679334,0.0950929,0.130227,3
0.146239,0.0149554,0.191233,3
0.105787,0.0494488,0.133743,3
0.141393,0.0664989,0.20804,3
0.143728,0.050562,0.200687,3
0.123211,0.0243664,0.171483,3
0.0335708,0.0659363,0.180235,3
0.0900623,0.0446203,0.222468,3
0.170959,0.0100145,0.221123,3
0.0982045,0.0165064,0.143232,3
0.085043,0.0429509,0.149564,3
0.100128,0.0215652,0.143747,3
0.193445,0.0224479,0.157647,3
0.132764,0.0514815,0.222904,3
0.187724,0.0231492,0.173602,3
0.127337,0.00798847,0.146852,3
0.0635549,0.0857743,0.152367,3
0.190259,0.0613266,0.201878,3
0.116182,0.0785746,0.160274,3
0.0950348,0.0271811,0.204017,3
0.185898,0.0833032,0.178791,3
0.0216922,0.0981459,0.157755,3
0.209392,0.070425,0.186593,3
0.0840428,0.0220468,0.213612,3
0.0135861,0.0669441,0.15407,3
0.0650649,0.0835174,0.160063,3
0.0762616,0.00140682,0.132235,3
0.0154292,0.0979864,0.17749,3
0.00269771,0.0132081,0.13552,3
0.131933,0.100401,0.174224,3
0.145371,0.0181431,0.131936,3
0.206938,0.0149992,0.187451,3
0.0717478,0.096342,0.184885,3
0.122867,0.0984445,0.215155,3
0.0861774,0.00598004,0.186501,3
0.110407,0.0217446,0.152791,3
0.186557,0.000965783,0.178019,3
0.175119,0.0637247,0.122604,3
0.19127,0.0802646,0.171702,3
0.159171,0.0922298,0.146708,3
0.0875532,0.0131096,0.143548,3
0.20618,0.0205869,0.171839,3
0.0766749,0.0815364,0.16071,3
0.140133,0.00391389,0.207086,3
0.135089,0.0696222,0.206254,3
0.103046,0.057328,0.189104,3
0.14865,0.0391421,0.171646,3
0.187759,0.0142123,0.155348,3
0.110507,0.0994921,0.198927,3
0.217676,0.0230892,0.187365,3
0.223527,0.0931893,0.140852,3
0.120766,0.0526891,0.211035,3
0.0737849,0.0265659,0.21512,3
0.115162,0.0675566,0.116363,3
0.0354033,0.0269749,0.130333,3
0.0784299,0.0360162,0.203407,3
0.140525,0.0514899,0.13089,3
0.166841,0.00487155,0.215925,3
0.157111,0.0233752,0.121301,3
0.17257,0.0487342,0.147019,3
0.0618265,0.0693699,0.204193,3
0.105542,0.0131357,0.177124,3
0.12377,0.088944,0.175888,3
0.179205,0.0367838,0.147689,3
0.0938167,0.0625897,0.224828,3
0.0339678,0.0490776,0.20146,3
0.115964,0.022915,0.215279,3
0.123321,0.0770693,0.155661,3
0.0220663,0.0113258,0.203327,3
0.0153708,0.0754295,0.178842,3
0.0918642,0.00787519,0.119767,3
0.150535,0.016384,0.138802,3
0.180985,0.0296337,0.199508,3
0.161963,0.0915264,0.183539,3
0.0334889,0.0365711,0.195194,3
0.164557,0.0266883,0.189347,3
0.18269,0.0912698,0.111621,3
0.0618329,0.0413165,0.138917,3
0.0232933,0.0876668,0.155972,3
0.117866,0.0263473,0.130694,3
0.0769078,0.0506346,0.173037,3
0.136641,0.0851721,0.160954,3
0.190149,0.0145791,0.12948,3
0.0140469,0.0627059,0.204211,3
0.085433,0.0643174,0.141101,3
0.205207,0.0814351,0.204533,3
0.13759,0.0251394,0.13584,3
0.150738,0.0275213,0.193857,3
0.0364132,0.0378254,0.167832,3
0.181647,0.040758,0.133153,3
0.127374,0.00308037,0.213709,3
0.0915525,0.0606418,0.14726,3
0.0603596,0.00929474,0.20906,3
0.181952,0.0980236,0.219989,3
0.222695,0.042524,0.216914,3
0.186697,0.0717922,0.163281,3
0.120039,0.0168406,0.170869,3
0.0869099,0.0100578,0.165966,3
0.16152,0.00292583,0.221905,3
0.189703,0.10217,0.200853,3
0.0387624,0.0441028,0.190488,3
0.213605,0.0184689,0.148777,3
0.200999,0.0640729,0.115622,3
0.131924,0.0672767,0.112788,3
0.0203558,0.0999633,0.211625,3
0.0793629,0.0779939,0.112025,3
