x coord,y coord,z coord,rank
0.0417548,0.102943,0.201832,0
0.0897713,0.1555,0.205351,0
0.097777,0.183197,0.191847,0
0.0883112,0.190857,0.224649,0
0.0795896,0.103876,0.209653,0
0.100852,0.216139,0.182512,0
0.035116,0.142129,0.088225,0
0.0765246,0.158537,0.216536,0
0.0825322,0.198685,0.134505,0
0.011869,0.148426,0.211735,0
0.0111761,0.209555,0.0286591,0
0.0325263,0.103792,0.172223,0
0.0457647,0.201456,0.0548362,0
0.0252379,0.22191,0.122173,0
0.0488206,0.197532,0.194311,0
0.00282381,0.103252,0.0263456,0
0.0596642,0.205082,0.0351526,0
0.0173858,0.137925,0.199883,0
0.0143,0.219015,0.000416864,0
0.0737808,0.188874,0.127925,0
0.0850437,0.135039,0.136097,0
0.0945655,0.208185,0.0857303,0
0.00333743,0.133333,0.214916,0
0.0126126,0.200938,0.212763,0
0.016579,0.215336,0.197262,0
0.000639963,0.19269,0.195062,0
0.0486829,0.1356,0.0127513,0
0.0183549,0.21114,0.0090841,0
0.0268481,0.159442,0.0279864,0
0.0158349,0.17707,0.00720272,0
0.0457899,0.198151,0.00348802,0
0.0712373,0.129622,0.15086,0
0.043453,0.212667,0.133168,0
0.0532763,0.100908,0.153412,0
0.0799614,0.218661,0.196275,0
0.0397994,0.17153,0.0428027,0
0.0224515,0.137763,0.100025,0
0.0971067,0.194225,0.134661,0
0.0157838,0.104611,0.207776,0
0.0380532,0.129032,0.0834089,0
0.0709426,0.163785,0.137935,0
0.0719631,0.126095,0.151413,0
0.0458547,0.217701,0.10854,0
0.0489234,0.218349,0.0764333,0
0.0346055,0.180755,0.0303214,0
0.0489006,0.220598,0.212562,0
0.082777,0.1634,0.222955,0
0.105074,0.125102,0.179878,0
0.0801341,0.157997,0.134017,0
0.0127269,0.11856,0.213894,0
0.0951259,0.211492,0.113247,0
0.059465,0.190064,0.224676,0
0.0918114,0.158224,0.0854014,0
0.00838038,0.140264,0.00816573,0
0.0421897,0.21731,0.203188,0
0.0779214,0.189142,0.0386213,0
0.0825227,0.183295,0.0708568,0
0.0119885,0.203953,0.172097,0
0.0401971,0.207326,0.179828,0
0.0562127,0.215763,0.0642396,0
0.0518259,0.128173,0.077476,0
0.0345369,0.182901,0.0588095,0
0.106609,0.19292,0.0691773,0
0.10044,0.139735,0.200307,0
0.0661984,0.10788,0.172957,0
0.0279929,0.194155,0.0107447,0
0.0657703,0.21981,0.169273,0
0.0794857,0.223061,0.0755102,0
0.00272105,0.223865,0.0794888,0
0.106505,0.206268,0.0161476,0
0.0646264,0.112943,0.0646178,0
0.0989854,0.223477,0.201451,0
0.00385096,0.145951,0.0225608,0
0.0578528,0.136952,0.140247,0
0.0131459,0.186852,0.0735352,0
0.0725577,0.189623,0.111469,0
0.0512227,0.182797,0.0343716,0
0.0531379,0.132432,0.178321,0
0.0682397,0.118875,0.0542714,0
0.0351679,0.171071,0.212081,0
0.0216442,0.102483,0.0150417,0
0.0336867,0.158273,0.180191,0
0.0670801,0.209893,0.204449,0
0.0907235,0.136513,0.197519,0
0.039607,0.134575,0.149418,0
0.0944531,0.155704,0.167943,0
0.0568701,0.127814,0.138009,0
0.0364296,0.124459,0.0543079,0
0.00987881,0.187323,0.126295,0
0.00858333,0.102846,0.186227,0
0.0421579,0.132636,0.133764,0
0.0909508,0.219166,0.103623,0
0.000379244,0.185012,0.155312,0
0.0693005,0.151345,0.155868,0
0.0162151,0.136194,0.0621601,0
0.0112096,0.196903,0.176416,0
0.0896528,0.195107,0.171461,0
0.048048,0.135337,0.0397327,0
0.0326986,0.151168,0.100826,0
0.0768265,0.135906,0.0454796,0
0.0318857,0.12715,0.194599,0
0.0782279,0.210756,0.0460882,0
0.000859301,0.183012,0.00377288,0
0.107138,0.202198,0.201661,0
0.0985004,0.16287,0.00898997,0
0.0491443,0.118334,0.179043,0
0.071506,0.124859,0.154026,0
0.00463814,0.172298,0.114057,0
0.0120853,0.13667,0.0625791,0
0.0278339,0.175985,0.0592623,0
0.0655489,0.156546,0.206653,0
0.0404006,0.193143,0.223019,0
0.0661395,0.121717,0.102188,0
0.102449,0.134626,0.163793,0
0.0417652,0.162384,0.0719905,0
0.0858666,0.102991,0.0231103,0
0.106703,0.18725,0.0287238,0
0.104239,0.19305,0.155246,0
0.0648448,0.116896,0.12898,0
0.0343139,0.170596,0.109477,0
0.0697792,0.0948726,0.158731,1
0.0112559,0.0739908,0.0292269,1
0.126424,0.0863692,0.179108,1
0.125673,0.077717,0.165756,1
0.127534,0.036293,0.207996,1
0.133117,0.0363372,0.146341,1
0.14055,0.0404322,0.155658,1
0.115856,0.0506874,0.137564,1
0.139093,0.040209,0.181845,1
0.120321,0.0333024,0.126475,1
0.124501,0.0643625,0.108317,1
0.113799,0.055022,0.045885,1
0.100637,0.0674686,0.0362385,1
0.139112,0.0401711,0.0065906,1
0.131244,0.0251729,0.0445585,1
0.0660358,0.0891128,0.0953821,1
0.102366,0.0712607,0.0450507,1
0.136788,0.0183495,0.0347526,1
0.126681,0.0436774,0.0988582,1
0.120177,0.0504305,0.17632,1
0.0339684,0.022697,0.20699,1
0.0195026,0.0103977,0.224164,1
0.0115106,0.00670617,0.1532,1
0.100815,0.0448011,0.0803889,1
0.11759,0.0160298,0.0133356,1
0.13178,0.0704828,0.0362684,1
0.00473692,0.0676781,0.0441828,1
0.117827,0.0981419,0.221463,1
0.0739433,0.0354442,0.0205135,1
0.0543026,0.0114879,0.159669,1
0.0600539,0.00822171,0.127036,1
0.080568,0.039454,0.0635086,1
0.013198,0.00972281,0.084125,1
0.030294,0.0689446,0.00964094,1
0.0393283,0.0384135,0.141278,1
0.134401,0.00437098,0.145395,1
0.115959,0.0864802,0.0971603,1
0.0505245,0.0463609,0.0487415,1
0.0930571,0.00667414,0.0388393,1
0.104559,0.0687089,0.164016,1
0.0833385,0.0454889,0.224447,1
0.0935193,0.0258928,0.101258,1
0.0474009,0.0580853,0.0461761,1
6.92876e-05,0.0113374,0.0252609,1
0.0285028,0.0132293,0.0327443,1
0.112978,0.0813248,0.197998,1
0.02895,0.0207128,0.222153,1
0.00453169,0.0560935,0.0171943,1
0.104911,0.0994606,0.0847633,1
0.113763,0.0349359,0.0515976,1
0.0963122,0.100771,0.149834,1
0.0429144,0.0368502,0.0163164,1
0.11128,0.087534,0.147347,1
0.0343019,0.0854115,0.0817186,1
0.0755144,0.0451702,0.0348286,1
0.060293,0.0102911,0.174938,1
0.121733,0.0968071,0.184886,1
0.0259024,0.00707982,0.0298052,1
0.0951918,0.0464008,0.0219565,1
0.0330976,0.0545535,0.0318499,1
0.0976658,0.039555,0.0562264,1
0.0903059,0.0201478,0.154311,1
0.0967959,0.0715027,0.0524104,1
0.0878828,0.0717689,0.175071,1
0.0381331,0.0118394,0.187783,1
0.0854779,0.00550285,0.0721055,1
0.098601,0.0714424,0.0858778,1
0.0882152,0.0613915,0.0947028,1
0.0906402,0.0798683,0.0998993,1
0.117239,0.0899353,0.146972,1
0.000341376,0.0525467,0.0686126,1
0.00891629,0.0242319,0.170585,1
0.107143,0.0272558,0.176071,1
0.0827538,0.0133729,0.0417811,1
0.0781566,0.00841277,0.127013,1
0.000302446,0.0162771,0.0982878,1
0.0987696,0.0146013,0.143709,1
0.0904538,0.0534089,0.103844,1
0.107876,0.00226806,0.190469,1
0.088671,0.0158084,0.180148,1
0.0928019,0.0185885,0.101628,1
0.0241666,0.0520642,0.124434,1
0.111274,0.017269,0.122678,1
0.0327327,0.0241209,0.0146699,1
0.140942,0.0959183,0.204003,1
0.0828903,0.0106219,0.122718,1
0.102688,0.0629027,0.0976906,1
0.0399444,0.0550036,0.0458153,1
0.0247248,0.00819007,0.199317,1
0.0086869,0.00247944,0.0188659,1
0.0191047,0.0167247,0.122776,1
0.0970467,0.0498949,0.0930429,1
0.0138169,0.00182913,0.190131,1
0.00860498,0.0476512,0.0559108,1
0.0261421,0.0816163,0.156579,1
0.0467852,0.0282564,0.153087,1
0.102587,0.04369,0.147483,1
0.0801645,0.0723777,0.195523,1
0.0412004,0.0397013,0.0315424,1
0.0416811,0.00920521,0.0592282,1
0.0408191,0.0929642,0.204414,1
0.101522,0.0679404,0.0559334,1
0.0872976,0.0234634,0.101561,1
0.0992664,0.0453812,0.18128,1
0.135765,0.00579681,0.20359,1
0.090055,0.00513843,0.0620612,1
0.101011,0.0901217,0.0346766,1
0.0415097,0.0566193,0.175941,1
0.0643899,0.0120399,0.0141094,1
0.0600109,0.019303,0.210615,1
3.58214e-05,0.097642,0.137861,1
0.0577941,0.0861164,0.149054,1
0.0130857,0.0551472,0.186702,1
0.0753191,0.0633471,0.0714758,1
0.0605205,0.0445916,0.109415,1
0.0247281,0.0509429,0.16036,1
0.0299075,0.0250417,0.00676074,1
0.0808049,0.0820615,0.0968548,1
0.02351,0.0111816,0.167566,1
0.129214,0.0246006,0.0995928,1
0.117682,0.0780774,0.22105,1
0.0420401,0.0773832,0.107611,1
0.0641817,0.00352764,0.213961,1
0.0780419,0.0953856,0.218985,1
0.0517361,0.041509,0.1863,1
0.0905623,0.0805303,0.0300602,1
0.134665,0.0807706,0.121794,1
0.0873136,0.0994617,0.0951597,1
0.104295,0.100365,0.213703,1
0.22289,0.0879942,0.0723265,2
0.196206,0.0983926,0.0609558,2
0.217498,0.0416852,0.0972616,2
0.151661,0.0702192,0.0307066,2
0.168889,0.0592212,0.17415,2
0.185529,0.077424,0.0578741,2
0.158514,0.0316666,0.195896,2
0.151744,0.0829912,0.194903,2
0.153794,0.00931673,0.0155747,2
0.184547,0.0150761,0.0438425,2
0.189186,0.0135428,0.0415607,2
0.17975,0.010847,0.0417207,2
0.18936,0.0104594,0.0431687,2
0.187105,0.0155728,0.044127,2
0.209514,0.038252,0.108338,2
0.18881,0.011692,0.046768,2
0.187082,0.0151792,0.0413609,2
0.219606,0.0656607,0.129361,2
0.187791,0.0164714,0.0397304,2
0.174433,0.0144749,0.177618,2
0.155948,0.02216,0.189009,2
0.182185,0.0141186,0.041494,2
0.183428,0.0710706,0.162166,2
0.179123,0.0664099,0.0154559,2
0.206518,0.0968505,0.095423,2
0.208029,0.0524814,0.207246,2
0.190322,0.0936985,0.197962,2
0.16067,0.00730514,0.153438,2
0.144479,0.0686083,0.133932,2
0.185464,0.0127126,0.0480774,2
0.18023,0.0138246,0.0406403,2
0.206438,0.0642894,0.0320614,2
0.186472,0.011834,0.0438985,2
0.166362,0.00739532,0.0801535,2
0.189953,0.00635661,0.143957,2
0.182563,0.0181417,0.0447658,2
0.164851,0.0512005,0.202131,2
0.190229,0.0162379,0.0425199,2
0.19086,0.0124155,0.0414414,2
0.169767,0.0491347,0.0916731,2
0.183727,0.0146078,0.0412536,2
0.188617,0.0121906,0.0400839,2
0.184114,0.00936616,0.0409037,2
0.181081,0.0136563,0.0425026,2
0.198888,0.100284,0.0524965,2
0.17211,0.0881351,0.188867,2
0.195989,0.0585423,0.0694093,2
0.166981,0.0331092,0.10011,2
0.187999,0.0101593,0.0375585,2
0.190381,0.0586841,0.0517227,2
0.167584,0.0434403,0.160061,2
0.184861,0.0102151,0.0393979,2
0.183751,0.0134766,0.0441462,2
0.179024,0.00825981,0.0560379,2
0.16516,0.00196252,0.188941,2
0.160434,0.0313863,0.0968067,2
0.186841,0.0132458,0.0393805,2
0.209237,0.0581494,0.0800593,2
0.184579,0.0169053,0.0422921,2
0.198294,0.0547501,0.171375,2
0.187187,0.027015,0.183216,2
0.205734,0.0943684,0.1863,2
0.215743,0.0720359,0.0349123,2
0.176902,0.0350151,0.0532207,2
0.214499,0.037568,0.0931662,2
0.188578,0.0842691,0.0543524,2
0.18514,0.00717769,0.0414593,2
0.185755,0.0158239,0.0400187,2
0.210827,0.0842184,0.138541,2
0.188663,0.0121623,0.042629,2
0.187347,0.00866266,0.215756,2
0.210834,0.0682001,0.215653,2
0.161584,0.0423219,0.0924735,2
0.154089,0.0586791,0.0215494,2
0.159389,0.0322229,0.169913,2
0.192114,0.00152404,0.194156,2
0.185833,0.0254362,0.0374163,2
0.183167,0.0171558,0.0468569,2
0.186939,0.0167976,0.041756,2
0.167444,0.0402961,0.120808,2
0.17902,0.0765123,0.16478,2
0.186653,0.0105228,0.0408484,2
0.219154,0.0552027,0.12519,2
0.205327,0.0749321,0.0398126,2
0.173027,0.0790826,0.140524,2
0.179216,0.00573667,0.0278774,2
0.215267,0.00330635,0.136901,2
0.217233,0.0179886,0.221735,2
0.18599,0.0132412,0.0425511,2
0.220566,0.0789666,0.0684438,2
0.191119,0.00703176,0.0911102,2
0.185508,0.0148526,0.0403243,2
0.182514,0.0123574,0.0376726,2
0.168864,0.0744566,0.116921,2
0.184307,0.0110641,0.0404194,2
0.22081,0.0436613,0.0386164,2
0.185743,0.00940901,0.0381403,2
0.220823,0.0119835,0.166806,2
0.157026,0.00635322,0.186087,2
0.153751,0.0709619,0.164361,2
0.188457,0.015468,0.0397349,2
0.180341,0.0989534,0.0441508,2
0.210512,0.0700104,0.196133,2
0.207034,0.0177737,0.13475,2
0.213569,0.00578005,0.0942539,2
0.202003,0.0446329,0.00201961,2
0.174486,0.0450727,0.114492,2
0.161329,0.066506,0.113255,2
0.179343,0.0658088,0.129285,2
0.184794,0.012224,0.0439242,2
0.143403,0.0986708,0.031073,2
0.216262,0.0939756,0.166362,2
0.215626,0.0862504,0.141198,2
0.186732,0.0131012,0.0452093,2
0.20318,0.0213812,0.0852093,2
0.145659,0.0133446,0.133594,2
0.188815,0.014646,0.0380986,2
0.159349,0.0250523,0.00553246,2
0.159261,0.0208281,0.0114039,2
0.204423,0.0254489,0.0909816,2
0.162708,0.0993103,0.0815172,2
0.182182,0.100392,0.131906,2
0.148327,0.0990752,0.0774232,2
0.154312,0.098826,0.10613,2
0.158414,0.137598,0.132652,3
0.126855,0.173479,0.0847714,3
0.217024,0.145049,0.155241,3
0.222617,0.145427,0.0533231,3
0.14615,0.215877,0.0767402,3
0.168393,0.210766,0.0721929,3
0.14888,0.117779,0.0905369,3
0.133754,0.20112,0.0258843,3
0.204113,0.116584,0.0910247,3
0.201326,0.147236,0.211994,3
0.186705,0.208456,0.0884617,3
0.181481,0.156647,0.0949032,3
0.216271,0.20332,0.073056,3
0.138319,0.141104,0.189252,3
0.163327,0.199425,0.155114,3
0.207873,0.106319,0.150486,3
0.118181,0.187347,0.0988584,3
0.124811,0.16141,0.00602995,3
0.142368,0.146575,0.21413,3
0.175669,0.209174,0.166796,3
0.130442,0.123974,0.0981018,3
0.202185,0.146853,0.0444635,3
0.216347,0.175267,0.0388515,3
0.152969,0.138915,0.220346,3
0.171719,0.144929,0.146539,3
0.15859,0.110297,0.00602145,3
0.177877,0.206122,0.0554143,3
0.161398,0.214609,0.0245003,3
0.213097,0.106737,0.0556477,3
0.219263,0.133522,0.175089,3
0.174621,0.20969,0.0555926,3
0.202308,0.193733,0.157664,3
0.158367,0.112362,0.0113714,3
0.19424,0.190114,0.135685,3
0.128283,0.202553,0.00914587,3
0.172131,0.160042,0.0763452,3
0.169786,0.117359,0.0745224,3
0.132443,0.108747,0.0587044,3
0.212067,0.167411,0.0165691,3
0.148896,0.150332,0.06074,3
0.182681,0.172067,0.133779,3
0.198512,0.134477,0.0259921,3
0.176979,0.199952,0.142571,3
0.12832,0.137569,0.133547,3
0.129257,0.139311,0.121223,3
0.168344,0.106045,0.0652895,3
0.207149,0.128954,0.0832159,3
0.132981,0.183951,0.0234479,3
0.200886,0.123369,0.166736,3
0.189952,0.221204,0.0592833,3
0.159706,0.213238,0.0270543,3
0.203306,0.149924,0.204315,3
0.139993,0.175298,0.0793249,3
0.134181,0.179135,0.153428,3
0.203054,0.11891,0.0234559,3
0.15923,0.177121,0.00491359,3
0.150517,0.138884,0.0767815,3
0.213894,0.164197,0.0272925,3
0.162038,0.197277,0.123215,3
0.152718,0.158623,0.168301,3
0.190956,0.159643,0.0988677,3
0.199565,0.15688,0.217117,3
0.221061,0.110074,0.055087,3
0.127164,0.182889,0.0241506,3
0.18357,0.180362,0.190423,3
0.210349,0.183295,0.0202671,3
0.204802,0.111817,0.169004,3
0.197499,0.182495,0.120752,3
0.195644,0.119345,0.18352,3
0.214668,0.130217,0.135021,3
0.165479,0.140585,0.110258,3
0.173938,0.130564,0.215541,3
0.149921,0.19688,0.216268,3
0.213648,0.165162,0.15838,3
0.223435,0.137663,0.177127,3
0.209674,0.113221,0.0572997,3
0.18671,0.200804,0.213784,3
0.203679,0.165446,0.0487504,3
0.129765,0.112586,0.0532533,3
0.146244,0.159729,0.17564,3
0.157603,0.211325,0.00632222,3
0.176994,0.129798,0.00781788,3
0.142715,0.203415,0.0387899,3
0.215179,0.168133,0.223413,3
0.145723,0.175124,0.143864,3
0.146619,0.169999,0.10581,3
0.180942,0.12727,0.0603586,3
0.149029,0.130393,0.138106,3
0.202937,0.166839,0.166077,3
0.121185,0.192957,0.137092,3
0.212745,0.105921,0.166158,3
0.141478,0.130448,0.0844708,3
0.224516,0.170344,0.202939,3
0.111764,0.109778,0.0512445,3
0.109733,0.143715,0.0989359,3
0.12932,0.176321,0.0973333,3
0.16409,0.223795,0.110398,3
0.129233,0.202839,0.195651,3
0.196826,0.1118,0.107566,3
0.11874,0.125614,0.054947,3
0.198925,0.164604,0.126748,3
0.1086,0.121875,0.0274482,3
0.12933,0.179451,0.0816501,3
0.122302,0.165298,0.162087,3
0.120297,0.224311,0.0597014,3
0.132426,0.124059,0.128637,3
0.137507,0.207477,0.150285,3
0.212274,0.141809,0.13926,3
0.111983,0.120308,0.198004,3
0.167598,0.188346,0.121696,3
0.197901,0.210579,0.127279,3
0.198157,0.165003,0.133149,3
0.124991,0.108339,0.0593084,3
0.124691,0.113904,0.128202,3
0.216421,0.199437,0.184563,3
0.111315,0.121413,0.190949,3
0.158667,0.178344,0.170131,3
0.11915,0.211808,0.117587,3
0.158042,0.222935,0.211489,3
0.173001,0.212419,0.172277,3
0.138803,0.110783,0.0751241,3
0.151528,0.148667,0.130337,3
0.196529,0.201048,0.127809,3
0.108827,0.15899,0.134564,3
0.111216,0.199655,0.158546,3
0.110453,0.155567,0.193509,3
0.140321,0.100868,0.0571816,3
