x coord,y coord,z coord,rank
0.20359,0.0510271,0.0965202,0
0.0176314,0.0169638,0.0829981,0
0.134381,0.0134638,0.0595557,0
0.103888,0.0751726,0.015864,0
0.203521,0.0347018,0.00815399,0
0.023062,0.0411985,0.0503568,0
0.0548227,0.0403139,0.0702093,0
0.160966,0.0546659,0.0707529,0
0.0872059,0.056768,0.0439354,0
0.0167718,0.0570883,0.0242375,0
0.200922,0.0468721,0.0990163,0
0.192118,0.0804597,0.0615093,0
0.136875,0.0532895,0.0557876,0
0.134409,0.09391,0.0314248,0
0.19927,0.0936423,0.022988,0
0.0212142,0.0381708,0.0725891,0
0.0990405,0.0506515,0.0905547,0
0.0337879,0.0127113,0.00674516,0
0.0447703,0.0909386,0.0401653,0
0.151128,0.0860378,0.00368296,0
0.0735513,0.0444936,0.0618819,0
0.0473312,0.0215573,0.0187842,0
0.171396,0.0754615,0.00243678,0
0.205046,0.0510443,0.0980793,0
0.140137,0.0679467,0.0616121,0
0.117592,0.0393528,0.0104067,0
0.15867,0.0846388,0.0483957,0
0.0187277,0.0427045,0.0122886,0
0.217101,0.0900594,0.000319958,0
0.221386,0.0909359,0.0832019,0
0.149262,0.0930937,0.0118046,0
0.204149,0.0456359,0.0999332,0
0.215531,0.0222923,0.0772092,0
0.0154677,0.00481094,0.0518585,0
0.195938,0.0925906,0.0418528,0
0.154652,0.000526431,0.0453338,0
0.0124267,0.0326771,0.0778477,0
0.164764,0.0892917,0.0915931,0
0.124526,0.0515841,0.0357656,0
0.184603,0.09146,0.0963,0
0.154648,0.0373025,0.00430543,0
0.118417,0.0873659,0.0270875,0
0.201562,0.0492569,0.0975343,0
0.202827,0.0443713,0.0993616,0
0.0487253,0.0756513,0.0423809,0
0.195801,0.000651699,0.0547709,0
0.08143,0.0700398,0.0689723,0
0.196801,0.0458249,0.0983085,0
0.0222446,0.0549548,0.0301096,0
0.127171,0.0776341,0.0983483,0
0.0622161,0.00154538,0.0614309,0
0.0623566,0.0836183,0.0193615,0
0.19941,0.0421681,0.0901928,0
0.0861791,0.0338133,0.044398,0
0.166294,0.0393819,0.0598835,0
0.122089,0.0739947,0.0849744,0
0.161709,0.0246471,0.0538899,0
0.213095,0.0483045,0.0822329,0
0.20634,0.0476842,0.00594623,0
0.0617304,0.0240025,0.0723957,0
0.112742,0.0686677,0.0531019,0
0.0674069,0.0336664,0.0656843,0
0.0948469,0.0237777,0.0111109,0
0.0699067,0.0635538,0.0336062,0
0.208746,0.0724707,0.0415364,0
0.0576895,0.0797646,0.0663683,0
0.188831,0.0252632,0.0249181,0
0.0631428,0.0356284,0.0620125,0
0.0226506,0.0416115,0.0247625,0
0.0737541,0.012546,0.0455308,0
0.0769376,0.0186789,0.036373,0
0.137525,0.00125783,0.028217,0
0.0253147,0.0878403,0.0186595,0
0.0218875,0.0139838,0.0767424,0
0.223287,0.0499116,0.000538434,0
0.0918797,0.0369129,0.0951463,0
0.204276,0.044376,0.0999009,0
0.198806,0.0453109,0.0980379,0
0.110131,0.0240233,0.0734988,0
0.058172,0.0875343,0.0676859,0
0.169788,0.0409564,0.0755443,0
0.185462,0.0433092,0.0773992,0
0.203107,0.0466202,0.097095,0
0.186944,0.0367285,0.0728702,0
0.21578,0.0257187,0.0495598,0
0.176065,0.0381408,0.0925296,0
0.188783,0.030984,0.0913663,0
0.194177,0.0812598,0.0344961,0
0.207158,0.0926372,0.0186072,0
0.200779,0.0494594,0.0981806,0
0.112965,0.0323792,0.095085,0
0.199134,0.0479947,0.0997802,0
0.194412,0.0451949,0.0990379,0
0.20937,0.0315678,0.0671773,0
0.0316813,0.0903447,0.0906677,0
0.202002,0.0498236,0.0977072,0
0.189046,0.085547,0.0937698,0
0.0305534,0.0276247,0.0727481,0
0.17808,0.0829127,0.0468378,0
0.0339105,0.0874605,0.0240522,0
0.176232,0.0907536,0.00777347,0
0.185278,0.0935066,0.089978,0
0.125882,0.0175867,0.0557662,0
0.151736,0.0659559,0.0999796,0
0.199921,0.0470657,0.100232,0
0.200402,0.0147312,0.0882647,0
0.20164,0.0476011,0.0988689,0
0.131436,0.197666,0.216209,1
0.10557,0.17622,0.101266,1
0.0867941,0.165567,0.13279,1
0.0914874,0.19035,0.211813,1
0.0566699,0.163729,0.135633,1
0.0845765,0.222642,0.171546,1
0.0542401,0.125225,0.149096,1
0.138328,0.126686,0.200045,1
0.14852,0.164566,0.21998,1
0.0899775,0.169605,0.219689,1
0.0717918,0.215916,0.181189,1
0.0154062,0.206105,0.137679,1
0.119803,0.184747,0.119983,1
0.125978,0.125587,0.1541,1
0.0340298,0.214651,0.202067,1
0.0561935,0.217784,0.140595,1
0.039942,0.199677,0.133016,1
0.133811,0.150762,0.166993,1
0.0973711,0.122197,0.192543,1
0.20629,0.160745,0.17751,1
0.159282,0.127138,0.199745,1
0.124654,0.185724,0.120679,1
0.119172,0.13784,0.169251,1
0.0361969,0.165905,0.203841,1
0.220548,0.151325,0.166645,1
0.117219,0.205322,0.173867,1
0.106956,0.149489,0.157837,1
0.0852114,0.178299,0.20944,1
0.185531,0.189111,0.153473,1
0.0105157,0.145088,0.217026,1
0.200768,0.198205,0.209939,1
0.068867,0.179833,0.168114,1
0.217167,0.201887,0.197242,1
0.168155,0.179455,0.1563,1
0.145329,0.20305,0.17151,1
0.0815345,0.215823,0.161683,1
0.0573365,0.16458,0.165398,1
0.166934,0.205233,0.194446,1
0.0642292,0.186665,0.140148,1
0.103346,0.186449,0.196671,1
0.143868,0.120721,0.175702,1
0.0136869,0.181414,0.14831,1
0.0695273,0.215079,0.170058,1
0.162946,0.207276,0.20026,1
0.130167,0.179979,0.145611,1
0.202361,0.131142,0.13365,1
0.185883,0.218451,0.11085,1
0.0233921,0.126284,0.224665,1
0.0476313,0.151652,0.114822,1
0.166596,0.164489,0.106553,1
0.00797521,0.122498,0.172714,1
0.150099,0.117768,0.213975,1
0.189267,0.135823,0.123003,1
0.11227,0.208087,0.125765,1
0.0936443,0.187307,0.15878,1
0.0611732,0.154151,0.178582,1
0.025232,0.128089,0.141619,1
0.132958,0.124916,0.219156,1
0.121214,0.181222,0.116086,1
0.0953004,0.157066,0.20239,1
0.110241,0.2181,0.154274,1
0.186229,0.117522,0.205874,1
0.147843,0.146787,0.166131,1
0.125748,0.141657,0.192119,1
0.000740755,0.181834,0.199976,1
0.128677,0.204269,0.211166,1
0.141812,0.135949,0.217642,1
0.112475,0.159349,0.206521,1
0.107348,0.192815,0.206147,1
0.1342,0.171492,0.166735,1
0.208097,0.175395,0.187836,1
0.22435,0.121506,0.182099,1
0.0508251,0.182389,0.151044,1
0.191293,0.130823,0.211121,1
0.0747773,0.138881,0.205071,1
0.0675156,0.165158,0.219523,1
0.0831577,0.178039,0.208075,1
0.214968,0.169388,0.176905,1
0.0741571,0.137205,0.152595,1
0.15481,0.136554,0.211177,1
0.200348,0.159671,0.150492,1
0.149733,0.180114,0.201921,1
0.111101,0.214187,0.128595,1
0.0570812,0.147775,0.20413,1
0.00840593,0.224033,0.175595,1
0.131639,0.176494,0.182009,1
0.0914156,0.164227,0.14307,1
0.0692821,0.198089,0.106918,1
0.00261804,0.200684,0.19951,1
0.180693,0.147728,0.170053,1
0.0598423,0.182907,0.146524,1
0.0958886,0.199361,0.125492,1
0.175581,0.117289,0.126239,1
0.156063,0.185511,0.17347,1
0.172635,0.192307,0.104713,1
0.0561221,0.169646,0.220532,1
0.132723,0.164275,0.165753,1
0.0113822,0.160008,0.209102,1
0.0622802,0.141727,0.185308,1
0.183009,0.170871,0.183871,1
0.167133,0.124915,0.148113,1
0.0798307,0.216841,0.16532,1
0.199764,0.118486,0.222371,1
0.106999,0.185113,0.156843,1
0.0164693,0.153583,0.17174,1
0.210257,0.122897,0.215091,1
0.13635,0.224887,0.15796,1
0.187316,0.186913,0.209008,1
0.0354863,0.138014,0.144599,1
0.145431,0.142503,0.188068,1
0.211571,0.204774,0.109223,1
0.207664,0.201587,0.167467,1
0.183031,0.129084,0.156575,1
0.132774,0.224397,0.106223,1
0.055527,0.150647,0.126167,1
0.190658,0.133023,0.137163,1
0.0336543,0.218362,0.200237,1
0.16996,0.127739,0.15484,1
0.0531348,0.143271,0.206413,1
0.0634715,0.127251,0.123428,1
0.224885,0.202877,0.156285,1
0.180395,0.174114,0.137346,1
0.154078,0.182876,0.198476,1
0.201126,0.133904,0.110991,1
0.202705,0.140916,0.156387,1
0.170344,0.0134629,0.205578,2
0.113065,0.115438,0.102459,2
0.152706,0.0614795,0.144006,2
0.0397002,0.0737892,0.110674,2
0.16165,0.0572199,0.150397,2
0.207897,0.0550828,0.196091,2
0.176017,0.0855103,0.206237,2
0.210919,0.0933526,0.144746,2
0.0951951,0.00392036,0.101066,2
0.222678,0.0818058,0.101081,2
0.0531595,0.0943836,0.219435,2
0.0126115,0.0810236,0.124515,2
0.187412,0.10145,0.128761,2
0.14672,0.114411,0.104648,2
0.0225125,0.034333,0.163335,2
0.0477391,0.00336415,0.109766,2
0.0372291,0.0451576,0.151228,2
0.204531,0.111491,0.223779,2
0.034083,0.0680507,0.199898,2
0.105269,0.0611572,0.140712,2
0.0789614,0.012809,0.136319,2
0.0981755,0.0433558,0.160693,2
0.123688,0.0651784,0.138934,2
0.040136,0.0500856,0.168252,2
0.0295116,0.0845834,0.151072,2
0.0931696,0.0934956,0.189607,2
0.0220111,0.100696,0.203036,2
0.194818,0.00469662,0.212623,2
0.129789,0.025331,0.15062,2
0.160347,0.0673949,0.204337,2
0.198596,0.0417441,0.100137,2
0.177382,0.0160164,0.137842,2
0.103728,0.103518,0.121264,2
0.00882048,0.0836085,0.183722,2
0.151063,0.110364,0.197694,2
0.0663631,0.0435388,0.149457,2
0.00536724,0.0185174,0.156521,2
0.0164948,0.0770667,0.183475,2
0.135472,0.0235453,0.174851,2
0.150026,0.00294692,0.118913,2
0.0582232,0.0698272,0.166973,2
0.133388,0.0854631,0.185448,2
0.0793164,0.0635377,0.160551,2
0.0995041,0.0432115,0.105263,2
0.195137,0.0750564,0.19281,2
0.200925,0.0510045,0.103063,2
0.148966,0.0569223,0.149392,2
0.0479453,0.00531325,0.107691,2
0.208748,0.107145,0.164886,2
0.0474853,0.096604,0.168802,2
0.0200018,0.0983088,0.15895,2
0.164674,0.0286309,0.213874,2
0.000794215,0.00340323,0.142155,2
0.137904,0.00795942,0.193983,2
0.207364,0.0658379,0.114925,2
0.0941967,0.0731097,0.150916,2
0.0222155,0.0886109,0.190172,2
0.209083,0.00131579,0.202796,2
0.21512,0.0111209,0.148944,2
0.201165,0.0495237,0.102008,2
0.150829,0.0762686,0.12374,2
0.0609943,0.0076334,0.204303,2
0.201388,0.00997952,0.18037,2
0.0978406,0.0892021,0.116403,2
0.0873021,0.0343448,0.13489,2
0.152813,0.0437098,0.165758,2
0.121301,0.0200776,0.205418,2
0.0604388,0.0267538,0.158962,2
0.00397383,0.0585228,0.177425,2
0.185251,0.0614479,0.19862,2
0.195611,0.103855,0.159456,2
0.0958183,0.062796,0.208391,2
0.0971923,0.0296381,0.165577,2
0.113306,0.0139668,0.1288,2
0.0581269,0.0204965,0.111007,2
0.189991,0.105932,0.155478,2
0.21657,0.00391773,0.184878,2
0.106856,0.0108349,0.129031,2
0.139855,0.0439536,0.15572,2
0.013,0.060767,0.194893,2
0.151606,0.0848314,0.187807,2
0.202987,0.0456088,0.100968,2
0.14282,0.00481851,0.14029,2
0.201193,0.00353641,0.203868,2
0.085536,0.086295,0.138954,2
0.173519,0.0317605,0.216316,2
0.126424,0.106602,0.13791,2
0.200926,0.024553,0.154961,2
0.160152,0.0922256,0.158849,2
0.198584,0.0487114,0.100536,2
0.18682,0.0645954,0.1849,2
0.0392013,0.0409787,0.192405,2
0.199656,0.102022,0.198197,2
0.216047,0.0412926,0.186068,2
0.0924293,0.0101681,0.185412,2
0.109962,0.0748753,0.13261,2
0.10784,0.038119,0.129335,2
0.0564927,0.0703628,0.104807,2
0.132803,0.0474468,0.193449,2
0.201385,0.0427231,0.101226,2
0.042529,0.101334,0.112918,2
0.167511,0.0813617,0.17299,2
0.0843297,0.082536,0.207968,2
0.0669718,0.075274,0.219163,2
0.193354,0.0683376,0.211385,2
0.137524,0.0672875,0.162311,2
0.0758894,0.00986099,0.183104,2
0.210478,0.0862982,0.223139,2
0.22002,0.058978,0.194578,2
0.184802,0.0570322,0.133784,2
0.198968,0.0498833,0.101549,2
0.203723,0.0716089,0.152405,2
0.217602,0.0479666,0.152916,2
0.184571,0.0205468,0.192511,2
0.160387,0.0826064,0.115995,2
0.155824,0.0173411,0.113073,2
0.130969,0.000462155,0.193229,2
0.142456,0.0151918,0.186582,2
0.205503,0.0234119,0.186151,2
0.0734848,0.0883441,0.148864,2
0.177961,0.0117306,0.168428,2
0.221992,0.0328125,0.147993,2
0.00014953,0.0369712,0.105269,2
0.20503,0.0613803,0.122564,2
0.0252618,0.0316646,0.101566,2
0.19921,0.0493249,0.101578,2
0.0958214,0.0848164,0.136073,2
0.00621411,0.0752651,0.106089,2
0.19863,0.0428184,0.102935,2
0.0381346,0.111033,0.176372,2
0.207939,0.0474344,0.101676,2
0.200801,0.04457,0.102292,2
0.202177,0.0484863,0.104949,2
0.201424,0.0449751,0.104425,2
0.204761,0.04819,0.103198,2
0.199829,0.0443562,0.101518,2
0.194122,0.0744925,0.103875,2
0.204282,0.0517287,0.102699,2
0.0154325,0.00853711,0.102595,2
0.203492,0.0513177,0.103202,2
0.202133,0.0456407,0.100621,2
0.203834,0.0500423,0.101704,2
0.208119,0.0463246,0.100413,2
0.201584,0.0450846,0.100339,2
0.0966204,0.101767,0.0658538,3
0.217305,0.1889,0.0824194,3
0.166361,0.136381,0.0776525,3
0.198594,0.16462,0.0494588,3
0.143576,0.166305,0.0499488,3
0.112042,0.179065,0.087819,3
0.18574,0.16065,0.0510322,3
0.17292,0.163547,0.0257704,3
0.140696,0.141144,0.0520489,3
0.0119716,0.113168,0.0735285,3
0.130683,0.133779,0.0796997,3
0.102025,0.166196,0.0143019,3
0.167279,0.201273,0.042827,3
0.17289,0.196657,0.000365434,3
0.00185452,0.177808,0.015672,3
0.00479776,0.0975792,0.0932349,3
0.145882,0.15648,0.0485865,3
0.075188,0.152193,0.0282095,3
0.0783569,0.158658,0.00865239,3
0.0193451,0.175417,0.0917019,3
0.0652471,0.210191,0.0441395,3
0.0310737,0.180919,0.0345205,3
0.0684616,0.212103,0.036882,3
0.0519671,0.130924,0.0963872,3
0.0753631,0.178979,0.0610293,3
0.0207339,0.193578,0.0556057,3
0.0663964,0.157098,0.014699,3
0.224673,0.146738,0.0456794,3
0.092471,0.169978,0.0434571,3
0.0601361,0.215776,0.0326,3
0.183047,0.112557,0.0701547,3
0.206189,0.217969,0.0631544,3
0.182244,0.118264,0.0338729,3
0.0161503,0.123895,0.0496092,3
0.171992,0.153658,0.0678182,3
0.0483389,0.203917,0.07692,3
0.126898,0.187086,0.0613073,3
0.0378581,0.179095,0.0853347,3
0.158636,0.106021,0.00737171,3
0.0793113,0.207773,0.0916879,3
0.147149,0.202407,0.0185072,3
0.0636294,0.132105,0.0818193,3
0.154324,0.150359,0.0226393,3
0.11602,0.178225,0.0861003,3
0.170684,0.211913,0.0169367,3
0.10619,0.116862,0.0127853,3
0.0370471,0.135096,0.0690123,3
0.195143,0.223419,0.0692539,3
0.145462,0.135489,0.0511798,3
0.0491432,0.149703,0.022283,3
0.027364,0.111961,0.0753576,3
0.0478696,0.101768,0.0232641,3
0.0695123,0.137411,0.0356212,3
0.0220809,0.128984,0.098758,3
0.223504,0.112085,0.0867037,3
0.0575177,0.221193,0.0185011,3
0.213062,0.212652,0.0471247,3
0.0290671,0.135261,0.0328846,3
0.206041,0.112319,0.0140967,3
0.137692,0.170711,0.073886,3
0.202494,0.0996741,0.0743803,3
0.0994181,0.145827,0.0427429,3
0.147693,0.116211,0.0865706,3
0.168229,0.173084,0.040807,3
0.0897873,0.112631,0.0233506,3
0.0985737,0.102001,0.0688311,3
0.12452,0.124044,0.0926088,3
0.151476,0.21917,0.0341416,3
0.217889,0.175686,0.0189552,3
0.0582931,0.144123,0.0173652,3
0.0788241,0.114342,0.0627949,3
0.12104,0.103773,0.0300602,3
0.202955,0.110144,0.0287672,3
0.0888822,0.121058,0.0695313,3
0.16959,0.206901,0.0242604,3
0.100947,0.127721,0.0297574,3
0.0428412,0.107762,0.0267354,3
0.1747,0.125865,0.0536305,3
0.0252611,0.198144,0.0149794,3
0.0797088,0.177701,0.0344092,3
0.0415332,0.215529,0.0487054,3
0.0753463,0.169397,0.0891803,3
0.0200489,0.214538,0.0840297,3
0.218702,0.182279,0.0324017,3
0.179748,0.156804,0.0718352,3
0.00762934,0.162081,0.0220797,3
0.193406,0.118796,0.0137214,3
0.073967,0.0997407,0.0417657,3
0.14683,0.162208,0.0186546,3
0.125626,0.100659,0.00475462,3
0.200426,0.164692,0.04664,3
0.169581,0.0994398,0.0479601,3
0.195409,0.219026,0.0191525,3
0.164936,0.221393,0.076826,3
0.169544,0.17772,0.0987613,3
0.153024,0.103017,0.0519978,3
0.217887,0.153127,0.0301962,3
0.216784,0.165978,0.0217559,3
0.189696,0.152671,0.0229991,3
0.0854924,0.13801,0.0207882,3
0.203989,0.206182,0.0176183,3
0.148563,0.123839,0.0300324,3
0.033042,0.178692,0.0270823,3
0.14401,0.113388,0.075593,3
0.0934439,0.180392,0.037738,3
0.123736,0.213754,0.0317952,3
0.104085,0.173082,0.0969893,3
0.0442402,0.112757,0.0534077,3
0.165937,0.165,0.057686,3
0.196333,0.174627,0.00961935,3
0.0431781,0.10741,0.0868307,3
0.049984,0.182576,0.0257527,3
0.0930028,0.174658,0.0746746,3
0.0565304,0.103541,0.000523853,3
0.163771,0.192852,0.047182,3
0.217617,0.164911,0.0291285,3
0.211962,0.118628,0.0234282,3
0.188282,0.151693,0.0809491,3
0.175154,0.171161,0.0384614,3
0.0136408,0.0968142,0.0729892,3
0.173752,0.142425,0.0682466,3
0.2035,0.16835,0.0271583,3
0.111193,0.121835,0.0846682,3
0.105085,0.207281,0.0994902,3
