x coord,y coord,z coord,rank
0.108035,0.185896,0.108213,0
0.0499402,0.0808807,0.152828,0
0.105697,0.174841,0.20418,0
0.0949822,0.170492,0.109573,0
0.0497776,0.0468018,0.13505,0
0.102707,0.171981,0.116289,0
0.0882217,0.0806475,0.209028,0
0.0327843,0.0358424,0.137112,0
0.108472,0.11908,0.183152,0
0.0908644,0.0194405,0.151793,0
0.0787938,0.21259,0.154619,0
0.0702916,0.155648,0.138094,0
0.117503,0.134907,0.164982,0
0.0486396,0.0835525,0.175104,0
0.0206094,0.115598,0.176883,0
0.00105728,0.121004,0.121394,0
0.0477375,0.125286,0.186085,0
0.000224275,0.0976796,0.220336,0
0.0979788,0.123282,0.157459,0
0.0996515,0.132733,0.151665,0
0.0108908,0.128566,0.164475,0
0.10379,0.0305626,0.194457,0
0.102532,0.116487,0.140765,0
0.0166862,0.0701236,0.143612,0
0.0812192,0.175479,0.208914,0
0.0313047,0.0484493,0.169708,0
0.0444286,0.0191107,0.179902,0
0.112694,0.0452226,0.14158,0
0.049313,0.131016,0.171952,0
0.0957476,0.0572173,0.143274,0
0.126103,0.172073,0.205873,0
0.0671884,0.220442,0.222967,0
0.099325,0.02232,0.148042,0
0.013995,0.0812909,0.133942,0
0.12442,0.0278529,0.181944,0
0.0875541,0.147407,0.208301,0
0.115833,0.0429693,0.118072,0
0.0604446,0.156084,0.155086,0
0.039741,0.0395108,0.181524,0
0.0642966,0.0149366,0.208947,0
0.0840004,0.176234,0.18773,0
0.00043825,0.0520112,0.193964,0
0.0952722,0.140086,0.125844,0
0.0889821,0.0950921,0.224122,0
0.0779688,0.0834697,0.124637,0
0.0552292,0.000205093,0.202775,0
0.0357241,0.0824893,0.181292,0
0.065699,0.220475,0.173173,0
0.0282503,0.0733533,0.1403,0
0.0262628,0.00322701,0.222335,0
0.121357,0.195979,0.144955,0
0.120003,0.117026,0.173765,0
0.0150534,0.16547,0.115138,0
0.0571291,0.0771369,0.159841,0
0.0384052,0.190909,0.181545,0
0.049094,0.13156,0.153574,0
0.0642618,0.118097,0.191228,0
0.0371864,0.0189973,0.190384,0
0.0720133,0.22419,0.22474,0
0.0892831,0.17606,0.149568,0
0.0169398,0.202784,0.135363,0
0.0819474,0.0587843,0.187976,0
0.0284675,0.133908,0.131415,0
0.0818439,0.20429,0.131967,0
0.0519586,0.141197,0.181534,0
0.0260377,0.0951068,0.179765,0
0.0786902,0.0496863,0.176366,0
0.0186161,0.147784,0.180137,0
0.021716,0.0328174,0.154032,0
0.0815645,0.0487633,0.138255,0
0.0923095,0.010224,0.117277,0
0.0950348,0.169476,0.115036,0
0.0109607,0.131286,0.214222,0
0.0351491,0.140924,0.16775,0
0.0948342,0.129517,0.17417,0
0.117908,0.156487,0.175712,0
0.010276,0.0933675,0.129316,0
0.0081773,0.0391131,0.164766,0
0.0862285,0.10566,0.118902,0
0.0470833,0.0448484,0.132747,0
0.0562791,0.178304,0.155555,0
0.0975207,0.186466,0.16468,0
0.112361,0.106157,0.121984,0
0.0454077,0.0896211,0.146934,0
0.0276437,0.156531,0.143697,0
0.0801545,0.0645983,0.12797,0
0.0841513,0.214479,0.153095,0
0.0757114,0.0765783,0.130962,0
0.0811599,0.219366,0.223155,0
0.0419907,0.17525,0.182849,0
0.0980189,0.189874,0.106228,0
0.102202,0.137868,0.112579,0
0.0978527,0.0968943,0.132987,0
0.00338415,0.082953,0.211809,0
0.11396,0.0941127,0.173151,0
0.0204137,0.119136,0.166788,0
0.0415695,0.119326,0.172354,0
0.0552376,0.177291,0.177815,0
0.124947,0.169458,0.110138,0
0.100692,0.101615,0.215777,0
0.00708753,0.0516437,0.199872,0
0.0735169,0.174352,0.172138,0
0.0827371,0.124572,0.149049,0
0.0970961,0.0535066,0.223985,0
0.0690285,0.0813253,0.216681,0
0.0125947,0.0861469,0.194659,0
0.0753279,0.0195115,0.12279,0
0.0813139,0.0135943,0.150837,0
0.0938351,0.117547,0.21928,0
0.0469202,0.017021,0.163539,0
0.0794648,0.0128966,0.117646,0
0.0764152,0.0725148,0.215978,0
0.0400263,0.044303,0.188393,0
0.0519602,0.0152972,0.182071,0
0.0341433,0.0844241,0.223161,0
0.0320475,0.185849,0.177488,0
0.0351623,0.146284,0.125618,0
0.0475706,0.114413,0.140224,0
0.0864858,0.0552845,0.138964,0
0.0309594,0.141362,0.117141,0
0.046859,0.22409,0.164185,0
0.115201,0.114584,0.172243,0
0.0316778,0.170554,0.202571,0
0.043929,0.129956,0.21353,0
0.115991,0.134727,0.149137,0
0.12595,0.120014,0.163693,0
0.00667204,0.132597,0.107866,0
0.0798997,0.0928255,0.107794,0
0.12747,0.195739,0.131696,0
0.168674,0.118277,0.0656173,1
0.191599,0.172631,0.000943176,1
0.180653,0.0558316,0.0206807,1
0.180158,0.0548071,0.0286424,1
0.169038,0.0782331,0.00297426,1
0.185629,0.0535399,0.020963,1
0.222946,0.0756795,0.067269,1
0.202553,0.103754,0.062374,1
0.183541,0.0568046,0.027765,1
0.214818,0.0845314,0.05168,1
0.185057,0.0545193,0.0324094,1
0.180149,0.150112,0.0845334,1
0.166522,0.0399041,0.068413,1
0.138474,0.216975,0.0312917,1
0.186137,0.0597932,0.0203006,1
0.15591,0.0617504,0.0310976,1
0.146174,0.127355,0.0957519,1
0.204084,0.0195755,0.0253525,1
0.182529,0.0536142,0.0238624,1
0.183431,0.0569808,0.0274098,1
0.186122,0.0570893,0.0200932,1
0.140273,0.152983,0.0832475,1
0.194695,0.15486,0.0195021,1
0.148849,0.146697,0.0749715,1
0.137218,0.0389591,0.0109348,1
0.181913,0.0424516,0.00459067,1
0.182313,0.0573917,0.0261855,1
0.144065,0.0286565,0.0381266,1
0.20634,0.0768542,0.051413,1
0.151012,0.196314,0.000811098,1
0.133005,0.186259,0.0247116,1
0.17697,0.0191418,0.0809462,1
0.191055,0.170796,0.0439497,1
0.207398,0.135252,0.0117174,1
0.183552,0.140524,0.0862066,1
0.178991,0.0598721,0.0199158,1
0.171242,0.0394999,0.0619134,1
0.138506,0.0215528,0.0739048,1
0.157578,0.120776,0.00431046,1
0.204752,0.195174,0.0769311,1
0.186047,0.0501559,0.0224188,1
0.168929,0.119224,0.0239526,1
0.158365,0.209208,0.0979057,1
0.154786,0.164378,0.0167488,1
0.198704,0.110311,0.0336223,1
0.181491,0.0581051,0.0226662,1
0.202832,0.208837,0.0313661,1
0.182157,0.0522617,0.021376,1
0.182903,0.0524681,0.0228745,1
0.149634,0.0647449,0.0790369,1
0.154599,0.214572,0.0287086,1
0.161,0.0762227,0.0157016,1
0.217964,0.0147926,0.0927435,1
0.213485,0.0722592,0.0876368,1
0.180442,0.0231748,0.011516,1
0.180258,0.0540933,0.0207829,1
0.213776,0.0989543,0.0940396,1
0.185814,0.0584913,0.023152,1
0.201893,0.106888,0.0346769,1
0.213099,0.197612,0.00623438,1
0.154507,0.152476,0.0140054,1
0.173247,0.0994264,0.0839666,1
0.181307,0.0579077,0.0265014,1
0.180737,0.0552598,0.0221291,1
0.140881,0.188467,0.0294675,1
0.177505,0.055574,0.0221616,1
0.144935,0.182317,0.0299376,1
0.187107,0.126623,0.0102135,1
0.134781,0.145388,0.0531533,1
0.194811,0.202342,0.0619138,1
0.180443,0.0559055,0.0235245,1
0.197799,0.0476248,0.0637617,1
0.178969,0.0556688,0.0265356,1
0.182189,0.0311966,0.00676783,1
0.15332,0.125024,0.00429158,1
0.219553,0.0924863,0.083903,1
0.18322,0.0572085,0.0221443,1
0.190151,0.136719,0.00107307,1
0.158028,0.13806,0.0637106,1
0.156252,0.13065,0.08272,1
0.189714,0.0752528,0.0618456,1
0.167824,0.00335255,0.0415035,1
0.179354,0.0538559,0.0242031,1
0.201744,0.103208,0.100066,1
0.196833,0.0597762,0.0840788,1
0.181599,0.0541063,0.0273141,1
0.182389,0.057536,0.0250637,1
0.144747,0.202501,0.0665606,1
0.184633,0.0592312,0.0269386,1
0.141176,0.101907,0.0710892,1
0.131416,0.00191005,0.0102068,1
0.216074,0.0307938,0.00384729,1
0.179798,0.0559941,0.0231824,1
0.193105,0.101433,0.0504381,1
0.222198,0.0299462,0.0596657,1
0.179889,0.057981,0.0278078,1
0.176681,0.20527,0.0760436,1
0.183972,0.0552105,0.0204356,1
0.201858,0.0650568,0.0301958,1
0.216041,0.0441254,0.0419821,1
0.179058,0.049603,0.0244188,1
0.131968,0.0833072,0.0195797,1
0.182604,0.0571457,0.0195948,1
0.179088,0.0560466,0.0217676,1
0.185061,0.0594226,0.0192077,1
0.178517,0.150518,0.0763599,1
0.185536,0.0594442,0.0235159,1
0.180423,0.0593118,0.0230504,1
0.182617,0.0606661,0.0233776,1
0.181517,0.0555362,0.023897,1
0.150088,0.0610407,0.0703181,1
0.183967,0.0537741,0.0176387,1
0.183162,0.0517804,0.0232088,1
0.216715,0.0645128,0.051405,1
0.131381,0.199962,0.0648832,1
0.17796,0.0580322,0.0247335,1
0.198075,0.0580671,0.0717768,1
0.151733,0.0570061,0.0541479,1
0.164547,0.171986,0.028219,1
0.147052,0.00760406,0.0160581,1
0.142165,0.00895492,0.0618896,1
0.134526,0.0626457,0.069954,1
0.131428,0.0300717,0.022192,1
0.128988,0.0294228,0.0775926,1
0.048252,0.169022,0.0159165,2
0.0697566,0.150481,0.0904639,2
0.119028,0.213776,0.0556124,2
0.0665693,0.215249,0.0280907,2
0.106638,0.099824,0.0444134,2
0.121385,0.118729,0.0481335,2
0.0730552,0.0605895,0.0681667,2
0.118898,0.106754,0.0517074,2
0.127676,0.222197,0.0254831,2
0.0999537,0.124487,0.0945587,2
0.111381,0.21908,0.0002334,2
0.0951963,0.130657,0.0416392,2
0.0426301,0.0878769,0.00767165,2
0.0664084,0.171829,0.0617463,2
0.0320596,0.167815,0.0277472,2
0.0560945,0.0893349,0.0256895,2
0.0966549,0.220739,0.0839685,2
0.126015,0.104194,0.000183762,2
0.0544168,0.0683386,0.0295238,2
0.0283296,0.152179,0.0751406,2
0.124617,0.128213,0.0508905,2
0.0420368,0.191795,0.0599821,2
0.0169714,0.0804151,0.0530857,2
0.0876538,0.122426,0.045905,2
0.119864,0.104639,0.0448911,2
0.0850544,0.00832982,0.0918063,2
0.0166269,0.0943237,0.0690505,2
0.0797252,0.139906,0.0167081,2
0.00328856,0.0943391,0.0180489,2
0.117717,0.0223376,0.0902926,2
0.0642971,0.195736,0.0711816,2
0.0375479,0.1931,0.029079,2
0.122033,0.105236,0.0768995,2
0.0741636,0.0558738,0.00105299,2
0.112014,0.0441875,0.014258,2
0.0200587,0.219406,0.041947,2
0.0679237,0.0677391,0.00203108,2
0.045685,0.175946,0.00480485,2
0.0394391,0.205141,0.0976356,2
0.111674,0.221752,0.00397218,2
0.0981968,0.140593,0.0665618,2
0.102006,0.156205,0.0969834,2
0.104318,0.00910195,0.0666595,2
0.0652192,0.158434,0.083696,2
0.0415068,0.192204,0.0922458,2
0.0230409,0.161712,0.0158953,2
0.0847054,0.1001,0.0946507,2
0.0981988,0.0970226,0.0152824,2
0.0860638,0.121918,0.0539939,2
0.0663384,0.0896471,0.0803481,2
0.00155431,0.0948797,0.00588329,2
0.00248383,0.114003,0.0994372,2
0.0895467,0.133326,0.0439493,2
0.0895027,0.0298779,0.0369222,2
0.0409523,0.0886803,0.0309698,2
0.0663358,0.03408,0.0898107,2
0.0878716,0.223614,0.0348159,2
0.0776037,0.133498,0.0304233,2
0.0258008,0.122809,0.0923968,2
0.00377992,0.0550996,0.00604494,2
0.096281,0.0997273,0.0544362,2
0.112961,0.106087,0.0037247,2
0.0183834,0.162392,0.0210818,2
0.0860266,0.0229971,0.0422654,2
0.00254994,0.214993,0.032825,2
0.0883914,0.124336,0.0754686,2
0.0839167,0.181979,0.03099,2
0.0298707,0.0272584,0.0864277,2
0.0136719,0.0337285,0.00292411,2
0.0153654,0.0715915,0.0403326,2
0.0500776,0.0264659,0.069397,2
0.0416847,0.0358572,0.0270005,2
0.0659442,0.15836,0.0785229,2
0.0201664,0.0476705,0.0238035,2
0.0283034,0.201521,0.0948248,2
0.114318,0.178342,0.0510701,2
0.0208329,0.0629852,0.0131543,2
0.0830431,0.00796416,0.0908307,2
0.0726742,0.00225304,0.0676594,2
0.0377555,0.224418,0.048981,2
0.0603118,0.1669,0.0836645,2
0.0682514,0.129665,0.0193534,2
0.119929,0.0782451,0.0691769,2
0.0121316,0.112298,0.104399,2
0.0447154,0.127423,0.0914865,2
0.0270101,0.19194,0.0215409,2
0.0315327,0.0384743,0.090736,2
0.0151841,0.09576,0.0241904,2
0.0386992,0.205293,0.0977682,2
0.0265171,0.0917692,0.076203,2
0.00826374,0.0184634,0.0594176,2
0.117431,0.205771,0.104046,2
0.101143,0.0415478,0.0647789,2
0.00949034,0.0779909,0.0729445,2
0.0579961,0.0643052,0.0994793,2
0.0309218,0.173364,0.0707548,2
0.0104989,0.199907,0.074008,2
0.0597862,0.0133838,0.0872457,2
0.054048,0.0404381,0.0548514,2
0.07005,0.125135,0.061624,2
0.0746176,0.0404264,0.0658286,2
0.0636828,0.0856399,0.0132883,2
0.0697098,0.0351827,0.00418743,2
0.106768,0.16547,0.0813995,2
0.0144689,0.00477838,0.0135388,2
0.103666,0.00722473,0.0541332,2
0.0845271,0.0151684,0.0306679,2
0.0168097,0.0189413,0.0269339,2
0.0506414,0.0418717,0.056478,2
0.0467353,0.180331,0.0327555,2
0.101407,0.0847516,0.0521626,2
0.0875263,0.111381,0.0136157,2
0.0496424,0.00359722,0.0803077,2
0.0543403,0.116809,0.0694043,2
0.115946,0.157213,0.0927842,2
0.0470009,0.132256,0.0738147,2
0.113222,0.175357,0.0784218,2
0.0792778,0.147589,0.0412676,2
0.0210792,0.170793,0.0386368,2
0.0215431,0.124979,0.0129633,2
0.0463172,0.105557,0.0880104,2
0.0966277,0.17025,0.1052,2
0.221435,0.0744068,0.21593,3
0.155344,0.157194,0.199842,3
0.164425,0.0823316,0.153324,3
0.145309,0.0356754,0.12933,3
0.185677,0.082962,0.208244,3
0.186595,0.0515861,0.204257,3
0.20118,0.0960739,0.151874,3
0.211443,0.171929,0.132968,3
0.166611,0.01484,0.135751,3
0.136797,0.0142356,0.219638,3
0.207791,0.187137,0.116793,3
0.185331,0.201496,0.156001,3
0.173687,0.0122621,0.168133,3
0.183638,0.0621975,0.101881,3
0.204181,0.136979,0.1093,3
0.184457,0.15471,0.224322,3
0.129251,0.218393,0.201896,3
0.188516,0.0462646,0.192562,3
0.136145,0.207934,0.105015,3
0.169465,0.0879728,0.117669,3
0.205098,0.054409,0.157627,3
0.204032,0.173482,0.215199,3
0.143087,0.133149,0.118685,3
0.149178,0.180957,0.113748,3
0.196664,0.174891,0.134722,3
0.186772,0.014846,0.140741,3
0.143062,0.0104674,0.181536,3
0.170885,0.0283001,0.201294,3
0.144746,0.0210144,0.188564,3
0.185686,0.206608,0.198827,3
0.195602,0.219524,0.135613,3
0.165718,0.0825624,0.126856,3
0.168057,0.0874183,0.181516,3
0.184142,0.178609,0.124331,3
0.20127,0.0693217,0.224844,3
0.178424,0.100802,0.195957,3
0.168847,0.0984374,0.174066,3
0.182848,0.0775637,0.117519,3
0.193312,0.0614704,0.148014,3
0.192591,0.22479,0.126171,3
0.218898,0.0853337,0.205217,3
0.138242,0.0729343,0.121087,3
0.193921,0.0467778,0.159927,3
0.209704,0.0862877,0.149225,3
0.223846,0.0463013,0.187445,3
0.145697,0.124333,0.129814,3
0.14724,0.151996,0.224151,3
0.168455,0.133825,0.124481,3
0.17545,0.200947,0.180926,3
0.212045,0.12505,0.200342,3
0.186215,0.0744812,0.209587,3
0.13471,0.0572849,0.186129,3
0.176782,0.0478009,0.220196,3
0.181427,0.0615582,0.112855,3
0.180515,0.0518675,0.137746,3
0.161301,0.198611,0.149463,3
0.14334,0.0315863,0.105368,3
0.175655,0.0584056,0.156635,3
0.20886,0.0653755,0.144215,3
0.210923,0.15117,0.176083,3
0.224322,0.0584968,0.221626,3
0.204777,0.153618,0.103755,3
0.138031,0.184734,0.192183,3
0.194924,0.0262247,0.180753,3
0.167719,0.21033,0.171966,3
0.190213,0.118361,0.17547,3
0.219699,0.199643,0.205174,3
0.207558,0.153373,0.197334,3
0.18628,0.111197,0.121463,3
0.174377,0.16294,0.193825,3
0.134565,0.205332,0.179645,3
0.169554,0.0361244,0.106246,3
0.214275,0.0435274,0.15289,3
0.139592,0.177805,0.136248,3
0.210355,0.0652231,0.183238,3
0.160717,0.189463,0.186156,3
0.153183,0.16271,0.136635,3
0.195466,0.213875,0.194967,3
0.156366,0.212399,0.102757,3
0.204374,0.0587382,0.110727,3
0.151677,0.210193,0.209894,3
0.158826,0.169145,0.160957,3
0.179241,0.0412829,0.222858,3
0.131305,0.112244,0.159313,3
0.157274,0.159273,0.151984,3
0.180056,0.179535,0.186225,3
0.195906,0.100344,0.122991,3
0.148816,0.104655,0.181787,3
0.1746,0.183656,0.200806,3
0.183316,0.219388,0.17515,3
0.152963,0.187678,0.182751,3
0.202541,0.210193,0.162504,3
0.154661,0.128088,0.14256,3
0.204247,0.10396,0.121922,3
0.130504,0.0448351,0.211866,3
0.165823,0.0730722,0.130341,3
0.163213,0.0448225,0.133953,3
0.141833,0.159398,0.198379,3
0.190061,0.0710494,0.176581,3
0.187555,0.0599863,0.131621,3
0.162997,0.214823,0.12211,3
0.181459,0.0848627,0.207491,3
0.221031,0.100449,0.222117,3
0.224878,0.0335291,0.138593,3
0.177866,0.0522969,0.176912,3
0.178007,0.106736,0.107257,3
0.166936,0.15755,0.154936,3
0.22226,0.216557,0.134676,3
0.152968,0.120564,0.141988,3
0.147199,0.156519,0.134741,3
0.166937,0.0594257,0.183641,3
0.213542,0.132519,0.154412,3
0.145394,0.0980286,0.145101,3
0.182554,0.173118,0.154862,3
0.224437,0.151476,0.196381,3
0.160078,0.144633,0.152701,3
0.199366,0.0333478,0.16005,3
0.20554,0.0273369,0.179571,3
0.137645,0.123505,0.130511,3
0.150623,0.133747,0.146438,3
0.145641,0.0279334,0.169438,3
0.159285,0.105016,0.177971,3
0.144707,0.018722,0.193234,3
0.145744,0.00356861,0.188949,3
0.133763,0.22236,0.102892,3
