x coord,y coord,z coord,rank
0.157743,0.0214756,0.223229,0
0.115047,0.0265203,0.0600549,0
0.147391,0.0260648,0.176688,0
0.161976,0.0834128,0.217079,0
0.184039,0.0671018,0.0206504,0
0.176071,0.0536917,0.0352246,0
0.180366,0.0550932,0.166539,0
0.135106,0.024967,0.104137,0
0.169193,0.0629292,0.150306,0
0.206657,0.00137118,0.00598397,0
0.133499,0.0308805,0.000124863,0
0.196317,0.0448367,0.132505,0
0.223714,0.0658465,0.00452726,0
0.181337,0.0542122,0.176201,0
0.126823,0.0273132,0.113537,0
0.113693,0.0491255,0.13434,0
0.147434,0.073807,0.123257,0
0.182455,0.00834532,0.0675418,0
0.204342,0.0798456,0.0166746,0
0.204626,0.0701383,0.177855,0
0.157333,0.0177952,0.127567,0
0.126793,0.0173454,0.052935,0
0.174784,0.0532356,0.164178,0
0.209875,0.000239141,0.0995262,0
0.198344,0.0825291,0.152394,0
0.221226,0.057193,0.120663,0
0.177983,0.053808,0.171008,0
0.215343,0.0532636,0.0302639,0
0.201932,0.0754509,0.194546,0
0.126579,0.0780802,0.0543471,0
0.11583,0.0603601,0.182935,0
0.121978,0.0307596,0.0593779,0
0.165693,0.0690522,0.18549,0
0.129575,0.0719384,0.0806288,0
0.210299,0.0760524,0.126298,0
0.181018,0.0501777,0.168119,0
0.150848,0.0591007,0.158832,0
0.118622,0.00560558,0.118408,0
0.175402,0.0324584,0.217785,0
0.197492,0.0186805,0.212732,0
0.18244,0.0477722,0.169384,0
0.206078,0.0112009,0.142115,0
0.195285,0.0412659,0.079405,0
0.207437,0.0770157,0.122327,0
0.18031,0.050718,0.16799,0
0.195877,0.0629554,0.144033,0
0.124481,0.0454982,0.0584347,0
0.180248,0.0536727,0.167971,0
0.169637,0.0144095,0.179294,0
0.185686,0.0405836,0.220254,0
0.1754,0.0490266,0.16889,0
0.129478,0.0442009,0.0927887,0
0.176467,0.0508561,0.170602,0
0.179314,0.0450976,0.168987,0
0.177154,0.0525154,0.168131,0
0.165841,0.0465537,0.0404659,0
0.178307,0.0521436,0.165892,0
0.169952,0.0250944,0.139046,0
0.212009,0.0377313,0.184803,0
0.17651,0.0525919,0.167602,0
0.181568,0.0506139,0.170641,0
0.203526,0.0201935,0.179053,0
0.152715,0.00679857,0.222988,0
0.177714,0.0489309,0.167037,0
0.179518,0.0538408,0.167605,0
0.177335,0.0542658,0.168945,0
0.164864,0.0559118,0.0464873,0
0.131261,4.31934e-05,0.0451536,0
0.180073,0.00428937,0.136808,0
0.176752,0.0522991,0.165847,0
0.205379,0.0436339,0.175957,0
0.178096,0.0569128,0.165102,0
0.124875,0.0601902,0.00618574,0
0.17764,0.0531525,0.167512,0
0.179101,0.0554272,0.165329,0
0.173263,0.0587895,0.036937,0
0.198071,0.00527411,0.142617,0
0.182284,0.0506604,0.165846,0
0.177536,0.0532696,0.170954,0
0.195875,0.00116874,0.131268,0
0.180732,0.0513059,0.169085,0
0.128417,0.0669215,0.0307791,0
0.176668,0.0558233,0.164784,0
0.180974,0.0559328,0.168715,0
0.141734,0.00598901,0.109295,0
0.181794,0.0502861,0.166297,0
0.194035,0.0602988,0.19117,0
0.181731,0.0538468,0.16664,0
0.179114,0.0564488,0.163497,0
0.180488,0.0546941,0.166195,0
0.177222,0.00689249,0.133474,0
0.202941,0.0355268,0.0153034,0
0.219882,0.0584688,0.188266,0
0.192688,0.0225838,0.201176,0
0.184596,0.053793,0.166617,0
0.136706,0.00814917,0.0674093,0
0.179027,0.0521211,0.165528,0
0.138288,0.0216747,0.0302972,0
0.224325,0.0803848,0.205223,0
0.181533,0.0554237,0.166724,0
0.178136,0.0506047,0.167152,0
0.172864,0.0535611,0.166047,0
0.178583,0.0223334,0.207389,0
0.130681,0.079485,0.0496985,0
0.178042,0.0555255,0.166094,0
0.197116,0.0733389,0.136412,0
0.15084,0.0222549,0.14304,0
0.166939,0.0352499,0.108066,0
0.141089,0.0127486,0.0928218,0
0.125208,0.0150029,0.0355339,0
0.224077,0.0618157,0.0850589,0
0.120235,0.0859824,0.0760386,0
0.133022,0.0233531,0.0775429,0
0.121394,0.0750102,0.0600629,0
0.115046,0.00753837,0.039931,0
0.123056,0.0249715,0.108594,0
0.141574,0.0628509,0.131423,0
0.112572,0.0687759,0.094312,0
0.0555989,0.101129,0.158231,1
0.10446,0.0331153,0.201938,1
0.00649886,0.0461143,0.040372,1
0.0785037,0.0342672,0.0956097,1
0.0671741,0.0943615,0.163416,1
0.0456278,0.0440494,0.015842,1
0.0360156,0.0925474,0.0253731,1
0.0310913,0.0790112,0.210407,1
0.106086,0.0591225,0.0687294,1
0.0764278,0.0732521,0.0453209,1
0.110797,0.0675046,0.0820323,1
0.0651632,0.0320475,0.061437,1
0.0548017,0.0639876,0.0361534,1
0.0808917,0.0684724,0.00849323,1
0.0442233,0.040816,0.0526366,1
0.0651388,0.00511933,0.0362501,1
0.0540013,0.0652672,0.019085,1
0.00578595,0.0915292,0.049034,1
0.106066,0.080335,0.17788,1
0.047736,0.00533296,0.103114,1
0.0818919,0.0652271,0.0290282,1
0.0312122,0.113655,0.0239977,1
0.0366731,0.0771272,0.220303,1
0.0745498,0.0969775,0.0286876,1
0.0490813,0.0957685,0.0373985,1
0.0970609,0.0862318,0.0188516,1
0.0110854,0.0935936,0.0382719,1
0.100167,0.0692629,0.0357652,1
0.0431501,0.0515651,0.200409,1
0.0885961,0.108218,0.0262948,1
0.0147609,0.0706704,0.154361,1
0.10006,0.102839,0.204451,1
0.0886571,0.0639401,0.00276701,1
0.0619434,0.0204621,0.0139164,1
0.0944594,0.0847974,0.220813,1
0.0505696,0.118258,0.129622,1
0.0938401,0.0182042,0.192744,1
0.0190264,0.0565831,0.139161,1
0.0956379,0.094582,0.217641,1
0.0114659,0.0629151,0.00787249,1
0.068156,0.0935182,0.0882341,1
0.00614147,0.0934849,0.194448,1
0.0380802,0.0621032,0.20573,1
0.0222534,0.0946155,0.00766331,1
0.0667485,0.120004,0.133047,1
0.0425499,0.115288,0.177434,1
0.0278505,0.0706236,0.150558,1
0.0653864,0.0937771,0.136777,1
0.100637,0.0692207,0.0256511,1
0.0800142,0.080452,0.189441,1
0.02917,0.0706188,0.196834,1
0.0811485,0.114083,0.100302,1
0.00959731,0.0651205,0.0106736,1
0.0585885,0.0340336,0.172917,1
0.0932762,0.0798492,0.154404,1
0.0128134,0.0527821,0.14808,1
0.0110607,0.0894693,0.095907,1
0.0713983,0.07498,0.0368263,1
0.025708,0.11166,0.0440261,1
0.0581195,0.0181643,0.190566,1
0.0893221,0.0114831,0.0293375,1
0.0191063,0.0196656,0.219016,1
0.0538491,0.040626,0.198725,1
0.041727,0.0668958,0.163601,1
0.0110709,0.0797526,0.179195,1
0.0842376,0.0351617,0.146549,1
0.00346072,0.00176496,0.131917,1
0.0706156,0.111979,0.109546,1
0.0995356,0.0643312,0.128153,1
0.0954435,0.0203616,0.163083,1
0.0205772,0.119703,0.214368,1
0.0303992,0.0712635,0.179028,1
0.00111982,0.0865103,0.0662633,1
0.09413,0.0461489,0.133454,1
0.000844142,0.0891982,0.0547527,1
0.106202,0.11747,0.190735,1
0.0291414,0.062948,0.0501084,1
0.0590956,0.00108403,0.0925373,1
0.0702633,0.0991356,0.121692,1
0.10915,0.0813813,0.146035,1
0.0706153,0.00524702,0.13689,1
0.0623646,0.0805071,0.0240509,1
0.0972615,0.0255723,0.122191,1
0.017862,0.10065,0.107788,1
0.0905269,0.0190717,0.00257046,1
0.00268608,0.0717239,0.202813,1
0.0963988,0.0023263,0.0726091,1
0.0297731,0.0620721,0.218565,1
0.0657762,0.102499,0.145129,1
0.0020815,0.0699963,0.0192676,1
0.0936782,0.0436045,0.169933,1
0.0105195,0.0315468,0.075314,1
0.0228595,0.00907811,0.116705,1
0.0212191,0.0498632,0.00988041,1
0.0667463,0.0941665,0.0756391,1
0.0682961,0.0161295,0.19393,1
0.000882754,0.0989747,0.110816,1
0.0548549,0.0554885,0.114165,1
0.00196942,0.0858212,0.124924,1
0.0615275,0.0207393,0.0162083,1
0.110581,0.0983492,0.00241108,1
0.0403601,0.0512684,0.0318511,1
0.0728525,0.0977891,0.161923,1
0.0811723,0.0165134,0.128823,1
0.0482234,0.111989,0.0700823,1
0.0983229,0.115783,0.140392,1
0.00985159,0.0363315,0.00702835,1
0.0852412,0.0170813,0.178824,1
0.0363947,0.00445186,0.117897,1
0.080789,0.109765,0.195517,1
0.0887001,0.0431427,0.0150027,1
0.0636007,0.108046,0.0267285,1
0.0971199,0.0893989,0.0498497,1
0.00372295,0.101673,0.0614905,1
0.0934572,0.117317,0.103067,1
0.0513486,0.106969,0.129046,1
0.0864892,0.0836462,0.208495,1
0.0225406,0.0501891,0.00230456,1
0.0595892,0.0811268,0.0296506,1
0.0617561,0.11896,0.026219,1
0.0325592,0.00833113,0.104332,1
0.100174,0.0681201,0.118999,1
0.103196,0.095844,0.135628,1
0.10904,0.0602199,0.188856,1
0.0958709,0.151449,0.11293,2
0.107033,0.190264,0.0223937,2
0.0947458,0.125415,0.087643,2
0.104088,0.17461,0.0809624,2
0.108991,0.146078,0.0360785,2
0.0192271,0.191859,0.12095,2
0.00742622,0.193532,0.097324,2
0.0219931,0.223315,0.0898839,2
0.0309204,0.1901,0.0499753,2
0.0739504,0.142264,0.0344721,2
0.0325615,0.190695,0.0613993,2
0.0991503,0.164147,0.0432781,2
0.0671377,0.195693,0.137269,2
0.0572557,0.153031,0.130701,2
0.0377412,0.186259,0.0682827,2
0.0358172,0.144409,0.153419,2
0.0610748,0.174613,0.103482,2
0.0621078,0.15819,0.0401399,2
0.0543132,0.18814,0.0894087,2
0.0268132,0.209171,0.0644112,2
0.0687208,0.174914,0.0819335,2
0.0698593,0.155578,0.0783347,2
0.0854231,0.199857,0.0340568,2
0.00780354,0.142761,0.0667657,2
0.0186142,0.209909,0.081954,2
0.0212356,0.177359,0.065377,2
0.0445101,0.136126,0.167398,2
0.0496617,0.218338,0.121498,2
0.0885562,0.125733,0.0375341,2
0.0398998,0.147415,0.100018,2
0.0894827,0.222804,0.0266568,2
0.0590106,0.14692,0.0208457,2
0.0870987,0.217548,0.160617,2
0.0855215,0.18339,0.116447,2
0.052447,0.222782,0.0181175,2
0.0390026,0.171922,0.0124671,2
0.0149336,0.1227,0.221792,2
0.0303514,0.18297,0.0404002,2
0.0369361,0.144335,0.101926,2
0.0472692,0.13672,0.0680673,2
0.102792,0.185919,0.146079,2
0.0293789,0.19513,0.0433981,2
0.0484595,0.195781,0.0551123,2
0.058374,0.132164,0.22248,2
0.0359375,0.187476,0.101603,2
0.0992806,0.187623,0.140215,2
0.0425277,0.157897,0.179578,2
0.0262937,0.143874,0.0205163,2
0.0624153,0.129505,0.166659,2
0.0481902,0.165957,0.138043,2
0.045703,0.122049,0.185689,2
0.0784391,0.13594,0.18354,2
0.0206023,0.20267,0.134231,2
0.0501731,0.145645,0.0704053,2
0.0599777,0.216959,0.100564,2
0.0595695,0.129518,0.216795,2
0.0121398,0.144255,0.180897,2
0.0787952,0.199007,0.209517,2
0.0813804,0.140437,0.0887541,2
5.67957e-05,0.166268,0.0115131,2
0.0142966,0.166508,0.0258942,2
0.0660407,0.204957,0.0376676,2
0.0364196,0.185794,0.139762,2
0.0413758,0.183281,0.157363,2
0.03768,0.202295,0.0805047,2
0.0153736,0.205675,0.0776201,2
0.0376639,0.181937,0.0901077,2
0.0217712,0.21111,0.182706,2
0.0220043,0.198161,0.0242595,2
0.00310311,0.170171,0.101554,2
0.092441,0.171157,0.194078,2
0.0150709,0.159785,0.117052,2
0.0602486,0.148808,0.188231,2
0.0587709,0.185581,0.0884253,2
0.0756076,0.149809,0.0426205,2
0.00833465,0.1278,0.136509,2
0.0879529,0.159813,0.193762,2
0.0806631,0.127256,0.166888,2
0.0969866,0.222149,0.0490767,2
0.0253211,0.145687,0.205341,2
0.0357241,0.21326,0.0721206,2
0.0726832,0.170844,0.123706,2
0.048726,0.147765,0.0889524,2
0.103659,0.209152,0.101142,2
0.075487,0.202194,0.115053,2
0.0375809,0.181971,0.0106519,2
0.0010349,0.12802,0.125019,2
0.11086,0.171848,0.137792,2
0.0591547,0.192028,0.0693261,2
0.0337896,0.187668,0.200204,2
0.0179264,0.204266,0.175478,2
0.0473916,0.13099,0.190331,2
0.0670666,0.138696,0.171363,2
0.00167223,0.217333,0.0459669,2
0.0465232,0.18528,0.163894,2
0.0845411,0.162826,0.190049,2
0.0075471,0.202734,0.221131,2
0.0214203,0.122676,0.130501,2
0.00976233,0.124558,0.143647,2
0.0477491,0.187459,0.151849,2
0.0217097,0.153685,0.0731034,2
0.00386713,0.164655,0.176144,2
0.0931799,0.215022,0.172233,2
0.0785014,0.134341,0.157725,2
0.0522889,0.131037,0.011502,2
0.0655654,0.173476,0.123335,2
0.0535893,0.192427,0.222052,2
0.0337494,0.171094,0.0429212,2
0.00804344,0.177713,0.155339,2
0.0650109,0.185786,0.203365,2
0.0380823,0.203374,0.196964,2
0.0358498,0.221348,0.175601,2
0.0467653,0.19014,0.191728,2
0.0376936,0.195603,0.167643,2
0.0967354,0.154551,0.0914042,2
0.00650762,0.204199,0.10297,2
0.0230888,0.189581,0.208946,2
0.0762755,0.187081,0.111395,2
0.0743324,0.218237,0.0452447,2
0.109293,0.126243,0.0998729,2
0.0182481,0.126182,0.189448,2
0.109671,0.157762,0.0695309,2
0.0242935,0.122895,0.055882,2
0.109884,0.12636,0.0942388,2
0.0236651,0.122943,0.196722,2
0.110562,0.189447,0.207062,2
0.170625,0.126772,0.106187,3
0.116315,0.158088,0.208641,3
0.14615,0.209125,0.177179,3
0.146293,0.116334,0.113889,3
0.117535,0.105725,0.223675,3
0.112578,0.0952703,0.187102,3
0.125011,0.108689,0.0766644,3
0.112903,0.12314,0.139005,3
0.192874,0.0892281,0.172933,3
0.113888,0.206795,0.186414,3
0.156828,0.155003,0.0339201,3
0.136433,0.220929,0.149663,3
0.202433,0.126758,0.122307,3
0.121669,0.126777,0.220981,3
0.174601,0.167837,0.0564043,3
0.216823,0.134054,0.0768616,3
0.123515,0.196601,0.169255,3
0.152259,0.123114,0.0791398,3
0.130322,0.200744,0.0823855,3
0.167073,0.176197,0.0538282,3
0.14021,0.208516,0.178432,3
0.147142,0.219504,0.211731,3
0.112884,0.155344,0.181714,3
0.143906,0.15206,0.0814181,3
0.145841,0.179155,0.0810445,3
0.148887,0.207188,0.0195345,3
0.143964,0.212545,0.138542,3
0.193048,0.165868,0.0151553,3
0.206813,0.178715,0.130967,3
0.184716,0.103863,0.0778618,3
0.196531,0.0914334,0.132158,3
0.14399,0.109119,0.213495,3
0.142771,0.128134,0.217451,3
0.179267,0.110172,0.184714,3
0.144916,0.13273,0.143802,3
0.184539,0.18264,0.183705,3
0.17498,0.128816,0.206865,3
0.216954,0.209361,0.133615,3
0.118316,0.186804,0.224905,3
0.185439,0.141587,0.00184456,3
0.194123,0.199446,0.0785449,3
0.190612,0.128093,0.174105,3
0.207505,0.0915916,0.181711,3
0.206347,0.1288,0.15656,3
0.222523,0.147021,0.18242,3
0.112182,0.088478,0.0370734,3
0.214912,0.213132,0.196642,3
0.215144,0.207884,0.218001,3
0.13758,0.218267,0.145353,3
0.208002,0.16266,0.0440857,3
0.202396,0.221389,0.134218,3
0.215187,0.184114,0.0961495,3
0.185666,0.161543,0.0900139,3
0.146207,0.149069,0.214493,3
0.156776,0.135723,0.213177,3
0.169865,0.22141,0.12281,3
0.156064,0.0996413,0.0299609,3
0.215926,0.166061,0.175659,3
0.135605,0.203317,0.113651,3
0.204939,0.116223,0.210989,3
0.182798,0.106839,0.135371,3
0.208412,0.122278,0.0781414,3
0.198647,0.209075,0.0439666,3
0.219102,0.168297,0.146091,3
0.213892,0.135727,0.150025,3
0.17722,0.165425,0.0115103,3
0.152647,0.168013,0.20016,3
0.204643,0.224557,0.177543,3
0.211916,0.0885411,0.0682183,3
0.211343,0.211379,0.0839157,3
0.17954,0.159457,0.18193,3
0.220957,0.195511,0.113104,3
0.162632,0.178376,0.125103,3
0.150153,0.120776,0.128457,3
0.170884,0.193045,0.20502,3
0.141016,0.168993,0.0781274,3
0.216409,0.147128,0.0105056,3
0.177959,0.0960132,0.202088,3
0.224638,0.199594,0.124265,3
0.132639,0.192833,0.215992,3
0.165238,0.129,0.14152,3
0.175883,0.200136,0.00281208,3
0.112982,0.112923,0.00930528,3
0.118741,0.149973,0.108214,3
0.125509,0.164238,0.178862,3
0.186402,0.170174,0.143245,3
0.160374,0.090854,0.14062,3
0.147474,0.165246,0.170236,3
0.200751,0.219655,0.172012,3
0.126243,0.154551,0.0360532,3
0.116159,0.103392,0.0848951,3
0.151178,0.210467,0.0826299,3
0.159083,0.17394,0.0967403,3
0.169483,0.0932698,0.205423,3
0.220175,0.204893,0.133101,3
0.1815,0.18216,0.0367923,3
0.215316,0.132032,0.0967945,3
0.126744,0.128456,0.0141375,3
0.117871,0.127069,0.0621178,3
0.172143,0.207692,0.222518,3
0.214644,0.132002,0.0157172,3
0.150735,0.127726,0.0686861,3
0.116957,0.200309,0.0462175,3
0.180846,0.203082,0.165585,3
0.157978,0.190603,0.102124,3
0.131083,0.157865,0.0670948,3
0.223913,0.193805,0.105389,3
0.211355,0.138343,0.152471,3
0.191167,0.210413,0.0461331,3
0.169062,0.186839,0.0862075,3
0.112653,0.179389,0.199408,3
0.208426,0.221568,0.0218284,3
0.16822,0.0912882,0.00138488,3
0.201991,0.114835,0.213555,3
0.210314,0.104905,0.0665024,3
0.184905,0.189175,0.132082,3
0.174796,0.122495,0.00949611,3
0.216365,0.156721,0.206647,3
0.218785,0.207051,0.0938939,3
0.184555,0.163018,0.219074,3
0.171201,0.194039,0.153499,3
0.201923,0.0918962,0.125121,3
0.213527,0.203833,0.0578566,3
0.150707,0.105634,0.155615,3
0.167915,0.135645,0.134594,3
0.194202,0.0955468,0.22105,3
0.116804,0.120024,0.0307938,3
0.13551,0.0889614,0.0928975,3
0.128795,0.104681,0.0384556,3
0.205462,0.0974001,0.100274,3
0.119701,0.153736,0.18965,3
0.170399,0.0931437,4.12763e-05,3
