x coord,y coord,z coord,rank
0.0789427,0.143063,0.181681,0
0.0200963,0.104649,0.214576,0
0.10169,0.151489,0.107865,0
0.0616964,0.11355,0.16527,0
0.104486,0.153202,0.109119,0
0.0334118,0.141675,0.117517,0
0.073676,0.0512145,0.163777,0
0.0935852,0.108478,0.121075,0
0.0762271,0.127069,0.196673,0
0.0553214,0.0396421,0.148948,0
0.0882229,0.0989902,0.216836,0
0.0713046,0.207055,0.202459,0
0.0652525,0.063945,0.220421,0
0.107934,0.0213435,0.187293,0
0.109703,0.148919,0.109744,0
0.00867735,0.193795,0.132881,0
0.0133381,0.053947,0.19834,0
0.10826,0.15585,0.11074,0
0.0921567,0.134134,0.210894,0
0.0464815,0.0747169,0.205776,0
0.069073,0.0731426,0.221145,0
0.0819924,0.101523,0.209902,0
0.0726936,0.0888779,0.191349,0
0.0841677,0.0528985,0.172128,0
0.0845288,0.102453,0.192025,0
0.0906308,0.185918,0.172421,0
0.109241,0.157337,0.106319,0
0.104675,0.148145,0.109312,0
0.0707741,0.185555,0.138703,0
0.104024,0.150137,0.106554,0
0.110352,0.147559,0.108834,0
0.0699995,0.221592,0.132948,0
0.0927773,0.210477,0.216035,0
0.0016184,0.016828,0.205297,0
0.0903828,0.183235,0.173974,0
0.0126856,0.0483212,0.158381,0
0.00463035,0.00552233,0.113563,0
0.0609229,0.1003,0.214912,0
0.0539451,0.103035,0.224929,0
0.00286324,0.0417559,0.171594,0
0.0160017,0.192209,0.192802,0
0.0481826,0.194414,0.213095,0
0.101174,0.154191,0.109043,0
0.111194,0.157724,0.108901,0
0.0379349,0.15379,0.124639,0
0.110945,0.208859,0.156186,0
0.0267998,0.121582,0.215862,0
0.108411,0.160044,0.107137,0
0.104456,0.062644,0.148035,0
0.100369,0.152302,0.105807,0
0.11106,0.0633279,0.203893,0
0.0885276,0.223057,0.128223,0
0.0638787,0.159957,0.109913,0
0.0206874,0.0824107,0.113667,0
0.0738942,0.156234,0.207602,0
0.00230754,0.0145396,0.113675,0
0.0373464,0.21018,0.161224,0
0.0761087,0.127118,0.174135,0
0.106806,0.150135,0.10663,0
0.0379733,0.196483,0.134424,0
0.091415,0.0866959,0.216562,0
0.102444,0.153685,0.107664,0
0.0159751,0.140703,0.140821,0
0.106846,0.151887,0.108238,0
0.0883904,0.148028,0.190311,0
0.00781956,0.219585,0.171488,0
0.00938493,0.109021,0.171157,0
0.103334,0.153333,0.106428,0
0.00879957,0.184232,0.12449,0
0.0307325,0.0845175,0.178696,0
0.0827537,0.0443778,0.212827,0
0.0485551,0.125405,0.203531,0
0.112027,0.0580341,0.196166,0
0.0427216,0.203762,0.191694,0
0.0845409,0.181985,0.220256,0
0.082048,0.00930043,0.202094,0
0.0580235,0.145068,0.200683,0
0.0387746,0.167749,0.188973,0
0.110083,0.156092,0.107626,0
0.0994643,0.155975,0.107878,0
0.0098171,0.0865158,0.184385,0
0.00675648,0.112807,0.141705,0
0.031442,0.0843815,0.207068,0
0.107038,0.154971,0.106927,0
0.105694,0.131997,0.213252,0
0.0440082,0.06471,0.149634,0
0.0353057,0.183266,0.140436,0
0.0094633,0.196323,0.171098,0
0.0728266,0.0141608,0.196428,0
0.0904508,0.0513583,0.201079,0
0.0432343,0.0408236,0.131329,0
0.104748,0.156113,0.108681,0
0.0492219,0.161571,0.173901,0
0.0154983,0.0461639,0.173032,0
0.066487,0.199434,0.182521,0
0.109702,0.151868,0.108892,0
0.0111992,0.0305264,0.134205,0
0.0114737,0.00880825,0.184482,0
0.0997921,0.14871,0.109272,0
0.0202827,0.0952382,0.146043,0
0.000428192,0.103096,0.130883,0
0.0266301,0.0867488,0.155004,0
0.0105051,0.0909592,0.140631,0
0.042836,0.212501,0.116665,0
0.100422,0.011027,0.213484,0
0.0311242,0.0504821,0.143916,0
0.077447,0.0340383,0.158673,0
0.0538554,0.0965502,0.197976,0
0.0461412,0.219634,0.12992,0
0.0104547,0.015731,0.119383,0
0.0202361,0.113315,0.167042,0
0.0863781,0.0757242,0.171392,0
0.103378,0.153471,0.109011,0
0.106997,0.0280094,0.175616,0
0.00999681,0.154529,0.122891,0
0.0903416,0.118034,0.182568,0
0.0501995,0.0385606,0.172146,0
0.104778,0.154025,0.108067,0
0.106104,0.153258,0.110447,0
0.0315206,0.0209806,0.117436,0
0.0256314,0.135785,0.121425,0
0.109783,0.104973,0.186914,0
0.107703,0.146172,0.105417,1
0.216951,0.0470014,0.0737021,1
0.113926,0.101306,0.0284698,1
0.137177,0.0228761,0.0961546,1
0.119545,0.184103,0.0636269,1
0.183325,0.193768,0.0163237,1
0.215571,0.162448,0.0149701,1
0.16663,0.0702242,0.0286463,1
0.19024,0.192237,0.0992539,1
0.175339,0.176211,0.0959156,1
0.174515,0.106057,0.0655608,1
0.159976,0.070994,0.0042001,1
0.12381,0.165301,0.055387,1
0.117392,0.188885,0.0701244,1
0.190753,0.0826344,0.0650769,1
0.148148,0.117222,0.0666915,1
0.211464,0.0680572,0.0725883,1
0.187551,0.0263511,0.0490352,1
0.121065,0.0310733,0.0113566,1
0.107155,0.157912,0.104961,1
0.161246,0.0718622,0.0450642,1
0.219826,0.0444907,0.0914512,1
0.113803,0.182519,0.0607744,1
0.125748,0.122544,0.0546634,1
0.144208,0.0830424,0.0420239,1
0.178995,0.0568477,0.0540753,1
0.193738,0.140958,0.0852124,1
0.21814,0.0194698,0.0549721,1
0.184829,0.154395,0.0635364,1
0.189631,0.132547,0.0872287,1
0.166337,0.111056,0.0447195,1
0.12512,0.00829513,0.0362882,1
0.126742,0.0527893,0.0838287,1
0.142952,0.180316,0.0971664,1
0.162335,0.0816353,0.00949305,1
0.11371,0.0509262,0.0468665,1
0.122563,0.144748,0.0307184,1
0.175413,0.128954,0.0164775,1
0.214936,0.0794004,0.0362696,1
0.156112,0.146529,0.0744396,1
0.118279,0.0730459,0.0558249,1
0.148605,0.0243027,0.0397953,1
0.175497,0.00848769,0.0229727,1
0.123495,0.0031942,0.00738128,1
0.191116,0.162541,0.0594436,1
0.132474,0.13217,0.0690581,1
0.212271,0.0782812,0.0458578,1
0.114889,0.123442,0.073471,1
0.14514,0.0839368,0.00482946,1
0.213833,0.210607,0.068569,1
0.187311,0.220028,0.0821331,1
0.163266,0.0554192,0.0557076,1
0.166417,0.209934,0.021824,1
0.110349,0.153004,0.104281,1
0.190524,0.159497,0.0579529,1
0.139303,0.0926599,0.0728216,1
0.160787,0.0982459,0.0309422,1
0.130682,0.153078,0.0216157,1
0.187167,1.46697e-05,0.049327,1
0.149953,0.175145,0.00182216,1
0.11587,0.0829076,0.103836,1
0.114723,0.0848206,0.101791,1
0.187269,0.161487,0.00411347,1
0.198852,0.0548744,0.105398,1
0.215255,0.0442276,0.0760538,1
0.119081,0.185639,0.0620121,1
0.134026,0.0857776,0.0639258,1
0.107205,0.157622,0.103659,1
0.210285,0.0714855,0.0770367,1
0.200165,0.121483,0.0931811,1
0.195566,0.0573621,0.0354016,1
0.116319,0.192705,0.0198888,1
0.207607,0.214383,0.08843,1
0.125056,0.0393112,0.000727059,1
0.171937,0.177185,0.0909414,1
0.214711,0.127725,0.071519,1
0.219937,0.0784361,0.0401245,1
0.183757,0.127886,0.0985203,1
0.119422,0.13037,0.0659757,1
0.112128,0.16627,0.0170868,1
0.161571,0.19709,0.089554,1
0.172166,0.221128,0.0518416,1
0.185418,0.119295,0.023754,1
0.119005,0.0155758,0.0461857,1
0.179228,0.103349,0.0527718,1
0.155998,0.13038,0.0530854,1
0.10722,0.160137,0.0996217,1
0.154057,0.0390651,0.0687863,1
0.1195,0.0883709,0.104469,1
0.118967,0.0850166,0.10206,1
0.16104,0.0976321,0.0949273,1
0.182637,0.0534768,0.0231079,1
0.223812,0.171832,0.0887727,1
0.138622,0.102221,0.00672543,1
0.219182,0.203087,0.0599994,1
0.207046,0.0345438,0.00862403,1
0.217676,0.0930137,0.0873349,1
0.155876,0.0566729,0.103476,1
0.218782,0.115623,0.0239961,1
0.146783,0.0811231,0.0202767,1
0.179113,0.207149,0.0120992,1
0.163832,0.00628747,0.0222334,1
0.180231,0.093724,0.00965776,1
0.163962,0.0357544,0.0576662,1
0.126388,0.155969,0.0751095,1
0.203509,0.00620648,0.061379,1
0.199535,0.14554,0.0419499,1
0.199435,0.122776,0.0513788,1
0.106384,0.155633,0.104567,1
0.110381,0.063033,0.0697732,1
0.158598,0.137757,0.103993,1
0.1106,0.0311508,0.0662538,1
0.119069,0.0782091,0.0225236,1
0.162414,0.19117,0.00781926,1
0.183903,0.0358614,0.0151889,1
0.216322,0.0975534,0.00691575,1
0.182622,0.116013,0.00967324,1
0.170165,0.0316846,0.0383315,1
0.114673,0.107755,0.0697439,1
0.154196,0.194615,0.0958361,1
0.108607,0.15175,0.10512,1
0.20763,0.107364,0.0677949,1
0.109575,0.159232,0.101033,1
0.111757,0.0612007,0.0623425,1
0.184692,0.205493,0.100328,1
0.108521,0.150344,0.102931,1
0.107875,0.15349,0.105422,1
0.13202,0.139956,0.0884289,1
0.108701,0.142999,0.102049,1
0.109606,0.146077,0.101967,1
0.106281,0.146705,0.105088,1
0.106621,0.149937,0.104194,1
0.108869,0.0709043,0.10584,1
0.102135,0.155754,0.102457,2
0.100339,0.150762,0.103526,2
0.0623012,0.103573,0.0624964,2
0.030414,0.141789,0.00728593,2
0.0625738,0.195002,0.0702194,2
0.082273,0.122599,0.0151036,2
0.0261587,0.138317,0.00222042,2
0.0185598,0.11644,0.0333421,2
0.0984344,0.148298,0.104041,2
0.0148341,0.135244,0.00774665,2
0.025141,0.0540265,0.0293883,2
0.0740422,0.0131948,0.0496636,2
0.0397798,0.221441,0.0273678,2
0.0100455,0.138596,0.0826143,2
0.088669,0.150751,0.0557092,2
0.0842388,0.175999,0.0155772,2
0.103336,0.151522,0.104347,2
0.105178,0.158345,0.105282,2
0.0150054,0.0987282,0.0448511,2
0.0857823,0.172449,0.0297889,2
0.0678854,0.184589,0.102566,2
0.0569867,0.0675815,0.0132513,2
0.10577,0.146289,0.105197,2
0.0954351,0.0127189,0.078785,2
0.0714148,0.110251,0.0645136,2
0.0577398,0.137823,0.0571325,2
0.0813983,0.0114868,0.10413,2
0.0249017,0.211145,0.0374467,2
0.000139437,0.187889,0.064189,2
0.0298062,0.130218,0.0767297,2
0.0512238,0.114388,0.0524359,2
0.0606271,0.223696,0.0826255,2
0.0864903,0.0746333,0.00970492,2
0.0712542,0.00544669,0.101136,2
0.0199503,0.0177093,0.0427104,2
0.104993,0.0152809,0.0926368,2
0.100647,0.15173,0.103501,2
0.0409205,0.219154,0.0589032,2
0.0169759,0.0428193,0.00881622,2
0.0432249,0.0521402,0.0346942,2
0.101715,0.152993,0.101229,2
0.103323,0.148451,0.103448,2
0.0525212,0.0432725,0.0921805,2
0.0168177,0.149737,0.0536388,2
0.0651326,0.184986,0.0395107,2
0.0722361,0.144518,0.0826617,2
0.0605999,0.176653,0.0473084,2
0.103456,0.157403,0.105384,2
0.0273586,0.219811,0.0340828,2
0.0564669,0.21696,0.0475561,2
0.0625947,0.208885,0.0744616,2
0.0717711,0.174045,0.105746,2
0.0105061,0.158543,0.0905769,2
0.049711,0.00278182,0.00333411,2
0.0867333,0.00162646,0.034992,2
0.103016,0.153197,0.102486,2
0.0484126,0.222274,0.032807,2
0.0805541,0.181373,0.0154008,2
0.0232815,0.0547736,0.0137481,2
0.104365,0.175104,0.0577814,2
0.0191737,0.141974,0.0589993,2
0.059964,0.106764,0.0310215,2
0.0632282,0.206895,0.0353489,2
0.021778,0.0859827,0.0747858,2
0.0405499,0.0633296,0.0508736,2
0.0542506,0.0101413,0.0721276,2
0.0190476,0.0273586,0.0725334,2
0.0658042,0.0837628,0.047533,2
0.0688837,0.0196844,0.0108018,2
0.101853,0.0258102,0.103947,2
0.103782,0.14984,0.104794,2
0.0477696,0.0706689,0.0237468,2
0.046321,0.0771229,0.0889179,2
0.0188632,0.186131,0.0332151,2
0.0672901,0.167814,0.0379889,2
0.0900179,0.0409608,0.0542612,2
0.0500949,0.125824,0.040462,2
0.0724778,0.152398,0.0501868,2
0.0578277,0.215105,0.0521464,2
0.0190337,0.108597,0.0543052,2
0.0300348,0.0510444,0.0800268,2
0.0457267,0.217216,0.0322053,2
0.0511854,0.0825723,0.0269224,2
0.0685536,0.0256188,0.0636415,2
0.0548996,0.024944,0.0471692,2
0.0695936,0.0432038,0.00866547,2
0.0197391,0.218391,0.0755729,2
0.0822164,0.14871,0.0301233,2
0.0478408,0.216949,0.0705961,2
0.0968989,0.190631,0.0444012,2
0.0879433,0.0978297,0.0955194,2
0.0728518,0.0583915,0.0761784,2
0.104396,0.152009,0.0991103,2
0.000600673,0.155508,0.0791683,2
0.0402213,0.186799,0.0138469,2
0.053435,0.112672,0.0527062,2
0.0905789,0.18135,0.00021244,2
0.0513344,0.0319845,0.0625476,2
0.0209294,0.218846,0.078806,2
0.104155,0.150825,0.104433,2
0.0823485,0.136023,0.0234309,2
0.103652,0.154476,0.102228,2
0.00375377,0.0224718,0.0205289,2
0.00376777,0.0731237,0.0856866,2
0.105261,0.152925,0.101018,2
0.0859797,0.189905,0.00119141,2
0.00655101,0.155465,0.0308038,2
0.0750747,0.0446071,0.0878159,2
0.0257259,0.0666183,0.00419033,2
0.057239,0.0361497,0.052766,2
0.0270749,0.145127,0.0421673,2
0.0118324,0.121419,0.0233146,2
0.0634217,0.0287203,0.0826889,2
0.105408,0.153303,0.104377,2
0.100195,0.0801045,0.0474421,2
0.0124818,0.00362102,0.0733196,2
0.102713,0.154427,0.104579,2
0.104781,0.160333,0.104013,2
0.103564,0.155838,0.105572,2
0.103909,0.154331,0.103534,2
0.103769,0.148666,0.105481,2
0.106104,0.152468,0.0975569,2
0.0324532,0.181522,0.105788,2
0.174398,0.046858,0.12861,3
0.173887,0.185384,0.126062,3
0.137117,0.162495,0.20477,3
0.198531,0.120405,0.138982,3
0.181754,0.179971,0.212928,3
0.121312,0.0950244,0.122469,3
0.13516,0.152409,0.209648,3
0.218506,0.0717778,0.210076,3
0.194623,0.187059,0.20281,3
0.193049,0.157879,0.172466,3
0.166954,0.171276,0.198918,3
0.192349,0.102881,0.142831,3
0.166445,0.123043,0.116117,3
0.188623,0.193694,0.150732,3
0.16725,0.17449,0.152323,3
0.153642,0.152956,0.209351,3
0.12384,0.144237,0.192048,3
0.18289,0.120254,0.156096,3
0.142403,0.0922615,0.120939,3
0.211363,0.215089,0.113271,3
0.205491,0.0475693,0.116081,3
0.160779,0.0982446,0.136282,3
0.150076,0.188317,0.18345,3
0.223241,0.0807101,0.200948,3
0.162046,0.157559,0.109593,3
0.184817,0.135616,0.200967,3
0.188221,0.112855,0.174943,3
0.198994,0.0820552,0.174301,3
0.1883,0.171302,0.213087,3
0.138469,0.00563743,0.202932,3
0.21829,0.175609,0.111712,3
0.14052,0.00755843,0.127836,3
0.131902,0.145649,0.14851,3
0.152,0.167266,0.171448,3
0.172612,0.204663,0.141507,3
0.208667,0.217566,0.217084,3
0.144176,0.126618,0.142667,3
0.171526,0.0842756,0.173319,3
0.176458,0.00907839,0.155626,3
0.14544,0.182822,0.199562,3
0.179958,0.154124,0.175774,3
0.119175,0.175186,0.137283,3
0.119386,0.181392,0.170415,3
0.224864,0.0506525,0.125016,3
0.124902,0.18849,0.129065,3
0.137574,0.179546,0.146677,3
0.188301,0.200386,0.183645,3
0.136759,0.127527,0.222005,3
0.188978,0.0816779,0.159543,3
0.219545,0.105318,0.196272,3
0.11999,0.114308,0.127849,3
0.147079,0.0778861,0.210885,3
0.170365,0.105845,0.11431,3
0.173341,0.217034,0.20173,3
0.151112,0.113313,0.172291,3
0.196132,0.183577,0.19883,3
0.214352,0.121332,0.21984,3
0.196993,0.137972,0.131254,3
0.150337,0.0516366,0.211379,3
0.140153,0.208028,0.177474,3
0.175986,0.21582,0.165868,3
0.216919,0.0425595,0.124929,3
0.221569,0.121884,0.173349,3
0.14838,0.120257,0.106029,3
0.145115,0.223686,0.149965,3
0.17221,0.14471,0.143847,3
0.151998,0.163092,0.115374,3
0.124285,0.216436,0.12361,3
0.143219,0.0821817,0.222189,3
0.221793,0.119768,0.157766,3
0.168365,0.00807528,0.132983,3
0.120167,0.0114555,0.181323,3
0.11313,0.19514,0.216586,3
0.128655,0.0432445,0.145293,3
0.129544,0.173919,0.133518,3
0.113962,0.200694,0.158643,3
0.152458,0.00575113,0.14545,3
0.176917,0.0722761,0.194429,3
0.219476,0.200045,0.129648,3
0.174315,0.0378067,0.170602,3
0.114708,0.195488,0.145697,3
0.208316,0.120306,0.212644,3
0.113833,0.0240546,0.209431,3
0.123507,0.187105,0.149622,3
0.157116,0.0703236,0.109876,3
0.1787,0.0480768,0.169065,3
0.202062,0.20821,0.136566,3
0.156791,0.0257738,0.172829,3
0.181805,0.136467,0.197747,3
0.174913,0.146663,0.172761,3
0.179391,0.0270225,0.218883,3
0.135019,0.195559,0.180378,3
0.162775,0.130308,0.186916,3
0.132116,0.161032,0.114086,3
0.18428,0.201142,0.172122,3
0.133374,0.130545,0.195628,3
0.222918,0.201817,0.121836,3
0.120294,0.0772268,0.19529,3
0.15068,0.221745,0.218188,3
0.113933,0.140801,0.209892,3
0.133454,0.117983,0.193395,3
0.194986,0.158232,0.132647,3
0.209361,0.052599,0.165777,3
0.143969,0.0111053,0.149735,3
0.158075,0.00967353,0.203758,3
0.187673,0.142361,0.136537,3
0.189091,0.206049,0.174591,3
0.212616,0.0975443,0.161656,3
0.155587,0.220756,0.220936,3
0.175975,0.00900569,0.166242,3
0.140989,0.00866733,0.18052,3
0.191272,0.0507311,0.178906,3
0.224067,0.128732,0.186046,3
0.208938,0.0447937,0.167484,3
0.18313,0.10972,0.127225,3
0.114855,0.0948707,0.165527,3
0.174116,0.0256561,0.168267,3
0.19391,0.0982073,0.165023,3
0.134084,0.0389208,0.123217,3
0.175253,0.0464131,0.115417,3
0.218758,0.0706436,0.108838,3
0.113266,0.0539621,0.180827,3
