x coord,y coord,z coord,rank
0.115683,0.157903,0.177177,0
0.10639,0.214417,0.119097,0
0.104073,0.143769,0.099045,0
0.127699,0.221882,0.0664592,0
0.104239,0.140974,0.103524,0
0.184664,0.163367,0.0495864,0
0.104245,0.141405,0.0973184,0
0.139738,0.133557,0.0502111,0
0.125714,0.197401,0.139277,0
0.132888,0.220254,0.0981358,0
0.104629,0.138625,0.101167,0
0.106355,0.134697,0.100017,0
0.115676,0.155462,0.214838,0
0.10381,0.140282,0.0985404,0
0.121581,0.127733,0.0294238,0
0.102874,0.133506,0.106579,0
0.194013,0.19048,0.0548211,0
0.120411,0.153787,0.00678095,0
0.103435,0.138186,0.101063,0
0.108325,0.218918,0.176921,0
0.102562,0.135863,0.10289,0
0.211445,0.177389,0.21367,0
0.118583,0.19607,0.0974081,0
0.206047,0.169677,0.095243,0
0.176295,0.158921,0.0930626,0
0.162008,0.213205,0.210924,0
0.113117,0.188278,0.0495244,0
0.112833,0.168652,0.181026,0
0.217671,0.113539,0.153399,0
0.123223,0.193318,0.163712,0
0.203013,0.224376,0.0628406,0
0.150224,0.208055,0.0336264,0
0.104343,0.135128,0.100437,0
0.20005,0.156896,0.0176977,0
0.104984,0.140786,0.104977,0
0.224033,0.180495,0.116178,0
0.216481,0.146201,0.0380165,0
0.174224,0.182044,0.0309424,0
0.129549,0.153008,0.174821,0
0.190573,0.175197,0.187146,0
0.16643,0.117257,0.151706,0
0.19796,0.164022,0.0223385,0
0.127309,0.177504,0.182445,0
0.189617,0.172789,0.18107,0
0.200519,0.148707,0.194306,0
0.176164,0.133809,0.146731,0
0.130244,0.188087,0.0605488,0
0.120929,0.224852,0.185795,0
0.210236,0.127411,0.0611839,0
0.171136,0.147017,0.214293,0
0.213726,0.220191,0.146253,0
0.193493,0.191503,0.0644266,0
0.104217,0.177928,0.00394524,0
0.171634,0.14321,0.128231,0
0.159237,0.17418,0.0222558,0
0.126111,0.164255,0.124187,0
0.188165,0.184106,0.129321,0
0.162291,0.209611,0.0800863,0
0.19451,0.126326,0.173913,0
0.105276,0.161025,0.047518,0
0.137351,0.206314,0.0771863,0
0.198945,0.172353,0.0723719,0
0.188512,0.124936,0.218115,0
0.1669,0.131064,0.150301,0
0.163203,0.167893,0.184712,0
0.161937,0.203725,0.0772462,0
0.140138,0.124195,0.0795324,0
0.139776,0.139357,0.161976,0
0.155547,0.161665,0.176257,0
0.198689,0.155754,0.0509137,0
0.199825,0.136199,0.144254,0
0.105766,0.137159,0.107699,0
0.201223,0.190094,0.0309773,0
0.145759,0.11509,0.162833,0
0.124947,0.188424,0.202482,0
0.185027,0.168095,0.144764,0
0.176965,0.207137,0.174076,0
0.142762,0.207183,0.0379808,0
0.136679,0.156466,0.106128,0
0.211831,0.179854,0.0238985,0
0.103883,0.142168,0.104883,0
0.105774,0.139753,0.101186,0
0.205463,0.153652,0.189625,0
0.180481,0.218073,0.151444,0
0.125334,0.186542,0.204291,0
0.153126,0.155175,0.204903,0
0.206833,0.183108,0.0697362,0
0.106046,0.135389,0.10045,0
0.18494,0.171444,0.208699,0
0.120004,0.120307,0.102426,0
0.113338,0.169415,0.0804057,0
0.150506,0.199097,0.0996987,0
0.208542,0.222802,0.121919,0
0.215661,0.210512,0.0141456,0
0.211449,0.114095,0.0719885,0
0.103815,0.143778,0.103652,0
0.189156,0.191853,0.179499,0
0.215274,0.152414,0.0128592,0
0.202898,0.150423,0.181708,0
0.172013,0.159295,0.0897704,0
0.174635,0.160397,0.108648,0
0.112994,0.223686,0.177983,0
0.180207,0.186871,0.143902,0
0.19968,0.161322,0.0147491,0
0.22388,0.202913,0.0103631,0
0.158322,0.141195,0.218578,0
0.13221,0.17691,0.0360144,0
0.111916,0.176155,0.141825,0
0.123584,0.115768,0.0484446,0
0.104162,0.135757,0.107524,0
0.106129,0.144633,0.0968537,0
0.197221,0.14114,0.213193,0
0.152029,0.1459,0.129259,0
0.130025,0.156982,0.121457,0
0.11202,0.209089,0.205089,0
0.157329,0.117576,0.160675,0
0.103191,0.136377,0.0998743,0
0.102795,0.138866,0.103687,0
0.213066,0.0399328,0.159874,1
0.107032,0.110956,0.118605,1
0.143439,0.0513992,0.192797,1
0.113124,0.0065975,0.138509,1
0.13339,0.0233437,0.0374916,1
0.138703,0.0554961,0.155151,1
0.206882,0.0013406,0.159598,1
0.137608,0.0254842,0.118055,1
0.205948,0.0868261,0.127806,1
0.115936,0.000718097,0.186833,1
0.208098,0.0346274,0.053239,1
0.224411,0.0566045,0.0279388,1
0.151251,0.0635773,0.192839,1
0.148274,0.0304881,0.18397,1
0.190351,0.0147673,0.0174402,1
0.116046,0.0360213,0.0320122,1
0.183781,0.0623514,0.180631,1
0.18262,0.0713948,0.199643,1
0.153412,0.0567585,0.122022,1
0.146561,0.0984473,0.144471,1
0.181325,0.0524426,0.036468,1
0.141189,0.0162773,0.0689708,1
0.144715,0.10182,0.074841,1
0.17129,0.0709254,0.0512982,1
0.214163,0.0423496,0.139101,1
0.200447,0.111965,0.218744,1
0.19878,0.0410713,0.177567,1
0.116007,0.112001,0.124869,1
0.224887,0.0468332,0.053721,1
0.165202,0.107478,0.0958901,1
0.105641,0.0581589,0.175084,1
0.18515,0.0202264,0.0454083,1
0.131095,0.0539379,0.033688,1
0.139106,0.083155,0.203599,1
0.164831,0.0531843,0.155781,1
0.180041,0.0624417,0.20962,1
0.190387,0.00271359,0.15313,1
0.138968,0.0551188,0.192355,1
0.169346,0.03116,0.104889,1
0.18995,0.0855,0.0598336,1
0.106639,0.0708418,0.00829036,1
0.18491,0.0434703,0.00993546,1
0.178043,0.0127501,0.108995,1
0.205362,0.0913324,0.119028,1
0.164194,0.0909325,0.128046,1
0.136129,0.0647546,0.0654618,1
0.131504,0.0619695,0.0704046,1
0.167868,0.0567822,0.0591415,1
0.119818,0.0933343,0.112552,1
0.201811,0.101092,0.146727,1
0.118041,0.0328306,0.180172,1
0.122986,0.0322815,0.0495595,1
0.211914,0.0671717,0.157611,1
0.18349,0.0952838,0.0244417,1
0.148749,0.0703209,0.207004,1
0.221188,0.0477245,0.0516531,1
0.137198,0.0342667,0.161022,1
0.175319,0.0787863,0.0709629,1
0.192631,0.0636272,0.0247516,1
0.206451,0.0974728,0.201471,1
0.211549,0.0515215,0.162967,1
0.160232,0.0610204,0.0138987,1
0.12082,0.0122078,0.218517,1
0.137166,0.0577177,0.195147,1
0.126997,0.0821547,0.143508,1
0.188849,0.1119,0.0137125,1
0.198169,0.0632004,0.0737025,1
0.201169,0.100935,0.143479,1
0.170048,0.046391,0.160536,1
0.16344,0.0357126,0.100757,1
0.163526,0.101366,0.0853252,1
0.13602,0.0180646,0.181468,1
0.149004,0.0333541,0.213962,1
0.132417,0.0812422,0.197759,1
0.198322,0.054969,0.0444641,1
0.140618,0.0927889,0.0155565,1
0.141162,0.0951638,0.0124562,1
0.186545,0.102862,0.0464642,1
0.166117,0.0432096,0.173623,1
0.195741,0.0693691,0.0429047,1
0.129813,0.084033,0.108849,1
0.21003,0.0912596,0.131142,1
0.212374,0.0301972,0.0932481,1
0.21815,0.0649776,0.156544,1
0.181292,0.0937929,0.0660278,1
0.205996,0.086295,0.012954,1
0.129942,0.0475944,0.0327869,1
0.211235,0.0303273,0.0330038,1
0.10944,0.0426489,0.169097,1
0.172664,0.0806923,0.00956923,1
0.156529,0.0341732,0.0742859,1
0.205393,0.0617484,0.161799,1
0.224435,0.0535954,0.18454,1
0.126471,0.0926808,0.136556,1
0.182807,0.0513996,0.034079,1
0.148412,0.0551541,0.108272,1
0.161864,0.073385,0.0513983,1
0.15926,0.0570081,0.0626271,1
0.110162,0.0904715,0.153524,1
0.164607,0.0656326,0.113004,1
0.133384,0.0212579,0.0981963,1
0.175248,0.0486893,0.144146,1
0.212919,0.0905971,0.0831075,1
0.195819,0.0573049,0.197148,1
0.136518,0.0949517,0.0145007,1
0.206623,0.00293508,0.0616067,1
0.169949,0.00286693,0.134547,1
0.170727,0.0723431,0.21343,1
0.15382,0.0216295,0.187145,1
0.136815,0.0935642,0.0118235,1
0.129594,0.107653,0.110237,1
0.162708,0.104213,0.215172,1
0.221595,0.0217237,0.141112,1
0.190608,0.0414663,0.17311,1
0.118893,0.076383,0.022173,1
0.160879,0.0307429,0.0123618,1
0.154809,0.052544,0.0680144,1
0.181254,0.0629008,0.205356,1
0.183992,0.0408537,0.146467,1
0.133258,0.0611522,0.107689,1
0.172934,0.00424157,0.101557,1
0.20458,0.0942141,0.00185037,1
0.203415,0.0765117,0.130353,1
0.204986,0.0790478,0.0498253,1
0.103975,0.110563,0.171276,1
0.177115,0.10778,0.222282,1
0.101708,0.136845,0.103485,2
0.0985938,0.162322,0.00898891,2
0.0923601,0.200853,0.107195,2
0.0993245,0.139365,0.101475,2
0.101765,0.136311,0.0996561,2
0.0360802,0.202442,0.0515397,2
0.101401,0.138399,0.0986142,2
0.0837626,0.158265,0.133056,2
0.0237298,0.187096,0.0970491,2
0.0556327,0.165428,0.00186694,2
0.101131,0.142103,0.100768,2
0.10003,0.141991,0.105968,2
0.101065,0.136399,0.104108,2
0.102094,0.139471,0.104745,2
0.0988562,0.136617,0.104015,2
0.0602104,0.214522,0.0940402,2
0.0900977,0.152688,0.133218,2
0.0503196,0.166022,0.0964619,2
0.0982423,0.177478,0.0891946,2
0.0417418,0.174294,0.107707,2
0.100523,0.134159,0.0996568,2
0.0364833,0.166572,0.200745,2
0.0989412,0.13893,0.0952942,2
0.0115634,0.148751,0.143688,2
0.101085,0.139453,0.0939743,2
0.0312213,0.140041,0.0924464,2
0.0207486,0.133395,0.215298,2
0.0659389,0.205632,0.0774641,2
0.0711493,0.212636,0.129719,2
0.0626353,0.157869,0.174013,2
0.100393,0.197404,0.125462,2
0.0991503,0.141987,0.0953613,2
0.097379,0.144693,0.102074,2
0.0894795,0.20659,0.12699,2
0.0677004,0.221175,0.134767,2
0.00236258,0.219788,0.0518399,2
0.101832,0.138352,0.103996,2
0.0338798,0.20613,0.0282218,2
0.100125,0.138979,0.094943,2
0.0355443,0.149553,0.174944,2
0.0526673,0.140499,0.158082,2
0.0773312,0.215773,0.166396,2
0.096024,0.180066,0.0795926,2
0.0432542,0.177484,0.106181,2
0.100013,0.134857,0.09779,2
0.0638407,0.170785,0.102678,2
0.0397164,0.168138,0.0611265,2
0.099651,0.144398,0.102346,2
0.0719885,0.170834,0.051057,2
0.0747149,0.200166,0.075884,2
0.00370903,0.191244,0.0481773,2
0.0135463,0.154088,0.0775552,2
0.0067246,0.180668,0.144245,2
0.0627548,0.223197,0.0211667,2
0.0986872,0.136882,0.103661,2
0.101124,0.139343,0.103339,2
0.0893651,0.190422,0.0214078,2
0.0562493,0.198999,0.209646,2
0.0137126,0.187078,0.0213587,2
0.0621923,0.139922,0.112454,2
0.0302363,0.183085,0.114463,2
0.096493,0.133596,0.0800797,2
0.0989649,0.137412,0.0985913,2
0.0967596,0.135756,0.106635,2
0.099461,0.224259,0.139589,2
0.0558438,0.166542,0.212718,2
0.0572106,0.196024,0.184357,2
0.0124532,0.204414,0.0607639,2
0.102001,0.140102,0.102092,2
0.059312,0.218212,0.0978616,2
0.0272737,0.140484,0.192301,2
0.0916699,0.212278,0.128606,2
0.0632649,0.222154,0.139306,2
0.0969967,0.142996,0.102401,2
0.100067,0.142129,0.104633,2
0.0987795,0.144824,0.0979424,2
0.0989864,0.18387,0.164753,2
0.0915105,0.149762,0.138649,2
0.0264832,0.18044,0.152276,2
0.0992183,0.135312,0.0989964,2
0.014606,0.173713,0.108993,2
0.0771646,0.221449,0.0931609,2
0.0180904,0.188702,0.10069,2
0.0995849,0.221567,0.0829497,2
0.00773009,0.142468,0.216822,2
0.100749,0.138256,0.0999978,2
0.0164928,0.189216,0.102169,2
0.0984478,0.143696,0.102894,2
0.099193,0.133198,0.0802347,2
0.0465105,0.138604,0.00784929,2
0.0761537,0.149852,0.154354,2
0.0874705,0.200147,0.102348,2
0.0816534,0.2199,0.175555,2
0.10181,0.135705,0.102492,2
0.0481032,0.215331,0.0433789,2
0.0984673,0.145201,0.102968,2
0.056374,0.135526,0.195352,2
0.102458,0.134435,0.103848,2
0.100463,0.138125,0.10044,2
0.0349163,0.210094,0.16898,2
0.0741318,0.14939,0.154483,2
0.0259801,0.147993,0.0901509,2
0.0312796,0.183771,0.18148,2
0.100314,0.142178,0.100343,2
0.0172698,0.185432,0.105922,2
0.0803864,0.174198,0.177648,2
0.00927916,0.220548,0.17223,2
0.099426,0.142597,0.104323,2
0.00769187,0.21746,0.0785985,2
0.0957451,0.206674,0.130509,2
0.101572,0.139652,0.102465,2
0.00158614,0.212102,0.17113,2
0.0975887,0.1391,0.103655,2
0.0534396,0.147148,0.133879,2
0.0478981,0.158484,0.177725,2
0.0555057,0.155831,0.161347,2
0.0966737,0.141806,0.0989572,2
0.0997094,0.142192,0.0967326,2
0.03963,0.147324,0.106535,2
0.0597448,0.206617,0.193404,2
0.0952282,0.137924,0.102254,2
0.0940228,0.145329,0.110507,2
0.0988744,0.139581,0.10519,2
0.100133,0.144978,0.102408,2
0.0954799,0.172538,0.129342,2
0.0980753,0.139424,0.0975995,2
0.0955395,0.224147,0.131931,2
0.0946979,0.145,0.0970997,2
0.0989143,0.144423,0.0961584,2
0.0997538,0.139218,0.10414,2
0.102315,0.136003,0.100495,2
0.0487674,0.0890961,0.0936187,3
0.0961084,0.108582,0.123634,3
0.0772189,0.0260095,0.107102,3
0.0734704,0.0389484,0.0781982,3
0.0578924,0.0558653,0.00860135,3
0.0046524,0.0845768,0.0481011,3
0.0958207,0.11001,0.173605,3
0.00759308,0.0338813,0.0800293,3
0.0757669,0.050188,0.103796,3
0.0894334,0.0678071,0.165656,3
0.0629912,0.0837608,0.0360095,3
0.102544,0.0487587,0.166168,3
0.0807241,0.118452,0.0950882,3
0.0700971,0.0840383,0.190791,3
0.0899113,0.0905117,0.185568,3
0.0367908,0.0247549,0.0193811,3
0.0119783,0.0675861,0.160958,3
0.0461527,0.0603078,0.153578,3
0.082737,0.128472,0.00878387,3
0.0894198,0.0553204,0.0419842,3
0.0870919,0.00856656,0.0785221,3
0.0783691,0.0633537,0.190857,3
0.0175647,0.0941845,0.219737,3
0.0890691,0.00185044,0.0730708,3
0.0594775,0.106413,0.205787,3
0.0536816,0.0561166,0.125298,3
0.0610389,0.0280599,0.171746,3
0.101155,0.0482474,0.0174651,3
0.0399961,0.0747191,0.124795,3
0.00606114,0.127162,0.14547,3
0.0114203,0.0371897,0.0449312,3
0.00959484,0.10156,0.120841,3
0.0124581,0.0872644,0.186279,3
0.0385098,0.0907377,0.0840281,3
0.0333177,0.118528,0.00909619,3
0.0106527,0.0961545,0.223324,3
0.0610537,0.0837418,0.119499,3
0.0588766,0.0851136,0.109174,3
0.025602,0.0290865,0.0409405,3
0.0164145,0.116376,0.107761,3
0.0463101,0.0392556,0.219106,3
0.0361267,0.111975,0.112883,3
0.0571627,0.0184777,0.138861,3
0.0787686,0.127257,0.0466924,3
0.0466961,0.0350054,0.017165,3
0.0140857,0.0315785,0.0376894,3
0.0432599,0.00615556,0.182293,3
0.0508523,0.0591132,0.120705,3
0.0419491,0.0398878,0.116675,3
0.0079832,0.0653301,0.131164,3
0.097285,0.0805283,0.12073,3
0.0601828,0.0568111,0.122632,3
0.0539242,0.0568323,0.127643,3
0.0285247,0.0395138,0.19372,3
0.0154652,0.0881904,0.186155,3
0.055022,0.0600783,0.126166,3
0.0703976,0.0505588,0.161865,3
0.0584372,0.0637847,0.203751,3
0.00915186,0.084819,0.0721797,3
0.0283186,0.00918917,0.197761,3
0.00499925,0.0131332,0.126752,3
0.097329,0.0955088,0.0837964,3
0.089395,0.0506823,0.0623274,3
0.0707568,0.0993846,0.0744739,3
0.0173177,0.0889387,0.0549689,3
0.0545123,0.0946673,0.115796,3
0.0597331,0.113123,0.193663,3
0.0719524,0.124259,0.176408,3
0.0539326,0.0616435,0.124424,3
0.0730988,0.069718,0.160134,3
0.0623616,0.0883906,0.0382133,3
0.0845809,0.078616,0.1056,3
0.00339263,0.0575945,0.073045,3
0.00477191,0.10644,0.0137943,3
0.0964219,0.11746,0.0246542,3
0.00810829,0.0824723,0.166973,3
0.0798036,0.0610574,0.0831221,3
0.0946857,0.0938493,0.03119,3
0.0147626,0.0772624,0.0834143,3
0.0394753,0.0798008,0.0862986,3
0.0764927,0.0209487,0.0391988,3
0.0798718,0.0938222,0.00238811,3
0.075727,0.116475,0.101227,3
0.101612,0.035603,0.0650565,3
0.0025536,0.105989,0.109689,3
0.065827,0.112109,0.188628,3
0.0497268,0.0292519,0.135473,3
0.0332966,0.107847,0.159607,3
0.023065,0.075281,0.122812,3
0.0574303,0.0845443,0.119379,3
0.0167124,0.0734212,0.163155,3
0.0638916,0.00637776,0.100667,3
0.0355724,0.0116563,0.19379,3
0.0523308,0.0652557,0.124811,3
0.0957325,0.00958054,0.0223281,3
0.0160936,0.113839,0.0896038,3
0.0775416,0.0672011,0.199865,3
0.0489249,0.0356726,0.22496,3
0.0355335,0.0209146,0.0690171,3
0.0444885,0.114525,0.103552,3
0.00131995,0.0491619,0.146624,3
0.0982022,0.119872,0.107124,3
0.0951837,0.0250953,0.00414174,3
0.0560635,0.0443639,0.0937176,3
0.100449,0.12663,0.169995,3
0.0985846,0.0346094,0.193352,3
0.0226377,0.0185487,0.0263373,3
0.0570467,0.103299,0.162527,3
0.0333364,0.0805186,0.0512073,3
0.0483786,0.108372,0.10261,3
0.0965798,0.0970958,0.0814985,3
0.0132584,0.0861579,0.181956,3
0.0497261,0.130721,0.154437,3
0.0269321,0.0845913,0.0375941,3
0.0665572,0.114023,0.0314233,3
0.0810028,0.0300755,0.121629,3
0.0316583,0.0146237,0.110382,3
0.0116611,0.0299158,0.165429,3
0.0134318,0.00820951,0.169207,3
0.0455926,0.0661042,0.117502,3
0.0489784,0.100501,0.1389,3
0.0771106,0.00835766,0.224339,3
0.101731,0.105008,0.190011,3
0.0263533,0.130428,0.115914,3
0.100892,0.045253,0.152294,3
