x coord,y coord,z coord,rank
0.0985045,0.0696759,0.0955494,0
0.0574905,0.0952874,0.142244,0
0.124754,0.0897063,0.0883147,0
0.119108,0.000106791,0.205145,0
0.0497575,0.0425124,0.136426,0
0.02345,0.0322874,0.0741532,0
0.0610704,0.0964054,0.191416,0
0.0566923,0.0741535,0.190933,0
0.0970148,0.0644282,0.0853086,0
0.00965034,0.0462454,0.182306,0
0.0592566,0.07153,0.0710882,0
0.129704,0.0565099,0.160628,0
0.114787,0.0341295,0.0139382,0
0.112396,0.0926583,0.152421,0
0.0942164,0.0416199,0.0561099,0
0.0562458,0.017761,0.0286377,0
0.0328117,0.000216953,0.0225564,0
0.00737931,0.0999345,0.216128,0
0.062945,0.095502,0.0269637,0
0.0372097,0.00250127,0.0629503,0
0.05864,0.0114703,0.0445179,0
0.119114,0.0200974,0.199026,0
0.0245435,0.0928788,0.20305,0
0.00216589,0.0630031,0.159178,0
0.0936819,0.0325427,0.10861,0
0.021561,0.0626207,0.214882,0
0.00598364,0.0988181,0.0705865,0
0.125845,0.089297,0.151747,0
0.003573,0.020695,0.066381,0
0.0999929,0.0664576,0.143196,0
0.0130519,0.0804147,0.122197,0
0.0311664,0.0774958,0.160321,0
0.111214,0.0439118,0.160034,0
0.0063228,0.0914446,0.134354,0
0.0935074,0.0190827,0.192819,0
0.0535277,0.0154832,0.0673907,0
0.0706149,0.0322661,0.137416,0
0.000981398,0.0281306,0.0822416,0
0.0861566,0.0657413,0.182779,0
0.0978858,0.0825837,0.172078,0
0.132458,0.0899874,0.219001,0
0.0192171,0.0665848,0.2099,0
0.0452105,0.0963663,0.065163,0
0.00306887,0.0461976,0.089604,0
0.0911736,0.0399497,0.214724,0
0.104605,0.071975,0.182708,0
0.0618354,0.0589418,0.145146,0
0.121754,0.0815821,0.0505656,0
0.0561936,0.0408573,0.174376,0
0.0166974,0.000603549,0.217455,0
0.120747,0.0366843,0.0500588,0
0.129582,0.0206736,0.0224201,0
0.127374,0.0128229,0.0828018,0
0.100573,0.076458,0.156777,0
0.099998,0.100077,0.188201,0
0.078528,0.0918319,0.0886876,0
0.0166725,0.0671995,0.0486717,0
0.0829896,0.00019704,0.175971,0
0.11405,0.0168912,0.0264137,0
0.0346621,0.0403044,0.0788493,0
0.126196,0.0960852,0.191744,0
0.0904797,0.0715432,0.192232,0
0.118837,0.00517652,0.139723,0
0.12609,0.0012367,0.0638497,0
0.0315684,0.0414985,0.0275028,0
0.00496326,0.0784165,0.115358,0
0.0754079,0.0649667,0.18052,0
0.027854,0.0169125,0.0547951,0
0.00176254,0.0300483,0.163661,0
0.107503,0.0699216,0.145543,0
0.0583757,0.0130252,0.128285,0
0.102937,0.0855832,0.0312325,0
0.00662945,0.0595716,0.00169564,0
0.0787702,0.0683932,0.0558089,0
0.0546772,0.0581027,0.0168326,0
0.0867679,0.0476754,0.0219294,0
0.00787008,0.0760718,0.13898,0
0.00602305,0.0475634,0.152465,0
0.0911171,0.0768992,0.0408766,0
0.0525081,0.0448437,0.138584,0
0.130369,0.0790156,0.00387547,0
0.0565408,0.0774485,0.0637178,0
0.132318,0.0876127,0.108834,0
0.0674594,0.0819088,0.161172,0
0.118393,0.0139106,0.0738305,0
0.0801035,0.0475133,0.13,0
0.121262,0.0231575,0.00603968,0
0.0713604,0.0527583,0.167705,0
0.124495,0.0146998,0.185756,0
0.104885,0.0650737,0.0534665,0
0.122427,0.0657672,0.0169499,0
0.121475,0.0295007,0.201806,0
0.103371,0.0304438,0.0755346,0
0.0840282,0.0826832,0.179449,0
0.122413,0.0667906,0.129872,0
0.112837,0.0334763,0.0688816,0
0.0180414,0.0810563,0.0381144,0
0.0210335,0.0814559,0.024298,0
0.104516,0.0270454,0.113041,0
0.101366,0.0993358,0.207858,0
0.00891361,0.0503291,0.208137,0
0.130281,0.0902291,0.175597,0
0.115922,0.0683361,0.098038,0
0.0767571,0.0687212,0.203836,0
0.0494574,0.0897842,0.0995473,0
0.0559213,0.081071,0.196763,0
0.0823563,0.0421063,0.114706,0
0.0730965,0.0539733,0.121016,0
0.0480051,0.0828444,0.0200677,0
0.0823548,0.00483718,0.15353,0
0.0936324,0.0967978,0.13391,0
0.0906108,0.0160407,0.206196,0
0.0641979,0.00103777,0.14862,0
0.07711,0.000547856,0.182361,0
0.0766742,0.0676802,0.21055,0
0.0575847,0.100934,0.0395874,0
0.0367409,0.0888612,0.0189906,0
0.0747945,0.0783202,0.129946,0
0.104163,0.0294864,0.113885,0
0.0260885,0.072714,0.0989548,0
0.0996847,0.0585912,0.0971181,0
0.0796148,0.00208089,0.184295,0
0.0987865,0.0932653,0.221737,0
0.103829,0.10225,0.196005,0
0.0295514,0.103157,0.0635605,0
0.00596022,0.103217,0.0220863,0
0.178217,0.04348,0.109736,1
0.195791,0.0662077,0.0895474,1
0.178636,0.0552686,0.0268602,1
0.181461,0.0561064,0.0308944,1
0.157128,0.0661813,0.0347225,1
0.181286,0.0501098,0.0238406,1
0.222098,0.0823967,0.0574972,1
0.193285,0.084929,0.107419,1
0.177995,0.057191,0.0291367,1
0.213417,0.0881688,0.0286718,1
0.185099,0.0478939,0.022902,1
0.213791,0.0730297,0.0977226,1
0.159621,0.0115523,0.0777202,1
0.155924,0.0941869,0.0983637,1
0.184349,0.0603867,0.0217524,1
0.176487,0.0697596,0.0384375,1
0.164514,0.00474873,0.105162,1
0.166689,0.0167788,0.00790269,1
0.178918,0.0545595,0.0246116,1
0.180961,0.0564364,0.0273743,1
0.184823,0.0545573,0.0230678,1
0.146404,0.0966558,0.123831,1
0.156789,0.0922413,0.214672,1
0.198649,0.0336821,0.101191,1
0.197888,0.0699747,0.123715,1
0.199256,0.00866959,0.0288721,1
0.181908,0.0546361,0.0256991,1
0.206556,0.0353899,0.0772197,1
0.143596,0.0293814,0.125531,1
0.219677,0.0197414,0.163852,1
0.141935,0.0659039,0.122693,1
0.189182,0.0327333,0.106252,1
0.198305,0.0640673,0.128308,1
0.219584,0.0414237,0.19053,1
0.142546,0.0972906,0.122598,1
0.177395,0.0590356,0.0207233,1
0.167338,0.0480771,0.0760042,1
0.180568,0.0214213,0.0792407,1
0.180048,0.0662662,0.0939835,1
0.179535,0.03786,0.149872,1
0.183633,0.0484833,0.0242922,1
0.175257,0.0399024,0.163008,1
0.139626,0.0646898,0.144092,1
0.220384,0.0747218,0.196115,1
0.203151,0.0638013,0.20254,1
0.17702,0.0552785,0.0264776,1
0.217891,0.102534,0.0366953,1
0.17935,0.0529971,0.0274419,1
0.183786,0.0555236,0.0229654,1
0.1596,0.0413237,0.107454,1
0.215457,0.0648615,0.159588,1
0.14089,0.0501666,0.000924305,1
0.222122,0.0533671,0.0717714,1
0.218652,0.0773453,0.0822881,1
0.15147,0.00958063,0.0116662,1
0.184449,0.0567398,0.027227,1
0.202883,0.0587956,0.0799397,1
0.181331,0.0557518,0.0261755,1
0.18741,0.0589171,0.162444,1
0.158922,0.0582167,0.142141,1
0.195602,0.0927874,0.217436,1
0.159571,0.0745583,0.114443,1
0.178557,0.0584797,0.030456,1
0.180646,0.0564194,0.0281046,1
0.210402,0.0352864,0.145636,1
0.178201,0.0526826,0.0235016,1
0.203665,0.0910166,0.129295,1
0.204655,0.0681222,0.223084,1
0.183416,0.101054,0.097142,1
0.170369,0.00148475,0.191064,1
0.176297,0.0525382,0.0222901,1
0.184903,0.00869261,0.0399263,1
0.179037,0.055226,0.0285954,1
0.177304,0.0515166,0.095956,1
0.172672,0.0351794,0.219294,1
0.187661,0.0745766,0.0419392,1
0.183674,0.0569672,0.0220673,1
0.202704,0.0352289,0.179936,1
0.187986,0.0265036,0.1362,1
0.164192,0.0550915,0.153417,1
0.137065,0.0881031,0.00937419,1
0.161751,0.000318953,0.0263545,1
0.182542,0.0521037,0.024223,1
0.178174,0.0279553,0.137346,1
0.152492,0.0591893,0.0472472,1
0.18178,0.0514977,0.030544,1
0.184261,0.0578963,0.0273246,1
0.17547,0.00937172,0.178642,1
0.185868,0.058547,0.0311649,1
0.160389,0.0316183,0.220994,1
0.147009,0.00553103,0.128821,1
0.174021,0.0478452,0.00475194,1
0.177096,0.0546808,0.0251574,1
0.187562,0.0377572,0.17296,1
0.211944,0.0486717,0.048363,1
0.179967,0.0558774,0.0289603,1
0.187757,0.0764404,0.181765,1
0.18282,0.0537559,0.0198711,1
0.172602,0.0967439,0.130278,1
0.198575,0.055864,0.0079871,1
0.178308,0.05465,0.0273494,1
0.139271,0.0666509,0.126925,1
0.182148,0.0544097,0.0250426,1
0.1819,0.0552601,0.0221038,1
0.182586,0.0564651,0.0191133,1
0.187866,0.0826905,0.093044,1
0.182181,0.0595184,0.0246868,1
0.181993,0.0586917,0.0267824,1
0.17975,0.0588479,0.0260181,1
0.180839,0.0590001,0.0250529,1
0.166267,0.0340605,0.0344202,1
0.184006,0.054351,0.0205591,1
0.184753,0.0536542,0.025525,1
0.146831,0.0756446,0.163825,1
0.135204,0.0667906,0.0721347,1
0.17743,0.0577924,0.0274119,1
0.21454,0.0471605,0.0787618,1
0.152642,0.0567041,0.0110031,1
0.220943,0.0801537,0.224401,1
0.198118,0.0388994,0.0356839,1
0.153907,0.0264783,0.165698,1
0.184406,0.0659246,0.164149,1
0.180945,0.0679188,0.0960883,1
0.178888,0.0981164,0.012045,1
0.139822,0.0178493,0.218148,1
0.221277,0.102708,0.106871,1
0.144041,0.100526,0.079154,1
0.0603664,0.181154,0.0682305,2
0.0356227,0.162968,0.061331,2
0.111217,0.209354,0.00496089,2
0.0906311,0.205495,0.016393,2
0.107833,0.104084,0.0702119,2
0.0972622,0.124966,0.00489102,2
0.0646007,0.122514,0.101178,2
0.0732413,0.125963,0.161941,2
0.0930108,0.147291,0.0247704,2
0.0811167,0.21796,0.126294,2
0.113084,0.224047,0.0294077,2
0.0598382,0.12845,0.160563,2
0.0425581,0.213558,0.14092,2
0.033802,0.179137,0.06574,2
0.0822416,0.173641,0.044593,2
0.0631524,0.115764,0.180518,2
0.00851711,0.216109,0.0930249,2
0.104725,0.109401,0.0141788,2
0.0278483,0.131626,0.205581,2
0.0560944,0.109625,0.100059,2
0.0251972,0.10496,0.212068,2
0.0282359,0.212938,0.0613663,2
0.116705,0.1909,0.147263,2
0.0274335,0.11334,0.0685846,2
0.102297,0.112019,0.00352158,2
0.0394889,0.130234,0.126179,2
0.0643887,0.169067,0.189361,2
0.0514246,0.118296,0.0110921,2
0.0825528,0.125576,0.183156,2
0.102124,0.148038,0.160682,2
0.121985,0.15035,0.0816034,2
0.0201459,0.183928,0.0123268,2
0.030306,0.175671,0.222918,2
0.0348682,0.172545,0.12436,2
0.0280369,0.199356,0.197555,2
0.0438144,0.187175,0.03855,2
0.061362,0.122968,0.153441,2
0.038346,0.168533,0.00269538,2
0.0489352,0.172927,0.0946347,2
0.117202,0.222994,0.00498248,2
0.0699278,0.156623,0.161421,2
0.109516,0.169876,0.0430844,2
0.0904302,0.145044,0.0977194,2
0.0452358,0.189997,0.0750669,2
0.0338565,0.162079,0.016417,2
0.0145024,0.155085,0.0383359,2
0.0699209,0.149148,0.173926,2
0.0529565,0.197593,0.160395,2
0.064999,0.168744,0.14437,2
0.0949704,0.138909,0.0566578,2
0.0615106,0.111377,0.031034,2
0.00967367,0.115781,0.0721777,2
0.0882748,0.127572,0.0213022,2
0.0684946,0.215818,0.130744,2
0.0328179,0.176501,0.19698,2
0.102901,0.169819,0.179431,2
0.085947,0.223048,0.0207815,2
0.0437233,0.118712,0.0255986,2
0.0721439,0.177566,0.0969189,2
0.0699125,0.224639,0.153982,2
0.10327,0.112217,0.157288,2
0.114322,0.1583,0.101079,2
0.0322563,0.158846,0.019629,2
0.0610433,0.135523,0.135346,2
0.0453759,0.221482,0.0152628,2
0.0881544,0.129401,0.0586411,2
0.108329,0.172288,0.050519,2
0.0972686,0.188163,0.0380405,2
0.0516541,0.128415,0.163798,2
0.0211715,0.140985,0.21747,2
0.0713189,0.166989,0.102848,2
0.0301985,0.123697,0.186259,2
0.0551665,0.198368,0.0992601,2
0.0738823,0.133317,0.170879,2
0.0288018,0.205272,0.112369,2
0.096543,0.115348,0.156551,2
0.0628478,0.217761,0.166447,2
0.021032,0.105961,0.138993,2
0.000567116,0.210456,0.137734,2
0.0385143,0.181004,0.0355022,2
0.0558277,0.218047,0.114588,2
0.0760718,0.132517,0.0304739,2
0.0793056,0.19983,0.20321,2
0.0275806,0.118884,0.0799304,2
0.0392422,0.150629,0.0729799,2
0.0010644,0.146639,0.0596568,2
0.0513592,0.144475,0.18838,2
0.0500045,0.137107,0.130056,2
0.0996287,0.184037,0.0957296,2
0.0575507,0.164838,0.1869,2
0.0329149,0.147212,0.128811,2
0.0779859,0.199012,0.133468,2
0.099058,0.196505,0.0889721,2
0.0275497,0.206745,0.132975,2
0.0333954,0.11966,0.210445,2
0.0615241,0.22191,0.106965,2
0.0509569,0.174118,0.0589434,2
0.0848121,0.118912,0.146852,2
0.0731735,0.203387,0.181743,2
0.0377509,0.12043,0.00253482,2
0.0376986,0.180741,0.138046,2
0.0922669,0.171047,0.203981,2
0.0829194,0.196461,0.204557,2
0.119839,0.170302,0.097922,2
0.0125412,0.194712,0.12911,2
0.038756,0.138643,0.16033,2
0.119542,0.110891,0.136596,2
0.116673,0.11057,0.163344,2
0.0246639,0.137652,0.115538,2
0.0605054,0.173739,0.0493543,2
0.0746485,0.117963,0.0435042,2
0.0921202,0.113338,0.0204633,2
0.0883792,0.16262,0.123149,2
0.0347621,0.116836,0.0447949,2
0.11368,0.13589,0.0894793,2
0.0325738,0.140383,0.102868,2
0.110178,0.19698,0.0571409,2
0.042989,0.153343,0.014676,2
0.0137354,0.157651,0.0235231,2
0.00461118,0.111074,0.0306646,2
0.120324,0.106221,0.0102995,2
0.0827519,0.145792,0.0264175,2
0.11023,0.177966,0.0964635,2
0.0700615,0.106182,0.0832441,2
0.141346,0.110161,0.0973307,3
0.176108,0.11598,0.19695,3
0.210178,0.162463,0.0486292,3
0.127682,0.188531,0.0908809,3
0.2081,0.145944,0.0619792,3
0.147932,0.153702,0.0441794,3
0.160465,0.220113,0.0492331,3
0.182027,0.179256,0.159204,3
0.164935,0.124933,0.0567651,3
0.132108,0.175365,0.0751475,3
0.126536,0.197898,0.112103,3
0.217398,0.17116,0.15015,3
0.134438,0.139742,0.0752825,3
0.15801,0.11137,0.160674,3
0.144693,0.179702,0.122994,3
0.14126,0.180733,0.221264,3
0.127106,0.212454,0.208861,3
0.202435,0.109771,0.0323243,3
0.159419,0.152917,0.11818,3
0.217239,0.138857,0.0739206,3
0.203383,0.125476,0.0342813,3
0.188235,0.168934,0.215557,3
0.186956,0.116943,0.142443,3
0.189251,0.219216,0.128509,3
0.160443,0.103502,0.00427355,3
0.132268,0.15493,0.0912623,3
0.201764,0.136955,0.0236049,3
0.215211,0.145116,0.0342198,3
0.135168,0.197573,0.0572397,3
0.186834,0.22014,0.194346,3
0.193869,0.207272,0.0991637,3
0.165549,0.159038,0.00495536,3
0.153751,0.119876,0.175697,3
0.197192,0.175366,0.159965,3
0.1896,0.19964,0.0741,3
0.139426,0.130167,0.173526,3
0.222577,0.193615,0.148989,3
0.177394,0.176619,0.0769108,3
0.210153,0.174558,0.0408326,3
0.187189,0.201682,0.18001,3
0.18527,0.12203,0.0477976,3
0.177215,0.157232,0.0520304,3
0.183009,0.147273,0.0313645,3
0.166362,0.182528,0.0128546,3
0.177982,0.110449,0.0528077,3
0.127704,0.104181,0.148721,3
0.163351,0.136666,0.213708,3
0.174045,0.156919,0.107165,3
0.208255,0.220603,0.136862,3
0.218815,0.164042,0.19688,3
0.146477,0.194531,0.0233259,3
0.218395,0.18172,0.0414259,3
0.195895,0.127961,0.0517503,3
0.139987,0.139675,0.097366,3
0.144806,0.161711,0.0196914,3
0.177499,0.172728,0.117573,3
0.14139,0.206782,0.125327,3
0.175708,0.16558,0.0644587,3
0.130227,0.205287,0.114542,3
0.224293,0.149243,0.136952,3
0.162085,0.145691,0.0280405,3
0.150991,0.144838,0.186252,3
0.181727,0.196319,0.181286,3
0.219648,0.20687,0.0308317,3
0.168338,0.221618,0.160122,3
0.192702,0.140965,0.192961,3
0.216864,0.158812,0.187807,3
0.192947,0.171992,0.197407,3
0.213411,0.127544,0.00170734,3
0.20534,0.172515,0.176053,3
0.132395,0.200205,0.179831,3
0.198681,0.146681,0.110262,3
0.205654,0.11285,0.0131364,3
0.154073,0.201036,0.193272,3
0.221142,0.156105,0.0520635,3
0.149933,0.149638,0.214098,3
0.181518,0.188838,0.140873,3
0.205338,0.220348,0.186774,3
0.137095,0.196201,0.124117,3
0.144409,0.219258,0.0414383,3
0.157113,0.202634,0.202609,3
0.166175,0.187438,0.161955,3
0.178893,0.172692,0.0147567,3
0.180541,0.20762,0.0856432,3
0.157474,0.119281,0.147656,3
0.132254,0.182261,0.184411,3
0.137246,0.173186,0.194975,3
0.161503,0.113775,0.224458,3
0.213675,0.20538,0.213301,3
0.170074,0.213532,0.186104,3
0.179121,0.212455,0.166448,3
0.200038,0.210604,0.138156,3
0.146875,0.114513,0.135925,3
0.186101,0.122987,0.0878121,3
0.195583,0.162913,0.100262,3
0.142427,0.112076,0.101509,3
0.168186,0.150691,0.0975547,3
0.1574,0.165206,0.20659,3
0.136367,0.14574,0.0979821,3
0.214774,0.107457,0.200087,3
0.16603,0.206212,0.105785,3
0.155598,0.121868,0.0874132,3
0.161946,0.104017,0.216863,3
0.135104,0.117976,0.0855548,3
0.12673,0.178706,0.00133869,3
0.193103,0.106931,0.0433097,3
0.192588,0.193204,0.173143,3
0.213079,0.104329,0.200408,3
0.137058,0.108468,0.122066,3
0.126588,0.166305,0.135799,3
0.16667,0.14845,0.0916757,3
0.206292,0.182444,0.115851,3
0.189273,0.10812,0.0860756,3
0.210894,0.22197,0.132922,3
0.203396,0.172744,0.185716,3
0.186754,0.13013,0.177736,3
0.138926,0.149752,0.204292,3
0.156228,0.168611,0.0474345,3
0.196307,0.152979,0.124033,3
0.191034,0.104686,0.0880939,3
0.125556,0.177993,0.149608,3
0.201899,0.21155,0.103906,3
0.173171,0.170027,0.119718,3
