x coord,y coord,z coord,rank
0.14787,0.011385,0.195586,0
0.217394,0.0659045,0.0254598,0
0.140013,0.0146468,0.180585,0
0.166221,0.0183106,0.0156814,0
0.143133,0.0701978,0.00111632,0
0.207132,0.0793608,0.012594,0
0.18241,0.0510019,0.177468,0
0.224023,0.019439,0.0136837,0
0.196031,0.048714,0.173218,0
0.139775,0.0221239,0.00666259,0
0.219725,0.0727049,0.0265425,0
0.12062,0.0319609,0.0448206,0
0.142852,0.0731888,0.103224,0
0.177752,0.0495086,0.169951,0
0.222836,0.00242299,0.0626348,0
0.137174,0.05459,0.204931,0
0.218731,0.0426785,0.0130455,0
0.134611,0.0106261,0.047789,0
0.180463,0.0208437,0.104889,0
0.165548,0.0589507,0.208214,0
0.172257,0.00744254,0.154674,0
0.187606,0.0746759,0.0407075,0
0.178597,0.0518871,0.176239,0
0.222667,0.0571784,0.101946,0
0.221002,0.0574807,0.0456851,0
0.212119,0.078049,0.00719097,0
0.182284,0.0520704,0.173003,0
0.224514,0.0660458,0.0886237,0
0.220955,0.0744362,0.164357,0
0.149012,0.0521885,0.0719815,0
0.195637,0.0804614,0.0987703,0
0.215976,0.00161557,0.0486351,0
0.210368,0.0829402,0.223352,0
0.214808,0.0620753,0.114339,0
0.144145,0.0539598,0.0792114,0
0.178218,0.0535363,0.175069,0
0.161201,0.059501,0.108489,0
0.138172,0.0285875,0.146259,0
0.175848,0.0213763,0.213372,0
0.175921,0.0210128,0.219184,0
0.178093,0.0566024,0.172418,0
0.220292,0.00227457,0.159447,0
0.160345,0.00151888,0.0469172,0
0.157348,0.0333388,0.109938,0
0.18334,0.0541575,0.17279,0
0.197069,0.079529,0.15535,0
0.16493,0.0606154,0.0114602,0
0.182334,0.0520459,0.177424,0
0.149368,0.00816007,0.196482,0
0.187398,0.0280188,0.2178,0
0.181984,0.0546436,0.173065,0
0.148119,0.0362401,0.0379265,0
0.183171,0.053807,0.17557,0
0.182147,0.00996703,0.148509,0
0.183576,0.0545243,0.178322,0
0.220738,0.0769789,0.0554988,0
0.182145,0.0479786,0.173595,0
0.115781,0.0223875,0.197264,0
0.214347,0.0699326,0.192149,0
0.182015,0.0545014,0.175253,0
0.181762,0.0538163,0.175217,0
0.204958,0.0268536,0.182417,0
0.15569,0.0175491,0.212709,0
0.185285,0.0499551,0.174402,0
0.179577,0.0491385,0.17159,0
0.185843,0.0515878,0.170979,0
0.206617,0.0352486,0.109173,0
0.132991,0.0370579,0.049173,0
0.19899,0.00712259,0.134817,0
0.181644,0.055391,0.175866,0
0.192621,0.0420012,0.17636,0
0.180308,0.0479926,0.180606,0
0.168326,0.0697609,0.195081,0
0.181485,0.04807,0.178126,0
0.183608,0.052884,0.175178,0
0.136362,0.023264,0.0891789,0
0.193947,0.0460523,0.174229,0
0.177341,0.0510586,0.174594,0
0.185328,0.0505893,0.171369,0
0.221938,0.0714059,0.0274951,0
0.178431,0.0504914,0.17246,0
0.134502,0.00660562,0.0223006,0
0.183487,0.04881,0.176271,0
0.181113,0.0453055,0.175448,0
0.149821,0.0597931,0.0918759,0
0.177386,0.0525966,0.176811,0
0.177561,0.070182,0.185952,0
0.180196,0.0463987,0.173623,0
0.179466,0.0500313,0.1765,0
0.178674,0.0437181,0.176859,0
0.207676,0.000952085,0.179778,0
0.135603,0.0129687,0.0884945,0
0.191309,0.0436856,0.200111,0
0.214285,0.0540993,0.224487,0
0.177136,0.0533285,0.177087,0
0.17431,0.0787029,0.159349,0
0.181236,0.0503924,0.174861,0
0.157491,0.0783015,0.194368,0
0.205979,0.0710681,0.222142,0
0.180324,0.0488004,0.172387,0
0.183836,0.0495352,0.171426,0
0.18733,0.0492372,0.173376,0
0.203607,0.0226913,0.180674,0
0.194618,0.0788288,0.164493,0
0.185023,0.0506641,0.178124,0
0.199276,0.0142915,0.135097,0
0.156696,0.0219813,0.15661,0
0.133872,0.0328278,0.0687896,0
0.113317,0.0649069,0.214529,0
0.118616,0.0484803,0.0741754,0
0.195024,0.0811702,0.0935106,0
0.128599,0.0741637,0.0681453,0
0.121492,0.0152764,0.0503033,0
0.121109,0.0783697,0.0891657,0
0.113084,0.0058796,0.0216129,0
0.121937,0.0762989,0.019177,0
0.129849,0.0610169,0.104959,0
0.121925,0.0750743,0.120905,0
0.122146,0.01636,0.115424,0
0.120565,0.0424349,0.160949,0
0.124208,0.0491625,0.0838697,0
0.112875,0.0183979,0.192078,0
0.210436,0.0830275,0.147402,0
0.101811,0.178636,0.131237,1
0.077242,0.184209,0.126013,1
0.0207387,0.216018,0.219031,1
0.00187733,0.166515,0.0697205,1
0.0228563,0.212388,0.0331832,1
0.0822176,0.145409,0.106527,1
0.0348406,0.220676,0.151193,1
0.0845355,0.132335,0.112438,1
0.105491,0.130501,0.0291849,1
0.0281957,0.148589,0.12106,1
0.0734423,0.180216,0.216104,1
0.0557755,0.202555,0.172618,1
0.0827939,0.200134,0.204614,1
0.100484,0.157271,0.0826434,1
0.0818103,0.192101,0.219656,1
0.110978,0.211443,0.0224572,1
0.0158857,0.17866,0.162724,1
0.00868192,0.177144,0.209198,1
0.0446128,0.136655,0.0403261,1
0.0284294,0.18737,0.139206,1
0.0858307,0.137589,0.224113,1
0.0928355,0.198948,0.191786,1
0.000503099,0.131169,0.180679,1
0.0995344,0.200172,0.0133985,1
0.0132448,0.222501,0.0222409,1
0.0690926,0.13257,0.172934,1
0.0487494,0.143678,0.147489,1
0.0497674,0.209057,0.00394399,1
0.0561521,0.195251,0.090104,1
0.0343765,0.147703,0.16121,1
0.0615043,0.155739,0.0828939,1
0.0713255,0.203542,0.0531947,1
0.0998151,0.130485,0.0896551,1
0.024918,0.135957,0.15837,1
0.027624,0.137229,0.0362121,1
0.00563449,0.186468,0.197214,1
0.0655193,0.192814,0.0909524,1
0.0064656,0.188038,0.0972617,1
0.0107297,0.176239,0.0352072,1
0.0920528,0.181419,0.195925,1
0.0706835,0.203397,0.145679,1
0.0756024,0.175031,0.0764393,1
0.0133208,0.202788,0.0677819,1
0.0495921,0.135392,0.177575,1
0.0740673,0.141875,0.207449,1
0.0142316,0.204972,0.0380552,1
0.0135543,0.192524,0.114715,1
0.00291013,0.218682,0.169718,1
0.0519852,0.169481,0.199601,1
0.0746684,0.204368,0.032847,1
0.0878115,0.127999,0.188735,1
0.0167456,0.167117,0.0231007,1
0.0946938,0.167583,0.140754,1
0.0696274,0.200522,0.0505332,1
0.084377,0.155283,0.0821084,1
0.036066,0.135409,0.0269419,1
0.0103088,0.131632,0.123778,1
0.00508004,0.192898,0.122796,1
0.0109361,0.208092,0.122712,1
0.01524,0.195971,0.0847212,1
0.105787,0.178051,0.130576,1
0.082116,0.167602,0.069398,1
0.0191575,0.210714,0.0694103,1
0.0349302,0.143146,0.0712759,1
0.0272883,0.161125,0.0702729,1
0.0336638,0.184547,0.0794723,1
0.0264828,0.165546,0.0171071,1
0.0277518,0.20372,0.0515714,1
0.0392725,0.182864,0.00659871,1
0.0561741,0.170815,0.114725,1
0.0491979,0.181758,0.169089,1
0.0153993,0.137816,0.113315,1
0.0740723,0.135453,0.213296,1
0.0591026,0.18853,0.0472097,1
0.0379873,0.13037,0.219561,1
0.0637551,0.188755,0.107513,1
0.0904308,0.180394,0.19001,1
0.0833909,0.137863,0.168431,1
0.0521109,0.1602,0.169744,1
0.0909429,0.165367,0.00468247,1
0.00617929,0.1771,0.0345198,1
0.0917154,0.201333,0.188487,1
0.0529702,0.214943,0.0797416,1
0.00763626,0.207018,0.200258,1
0.0448667,0.159981,0.130951,1
0.000229362,0.146976,0.111248,1
0.0709599,0.220061,0.0667817,1
0.0699861,0.141112,0.0711133,1
0.0374992,0.15115,0.0488912,1
0.110698,0.181197,0.19537,1
0.0748167,0.199044,0.0911002,1
0.00821915,0.159227,0.0793722,1
0.080378,0.19382,0.0433686,1
0.0562068,0.143426,0.139168,1
0.0642639,0.176852,0.220416,1
0.0752851,0.152143,0.0754592,1
0.00963996,0.159927,0.16513,1
0.0961824,0.129515,0.0951898,1
0.0413949,0.201598,0.0877229,1
0.0637954,0.147502,0.196395,1
0.0630417,0.151555,0.106198,1
0.0364815,0.169293,0.128083,1
0.0390426,0.142457,0.0519491,1
0.00214874,0.161024,0.00517156,1
0.108231,0.223615,0.0597398,1
0.0305676,0.154714,0.0635308,1
0.0662211,0.146675,0.175344,1
0.0301134,0.172558,0.0369011,1
0.0295091,0.131807,0.217053,1
0.0440504,0.193463,0.081171,1
0.0575092,0.155556,0.14561,1
0.102861,0.183854,0.0477449,1
0.0392975,0.136512,0.21125,1
0.00834392,0.184277,0.166051,1
0.0990137,0.175592,0.138809,1
0.00480635,0.176521,0.0970331,1
0.0307223,0.190782,0.104614,1
0.0988988,0.16756,0.132031,1
0.0447084,0.136108,0.205739,1
0.112064,0.222051,0.148169,1
0.0789319,0.138022,0.140983,1
0.111837,0.222404,0.134228,1
0.0741345,0.0638522,0.219978,2
0.101696,0.0701402,0.187109,2
0.0489885,0.108747,0.164226,2
0.0447032,0.080849,0.224832,2
0.0679791,0.0664921,0.00154206,2
0.0989809,0.00599168,0.0108956,2
0.0919587,0.0319041,0.167732,2
0.0890463,0.0203002,0.0816466,2
0.0165801,0.0800268,0.118061,2
0.0358192,0.0502564,0.0798492,2
0.0480529,0.0317254,0.0884943,2
0.0812802,0.110901,0.0159078,2
0.00999409,0.0803013,0.119978,2
0.0947581,0.0137811,0.146249,2
0.0507993,0.0449148,0.188234,2
0.0191506,0.0418024,0.0314418,2
0.0416865,0.0819678,0.144544,2
0.00900365,0.0911798,0.130657,2
0.0527156,0.0702989,0.146835,2
0.0803038,0.0748749,0.105028,2
0.0464525,0.00754175,0.21608,2
0.00276958,0.0131557,0.138471,2
0.0570515,0.112283,0.199814,2
0.0100706,0.0822234,0.0263169,2
0.0794229,0.0387107,0.0674259,2
0.100176,0.0728293,0.143441,2
0.00346678,0.0717152,0.0355907,2
0.0346781,0.0491999,0.208215,2
0.100602,0.10265,0.0196193,2
0.0681927,0.059008,0.040074,2
0.103451,0.00599948,0.147328,2
0.000857569,0.0780198,0.164861,2
0.0118327,0.0484001,0.110631,2
0.108416,0.0753988,0.093639,2
0.0750522,0.0184347,0.1316,2
0.0294928,0.0237581,0.00856602,2
0.0491033,0.0768784,0.0919605,2
0.0557802,0.00503187,0.129071,2
0.0896152,0.0775936,0.179532,2
0.0963092,0.10937,0.18749,2
0.0445753,0.0372169,0.0463301,2
0.0203357,0.109184,0.177957,2
0.0203725,0.0673671,0.156603,2
0.105291,0.11731,0.180436,2
0.103599,0.00942942,0.132591,2
0.0441097,0.00446197,0.0341183,2
0.00638433,0.0825327,0.114159,2
0.0493101,0.0718673,0.15549,2
0.0893187,0.0964072,0.050019,2
0.0083788,0.0454415,0.00894777,2
0.00580579,0.0739917,0.0385229,2
0.0493279,0.0221389,0.00370485,2
0.00398731,0.0779446,0.117363,2
0.011233,0.107205,0.189785,2
0.0101322,0.0192704,0.133457,2
0.106796,0.0353998,0.0859791,2
0.0984215,0.00275167,0.10007,2
0.0920227,0.120094,0.119125,2
0.109191,0.0839014,0.042341,2
0.0827664,0.0121165,0.157376,2
0.0141459,0.121782,0.159174,2
0.0581152,0.0475798,0.170864,2
0.0366108,0.0140653,0.0810276,2
0.0458427,0.0655194,0.0386618,2
0.0494116,0.0163563,0.222316,2
0.0490541,0.0046521,0.220034,2
0.0646463,0.00164602,0.201445,2
0.0332346,0.0343722,0.0563798,2
0.0439341,0.0412892,0.177444,2
0.0595681,0.06623,0.171906,2
0.00912589,0.0611255,0.0599255,2
0.0898695,0.0662343,0.117235,2
0.0884948,0.01081,0.0912715,2
0.0805393,0.0097222,0.178198,2
0.000535512,0.118144,0.129185,2
0.00467733,0.123074,0.149169,2
0.0381573,0.0975283,0.0515595,2
0.0671649,0.121284,0.176301,2
0.0314098,0.106399,0.18158,2
0.106943,0.0649039,0.0381171,2
0.00261595,0.099688,0.0565806,2
0.0311844,0.0639372,0.0940834,2
0.0600129,0.108953,0.18025,2
0.0114196,0.0642152,0.000339818,2
0.0559214,0.12377,0.0381778,2
0.0843029,0.0734243,0.0563991,2
0.0464785,0.121785,0.100839,2
0.0452958,0.10088,0.0962563,2
0.00247135,0.0704095,0.00733326,2
0.0882708,0.117714,0.0862612,2
0.0174529,0.0657126,0.0419103,2
0.0917907,0.0935635,0.035607,2
0.107278,0.0967371,0.0440713,2
0.000662498,0.118041,0.217492,2
0.0398819,0.00139007,0.015535,2
0.0947267,0.110997,0.097077,2
0.104499,0.0231846,0.0749103,2
0.0123318,0.107331,0.024058,2
0.000194466,0.0821055,0.0547197,2
0.110764,0.0495945,0.0747368,2
0.0764593,0.100293,0.028375,2
0.083275,0.103088,0.0367276,2
0.0532593,0.119308,0.010971,2
0.023165,0.12169,0.0511854,2
0.0357518,0.105909,0.183207,2
0.0847246,0.0952276,0.0823605,2
0.0415917,0.0125416,0.0745501,2
0.0420705,0.105882,0.167542,2
0.0520418,0.119772,0.0494194,2
0.0383522,0.0964006,0.0308824,2
0.105881,0.104263,0.0143698,2
0.0916057,0.023733,0.052075,2
0.085517,0.0387322,0.0656026,2
0.0847029,0.00532999,0.021378,2
0.106376,0.104778,0.195172,2
0.0122493,0.0902481,0.126884,2
0.0846905,0.0386466,0.0137369,2
0.0989406,0.0931242,0.0374702,2
0.0488141,0.0722647,0.102335,2
0.0879489,0.0985722,0.119906,2
0.0688212,0.08694,0.0395325,2
0.0993626,0.102758,0.0249509,2
0.0205855,0.0678944,0.0199604,2
0.0374496,0.0959371,0.112251,2
0.107076,0.115822,0.123827,2
0.110568,0.0761149,0.223597,2
0.0574677,0.12525,0.111772,2
0.129841,0.0958959,0.215442,3
0.194106,0.0981307,0.196101,3
0.114379,0.089786,0.0130614,3
0.119819,0.09892,0.0301816,3
0.125931,0.0942969,0.154822,3
0.162467,0.100347,0.222858,3
0.128616,0.109225,0.22318,3
0.115653,0.0971925,0.150419,3
0.123579,0.0959598,0.0106419,3
0.112778,0.108019,0.14224,3
0.159935,0.192533,0.0224667,3
0.149927,0.138626,0.160318,3
0.179441,0.150633,0.0839994,3
0.138689,0.162977,0.136995,3
0.164336,0.164147,0.0249387,3
0.216282,0.103421,0.0720592,3
0.191999,0.145786,0.212,3
0.169106,0.132099,0.205589,3
0.127377,0.182939,0.0541779,3
0.187212,0.165534,0.0569588,3
0.208662,0.166066,0.165193,3
0.154877,0.152762,0.194835,3
0.135295,0.200423,0.123863,3
0.148224,0.150244,0.109991,3
0.214413,0.127117,0.167794,3
0.136588,0.199068,0.00628216,3
0.209716,0.143789,0.151206,3
0.213343,0.143052,0.0181217,3
0.202435,0.201825,0.108374,3
0.168551,0.0853039,0.0977109,3
0.193325,0.161078,0.20127,3
0.201264,0.222463,0.203436,3
0.189931,0.224828,0.222033,3
0.188139,0.219135,0.152105,3
0.217153,0.221381,0.13887,3
0.164654,0.163976,0.205831,3
0.19706,0.206588,0.13815,3
0.180564,0.106438,0.187395,3
0.129291,0.220924,0.197921,3
0.188433,0.132653,0.0266302,3
0.173201,0.177106,0.100916,3
0.200654,0.170395,0.181189,3
0.189472,0.136872,0.20416,3
0.202928,0.119437,0.160832,3
0.220772,0.199843,0.163913,3
0.140361,0.108613,0.0232666,3
0.118277,0.219963,0.124262,3
0.203824,0.13677,0.155603,3
0.163983,0.189782,0.201743,3
0.223129,0.131016,0.0919639,3
0.222974,0.201824,0.220533,3
0.221968,0.149881,0.103508,3
0.214404,0.161639,0.0798322,3
0.138256,0.203535,0.224202,3
0.20014,0.208077,0.151915,3
0.11335,0.192112,0.130455,3
0.182117,0.139031,0.140928,3
0.159313,0.184778,0.193801,3
0.150715,0.206279,0.0979594,3
0.218856,0.10308,0.161094,3
0.131194,0.106003,0.185589,3
0.215573,0.140517,0.0629783,3
0.173886,0.154357,0.0492017,3
0.132593,0.196556,0.224997,3
0.17317,0.129473,0.130519,3
0.134558,0.143665,0.00333859,3
0.131377,0.146187,0.136404,3
0.206959,0.0848633,0.122389,3
0.190835,0.202788,0.147964,3
0.208262,0.195372,0.0782373,3
0.148514,0.177445,0.175758,3
0.220092,0.210874,0.10224,3
0.166692,0.194355,0.0909384,3
0.224137,0.216137,0.154403,3
0.212166,0.193382,0.145536,3
0.143982,0.180054,0.0416088,3
0.208469,0.131346,0.00477814,3
0.123955,0.126382,0.195247,3
0.213624,0.202235,0.0771492,3
0.168305,0.202359,0.192103,3
0.18927,0.205681,0.174286,3
0.176866,0.216409,0.0164298,3
0.128779,0.12982,0.0727725,3
0.11487,0.134078,0.0931957,3
0.204192,0.108547,0.166793,3
0.16223,0.173681,0.197769,3
0.15622,0.0960606,0.0878999,3
0.213659,0.0887646,0.118592,3
0.207773,0.200436,0.209916,3
0.17852,0.137403,0.020653,3
0.127703,0.108924,0.0752161,3
0.17503,0.161285,0.0875763,3
0.138789,0.169564,0.121217,3
0.132723,0.191734,0.0132559,3
0.113095,0.171793,0.22421,3
0.217859,0.178987,0.0352677,3
0.208505,0.117771,0.091825,3
0.161246,0.137273,0.0305372,3
0.123971,0.130792,0.049534,3
0.122981,0.216323,0.20072,3
0.207825,0.145815,0.00178238,3
0.132266,0.14259,0.0898427,3
0.130079,0.156421,0.0548417,3
0.151943,0.195345,0.154254,3
0.175579,0.149542,0.0878014,3
0.174611,0.178894,0.0469519,3
0.216877,0.211446,0.109506,3
0.199867,0.0931009,0.158082,3
0.215844,0.210483,0.0286421,3
0.21028,0.172432,0.0459493,3
0.184977,0.155347,0.14518,3
0.214242,0.21432,0.0223809,3
0.115062,0.132996,0.0481189,3
0.118659,0.201959,0.214033,3
0.204318,0.109589,0.0876649,3
0.203682,0.126833,0.21417,3
0.190898,0.183168,0.126741,3
0.129863,0.0858358,0.161873,3
0.194993,0.223556,0.105285,3
0.113585,0.0854447,0.147111,3
0.128727,0.121144,0.217987,3
0.162951,0.110177,0.141594,3
0.20342,0.192555,0.0646461,3
0.122105,0.134413,0.113153,3
0.118436,0.134979,0.0696939,3
0.19133,0.0854522,0.206547,3
0.159817,0.085691,0.167568,3
0.115443,0.197242,0.141932,3
