x coord,y coord,z coord,rank
0.00447933,0.0572255,0.0801749,0
0.127419,0.0437062,0.0165391,0
0.203352,0.0200492,0.0446226,0
0.00803579,0.0112201,0.0651163,0
0.114829,0.00849179,0.0827947,0
0.0644085,0.0811355,0.0298552,0
0.153572,0.0849733,0.0853924,0
0.0631487,0.0427997,0.0305021,0
0.107018,0.0723436,0.0328215,0
0.176826,0.0711165,0.0857523,0
0.141388,0.0294506,0.0561339,0
0.177916,0.0224157,0.038722,0
0.172834,0.0444925,0.0114492,0
0.0476124,0.0781437,0.0327888,0
0.140058,0.0664919,0.0682631,0
0.170893,0.105429,0.021589,0
0.0767941,0.106172,0.0752606,0
0.0987623,0.105578,0.0391541,0
0.185845,0.0601482,0.000562992,0
0.0384153,0.0585172,0.0713825,0
0.163781,0.0212274,0.0503451,0
0.17013,0.0688543,0.0877733,0
0.216782,0.0693544,0.0378175,0
0.176719,0.0672172,0.0878105,0
0.13581,0.113059,0.0915148,0
0.173704,0.069273,0.0838225,0
0.0331667,0.017574,0.0122863,0
0.179002,0.0703542,0.0881763,0
0.224355,0.0372035,0.0824048,0
0.197765,0.0693091,0.0601231,0
0.173502,0.0676286,0.0868491,0
0.0423343,0.0303091,0.0368171,0
0.176941,0.0689455,0.0855287,0
0.0673116,0.010411,0.0162492,0
0.0231324,0.103415,0.0839937,0
0.0554791,0.0028638,0.0644255,0
0.0410825,0.0844434,0.0334066,0
0.19277,0.0853487,0.0685726,0
0.0178406,0.0175691,0.0262249,0
0.215936,0.0710011,0.0526895,0
0.0784051,0.0812637,0.0205681,0
0.137979,0.00808202,0.0906527,0
0.10048,0.071556,0.00719393,0
0.126288,0.109947,0.0100833,0
0.175449,0.069666,0.0924513,0
0.133523,0.104243,0.0480172,0
0.0309178,0.0998094,0.0126963,0
0.0245699,0.102914,0.0671062,0
0.106733,0.0990417,0.0266116,0
0.174581,0.0691732,0.0858146,0
0.175846,0.070161,0.0902459,0
0.104005,0.0550489,0.0506227,0
0.144697,0.109907,0.0790875,0
0.172881,0.0695704,0.0873893,0
0.0664786,0.0466676,0.0372908,0
0.20689,0.0442506,0.0710789,0
0.178012,0.0696636,0.0875485,0
0.0521737,0.0767456,0.0362687,0
0.182324,0.0709678,0.0874893,0
0.140095,0.0182016,0.0213652,0
0.145556,0.0821629,0.0761977,0
0.0952442,0.0313853,0.0885825,0
0.0690433,0.0472463,0.0388837,0
0.157681,0.00890391,0.0132785,0
0.1583,0.0110395,0.069799,0
0.0324815,0.0424164,0.00790746,0
0.0930708,0.0710405,0.0109598,0
0.175693,0.0644093,0.0864379,0
0.17766,0.0690726,0.0836125,0
0.175244,0.0716611,0.0847397,0
0.00281042,0.0490497,0.0732841,0
0.198313,0.019978,0.0524408,0
0.0701882,0.00527388,0.0647968,0
0.175304,0.0684372,0.0904538,0
0.00312573,0.0878905,0.0011794,0
0.0983572,0.0651406,0.0853643,0
0.0634471,0.113063,0.0214357,0
0.0909309,0.0625427,0.0744487,0
0.0117207,0.0676374,0.021663,0
0.0685694,0.0913255,0.0369303,0
0.135669,0.0347229,0.041825,0
0.180715,0.0691451,0.0916702,0
0.045869,0.0905309,0.0752263,0
0.0058234,0.0562365,0.01757,0
0.170329,0.0679585,0.0889081,0
0.0562473,0.000240503,0.0641508,0
0.00145382,0.0722349,0.0130976,0
0.056079,0.00747726,0.0108439,0
0.0141735,0.0835207,0.0726273,0
0.0708562,0.0438429,0.0273805,0
0.00370432,0.107229,0.0651569,0
0.178511,0.00863133,0.00797446,0
0.20357,0.0985435,0.0312792,0
0.103275,0.0704786,0.069757,0
0.173595,0.0916311,0.0668578,0
0.150398,0.0905295,0.0550703,0
0.17869,0.0652876,0.0876232,0
0.197253,0.0233319,0.0814565,0
0.171555,0.0702942,0.0890626,0
0.17669,0.0705315,0.0906796,0
0.177253,0.0669474,0.0909776,0
0.00162708,0.0829399,0.0725327,0
0.177187,0.0701543,0.0864801,0
0.110963,0.0425085,0.00429311,0
0.171697,0.0671887,0.0897826,0
0.164248,0.00505428,0.0693912,0
0.172836,0.0663041,0.0902811,0
0.177245,0.0661368,0.0909533,0
0.146964,0.0304949,0.000192848,0
0.177844,0.0648818,0.0893286,0
0.180904,0.0659841,0.0893582,0
0.0325914,0.0317476,0.0560121,0
0.0643235,0.0296848,0.059304,0
0.137633,0.0150009,0.0297639,0
0.0267074,0.0742081,0.0492162,0
0.157419,0.00170298,0.0648473,0
0.174989,0.0626636,0.0859148,0
0.175469,0.0668459,0.0871392,0
0.0923421,0.0497482,0.0652131,0
0.0565474,0.0657307,0.00286817,0
0.173641,0.0695683,0.0879642,0
0.175899,0.0647664,0.0859004,0
0.139067,0.0566143,0.0555588,0
0.179135,0.0688691,0.088554,0
0.178456,0.0635193,0.0870503,0
0.165635,0.0423447,0.0851219,0
0.187623,0.0646425,0.0729817,0
0.175199,0.0688419,0.0927387,0
0.0019396,0.132104,0.170082,1
0.0717391,0.197846,0.184648,1
0.177782,0.189177,0.144608,1
0.0450436,0.121016,0.149215,1
0.0554086,0.211706,0.224108,1
0.05355,0.208541,0.190337,1
0.00840913,0.17215,0.148707,1
0.127742,0.15299,0.115308,1
0.147432,0.198614,0.139043,1
0.109474,0.188934,0.209069,1
0.0378492,0.223994,0.223556,1
0.0649995,0.190508,0.17662,1
0.0604187,0.18781,0.160257,1
0.1038,0.19151,0.168498,1
0.215633,0.169699,0.185478,1
0.111835,0.223322,0.122412,1
0.0656411,0.212928,0.196257,1
0.198655,0.206195,0.194124,1
0.0677135,0.173503,0.146512,1
0.171154,0.218811,0.140271,1
0.158191,0.17106,0.174519,1
0.203711,0.212946,0.163033,1
0.13973,0.191855,0.213602,1
0.164484,0.171188,0.118055,1
0.214949,0.169276,0.146158,1
0.193913,0.178434,0.224476,1
0.155627,0.163499,0.1733,1
0.0145484,0.138732,0.21561,1
0.0531895,0.117555,0.1692,1
0.167416,0.142077,0.182837,1
0.109097,0.211823,0.125072,1
0.111181,0.196473,0.130936,1
0.00688175,0.150638,0.163424,1
0.053438,0.133227,0.141549,1
0.0549877,0.148552,0.207762,1
0.148845,0.218431,0.22416,1
0.200716,0.218117,0.157586,1
0.154116,0.165539,0.178626,1
0.196025,0.218832,0.161788,1
0.138862,0.136691,0.200215,1
0.170338,0.191961,0.142828,1
0.0322588,0.147941,0.183479,1
0.0941887,0.130091,0.152273,1
0.16546,0.155723,0.186708,1
0.0760137,0.155688,0.216793,1
0.221896,0.140598,0.184642,1
0.09781,0.18246,0.13564,1
0.22088,0.213218,0.158912,1
0.0397332,0.149531,0.220479,1
0.158527,0.145538,0.173694,1
0.0220168,0.126344,0.213191,1
0.222828,0.196571,0.125728,1
0.0485471,0.119598,0.158482,1
0.111416,0.150083,0.200348,1
0.221611,0.131695,0.174007,1
0.139459,0.181539,0.215991,1
0.132578,0.198491,0.125636,1
0.0522074,0.123224,0.12774,1
0.0752638,0.161625,0.12511,1
0.207557,0.14985,0.151619,1
0.0869105,0.127986,0.206149,1
0.101119,0.200989,0.128743,1
0.171309,0.118553,0.139238,1
0.135193,0.185564,0.119434,1
0.00665442,0.201612,0.220412,1
0.115235,0.222259,0.16131,1
0.173088,0.131213,0.213678,1
0.155982,0.197403,0.174381,1
0.0823239,0.201438,0.204333,1
0.119702,0.186646,0.193429,1
0.198961,0.130053,0.216543,1
0.0979439,0.179949,0.193073,1
0.203195,0.122886,0.178547,1
0.110004,0.160543,0.186749,1
0.182125,0.141381,0.1933,1
0.057471,0.210473,0.181774,1
0.0947491,0.119123,0.13598,1
0.0706483,0.120986,0.132371,1
0.142791,0.218124,0.221508,1
0.185008,0.148668,0.182763,1
0.174578,0.22247,0.166691,1
0.155242,0.142453,0.217869,1
0.0147489,0.165838,0.186916,1
0.198311,0.185123,0.122219,1
0.0279182,0.159192,0.120244,1
0.16258,0.138536,0.150315,1
0.144033,0.189196,0.20257,1
0.118586,0.127324,0.179083,1
0.220259,0.15054,0.202575,1
0.0219696,0.132156,0.221698,1
0.0366813,0.212605,0.119655,1
0.0542482,0.19953,0.120267,1
0.134621,0.187599,0.125408,1
0.119706,0.146042,0.155116,1
0.18844,0.168275,0.197049,1
0.0324336,0.20049,0.1258,1
0.096033,0.116685,0.183061,1
0.168444,0.173186,0.160552,1
0.109837,0.211922,0.121989,1
0.100914,0.143017,0.175555,1
0.218833,0.179652,0.151584,1
0.114206,0.217085,0.191057,1
0.202366,0.150396,0.158084,1
0.0145046,0.208691,0.183285,1
0.0690888,0.193384,0.1753,1
0.162632,0.170972,0.202989,1
0.153442,0.203669,0.131155,1
0.137148,0.222893,0.128579,1
0.155714,0.122235,0.132149,1
0.0766227,0.162377,0.192847,1
0.0170002,0.174894,0.194883,1
0.0862228,0.126227,0.134124,1
0.0735455,0.143044,0.0814732,2
0.000504471,0.139647,0.0904549,2
0.202713,0.163153,0.100537,2
0.136361,0.177486,0.105634,2
0.193577,0.184847,0.0664654,2
0.119216,0.172151,0.0316921,2
0.0318017,0.163766,0.0712273,2
0.143309,0.177417,0.0172835,2
0.061549,0.153111,0.0529841,2
0.0436524,0.159888,0.00903138,2
0.0889796,0.205074,0.0268587,2
0.090319,0.199389,0.0611867,2
0.0101854,0.2217,0.0551188,2
0.0607143,0.209361,0.0739885,2
0.197711,0.198408,0.0124328,2
0.202017,0.119438,0.0208867,2
0.0290491,0.207148,0.0325826,2
0.0713327,0.193224,0.00986729,2
0.197653,0.144506,0.00099024,2
0.0806803,0.15803,0.0572538,2
0.200779,0.14408,0.0586968,2
0.0227476,0.164773,0.114424,2
0.0487518,0.141607,0.0321311,2
0.0845238,0.219529,0.101485,2
0.075601,0.176386,0.087185,2
0.0148635,0.214776,0.00478368,2
0.161426,0.195424,0.0488904,2
0.102262,0.187014,0.0155675,2
0.144634,0.151663,0.0124165,2
0.156651,0.212672,0.051188,2
0.11941,0.180775,0.0842642,2
0.068984,0.156042,0.0584352,2
0.160486,0.122163,0.0574992,2
0.178987,0.219283,0.032862,2
0.0263897,0.159537,0.0232186,2
0.221536,0.166752,0.0633285,2
0.0914718,0.2246,0.0529978,2
0.16037,0.193803,0.0246476,2
0.189174,0.118267,0.00309745,2
0.223831,0.136044,0.0589187,2
0.163902,0.163815,0.0212593,2
0.0812498,0.196406,0.0520684,2
0.0647695,0.212867,0.0710086,2
0.201068,0.192483,0.104398,2
0.172183,0.163045,0.082793,2
0.210821,0.212574,0.0681778,2
0.0744224,0.167848,0.018971,2
0.0385391,0.208048,0.0699562,2
0.194307,0.135088,0.0417536,2
0.0867609,0.152027,0.0572177,2
0.135837,0.208183,0.0877859,2
0.0503516,0.209586,0.00711422,2
0.224694,0.189855,0.0903433,2
0.0552249,0.212393,0.107384,2
0.104401,0.209399,0.0855901,2
0.15323,0.138229,0.0363357,2
0.169727,0.190195,0.0892426,2
0.171412,0.181863,0.101764,2
0.04585,0.212376,0.10469,2
0.183427,0.173007,0.00487248,2
0.127911,0.168092,0.0244175,2
0.212289,0.218828,0.0127266,2
0.129477,0.136164,0.0205056,2
0.17266,0.141392,0.0243158,2
0.0594189,0.13695,0.0531817,2
0.149464,0.178048,0.0444066,2
0.193348,0.184588,0.0395815,2
0.0431164,0.137311,0.012366,2
0.162215,0.210338,0.111003,2
0.0614392,0.198484,0.0800613,2
0.153843,0.207654,0.0559279,2
0.146857,0.129623,0.0270145,2
0.155159,0.209534,0.0329842,2
0.0327151,0.217216,0.0512116,2
0.152851,0.202778,0.0606112,2
0.146167,0.133552,0.0382578,2
0.0272461,0.149672,0.0975799,2
0.106779,0.171918,0.105245,2
0.00474456,0.21533,0.0630625,2
0.0392666,0.142644,0.0798902,2
0.108165,0.194694,0.0346912,2
0.0782235,0.148642,0.0234762,2
0.109166,0.139885,0.0863355,2
0.198073,0.186095,0.014278,2
0.0417619,0.146131,0.0982421,2
0.023519,0.177373,0.0227755,2
0.021362,0.201021,0.0199979,2
0.0488264,0.220032,0.0299206,2
0.0301043,0.155613,0.0285222,2
0.0039596,0.153783,0.0422265,2
0.152276,0.187186,0.0623461,2
0.0244164,0.218686,0.0443614,2
0.0173643,0.196053,0.0250034,2
0.221266,0.128392,0.000514061,2
0.0720218,0.123403,0.0510645,2
0.128039,0.19565,0.0747969,2
0.00867173,0.175312,0.0898571,2
0.158679,0.154822,0.0525376,2
0.222466,0.19015,0.0622258,2
0.16185,0.199093,0.0793089,2
0.0158702,0.218818,0.0176771,2
0.17065,0.219065,0.0801955,2
0.204867,0.165936,0.106421,2
0.0478496,0.210801,0.00151941,2
0.149828,0.152115,0.0991606,2
0.198049,0.199815,0.05377,2
9.30523e-05,0.209693,0.0991225,2
0.0551743,0.138511,0.106354,2
0.0977433,0.200218,0.0600346,2
0.136492,0.203017,0.0676675,2
0.09702,0.129848,0.0818119,2
0.209163,0.133843,0.0751269,2
0.0173728,0.162007,0.0382183,2
0.153691,0.127991,0.0809726,2
0.123593,0.178092,0.029913,2
0.0473551,0.126414,0.10024,2
0.0585679,0.121341,0.0806728,2
0.0371232,0.141729,0.0973946,2
0.0994853,0.166184,0.11099,2
0.169034,0.146621,0.11161,2
0.138475,0.116691,0.00988217,2
0.197034,0.120061,0.104457,2
0.133419,0.118274,0.0103688,2
0.0123353,0.136193,0.113677,2
0.111104,0.116083,0.110931,2
0.136314,0.115768,0.0083168,2
0.0811276,0.136059,0.114336,2
0.188929,0.0446421,0.189182,3
0.0898338,0.102824,0.18886,3
0.0624158,0.104704,0.179614,3
0.026881,0.107713,0.111845,3
0.125871,0.029427,0.128977,3
0.0829823,0.104175,0.119873,3
0.015161,0.108965,0.222101,3
0.157136,0.0476873,0.207795,3
0.0196764,0.0210509,0.152719,3
0.0863333,0.0670585,0.196351,3
0.0933854,0.0275743,0.110582,3
0.0507581,0.0738074,0.156785,3
0.0212283,0.0423939,0.213064,3
0.201975,0.0554161,0.13273,3
0.140579,0.100294,0.214164,3
0.223801,0.0669732,0.0962517,3
0.110363,0.0454706,0.196535,3
0.082774,0.108224,0.157145,3
0.161956,0.0549995,0.161967,3
0.2051,0.06655,0.17212,3
0.154134,0.113007,0.205722,3
0.139866,0.0122266,0.172536,3
0.000655896,0.0784829,0.151247,3
0.0771968,0.0213251,0.18178,3
0.124167,0.0782175,0.145941,3
0.186648,0.0975064,0.198596,3
0.0176615,0.0595735,0.196852,3
0.224366,0.01702,0.187915,3
0.128403,0.097571,0.20615,3
0.169226,0.00267442,0.201785,3
0.0196198,0.0053388,0.200169,3
0.22231,0.0814655,0.126432,3
0.0433452,0.00276178,0.112837,3
0.202157,0.0964668,0.147136,3
0.0868247,0.0945161,0.224044,3
0.0488207,0.0187505,0.183811,3
0.0943546,0.0126237,0.127185,3
0.0817558,0.107624,0.123188,3
0.00729227,0.0212087,0.216609,3
0.029877,0.0578449,0.197279,3
0.153155,0.0455656,0.131527,3
0.167127,0.0883021,0.119744,3
0.0206756,0.0270849,0.109545,3
0.00797175,0.0611682,0.0962188,3
0.208756,0.0559045,0.155216,3
0.193884,0.0340493,0.168148,3
0.128895,0.0164513,0.154287,3
0.123228,0.00677749,0.127654,3
0.0982852,0.0481722,0.164809,3
0.223513,0.0920068,0.116636,3
0.189081,0.0697578,0.161255,3
0.0545696,0.0344879,0.216263,3
0.15435,0.0499711,0.100456,3
0.150231,0.0767667,0.141306,3
0.0991077,0.106925,0.219933,3
0.0652427,0.0265514,0.172186,3
0.188161,0.0284675,0.107584,3
0.17957,0.0761532,0.142269,3
0.0870799,0.0292622,0.182331,3
0.146821,0.103613,0.156355,3
0.0172029,0.0336079,0.121911,3
0.0588644,0.104824,0.123297,3
0.00590727,0.0869291,0.207037,3
0.195589,0.102184,0.138347,3
0.0995221,0.034246,0.136643,3
0.134084,0.0347212,0.111616,3
0.201581,0.041067,0.21978,3
0.108319,0.0715993,0.192557,3
0.0404468,0.0793071,0.151618,3
0.123997,0.0252557,0.150141,3
0.148722,0.0145779,0.206685,3
0.118166,0.108918,0.114769,3
0.0783601,0.0424307,0.162824,3
0.222644,0.0805243,0.140233,3
0.0751266,0.0804209,0.109517,3
0.200061,0.0657677,0.120391,3
0.201239,0.051365,0.160751,3
0.164473,0.0379332,0.184636,3
0.0509566,0.039472,0.165652,3
0.19111,0.00420286,0.148625,3
0.16983,0.0737016,0.165153,3
0.183868,0.0333093,0.162684,3
0.122248,0.0750248,0.139697,3
0.214321,0.0756419,0.204621,3
0.134563,0.0295446,0.162907,3
0.207166,0.0162729,0.160111,3
0.0787171,0.0820546,0.193648,3
0.0658376,0.034317,0.188067,3
0.000152823,0.066147,0.122823,3
0.0973035,0.0297482,0.219433,3
0.0149548,0.053142,0.118304,3
0.080679,0.0537683,0.190128,3
0.164143,0.106107,0.187069,3
0.153045,0.0854736,0.150837,3
0.101942,0.0834828,0.116721,3
0.211588,0.0863902,0.177297,3
0.083131,0.0109017,0.221666,3
0.0617904,0.0192386,0.152528,3
0.149517,0.0874018,0.11033,3
0.0504379,0.100136,0.208189,3
0.157537,0.00891625,0.135909,3
0.0145906,0.0786437,0.141824,3
0.0428281,0.0313147,0.136286,3
0.0806846,0.0677981,0.143145,3
0.0232451,0.0424096,0.124012,3
0.111859,0.0336911,0.126108,3
0.0329352,0.0682964,0.16113,3
0.0265344,0.062947,0.13534,3
0.0403039,0.0812527,0.0991564,3
0.168774,0.0492168,0.106857,3
0.0785719,0.102466,0.133049,3
0.16389,0.0672439,0.101547,3
0.0298612,0.0222633,0.100908,3
0.122914,0.0534113,0.100874,3
0.120302,0.0993623,0.154588,3
0.205753,0.111793,0.180369,3
0.0443549,0.0171019,0.100525,3
0.112042,0.0997055,0.221101,3
0.200038,0.101813,0.169707,3
0.163886,0.111291,0.178643,3
0.165316,0.0919885,0.131554,3
0.188348,0.107647,0.201352,3
0.0247019,0.10696,0.17757,3
0.190914,0.107929,0.169647,3
0.127496,0.0300468,0.0967296,3
0.112816,0.0368535,0.0973884,3
0.0598417,0.113011,0.143391,3
0.0522024,0.112254,0.126378,3
0.106693,0.0700877,0.104724,3
0.164613,0.10982,0.197573,3
0.174364,0.114737,0.129888,3
0.121705,0.114122,0.214231,3
0.0434244,0.115073,0.222687,3
