x coord,y coord,z coord,rank
0.149757,0.0912797,0.0422484,0
0.140851,0.122641,0.0886117,0
0.135615,0.203979,0.110393,0
0.134388,0.123645,0.221909,0
0.164572,0.114821,0.0940711,0
0.183054,0.186,0.074683,0
0.156819,0.206731,0.167606,0
0.146424,0.104249,0.136726,0
0.136663,0.207025,0.104684,0
0.219675,0.100616,0.154518,0
0.150313,0.217889,0.0608433,0
0.15532,0.194978,0.125037,0
0.167307,0.115611,0.149514,0
0.197593,0.126028,0.115625,0
0.179763,0.181128,0.175304,0
0.186035,0.224592,0.0761796,0
0.201564,0.126821,0.0494221,0
0.201256,0.123716,0.0232801,0
0.182251,0.144848,0.173104,0
0.183148,0.20646,0.0457138,0
0.213238,0.198116,0.159274,0
0.194106,0.136484,0.201631,0
0.179978,0.192236,0.102356,0
0.214177,0.164065,0.0102494,0
0.219591,0.09377,0.1565,0
0.139846,0.114633,0.0347204,0
0.124789,0.222441,0.0192322,0
0.201526,0.177247,0.155431,0
0.128859,0.205251,0.0752338,0
0.146452,0.137896,0.024258,0
0.157244,0.20212,0.103488,0
0.161862,0.0959489,0.0290264,0
0.209625,0.133388,0.0518547,0
0.178724,0.0981948,0.0152955,0
0.184152,0.172078,0.0783537,0
0.170162,0.182372,0.0474718,0
0.163902,0.185624,0.168496,0
0.183105,0.0988806,0.198534,0
0.158164,0.211207,0.035089,0
0.181011,0.14855,0.0635954,0
0.154737,0.116226,0.0710759,0
0.153467,0.10421,0.0167677,0
0.144218,0.213121,0.0664581,0
0.197022,0.110097,0.213318,0
0.148452,0.192053,0.147609,0
0.13778,0.189163,0.123287,0
0.212839,0.0972903,0.0287291,0
0.222713,0.150228,0.0220464,0
0.219888,0.132992,0.134749,0
0.222915,0.0922638,0.139279,0
0.142175,0.118843,0.0348415,0
0.137056,0.169566,0.0425951,0
0.201114,0.184057,0.179381,0
0.170064,0.107043,0.162856,0
0.128583,0.215018,0.00543313,0
0.150893,0.183392,0.0265509,0
0.21032,0.221822,0.0191358,0
0.170393,0.107935,0.0411848,0
0.174469,0.091032,0.1299,0
0.223046,0.105197,0.125856,0
0.136453,0.137215,0.0825217,0
0.175005,0.0981797,0.19047,0
0.132723,0.184047,0.108101,0
0.182731,0.21132,0.129075,0
0.137836,0.203915,0.222531,0
0.157667,0.1813,0.197952,0
0.187014,0.133398,0.146044,0
0.191068,0.218692,0.197614,0
0.134411,0.117419,0.0130835,0
0.140568,0.218494,0.00788799,0
0.186348,0.118204,0.183047,0
0.171725,0.114375,0.096134,0
0.209459,0.179454,0.0266936,0
0.224847,0.10947,0.0629045,0
0.12776,0.206951,0.110519,0
0.195598,0.206589,0.217856,0
0.16905,0.184164,0.204028,0
0.169253,0.167944,0.0237927,0
0.220264,0.136968,0.211208,0
0.160952,0.0922123,0.00715113,0
0.154756,0.134056,0.105537,0
0.188046,0.149176,0.113383,0
0.170768,0.129238,0.144076,0
0.184506,0.168215,0.0709571,0
0.178418,0.118426,0.169683,0
0.129509,0.16817,0.068588,0
0.178687,0.183959,0.198783,0
0.188327,0.0921568,0.131457,0
0.167132,0.15893,0.201034,0
0.216335,0.199444,0.0435845,0
0.21511,0.215844,0.0164807,0
0.152366,0.175685,0.120367,0
0.149621,0.1847,0.0954813,0
0.175969,0.100318,0.0890752,0
0.156206,0.151437,0.203511,0
0.196551,0.20533,0.124281,0
0.186888,0.114294,0.007072,0
0.197521,0.222277,0.166452,0
0.134337,0.212538,0.150859,0
0.147493,0.112441,0.0869231,0
0.198814,0.184379,0.195992,0
0.21505,0.0907821,0.123687,0
0.179755,0.153375,0.164245,0
0.185947,0.166519,0.186163,0
0.186672,0.128552,0.193873,0
0.197618,0.178444,0.0508102,0
0.156457,0.169106,0.0112381,0
0.161599,0.105328,0.15172,0
0.224459,0.169003,0.215736,0
0.183098,0.182039,0.0227242,0
0.178243,0.159591,0.136862,0
0.187063,0.158981,0.15367,0
0.18107,0.216369,0.070403,0
0.184688,0.144463,0.0803651,0
0.145703,0.0927505,0.201839,0
0.151115,0.213979,0.141668,0
0.141661,0.107778,0.0228143,0
0.220117,0.112137,0.117594,0
0.186074,0.169458,0.217676,0
0.191148,0.143595,0.0256512,0
0.217876,0.186073,0.0779603,0
0.132927,0.0952852,0.222432,0
0.176542,0.117492,0.15316,0
0.151523,0.178364,0.168968,0
0.218103,0.104774,0.0364811,0
0.0795021,0.165097,0.112641,1
0.0988177,0.173903,0.164948,1
0.0385582,0.172716,0.187441,1
0.0950053,0.223925,0.189272,1
0.0971104,0.145936,0.159839,1
0.1096,0.204672,0.105392,1
0.113616,0.128825,0.122415,1
0.0478591,0.119258,0.0434708,1
0.066142,0.143958,0.0369391,1
0.105131,0.21565,0.0358338,1
0.0581469,0.144754,0.0190839,1
0.0665519,0.200343,0.00934044,1
0.088196,0.223008,0.193042,1
0.115294,0.116175,0.0904544,1
0.0306846,0.21313,0.0118308,1
0.0691129,0.183249,0.128345,1
0.0928751,0.119643,0.00633007,1
0.0399663,0.164959,0.151126,1
0.0464296,0.12585,0.0458614,1
0.105193,0.150198,0.142423,1
0.0482383,0.151944,0.00962908,1
0.0922129,0.174501,0.065642,1
0.0266477,0.135078,0.157716,1
0.00368956,0.160543,0.183609,1
0.028466,0.132808,0.138683,1
0.113249,0.211373,0.221138,1
0.0262051,0.197536,0.0536095,1
0.0577859,0.145532,0.171287,1
0.0248032,0.169256,0.196033,1
0.00742776,0.196185,0.172797,1
0.107947,0.17798,0.218866,1
0.0667998,0.19297,0.120019,1
0.0252636,0.220726,0.1357,1
0.033347,0.140258,0.158004,1
0.00645727,0.129662,0.190986,1
0.0741552,0.175705,0.179665,1
0.0297961,0.219365,0.164051,1
0.0193594,0.189,0.134936,1
0.0534716,0.122782,0.147936,1
0.0508898,0.15937,0.146553,1
0.0536696,0.213619,0.164142,1
0.10809,0.145143,0.134992,1
0.0443358,0.153411,0.10836,1
0.0774025,0.154289,0.159556,1
0.0706446,0.177482,0.0455113,1
0.107636,0.13832,0.0299148,1
0.0908521,0.171711,0.175329,1
0.064812,0.175027,0.0808657,1
0.0745774,0.197551,0.115365,1
0.0452923,0.17695,0.151943,1
0.0915054,0.139163,0.0593744,1
0.0501723,0.199058,0.072982,1
0.0700422,0.215132,0.068438,1
0.0216111,0.214809,0.190864,1
0.119183,0.164457,0.160806,1
0.0090571,0.159061,0.195107,1
0.117818,0.128639,0.164921,1
0.0544256,0.157946,0.0136178,1
0.0958598,0.172191,0.222672,1
0.0462975,0.184419,0.206537,1
0.0524827,0.188872,0.152053,1
0.10343,0.215796,0.154461,1
0.11812,0.152305,0.13279,1
0.12015,0.223543,0.175706,1
0.0062529,0.175732,0.112684,1
0.00513626,0.181139,0.199804,1
0.118983,0.155386,0.0393454,1
0.0903752,0.157718,0.151312,1
0.0480709,0.188629,0.0538576,1
0.0793091,0.149017,0.204543,1
0.0970443,0.144899,0.00382239,1
0.0459109,0.180628,0.0318369,1
0.0881983,0.171158,0.0642555,1
0.0954374,0.221531,0.173633,1
0.0862639,0.159577,0.00673281,1
0.0841103,0.196234,0.0014934,1
0.114661,0.201873,0.0623007,1
0.00927185,0.157849,0.198747,1
0.120362,0.13021,0.181096,1
0.0314616,0.193633,0.166884,1
0.0290854,0.123847,0.0605363,1
0.0712237,0.147736,0.0510102,1
0.0706737,0.187466,0.0973145,1
0.12077,0.202293,0.00352312,1
0.0532452,0.172517,0.180368,1
0.0737177,0.202516,0.00234163,1
0.0542959,0.143165,0.116876,1
0.0873376,0.187119,0.0829614,1
0.0794625,0.193308,0.144706,1
0.00954037,0.15979,0.167678,1
0.0451778,0.125802,0.0794794,1
0.0721966,0.153005,0.198939,1
0.0041147,0.180095,0.0950118,1
0.0468153,0.197974,0.202316,1
0.0969846,0.13409,0.0265832,1
0.120005,0.179369,0.0688595,1
0.121704,0.13381,0.0078603,1
0.100448,0.166548,0.0377516,1
0.0485214,0.119824,0.0550968,1
0.0811297,0.16883,0.0646627,1
0.0329997,0.187136,0.0960922,1
0.0441188,0.206321,0.090835,1
0.0959532,0.125644,0.210261,1
0.0171094,0.218899,0.105406,1
0.0103164,0.119447,0.147194,1
0.0124452,0.143683,0.0631521,1
0.0448676,0.118572,0.156285,1
0.041932,0.188417,0.171072,1
0.106408,0.178317,0.159055,1
0.106239,0.125063,0.17983,1
0.0808488,0.188034,0.095992,1
0.0198766,0.13786,0.202831,1
0.105358,0.187165,0.0294553,1
0.00868138,0.219143,0.0553058,1
0.056008,0.174461,0.196805,1
0.00443049,0.154398,0.121087,1
0.0901341,0.138919,0.107909,1
0.114089,0.158558,0.140417,1
0.100197,0.216961,0.214176,1
0.0402969,0.188655,0.135648,1
0.10234,0.210189,0.180029,1
0.00987979,0.130878,0.105958,1
0.0468057,0.127222,0.0453988,1
0.0531983,0.115724,0.0310776,1
0.0509003,0.115363,0.126437,1
0.119858,0.199441,0.143235,1
0.121325,0.126255,0.0611554,1
0.124092,0.0347991,0.068331,2
0.204663,0.00898016,0.121293,2
0.132894,0.0438647,0.124554,2
0.219321,0.00899038,0.200829,2
0.210885,0.0409882,0.170354,2
0.151692,0.0464952,0.0568288,2
0.163267,0.0642601,0.213183,2
0.167449,0.00555766,0.0181445,2
0.214938,0.066721,0.138486,2
0.196474,0.0588814,0.193587,2
0.209765,0.0218832,0.175176,2
0.156548,0.0648092,0.145466,2
0.193793,0.0714787,0.0607823,2
0.196385,0.0768105,0.0646033,2
0.139383,0.0117339,0.113087,2
0.144926,0.0209246,0.0624186,2
0.16563,0.0115654,0.0565105,2
0.192965,0.0745861,0.0642807,2
0.164532,0.0613282,0.000786987,2
0.130648,0.0566894,0.0812117,2
0.22282,0.078756,0.121863,2
0.19432,0.0695696,0.0614664,2
0.196044,0.0695747,0.0614225,2
0.160732,0.0204943,0.141234,2
0.192378,0.0743449,0.0596938,2
0.194998,0.0709888,0.0611682,2
0.160348,0.048887,0.203765,2
0.205815,0.075573,0.0230346,2
0.129711,0.0598213,0.19645,2
0.14578,0.0762849,0.182826,2
0.196939,0.0727749,0.0599122,2
0.192284,0.0705869,0.0660264,2
0.184507,0.0525131,0.193,2
0.182494,0.0624873,0.171796,2
0.195846,0.0715945,0.0650807,2
0.15952,0.0729841,0.160784,2
0.195388,0.0760871,0.0641723,2
0.19474,0.0569202,0.153506,2
0.192351,0.0734785,0.0609568,2
0.19537,0.0689374,0.0644424,2
0.155016,0.0561669,0.104597,2
0.183429,0.0376052,0.0821304,2
0.196524,0.0707404,0.0619691,2
0.201994,0.0250284,0.194267,2
0.193903,0.0135427,0.0238593,2
0.197149,0.0440368,0.222946,2
0.134217,0.0583998,0.072567,2
0.219222,0.059113,0.22226,2
0.136899,0.012085,0.106266,2
0.197557,0.0737811,0.061868,2
0.189593,0.0724894,0.0599619,2
0.138133,0.0619809,0.0676233,2
0.1994,0.05219,0.221673,2
0.193291,0.0753801,0.0645397,2
0.137217,0.0510344,0.194358,2
0.13461,0.0430183,0.0704575,2
0.203283,0.0804923,0.133158,2
0.125036,0.0388043,0.0714925,2
0.166194,0.0365437,0.0538045,2
0.191124,0.0752008,0.0592611,2
0.212545,0.020422,0.0341749,2
0.148592,0.0548532,0.164644,2
0.136795,0.0690976,0.202822,2
0.198596,0.0486265,0.117137,2
0.195753,0.0674376,0.0638479,2
0.143344,0.0303996,0.153653,2
0.140728,0.0335367,0.193436,2
0.151271,0.0272205,0.108097,2
0.193475,0.0257071,0.173922,2
0.191961,0.0704569,0.0624544,2
0.190416,0.00714091,0.188387,2
0.201806,0.0483617,0.0254043,2
0.141413,0.0264937,0.128157,2
0.224214,0.0531787,0.0266669,2
0.155057,0.0789077,0.108173,2
0.20878,0.0341942,0.0583722,2
0.191968,0.0660693,0.0636583,2
0.194302,0.0714534,0.0634374,2
0.14294,0.0775751,0.0725952,2
0.191109,0.0725979,0.0625104,2
0.192163,0.0741753,0.0649491,2
0.192138,0.0745983,0.0596839,2
0.188388,0.0724889,0.0619399,2
0.211186,0.0550247,0.0909381,2
0.194213,0.0753387,0.0601402,2
0.193169,0.0756496,0.0597203,2
0.193259,0.0722434,0.0624018,2
0.208824,0.0018053,0.195372,2
0.19424,0.0736285,0.0580168,2
0.192669,0.0744154,0.0582992,2
0.134588,0.0105418,0.197019,2
0.136314,0.0902494,0.171203,2
0.195159,0.0752553,0.0619556,2
0.12689,0.0450761,0.199491,2
0.195925,0.0730933,0.0623633,2
0.164098,0.00696098,0.134667,2
0.193313,0.0747833,0.0615553,2
0.187092,7.67692e-05,0.0516726,2
0.215724,0.0499705,0.183529,2
0.22155,0.0873081,0.00227237,2
0.146467,0.0181888,0.0135576,2
0.186878,0.0549918,0.173863,2
0.205232,0.0366314,0.0187658,2
0.195069,0.0742932,0.0616269,2
0.216448,0.0887842,0.0970123,2
0.213952,0.0741696,0.0221478,2
0.21386,0.0444526,0.0477744,2
0.199767,0.0104235,0.146579,2
0.15875,0.0316714,0.131926,2
0.190748,0.0328258,0.0618258,2
0.136149,0.0895572,0.202604,2
0.16906,0.0657888,0.0196046,2
0.147357,0.0869284,0.121005,2
0.126751,0.0110599,0.01805,2
0.145371,0.0394371,0.0738356,2
0.183673,0.0297414,0.0518168,2
0.190746,0.0637554,0.0873629,2
0.15441,0.0205183,0.00621424,2
0.169889,0.0892258,0.146534,2
0.208125,0.0603977,0.149411,2
0.20813,0.0588402,0.15908,2
0.150514,0.0833657,0.00160046,2
0.186591,0.0557651,0.0931395,2
0.223073,0.0900149,0.138209,2
0.11412,0.0266595,0.217838,3
0.0642211,0.0855362,0.14365,3
0.0502839,0.0358759,0.0712162,3
0.0969708,0.0565496,0.0674302,3
0.0670897,0.097816,0.0623429,3
0.0216399,0.0447687,0.0068011,3
0.0781886,0.0895621,0.132413,3
0.0658127,0.0122605,0.0111414,3
0.0775539,0.112563,0.120741,3
0.010068,0.0396934,0.0110131,3
0.098717,0.0317816,0.0901275,3
0.0537303,0.0955085,0.108369,3
0.102072,0.023297,0.120429,3
0.0261625,0.0521441,0.14238,3
0.0726908,0.0850889,0.150519,3
0.0460338,0.103066,0.152921,3
0.0245244,0.0607064,0.198982,3
0.0576287,0.0275802,0.210951,3
0.00728918,0.0722691,0.0881715,3
0.0337296,0.00647368,0.218154,3
0.0621175,0.00853293,0.0512643,3
0.0640187,0.0482579,0.215065,3
0.0996649,0.104901,0.221597,3
0.0878129,0.0200703,0.0256152,3
0.120104,0.0217681,0.0393438,3
0.0482346,0.0195747,0.0997032,3
0.101779,0.0753367,0.0034156,3
0.0609524,0.0288351,0.0956639,3
0.0272463,0.0207933,0.179683,3
0.0520489,0.0582543,0.00490289,3
0.0441492,0.077498,0.177565,3
0.0474105,0.0722471,0.0624641,3
0.042287,0.0445342,0.216023,3
0.0550014,0.090158,0.126816,3
0.0587453,0.0913693,0.188898,3
0.111679,0.110897,0.199022,3
0.0408412,0.00396373,0.216415,3
0.0564161,0.0485054,0.185208,3
0.00265007,0.081337,0.132127,3
0.00575177,0.0370077,0.156138,3
0.116419,0.00433752,0.0973017,3
0.038982,0.100829,0.184405,3
0.0286636,0.0993039,0.00512829,3
0.00951337,0.0246096,0.175007,3
0.0651447,0.050804,0.12252,3
0.00510337,0.0140716,0.0310069,3
0.118314,0.0139513,0.0418935,3
0.0422655,0.0495064,0.0680234,3
0.0574385,0.0457299,0.147799,3
0.106335,0.00377659,0.192997,3
0.0959556,0.0841254,0.0735735,3
0.0947279,0.112342,0.089147,3
0.0802673,0.039193,0.0355365,3
0.093191,0.00632134,0.00228474,3
0.0645777,0.0718471,0.0624215,3
0.0811289,0.0614523,0.0773203,3
0.0092603,0.0639246,0.0282044,3
0.022614,0.0616072,0.193018,3
0.00478844,0.100326,0.157316,3
0.0147722,0.0363408,0.0928437,3
0.0883995,0.106584,0.0355197,3
0.0903351,0.0799701,0.0345731,3
0.0166572,0.102466,0.174703,3
0.109077,0.0793037,0.0301786,3
0.0445403,0.0405723,0.121213,3
0.0750015,0.0411397,0.0844318,3
0.0582929,0.0394461,0.0396779,3
0.00476306,0.0892121,0.0678169,3
0.0665401,0.0221087,0.0983387,3
0.0939571,0.0333038,0.190229,3
0.0784992,0.0629532,0.132562,3
0.0323813,0.0936552,0.177519,3
0.059189,0.062705,0.148077,3
0.0174442,0.00993033,0.171812,3
0.119402,0.0367023,0.0463325,3
0.0673831,0.0992778,0.0775178,3
0.0462692,0.0679625,0.00352905,3
0.0797396,0.099653,0.047307,3
0.00325788,0.0596773,0.140201,3
0.103704,0.0753109,0.0749464,3
0.0660472,0.0730776,0.18558,3
0.114288,0.00357049,0.15878,3
0.0855896,0.0321107,0.0985422,3
0.0588786,0.0873431,0.129409,3
0.0218526,0.04346,0.0263809,3
0.0504374,0.0382961,0.00381545,3
0.0290102,0.113633,0.132892,3
0.0875037,0.0861447,0.213385,3
0.0514537,0.0998908,0.063013,3
0.0254879,0.0919543,0.116387,3
0.0619164,0.0387177,0.106632,3
0.119541,0.107497,0.158228,3
0.0512851,0.104999,0.163004,3
0.00776444,0.051653,0.0131867,3
0.0227028,0.0813389,0.0529532,3
0.0412207,0.0067467,0.0272358,3
0.0789179,0.0346658,0.198327,3
0.0933968,0.0907395,0.107133,3
0.0155047,0.0786907,0.108614,3
0.110143,3.70132e-05,0.0963495,3
0.0848769,0.0287984,0.148021,3
0.0300249,0.0123514,0.192429,3
0.0993296,0.0573542,0.0715234,3
0.119764,0.088247,0.00902721,3
0.047617,0.0762973,0.0976294,3
0.0978009,0.0971861,0.176339,3
0.0114103,0.106156,0.0282507,3
0.0453878,0.107026,0.0522082,3
0.0183058,0.102219,0.170528,3
0.0893382,0.0058421,0.0495094,3
0.0587828,0.00401385,0.0767864,3
0.00568457,0.0840094,0.22242,3
0.0810604,0.104122,0.108717,3
0.0574435,0.0199891,0.0880614,3
0.059556,0.0677419,0.0495024,3
0.0608503,0.0141085,0.145362,3
0.045514,0.09962,0.099796,3
0.0151234,0.0376828,0.182492,3
0.122044,0.0247844,0.121364,3
0.106368,0.0397664,0.108635,3
0.0642537,0.0600149,0.100536,3
0.0792688,0.105302,0.115025,3
0.111265,0.0208262,0.0606962,3
0.12243,0.0983768,0.203518,3
