x coord,y coord,z coord,rank
0.134232,0.197586,0.0728445,0
0.12583,0.144897,0.00674928,0
0.128389,0.204016,0.0620932,0
0.192535,0.129392,0.0272356,0
0.136056,0.135894,0.11207,0
0.15459,0.19777,0.197179,0
0.134392,0.185796,0.0855382,0
0.203751,0.185188,0.0269969,0
0.181682,0.159255,0.0388818,0
0.155235,0.136827,0.113375,0
0.167647,0.205313,0.149237,0
0.20664,0.183098,0.159876,0
0.191771,0.186583,0.184918,0
0.196015,0.112564,0.0652319,0
0.174058,0.218562,0.147335,0
0.134817,0.163598,0.202001,0
0.142508,0.213412,0.0804772,0
0.163004,0.140935,0.0883639,0
0.161651,0.163019,0.178573,0
0.147216,0.204615,0.0967416,0
0.170219,0.196601,0.122869,0
0.177149,0.124776,0.224444,0
0.183598,0.175478,0.117825,0
0.191622,0.183155,0.195309,0
0.18919,0.195938,0.0715497,0
0.188213,0.17289,0.165831,0
0.22131,0.219323,0.0857865,0
0.178107,0.193526,0.169425,0
0.209818,0.117304,0.22003,0
0.192318,0.216532,0.138384,0
0.133595,0.21275,0.154886,0
0.121523,0.164998,0.0013319,0
0.18943,0.171884,0.165653,0
0.195453,0.137871,0.118069,0
0.136212,0.176087,0.03745,0
0.166694,0.210934,0.00734068,0
0.192541,0.146057,0.00459341,0
0.185136,0.118174,0.0367453,0
0.163184,0.211675,0.0765913,0
0.131091,0.160959,0.170889,0
0.19999,0.186973,0.0187062,0
0.192958,0.16911,0.16125,0
0.182357,0.142133,0.0675688,0
0.147861,0.184242,0.207562,0
0.201397,0.208926,0.148208,0
0.205378,0.164537,0.219022,0
0.120741,0.209558,0.0413938,0
0.221011,0.181444,0.0180942,0
0.174837,0.165691,0.0614588,0
0.12034,0.118977,0.0440525,0
0.20504,0.177853,0.181034,0
0.212773,0.196505,0.0328284,0
0.139602,0.118854,0.0453186,0
0.195152,0.133151,0.136099,0
0.222213,0.147468,0.0576198,0
0.196143,0.212412,0.161564,0
0.128774,0.12199,0.0976718,0
0.175329,0.203947,0.0106579,0
0.155983,0.216887,0.216733,0
0.134975,0.121769,0.0644692,0
0.144046,0.129488,0.0925957,0
0.142963,0.173663,0.141462,0
0.175199,0.192634,0.100097,0
0.125929,0.198812,0.10189,0
0.198243,0.125797,0.096206,0
0.18689,0.160127,0.0342179,0
0.217312,0.224665,0.0979845,0
0.147935,0.139244,0.143754,0
0.17539,0.181641,0.120593,0
0.137758,0.150058,0.205276,0
0.195667,0.156265,0.0137528,0
0.120055,0.185755,0.197676,0
0.222738,0.13518,0.0114488,0
0.153769,0.145493,0.193896,0
0.201723,0.202521,0.119311,0
0.150417,0.198561,0.0624221,0
0.148721,0.155214,0.0481195,0
0.208386,0.109609,0.0775951,0
0.162933,0.115091,0.0310393,0
0.163795,0.21215,0.0573855,0
0.205802,0.146116,0.200594,0
0.201109,0.123332,0.131437,0
0.223351,0.168974,0.0541259,0
0.137252,0.193036,0.0455549,0
0.187862,0.13553,0.184951,0
0.176203,0.11937,0.0592254,0
0.181584,0.181387,0.0381665,0
0.145838,0.156767,0.0200841,0
0.17548,0.206279,0.0416115,0
0.167419,0.127963,0.086819,0
0.208238,0.168661,0.112222,0
0.131195,0.217145,0.223,0
0.171339,0.176706,0.223852,0
0.196186,0.162001,0.0449699,0
0.119923,0.133656,0.0566282,0
0.126436,0.134931,0.0596894,0
0.157442,0.110778,0.183021,0
0.160463,0.224854,0.184136,0
0.14955,0.142344,0.203786,0
0.199256,0.22297,0.0917637,0
0.129651,0.11985,0.00687659,0
0.123745,0.127856,0.0751197,0
0.183131,0.182644,0.182385,0
0.208537,0.197701,0.0209015,0
0.199517,0.187163,0.162851,0
0.154302,0.159511,0.131543,0
0.217021,0.218567,0.134831,0
0.197838,0.212842,0.159687,0
0.180397,0.194597,0.178457,0
0.215306,0.142111,0.120337,0
0.171234,0.193116,0.18295,0
0.140971,0.183614,0.0129992,0
0.165147,0.188612,0.0541388,0
0.119555,0.223967,0.164254,0
0.148224,0.191535,0.173474,0
0.148657,0.149334,0.132755,0
0.222098,0.139194,0.174522,0
0.118494,0.19365,0.154445,0
0.125433,0.205108,0.100704,0
0.153958,0.204525,0.0994779,0
0.149596,0.123954,0.154283,0
0.155387,0.187319,0.160167,0
0.140921,0.118689,0.0934632,0
0.162702,0.217081,0.0974118,0
0.207859,0.126158,0.0417691,0
0.121093,0.201497,0.11943,0
0.035492,0.0511483,0.0869532,1
0.0652941,0.0730156,0.0754225,1
0.0751131,0.0726364,0.11334,1
0.00542244,0.0807503,0.115563,1
0.016133,0.0803546,0.0527601,1
0.057005,0.0158118,0.0292363,1
0.0536862,0.0969314,0.0136608,1
0.00590356,0.068087,0.118065,1
0.0159786,0.0106474,0.0599896,1
0.0563493,0.0376076,0.118068,1
0.0552284,0.00728129,0.102571,1
0.094712,0.0189684,0.0545597,1
0.0656137,0.081598,0.0119665,1
0.0428344,0.0205795,0.0813338,1
0.0929224,0.0824227,0.165783,1
0.0989909,0.0731507,0.0402502,1
0.0842958,0.0151836,0.00605027,1
0.0567127,0.0989621,0.110744,1
0.110337,0.0489861,0.206559,1
0.0174142,0.095537,0.186194,1
0.0641869,0.103336,0.125897,1
0.0750063,0.032525,0.160056,1
0.0103595,0.105315,0.19078,1
0.070114,0.00139199,0.0591675,1
0.0891811,0.0936605,0.106531,1
0.0966426,0.0517119,0.0151964,1
0.0126344,0.0747843,0.185464,1
0.0817525,0.0907209,0.00590857,1
0.0791087,0.00550999,0.0184954,1
0.0202757,0.00566188,0.162118,1
0.085551,0.0364327,0.034612,1
0.0234969,0.00492506,0.0291093,1
0.0117924,0.0824278,0.0733395,1
0.00567718,0.00797306,0.109275,1
0.005631,0.057755,0.0939341,1
0.0988678,0.0172763,0.160221,1
0.0439607,0.0701586,0.144493,1
0.0284453,0.101781,0.162445,1
0.0450812,0.0573125,0.138074,1
0.121051,0.032266,0.15882,1
0.114541,0.0890231,0.203813,1
0.0460237,0.0402558,0.0214174,1
0.0886216,0.0545932,0.202423,1
0.0613702,0.0326653,0.210757,1
0.113372,0.0279319,0.0655005,1
0.0939852,0.0235314,0.214222,1
0.0169834,0.0503431,0.0702183,1
0.109836,0.0904352,0.114636,1
0.0338452,0.10405,0.0728308,1
0.0844688,0.0499335,0.156306,1
0.0245167,0.0850086,0.192178,1
0.0158694,0.0362053,0.133429,1
0.106408,0.103032,0.131683,1
0.0701494,0.103984,0.137723,1
0.0614327,0.0798874,0.214129,1
0.0626781,0.0705531,0.124727,1
0.0187286,0.00322389,0.181853,1
0.0854375,0.0566591,0.0275825,1
0.0557239,0.0222248,0.00727026,1
0.0848823,0.0916248,0.143581,1
0.0577942,0.0554602,0.0144376,1
0.0563339,0.00761722,0.015661,1
0.0650986,0.0761468,0.150245,1
0.0255186,0.0645389,0.100244,1
0.0634229,0.0645724,0.0106018,1
0.030617,0.0869508,0.12831,1
0.0773532,0.0211834,0.197632,1
0.0946045,0.0767997,0.177796,1
0.100106,0.0171333,0.115581,1
0.0315138,0.0175615,0.00830224,1
0.0399278,0.0484819,0.0929182,1
0.053359,0.0597394,0.0752623,1
0.00392195,0.0739181,0.193665,1
0.0913554,0.102968,0.0134267,1
0.0568286,0.106834,0.126594,1
0.0833505,0.0853253,0.111285,1
0.0943469,0.0948463,0.169409,1
0.0153028,0.0316253,0.00316433,1
0.105126,0.0250939,0.136189,1
0.0657081,0.0653834,0.0669609,1
0.0496824,0.0131496,0.1733,1
0.034207,0.0993659,0.0679654,1
0.00128788,0.0496848,0.0108142,1
0.0344795,0.0445575,0.194923,1
0.0459441,0.0259935,0.080675,1
0.111563,0.0282882,0.120507,1
0.0296235,0.0618597,0.105514,1
0.0768788,0.0714904,0.141961,1
0.0202777,0.0288393,0.176701,1
0.120204,0.0750713,0.0412437,1
0.0654222,0.083844,0.195295,1
0.0466866,0.00302072,0.048396,1
0.0965272,0.0592033,0.153734,1
0.0984332,0.093123,0.172744,1
0.0950577,0.0314632,0.131251,1
0.0407452,0.0663319,0.0747309,1
0.0498717,0.0252421,0.191317,1
0.0772974,0.0923274,0.217291,1
0.0198527,0.0704407,0.108383,1
0.118604,0.0760684,0.0650566,1
0.0193319,0.0243198,0.108313,1
0.0360012,0.0621377,0.0668463,1
0.0371473,0.030091,0.207559,1
0.065707,0.0764182,0.0340939,1
0.0566962,0.0208498,0.038914,1
0.0580691,0.0810024,0.194027,1
0.0463047,0.0543171,0.107154,1
0.106206,0.0271463,0.17777,1
0.0300137,0.0695087,0.0721615,1
0.11925,0.00424626,0.0147894,1
0.00686225,0.0485456,0.0156451,1
0.0715513,0.0635222,0.152304,1
0.0892286,0.104406,0.182915,1
0.107009,0.0991565,0.220655,1
0.0769687,0.0755865,0.157688,1
0.117187,0.0477085,0.119102,1
0.103135,0.0171471,0.110072,1
0.0784965,0.0218186,0.217477,1
0.0174085,0.046082,0.0909657,1
0.0776634,0.108301,0.100076,1
0.144707,0.0870006,0.119738,2
0.207581,0.105363,0.0237017,2
0.20789,0.0976165,0.100304,2
0.132791,0.0690427,0.105857,2
0.145576,0.0939955,0.189233,2
0.216714,0.0701676,0.186625,2
0.205537,0.0903209,0.192861,2
0.144127,0.0120883,0.156482,2
0.155549,0.0460466,0.096841,2
0.208103,0.0749171,0.175044,2
0.152915,0.0879001,0.0867782,2
0.152378,0.0864926,0.212769,2
0.180416,0.0708847,0.0822158,2
0.181538,0.072011,0.081419,2
0.159766,0.0322054,0.218581,2
0.201634,0.0369554,0.165521,2
0.18689,0.0439124,0.112429,2
0.182778,0.068336,0.0768598,2
0.142205,0.0889249,0.208478,2
0.188863,0.0740759,0.0732748,2
0.185397,0.00463604,0.180104,2
0.179715,0.0724015,0.0817375,2
0.178783,0.0731059,0.0813021,2
0.174426,0.0384048,0.0297077,2
0.17637,0.0703807,0.0799984,2
0.183984,0.0727371,0.0791405,2
0.186781,0.0603558,0.155597,2
0.175889,0.0243852,0.0471197,2
0.196981,0.0742613,0.19798,2
0.16452,0.0513878,0.130032,2
0.185019,0.0712461,0.0799351,2
0.175924,0.068703,0.0809173,2
0.168154,0.0628533,0.164783,2
0.135177,0.0504647,0.172732,2
0.178639,0.0708464,0.0779473,2
0.21541,0.0415192,0.221036,2
0.179225,0.0665513,0.0784535,2
0.12929,0.0224055,0.154429,2
0.21338,0.0848944,0.0641819,2
0.184031,0.0694954,0.0793156,2
0.155194,0.0166573,0.222238,2
0.221254,0.00651954,0.0899808,2
0.176499,0.0718644,0.0809419,2
0.17771,0.0920025,0.0144205,2
0.134868,0.0839833,0.22488,2
0.224238,0.0354139,0.223982,2
0.1637,0.0454573,0.0657071,2
0.206384,0.0944185,0.0814669,2
0.210567,0.0950929,0.159441,2
0.176215,0.0710005,0.0744227,2
0.179134,0.0681978,0.078635,2
0.140441,0.00989787,0.0667389,2
0.138818,0.0529473,0.183496,2
0.181328,0.0669854,0.0778881,2
0.186965,0.0603103,0.0345938,2
0.168678,0.072126,0.140499,2
0.209007,0.0595552,0.0990103,2
0.200483,0.00370386,0.20187,2
0.1794,0.0876096,0.112775,2
0.17495,0.0681602,0.0820413,2
0.162471,0.0353012,0.120436,2
0.182467,0.0785306,0.0518206,2
0.187658,0.0972083,0.169857,2
0.193028,0.0756082,0.131136,2
0.179237,0.0743616,0.0802078,2
0.127514,0.0622558,0.195458,2
0.152507,0.088218,0.0970832,2
0.13039,0.0741574,0.200071,2
0.140708,0.0640758,0.132898,2
0.136685,0.0492063,0.00432079,2
0.135151,0.0940058,0.204227,2
0.123448,0.0718141,0.184866,2
0.218993,0.098704,0.199312,2
0.133647,0.0197909,0.0598496,2
0.212064,0.0317187,0.194915,2
0.220902,0.0357344,0.223913,2
0.184669,0.0662473,0.0832859,2
0.179759,0.0703646,0.0807208,2
0.188402,0.0164087,0.0376761,2
0.183873,0.0698051,0.0815859,2
0.182562,0.0685937,0.0783196,2
0.182783,0.0674071,0.0836932,2
0.181965,0.0751017,0.0843802,2
0.214701,0.0778506,0.0871277,2
0.181022,0.0681054,0.0808499,2
0.181132,0.0669141,0.0829447,2
0.185673,0.0722843,0.0816784,2
0.219347,0.0713155,0.073467,2
0.180186,0.0685978,0.0855972,2
0.182945,0.0682806,0.084682,2
0.195557,0.0604274,0.109375,2
0.21977,0.0576565,0.0620556,2
0.179282,0.0668276,0.0811562,2
0.207586,0.0305389,0.178873,2
0.181984,0.068605,0.0842071,2
0.217183,0.0951418,0.0446498,2
0.181498,0.0677425,0.08075,2
0.176756,0.00464462,0.160685,2
0.14033,0.0700878,0.154975,2
0.183584,0.0290151,0.193472,2
0.180286,0.0909439,0.0470387,2
0.213929,0.083559,0.222906,2
0.147693,0.0199709,0.171707,2
0.183552,0.0694501,0.0804134,2
0.176866,0.0326201,0.0934795,2
0.219604,0.0376174,0.192683,2
0.191274,0.0562876,0.0108989,2
0.196299,0.0597474,0.0608206,2
0.127127,0.079336,0.144758,2
0.145737,0.0679385,0.162493,2
0.138001,0.0205421,0.0237074,2
0.22016,0.0809676,0.176041,2
0.139301,0.00375286,0.0310289,2
0.211613,0.0650937,0.133379,2
0.178576,0.00201204,0.0986114,2
0.198845,0.0234313,0.0877201,2
0.213295,0.0507207,0.132587,2
0.181637,0.0679761,0.0835916,2
0.183104,0.0456924,0.107103,2
0.13927,0.038789,0.0261895,2
0.122654,0.0700438,0.136599,2
0.1522,0.0707023,0.102262,2
0.136323,0.0402314,0.0491251,2
0.17661,0.069107,0.0846383,2
0.187125,0.0920897,0.020683,2
0.160976,0.102528,0.0438548,2
0.124023,0.0213945,0.128857,2
0.122792,0.0417924,0.0444034,2
0.185275,0.108362,0.22053,2
0.100322,0.160294,0.0356293,3
0.0522424,0.219415,0.169925,3
0.0878531,0.212908,0.0367104,3
0.0201686,0.155678,0.0799498,3
0.0677554,0.132992,0.156893,3
0.0960045,0.174394,0.0485598,3
0.0265663,0.196323,0.105287,3
0.099778,0.160337,0.157537,3
0.107199,0.110352,0.208075,3
0.0370507,0.168072,0.0567523,3
0.0724551,0.145895,0.0760097,3
0.095096,0.112129,0.0798406,3
0.110101,0.16827,0.0385251,3
0.0286644,0.152234,0.125933,3
0.0622726,0.133763,0.106285,3
0.097959,0.213636,0.143135,3
0.0326161,0.166225,0.07911,3
0.0248486,0.144214,0.103558,3
0.0178651,0.204622,0.118534,3
0.0376445,0.184272,0.146106,3
0.059094,0.201679,0.176551,3
0.0768124,0.199314,0.173645,3
0.0493773,0.122409,0.0210176,3
0.108302,0.139818,0.0825091,3
0.0711152,0.213939,0.184666,3
0.0820649,0.204049,0.217472,3
0.00467537,0.204441,0.0444841,3
0.0996247,0.212275,0.174665,3
0.0343514,0.112355,0.121952,3
0.0640119,0.199222,0.110952,3
0.084264,0.204894,0.038507,3
0.0361251,0.143916,0.160077,3
0.0964223,0.15942,0.159448,3
0.0804256,0.208711,0.108432,3
0.0566428,0.132341,0.0482888,3
0.0347026,0.11005,0.00135005,3
0.0624978,0.150777,0.0687734,3
0.0489871,0.115509,0.0431948,3
0.10852,0.216675,0.0850952,3
0.0583558,0.185515,0.0383302,3
0.0487261,0.109869,0.217897,3
0.0386364,0.164473,0.108549,3
0.0530609,0.209964,0.0164999,3
0.00678237,0.13609,0.0806232,3
0.0184018,0.157072,0.194441,3
0.0975238,0.216773,0.139138,3
0.0941446,0.223755,0.106812,3
0.0884085,0.111452,0.135047,3
0.0538906,0.197838,0.0254458,3
0.0684091,0.205736,0.193633,3
0.113056,0.147199,0.17323,3
0.0756823,0.108472,0.186562,3
0.100385,0.217839,0.213288,3
0.000756878,0.1981,0.219551,3
0.067621,0.18722,0.0318431,3
0.022792,0.173854,0.063138,3
0.0812788,0.215253,0.163689,3
0.0235818,0.212602,0.0730305,3
0.0831623,0.185026,0.164089,3
0.0693605,0.136321,0.130734,3
0.052235,0.179244,0.0675409,3
0.0885358,0.108553,0.0514091,3
0.061633,0.17875,0.0460829,3
0.00460623,0.201235,0.205143,3
0.0762185,0.159542,0.0211612,3
0.113004,0.187561,0.0963182,3
0.0273594,0.122629,0.114212,3
0.0596702,0.133936,0.0987838,3
0.0137769,0.205999,0.0122998,3
0.0554976,0.167278,0.141495,3
0.0610479,0.176033,0.139511,3
0.0278206,0.146219,0.0983521,3
0.0124692,0.174895,0.195022,3
0.0682437,0.134163,0.18035,3
0.0339786,0.174604,0.0403738,3
0.0788466,0.134826,0.211822,3
0.00247256,0.122943,0.211872,3
0.0720453,0.11523,0.158315,3
0.0961165,0.205319,0.121285,3
0.0536236,0.150442,0.182491,3
0.111046,0.134713,0.199165,3
0.0764827,0.198774,0.181855,3
0.0459314,0.213592,0.030653,3
0.0261657,0.134936,0.148161,3
0.0334995,0.15935,0.156257,3
0.0968519,0.158714,0.098314,3
0.0728696,0.128177,0.0537166,3
0.115086,0.211718,0.0866472,3
0.0278335,0.122235,0.0709015,3
0.0524927,0.185341,0.026243,3
0.0432484,0.199392,0.0444248,3
0.0325577,0.207006,0.049307,3
0.0791637,0.20826,0.105433,3
0.0673096,0.157706,0.139706,3
0.048781,0.158882,0.0120358,3
0.00205073,0.183259,0.203953,3
0.028617,0.211673,0.0243399,3
0.0128671,0.155412,0.0590796,3
0.0954692,0.121515,0.142035,3
0.0487854,0.202916,0.0421941,3
0.0991031,0.14691,0.125935,3
0.0820818,0.115006,0.0521431,3
0.0235341,0.14802,0.0804987,3
0.0169982,0.144846,0.0113231,3
0.0250756,0.198997,0.0198242,3
0.00491273,0.217856,0.0797325,3
0.113696,0.184708,0.0334202,3
0.0799862,0.110314,0.115905,3
0.0256515,0.212315,0.172861,3
0.0597132,0.202242,0.183594,3
0.000172347,0.161378,0.0708297,3
0.0737051,0.195938,0.141662,3
0.107632,0.202105,0.11639,3
0.037369,0.155154,0.119836,3
0.0598376,0.15498,0.215977,3
0.0379416,0.17032,0.220766,3
0.0615395,0.144793,0.120025,3
0.0860463,0.190972,0.0537843,3
0.0153848,0.176157,0.0118162,3
0.0552567,0.142043,0.078728,3
0.0978092,0.174903,0.092842,3
0.10642,0.114895,0.0187505,3
0.0311952,0.109173,0.187233,3
0.0245087,0.113182,0.0765578,3
0.0129014,0.109515,0.144391,3
