x coord,y coord,z coord,rank
0.0974468,0.144424,0.101016,0
0.0957023,0.14542,0.102194,0
0.0975076,0.140983,0.100846,0
0.131326,0.206861,0.0232301,0
0.0972792,0.140532,0.0992197,0
0.21011,0.178942,0.0610976,0
0.101274,0.14071,0.100803,0
0.148759,0.134439,0.08344,0
0.0304849,0.137509,0.0156224,0
0.145997,0.210889,0.102358,0
0.0957557,0.14349,0.100011,0
0.0969166,0.141608,0.102495,0
0.100831,0.137126,0.0987583,0
0.0945367,0.140423,0.0973615,0
0.134086,0.13017,0.039066,0
0.104292,0.14481,0.101473,0
0.22038,0.199885,0.0620255,0
0.126359,0.16493,0.00805575,0
0.0980999,0.139772,0.0996312,0
0.103036,0.139699,0.0976553,0
0.0983749,0.147809,0.088006,0
0.0769739,0.137553,0.00262756,0
0.135759,0.167333,0.0782455,0
0.0746089,0.187353,0.0463118,0
0.178152,0.159309,0.0717996,0
0.0188106,0.220975,0.0111324,0
0.112854,0.190559,0.0354247,0
0.0939829,0.144189,0.100015,0
0.0997177,0.137853,0.101571,0
0.0336881,0.18402,0.0886473,0
0.196055,0.214145,0.0612811,0
0.162341,0.207909,0.0542162,0
0.106155,0.140752,0.102981,0
0.207329,0.169174,6.89986e-05,0
0.0947286,0.139809,0.101884,0
0.00801769,0.140318,0.0514883,0
0.203941,0.153078,0.0428342,0
0.184758,0.180452,0.0437913,0
0.0875916,0.176472,0.0208964,0
0.070069,0.16889,0.0934497,0
0.101285,0.13713,0.0988011,0
0.206803,0.160854,0.00504253,0
0.0608791,0.19895,0.042344,0
0.100961,0.136588,0.100346,0
0.0254037,0.145864,0.0133331,0
0.0315173,0.181723,0.0993324,0
0.143309,0.182565,0.100392,0
0.0970822,0.140549,0.102069,0
0.0345762,0.180347,0.0898278,0
0.102186,0.138448,0.0997565,0
0.167089,0.145583,0.0977751,0
0.182291,0.15809,0.0456243,0
0.103045,0.144281,0.0973746,0
0.103492,0.134716,0.100438,0
0.180152,0.186173,0.0122663,0
0.0980883,0.141305,0.0994686,0
0.100935,0.142684,0.0990245,0
0.171816,0.201517,0.0895952,0
0.0955323,0.140506,0.10134,0
0.0445423,0.216474,0.096311,0
0.208033,0.210239,0.0946091,0
0.216389,0.174204,0.0710613,0
0.104443,0.216674,0.0814755,0
0.149314,0.148812,0.100388,0
0.00895086,0.199306,0.0618322,0
0.136248,0.22261,0.0725515,0
0.0962123,0.137284,0.102112,0
0.0905727,0.13406,0.085458,0
0.0111162,0.216088,0.0363683,0
0.219876,0.132971,0.0251695,0
0.0883583,0.224614,0.0296934,0
0.0992198,0.143052,0.0994057,0
0.195027,0.219876,0.0406175,0
0.215443,0.14032,0.0262232,0
0.0558771,0.220826,0.00873593,0
0.011206,0.155209,0.0880972,0
0.0118035,0.189096,0.050476,0
0.156944,0.219273,0.0260082,0
0.129822,0.175795,0.0828806,0
0.211693,0.176949,0.0289355,0
0.0961008,0.14721,0.100983,0
0.0653643,0.158521,0.0828149,0
0.0779216,0.172184,0.037489,0
0.098793,0.141454,0.100836,0
0.0279284,0.154503,0.0600533,0
0.0568313,0.182208,0.0838592,0
0.198756,0.188847,0.0716595,0
0.0972795,0.141874,0.0995439,0
0.0994566,0.168118,0.0709696,0
0.0998401,0.140169,0.0980273,0
0.112409,0.171143,0.0646904,0
0.096874,0.143856,0.0986889,0
0.0356262,0.212443,0.0222326,0
0.196372,0.209252,0.00478768,0
0.0959349,0.142095,0.101171,0
0.116393,0.163072,0.082042,0
0.10373,0.142939,0.101413,0
0.217511,0.153636,0.0228413,0
0.0119012,0.193942,0.0360827,0
0.17965,0.158942,0.0893818,0
0.184308,0.190322,0.0842008,0
0.115167,0.144634,0.0974085,0
0.103237,0.141444,0.10136,0
0.206762,0.165796,0.000903884,0
0.207167,0.213384,0.0139607,0
0.0857108,0.13137,0.0152799,0
0.10275,0.189583,0.0400789,0
0.0982714,0.138073,0.0971107,0
0.0923623,0.219254,0.067345,0
0.0971647,0.142744,0.098497,0
0.103953,0.141808,0.0953709,0
0.0980513,0.147481,0.100582,0
0.0569273,0.182235,0.0787309,0
0.155382,0.140844,0.0901683,0
0.0520877,0.175115,0.0664255,0
0.048953,0.218452,0.0913565,0
0.0995501,0.145879,0.100514,0
0.091909,0.138314,0.0984282,0
0.0968209,0.172817,0.0141522,0
0.0284821,0.222157,0.0543911,0
0.0948039,0.14255,0.0995793,0
0.131125,0.147298,0.0994554,0
0.219844,0.0462543,0.176555,1
0.191714,0.0615888,0.221129,1
0.111471,0.0498828,0.224709,1
0.133064,0.00581098,0.165075,1
0.104169,0.0121371,0.204824,1
0.119746,0.0549406,0.179889,1
0.196577,0.00749376,0.169662,1
0.138112,0.024743,0.132299,1
0.119473,0.0811663,0.174379,1
0.0870595,0.0333085,0.211974,1
0.0175083,0.0306969,0.142394,1
0.00290516,0.00882913,0.136044,1
0.138376,0.0636098,0.189874,1
0.147372,0.0315472,0.183967,1
0.0555663,0.013376,0.119208,1
0.100295,0.0128553,0.145874,1
0.19688,0.0597158,0.162086,1
0.190936,0.105883,0.213691,1
0.171135,0.0780403,0.126366,1
0.174406,0.0806215,0.17205,1
0.0752849,0.0031121,0.144286,1
0.0268466,0.111996,0.18497,1
0.0720652,0.0990843,0.153083,1
0.102592,0.0343078,0.167447,1
0.20131,0.0673475,0.147488,1
0.197124,0.0820555,0.179618,1
0.203304,0.0259705,0.129919,1
0.193442,0.100997,0.169688,1
0.0780294,0.0843294,0.160226,1
0.00259557,0.0537424,0.152712,1
0.0646038,0.0367386,0.203774,1
0.0729537,0.0692856,0.197271,1
0.065925,0.0620235,0.116128,1
0.134922,0.0985672,0.203674,1
0.157371,0.0509752,0.15302,1
0.173783,0.0754371,0.192325,1
0.224859,0.0387743,0.129378,1
0.140044,0.0568964,0.204356,1
0.0718609,0.00776002,0.206367,1
0.0215625,0.0886119,0.168253,1
0.107908,0.106471,0.152569,1
0.0192891,0.120891,0.213732,1
0.00786318,0.124141,0.148112,1
0.193747,0.101155,0.115203,1
0.194373,0.109466,0.121701,1
0.0493048,0.0327465,0.127395,1
0.0599259,0.114984,0.183835,1
0.00718147,0.118836,0.146072,1
0.100014,0.0978816,0.162795,1
0.200156,0.108661,0.145081,1
0.114316,0.0245685,0.183407,1
0.10854,0.0249134,0.208225,1
0.212302,0.0545859,0.171542,1
0.0156894,0.103409,0.162647,1
0.104902,0.0843682,0.201002,1
0.0521963,0.0081313,0.224869,1
0.131919,0.0431813,0.15712,1
0.023751,0.109997,0.152121,1
0.0619045,0.0645537,0.114951,1
0.189887,0.12433,0.211345,1
0.188501,0.065373,0.174779,1
0.108643,0.102322,0.17781,1
0.0999278,0.0908404,0.117032,1
0.128186,0.0423541,0.189687,1
0.219992,0.113379,0.178792,1
0.174722,0.121675,0.218719,1
0.0233152,0.00714784,0.151164,1
0.201408,0.106175,0.149009,1
0.186948,0.00755616,0.178767,1
0.153732,0.0256912,0.121395,1
0.0677276,0.0892586,0.198469,1
0.112767,0.086935,0.162315,1
0.144187,0.0179359,0.217748,1
0.140564,0.0745929,0.214779,1
0.0356156,0.0164001,0.151984,1
0.0606282,0.0698404,0.115075,1
0.0245124,0.113637,0.181836,1
0.0282915,0.0383345,0.184976,1
0.151176,0.0249215,0.201129,1
0.0963433,0.119603,0.114831,1
0.10012,0.0590093,0.17294,1
0.0865133,0.117912,0.192297,1
0.0134575,0.0495477,0.127786,1
0.224109,0.0684161,0.142569,1
0.0192041,0.0261825,0.115862,1
0.0642116,0.0664754,0.120211,1
0.0678095,0.00361033,0.162312,1
0.0380166,0.0981452,0.136055,1
0.116084,0.0160821,0.133882,1
0.0537866,0.0144465,0.150398,1
0.0508989,0.0283248,0.216404,1
0.215355,0.0685563,0.171124,1
0.219438,0.0626242,0.159156,1
0.00437143,0.101873,0.139035,1
0.0177629,0.0941234,0.210537,1
0.0293691,0.113391,0.17839,1
0.010269,0.0643818,0.146184,1
0.032321,0.086896,0.124611,1
0.151906,0.119167,0.194628,1
0.0631202,0.0139094,0.173667,1
0.116663,0.0863941,0.155838,1
0.182841,0.0333035,0.142704,1
0.0613796,0.10904,0.204819,1
0.163214,0.0791195,0.199389,1
0.0151407,0.100985,0.224416,1
0.062303,0.0426401,0.197352,1
0.162289,0.0127123,0.145475,1
0.159202,0.0935969,0.205536,1
0.176021,0.0165363,0.201298,1
0.02808,0.0578824,0.156083,1
0.128537,0.113251,0.125538,1
0.199926,0.114557,0.149494,1
0.221182,0.0154722,0.168938,1
0.183767,0.0137532,0.173615,1
0.00454194,0.0552957,0.150716,1
0.0910367,0.0639152,0.171081,1
0.108601,0.106262,0.139361,1
0.187384,0.0501737,0.19839,1
0.17219,0.0242166,0.159664,1
0.0929143,0.0797594,0.213188,1
0.0636879,0.0891968,0.141245,1
0.13076,0.100216,0.115141,1
0.186815,0.0950941,0.116658,1
0.201502,0.123984,0.210872,1
0.0775788,0.129963,0.18186,2
0.103225,0.142146,0.105458,2
0.0856491,0.181845,0.116814,2
0.034084,0.127882,0.199675,2
0.00147371,0.141407,0.15566,2
0.0991861,0.135544,0.104553,2
0.0974772,0.144938,0.103708,2
0.0553059,0.164529,0.11416,2
0.099746,0.140484,0.104128,2
0.16294,0.127546,0.20886,2
0.190488,0.192839,0.126905,2
0.117242,0.220852,0.189135,2
0.065849,0.168288,0.115349,2
0.0595075,0.138268,0.174823,2
0.0917802,0.142634,0.10606,2
0.208045,0.155251,0.194631,2
0.0797242,0.129188,0.134902,2
0.086383,0.146601,0.123623,2
0.188076,0.223714,0.191322,2
0.214093,0.207002,0.112949,2
0.151584,0.174121,0.120432,2
0.00659848,0.164673,0.212475,2
0.09542,0.132442,0.191666,2
0.0178846,0.157573,0.158653,2
0.214594,0.128543,0.138805,2
0.0606702,0.140061,0.133743,2
0.000767565,0.134333,0.167796,2
0.175405,0.129276,0.201829,2
0.048775,0.223024,0.110925,2
0.0765236,0.166154,0.171357,2
0.138062,0.138177,0.182466,2
0.121876,0.188535,0.203553,2
0.196303,0.217724,0.177528,2
0.0628931,0.202625,0.105053,2
0.0543663,0.224513,0.146918,2
0.201859,0.132557,0.215227,2
0.101206,0.137652,0.105993,2
0.182957,0.216337,0.177592,2
0.21054,0.17136,0.10756,2
0.0270643,0.140579,0.176657,2
0.0384161,0.139519,0.165814,2
0.073573,0.188886,0.167337,2
0.120959,0.189522,0.197966,2
0.162191,0.134161,0.145415,2
0.106059,0.143072,0.106329,2
0.0514159,0.145204,0.113454,2
0.192457,0.148251,0.140451,2
0.12736,0.125824,0.17232,2
0.149797,0.154149,0.192367,2
0.103896,0.180183,0.166557,2
0.14746,0.163157,0.196877,2
0.140475,0.165227,0.14652,2
0.0284806,0.188471,0.111249,2
0.097684,0.205222,0.107763,2
0.0936644,0.140808,0.104941,2
0.171853,0.181071,0.119283,2
0.111701,0.135557,0.119883,2
0.0859398,0.203506,0.218863,2
0.0982589,0.14422,0.105285,2
0.0526097,0.158235,0.11116,2
0.0715415,0.135307,0.152761,2
0.18379,0.149917,0.215133,2
0.0958201,0.145043,0.105324,2
0.104932,0.136963,0.103733,2
0.0985256,0.224838,0.140365,2
0.0956329,0.134637,0.10486,2
0.0816573,0.216329,0.193525,2
0.125668,0.217575,0.219905,2
0.167054,0.133834,0.131733,2
0.201336,0.140467,0.215545,2
0.0107796,0.151811,0.159669,2
0.0933309,0.210417,0.143195,2
0.0532476,0.224056,0.147867,2
0.198231,0.145555,0.219439,2
0.0981885,0.137992,0.106941,2
0.13195,0.200998,0.152131,2
0.195401,0.194335,0.191519,2
0.0818568,0.133706,0.133517,2
0.0411486,0.195228,0.174329,2
0.160293,0.131586,0.163892,2
0.00454063,0.158612,0.103834,2
0.222014,0.183822,0.112819,2
0.101888,0.167176,0.128941,2
0.105043,0.137962,0.107022,2
0.0223416,0.155684,0.211511,2
0.134527,0.195,0.176064,2
0.031738,0.212268,0.222392,2
0.090943,0.172325,0.137688,2
0.13393,0.134475,0.156701,2
0.170351,0.200469,0.205493,2
0.0733278,0.147402,0.152949,2
0.0815757,0.185935,0.116241,2
0.105587,0.224007,0.153251,2
0.204457,0.200419,0.123028,2
0.180653,0.212243,0.185471,2
0.121681,0.224389,0.186158,2
0.0637348,0.136451,0.196594,2
0.0595727,0.216145,0.152409,2
0.113048,0.203117,0.217472,2
0.0219703,0.19569,0.159669,2
0.0795646,0.138637,0.162629,2
0.153655,0.150936,0.207879,2
0.0417424,0.191822,0.163586,2
0.131794,0.198208,0.137579,2
0.111417,0.137818,0.111019,2
0.0762361,0.186164,0.186044,2
0.0516051,0.19567,0.177572,2
0.0952149,0.141185,0.103429,2
0.126278,0.208726,0.109265,2
0.0721773,0.187374,0.139302,2
0.0955241,0.143537,0.103946,2
0.014358,0.209657,0.198123,2
0.10058,0.144184,0.10546,2
0.0614801,0.136945,0.135311,2
0.0316845,0.155798,0.189393,2
0.0885349,0.161284,0.191449,2
0.138418,0.187862,0.195559,2
0.2099,0.135834,0.140397,2
0.0981878,0.142425,0.10408,2
0.0986909,0.139863,0.103537,2
0.103412,0.143558,0.103729,2
0.102226,0.144071,0.103684,2
0.137224,0.216057,0.103131,2
0.102335,0.14213,0.10378,2
0.0968124,0.142019,0.103325,2
0.0959469,0.143606,0.103111,2
0.0561017,0.0832097,0.0744202,3
0.162484,0.120218,0.0706699,3
0.0622684,0.00066787,0.11001,3
0.0269249,0.0017273,0.0846054,3
0.0293361,0.0627158,0.0144704,3
0.0127621,0.0988554,0.0332853,3
0.101594,0.0171332,0.0813472,3
0.0258706,0.0186441,0.0646459,3
0.0945863,0.0941151,0.110103,3
0.192665,0.0316515,0.0777502,3
0.0998833,0.055952,0.0696641,3
0.157837,0.0730216,0.108909,3
0.0558734,0.100945,0.0799839,3
0.147175,0.067544,0.058595,3
0.0510102,0.102608,0.0684366,3
0.0324887,0.0209841,0.0228537,3
0.187133,0.0563978,0.0277622,3
0.109973,0.0768566,0.0212531,3
0.0949622,0.111097,0.0927553,3
0.0853787,0.0478689,0.0334054,3
0.111055,0.00139477,0.0861482,3
0.160288,0.0965918,0.0235914,3
0.210116,0.00165771,0.042752,3
0.109276,0.00939892,0.0864525,3
0.160266,0.0959113,0.0203522,3
0.0222591,0.0630233,0.114141,3
0.134684,0.0350826,0.0979986,3
0.0976522,0.0642098,0.0354524,3
0.163248,0.0514141,0.0486691,3
0.0168749,0.103734,0.0954332,3
0.0246895,0.0323248,0.0447984,3
0.164076,0.0808549,0.104772,3
0.136619,0.0593902,0.0775987,3
0.0433108,0.0799253,0.0965428,3
0.0247802,0.114999,0.0248389,3
0.162712,0.052108,0.0904008,3
0.062318,0.101218,0.11159,3
0.0530392,0.0713282,0.0740372,3
0.0605429,0.0261984,0.0178106,3
0.186422,0.0475805,0.048287,3
0.153107,0.115869,0.0732977,3
0.0209883,0.0930237,0.111459,3
0.152724,0.0153313,0.0455636,3
0.165068,0.103066,0.00183288,3
0.0477968,0.0316805,0.0220131,3
0.0427178,0.0224547,0.0583081,3
0.170427,0.0578167,0.0497104,3
0.142112,0.0461544,0.0364427,3
0.198404,0.0789151,0.00504467,3
0.180387,0.0726313,0.056637,3
0.211219,0.0390315,0.0809372,3
0.052803,0.12131,0.105236,3
0.0634498,0.0719462,0.111159,3
0.214031,0.0871842,0.0386197,3
0.149822,0.0921957,0.03611,3
0.155743,0.094713,0.0229539,3
0.155764,0.0968664,0.0196265,3
0.191035,0.0453829,0.0420869,3
0.0182065,0.0896721,0.081682,3
0.146505,0.0949339,0.0290444,3
0.215716,0.0602875,0.0770623,3
0.0923464,0.0846301,0.0662904,3
0.0792186,0.0480466,0.0613395,3
0.0776385,0.111207,0.0272637,3
0.00518775,0.0828266,0.0634505,3
0.0460233,0.0813044,0.0971449,3
0.216214,0.109226,0.0151375,3
0.0778657,0.0955033,0.0355675,3
0.152519,0.0428986,0.0282594,3
0.163708,0.0598285,0.00985695,3
0.0681706,0.0803279,0.0375189,3
0.0866693,0.0764342,0.104252,3
0.0169656,0.0727802,0.0877151,3
0.0175495,0.0798642,0.0207714,3
0.17438,0.0816804,0.070718,3
0.208379,0.0368521,0.0523346,3
0.0722259,0.0629424,0.0913751,3
0.175288,0.094413,0.0314885,3
0.0142381,0.0903556,0.0797469,3
0.0391049,0.0729249,0.0934741,3
0.104237,0.00420833,0.047287,3
0.0632124,0.0917846,0.0286763,3
0.125224,0.0654311,0.0204908,3
0.110539,0.0972137,0.0992645,3
0.00174712,0.104226,0.112914,3
0.159552,0.054185,0.0849074,3
0.153901,0.0623307,0.0638139,3
0.13177,0.0676299,0.0690926,3
0.157236,0.00814162,0.102553,3
0.053721,0.0995895,0.101881,3
0.169642,0.0335886,0.00371986,3
0.0471459,0.00117487,0.0954721,3
0.150268,0.122964,0.0571115,3
0.148449,0.0324629,0.0897382,3
0.107508,0.00768865,0.0162793,3
0.0242909,0.118166,0.080192,3
0.138647,0.0420879,0.0315505,3
0.200869,0.023574,0.0417236,3
0.00139303,0.0777614,0.0471756,3
0.0527204,0.103634,0.102057,3
0.192437,0.10433,0.0225022,3
0.134247,0.0324467,0.0340422,3
0.0919742,0.0493201,0.0141785,3
0.0615155,0.0409843,0.103172,3
0.170507,0.0902128,0.10382,3
0.205864,0.034493,0.0543335,3
0.0179192,0.0155857,0.016119,3
0.178757,0.0857726,0.0546517,3
0.0322024,0.0669317,0.025553,3
0.0360833,0.118309,0.0943467,3
0.0938662,0.0812856,0.0694747,3
0.144769,0.109746,0.0714717,3
0.115347,0.00643316,0.0410499,3
0.0269066,0.0641492,0.0366691,3
0.0457687,0.100243,0.0898049,3
0.182708,0.0442642,0.0521886,3
0.109232,0.018701,0.0166123,3
0.167951,0.00148054,0.021195,3
0.22465,0.0760547,0.0369049,3
0.163624,0.101465,0.112074,3
0.224049,0.0202481,0.0495625,3
0.107681,0.0555689,0.0918148,3
0.210403,0.0785934,0.0298302,3
0.178969,0.117516,0.105566,3
0.00760489,0.00175405,0.111468,3
0.0644946,0.0754515,0.11173,3
0.112639,0.107374,0.108862,3
0.0606484,0.0749432,0.114516,3
