x coord,y coord,z coord,rank
0.109017,0.011478,0.122101,0
0.048867,0.00207232,0.117952,0
0.0894671,0.0165671,0.0872231,0
0.0290507,0.0136775,0.0985552,0
0.0490193,0.0755681,0.0379966,0
0.029613,0.0763518,0.122438,0
0.0980598,0.0778433,0.0530229,0
0.102643,0.0832372,0.0479484,0
0.100279,0.0813866,0.0493338,0
0.0299742,0.0161459,0.136507,0
0.111851,0.103328,0.0873992,0
0.102771,0.0184973,0.0813697,0
0.0297426,0.0076385,0.033422,0
0.0919654,0.0100905,0.117149,0
0.0128692,0.0528897,0.0890788,0
0.0941368,0.115667,0.0635849,0
0.0798799,0.0676993,0.0398428,0
0.0341829,0.0936083,0.021222,0
0.0366646,0.0912351,0.120035,0
0.0287553,0.0215267,0.0181119,0
0.0238579,0.043723,0.0717455,0
0.033906,0.0763205,0.148437,0
0.0872933,0.0721311,0.0585191,0
0.100248,0.066823,0.0116884,0
0.0497143,0.0302094,0.150535,0
0.00300392,0.071684,0.160346,0
0.00674225,0.0920137,0.190999,0
0.0183041,0.0218171,0.209299,0
0.0781781,0.0504099,0.100394,0
0.0873446,0.083157,0.128992,0
0.000403656,0.0202441,0.144975,0
0.0529448,0.0293898,0.0599865,0
0.0995516,0.0622369,0.0403703,0
0.0183535,0.117206,0.0540402,0
0.0588053,0.0642432,0.125722,0
0.0247734,0.0399141,0.143032,0
0.059124,0.118728,0.148625,0
0.0708481,0.109091,0.108709,0
0.0275701,0.0811211,0.0763333,0
0.0709356,0.009292,0.191418,0
0.0325113,0.051386,0.0132716,0
0.0951675,0.0366528,0.220678,0
0.0302035,0.0282165,0.0384851,0
0.109168,0.00922128,0.184557,0
0.0216489,0.025304,0.0329513,0
0.102614,0.011122,0.0405457,0
0.0306408,0.02968,0.0358603,0
0.0972775,0.0256191,0.205925,0
0.0224975,0.0328506,0.184123,0
0.117678,0.0643061,0.106104,0
0.0818302,0.015736,0.056675,0
0.042191,0.0970058,0.0969092,0
0.0895649,0.0584553,0.169257,0
0.0846128,0.0599323,0.0932367,0
0.0297417,0.0755097,0.0294226,0
0.00407971,0.00259114,0.173962,0
0.0242342,0.0554374,0.0221183,0
0.076998,0.0610882,0.216059,0
0.0860719,0.0787715,0.169389,0
0.00999005,0.0813025,0.0955561,0
0.0101223,0.0675062,0.155904,0
0.0693523,0.0309137,0.155788,0
0.0791016,0.101048,0.0680101,0
0.0929497,0.122618,0.157403,0
0.0352291,0.115413,0.118067,0
0.0133595,0.121178,0.0473081,0
0.0633907,0.0183538,0.165333,0
0.112816,0.0996559,0.0635168,0
0.0965874,0.00567242,0.0954139,0
0.0309621,0.0719668,0.160522,0
0.00400692,0.059152,0.154165,0
0.0840317,0.0983041,0.0657914,0
0.0867851,0.0675507,0.110038,0
0.0499755,0.0396821,0.0959147,0
0.0979191,0.0693685,0.0282128,0
0.0445266,0.063066,0.141211,0
0.064429,0.037146,0.193652,0
0.0771321,0.011636,0.163927,0
0.0747281,0.0338261,0.12614,0
0.0432341,0.0921559,0.126042,0
0.0639445,0.0952043,0.0127238,0
0.0583501,0.0344265,0.0553083,0
0.0039435,0.105401,0.136701,0
0.0534016,0.0721104,0.0565737,0
0.0958937,0.118514,0.101779,0
0.0485729,0.0188343,0.108487,0
0.0354273,0.0156488,0.130485,0
0.0395721,0.0848729,0.0525564,0
0.0400684,0.0724868,0.207428,0
0.0327058,0.0704366,0.101193,0
0.025176,0.0322599,0.0806618,0
0.0174913,0.0780199,0.0705632,0
0.0724248,0.0743814,0.104237,0
0.114396,0.0169321,0.0587051,0
0.0868883,0.0857214,0.0121144,0
0.061821,0.0742188,0.141324,0
0.0620524,0.0285581,0.205014,0
0.0329965,0.056933,0.0709411,0
0.0848415,0.0958169,0.0962782,0
0.05635,0.069349,0.124852,0
0.0458146,0.000777635,0.147563,0
0.0193331,0.109047,0.0194426,0
0.0311104,0.00371295,0.188466,0
0.106389,0.00705029,0.185436,0
0.0838555,0.0416505,0.0405098,0
0.0446313,0.0268792,0.0877958,0
0.117892,0.0978807,0.210169,0
0.0377323,0.0110995,0.199743,0
0.0501604,0.000370594,0.161174,0
0.0301054,0.024329,0.138242,0
0.0436338,0.0575658,0.159403,0
0.107721,0.0786775,0.0106801,0
0.0230549,0.102317,0.174136,0
0.101727,0.00978996,0.103398,0
0.0959493,0.0113321,0.191123,0
0.108926,0.0979274,0.187174,0
0.1048,0.0333429,0.111687,0
0.0121941,0.103151,0.136973,0
0.0988113,0.0793824,0.113657,0
0.0287046,0.109137,0.128152,0
0.0840056,0.0959161,0.158556,0
0.116841,0.0765887,0.0951853,0
0.0234496,0.116665,0.151572,0
0.117173,0.0327401,0.0695911,0
0.145759,0.189728,0.0863851,1
0.140408,0.173063,0.0482417,1
0.143633,0.183322,0.0866653,1
0.16441,0.156835,0.0212983,1
0.146827,0.183302,0.0896294,1
0.14687,0.190541,0.0881634,1
0.147393,0.193069,0.0865012,1
0.141311,0.190816,0.0907495,1
0.14536,0.197558,0.0844195,1
0.179257,0.127283,0.0333818,1
0.214676,0.212146,0.042358,1
0.144844,0.183157,0.0802483,1
0.224009,0.127433,0.0325801,1
0.146089,0.188689,0.0893401,1
0.143083,0.187073,0.0861596,1
0.145385,0.196019,0.083654,1
0.172315,0.186504,0.0182921,1
0.142154,0.192921,0.0835108,1
0.147031,0.192795,0.0826988,1
0.18915,0.14155,0.0788663,1
0.141297,0.184113,0.087673,1
0.140789,0.187242,0.0898988,1
0.139621,0.127429,0.0664028,1
0.147768,0.185258,0.0889521,1
0.173966,0.20647,0.10119,1
0.21675,0.20981,0.161932,1
0.175158,0.142622,0.0609926,1
0.205884,0.147603,0.0739399,1
0.146284,0.193515,0.0835429,1
0.174197,0.202074,0.206175,1
0.145566,0.20963,0.0931873,1
0.143938,0.193353,0.0857699,1
0.194881,0.128194,0.18416,1
0.146691,0.193341,0.0853256,1
0.151157,0.193816,0.00764979,1
0.193669,0.210031,0.136143,1
0.159588,0.217927,0.21075,1
0.159235,0.198035,0.166633,1
0.18671,0.150532,0.203642,1
0.157711,0.214811,0.210515,1
0.211468,0.224172,0.209758,1
0.197281,0.220492,0.169545,1
0.222878,0.220399,0.0963301,1
0.144958,0.188524,0.0844447,1
0.161739,0.214605,0.100137,1
0.177418,0.17532,0.0552792,1
0.209869,0.142238,0.208308,1
0.209069,0.204093,0.0293149,1
0.186871,0.184394,0.155797,1
0.149456,0.192623,0.0832694,1
0.148879,0.17024,0.19984,1
0.14466,0.192032,0.0866065,1
0.143587,0.188455,0.0827527,1
0.145533,0.19096,0.0871589,1
0.164237,0.203338,0.170588,1
0.156712,0.186605,0.0107414,1
0.17812,0.16101,0.0272244,1
0.142471,0.187315,0.083562,1
0.17184,0.132337,0.149503,1
0.176931,0.217287,0.0835046,1
0.159297,0.150602,0.181513,1
0.184809,0.189969,0.205131,1
0.153672,0.193385,0.0827149,1
0.17395,0.192684,0.0305704,1
0.150574,0.186446,0.0882972,1
0.151453,0.146365,0.026117,1
0.205148,0.192763,0.223339,1
0.194888,0.12692,0.0617601,1
0.166341,0.163639,0.20279,1
0.204661,0.143239,0.045051,1
0.210126,0.214282,0.212389,1
0.144798,0.189623,0.0802969,1
0.168744,0.142401,0.167765,1
0.195005,0.162022,0.17347,1
0.146183,0.186921,0.090699,1
0.186123,0.221455,0.157252,1
0.215963,0.190036,0.162058,1
0.181069,0.221433,0.173205,1
0.143043,0.18923,0.17867,1
0.139986,0.188522,0.0877826,1
0.189943,0.197751,0.0733851,1
0.170173,0.175162,0.0227284,1
0.196663,0.208854,0.00119885,1
0.14428,0.190399,0.0892487,1
0.14848,0.206913,0.00198943,1
0.149292,0.187621,0.0850723,1
0.213162,0.204043,0.061474,1
0.182006,0.132165,0.160557,1
0.150692,0.127594,0.219582,1
0.223979,0.174926,0.0261018,1
0.144844,0.166087,0.141083,1
0.142253,0.198209,0.0876497,1
0.199299,0.15866,0.180912,1
0.163523,0.163986,0.202267,1
0.176229,0.139779,0.00311995,1
0.218969,0.15231,0.0517282,1
0.216561,0.12829,0.0943387,1
0.150581,0.192876,0.0883646,1
0.147498,0.184809,0.0842338,1
0.168976,0.203304,0.202899,1
0.143291,0.188146,0.0869472,1
0.222669,0.165054,0.0614915,1
0.149285,0.218617,0.202202,1
0.145144,0.189702,0.0860209,1
0.142683,0.191773,0.0906891,1
0.145568,0.185255,0.088027,1
0.171086,0.165383,0.219572,1
0.139422,0.185531,0.0865071,1
0.147539,0.193638,0.0890164,1
0.145067,0.188349,0.0906321,1
0.142643,0.192594,0.0876937,1
0.153441,0.182164,0.0754799,1
0.14693,0.191005,0.0897151,1
0.139911,0.186024,0.0891019,1
0.142911,0.190151,0.095131,1
0.154721,0.184523,0.0031638,1
0.149151,0.190651,0.0838902,1
0.207596,0.161515,0.0557174,1
0.141098,0.190671,0.0820473,1
0.224372,0.134231,0.0505296,1
0.142436,0.19188,0.0899921,1
0.148074,0.190075,0.0822292,1
0.184557,0.216196,0.0403293,1
0.140475,0.190526,0.0859182,1
0.139973,0.193124,0.0826595,1
0.198586,0.0743755,0.169265,2
0.128366,0.0916359,0.217016,2
0.136856,0.0506773,0.151925,2
0.142683,0.12247,0.161877,2
0.208722,0.0727388,0.175498,2
0.215551,0.120236,0.0163256,2
0.170071,0.08163,0.181604,2
0.143051,0.122645,0.157263,2
0.22027,0.00101612,0.178447,2
0.14391,0.106456,0.112862,2
0.151268,0.0299925,0.0253876,2
0.197091,0.0891799,0.110185,2
0.129522,0.123541,0.126851,2
0.152797,0.0856222,0.224288,2
0.210174,0.119925,0.0520401,2
0.198014,0.0854706,0.157517,2
0.175094,0.019878,0.0892597,2
0.158381,0.0995184,0.0312995,2
0.163753,0.0599425,0.160089,2
0.171751,0.030841,0.0103961,2
0.138583,0.102519,0.201196,2
0.188278,0.0919456,0.00710016,2
0.160295,0.0131458,0.0236732,2
0.142419,0.0949129,0.159508,2
0.178058,0.0638916,0.153128,2
0.215541,0.00288691,0.192461,2
0.123601,0.00506966,0.00524101,2
0.224977,0.00400009,0.0756397,2
0.175874,0.0646878,0.00894472,2
0.120902,0.0382967,0.217466,2
0.182761,0.0480785,0.00701924,2
0.190201,0.0750858,0.169616,2
0.181305,0.00585991,0.157273,2
0.161194,0.0927817,0.0531955,2
0.223603,0.0165937,0.0813045,2
0.153698,0.00385019,0.0251217,2
0.210545,0.0634762,0.0283238,2
0.188307,0.0888468,0.20535,2
0.172059,0.0199366,0.120807,2
0.126632,0.0318267,0.221128,2
0.222974,0.0447126,0.158109,2
0.136794,0.119577,0.0122475,2
0.126759,0.0239588,0.090727,2
0.181496,0.0620202,0.153155,2
0.132794,0.00398663,0.149107,2
0.148441,0.0342162,0.168309,2
0.131799,0.00735416,0.0097968,2
0.171721,0.0596823,0.193087,2
0.17278,0.026969,0.18112,2
0.210912,0.00414972,0.18882,2
0.160837,0.0649504,0.0591998,2
0.13075,0.0341754,0.224843,2
0.130869,0.107039,0.01741,2
0.128312,0.00930226,0.175318,2
0.181667,0.117965,0.193919,2
0.215546,0.047652,0.0519493,2
0.21748,0.0286391,0.0752693,2
0.126883,0.0627411,0.176687,2
0.15019,0.000355311,0.0684667,2
0.157844,0.123033,0.0392126,2
0.220024,0.0354376,0.125723,2
0.209037,0.0544498,0.0817055,2
0.140202,0.0256394,0.00315167,2
0.167876,0.0368175,0.0469735,2
0.144557,0.0743575,0.0126769,2
0.224687,0.0700698,0.0225865,2
0.167399,0.09805,0.0635536,2
0.135191,0.0874861,0.202299,2
0.121823,0.0203041,0.187172,2
0.141374,0.0610193,0.0241308,2
0.179079,0.104611,0.0408536,2
0.174653,0.00884424,0.0331253,2
0.156864,0.0156602,0.111847,2
0.170628,0.111614,0.0617323,2
0.159448,0.0540625,0.163945,2
0.166995,0.0882244,0.0675885,2
0.165095,0.00539589,0.0130986,2
0.215554,0.106543,0.00838192,2
0.167188,0.0178721,0.131298,2
0.153344,0.0110367,0.163831,2
0.207363,0.0507733,0.161406,2
0.195129,0.0210236,0.0151737,2
0.221906,0.0349337,0.0161993,2
0.145025,0.0110177,0.166784,2
0.163539,0.0542694,0.19179,2
0.17154,0.0230666,0.0633495,2
0.119184,0.0299873,0.0042524,2
0.220322,0.0132015,0.0940848,2
0.15995,0.108754,0.211955,2
0.18204,0.0127316,0.0295875,2
0.179514,0.0622497,0.00669963,2
0.219127,0.0749793,0.0644771,2
0.151309,0.115235,0.178545,2
0.199885,0.025019,0.133966,2
0.137737,0.00849027,0.0234412,2
0.15432,0.108758,0.153065,2
0.138103,0.103501,0.116745,2
0.204353,0.0166798,0.105419,2
0.14906,0.0111656,0.187702,2
0.142347,0.0610366,0.126906,2
0.161486,0.0090054,0.103284,2
0.209737,0.0350999,0.109982,2
0.132648,0.0544727,0.109606,2
0.222802,0.11344,0.0993073,2
0.167936,0.0583263,0.118493,2
0.193022,0.0630819,0.205014,2
0.213174,0.0428449,0.110082,2
0.218359,0.0818736,0.083713,2
0.216783,0.0152232,0.155379,2
0.124637,0.0903789,0.0992372,2
0.224184,0.0467925,0.121863,2
0.224199,0.0520523,0.222747,2
0.146328,0.00382069,0.121805,2
0.205057,0.0817526,0.0677931,2
0.144171,0.0895273,0.181419,2
0.1941,0.0992178,0.184198,2
0.141251,0.117891,0.0889803,2
0.130187,0.0904333,0.0558866,2
0.127464,0.0618419,0.0971231,2
0.156991,0.0305851,0.0807798,2
0.195956,0.0622331,0.0950409,2
0.124022,0.0695971,0.040872,2
0.148938,0.118464,0.145328,2
0.165067,0.0257567,0.107429,2
0.123749,0.0342478,0.221015,2
0.124472,0.0666847,0.0895694,2
0.203275,0.117925,0.0452618,2
0.125575,0.120044,0.0888006,2
0.113629,0.196756,0.123317,3
0.12276,0.144993,0.159357,3
0.0342779,0.21478,0.0849489,3
0.0207379,0.143397,0.0369288,3
0.0828797,0.134267,0.145094,3
0.0640217,0.131887,0.223449,3
0.0482207,0.126716,0.195508,3
0.0105912,0.216758,0.183378,3
0.0259982,0.210271,0.148364,3
0.11247,0.217791,0.101914,3
0.100622,0.22399,0.123849,3
0.0530236,0.188703,0.0785158,3
0.0154247,0.195493,0.0600375,3
0.0222638,0.176382,0.0284388,3
0.00394485,0.194402,0.216049,3
0.0350119,0.197916,0.0265813,3
0.0978731,0.152524,0.183832,3
0.0178148,0.134529,0.129569,3
0.136899,0.16199,0.16632,3
0.0110753,0.213663,0.214923,3
0.0401704,0.164454,0.185766,3
0.0945751,0.167283,0.00409257,3
0.00116301,0.136136,0.17168,3
0.0670547,0.147429,0.195697,3
0.0338969,0.221539,0.0502181,3
0.0767861,0.196238,0.0699079,3
0.132597,0.146145,0.206049,3
0.0740931,0.136988,0.121906,3
0.0272297,0.16108,0.128691,3
0.0470216,0.161438,0.0475176,3
0.0113985,0.153927,0.1968,3
0.0859561,0.142266,0.178599,3
0.12696,0.183174,0.089762,3
0.0902561,0.182639,0.102735,3
0.0694648,0.156974,0.0252314,3
0.0555045,0.138071,0.0383915,3
0.0869854,0.221083,0.157514,3
0.0167226,0.133443,0.0718066,3
0.0189831,0.16171,0.0349561,3
0.0591073,0.174562,0.0826727,3
0.0627911,0.174155,0.175,3
0.102998,0.161153,0.133909,3
0.007154,0.187319,0.1334,3
0.113729,0.124979,0.0741376,3
0.0168596,0.215888,0.221161,3
0.049405,0.219764,0.145307,3
0.025368,0.156261,0.184871,3
0.0640233,0.180454,0.0455666,3
0.00681217,0.124323,0.159995,3
0.133807,0.147718,0.108378,3
0.0592554,0.129329,0.164035,3
0.0175704,0.174881,0.0536144,3
0.0630017,0.170465,0.118741,3
0.125011,0.195946,0.081215,3
0.000607636,0.222694,0.145395,3
0.0540461,0.160315,0.183089,3
0.078137,0.160464,0.206784,3
0.00451775,0.166488,0.173257,3
0.123789,0.192721,0.0207158,3
0.133991,0.142096,0.144994,3
0.010809,0.137587,0.179632,3
0.063705,0.15363,0.216807,3
0.000520751,0.164024,0.0174695,3
0.0304267,0.145039,0.141868,3
0.0207428,0.189834,0.180313,3
0.116574,0.1813,0.172677,3
0.0551269,0.136422,0.160533,3
0.0473811,0.152765,0.186293,3
0.090648,0.164741,0.181565,3
0.118412,0.184238,0.0607066,3
0.0286354,0.135644,0.111339,3
0.0417971,0.214445,0.0713251,3
0.115044,0.194242,0.131471,3
0.111936,0.136128,0.133731,3
0.110395,0.181416,0.104832,3
0.0232316,0.199122,0.152816,3
0.128357,0.192142,0.0662473,3
0.0253839,0.172392,0.034116,3
0.0661724,0.156703,0.188004,3
0.0845071,0.201182,0.0988386,3
0.0478387,0.208461,0.191966,3
0.116942,0.217378,0.21283,3
0.037831,0.166506,0.192184,3
0.104585,0.174297,0.157523,3
0.0686176,0.15814,0.202889,3
0.120905,0.219155,0.0608199,3
0.0866468,0.206845,0.12963,3
0.0272215,0.148646,0.18712,3
0.0505588,0.221912,0.0536995,3
0.0594345,0.200974,0.157118,3
0.0847167,0.151673,0.207643,3
0.136667,0.204566,0.0609925,3
0.0240945,0.209119,0.0291584,3
0.103051,0.145716,0.0219892,3
0.128291,0.205025,0.0267301,3
0.10215,0.149571,0.0464455,3
0.0518815,0.213394,0.0418259,3
0.0559215,0.135246,0.103383,3
0.113092,0.17805,0.13807,3
0.0709473,0.220781,0.063009,3
0.134267,0.162807,0.212261,3
0.00543085,0.214767,0.178958,3
0.0887159,0.18448,0.153457,3
0.0566774,0.124898,0.0888245,3
0.0548549,0.193413,0.200066,3
0.137146,0.184842,0.166511,3
0.0680393,0.159992,0.155932,3
0.114288,0.177557,0.0426312,3
0.0367075,0.191527,0.140356,3
0.0983715,0.162678,0.00973494,3
0.0440667,0.224859,0.0921593,3
0.0166552,0.162417,0.0663526,3
0.0618816,0.148017,0.0969151,3
0.0650513,0.135844,0.122139,3
0.0486861,0.14774,0.100378,3
0.0873987,0.171893,0.0977604,3
0.0840787,0.187681,0.0517961,3
0.0516919,0.223104,0.0996916,3
0.0998714,0.131238,0.0904211,3
0.0646298,0.222579,0.110925,3
0.0949477,0.218783,0.129237,3
0.0423481,0.190342,0.119545,3
0.133919,0.125197,0.130737,3
