x coord,y coord,z coord,rank
0.127493,0.0358298,0.185233,0
0.0433543,0.0751184,0.165767,0
0.169803,0.0231269,0.18834,0
0.102444,0.00516751,0.18458,0
0.0468358,0.0500812,0.129588,0
0.186083,0.00698709,0.143758,0
0.105828,0.0693715,0.175389,0
0.0692274,0.108916,0.141495,0
0.218233,0.0464094,0.158449,0
0.143628,0.00130157,0.128982,0
0.129965,0.0791581,0.124157,0
0.14498,0.0334207,0.176189,0
0.192713,0.0569544,0.217573,0
0.00695063,0.078223,0.190905,0
0.172528,0.0138123,0.160828,0
0.121021,0.00260622,0.218738,0
0.179555,0.0284381,0.140351,0
0.00569382,0.0960892,0.223006,0
0.187729,0.0373235,0.216694,0
0.168018,0.0690788,0.214794,0
0.149308,0.0148822,0.130691,0
0.0932875,0.0641648,0.191673,0
0.176174,0.0868684,0.146405,0
0.0283428,0.0769123,0.130962,0
0.215215,0.0660299,0.207,0
0.0382174,0.0394877,0.126094,0
0.026963,0.0280455,0.179864,0
0.103551,0.0166155,0.133963,0
0.163501,0.00550029,0.177783,0
0.0904767,0.0491986,0.142795,0
0.155704,0.00621532,0.213238,0
0.163576,0.0431824,0.189112,0
0.0912913,0.00608129,0.141003,0
0.0260787,0.0741154,0.132365,0
0.0790772,0.0904914,0.120829,0
0.21102,0.0276121,0.191782,0
0.212665,0.0151323,0.156336,0
0.193529,0.0900878,0.182266,0
0.00758417,0.0222259,0.182116,0
0.0375024,0.0435959,0.18014,0
0.0439073,0.105932,0.116675,0
0.0151594,0.0437448,0.191414,0
0.175016,0.0588391,0.22121,0
0.125899,0.0787961,0.216728,0
0.193318,0.0992976,0.180073,0
0.0227763,0.0482503,0.216316,0
0.0177995,0.0974339,0.205726,0
0.204633,0.0120814,0.170632,0
0.00751573,0.0923223,0.119924,0
0.0326321,0.00577159,0.21554,0
0.189574,0.0981411,0.224279,0
0.174464,0.0813857,0.176655,0
0.168238,0.0493533,0.155358,0
0.02855,0.0787866,0.158508,0
0.213196,0.0435991,0.187403,0
0.161413,0.0779666,0.152469,0
0.17769,0.0610646,0.13418,0
0.0133602,0.0286189,0.20284,0
0.136521,0.0550818,0.218595,0
0.194689,0.0952856,0.183829,0
0.194452,0.0155555,0.224556,0
0.0764565,0.0509239,0.185819,0
0.22322,0.0615677,0.137051,0
0.218893,0.063373,0.222774,0
0.204194,0.0609795,0.148185,0
0.00644693,0.0698924,0.18606,0
0.0811624,0.0385035,0.173946,0
0.172382,0.0156947,0.171921,0
0.0350964,0.034042,0.147563,0
0.0703759,0.0391472,0.130209,0
0.111728,0.0257586,0.108927,0
0.216318,0.0287194,0.211264,0
0.22086,0.0651946,0.174677,0
0.174431,0.0681016,0.161611,0
0.142679,0.014355,0.122904,0
0.186312,0.0652098,0.122235,0
0.0261444,0.105398,0.125609,0
0.0173631,0.0337898,0.172957,0
0.16388,0.0846795,0.12946,0
0.0464266,0.0444614,0.13315,0
0.206029,0.011267,0.224967,0
0.171886,0.0849285,0.213207,0
0.170292,0.0666133,0.168667,0
0.0317741,0.0892673,0.134582,0
0.19315,0.100453,0.1425,0
0.0794936,0.0753656,0.125496,0
0.197731,0.0396366,0.158882,0
0.224843,0.0610434,0.108902,0
0.191699,0.104122,0.111455,0
0.215674,0.0807388,0.196821,0
0.182173,0.0791929,0.151992,0
0.166296,0.0665245,0.113652,0
0.0999707,0.0647542,0.157246,0
0.0501704,0.0840597,0.171503,0
0.212682,0.0890202,0.143572,0
0.130404,0.033946,0.191202,0
0.20453,0.0819291,0.211056,0
0.199005,0.0700988,0.2239,0
0.178409,0.0654403,0.184215,0
0.154862,0.0663237,0.148864,0
0.0114963,0.0511026,0.186273,0
0.0980626,0.0945403,0.122129,0
0.141889,0.0980823,0.150555,0
0.110726,0.043799,0.207683,0
0.053347,0.0735494,0.216257,0
0.0159732,0.0892193,0.194163,0
0.0747187,0.0586337,0.128273,0
0.0884869,0.0114131,0.17291,0
0.188157,0.103615,0.165077,0
0.0233159,0.031587,0.169735,0
0.0356517,0.0439083,0.114865,0
0.0630049,0.110422,0.222069,0
0.0250666,0.0744448,0.212306,0
0.0228231,0.0324972,0.17659,0
0.00560706,0.0956678,0.21869,0
0.0729598,0.100464,0.193252,0
0.207555,0.0990442,0.202406,0
0.197458,0.110114,0.17377,0
0.0712505,0.0674261,0.158662,0
0.191201,0.079649,0.117631,0
0.10993,0.111686,0.202891,0
0.00998845,0.0922147,0.175598,0
0.0778913,0.0452864,0.178627,0
0.100543,0.102784,0.198231,0
0.000442397,0.109877,0.117815,0
0.113261,0.105541,0.206238,0
0.0593092,0.0126119,0.111913,0
0.0122208,0.110688,0.120432,0
0.109895,0.0253517,0.0704138,1
0.112977,0.0698495,0.03548,1
0.185712,0.0564689,0.0210425,1
0.183682,0.0567819,0.017827,1
0.176735,0.0870539,0.0192654,1
0.18038,0.0615226,0.0246261,1
0.220038,0.0707082,0.0739737,1
0.0669774,0.0269044,0.0842474,1
0.18335,0.0553344,0.0173286,1
0.216293,0.0787655,0.0690358,1
0.188478,0.050712,0.0266801,1
0.122215,0.0658531,0.0560499,1
0.173448,0.057835,0.0620976,1
0.0206785,0.0246016,0.0365959,1
0.182204,0.0537007,0.023096,1
0.139486,0.0585499,0.0276825,1
0.0123364,0.0158642,0.00468818,1
0.220824,0.0212987,0.0474895,1
0.183083,0.0587995,0.0218802,1
0.182474,0.0557841,0.0193541,1
0.18028,0.0566947,0.023465,1
0.0642133,0.00216519,0.0600967,1
0.110156,0.0153603,0.0518433,1
0.0125302,0.0180246,0.00456146,1
0.0943373,0.0587445,0.00722112,1
0.134348,0.0630068,0.0260571,1
0.18297,0.0552256,0.0196145,1
0.190464,0.072919,0.0165201,1
0.172601,0.0614772,0.0539409,1
0.064929,0.07884,0.00314664,1
0.149011,0.02385,0.0793133,1
0.168867,0.0100047,0.0641073,1
0.0998607,0.0654019,0.0682808,1
0.0476996,0.0588312,0.0625329,1
0.0371602,0.0445216,0.0730266,1
0.186564,0.0524986,0.0260653,1
0.157156,0.00476791,0.0476706,1
0.00164466,0.08133,0.0556818,1
0.102217,0.0301382,0.0433004,1
0.0133875,0.0121017,0.0438121,1
0.181574,0.0601302,0.0222967,1
0.0639894,0.0863717,0.0848156,1
0.0160785,0.0104689,0.0999965,1
0.118663,0.0759968,0.0815912,1
0.0351716,0.0108062,0.098497,1
0.189871,0.0566561,0.0199413,1
0.010972,0.0230242,0.0240778,1
0.183772,0.0604365,0.022494,1
0.181102,0.0591536,0.0233944,1
0.143227,0.0789214,0.0601841,1
0.020372,0.0363532,0.00823252,1
0.14647,0.0521606,0.104995,1
0.00669379,0.0482659,0.0255768,1
0.2104,0.0693776,0.0923492,1
0.198622,0.0350368,0.0285814,1
0.185997,0.0567573,0.0240471,1
0.0603766,0.0173273,0.0629185,1
0.181123,0.0547931,0.022242,1
0.020464,0.0486554,0.0507222,1
0.0023608,0.0284753,0.0233455,1
0.0550213,0.00417472,0.0646411,1
0.123885,0.0316089,0.0324511,1
0.184788,0.0502516,0.0239876,1
0.184253,0.0565926,0.0221808,1
0.00172734,0.052169,0.00884876,1
0.189072,0.0596214,0.0247024,1
0.187835,0.0162885,0.0954491,1
0.0930372,0.0158533,0.0483948,1
0.138026,0.0122616,0.0207426,1
0.211313,0.0109527,0.106727,1
0.183876,0.0547201,0.015383,1
0.202928,0.0758059,0.0802881,1
0.186691,0.0567418,0.0186283,1
0.186381,0.0134212,0.0737184,1
0.0462739,0.0574179,0.0948143,1
0.0948723,0.00594922,0.062718,1
0.18146,0.0547018,0.0242094,1
0.0222057,0.0552398,0.00319715,1
0.116723,0.0303073,0.0118897,1
0.0423343,0.0483571,0.0131399,1
0.151744,0.0408354,0.079702,1
0.17182,0.0053212,0.0515812,1
0.185261,0.0590886,0.0214749,1
0.178449,0.0815285,0.10308,1
0.118038,0.0173864,0.102238,1
0.177833,0.0601267,0.0234578,1
0.181242,0.0536771,0.0196618,1
0.211015,0.08537,0.0460777,1
0.180489,0.0603925,0.0212081,1
0.145975,0.0763942,0.0676306,1
0.137097,0.0256856,0.000851266,1
0.206595,0.0179728,0.00323376,1
0.184133,0.0533091,0.0204355,1
0.0552627,0.00457,0.0975354,1
0.212214,0.0174485,0.0676155,1
0.184624,0.0554486,0.0189835,1
0.070598,0.0321119,0.0766844,1
0.178076,0.0540535,0.0247116,1
0.209563,0.00753527,0.0809475,1
0.222815,0.0356208,0.0739131,1
0.176768,0.0597514,0.0248903,1
0.0485871,0.057243,0.043889,1
0.18243,0.0557112,0.0252452,1
0.185886,0.0562268,0.0241471,1
0.180879,0.0537972,0.026994,1
0.0555348,0.0572415,0.0351921,1
0.181169,0.053427,0.0230233,1
0.183598,0.0520747,0.0213589,1
0.182966,0.0518221,0.0222331,1
0.183823,0.055097,0.0216725,1
0.139779,0.0811691,0.0950142,1
0.18615,0.0613757,0.0242163,1
0.181094,0.0608483,0.0220569,1
0.209398,0.0622725,0.0215537,1
0.0548805,0.0821039,0.0174726,1
0.182493,0.0541072,0.0217011,1
0.190763,0.0626369,0.0664562,1
0.150751,0.0569156,0.0827398,1
0.0467841,0.088297,0.000292348,1
0.114081,0.0140373,0.051309,1
0.152854,0.0139891,0.0605222,1
0.133442,0.0597019,0.0683521,1
0.11023,0.000589789,0.0128799,1
0.0562783,0.0548996,0.0499851,1
0.0521713,0.0306635,0.0941438,1
0.0415502,0.0857216,0.0326481,1
0.165567,0.0760398,0.0959619,1
0.124497,0.0828147,0.107084,1
0.041121,0.1698,0.0210137,2
0.122058,0.15703,0.105844,2
0.0798864,0.198656,0.0598974,2
0.0504729,0.221701,0.0359069,2
0.0773684,0.100729,0.0936447,2
0.138005,0.116911,0.0841851,2
0.114203,0.144663,0.102086,2
0.11591,0.116954,0.0295252,2
0.0394715,0.102032,0.0983398,2
0.0714795,0.134049,0.0913263,2
0.110111,0.218931,0.0208127,2
0.0981422,0.122047,0.0875575,2
0.206177,0.108582,0.100261,2
0.0880936,0.167614,0.0582917,2
0.00263528,0.167804,0.0761849,2
0.103756,0.0963218,0.0269211,2
0.166764,0.223855,0.0779374,2
0.136942,0.0990244,0.00724228,2
0.149411,0.16779,0.02532,2
0.0139757,0.182512,0.056342,2
0.130987,0.166956,0.0176864,2
0.0513145,0.177831,0.0590483,2
0.145096,0.214801,0.0439096,2
0.102479,0.131607,0.0254836,2
0.131724,0.0999881,0.0779245,2
0.211045,0.147712,0.105995,2
0.134446,0.178955,0.0155291,2
0.0997699,0.149332,0.0327775,2
0.170339,0.222854,0.0847656,2
0.161908,0.153483,0.0907429,2
0.025838,0.223914,0.0642949,2
0.0496033,0.199611,0.056721,2
0.113048,0.0966702,0.0716433,2
0.187486,0.195465,0.0938401,2
0.177456,0.212487,0.0832459,2
0.00620364,0.211417,0.0443828,2
0.171671,0.116504,0.0796992,2
0.0504265,0.17394,0.00733549,2
0.0725196,0.211028,0.0721201,2
0.108103,0.215099,0.0133105,2
0.0733659,0.102666,0.0726275,2
0.126456,0.164192,0.0129389,2
0.129279,0.141702,0.0902975,2
0.0802636,0.142305,0.0871092,2
0.0180153,0.10301,0.00328788,2
0.0279553,0.168283,0.00219356,2
0.0894613,0.160231,0.0987828,2
0.0760106,0.108158,0.0236299,2
0.078349,0.154146,0.0593965,2
0.168399,0.130563,0.027967,2
0.145268,0.101018,0.00432093,2
0.0675028,0.109326,0.0651513,2
0.095714,0.13373,0.0576262,2
0.198189,0.204181,0.0537013,2
0.176662,0.0958247,0.0422403,2
0.118803,0.223782,0.0194045,2
0.0890945,0.221492,0.0718442,2
0.100072,0.144942,0.0327313,2
0.00199952,0.114424,0.0639118,2
0.161511,0.174227,0.0459062,2
0.0912137,0.106376,0.071114,2
0.110548,0.10824,0.00263471,2
0.00997808,0.162285,0.0204483,2
0.182311,0.115928,0.0635529,2
0.0260008,0.205983,0.0444354,2
0.0886929,0.120095,0.0870701,2
0.0677599,0.188131,0.0180124,2
0.135663,0.155094,0.00210982,2
0.205764,0.207137,0.00183752,2
0.213172,0.108568,0.0208271,2
0.191819,0.126302,0.102586,2
0.160663,0.222042,0.032134,2
0.0703683,0.129966,0.066756,2
0.192326,0.169267,0.0246041,2
0.0286573,0.200291,0.0873264,2
0.0780012,0.196718,0.0202569,2
0.205589,0.0944727,0.0228608,2
0.161378,0.166664,0.0144742,2
0.178709,0.180633,0.0928923,2
0.035278,0.192381,0.0578465,2
0.049344,0.143484,0.0504994,2
0.0613951,0.131395,0.0543553,2
0.172651,0.100938,0.0213349,2
0.11243,0.186468,0.0598756,2
0.0443047,0.110556,0.102715,2
0.0455086,0.222425,0.00381616,2
0.0822369,0.0969201,0.1058,2
0.120232,0.117676,0.0077673,2
0.0419824,0.222403,0.0803676,2
0.175896,0.143714,0.0710092,2
0.209057,0.149639,0.0107239,2
0.108733,0.1803,0.0968627,2
0.165898,0.180583,0.0385648,2
0.132476,0.212606,0.0111839,2
0.154715,0.139706,0.0619634,2
0.011204,0.141459,0.0481798,2
0.0166875,0.216474,0.0846242,2
0.1792,0.189874,0.00908125,2
0.132789,0.176397,0.0754742,2
0.0853587,0.148914,0.0378226,2
0.137063,0.110451,0.0808937,2
0.143909,0.207763,0.0514822,2
0.18347,0.144073,0.0741062,2
0.061437,0.165101,0.0924447,2
0.213104,0.101045,0.0474554,2
0.215375,0.175429,0.0300205,2
0.156239,0.141865,0.0466341,2
0.034696,0.110105,0.041269,2
0.0137205,0.155872,0.0884961,2
0.0389116,0.180818,0.023184,2
0.0558726,0.094891,0.00276722,2
0.0842197,0.110457,0.0087321,2
0.19796,0.212333,0.0902504,2
0.0672772,0.116673,0.0857087,2
0.117386,0.170981,0.0934419,2
0.0569315,0.126839,0.0554394,2
0.116069,0.161549,0.0939841,2
0.103559,0.144753,0.0589772,2
0.0434802,0.177446,0.0475715,2
0.0328256,0.134314,0.00117679,2
0.0732157,0.109756,0.0991725,2
0.105832,0.123943,0.0349531,2
0.174452,0.0926263,0.0264329,2
0.128357,0.162511,0.09686,2
0.177602,0.17732,0.101375,2
0.00312422,0.177711,0.106037,2
0.0515219,0.221416,0.179576,3
0.141714,0.184419,0.20155,3
0.0295013,0.138511,0.146875,3
0.0286525,0.149966,0.125576,3
0.0211541,0.207405,0.174547,3
0.101122,0.112922,0.187489,3
0.208813,0.135158,0.136162,3
0.218394,0.166596,0.11336,3
0.103899,0.115273,0.114836,3
0.102634,0.173235,0.138537,3
0.224147,0.173871,0.137493,3
0.163698,0.221406,0.158282,3
0.0972348,0.19568,0.114616,3
0.068384,0.161091,0.161785,3
0.0270811,0.116536,0.182136,3
0.213264,0.137379,0.223601,3
0.130642,0.205653,0.197286,3
0.115322,0.135264,0.115641,3
0.0779525,0.155371,0.124614,3
0.0341295,0.161296,0.201861,3
0.0923331,0.197499,0.174025,3
0.165548,0.176519,0.215034,3
0.152768,0.133773,0.128388,3
0.0897162,0.206457,0.170535,3
0.209459,0.181745,0.145816,3
0.0279393,0.142029,0.109585,3
0.0980713,0.1191,0.130831,3
0.0953935,0.197506,0.155583,3
0.0469749,0.147426,0.15681,3
0.183605,0.196646,0.202438,3
0.194634,0.219937,0.159862,3
0.096529,0.145744,0.13274,3
0.0958827,0.164319,0.168936,3
0.162161,0.154188,0.159551,3
0.0940194,0.161859,0.176803,3
0.02335,0.149944,0.171901,3
0.00409614,0.124813,0.212118,3
0.113162,0.170059,0.112771,3
0.0107946,0.163895,0.176111,3
0.0927675,0.140951,0.110478,3
0.0225353,0.158993,0.198391,3
0.0998798,0.188478,0.109037,3
0.0325477,0.155152,0.124098,3
0.0278438,0.19768,0.13381,3
0.111208,0.13828,0.172351,3
0.134115,0.141885,0.147319,3
0.136495,0.16218,0.216066,3
0.164778,0.118229,0.135981,3
0.130017,0.187896,0.208779,3
0.134517,0.17463,0.115682,3
0.0572832,0.202192,0.214172,3
0.151504,0.117761,0.169636,3
0.149198,0.120201,0.145742,3
0.0470677,0.126857,0.168811,3
0.0201739,0.198846,0.171598,3
0.1504,0.215371,0.170727,3
0.0830998,0.19131,0.204219,3
0.116011,0.126828,0.160452,3
0.0784817,0.162039,0.160408,3
0.201771,0.152666,0.201704,3
0.0901124,0.202716,0.20004,3
0.118987,0.171546,0.213242,3
0.108403,0.176604,0.199424,3
0.101155,0.153892,0.108543,3
0.165565,0.20249,0.179235,3
0.135478,0.188483,0.123526,3
0.210565,0.223118,0.217061,3
0.218603,0.139556,0.199004,3
0.179646,0.142258,0.116192,3
0.153829,0.156324,0.205763,3
0.135947,0.208796,0.179472,3
0.151965,0.143726,0.208263,3
0.0900123,0.158794,0.191129,3
0.0970446,0.161093,0.123388,3
0.0755933,0.139624,0.166489,3
0.166313,0.216815,0.16763,3
0.134539,0.14259,0.13215,3
0.190283,0.210547,0.199922,3
0.118448,0.187807,0.135362,3
0.0342264,0.196564,0.200624,3
0.148348,0.18468,0.184989,3
0.153635,0.158046,0.156595,3
0.0843912,0.131654,0.183165,3
0.131973,0.127155,0.14813,3
0.158176,0.185223,0.159235,3
0.212371,0.178263,0.187034,3
0.066479,0.202937,0.211272,3
0.09531,0.127219,0.203878,3
0.148892,0.169235,0.192621,3
0.192262,0.208139,0.167963,3
0.138658,0.171418,0.195688,3
0.204832,0.190977,0.178167,3
0.153397,0.133999,0.149823,3
0.135846,0.157744,0.182634,3
0.0570084,0.14773,0.19655,3
0.0552096,0.127985,0.174502,3
0.0503907,0.17378,0.202074,3
0.132044,0.155524,0.193267,3
0.0943178,0.119677,0.12546,3
0.0340441,0.123202,0.197216,3
0.161057,0.220847,0.132996,3
0.105167,0.113333,0.173643,3
0.103222,0.14191,0.169338,3
0.0584252,0.155221,0.204587,3
0.00686743,0.14814,0.120858,3
0.0519947,0.130213,0.159524,3
0.145434,0.132583,0.1423,3
0.204994,0.219896,0.155189,3
0.165161,0.138104,0.156373,3
0.160471,0.153128,0.134573,3
0.0683759,0.175464,0.122105,3
0.0456832,0.210499,0.143562,3
0.140853,0.172385,0.111903,3
0.164444,0.137064,0.17207,3
0.207974,0.138449,0.202063,3
0.145915,0.150553,0.140021,3
0.0776981,0.214166,0.170626,3
0.187992,0.187325,0.10787,3
