x coord,y coord,z coord,rank
0.11357,0.0180158,0.13134,0
0.0485743,0.00273781,0.118539,0
0.0973876,0.0158564,0.0922417,0
0.0223145,0.0167569,0.0931068,0
0.050601,0.0789737,0.0439925,0
0.0195625,0.0694792,0.12008,0
0.0972748,0.0793251,0.0498805,0
0.103966,0.083321,0.0445401,0
0.0992457,0.0832276,0.0493549,0
0.0245592,0.0188499,0.134779,0
0.114415,0.102673,0.0929499,0
0.106543,0.0185571,0.083038,0
0.02938,0.0115939,0.033928,0
0.0857657,0.00234549,0.117911,0
0.0126416,0.0504442,0.0832934,0
0.0898988,0.118989,0.0643016,0
0.0879976,0.0675908,0.0447375,0
0.02803,0.0902255,0.0245338,0
0.0386301,0.0933142,0.118849,0
0.0269681,0.0223087,0.0154082,0
0.0281132,0.0531062,0.0715837,0
0.0324138,0.070648,0.148269,0
0.0888397,0.0698006,0.0678387,0
0.10492,0.0725769,0.00794103,0
0.0487741,0.0262186,0.150248,0
0.000380457,0.0778871,0.157626,0
0.00825847,0.0842659,0.191739,0
0.0172974,0.0214849,0.213204,0
0.0704184,0.0568578,0.108611,0
0.0802829,0.0840829,0.136338,0
0.00433944,0.0128619,0.150426,0
0.0488402,0.0295854,0.0576405,0
0.102771,0.056314,0.0363524,0
0.0155363,0.111088,0.0670984,0
0.0555566,0.0646634,0.128343,0
0.0251591,0.042844,0.14061,0
0.0530578,0.122828,0.155459,0
0.0691457,0.116734,0.106038,0
0.018982,0.0811949,0.0695615,0
0.0644291,0.0103031,0.184835,0
0.0304848,0.0512454,0.0192236,0
0.093269,0.0313242,0.220842,0
0.0259213,0.0320267,0.0354842,0
0.107021,0.00775561,0.185892,0
0.0201699,0.0193866,0.0264649,0
0.108457,0.0133104,0.0464712,0
0.0289386,0.030704,0.030632,0
0.0972472,0.0252021,0.211499,0
0.0202746,0.0330292,0.183535,0
0.114015,0.0652543,0.105045,0
0.08005,0.00499958,0.0576137,0
0.0458442,0.0975376,0.0943972,0
0.085518,0.0529034,0.172872,0
0.0739821,0.0533275,0.0860243,0
0.0269078,0.0762598,0.0321937,0
0.00144561,0.00886234,0.169576,0
0.0276469,0.0575362,0.0197678,0
0.0781163,0.064698,0.217298,0
0.0798637,0.0786235,0.166966,0
0.0143449,0.0849955,0.0930473,0
0.00823657,0.0744563,0.156908,0
0.0637673,0.033827,0.160644,0
0.0740337,0.104987,0.0532543,0
0.0558559,0.122577,0.0888738,0
0.0348403,0.110867,0.130013,0
0.00271525,0.113835,0.0424943,0
0.0647431,0.0180383,0.168621,0
0.112554,0.101467,0.0693422,0
0.0870707,0.00155584,0.096322,0
0.0338135,0.0684405,0.15812,0
0.00138674,0.0572202,0.161176,0
0.0833259,0.103562,0.0763346,0
0.078311,0.0726461,0.107904,0
0.0538455,0.0376203,0.0940805,0
0.0981133,0.0774219,0.0365957,0
0.0431721,0.060288,0.139602,0
0.06027,0.0352955,0.191237,0
0.0796017,0.0165307,0.15346,0
0.0699125,0.0328217,0.129003,0
0.0401185,0.0859739,0.126407,0
0.0571637,0.0963003,0.0114339,0
0.0643049,0.0341776,0.0600761,0
0.00455343,0.108217,0.143599,0
0.0517853,0.0734825,0.0565258,0
0.0946403,0.110562,0.105961,0
0.0515437,0.0261096,0.118882,0
0.0266145,0.0184751,0.140353,0
0.036953,0.0874985,0.0489662,0
0.0393747,0.071887,0.209261,0
0.028608,0.0718117,0.090286,0
0.0253206,0.0374634,0.0853912,0
0.0111273,0.080933,0.0702435,0
0.0715811,0.0704261,0.103932,0
0.116001,0.0129563,0.0578636,0
0.0905411,0.0879596,0.0088663,0
0.0645718,0.0756591,0.146821,0
0.0642172,0.0275535,0.204336,0
0.0384006,0.0619141,0.0595045,0
0.0869123,0.0971327,0.0954005,0
0.0597454,0.0674357,0.125638,0
0.0501711,0.00191583,0.153566,0
0.0146758,0.109084,0.024731,0
0.0255738,0.00973949,0.182664,0
0.108534,0.0155084,0.193566,0
0.0896821,0.0429986,0.0406529,0
0.0353048,0.0285855,0.0933953,0
0.108812,0.0890082,0.212799,0
0.0397361,0.014277,0.195779,0
0.0441893,0.0022915,0.159465,0
0.0283505,0.0236839,0.138136,0
0.0472527,0.0623761,0.161083,0
0.109405,0.076726,0.00871778,0
0.029468,0.095013,0.166874,0
0.108497,0.00408219,0.109465,0
0.0922042,0.00153482,0.186085,0
0.100347,0.101019,0.190969,0
0.103381,0.031576,0.112251,0
0.01042,0.103906,0.134345,0
0.0993333,0.0825576,0.120554,0
0.0324826,0.108721,0.135015,0
0.0851015,0.101565,0.16109,0
0.140809,0.187734,0.0850636,1
0.141414,0.168747,0.0504329,1
0.143258,0.191549,0.0868746,1
0.168559,0.157391,0.0213238,1
0.141385,0.192228,0.0857998,1
0.141364,0.189278,0.0862355,1
0.142886,0.198294,0.0587983,1
0.143738,0.188625,0.0873219,1
0.1441,0.183536,0.0864385,1
0.179574,0.129518,0.028241,1
0.213944,0.207512,0.0426675,1
0.140661,0.188887,0.0912253,1
0.22154,0.129729,0.0333488,1
0.144827,0.191342,0.083582,1
0.143131,0.193335,0.0844261,1
0.141283,0.184616,0.0854697,1
0.18037,0.184089,0.0200675,1
0.14422,0.186352,0.0908913,1
0.14852,0.192383,0.0852483,1
0.195614,0.141934,0.0789295,1
0.146365,0.191789,0.0878022,1
0.146649,0.19014,0.0851327,1
0.143278,0.134853,0.070738,1
0.143685,0.189322,0.0901055,1
0.171595,0.210886,0.103794,1
0.213312,0.207139,0.169429,1
0.182728,0.145181,0.0626983,1
0.20562,0.15336,0.0767484,1
0.14534,0.186708,0.0842758,1
0.175145,0.209114,0.209485,1
0.143481,0.210157,0.0931905,1
0.147185,0.183375,0.0869013,1
0.200732,0.126419,0.184785,1
0.140692,0.182505,0.0876151,1
0.15593,0.202756,0.00834533,1
0.192075,0.209395,0.137817,1
0.159116,0.217156,0.212104,1
0.157695,0.195966,0.165773,1
0.183745,0.149781,0.216372,1
0.156479,0.216622,0.212989,1
0.210413,0.222437,0.211583,1
0.192295,0.223691,0.17231,1
0.221346,0.218002,0.0970238,1
0.143613,0.188878,0.0866771,1
0.159494,0.215897,0.10626,1
0.185313,0.17582,0.0522675,1
0.215119,0.143687,0.211903,1
0.194838,0.211588,0.0342643,1
0.184069,0.182469,0.15884,1
0.203037,0.125341,0.0433339,1
0.1498,0.17167,0.1989,1
0.148535,0.189744,0.0846313,1
0.142289,0.190326,0.0913641,1
0.1433,0.186065,0.0814295,1
0.162553,0.200598,0.168538,1
0.157514,0.190188,0.0149266,1
0.184259,0.157732,0.0275609,1
0.146645,0.190386,0.0900617,1
0.138767,0.185839,0.0868673,1
0.178062,0.219894,0.0850145,1
0.138169,0.184033,0.164191,1
0.183924,0.189374,0.20526,1
0.13944,0.189334,0.0883874,1
0.171915,0.191958,0.0279456,1
0.139485,0.155981,0.158189,1
0.158855,0.139867,0.0198893,1
0.202539,0.193118,0.22316,1
0.200377,0.130924,0.0561479,1
0.167122,0.164064,0.202418,1
0.209673,0.143489,0.045712,1
0.204664,0.21145,0.209959,1
0.143038,0.186807,0.0932285,1
0.171361,0.142179,0.164165,1
0.191366,0.16585,0.167674,1
0.145546,0.191779,0.0893428,1
0.185226,0.213666,0.158686,1
0.219044,0.194931,0.150753,1
0.173372,0.224435,0.175743,1
0.146456,0.183382,0.181951,1
0.146626,0.19093,0.0859051,1
0.18244,0.20533,0.0688639,1
0.177854,0.183501,0.0289988,1
0.199824,0.207563,0.00238203,1
0.144672,0.186688,0.0837004,1
0.145958,0.210663,0.00472833,1
0.146618,0.18874,0.0879077,1
0.214842,0.20388,0.0628655,1
0.185641,0.130081,0.154705,1
0.151086,0.126692,0.215571,1
0.221052,0.176261,0.0206625,1
0.148984,0.164904,0.138246,1
0.145693,0.187255,0.0886085,1
0.200707,0.152502,0.185332,1
0.162757,0.16129,0.206464,1
0.176373,0.14226,0.00580851,1
0.216613,0.152079,0.0443999,1
0.218517,0.126607,0.0941509,1
0.150842,0.188242,0.088151,1
0.13946,0.190537,0.0903301,1
0.160517,0.205855,0.202404,1
0.145975,0.194095,0.0859759,1
0.220639,0.165757,0.059829,1
0.143421,0.205171,0.202846,1
0.147098,0.190961,0.0943467,1
0.14725,0.188885,0.0850108,1
0.143142,0.193016,0.0866586,1
0.162266,0.165147,0.221768,1
0.147543,0.191861,0.0870374,1
0.145337,0.191617,0.0796717,1
0.141952,0.188896,0.0809495,1
0.146163,0.191648,0.08546,1
0.15702,0.186619,0.0760792,1
0.141651,0.190307,0.0802967,1
0.148488,0.188025,0.0876725,1
0.145651,0.190207,0.093715,1
0.138974,0.191571,0.0854166,1
0.140658,0.188006,0.0873263,1
0.202798,0.161037,0.0605981,1
0.14348,0.189621,0.0915278,1
0.216138,0.130789,0.054696,1
0.147024,0.191403,0.0794142,1
0.140671,0.184229,0.0910132,1
0.179056,0.221281,0.0423624,1
0.148844,0.183282,0.0879451,1
0.14628,0.184994,0.0869625,1
0.145292,0.184272,0.00842017,1
0.155212,0.134206,0.180347,1
0.172652,0.124141,0.162376,1
0.199377,0.0723324,0.170142,2
0.126227,0.090001,0.215113,2
0.132469,0.050523,0.154184,2
0.14464,0.122291,0.161668,2
0.207137,0.067672,0.175543,2
0.199492,0.121762,0.0233254,2
0.170366,0.0845341,0.183089,2
0.142015,0.120279,0.155225,2
0.221328,0.000707093,0.17864,2
0.140283,0.111483,0.115238,2
0.151276,0.0284671,0.0264393,2
0.198764,0.095917,0.116273,2
0.140534,0.119603,0.130912,2
0.146947,0.0815991,0.223456,2
0.222385,0.119467,0.0552591,2
0.197185,0.0846392,0.159193,2
0.17775,0.0158205,0.0880778,2
0.158868,0.0941959,0.0281474,2
0.170966,0.05759,0.167635,2
0.175188,0.0329983,0.00695743,2
0.1432,0.0993899,0.19715,2
0.187978,0.0879845,0.00149974,2
0.164014,0.0118484,0.0206087,2
0.140865,0.0957565,0.16029,2
0.178516,0.0633087,0.150068,2
0.21444,0.0090707,0.18661,2
0.128991,0.00763936,0.00159276,2
0.222221,0.00223258,0.076366,2
0.170818,0.0734287,0.00528891,2
0.128256,0.0309722,0.0683482,2
0.171421,0.0424394,0.00895649,2
0.192958,0.0756271,0.167096,2
0.179705,0.00387549,0.15451,2
0.163028,0.0865741,0.0480701,2
0.222683,0.0179554,0.0809808,2
0.148777,0.000981711,0.0164434,2
0.20999,0.0616757,0.0264449,2
0.192468,0.0796668,0.205988,2
0.17114,0.0201519,0.122401,2
0.122535,0.0328315,0.219903,2
0.218516,0.0437841,0.153059,2
0.133151,0.122697,0.0149661,2
0.132202,0.0258628,0.0861097,2
0.186895,0.0599265,0.159169,2
0.136826,0.000260772,0.147584,2
0.147543,0.0249647,0.170815,2
0.130045,0.0129539,0.00776058,2
0.172446,0.0572986,0.188983,2
0.167644,0.0334832,0.178776,2
0.21513,0.000393095,0.192918,2
0.151115,0.0700812,0.0559956,2
0.126812,0.0343983,0.221731,2
0.123152,0.101817,0.0138084,2
0.129644,0.0130525,0.173298,2
0.184121,0.109758,0.190966,2
0.217859,0.0427751,0.0481928,2
0.218233,0.0249849,0.0796455,2
0.127173,0.063431,0.185093,2
0.148886,0.00464978,0.0718664,2
0.164511,0.117878,0.0390055,2
0.217395,0.0296523,0.12579,2
0.210325,0.0590437,0.0829265,2
0.141497,0.022904,0.00703695,2
0.164597,0.0325369,0.0537972,2
0.146202,0.0763497,0.0102778,2
0.219196,0.0712537,0.0164394,2
0.164121,0.0923274,0.059791,2
0.135065,0.0866111,0.200079,2
0.132897,0.0233551,0.18725,2
0.143021,0.056724,0.0317073,2
0.176899,0.102344,0.0383343,2
0.181156,0.0166629,0.0260192,2
0.15726,0.0167237,0.115417,2
0.170599,0.113007,0.0689464,2
0.159436,0.0548334,0.166036,2
0.169736,0.0967884,0.0686269,2
0.16158,0.00861962,0.0112259,2
0.215931,0.108797,0.00642759,2
0.173888,0.0204837,0.135468,2
0.164061,0.0118219,0.167158,2
0.2055,0.0559575,0.157841,2
0.186192,0.0361354,0.0115526,2
0.222147,0.0363608,0.0231523,2
0.146815,0.00940397,0.166994,2
0.167519,0.0451052,0.191783,2
0.164525,0.0246739,0.0582985,2
0.123739,0.0314993,0.0151553,2
0.212525,0.0104493,0.0916169,2
0.161612,0.11019,0.216377,2
0.187516,0.00898788,0.0353385,2
0.181664,0.0640573,0.00681641,2
0.223086,0.0759894,0.0673733,2
0.155271,0.115388,0.175993,2
0.196608,0.0237241,0.145636,2
0.133369,0.0197502,0.0204711,2
0.139228,0.107222,0.151435,2
0.136474,0.107713,0.115406,2
0.199025,0.0171996,0.105053,2
0.148039,0.0172312,0.177504,2
0.140737,0.0627264,0.12398,2
0.157899,0.0103327,0.106249,2
0.212963,0.0392871,0.10605,2
0.12403,0.0519095,0.115373,2
0.224132,0.115729,0.101332,2
0.16305,0.0628988,0.1157,2
0.186838,0.0611611,0.204459,2
0.212476,0.0435483,0.110671,2
0.213938,0.0704444,0.0909108,2
0.223687,0.0193288,0.159934,2
0.132684,0.0911359,0.10276,2
0.224299,0.0444626,0.123944,2
0.217814,0.0487889,0.217116,2
0.147085,0.00463175,0.124933,2
0.213121,0.0665893,0.0756967,2
0.151562,0.0861898,0.184768,2
0.190577,0.1019,0.184105,2
0.146801,0.111032,0.0924011,2
0.126624,0.0872405,0.043454,2
0.125344,0.0646136,0.101634,2
0.151446,0.0357718,0.0866954,2
0.195199,0.0523942,0.10272,2
0.123099,0.071345,0.0462954,2
0.11737,0.077293,0.0941799,2
0.167223,0.0188147,0.103165,2
0.151974,0.121974,0.141213,2
0.118416,0.0351962,0.218006,2
0.117623,0.0596825,0.0922948,2
0.117262,0.039229,0.216806,2
0.119121,0.197475,0.126334,3
0.124578,0.150232,0.160799,3
0.036211,0.216381,0.087917,3
0.0302608,0.133512,0.042007,3
0.0780243,0.134553,0.137501,3
0.0762141,0.124851,0.217522,3
0.0532516,0.124136,0.188591,3
0.00727704,0.205867,0.180433,3
0.0273921,0.20724,0.14537,3
0.114317,0.214723,0.106906,3
0.0973616,0.220848,0.123742,3
0.0576845,0.190112,0.0777806,3
0.0122324,0.195979,0.064678,3
0.0227804,0.174324,0.0305619,3
0.00503728,0.202655,0.21577,3
0.0301265,0.20679,0.0267817,3
0.0911945,0.140948,0.185145,3
0.0115789,0.139349,0.135576,3
0.0923132,0.124194,0.157314,3
0.0108217,0.213827,0.215532,3
0.039407,0.165835,0.19218,3
0.089124,0.172807,0.00465212,3
0.00223367,0.142631,0.180366,3
0.0606235,0.141889,0.196282,3
0.0301708,0.224414,0.0432849,3
0.0754435,0.20021,0.0692685,3
0.127465,0.141917,0.210528,3
0.0728128,0.138355,0.122084,3
0.02571,0.165008,0.128595,3
0.0479745,0.162281,0.0479142,3
0.0128953,0.157644,0.19454,3
0.0809774,0.148622,0.180327,3
0.132138,0.18302,0.0894277,3
0.0864605,0.184193,0.0969104,3
0.0720099,0.159289,0.0213775,3
0.0582896,0.13961,0.0404326,3
0.0941238,0.22121,0.160779,3
0.0210736,0.138063,0.0661169,3
0.0200627,0.160728,0.0365321,3
0.0616474,0.177524,0.0811698,3
0.0592779,0.174939,0.178865,3
0.101907,0.155179,0.13314,3
0.00399917,0.1822,0.146507,3
0.115174,0.129156,0.074242,3
0.00796473,0.213351,0.220873,3
0.049204,0.220862,0.146737,3
0.0240761,0.16463,0.182777,3
0.0715326,0.185246,0.044408,3
0.0070288,0.124694,0.161807,3
0.136601,0.143233,0.092465,3
0.0694739,0.129427,0.164052,3
0.0211121,0.180659,0.0517614,3
0.0639702,0.163903,0.120256,3
0.129358,0.19004,0.0820034,3
0.00357167,0.207023,0.153851,3
0.0603626,0.155057,0.174118,3
0.0782815,0.153829,0.212445,3
0.0046963,0.172363,0.173582,3
0.123711,0.200668,0.0169914,3
0.127502,0.138074,0.138448,3
0.010208,0.134293,0.183596,3
0.0597182,0.142751,0.21488,3
0.00425608,0.164001,0.0198044,3
0.0301553,0.140951,0.14149,3
0.0184758,0.190838,0.179683,3
0.115453,0.182401,0.170809,3
0.0636084,0.136353,0.150848,3
0.0585506,0.150175,0.182105,3
0.0926946,0.165696,0.190153,3
0.113773,0.182918,0.0627833,3
0.0248293,0.140288,0.114741,3
0.0368816,0.219851,0.0728925,3
0.112449,0.191568,0.137478,3
0.104362,0.135763,0.137123,3
0.109265,0.183975,0.1051,3
0.0315939,0.199689,0.152292,3
0.125224,0.19374,0.0715078,3
0.0352221,0.171584,0.035786,3
0.0669907,0.147574,0.200225,3
0.08496,0.189364,0.0914137,3
0.0469943,0.198163,0.199455,3
0.116713,0.216399,0.212419,3
0.0401927,0.164005,0.195698,3
0.10292,0.172259,0.155536,3
0.0726674,0.164148,0.204061,3
0.113484,0.2157,0.0627296,3
0.0870315,0.209323,0.135794,3
0.0231514,0.142186,0.182161,3
0.0501213,0.219032,0.0537248,3
0.0622021,0.196601,0.15655,3
0.0858553,0.153794,0.214919,3
0.126896,0.124832,0.128816,3
0.0199953,0.207295,0.0307309,3
0.106015,0.144681,0.0228189,3
0.131571,0.202447,0.0232437,3
0.102897,0.146904,0.0440607,3
0.0597261,0.204206,0.0449439,3
0.0512138,0.1329,0.0952039,3
0.110009,0.173352,0.137136,3
0.0749061,0.221438,0.0681795,3
0.135534,0.164314,0.217791,3
0.00609381,0.215008,0.176006,3
0.0902109,0.187848,0.150261,3
0.132747,0.1842,0.0805383,3
0.0564503,0.187219,0.202439,3
0.033396,0.123863,0.155495,3
0.0779834,0.155218,0.147114,3
0.111271,0.172766,0.0408182,3
0.0383184,0.189384,0.132636,3
0.096447,0.159342,0.00891281,3
0.0457469,0.221776,0.0924182,3
0.0196424,0.157495,0.0690821,3
0.0521474,0.147769,0.0966305,3
0.0597783,0.136567,0.117796,3
0.0519071,0.147377,0.100331,3
0.0947637,0.166724,0.0997203,3
0.0952229,0.181248,0.0531116,3
0.0435467,0.224642,0.0987307,3
0.121406,0.125006,0.0912809,3
0.0683861,0.224829,0.108057,3
0.104675,0.216466,0.126148,3
0.04173,0.185742,0.119343,3
0.092916,0.126158,0.0911901,3
