x coord,y coord,z coord,rank
0.0279038,0.00490009,0.17137,0
0.10343,0.034818,0.18545,0
0.0018041,0.216708,0.142404,0
0.113949,0.0911205,0.196807,0
0.0903811,0.15281,0.208214,0
0.047361,0.119811,0.214425,0
0.00560367,0.081544,0.205171,0
0.0102955,0.0397594,0.157425,0
0.0320847,0.0245243,0.191967,0
0.0506635,0.144261,0.202428,0
0.0753356,0.121267,0.221249,0
0.0747072,0.0928242,0.166854,0
0.0689079,0.0749759,0.157428,0
0.0446686,0.0325639,0.143063,0
0.00994865,0.143655,0.1324,0
0.037799,0.185844,0.135986,0
0.00620658,0.0135811,0.18719,0
0.0152593,0.0114292,0.162815,0
0.0251921,0.0173624,0.193802,0
0.0553896,0.105582,0.139282,0
0.0708886,0.163886,0.135791,0
0.0738692,0.184364,0.195868,0
0.0752225,0.0582315,0.164924,0
0.0983697,0.0233926,0.144592,0
0.0471667,0.0716902,0.159858,0
0.0680322,0.040293,0.16384,0
0.061806,0.178324,0.166919,0
0.0835399,0.223791,0.179945,0
0.0423201,0.196168,0.189033,0
0.0124958,0.0380179,0.149437,0
0.0100877,0.000341863,0.178699,0
0.110515,0.147895,0.138349,0
0.00287253,0.204872,0.147273,0
0.0919041,0.182221,0.168301,0
0.0462682,0.118605,0.148649,0
0.0648401,0.00171029,0.11725,0
0.00224761,0.161753,0.167597,0
0.00488423,0.00725578,0.188134,0
0.0437318,0.0806302,0.201442,0
0.0984555,0.0961958,0.207913,0
0.0960843,0.000902089,0.152506,0
0.0452338,0.0174444,0.130365,0
0.0678725,0.123186,0.16489,0
0.00418212,0.0164321,0.132362,0
0.0646578,0.0352551,0.120443,0
0.114315,0.0267257,0.180942,0
0.0314912,0.0562979,0.138425,0
0.0432584,0.0692916,0.1529,0
0.0319934,0.160498,0.174969,0
0.106485,0.199086,0.15663,0
0.0330506,0.214507,0.165687,0
0.0731093,0.16166,0.170467,0
0.0255616,0.218203,0.218022,0
0.0670093,0.0571591,0.164887,0
0.0226497,0.162806,0.126605,0
0.0190253,0.0290879,0.151809,0
0.00922503,0.00325983,0.137301,0
0.0443123,0.020412,0.199184,0
0.0251211,0.182574,0.135589,0
0.0644561,0.0584801,0.191339,0
0.0322044,0.0533398,0.175053,0
0.0270702,0.0556844,0.153874,0
0.0833484,0.0931224,0.207992,0
0.0587597,0.119532,0.15242,0
0.0747773,0.198611,0.195445,0
0.0657047,0.0533123,0.222448,0
0.098287,0.0344051,0.169924,0
0.00484209,0.0171098,0.165552,0
0.0411938,0.0580346,0.167764,0
0.000697954,0.102759,0.135914,0
0.00769995,0.170437,0.1239,0
0.0583109,0.0138457,0.164913,0
0.0761179,0.207854,0.178765,0
0.0679874,0.0375282,0.13381,0
0.0643256,0.046487,0.175789,0
0.0664588,0.144824,0.128519,0
0.0759674,0.135091,0.134612,0
0.0913891,0.117318,0.195189,0
0.0536817,0.200118,0.202232,0
0.101826,0.20734,0.220846,0
0.0704223,0.00116636,0.131234,0
0.0463545,0.0827409,0.197374,0
0.100012,0.208231,0.212972,0
0.00646861,0.104225,0.184793,0
0.0656265,0.0652023,0.179565,0
0.0386512,0.0159097,0.221433,0
0.05191,0.0890879,0.212289,0
0.106872,0.130634,0.218597,0
0.0817927,0.178827,0.21109,0
0.112,0.126565,0.13335,0
0.0317914,0.0277572,0.185946,0
0.0704159,0.20789,0.208412,0
0.0275426,0.138098,0.210834,0
0.114912,0.00421506,0.154194,0
0.0040785,0.0768543,0.136111,0
0.0913837,0.0535181,0.188099,0
0.0669277,0.0642836,0.142523,0
0.114067,0.210103,0.136845,0
0.0128914,0.0366762,0.135137,0
0.107833,0.147481,0.192517,0
0.103126,0.184966,0.156893,0
0.107212,0.0995427,0.203196,0
0.108824,0.187941,0.202876,0
0.111553,0.133998,0.131777,0
0.0707948,0.03976,0.11701,0
0.0175312,0.00730469,0.116218,0
0.214934,0.00824094,0.0336108,1
0.208552,0.0766241,0.0388368,1
0.220722,0.0504795,0.00881705,1
0.214543,0.05091,0.00927852,1
0.193826,0.0808158,0.0893245,1
0.216072,0.0492796,0.00901581,1
0.170389,0.0367618,0.018329,1
0.182646,0.159462,0.0968586,1
0.218987,0.0578804,0.00895065,1
0.160706,0.000901317,0.111096,1
0.214072,0.046913,0.0117743,1
0.179919,0.0635545,0.066155,1
0.194607,0.0785583,0.0221544,1
0.185375,0.134584,0.0445821,1
0.223554,0.0541435,0.0110288,1
0.145194,0.198419,0.0742581,1
0.21844,0.209128,0.0156702,1
0.214918,0.0569945,0.0952499,1
0.215642,0.0510004,0.0111471,1
0.216931,0.0545188,0.0088468,1
0.216565,0.0554769,0.0088732,1
0.177148,0.115477,0.0378832,1
0.169256,0.142715,0.0934468,1
0.180018,0.202767,0.110078,1
0.217781,0.166276,0.025345,1
0.161344,0.134674,0.10889,1
0.21942,0.0494208,0.0109007,1
0.193844,0.0131671,0.0117656,1
0.140511,0.170451,0.0578963,1
0.186187,0.0639728,0.0245543,1
0.162967,0.152948,0.0551171,1
0.144087,0.0564972,0.0817188,1
0.154548,0.210862,0.100563,1
0.184115,0.101299,0.0457122,1
0.194621,0.202566,0.0312224,1
0.219308,0.0457022,0.00926732,1
0.142759,0.03188,0.0580964,1
0.189275,0.00545864,0.0344993,1
0.191291,0.14418,0.0402307,1
0.155147,0.184796,0.103411,1
0.215207,0.0511929,0.0132312,1
0.218677,0.0824907,0.0803812,1
0.144293,0.179827,0.0858333,1
0.222293,0.0744591,0.0723959,1
0.143791,0.191301,0.0638341,1
0.219715,0.0479401,0.0114248,1
0.214454,0.186105,0.0393813,1
0.2191,0.054879,0.0136847,1
0.22195,0.0510636,0.0169138,1
0.149046,0.000254393,0.0570612,1
0.156406,0.0150039,0.0524888,1
0.182182,0.199311,0.0675017,1
0.159659,0.0163043,0.0697874,1
0.148668,0.148922,0.0181646,1
0.199843,0.12225,0.100699,1
0.215302,0.0520805,0.0140799,1
0.199821,0.171001,0.0354432,1
0.22008,0.0530417,0.0118319,1
0.199395,0.0178536,0.00500348,1
0.184076,0.0481834,0.00179536,1
0.171303,0.141248,0.0385659,1
0.216186,0.217878,0.0742416,1
0.219356,0.0483972,0.01711,1
0.218037,0.0528495,0.0152392,1
0.143372,0.187132,0.061994,1
0.220567,0.053692,0.0180609,1
0.203011,0.17601,0.0371137,1
0.163271,0.102907,0.0157371,1
0.14092,0.0915669,0.105735,1
0.194662,0.17938,0.0383489,1
0.219516,0.0589001,0.0130284,1
0.183902,0.137641,0.0999768,1
0.213146,0.0528833,0.00989945,1
0.198486,0.0383406,0.0717493,1
0.16546,0.126118,0.0737061,1
0.192191,0.201916,0.0354595,1
0.217936,0.0512588,0.0115499,1
0.217702,0.203664,0.113757,1
0.172253,0.151877,0.046091,1
0.213136,0.0485132,0.0151674,1
0.213519,0.166319,0.0383472,1
0.189743,0.154472,0.0623606,1
0.218697,0.0556843,0.0114619,1
0.147257,0.0167948,0.107615,1
0.164619,0.0525247,0.0731266,1
0.221947,0.0532825,0.0129025,1
0.218762,0.049403,0.00939731,1
0.203933,0.0437177,0.0990869,1
0.220258,0.0474792,0.0146485,1
0.177377,0.214141,0.115056,1
0.218175,0.0752796,0.0794075,1
0.146295,0.00974084,0.0897426,1
0.219234,0.0477571,0.00948235,1
0.171354,0.156259,0.0664186,1
0.207766,0.00457231,0.0708365,1
0.216248,0.051054,0.0188548,1
0.173092,0.215597,0.0426999,1
0.222324,0.0516201,0.00969962,1
0.185063,0.210477,0.0747895,1
0.140997,0.0970912,0.0297866,1
0.2136,0.0500765,0.0123098,1
0.158906,0.0803777,0.0818143,1
0.219839,0.0497928,0.0153864,1
0.221637,0.0518358,0.0119603,1
0.217397,0.0546505,0.00856809,1
0.175232,0.169381,0.0712419,1
0.21653,0.0544817,0.00638246,1
0.220807,0.05603,0.0126008,1
0.220623,0.0532226,0.0145848,1
0.218965,0.0510374,0.010474,1
0.204869,0.185223,0.0792711,1
0.149618,0.0591223,0.115064,1
0.214424,0.0508049,0.0114439,1
0.179813,0.00856454,0.0758561,1
0.142935,0.0563051,0.0463153,1
0.0917099,0.124112,0.0908156,2
0.0427822,0.0686568,0.0842296,2
0.115599,0.0894864,0.0443354,2
0.0349863,0.0342731,0.0918291,2
0.000791547,0.00925163,0.0981618,2
0.0989816,0.186809,0.00849269,2
0.103934,0.0636525,0.0763692,2
0.0719171,0.129406,0.0418168,2
0.092185,0.223799,0.0693625,2
0.0821158,0.159111,0.00851871,2
0.0519978,0.223233,0.115081,2
0.0923629,0.197554,0.0740971,2
0.0273601,0.171119,0.0291108,2
0.0370709,0.020806,0.0475098,2
0.0433086,0.0178268,0.0341655,2
0.0105869,0.0998031,0.0426938,2
0.00950233,0.063263,0.0408126,2
0.0371107,0.0207633,0.0269764,2
0.0486799,0.0292821,0.0920288,2
0.0992805,0.0748107,0.0693886,2
0.113401,0.0249287,0.0846281,2
0.0445426,0.0272403,0.104621,2
0.031458,0.00298037,0.0592383,2
0.0517104,0.116545,0.0224326,2
0.101099,0.151577,0.0344271,2
0.118889,0.13085,0.0864344,2
0.0657046,0.221527,0.0703832,2
0.0889413,0.164931,0.0992113,2
0.0804591,0.116454,0.00466767,2
0.00382743,0.06339,0.0959307,2
0.0191929,0.184535,0.0678892,2
0.0209183,0.171599,0.0967344,2
0.121985,0.0192375,0.0400983,2
0.054001,0.169776,0.0496679,2
0.104312,0.0401378,0.0870246,2
0.114968,0.113564,0.0769212,2
0.0418186,0.0421129,0.10561,2
0.0873451,0.11286,0.0289297,2
0.0187439,0.0795743,0.035674,2
0.035051,0.176611,0.0962,2
0.0884087,0.0312489,0.0958078,2
0.128822,0.134464,0.114773,2
0.121863,0.184653,0.0934552,2
0.0165019,0.222059,0.0046521,2
0.0417342,0.147594,0.0398077,2
0.00334872,0.157223,0.0874574,2
0.0540514,0.0576025,0.0778897,2
0.029631,0.0560246,0.092087,2
0.0338229,0.00678226,0.0547841,2
0.00895983,0.00212612,0.0876374,2
0.0255382,0.023407,0.00705142,2
0.097697,0.0705075,0.0775687,2
0.0549958,0.224517,0.0148255,2
0.0956896,0.0145356,0.0788082,2
0.00214418,0.183122,0.0368091,2
0.132449,0.0979169,0.0713212,2
0.0272621,0.0290013,0.00605623,2
0.0886804,0.0854924,0.0125429,2
0.107866,0.197062,0.0146036,2
0.0455818,0.0861377,0.0412226,2
0.0978357,0.0154715,0.0768172,2
0.05241,0.206566,0.084226,2
0.0812311,0.158294,0.0170343,2
0.00536409,0.155004,0.0537372,2
0.0179951,0.179864,0.0240916,2
0.0463264,0.143508,0.067291,2
0.129581,0.18438,0.0947911,2
0.0771743,0.0211469,0.0456632,2
0.088937,0.0760182,0.101294,2
0.0826198,0.152745,0.0421761,2
0.116682,0.151338,0.010637,2
0.0316089,0.209611,0.0065856,2
0.0311026,0.0188469,0.110353,2
0.0866239,0.210173,0.0205581,2
0.017897,0.194536,0.0220107,2
0.109668,0.224473,0.103344,2
0.0211892,0.189699,0.00929032,2
0.137472,0.142734,0.00251364,2
0.00811266,0.145994,0.0980212,2
0.0222418,0.201522,0.093836,2
0.0685618,0.11256,0.043337,2
0.133398,0.0590465,0.0380743,2
0.130317,0.152348,0.0504866,2
0.0131028,0.179174,0.0177142,2
0.0666428,0.0171869,0.0842143,2
0.134093,0.20527,0.0935876,2
0.00435669,0.0352363,0.010136,2
0.0949235,0.186208,0.0555681,2
0.0679807,0.00138511,0.103962,2
0.0259857,0.00979282,0.0813571,2
0.100569,0.0821832,0.061656,2
0.0367319,0.21114,0.0773583,2
0.066413,0.215634,0.0183805,2
0.0916725,0.0743351,0.0965956,2
0.0494009,0.0690064,0.0284569,2
0.101066,0.194619,0.0368981,2
0.0287896,0.0930395,0.0132572,2
0.0591708,0.108798,0.0887124,2
0.0574521,0.00354381,0.0396748,2
0.0513377,0.0415586,0.038004,2
0.0848561,0.126714,0.080802,2
0.123652,0.0900463,0.0875851,2
0.0470465,0.172233,0.0729441,2
0.123964,0.215292,0.0921342,2
0.0658878,0.0587426,0.0580506,2
0.0813541,0.0843084,0.0922625,2
0.0803294,0.101472,0.110044,2
0.105069,0.00415351,0.0928329,2
0.0372551,0.123835,0.104039,2
0.0166248,0.136037,0.0593535,2
0.128969,0.176858,0.105687,2
0.0486811,0.102903,0.00413353,2
0.0207651,0.0178658,0.0999559,2
0.00206911,0.0406785,0.0767165,2
0.132873,0.0779069,0.0453507,2
0.0973763,0.221719,0.0635872,2
0.0915655,0.182501,0.0449009,2
0.0296756,0.211547,0.0712294,2
0.133066,0.0662966,0.0972491,2
0.0819415,0.10576,0.103903,2
0.116509,0.0338938,0.0559258,2
0.0913247,0.16098,0.000604905,2
0.12749,0.0387812,0.0570132,2
0.0565682,0.165377,0.0538991,2
0.0148978,0.149208,0.00529253,2
0.00966863,0.183193,0.0566926,2
0.0097268,0.0292737,0.0662991,2
0.125367,0.160023,0.0942915,2
0.0061375,0.207083,0.040366,2
0.0463132,0.215177,0.019976,2
0.0942078,0.049479,0.109465,2
0.0432754,0.143637,0.0323054,2
0.104159,0.0403645,0.0461012,2
0.0657111,0.0119428,0.0881244,2
0.0550557,0.0980361,0.0728208,2
0.0989262,0.178884,0.0410088,2
0.0397896,0.0792284,0.0553267,2
0.0969974,0.106596,0.0492171,2
0.0789378,0.0901892,0.0740062,2
0.0314897,0.182281,0.0777379,2
0.106233,0.028528,0.0356104,2
0.0193634,0.174168,0.095673,2
0.051841,0.0467359,0.0846241,2
0.127902,0.210639,0.0416713,2
0.0446605,0.0449944,0.0973346,2
0.121398,0.050763,0.110276,2
0.121964,0.0454682,0.0825276,2
0.0217109,0.0996296,0.114514,2
0.207893,0.0947552,0.212559,3
0.145645,0.079317,0.16164,3
0.211521,0.0827688,0.141945,3
0.132207,0.19613,0.187803,3
0.118763,0.204722,0.149622,3
0.143622,0.172777,0.199521,3
0.143213,0.184822,0.182169,3
0.120719,0.124939,0.126868,3
0.136069,0.00546606,0.13927,3
0.141968,0.0668964,0.152952,3
0.159529,0.00640611,0.141677,3
0.219829,0.100925,0.154666,3
0.148074,0.0788516,0.12535,3
0.18984,0.0907666,0.185239,3
0.139864,0.0670393,0.119292,3
0.177277,0.0644532,0.200696,3
0.165002,0.217533,0.127784,3
0.123851,0.137794,0.200206,3
0.155045,0.148048,0.216398,3
0.121929,0.00987039,0.222488,3
0.223762,0.095766,0.171052,3
0.14574,0.0390213,0.212489,3
0.135905,0.174091,0.22163,3
0.175113,0.154641,0.123131,3
0.148357,0.167751,0.158031,3
0.195069,0.14997,0.181142,3
0.117779,0.0290609,0.117378,3
0.135956,0.172929,0.16145,3
0.146635,0.0231869,0.148706,3
0.168839,0.00870632,0.18892,3
0.166352,0.222553,0.174518,3
0.177972,0.146483,0.174197,3
0.211038,0.0393868,0.206617,3
0.14739,0.178416,0.22237,3
0.172225,0.0870455,0.140351,3
0.182167,0.0454345,0.173792,3
0.137848,0.118615,0.126841,3
0.204391,0.0355321,0.162416,3
0.177512,0.0372824,0.217311,3
0.172493,0.038144,0.216385,3
0.140186,0.0408499,0.200673,3
0.16349,0.133831,0.129303,3
0.21666,0.194197,0.131644,3
0.172159,0.0637891,0.209223,3
0.184935,0.199825,0.121133,3
0.195718,0.155013,0.117877,3
0.156265,0.0876567,0.196194,3
0.182053,0.0667399,0.167826,3
0.194109,0.184516,0.172841,3
0.169371,0.169047,0.203947,3
0.119081,0.137969,0.223927,3
0.147433,0.168659,0.211617,3
0.17101,0.151636,0.198735,3
0.131814,0.177985,0.19176,3
0.223114,0.140349,0.181091,3
0.172862,2.2284e-05,0.214557,3
0.127273,0.198686,0.181909,3
0.132879,0.192543,0.182803,3
0.145782,0.0661786,0.214047,3
0.171216,0.224505,0.19596,3
0.216948,0.0429936,0.194865,3
0.199558,0.160337,0.210377,3
0.159718,0.128136,0.124424,3
0.143898,0.208855,0.171002,3
0.224633,0.113046,0.213941,3
0.213019,0.20877,0.188752,3
0.148654,0.170551,0.217584,3
0.174954,0.0723909,0.182687,3
0.14247,0.181249,0.188261,3
0.224247,0.190791,0.142764,3
0.165067,0.00137393,0.183017,3
0.222991,0.168811,0.19365,3
0.215996,0.0317148,0.168444,3
0.132246,0.0549615,0.210304,3
0.122,0.140189,0.149811,3
0.146859,0.16069,0.138375,3
0.167293,0.00993592,0.193729,3
0.149864,0.203075,0.188009,3
0.18847,0.0887745,0.147627,3
0.147436,0.127374,0.133636,3
0.158569,0.110574,0.217304,3
0.186652,0.108812,0.155277,3
0.164567,0.154315,0.163772,3
0.208991,0.0095229,0.147624,3
0.214336,0.209485,0.179297,3
0.177623,0.18542,0.19377,3
0.16905,0.131251,0.180504,3
0.172481,0.0694715,0.143103,3
0.198775,0.0531238,0.180029,3
0.21063,0.166189,0.129477,3
0.18452,0.213675,0.122661,3
0.181653,0.118755,0.192198,3
0.198398,0.145398,0.187946,3
0.217941,0.0712809,0.169347,3
0.200125,0.0522831,0.20004,3
0.148069,0.198434,0.142831,3
0.11743,0.0221048,0.178337,3
0.224682,0.120922,0.123826,3
0.128452,0.186278,0.145536,3
0.129471,0.0328339,0.192056,3
0.197148,0.102538,0.143462,3
0.195173,0.177419,0.224566,3
0.220668,0.182831,0.13008,3
0.214318,0.146891,0.155863,3
0.180821,0.119059,0.12427,3
0.181119,0.207772,0.138139,3
0.16757,0.193468,0.159671,3
0.16554,0.129175,0.202289,3
0.198218,0.062778,0.157601,3
0.155879,0.0520163,0.188328,3
0.147492,0.170743,0.187082,3
0.179874,0.102393,0.130485,3
0.150007,0.219507,0.131246,3
0.207733,0.145486,0.215693,3
0.209366,0.137019,0.20108,3
0.152842,0.00605084,0.16859,3
0.126269,0.177843,0.144544,3
0.119106,0.107431,0.168827,3
0.205126,0.0620898,0.116681,3
0.136069,0.172011,0.217024,3
0.209451,0.146222,0.211095,3
0.145849,0.163096,0.14489,3
0.130064,0.115374,0.166055,3
0.126089,0.0402785,0.130574,3
0.195069,0.0479802,0.209635,3
0.144554,0.167384,0.194995,3
0.158382,0.214392,0.14704,3
0.122088,0.130432,0.145235,3
0.201229,0.0685464,0.205196,3
0.169001,0.0151419,0.155155,3
0.200814,0.0553012,0.118012,3
