x coord,y coord,z coord,rank
0.194435,0.0377053,0.124557,0
0.146571,0.130686,0.186325,0
0.132365,0.220753,0.187733,0
0.139344,0.0750687,0.149316,0
0.157326,0.0201261,0.146496,0
0.206001,0.0299648,0.180133,0
0.183201,0.0874065,0.127673,0
0.136281,0.0986558,0.197383,0
0.133048,0.0883908,0.146637,0
0.126399,0.108178,0.164379,0
0.164697,0.222303,0.162416,0
0.217871,0.0032993,0.205012,0
0.182892,0.213305,0.167783,0
0.200927,0.00328375,0.224931,0
0.151711,0.1017,0.208638,0
0.139804,0.164824,0.178654,0
0.20836,0.184264,0.195635,0
0.14289,0.0413369,0.202474,0
0.20826,0.0284421,0.184525,0
0.169715,0.16551,0.206095,0
0.152497,0.117398,0.223736,0
0.206124,0.0305235,0.182627,0
0.210225,0.0266182,0.147572,0
0.206752,0.086186,0.196408,0
0.215366,0.117007,0.199785,0
0.144594,0.216519,0.188555,0
0.210322,0.0304405,0.181124,0
0.222868,0.138893,0.199547,0
0.131025,0.219167,0.203928,0
0.18007,0.170495,0.169651,0
0.134851,0.16379,0.165864,0
0.217491,0.0941337,0.20781,0
0.195072,0.0185953,0.166915,0
0.207748,0.0358576,0.180029,0
0.175004,0.191067,0.213887,0
0.204772,0.0294195,0.182678,0
0.186715,0.185419,0.200505,0
0.182525,0.190337,0.186412,0
0.220062,0.177666,0.19026,0
0.209295,0.0311149,0.190173,0
0.208416,0.0376778,0.179402,0
0.203045,0.0685065,0.200558,0
0.159443,0.038886,0.205476,0
0.205217,0.0289685,0.179044,0
0.205119,0.0334409,0.180351,0
0.196258,0.0721268,0.192033,0
0.163315,0.0466413,0.177878,0
0.207292,0.0355601,0.184647,0
0.1451,0.0120723,0.167574,0
0.134655,0.081069,0.122537,0
0.214521,0.0280966,0.181705,0
0.209259,0.0287654,0.182769,0
0.207106,0.0284097,0.179988,0
0.166885,0.114132,0.137464,0
0.206777,0.143574,0.185623,0
0.213505,0.153759,0.146097,0
0.181387,0.0937921,0.124357,0
0.161226,0.0255859,0.150164,0
0.202876,0.0339377,0.182518,0
0.210577,0.0307728,0.184156,0
0.209525,0.0343775,0.185044,0
0.137398,0.031021,0.135588,0
0.214134,0.0139785,0.177545,0
0.175172,0.00244781,0.22058,0
0.168044,0.0298672,0.203479,0
0.204158,0.0301291,0.178976,0
0.18008,0.11464,0.172088,0
0.190596,0.173639,0.149746,0
0.207579,0.0361138,0.181286,0
0.208994,0.033138,0.176944,0
0.21901,0.0187898,0.192317,0
0.151926,0.117078,0.187167,0
0.207599,0.0352877,0.178616,0
0.213882,0.195299,0.154878,0
0.204293,0.0313588,0.181096,0
0.181759,0.0934889,0.172832,0
0.208725,0.0298793,0.181262,0
0.169523,0.0428749,0.201376,0
0.210474,0.0352148,0.183375,0
0.195751,0.130387,0.162164,0
0.211967,0.0311363,0.182716,0
0.20906,0.0314249,0.181266,0
0.203742,0.0342917,0.183333,0
0.208095,0.0291782,0.18172,0
0.209248,0.0304788,0.182654,0
0.207342,0.0352516,0.178474,0
0.147134,0.0961358,0.183219,0
0.181184,0.107534,0.186634,0
0.207915,0.0361768,0.177916,0
0.194283,0.0713684,0.171904,0
0.144785,0.159354,0.141697,0
0.203139,0.164628,0.208061,0
0.21981,0.0260861,0.185217,0
0.126903,0.0560314,0.202463,0
0.198246,0.191747,0.222461,0
0.201864,0.0299963,0.180457,0
0.195841,0.125624,0.135321,0
0.198207,0.204563,0.154556,0
0.129265,0.113241,0.198808,0
0.170362,0.0262953,0.195595,0
0.207344,0.0316741,0.183727,0
0.140905,0.0702614,0.201117,0
0.151622,0.113,0.210353,0
0.224263,0.0410858,0.160717,0
0.209796,0.0332524,0.185334,0
0.206694,0.0350414,0.183592,0
0.138648,0.107872,0.215918,0
0.189917,0.0280462,0.119778,0
0.20856,0.0299406,0.178094,0
0.142986,0.18914,0.129422,0
0.153765,0.173096,0.167118,0
0.158298,0.188994,0.222464,0
0.170513,0.172998,0.207881,0
0.153775,0.0600802,0.216596,0
0.177295,0.056248,0.164028,0
0.213304,0.0325989,0.181805,0
0.146954,0.146766,0.197707,0
0.178341,0.0190878,0.135922,0
0.14714,0.211322,0.130352,0
0.220599,0.0113309,0.189846,0
0.141057,0.167803,0.120508,0
0.212662,0.0279703,0.178701,0
0.173079,0.0917145,0.118505,0
0.124272,0.194115,0.125066,0
0.132903,0.0664316,0.118432,0
0.182327,0.0113998,0.105037,1
0.149666,0.21879,0.0938679,1
0.158985,0.0431975,0.0784633,1
0.196333,0.0223764,0.0976685,1
0.162823,0.0444931,0.0719848,1
0.219737,0.0306729,0.0299461,1
0.2151,0.135243,0.042326,1
0.16328,0.109931,0.111908,1
0.177107,0.0520835,0.0355084,1
0.222599,0.176408,0.107743,1
0.221543,0.136353,0.113497,1
0.158999,0.0144766,0.0414963,1
0.129532,0.20694,0.0779476,1
0.126628,0.21874,0.0851494,1
0.143998,0.203882,0.0915087,1
0.140381,0.115204,0.00998997,1
0.133033,0.0738504,0.0899189,1
0.125928,0.167522,0.106832,1
0.14012,0.0661704,0.0824153,1
0.211755,0.205985,0.0508721,1
0.153368,0.223869,0.0469512,1
0.213032,0.112892,0.0104267,1
0.174817,0.16487,0.0691727,1
0.219209,0.11152,0.0775337,1
0.1442,0.131331,0.097618,1
0.201754,0.122989,0.101185,1
0.141126,0.196951,0.00972702,1
0.168733,0.209468,0.0417214,1
0.214669,0.0798156,0.0262008,1
0.189513,0.0519718,0.0400588,1
0.192951,0.187621,0.0805041,1
0.193178,0.0684438,0.108388,1
0.178324,0.126692,0.0485299,1
0.180111,0.0363878,0.0403347,1
0.181442,0.0963968,0.00350138,1
0.19907,0.0985341,0.06382,1
0.152847,0.0787926,0.0338372,1
0.214314,0.201348,0.109665,1
0.185463,0.215488,0.0303871,1
0.182625,0.172225,0.107098,1
0.124474,0.0444748,0.110189,1
0.181695,0.220406,0.0762054,1
0.212304,0.0419566,0.0287026,1
0.185227,0.128785,0.0342477,1
0.143258,0.115399,0.0182075,1
0.178693,0.207699,0.107956,1
0.206317,0.0137028,0.1157,1
0.150032,0.140797,0.106033,1
0.150451,0.153188,0.0995421,1
0.135151,0.0739059,0.0456585,1
0.171353,0.0663038,0.101328,1
0.133113,0.186604,0.0937134,1
0.13722,0.143256,0.00916333,1
0.180954,0.143232,0.00295297,1
0.185174,0.0502212,0.11452,1
0.135671,0.0393751,0.00151927,1
0.199508,0.152457,0.0769563,1
0.217285,0.129748,0.0268841,1
0.128898,0.00193315,0.0963024,1
0.175966,0.0346975,0.046502,1
0.215485,0.210009,0.0083446,1
0.151173,0.136336,0.0715201,1
0.1678,0.194829,0.0954007,1
0.178641,0.126085,0.045574,1
0.214983,0.112539,0.0296664,1
0.127908,0.0429768,0.0507188,1
0.218372,0.111164,0.0864661,1
0.175882,0.00203431,0.013838,1
0.14427,0.126645,0.0168506,1
0.207717,0.0304139,0.105716,1
0.186541,0.0727488,0.0319902,1
0.207588,0.177479,0.116429,1
0.157398,0.172514,0.0043689,1
0.18836,0.104609,0.0173791,1
0.169359,0.0367297,0.0737979,1
0.22239,0.0781466,0.0192954,1
0.167524,0.186496,0.0949534,1
0.210794,0.0152658,0.103973,1
0.173716,0.128345,0.0424808,1
0.154959,0.165707,0.0398314,1
0.159719,0.0605434,0.0487726,1
0.140303,0.199903,0.0291023,1
0.148595,0.063918,0.0190136,1
0.149135,0.151079,0.0566044,1
0.153478,0.0538998,0.0967173,1
0.12729,0.203751,0.0594147,1
0.206023,0.0768159,0.0300362,1
0.15708,0.0317806,0.0921215,1
0.13544,0.136115,0.0455698,1
0.135248,0.0622049,0.0715433,1
0.171171,0.103968,0.110317,1
0.176628,0.199762,0.0602219,1
0.173455,0.115092,0.100545,1
0.177223,0.203859,0.0953475,1
0.196737,0.022222,0.0599999,1
0.178161,0.16952,0.0308288,1
0.176624,0.141853,0.00648957,1
0.149447,0.116658,0.0633328,1
0.185792,0.078345,0.107329,1
0.176929,0.185221,0.0957268,1
0.175321,0.155939,0.0535605,1
0.187731,0.207357,0.117776,1
0.217892,0.00885842,0.00842114,1
0.174122,0.114622,0.0465139,1
0.176132,0.118631,0.0319782,1
0.199949,0.0506003,0.0470798,1
0.162335,0.0247131,0.0939321,1
0.216484,0.128949,0.0503028,1
0.178382,0.219705,0.0414936,1
0.127844,0.123029,0.11104,1
0.194709,0.116084,0.0170927,1
0.174198,0.178774,0.0406035,1
0.183894,0.138874,0.114436,1
0.218459,0.111274,0.0445909,1
0.208324,0.0888367,0.0100977,1
0.217276,0.0930578,0.0444387,1
0.218076,0.035642,0.0737612,1
0.162228,0.133684,0.0975236,1
0.141029,0.0644416,0.0820049,1
0.165246,0.0100816,0.0459962,1
0.172165,0.223384,0.100547,1
0.195141,0.175839,0.0135596,1
0.116267,0.13228,0.0226833,2
0.054371,0.0817506,0.0636558,2
0.0850275,0.136108,0.112782,2
0.112734,0.093824,0.103105,2
0.0285478,0.154761,0.056812,2
0.0771478,0.116276,0.0893973,2
0.00417172,0.148959,0.114801,2
0.0451629,0.205324,0.0916221,2
0.106768,0.14677,0.0869763,2
0.0180018,0.148305,0.0600795,2
0.071853,0.105201,0.0101246,2
0.0889318,0.136922,0.0903344,2
0.0697515,0.0627177,0.0691294,2
0.111961,0.15019,0.106655,2
0.0518391,0.111192,0.0512398,2
0.0792645,0.00926985,0.115694,2
0.087407,0.0484212,0.0425331,2
0.112462,0.016448,0.00320599,2
0.0499742,0.172961,0.068777,2
0.0295035,0.103833,0.0841717,2
0.0447902,0.1184,0.0278293,2
0.100298,0.000611727,0.0783041,2
0.0719944,0.0480929,0.0264671,2
0.0100684,0.0220095,0.0202947,2
0.0383704,0.193754,0.063083,2
0.0696564,0.0833085,0.0464884,2
0.0695692,0.210285,0.0743681,2
0.0792552,0.201078,0.0167052,2
0.0494837,0.199683,0.0449615,2
0.0374331,0.1517,0.0423934,2
0.0845809,0.0728495,0.0461605,2
0.0896565,0.150207,0.0689431,2
0.0650393,0.0398687,0.0292527,2
0.0870237,0.0068188,0.0877521,2
0.0355622,0.158775,0.10407,2
0.114914,0.0045134,0.0396852,2
0.0237607,0.0991869,0.097405,2
0.00413654,0.0684752,0.0875788,2
0.0547653,0.0651892,0.0355896,2
0.085774,0.0461187,0.023251,2
0.0347129,0.11441,0.0393021,2
0.0975598,0.17517,0.111325,2
0.0743889,0.190881,0.0215857,2
0.0762198,0.112706,0.117395,2
0.0958284,0.148197,0.0139838,2
0.0630404,0.151657,0.110645,2
0.0158435,0.181384,0.0272683,2
0.0469138,0.149961,0.113656,2
0.0833281,0.0536512,0.0359723,2
0.0670693,0.0064439,0.0310363,2
0.0421116,0.16893,0.00261203,2
0.07631,0.182947,0.0203194,2
0.0757587,0.106982,0.0358283,2
0.0770313,0.0098005,0.018672,2
0.0959093,0.115306,0.0302431,2
0.0942357,0.091389,0.0124549,2
0.0871213,0.177263,0.0878713,2
0.108763,0.0824187,0.0506649,2
0.0170613,0.0326349,0.0749307,2
0.0290969,0.0928549,0.112167,2
0.0484999,0.121806,0.00851742,2
0.0179395,0.076589,0.038057,2
0.0609821,0.0726575,0.0556865,2
0.0144984,0.0607782,0.0972596,2
0.0898972,0.0200838,0.0280972,2
0.0451724,0.0571422,0.0693538,2
0.115383,0.174552,0.0258686,2
0.0370047,0.0865813,0.000319714,2
0.0390557,0.187756,0.0720985,2
0.102927,0.0587449,0.106421,2
0.0876334,0.0505024,0.0887585,2
0.047682,0.0220764,0.0217881,2
0.120453,0.115908,0.0946241,2
0.0634621,0.13872,0.116704,2
0.117522,0.0501967,0.0951126,2
0.0995816,0.116773,0.0798004,2
0.0792003,0.162505,0.00634188,2
0.110242,0.065734,0.0560862,2
0.116498,0.0753529,0.0433343,2
0.0865644,0.0665999,0.00177671,2
0.0364099,0.0151536,0.108752,2
0.0894531,0.162809,0.0536379,2
0.028115,0.0328381,0.115866,2
0.075559,0.103775,0.0353471,2
0.00231578,0.0287805,0.0701385,2
0.108932,0.0490594,0.0384044,2
0.0657065,0.202415,0.0520557,2
0.0902854,0.0890376,0.0236561,2
0.0652551,0.171614,0.0966079,2
0.123444,0.0193679,0.0517557,2
0.0538413,0.144406,0.00506547,2
0.044754,0.0494053,0.115914,2
0.0511467,0.0818502,0.0389295,2
0.00297505,0.214974,0.0127123,2
0.0470755,0.144179,0.103956,2
0.104663,0.162917,0.0205712,2
0.0146972,0.0259869,0.0897465,2
0.0571626,0.0631302,0.0608394,2
0.0300224,0.130804,0.0889297,2
0.0687008,0.13562,0.0574726,2
0.0942718,0.174068,0.0324006,2
0.0953376,0.193684,0.0661598,2
0.0558108,0.0589628,0.066588,2
0.0525973,0.126026,0.110415,2
0.105055,0.0332531,0.013084,2
0.0457653,0.0948456,0.00670483,2
0.105086,0.161716,0.054498,2
0.00424574,0.100788,0.0183449,2
0.0189822,0.222749,0.00684426,2
0.0617585,0.185035,0.0836203,2
0.0587564,0.0538696,0.0220884,2
0.0879964,0.15922,0.0337897,2
0.0697743,0.107295,0.00665413,2
0.0554937,0.0601351,0.0352979,2
0.0520602,0.221879,0.0770534,2
0.0082635,0.190942,0.0375856,2
0.058128,0.00501365,0.00463716,2
0.0054027,0.0839885,0.0269199,2
0.112288,0.16176,0.0761637,2
0.115931,0.0381242,0.046704,2
0.11568,0.072674,0.0488968,2
0.0199687,0.0630443,0.103685,2
0.114404,0.174106,0.0452503,2
0.119562,0.0486856,0.106905,2
0.0443801,0.125692,0.116273,2
0.123734,0.0233781,0.0114768,2
0.122959,0.0324494,0.0261772,2
0.0668568,0.00548978,0.13388,3
0.0965123,0.0996763,0.177281,3
0.0234239,0.0550629,0.180415,3
0.01393,0.0577771,0.16016,3
0.0443796,0.0525689,0.126642,3
0.0322893,0.138389,0.124936,3
0.0721625,0.052027,0.166232,3
0.106823,0.146165,0.202591,3
0.0303364,0.168512,0.120303,3
0.0217249,0.150404,0.14283,3
0.100875,0.187198,0.142832,3
0.0746781,0.161214,0.205098,3
0.0110651,0.220683,0.219136,3
0.0703159,0.203837,0.192683,3
0.11238,0.146314,0.205425,3
0.0763393,0.149531,0.175565,3
0.0981716,0.000619785,0.149569,3
0.0958838,0.0744841,0.218625,3
0.0459398,0.160699,0.130333,3
0.0830201,0.191302,0.181685,3
0.0881128,0.208178,0.163162,3
0.0159937,0.126771,0.183644,3
0.0792354,0.0524456,0.17938,3
0.0685092,0.125449,0.20865,3
0.0783349,0.0937148,0.208658,3
0.107778,0.186865,0.157551,3
0.0762373,0.0725588,0.2236,3
0.0599406,0.088845,0.153986,3
0.0165681,0.177675,0.133866,3
0.111965,0.0530126,0.152,3
0.103488,0.034743,0.159927,3
0.0462248,0.127698,0.164627,3
0.0802705,0.0972907,0.184699,3
0.078089,0.125581,0.127855,3
0.0608895,0.210088,0.162132,3
0.00610652,0.17516,0.215043,3
0.0949898,0.0672362,0.198865,3
0.0804303,0.0400474,0.192243,3
0.0409201,0.134245,0.166498,3
0.0530089,0.0464098,0.120533,3
0.108489,0.0149776,0.179381,3
0.032211,0.0176432,0.149501,3
0.0635855,0.164664,0.166717,3
0.117564,0.192912,0.178535,3
0.00430213,0.0837479,0.213332,3
0.0478252,0.191215,0.193971,3
0.0572943,0.052946,0.153195,3
0.0332601,0.145294,0.217842,3
0.0661216,0.111263,0.221023,3
0.105561,0.126417,0.143678,3
0.10595,0.146696,0.152136,3
0.0637369,0.138453,0.134066,3
0.103432,0.102464,0.189183,3
0.00457215,0.0124,0.188483,3
0.0921388,0.0645706,0.200115,3
0.0841932,0.128883,0.150048,3
0.116787,0.0867923,0.157313,3
0.0989211,0.0121985,0.209348,3
0.104204,0.0133353,0.150558,3
0.0189013,0.182898,0.146675,3
0.110321,0.19072,0.144685,3
0.0332485,0.105767,0.159668,3
0.077013,0.113979,0.193365,3
0.102833,0.0441617,0.205208,3
0.0138516,0.155647,0.122882,3
0.0220197,0.0947331,0.218552,3
0.0262693,0.0947951,0.16241,3
0.0281121,0.146697,0.201335,3
0.0498375,0.200686,0.187855,3
0.052035,0.115421,0.143694,3
0.114917,0.142765,0.206019,3
0.0848587,0.0273081,0.192053,3
0.0492099,0.188424,0.169288,3
0.11357,0.149427,0.201018,3
0.00903865,0.190033,0.194315,3
0.103966,0.0551047,0.130516,3
0.0885842,0.0290856,0.162353,3
0.117545,0.164843,0.172097,3
0.0602452,0.0591717,0.187611,3
0.0909785,0.207858,0.173742,3
0.0819338,0.162077,0.155615,3
0.00666888,0.0870175,0.162585,3
0.0399288,0.0265117,0.171848,3
0.0201402,0.104162,0.187302,3
0.107201,0.209088,0.154634,3
0.0934658,0.0688838,0.155997,3
0.101695,0.0409887,0.160001,3
0.0222004,0.162536,0.146484,3
0.101307,0.171954,0.220348,3
0.0182297,0.210014,0.216157,3
0.0614461,0.148112,0.22365,3
0.115953,0.201246,0.177588,3
0.114657,0.0386479,0.156042,3
0.0586924,0.135745,0.206795,3
0.0261507,0.145095,0.198307,3
0.0456676,0.204577,0.2142,3
0.0907473,0.159233,0.178518,3
0.0601116,0.0657611,0.196523,3
0.0485773,0.0382088,0.128611,3
0.00242954,0.141923,0.192415,3
0.075931,0.125598,0.189729,3
0.0926068,0.110772,0.193433,3
0.0626341,0.0626718,0.181854,3
0.050508,0.0297968,0.205119,3
0.0570862,0.0831671,0.145181,3
0.0692669,0.14659,0.170104,3
0.0552276,0.0940157,0.135299,3
0.061343,0.14575,0.126298,3
0.00919222,0.222938,0.121259,3
0.0216829,0.022888,0.187975,3
0.0871564,0.14122,0.143795,3
0.0979614,0.0608698,0.184878,3
0.00441528,0.13799,0.186013,3
0.116458,0.220163,0.217447,3
0.0869597,0.201378,0.154397,3
0.105916,0.138362,0.184278,3
0.119013,0.0500769,0.213524,3
0.0666882,0.217426,0.179709,3
0.120529,0.063644,0.210924,3
0.0839126,0.194599,0.21919,3
0.0892626,0.0185928,0.127641,3
0.0550568,0.162416,0.168772,3
0.0150856,0.183537,0.193451,3
0.121566,0.219126,0.139835,3
0.0115407,0.0460484,0.131545,3
0.118469,0.140872,0.203985,3
