x coord,y coord,z coord,rank
0.105534,0.116758,0.0996793,0
0.109871,0.119124,0.104024,0
0.108483,0.120066,0.103399,0
0.20762,0.14468,0.051807,0
0.111555,0.117051,0.10572,0
0.0983821,0.170348,0.067427,0
0.107161,0.192368,0.0698919,0
0.117148,0.121809,0.100853,0
0.0929278,0.178771,0.0406244,0
0.0972279,0.152094,0.0962246,0
0.055364,0.16789,0.050431,0
0.116987,0.122301,0.100072,0
0.113192,0.123146,0.100083,0
0.104364,0.126231,0.102636,0
0.0851099,0.143081,0.0695309,0
0.0440805,0.184715,0.0610035,0
0.111377,0.119993,0.104482,0
0.104601,0.120243,0.103821,0
0.11913,0.209744,0.0933954,0
0.0364995,0.125637,0.037053,0
0.112164,0.116804,0.10514,0
0.0121978,0.196358,0.0957653,0
0.114317,0.116781,0.104697,0
0.108902,0.120742,0.106222,0
0.113256,0.121082,0.106208,0
0.00232896,0.116786,0.0450209,0
0.0901374,0.143579,0.0353112,0
0.104372,0.118263,0.103798,0
0.0652083,0.18875,0.0999921,0
0.102582,0.121763,0.104613,0
0.0660088,0.216375,0.0988992,0
0.116479,0.221098,0.0961945,0
0.158372,0.216689,0.0991786,0
0.186435,0.220932,0.0220672,0
0.0360738,0.193895,0.0599248,0
0.0252406,0.185829,0.0653737,0
0.070247,0.192626,0.0957529,0
0.0228986,0.204144,0.0228632,0
0.133396,0.206627,0.0849411,0
0.219154,0.14755,0.0226901,0
0.108387,0.11885,0.102705,0
0.00853734,0.182142,0.0453814,0
0.221413,0.139793,0.0235416,0
0.0167273,0.136229,0.0517347,0
0.14236,0.125691,0.0951352,0
0.034771,0.121936,0.0101585,0
0.0371935,0.120284,0.0644899,0
0.15099,0.200814,0.0297235,0
0.109579,0.206158,0.0571629,0
0.136984,0.153468,0.0775263,0
0.0137751,0.205519,0.0945375,0
0.115012,0.155821,0.0813944,0
0.191518,0.198158,0.0933455,0
0.0285596,0.161327,0.0284788,0
0.117349,0.137778,0.057129,0
0.0691616,0.224453,0.00435191,0
0.221753,0.16828,0.103881,0
0.0149475,0.134164,0.0461011,0
0.0478289,0.182374,0.0604356,0
0.106017,0.120074,0.104749,0
0.110116,0.213559,0.0637982,0
0.160054,0.14887,0.0800542,0
0.135579,0.122495,0.0598427,0
0.173544,0.133989,0.034018,0
0.139684,0.123373,0.0772181,0
0.204438,0.141456,0.096858,0
0.105439,0.118138,0.105626,0
0.110933,0.118442,0.102701,0
0.164236,0.121217,0.0977523,0
0.204049,0.145222,0.102633,0
0.0658134,0.157389,0.0202796,0
0.0978052,0.118369,0.104873,0
0.0603498,0.117925,0.0417865,0
0.037523,0.157607,0.0849138,0
0.199418,0.173815,0.0256255,0
0.214828,0.138661,0.0195836,0
0.12421,0.187258,0.00943515,0
0.213457,0.128046,0.0923498,0
0.1789,0.122263,0.0408279,0
0.197472,0.142465,0.098341,0
0.170323,0.121351,0.031234,0
0.179923,0.121005,0.0433434,0
0.109322,0.119766,0.101497,0
0.122274,0.183742,0.0571662,0
0.032561,0.121726,0.0118336,0
0.122878,0.124749,0.0224237,0
0.159736,0.178694,0.0698708,0
0.0977186,0.121088,0.0643929,0
0.10276,0.119343,0.104753,0
0.144044,0.156955,0.058372,0
0.0854298,0.156457,0.0745888,0
0.179443,0.224534,0.0587812,0
0.0664162,0.153677,0.0411487,0
0.148782,0.121371,0.094321,0
0.132578,0.202387,0.0210952,0
0.0270589,0.129298,0.101761,0
0.106577,0.185637,0.0709619,0
0.124045,0.139872,0.0937287,0
0.117579,0.159479,0.0813942,0
0.0320658,0.116289,0.0621204,0
0.034551,0.214503,0.0441473,0
0.108315,0.120365,0.102076,0
0.214415,0.148933,0.052737,0
0.109054,0.116772,0.103263,0
0.108628,0.120401,0.101796,0
0.101502,0.152041,0.0960252,0
0.107601,0.208945,0.067636,0
0.118408,0.149212,0.0615944,0
0.151265,0.206602,0.00918693,0
0.116316,0.121186,0.0799619,0
0.10716,0.123811,0.101018,0
0.104178,0.122664,0.105753,0
0.106925,0.127481,0.104254,0
0.155502,0.13241,0.0843064,0
0.177676,0.179452,0.0499153,0
0.102702,0.119058,0.103123,0
0.107743,0.126008,0.10153,0
0.10343,0.118515,0.0996783,0
0.105712,0.1505,0.0727213,0
0.109519,0.118994,0.102656,0
0.1079,0.119931,0.0998408,0
0.104869,0.117321,0.103265,0
0.116851,0.12093,0.10495,0
0.111739,0.117923,0.104491,0
0.106472,0.118106,0.105521,0
0.105717,0.119562,0.101653,0
0.106647,0.120373,0.104335,0
0.112537,0.119766,0.103207,0
0.107385,0.11715,0.101732,0
0.108456,0.116978,0.103815,0
0.0120791,0.174243,0.165375,1
0.0735616,0.135792,0.180839,1
0.0426848,0.135055,0.124629,1
0.171166,0.179524,0.118637,1
0.0438153,0.138129,0.149875,1
0.0784158,0.203938,0.17161,1
0.0429346,0.144144,0.173482,1
0.00886051,0.152437,0.206002,1
0.110954,0.122237,0.107657,1
0.117139,0.212753,0.157519,1
0.214882,0.169685,0.165043,1
0.11279,0.12098,0.111223,1
0.00651099,0.164802,0.130994,1
0.0720542,0.207643,0.171699,1
0.103445,0.122772,0.107254,1
0.109197,0.144747,0.157166,1
0.0835451,0.140608,0.197378,1
0.0318325,0.149156,0.138501,1
0.181667,0.16382,0.121392,1
0.0305386,0.155697,0.214962,1
0.159888,0.126956,0.166737,1
0.0950028,0.148169,0.150057,1
0.0758064,0.21227,0.173539,1
0.169252,0.175203,0.118367,1
0.215813,0.140711,0.176481,1
0.0384957,0.168252,0.123145,1
0.145869,0.130873,0.148325,1
0.11011,0.119005,0.10982,1
0.210099,0.203003,0.127168,1
0.198945,0.183116,0.132765,1
0.000718714,0.196408,0.145627,1
0.0768454,0.202466,0.172035,1
0.0853083,0.141014,0.200176,1
0.0721793,0.123908,0.123331,1
0.207573,0.162762,0.204854,1
0.0681902,0.131099,0.167614,1
0.146766,0.119491,0.177242,1
0.166231,0.130959,0.171643,1
0.170699,0.159914,0.220115,1
0.14678,0.202171,0.133781,1
0.0554404,0.183655,0.196046,1
0.0766165,0.141044,0.16361,1
0.0748934,0.208296,0.173454,1
0.170175,0.137057,0.147963,1
0.145836,0.158505,0.149416,1
0.122857,0.206899,0.156907,1
0.140479,0.185601,0.12126,1
0.0706064,0.202255,0.175304,1
0.213059,0.19614,0.17606,1
0.148856,0.161569,0.156325,1
0.0757328,0.209944,0.178137,1
0.216889,0.201054,0.123686,1
0.0825107,0.19162,0.189246,1
0.150555,0.144839,0.191596,1
0.167356,0.163574,0.150075,1
0.216217,0.135154,0.172409,1
0.108919,0.215708,0.201964,1
0.139758,0.120437,0.214905,1
0.00313059,0.168221,0.220224,1
0.165415,0.184798,0.11775,1
0.0108655,0.198573,0.141753,1
0.0350569,0.209031,0.108356,1
0.197565,0.206253,0.112206,1
0.220787,0.17351,0.15986,1
0.215383,0.14044,0.175325,1
0.0774782,0.202127,0.173677,1
0.173274,0.170437,0.159589,1
0.108415,0.125122,0.108001,1
0.0914841,0.134796,0.207212,1
0.0329504,0.195259,0.181517,1
0.0708646,0.135231,0.1526,1
0.0900664,0.134674,0.192548,1
0.157385,0.169333,0.140027,1
0.143295,0.161979,0.154104,1
0.101503,0.186754,0.130791,1
0.0169626,0.195244,0.142114,1
0.030935,0.119505,0.221776,1
0.0156015,0.152734,0.157078,1
0.0820528,0.132303,0.156615,1
0.0331328,0.176317,0.186752,1
0.150774,0.199271,0.115874,1
0.202066,0.178002,0.133749,1
0.136754,0.134725,0.182946,1
0.161286,0.153331,0.136354,1
0.098985,0.121135,0.109091,1
0.10725,0.193936,0.169898,1
0.206783,0.184513,0.156802,1
0.101557,0.137831,0.133881,1
0.134666,0.17761,0.17373,1
0.0889274,0.129036,0.197392,1
0.169972,0.180208,0.12043,1
0.0949926,0.185944,0.160584,1
0.106258,0.119403,0.108743,1
0.106101,0.210793,0.134308,1
0.112769,0.119772,0.107012,1
0.0864654,0.14595,0.215356,1
0.132139,0.131698,0.14175,1
0.113412,0.134756,0.195047,1
0.111895,0.12218,0.113359,1
0.224344,0.14232,0.173146,1
0.128242,0.173398,0.156379,1
0.0828771,0.188866,0.160509,1
0.191201,0.212898,0.205735,1
0.0934852,0.202747,0.114719,1
0.034785,0.160439,0.162244,1
0.223796,0.168472,0.175799,1
0.0181596,0.131684,0.172539,1
0.129558,0.158731,0.147715,1
0.159264,0.214021,0.199234,1
0.0210421,0.224962,0.108409,1
0.135548,0.160462,0.164195,1
0.168332,0.174938,0.113867,1
0.138228,0.162138,0.19351,1
0.0626956,0.179553,0.141667,1
0.19382,0.160014,0.14388,1
0.0959014,0.186766,0.114226,1
0.110205,0.12098,0.109353,1
0.115596,0.121864,0.107276,1
0.102798,0.121915,0.107144,1
0.131829,0.182642,0.158867,1
0.102317,0.118995,0.108974,1
0.104503,0.119462,0.107407,1
0.105802,0.118976,0.107274,1
0.107305,0.12147,0.106639,1
0.108278,0.128372,0.106566,1
0.106506,0.121301,0.106379,1
0.136335,0.0022528,0.0663084,2
0.143063,0.0749181,0.0402894,2
0.101865,0.110279,0.104477,2
0.105535,0.114317,0.105172,2
0.0948607,0.110762,0.102426,2
0.0233502,0.110125,0.0699994,2
0.117326,0.0794325,0.0981906,2
0.110523,0.11108,0.101501,2
0.105822,0.111934,0.104321,2
0.106918,0.0253636,0.0553154,2
0.104566,0.114108,0.104633,2
0.211795,0.103909,0.0890779,2
0.10797,0.000681097,0.00195469,2
0.00901357,0.0140965,0.0437199,2
0.15555,0.0898532,0.0076548,2
0.0282968,0.0465005,0.0676156,2
0.192673,0.00469749,0.0492164,2
0.0527164,0.0189368,0.0780636,2
0.0324042,0.105353,0.00946474,2
0.178673,0.00142841,0.0533251,2
0.0273739,0.00847999,0.0591882,2
0.203,0.0446706,0.0176214,2
0.220111,0.068766,0.0154369,2
0.108232,0.0375801,0.0213721,2
0.0291199,0.0494032,0.0169996,2
0.069839,0.0402428,0.00334841,2
0.108409,0.0184085,0.0615758,2
0.0761492,0.0469248,0.0813909,2
0.101399,0.0596052,0.0881001,2
0.0120135,0.0317596,0.0239588,2
0.0490457,0.0634968,0.010011,2
0.107851,0.115188,0.103609,2
0.116736,0.0490447,0.0301164,2
0.121017,0.000556272,0.0945853,2
0.210856,0.037134,0.0368941,2
0.102347,0.112263,0.102732,2
0.0491175,0.0487709,0.00504645,2
0.140691,0.0243607,0.0386466,2
0.0214044,0.0779469,0.0800024,2
0.191287,0.0991922,0.0622566,2
0.0294703,0.00726565,0.0105494,2
0.0516688,0.0693266,0.0163468,2
0.105908,0.0760068,0.0998791,2
0.056181,0.000989789,7.75275e-05,2
0.108816,0.111421,0.0998154,2
0.128695,0.0714449,0.0604633,2
0.058924,0.0995845,0.00439719,2
0.152655,0.0749642,0.0940462,2
0.108376,0.11361,0.103834,2
0.056206,0.0721062,0.0175577,2
0.0271366,0.0859637,0.0604983,2
0.110338,0.113946,0.102682,2
0.206123,0.109215,0.0158367,2
0.107634,0.0251175,0.0563292,2
0.144583,0.0347012,0.0123755,2
0.0211676,0.0663837,0.0900429,2
0.0942256,0.0877798,0.0753337,2
0.144346,0.0132545,0.0144553,2
0.0112621,0.112686,0.0129625,2
0.0451984,0.0744419,0.0220036,2
0.0129261,0.00940562,0.0635811,2
0.0108802,0.0942033,0.0367531,2
0.106263,0.115156,0.100185,2
0.121093,0.0726583,0.00869448,2
0.105389,0.114879,0.103636,2
0.0864447,0.101433,0.0268318,2
0.116031,0.0463122,0.026747,2
0.122644,0.0691145,0.0678308,2
0.113849,0.0460278,0.0347968,2
0.024249,0.0997525,0.0518412,2
0.0996914,0.111718,0.0985415,2
0.126443,0.0963105,0.0473535,2
0.0750816,0.0496365,0.0692664,2
0.042719,0.0761665,0.0828277,2
0.201509,0.0885582,0.0673327,2
0.182145,0.0492545,0.0354198,2
0.163403,0.112313,0.0980447,2
0.157417,0.0601055,0.102889,2
0.207871,0.107544,0.0906357,2
0.0517145,0.0918673,0.0496752,2
0.20193,0.10787,0.0124626,2
0.211802,0.105298,0.0916745,2
0.121482,0.0553868,0.0468439,2
0.0871305,0.0729578,0.0155486,2
0.103378,0.115094,0.102494,2
0.112017,0.111685,0.103407,2
0.107357,0.11578,0.104352,2
0.103445,0.109971,0.101096,2
0.104995,0.0281428,0.0258103,2
0.10129,0.0519975,0.0933571,2
0.19413,0.0676824,0.0492924,2
0.107937,0.114094,0.102201,2
0.141023,0.0557058,0.0934085,2
0.171437,0.0761002,0.105947,2
0.200418,0.104303,0.0153785,2
0.212665,0.076964,0.0860068,2
0.0200982,0.102995,0.0525417,2
0.181247,0.0984473,0.0865726,2
0.0947657,0.0236757,0.0927299,2
0.0179131,0.0205074,0.0214076,2
0.0984008,0.113908,0.10605,2
0.106723,0.0263959,0.0541398,2
0.20636,0.0366607,0.05023,2
0.126674,0.0796061,0.10058,2
0.118972,0.0197946,0.0909751,2
0.152401,0.0748405,0.0412478,2
0.0972207,0.0306837,0.0573053,2
0.207187,0.10658,0.0882246,2
0.189801,0.08382,0.0799519,2
0.157379,0.0324684,0.0359428,2
0.1809,0.0375358,0.071343,2
0.139107,0.0410441,0.0944721,2
0.10639,0.111887,0.105228,2
0.097074,0.0948762,0.102276,2
0.165315,0.0784307,0.028147,2
0.107619,0.0295957,0.0225631,2
0.0893,0.0828106,0.0789982,2
0.141315,0.0763464,0.0976769,2
0.107138,0.112109,0.105783,2
0.108536,0.0290073,0.0256993,2
0.106511,0.0204295,0.0574148,2
0.0534296,0.115543,0.0869039,2
0.106503,0.114024,0.103817,2
0.10447,0.113957,0.10194,2
0.102915,0.113251,0.103935,2
0.10831,0.109006,0.103249,2
0.101827,0.113126,0.103446,2
0.104295,0.114591,0.103567,2
0.107412,0.113956,0.106034,2
0.0468171,0.0839912,0.207934,3
0.107293,0.01896,0.135547,3
0.163289,0.0329845,0.123833,3
0.059188,0.118746,0.174076,3
0.0428108,0.0464691,0.217197,3
0.106086,0.114749,0.111807,3
0.128429,0.069559,0.126459,3
0.0491182,0.0643563,0.136701,3
0.0327872,0.0739489,0.116337,3
0.19738,0.118201,0.169343,3
0.05973,0.10536,0.145112,3
0.108789,0.11158,0.107955,3
0.107891,0.114736,0.110391,3
0.093338,0.0745595,0.178034,3
0.191514,0.00258134,0.208721,3
0.224426,0.0797668,0.169432,3
0.106007,0.11795,0.11214,3
0.104564,0.114808,0.111796,3
0.215157,0.000638452,0.142512,3
0.090937,0.0858701,0.156319,3
0.220846,0.0812166,0.170613,3
0.102302,0.116619,0.11044,3
0.0896827,0.0760231,0.213145,3
0.2059,0.0617108,0.122183,3
0.0930671,0.0765822,0.142037,3
0.107905,0.0594963,0.11998,3
0.0374304,0.116093,0.121009,3
0.0449818,0.0594034,0.113139,3
0.194488,0.0817872,0.124628,3
0.115134,0.0928475,0.149952,3
0.0639537,0.103116,0.116098,3
0.1513,0.0375959,0.141129,3
0.112631,0.0844015,0.138851,3
0.188333,0.000133343,0.145221,3
0.111478,0.117171,0.111759,3
0.153165,0.0665037,0.163088,3
0.080651,0.0618561,0.136139,3
0.109493,0.1152,0.110636,3
0.089749,0.0734341,0.217921,3
0.0224442,0.0111173,0.147244,3
0.00565586,0.0493806,0.127077,3
0.193017,0.0856006,0.219684,3
0.100407,0.115287,0.108512,3
0.0956904,0.115248,0.182753,3
0.145032,0.0483815,0.135915,3
0.187584,0.0814438,0.166367,3
0.0859689,0.105665,0.172511,3
0.068231,0.0791326,0.17382,3
0.142442,0.093733,0.160683,3
0.128758,0.0919389,0.199719,3
0.114769,0.0827955,0.158397,3
0.179879,0.0834525,0.223462,3
0.0172667,0.0642531,0.131947,3
0.105283,0.117448,0.107955,3
0.17803,0.0387399,0.211313,3
0.215112,0.0413167,0.177595,3
0.0906992,0.0792385,0.197238,3
0.157701,0.0697803,0.167638,3
0.0261082,0.0041695,0.183341,3
0.166318,0.0334877,0.129835,3
0.224981,0.0850995,0.175892,3
0.202624,0.017331,0.183849,3
0.144286,0.0442859,0.135662,3
0.214084,0.00191391,0.134043,3
0.197881,0.0192932,0.146869,3
0.162583,0.0331582,0.223217,3
0.16078,0.0259984,0.122577,3
0.221385,0.111643,0.139582,3
0.171617,0.0855988,0.155997,3
0.00325787,0.0837851,0.167837,3
0.038595,0.0932714,0.197518,3
0.0863257,0.0983567,0.206076,3
0.0917503,0.0709477,0.199531,3
0.0668176,0.0298599,0.184659,3
0.195392,0.107539,0.212559,3
0.152379,0.0748046,0.168505,3
0.122633,0.0258416,0.171943,3
0.107236,0.116889,0.109296,3
0.184871,1.6493e-05,0.148557,3
0.0431384,0.113318,0.124054,3
0.126235,0.0981971,0.133742,3
0.165235,0.00181241,0.163759,3
0.113818,0.0173955,0.132907,3
0.0140147,0.0206052,0.20007,3
0.0896357,0.0759045,0.178977,3
0.154031,0.0699886,0.130529,3
0.0889396,0.075816,0.194955,3
0.100524,0.0578316,0.13432,3
0.224183,0.116563,0.151978,3
0.125259,0.0916904,0.201625,3
0.107971,0.113253,0.107584,3
0.0356622,0.101973,0.205756,3
0.145059,0.0463841,0.171722,3
0.185103,0.0228109,0.106921,3
0.174806,0.00288212,0.217342,3
0.105707,0.113792,0.109618,3
0.108571,0.11668,0.112761,3
0.151675,0.0131465,0.149479,3
0.130058,0.035708,0.124439,3
0.110761,0.116039,0.108094,3
0.012597,0.0381186,0.158685,3
0.110586,0.0394115,0.215153,3
0.0876461,0.00683643,0.208332,3
0.0765613,0.116689,0.12562,3
0.0445431,0.107637,0.138589,3
0.0343509,0.0640499,0.143615,3
0.0320061,0.0749348,0.17399,3
0.104396,0.117166,0.11305,3
0.10529,0.112633,0.114933,3
0.125934,0.105062,0.200568,3
0.181415,0.0256244,0.107668,3
0.139175,0.0282015,0.123849,3
0.105229,0.116295,0.106832,3
0.178501,0.0486154,0.14522,3
0.107436,0.112267,0.109766,3
