x coord,y coord,z coord,rank
0.155755,0.019424,0.220639,0
0.113434,0.063798,0.0823521,0
0.145925,0.0237756,0.177474,0
0.162076,0.0868276,0.218194,0
0.190671,0.0668047,0.0216187,0
0.174066,0.0465789,0.0313325,0
0.178045,0.0512806,0.167364,0
0.16303,0.0870144,0.000814061,0
0.171207,0.058173,0.159084,0
0.210521,0.00279096,0.00752392,0
0.134754,0.0202802,0.00143801,0
0.197446,0.0545655,0.137212,0
0.224989,0.0673492,0.00172385,0
0.183311,0.0554918,0.16388,0
0.12149,0.0225557,0.110417,0
0.11495,0.0584132,0.192534,0
0.146464,0.0736046,0.119289,0
0.190558,0.00710838,0.066653,0
0.207072,0.0723615,0.0161794,0
0.197267,0.0683936,0.184246,0
0.160343,0.0127873,0.133011,0
0.128513,0.0154308,0.0523018,0
0.173766,0.0540762,0.167734,0
0.203993,0.00436032,0.100601,0
0.202431,0.0866371,0.154144,0
0.222444,0.0572056,0.116928,0
0.179671,0.0513369,0.168103,0
0.216468,0.0541148,0.0333449,0
0.207304,0.0752035,0.188477,0
0.123007,0.0791283,0.0520225,0
0.11504,0.0619555,0.188789,0
0.214607,0.0840277,0.0723316,0
0.168692,0.0765079,0.185941,0
0.133623,0.0681343,0.0788335,0
0.216239,0.0774682,0.130648,0
0.181114,0.0527302,0.168196,0
0.144794,0.0557676,0.159256,0
0.122506,0.00125381,0.123962,0
0.175317,0.0303577,0.221578,0
0.193355,0.0190948,0.213975,0
0.179982,0.0523754,0.169202,0
0.210817,0.00853261,0.145574,0
0.199396,0.0327421,0.0731584,0
0.208807,0.0740463,0.120603,0
0.177151,0.0518026,0.170055,0
0.195669,0.0660682,0.147086,0
0.128187,0.0470095,0.0626539,0
0.175853,0.0491243,0.164602,0
0.165605,0.013125,0.182675,0
0.201069,0.0380809,0.22264,0
0.185215,0.0543902,0.169695,0
0.135717,0.0473393,0.0961326,0
0.180443,0.0521983,0.166209,0
0.179907,0.0333113,0.164966,0
0.179265,0.0500505,0.165736,0
0.164756,0.0369762,0.0417399,0
0.180095,0.0564901,0.171617,0
0.167412,0.0267138,0.133228,0
0.212741,0.0438879,0.185757,0
0.181494,0.0500064,0.168645,0
0.177572,0.0522475,0.166319,0
0.2039,0.0216092,0.179669,0
0.153298,0.00188259,0.220877,0
0.177582,0.058967,0.169984,0
0.181879,0.0540573,0.172372,0
0.176919,0.0511059,0.171367,0
0.164913,0.0568162,0.039457,0
0.134475,0.00732342,0.0437901,0
0.18395,0.00170972,0.136057,0
0.182419,0.0483924,0.169594,0
0.202447,0.0433332,0.17601,0
0.181648,0.0517937,0.166639,0
0.120865,0.0740319,0.00128229,0
0.180801,0.0550475,0.16633,0
0.177687,0.0489042,0.170601,0
0.18445,0.0624614,0.04066,0
0.197101,0.0133963,0.148853,0
0.181074,0.0547388,0.170306,0
0.177792,0.0528797,0.169285,0
0.205374,0.00611758,0.126864,0
0.181405,0.0546726,0.169983,0
0.129332,0.0609465,0.034461,0
0.180167,0.0521073,0.170091,0
0.178534,0.0559386,0.167603,0
0.140712,8.86431e-05,0.105717,0
0.18129,0.0535938,0.168032,0
0.190212,0.0615466,0.189439,0
0.179128,0.0564127,0.170555,0
0.181942,0.0493439,0.171993,0
0.177414,0.0439142,0.165871,0
0.183235,0.00603319,0.143097,0
0.206909,0.0426784,0.00700568,0
0.213818,0.0558033,0.191075,0
0.196966,0.0288026,0.2061,0
0.178312,0.050107,0.16774,0
0.130276,0.00185806,0.068883,0
0.179963,0.0539821,0.170315,0
0.137507,0.0160179,0.0287548,0
0.221725,0.078536,0.209748,0
0.179033,0.053067,0.171541,0
0.178686,0.056424,0.172479,0
0.182538,0.0537196,0.172019,0
0.183545,0.0223522,0.202138,0
0.193234,0.0871289,0.171221,0
0.177636,0.0510527,0.167442,0
0.19756,0.0616571,0.135816,0
0.152028,0.0221895,0.145735,0
0.163613,0.0400857,0.104627,0
0.139919,0.0125743,0.0915239,0
0.126883,0.0190546,0.0417354,0
0.219779,0.0656764,0.0866555,0
0.122407,0.0843793,0.0743498,0
0.130702,0.0216933,0.0720114,0
0.120797,0.0748997,0.0660499,0
0.114684,0.00722469,0.0362758,0
0.119005,0.0210848,0.116806,0
0.139287,0.0625604,0.126087,0
0.119769,0.0345892,0.0623892,0
0.13239,0.02321,0.10642,0
0.0564904,0.106094,0.148962,1
0.106423,0.0305759,0.199907,1
0.00932787,0.0502328,0.0362646,1
0.0864453,0.0371755,0.0915447,1
0.0672805,0.102116,0.165044,1
0.050101,0.04854,0.0123746,1
0.0426872,0.090912,0.0281815,1
0.0420297,0.0907404,0.213472,1
0.106399,0.0543511,0.0720552,1
0.0825434,0.0709577,0.0442724,1
0.0998285,0.0694718,0.0958985,1
0.0718535,0.0442621,0.0566016,1
0.0605744,0.0588643,0.031491,1
0.0817002,0.0558118,0.0110172,1
0.0524416,0.040426,0.0551935,1
0.0704438,0.00884043,0.0394185,1
0.0509025,0.0715546,0.0215075,1
0.0145484,0.0975768,0.0495615,1
0.0946805,0.120471,0.0357079,1
0.0459759,0.0073575,0.0975658,1
0.0823122,0.0715289,0.0394083,1
0.0296221,0.115216,0.0294895,1
0.0441514,0.0744818,0.222227,1
0.0766208,0.0988062,0.0308129,1
0.0623063,0.0941639,0.0333779,1
0.0931534,0.0895786,0.0208338,1
0.00914144,0.0907577,0.0415648,1
0.10169,0.0768896,0.0316274,1
0.0418963,0.0605208,0.182843,1
0.073333,0.108059,0.0162866,1
0.0145515,0.0725176,0.1479,1
0.09761,0.107871,0.201312,1
0.0906704,0.0499846,2.58207e-05,1
0.0574509,0.0158725,0.0133623,1
0.0976769,0.0830956,0.221333,1
0.108796,0.109068,0.0147091,1
0.0979425,0.0186383,0.193699,1
0.0169542,0.0634773,0.136155,1
0.0977735,0.0966151,0.213123,1
0.0133255,0.06346,0.00223517,1
0.0737022,0.100722,0.0899447,1
0.013343,0.0959279,0.189026,1
0.0378331,0.0707966,0.201334,1
0.0183051,0.0897217,0.00758807,1
0.0622577,0.116081,0.125173,1
0.0346123,0.116089,0.185628,1
0.0256606,0.0723232,0.144172,1
0.0616876,0.0993769,0.130362,1
0.0972984,0.0700106,0.0315497,1
0.0760127,0.0861546,0.187599,1
0.0293885,0.0778965,0.193601,1
0.0818546,0.11768,0.102725,1
0.00924721,0.065186,0.00884235,1
0.062989,0.0291699,0.173975,1
0.0865329,0.077125,0.157903,1
0.0190465,0.0505018,0.153943,1
0.0150827,0.0843743,0.0955567,1
0.0199953,0.118203,0.0559808,1
0.0285929,0.108588,0.0452786,1
0.0589003,0.0153078,0.192036,1
0.0891485,0.00702514,0.0417212,1
0.0250891,0.0148204,0.22117,1
0.0529609,0.0357643,0.204515,1
0.0450682,0.0629855,0.165025,1
0.0117237,0.088178,0.175254,1
0.0839836,0.0256809,0.148687,1
0.000975316,0.00549298,0.132301,1
0.0679066,0.118385,0.115341,1
0.0894942,0.0658468,0.133654,1
0.0969615,0.0144807,0.156908,1
0.108928,0.0525655,0.130908,1
0.0284409,0.0704743,0.174544,1
0.000982974,0.0814149,0.0649144,1
0.0931174,0.0409537,0.123101,1
0.00726014,0.0782789,0.0551496,1
0.104222,0.115824,0.19012,1
0.0324815,0.0634551,0.0478136,1
0.0550408,0.0014596,0.0901409,1
0.0745652,0.103333,0.121215,1
0.105241,0.0806251,0.152741,1
0.067665,0.00319845,0.135324,1
0.0703774,0.0838106,0.0234313,1
0.0928177,0.0241549,0.124076,1
0.0141026,0.095424,0.109964,1
0.0822868,0.0196862,0.00131484,1
0.00198036,0.0729852,0.195221,1
0.101283,0.00824864,0.067069,1
0.0307621,0.0595066,0.223206,1
0.0701533,0.101739,0.140006,1
0.00284116,0.0707505,0.0230884,1
0.0949768,0.0494542,0.164636,1
0.0155795,0.0352889,0.0762207,1
0.0191412,0.00968534,0.120955,1
0.014773,0.0490513,0.00609133,1
0.0712717,0.0945772,0.0705317,1
0.0644606,0.0109313,0.199028,1
0.00147014,0.096342,0.111331,1
0.0544343,0.0584448,0.120664,1
0.0032782,0.0869985,0.125986,1
0.0581279,0.0177041,0.0206687,1
0.0268806,0.114555,0.186222,1
0.0412039,0.0484685,0.0347493,1
0.0685425,0.0870691,0.16716,1
0.0838973,0.0104674,0.132341,1
0.0484015,0.104965,0.074461,1
0.100697,0.109861,0.141679,1
0.0137882,0.0338778,0.00391978,1
0.0865799,0.0200424,0.17661,1
0.0314218,0.013223,0.11643,1
0.0588777,0.1198,0.178295,1
0.0847978,0.0463833,0.0201824,1
0.0515423,0.101192,0.0284943,1
0.107956,0.0289053,0.0615734,1
0.00136725,0.0982409,0.0542193,1
0.0907796,0.108878,0.103446,1
0.0504224,0.107182,0.135969,1
0.0895408,0.0809568,0.204231,1
0.0223536,0.0485037,0.00814944,1
0.0664151,0.0860114,0.0271882,1
0.0656382,0.117278,0.0241493,1
0.035735,0.0129115,0.101135,1
0.104511,0.0694882,0.119396,1
0.106406,0.0960317,0.13864,1
0.0752743,0.0927832,0.0281869,1
0.10325,0.0933016,0.0549122,1
0.0794475,0.114882,0.199098,1
0.110845,0.0814919,0.174711,1
0.0967793,0.15261,0.106863,2
0.107739,0.19457,0.0221313,2
0.0935332,0.123877,0.0870971,2
0.104919,0.18441,0.0767168,2
0.107764,0.153634,0.0384146,2
0.0215188,0.191667,0.117777,2
0.00700308,0.190381,0.0969707,2
0.0263535,0.21737,0.0890326,2
0.0314138,0.187134,0.0466655,2
0.0649892,0.144383,0.0406331,2
0.0253047,0.18475,0.0508058,2
0.0870832,0.159789,0.0450131,2
0.0764092,0.194969,0.136055,2
0.0585163,0.152776,0.12596,2
0.0385986,0.189323,0.0722249,2
0.0398524,0.149722,0.1457,2
0.0636698,0.170239,0.0979229,2
0.0658409,0.165184,0.0407155,2
0.0448752,0.182591,0.0873755,2
0.0365872,0.207196,0.0695828,2
0.0626082,0.170312,0.0752899,2
0.0703947,0.152358,0.0766219,2
0.0817724,0.205661,0.040585,2
0.00630647,0.143622,0.0756569,2
0.0255047,0.214973,0.0806354,2
0.0158455,0.177337,0.0591571,2
0.0396838,0.130706,0.169519,2
0.0525048,0.212409,0.118646,2
0.105311,0.198088,0.046487,2
0.0350579,0.145416,0.103084,2
0.0915491,0.21823,0.0240967,2
0.0550463,0.154105,0.0179954,2
0.0920558,0.218516,0.155347,2
0.0841734,0.174346,0.121342,2
0.0474736,0.218989,0.0248139,2
0.0365048,0.170679,0.00654565,2
0.0214076,0.125803,0.219806,2
0.0314418,0.182688,0.0484353,2
0.0349569,0.147787,0.0951767,2
0.0448246,0.138036,0.0687116,2
0.103263,0.181654,0.142901,2
0.0271215,0.198368,0.0484889,2
0.0551727,0.190143,0.0579939,2
0.0580945,0.128167,0.222015,2
0.0318661,0.1892,0.0982145,2
0.098017,0.186741,0.1398,2
0.0323254,0.163165,0.176915,2
0.0282356,0.142186,0.0217945,2
0.0240699,0.1224,0.212317,2
0.0502751,0.163988,0.139278,2
0.0422142,0.123583,0.191497,2
0.0759351,0.137583,0.182161,2
0.0235821,0.196127,0.133315,2
0.0566058,0.147789,0.0730436,2
0.0618579,0.223479,0.0905786,2
0.0601718,0.133481,0.212798,2
0.00799873,0.147122,0.177159,2
0.0759471,0.194602,0.214471,2
0.0815432,0.141503,0.0923456,2
0.00343056,0.166419,0.00466046,2
0.0226172,0.157884,0.0282818,2
0.0678394,0.204854,0.0367494,2
0.031996,0.18696,0.134279,2
0.0408871,0.178763,0.152,2
0.0329001,0.202488,0.0722549,2
0.00962153,0.205079,0.0756335,2
0.0454526,0.180469,0.0873999,2
0.0189329,0.210303,0.186167,2
0.0197841,0.193711,0.0264705,2
0.00368343,0.173543,0.101023,2
0.092231,0.17695,0.192988,2
0.0224277,0.159936,0.127613,2
0.0647916,0.146986,0.183883,2
0.0602257,0.18681,0.0888071,2
0.0661338,0.147451,0.0409828,2
0.00784948,0.12726,0.139657,2
0.0892993,0.162323,0.192488,2
0.0781142,0.126148,0.16905,2
0.0923866,0.218258,0.0498681,2
0.0277938,0.143229,0.208793,2
0.0332311,0.218397,0.0643895,2
0.068077,0.172963,0.132801,2
0.0513753,0.14937,0.0876632,2
0.104096,0.221755,0.106911,2
0.0714944,0.200886,0.110168,2
0.0400131,0.187358,0.00773308,2
0.0029341,0.128689,0.124934,2
0.107472,0.170056,0.138948,2
0.0494132,0.195114,0.0799368,2
0.0374752,0.184053,0.200089,2
0.0149399,0.209662,0.174376,2
0.0529843,0.132782,0.193443,2
0.0637189,0.138085,0.17272,2
0.00131368,0.218365,0.0412239,2
0.0513394,0.188865,0.160222,2
0.0852386,0.168292,0.191736,2
0.00703686,0.199238,0.222722,2
0.0126814,0.126694,0.135374,2
0.0473529,0.124117,0.135934,2
0.0490439,0.178443,0.151262,2
0.0169824,0.156235,0.0724355,2
0.00298079,0.158229,0.177635,2
0.093132,0.21191,0.176124,2
0.084215,0.130623,0.150963,2
0.0524837,0.12868,0.0070106,2
0.0580672,0.176316,0.126561,2
0.0446063,0.189374,0.224189,2
0.0359938,0.164399,0.0425508,2
0.00323673,0.177905,0.156774,2
0.0683079,0.186962,0.207904,2
0.0470382,0.202669,0.198506,2
0.0398177,0.217571,0.174976,2
0.0520427,0.188251,0.200026,2
0.037144,0.202352,0.164379,2
0.0829358,0.153263,0.0971555,2
0.00419053,0.201893,0.106899,2
0.014455,0.195109,0.213169,2
0.076479,0.186512,0.114335,2
0.0862407,0.213252,0.0390253,2
0.110238,0.127807,0.0989597,2
0.0123474,0.122394,0.189492,2
0.00742278,0.121567,0.140673,2
0.16092,0.128301,0.107583,3
0.115172,0.162679,0.20594,3
0.13946,0.212936,0.171199,3
0.151913,0.10878,0.122974,3
0.120044,0.103819,0.224148,3
0.11521,0.0950228,0.180596,3
0.119962,0.11305,0.0793082,3
0.112834,0.120053,0.139665,3
0.113278,0.0980902,0.00374439,3
0.116875,0.209778,0.199547,3
0.157457,0.162502,0.0316391,3
0.132699,0.220659,0.144601,3
0.197859,0.131523,0.114636,3
0.12217,0.126688,0.215852,3
0.172747,0.166527,0.0498497,3
0.221151,0.127878,0.0760999,3
0.121466,0.191679,0.180297,3
0.145013,0.124537,0.0775367,3
0.129736,0.197178,0.0767437,3
0.170932,0.174651,0.0548935,3
0.13661,0.210003,0.183034,3
0.141454,0.215961,0.216481,3
0.116818,0.145142,0.181458,3
0.144768,0.151697,0.0871287,3
0.143757,0.183427,0.089606,3
0.146423,0.205562,0.0168865,3
0.138235,0.209584,0.139229,3
0.197109,0.16129,0.0157302,3
0.205949,0.183347,0.126454,3
0.18148,0.100154,0.0818337,3
0.20008,0.092123,0.131062,3
0.140868,0.109174,0.215425,3
0.139941,0.126653,0.217545,3
0.173408,0.115865,0.179835,3
0.143659,0.138767,0.142451,3
0.186042,0.175255,0.189324,3
0.173805,0.129472,0.206612,3
0.21465,0.200717,0.140418,3
0.125652,0.180094,0.218953,3
0.186039,0.139804,0.00385089,3
0.189906,0.194961,0.0830013,3
0.191299,0.122096,0.178504,3
0.213138,0.0986937,0.178897,3
0.20646,0.131635,0.156415,3
0.220453,0.149311,0.186289,3
0.117206,0.0928365,0.0344527,3
0.221457,0.216206,0.197922,3
0.210107,0.211272,0.218799,3
0.147812,0.220765,0.146681,3
0.211784,0.156299,0.0536466,3
0.205352,0.221377,0.135152,3
0.217757,0.177275,0.0976243,3
0.191414,0.161563,0.0879777,3
0.14989,0.152052,0.220434,3
0.156912,0.124214,0.221638,3
0.175305,0.218441,0.125884,3
0.167544,0.0954984,0.0255607,3
0.212889,0.166857,0.176778,3
0.138618,0.203872,0.110514,3
0.201791,0.120236,0.209562,3
0.186836,0.109356,0.14047,3
0.212686,0.125998,0.0749437,3
0.193773,0.197888,0.0447943,3
0.219552,0.174567,0.149967,3
0.212181,0.136159,0.149945,3
0.168689,0.161072,0.00854371,3
0.154832,0.172199,0.20079,3
0.208125,0.220533,0.18802,3
0.116089,0.192437,0.210121,3
0.21069,0.208135,0.08282,3
0.183677,0.16922,0.175995,3
0.219787,0.199642,0.111861,3
0.163444,0.181551,0.118239,3
0.155648,0.125163,0.130513,3
0.168633,0.191555,0.20247,3
0.14158,0.171264,0.0708687,3
0.22123,0.143771,0.00747099,3
0.176151,0.090803,0.200174,3
0.223526,0.20039,0.114807,3
0.132741,0.193243,0.218093,3
0.167711,0.128973,0.139674,3
0.176079,0.203391,0.00553587,3
0.113818,0.12691,0.0896616,3
0.115416,0.155759,0.112715,3
0.126699,0.16063,0.170361,3
0.201194,0.176414,0.143995,3
0.159534,0.0919335,0.130096,3
0.147678,0.167685,0.171342,3
0.205418,0.222485,0.168482,3
0.136672,0.151095,0.0329675,3
0.114622,0.0977694,0.0865858,3
0.155961,0.200603,0.083646,3
0.155079,0.17314,0.101608,3
0.177382,0.0907832,0.210161,3
0.219116,0.202879,0.134905,3
0.188745,0.181563,0.0365373,3
0.213952,0.12917,0.09578,3
0.133675,0.130248,0.0174238,3
0.119174,0.127857,0.0596444,3
0.171368,0.206604,0.216425,3
0.213198,0.134979,0.0122597,3
0.147516,0.131765,0.0724244,3
0.113753,0.157494,0.0665917,3
0.182533,0.211329,0.167323,3
0.161414,0.182382,0.099293,3
0.139827,0.162016,0.0630299,3
0.222998,0.196075,0.105332,3
0.218499,0.132318,0.155626,3
0.196019,0.21063,0.0426434,3
0.177304,0.183967,0.0781567,3
0.122565,0.178226,0.199173,3
0.213893,0.22012,0.0129903,3
0.127544,0.090279,0.0491824,3
0.210097,0.132083,0.212904,3
0.209132,0.105858,0.0707401,3
0.177946,0.190487,0.136051,3
0.181243,0.114099,0.0101187,3
0.224068,0.157033,0.194253,3
0.214034,0.210309,0.0961254,3
0.188373,0.155774,0.222443,3
0.17551,0.191789,0.148613,3
0.202829,0.0892125,0.122958,3
0.211502,0.20158,0.0592265,3
0.152532,0.101644,0.158002,3
0.166924,0.129924,0.136068,3
0.193775,0.0938766,0.224419,3
0.115041,0.115179,0.033748,3
0.127368,0.0934008,0.0937475,3
0.128,0.0986896,0.0345088,3
0.203482,0.0940402,0.100043,3
0.116544,0.146788,0.188846,3
0.173755,0.0891003,0.00802184,3
