x coord,y coord,z coord,rank
0.0397421,0.0180527,0.134998,0
0.0737471,0.00414136,0.116034,0
0.0613893,0.0991471,0.0392103,0
0.0973288,0.0422281,0.0623316,0
0.0866662,0.0156809,0.0197317,0
0.12667,0.0734668,0.0489421,0
0.0802316,0.0480448,0.149303,0
0.0844752,0.092672,0.191987,0
0.0881791,0.0830349,0.16023,0
0.00481002,0.0452404,0.120412,0
0.122064,0.0908901,0.13082,0
0.0581761,0.0817987,0.0261255,0
0.0923219,0.0808222,0.201636,0
0.121444,0.0966437,0.216881,0
0.0306587,0.0502578,0.135009,0
0.0860067,0.0754913,0.0942512,0
0.0164697,0.045329,0.128924,0
0.0306746,0.0317588,0.0388141,0
0.0499933,0.0940799,0.00883687,0
0.0383986,0.088978,0.108623,0
0.11324,0.0851849,0.144561,0
0.0887769,0.0640367,0.130244,0
0.0965687,0.0114206,0.199016,0
0.051555,0.0491401,0.0371996,0
0.117961,0.0728749,0.0720434,0
0.0707705,0.0572326,0.0961359,0
0.132694,0.00869281,0.0559756,0
0.0107402,0.0193814,0.188527,0
0.0333758,0.0636658,0.180537,0
0.123988,0.0454777,0.208452,0
0.0887731,0.0283917,0.222544,0
0.107655,0.0297244,0.0594877,0
0.129798,0.0814565,0.180688,0
0.109737,0.0970191,0.0500361,0
0.0651875,0.078289,0.0742397,0
0.0409956,0.0101889,0.188562,0
0.0625367,0.0626879,0.187031,0
0.0338057,0.0380966,0.216857,0
0.0312349,0.0273267,0.0606804,0
0.0266307,0.0534844,0.160434,0
0.112738,0.0441331,0.13141,0
0.105875,0.0296224,0.197645,0
0.124161,0.0660082,0.121936,0
0.0923795,0.0647329,0.143123,0
0.0527946,0.0694134,0.0368138,0
0.11017,0.0442188,0.0906644,0
0.0668016,0.0376711,0.0991363,0
0.00550262,0.0451304,0.0208282,0
0.0873669,0.0156193,0.165097,0
0.0190757,0.0668415,0.141127,0
0.0655643,0.0892214,0.173669,0
0.0569141,0.103034,0.0743296,0
0.106816,0.0168643,0.132357,0
0.0961587,0.010259,0.163672,0
0.00768527,0.0614347,0.090429,0
0.084796,0.0553798,0.197455,0
0.0156255,0.0859794,0.189379,0
0.0781973,0.0275417,0.12192,0
0.00865314,0.0810442,0.00412571,0
0.0823278,0.101384,0.191932,0
0.0118758,0.0719029,0.0707181,0
0.098244,0.0784854,0.195599,0
0.0446034,0.051169,0.0263186,0
0.000498977,0.0775834,0.123606,0
0.0315124,0.0492291,0.220163,0
0.0589936,0.0375323,0.145513,0
0.00197586,0.00706846,0.0881184,0
0.0707686,0.0796574,0.201036,0
0.073826,0.0686655,0.180459,0
0.0116616,0.0953959,0.0914675,0
0.0209365,0.0063045,0.213901,0
0.0537646,0.0051725,0.22141,0
0.0302523,0.00677381,0.105836,0
0.1243,0.0369572,0.22295,0
0.069837,0.0334606,0.197084,0
0.0011614,0.0187682,0.125764,0
0.0471555,0.0905239,0.196191,0
0.0254575,0.0696185,0.13261,0
0.129641,0.0553949,0.145748,0
0.0406823,0.0379424,0.00355985,0
0.075537,0.104651,0.0921001,0
0.0581975,0.0116702,0.202082,0
0.00417356,0.0256926,0.0984377,0
0.119938,0.020629,0.0999167,0
0.100793,0.0359468,0.0805219,0
0.0794273,0.0618543,0.166635,0
0.0571336,0.0443141,0.0287158,0
0.113597,0.0324667,0.0809541,0
0.0625724,0.0555854,0.198838,0
0.0831368,0.0296975,0.0612569,0
0.0760181,0.0999103,0.0956447,0
0.0855889,0.0895641,0.0561358,0
0.120764,0.0111885,0.0876806,0
0.100494,0.0280897,0.169274,0
0.00242608,0.0774992,0.189651,0
0.0862094,0.0697709,0.18275,0
0.123734,0.0270191,0.103413,0
0.0142095,0.0487052,0.126244,0
0.0168441,0.0243416,0.00994789,0
0.0900843,0.0127745,0.16378,0
0.0200606,0.0688071,0.11114,0
0.0427922,0.0258,0.116946,0
0.114098,0.0755857,0.158949,0
0.000771925,0.0330258,0.110769,0
0.073048,0.0466124,0.032829,0
0.069223,0.047155,0.17487,0
0.0868258,0.105025,0.0230192,0
0.0917766,0.0451716,0.202636,0
0.0760339,0.0362802,0.220117,0
0.0722659,0.0690665,0.0903953,0
0.0588507,0.0652995,0.170564,0
0.0553777,0.0866461,0.0367509,0
0.0828123,0.0116588,0.0346436,0
0.0241746,0.0640998,0.0434036,0
0.123882,0.0954599,0.0483533,0
0.0836431,0.0321376,0.00199395,0
0.119846,0.100772,0.118822,0
0.108788,0.0065331,0.00267665,0
0.0728304,0.00691786,0.120661,0
0.0804279,0.0311327,0.00454367,0
0.0338555,0.0322407,0.0645038,0
0.0954675,0.0908946,0.0864045,0
0.0891397,0.0945007,0.0357264,0
0.0546184,0.103261,0.127324,0
0.122269,0.086738,0.0270258,0
0.110176,0.0821895,0.142403,0
0.0877361,0.104093,4.16379e-05,0
0.0334022,0.103822,0.0257686,0
0.00699894,0.0965418,0.08983,0
0.0289777,0.102347,0.032443,0
0.0140725,0.104403,0.0119574,0
0.129493,0.104016,0.0274479,0
0.128768,0.0136878,0.110824,0
0.0601221,0.105689,0.191966,0
0.0508646,0.172307,0.169806,1
0.0986428,0.222054,0.0481137,1
0.0625893,0.110792,0.0868991,1
0.0945183,0.184278,0.168387,1
0.0826437,0.185897,0.173381,1
0.0218413,0.125369,0.0994277,1
0.0941926,0.200498,0.00268991,1
0.00360889,0.210327,0.0193849,1
0.0374191,0.20372,0.196098,1
0.0944318,0.195769,0.078936,1
0.0425888,0.208884,0.0776728,1
0.0939432,0.142635,0.064902,1
0.0212099,0.129284,0.192675,1
0.0404894,0.186912,0.132404,1
0.0308072,0.178207,0.0685478,1
0.100185,0.216144,0.0537381,1
0.0558088,0.162291,0.116478,1
0.057389,0.168839,0.101362,1
0.00779007,0.145015,0.160761,1
0.075853,0.203552,0.13868,1
0.0484969,0.211018,0.121111,1
0.0774214,0.169998,0.150985,1
0.0288676,0.214787,0.0445826,1
0.0380549,0.210025,0.161077,1
0.0965515,0.132493,0.193177,1
0.102097,0.148034,0.0983429,1
0.0889144,0.13588,0.192668,1
0.0894493,0.137884,0.0672547,1
0.0547719,0.193464,0.0440941,1
0.0461537,0.212047,0.0760011,1
0.0652182,0.199031,0.0474249,1
0.0444417,0.161872,0.0268039,1
0.0482928,0.212497,0.0786733,1
0.0089415,0.115807,0.117725,1
0.032118,0.185106,0.212467,1
0.066967,0.178085,0.0838387,1
0.0831897,0.19539,0.11461,1
0.0223148,0.189403,0.197614,1
0.0924798,0.147409,0.0692245,1
0.0982417,0.159462,0.112322,1
0.0265409,0.221564,0.107487,1
0.0301669,0.172063,0.210372,1
0.0259761,0.221108,0.088699,1
0.0134112,0.143864,0.123007,1
0.0139734,0.206303,0.141121,1
0.0542838,0.139166,0.217174,1
0.000606986,0.202613,0.16545,1
0.0192057,0.157725,0.0371993,1
0.0542038,0.119051,0.0715611,1
0.01546,0.15181,0.0020759,1
0.010104,0.14485,0.052763,1
0.0666844,0.114069,0.17439,1
0.0847032,0.221074,0.197687,1
0.0583318,0.222452,0.131151,1
0.017311,0.155437,0.142164,1
0.0463257,0.179027,0.1268,1
0.0760639,0.137896,0.058955,1
0.0977041,0.127405,0.0255684,1
0.0103997,0.155001,0.130548,1
0.0567605,0.123491,0.194639,1
0.102932,0.190097,0.0415558,1
0.0450921,0.223966,0.0174194,1
0.0409302,0.211227,0.105989,1
0.0459227,0.117562,0.190296,1
0.00459653,0.194108,0.0262183,1
0.0391373,0.15919,0.167554,1
0.00555157,0.215881,0.108459,1
0.0671124,0.113703,0.0282687,1
0.0548541,0.167025,0.0407847,1
0.0945277,0.109852,0.0911458,1
0.0812011,0.199785,0.130638,1
0.00340756,0.194878,0.0580092,1
0.0594391,0.188822,0.0779607,1
0.0579539,0.136478,0.0412626,1
0.0759104,0.224974,0.117653,1
0.0371091,0.142968,0.210389,1
0.058946,0.200615,0.0812762,1
0.0692514,0.1953,0.200591,1
0.0361514,0.163862,0.00512469,1
0.00435543,0.200203,0.0906836,1
0.0990738,0.123853,0.000298241,1
0.0542596,0.192063,0.0368863,1
0.00355967,0.173048,0.149897,1
0.0630539,0.198988,0.204423,1
0.0638407,0.141551,0.153148,1
0.0733442,0.213399,0.0160021,1
0.0847136,0.111632,0.0989445,1
0.0317395,0.167477,0.160673,1
0.0356892,0.192579,0.140456,1
0.0616577,0.190792,0.0522895,1
0.0210208,0.136777,0.193495,1
0.088472,0.199634,0.0046518,1
0.0974603,0.156819,0.00734311,1
0.0148501,0.144024,0.00755007,1
0.00631755,0.208392,0.118726,1
0.0099504,0.129697,0.197148,1
0.0780653,0.108383,0.0810813,1
0.0186308,0.13768,0.128649,1
0.0930066,0.141189,0.0837667,1
0.0942212,0.196022,0.0795878,1
0.00244581,0.129814,0.205709,1
0.0780987,0.217613,0.176735,1
0.0672573,0.111387,0.0735244,1
0.0201729,0.213697,0.0862545,1
0.0828728,0.110602,0.221244,1
0.0944466,0.128835,0.207556,1
0.0101061,0.130654,0.141172,1
0.0115479,0.119405,0.0594785,1
0.027827,0.182756,0.0318287,1
0.0255878,0.155822,0.11639,1
0.0950513,0.141593,0.0299497,1
0.0100789,0.139558,0.175173,1
0.0449563,0.224365,0.0590745,1
0.0322101,0.174953,0.209666,1
0.0776577,0.149483,0.217251,1
0.00948165,0.171493,0.0849421,1
0.0549157,0.217187,0.111714,1
0.0979703,0.169156,0.217412,1
0.0851952,0.145047,0.0685199,1
0.0919523,0.128558,0.160773,1
0.00793796,0.197384,0.136349,1
0.0905515,0.124568,0.103555,1
0.076351,0.216667,0.152352,1
0.0583268,0.140662,0.0230009,1
0.103434,0.182845,0.0528218,1
0.151014,0.115497,0.120597,2
0.208817,0.201481,0.218691,2
0.210411,0.174195,0.18497,2
0.160794,0.113385,0.0216742,2
0.157706,0.115576,0.110002,2
0.163011,0.127402,0.209451,2
0.199057,0.110875,0.179949,2
0.215111,0.196428,0.0388178,2
0.206258,0.191654,0.209482,2
0.20005,0.184891,0.0186395,2
0.218602,0.205084,0.112574,2
0.107197,0.21725,0.145733,2
0.159391,0.161741,0.147594,2
0.199523,0.185979,0.165719,2
0.183085,0.204785,0.106073,2
0.189558,0.210442,0.0747156,2
0.223074,0.156302,0.00921706,2
0.170837,0.129371,0.0265918,2
0.122784,0.222245,0.202726,2
0.216797,0.129604,0.131552,2
0.150243,0.191804,0.135869,2
0.135162,0.158504,0.0741361,2
0.200573,0.18696,0.0492799,2
0.191636,0.210206,0.0713823,2
0.127275,0.198597,0.199708,2
0.148679,0.183516,0.0248419,2
0.142037,0.125322,0.0540435,2
0.150015,0.187982,0.212756,2
0.191125,0.202956,0.2052,2
0.201388,0.154189,0.142229,2
0.182072,0.221946,0.144076,2
0.115458,0.176593,0.0441401,2
0.200472,0.181954,0.195907,2
0.142804,0.193845,0.0356669,2
0.166707,0.143351,0.187277,2
0.224558,0.120165,0.155747,2
0.187565,0.214887,0.0729143,2
0.108773,0.16171,0.148363,2
0.148636,0.127191,0.129173,2
0.118603,0.118939,0.0540989,2
0.215386,0.172228,0.0634984,2
0.213606,0.112641,0.188303,2
0.204895,0.146445,0.0876323,2
0.13226,0.134958,0.185009,2
0.222502,0.223687,0.164192,2
0.214812,0.192027,0.0323985,2
0.176533,0.17842,0.00217268,2
0.18277,0.129138,0.129727,2
0.115946,0.176939,0.204894,2
0.205565,0.21912,0.147608,2
0.14798,0.170879,0.0817174,2
0.108663,0.185347,0.152315,2
0.213267,0.217087,0.098596,2
0.223921,0.128944,0.0270448,2
0.203559,0.116903,0.167278,2
0.212139,0.155834,0.0247358,2
0.184281,0.143151,0.12653,2
0.162253,0.158265,0.0646281,2
0.158231,0.203283,0.136942,2
0.174683,0.125011,0.193711,2
0.143486,0.154354,0.193652,2
0.112784,0.176172,0.142107,2
0.197312,0.224025,0.0602664,2
0.145931,0.205776,0.0544001,2
0.193588,0.175122,0.180473,2
0.216239,0.164426,0.036866,2
0.212145,0.185468,0.200883,2
0.123387,0.150952,0.0484059,2
0.148998,0.128651,0.165073,2
0.120605,0.130968,0.171669,2
0.183346,0.178449,0.0659781,2
0.206873,0.192474,0.20248,2
0.223681,0.113535,0.0326997,2
0.211977,0.174721,0.0901489,2
0.146631,0.192739,0.0930351,2
0.193008,0.169492,0.171825,2
0.195008,0.141437,0.0181092,2
0.158656,0.159224,0.142466,2
0.164406,0.140136,0.0848283,2
0.108893,0.224944,0.176009,2
0.161386,0.113959,0.152945,2
0.178493,0.219168,0.180736,2
0.163659,0.163351,0.0894262,2
0.141827,0.127023,0.0572503,2
0.187885,0.167416,0.0525417,2
0.192149,0.212924,0.104319,2
0.119438,0.110936,0.0363439,2
0.140159,0.107977,0.175134,2
0.219398,0.155633,0.0250102,2
0.161492,0.210079,0.122622,2
0.135416,0.183431,0.131966,2
0.20902,0.162071,0.137077,2
0.187464,0.206715,0.0486999,2
0.20898,0.191338,0.00947358,2
0.13086,0.171948,0.174241,2
0.179591,0.139035,0.140153,2
0.180063,0.187269,0.132825,2
0.183372,0.115456,0.103045,2
0.201717,0.107866,0.172223,2
0.200427,0.186459,0.0448458,2
0.209613,0.136141,0.194954,2
0.157639,0.185187,0.0470263,2
0.106046,0.175336,0.0373545,2
0.220799,0.120879,0.0920025,2
0.188321,0.120304,0.0213891,2
0.1553,0.196657,0.0431247,2
0.155631,0.189514,0.193214,2
0.164259,0.125118,0.205232,2
0.1481,0.16885,0.0687144,2
0.183751,0.115317,0.0636058,2
0.215195,0.164654,0.0427016,2
0.162939,0.202946,0.00755096,2
0.185759,0.149205,0.0608295,2
0.208886,0.194577,0.200973,2
0.149675,0.150259,0.133113,2
0.123587,0.213089,0.133858,2
0.197567,0.151306,0.075445,2
0.131777,0.208553,0.0193041,2
0.183876,0.207292,0.181108,2
0.224655,0.212766,0.0607935,2
0.195815,0.164393,0.00254003,2
0.135404,0.133798,0.132425,2
0.198775,0.134842,0.119072,2
0.194345,0.138982,0.221822,2
0.119117,0.160931,0.0786402,2
0.203459,0.13227,0.156415,2
0.137329,0.109269,0.209467,2
0.190062,0.107812,0.0294471,2
0.21595,0.052329,0.157534,3
0.173918,0.0973084,0.0586773,3
0.222825,0.105257,0.0106087,3
0.139155,0.0883662,0.0917997,3
0.167774,0.0360767,0.052423,3
0.162809,0.0252501,0.0608488,3
0.188416,0.0760261,0.084851,3
0.218492,0.0549035,0.157945,3
0.145046,0.0677496,0.0199176,3
0.159968,0.0456152,0.101921,3
0.170029,0.0474547,0.0816495,3
0.146197,0.0895908,0.0380291,3
0.215526,0.0837281,0.005622,3
0.204783,0.0192069,0.0423677,3
0.199088,0.0177178,0.0419612,3
0.194891,0.00982855,0.0431181,3
0.158147,0.101312,0.221098,3
0.197581,0.0131923,0.0391313,3
0.199822,0.0118754,0.0400847,3
0.202653,0.0129699,0.0435466,3
0.182542,0.0243778,0.161009,3
0.1956,0.0154618,0.0399893,3
0.204335,0.0182185,0.0392549,3
0.192929,0.00228839,0.0652733,3
0.199244,0.0107574,0.0396265,3
0.13617,0.0368466,0.183198,3
0.16836,0.100017,0.0160387,3
0.203005,0.0112978,0.0437981,3
0.202594,0.016553,0.0457138,3
0.164769,0.0368776,0.163434,3
0.181211,0.100465,0.0978847,3
0.201324,0.0136172,0.0406656,3
0.136732,0.0464748,0.118262,3
0.185162,0.0414988,0.0427586,3
0.201755,0.0154748,0.0450972,3
0.186873,0.0867307,0.206091,3
0.197643,0.0147253,0.0408626,3
0.162977,0.0671695,0.22202,3
0.217636,0.0716175,0.17606,3
0.200576,0.0114592,0.0418944,3
0.148587,0.0152656,0.0521422,3
0.200715,0.0162378,0.038452,3
0.219921,0.0191199,0.0320407,3
0.200031,0.0121974,0.0376351,3
0.202191,0.0185503,0.0410937,3
0.196646,0.0867466,0.0776943,3
0.202639,0.0168749,0.0429736,3
0.197198,0.0169071,0.04095,3
0.204702,0.0146058,0.0429145,3
0.212565,0.0298433,0.224211,3
0.166501,0.105699,0.00227715,3
0.162212,0.000180449,0.177535,3
0.145162,0.00758465,0.119055,3
0.148168,0.0876778,0.126316,3
0.2211,0.021194,0.11923,3
0.150865,0.00857576,0.122707,3
0.210648,0.0275521,0.195889,3
0.162776,0.076078,0.195892,3
0.202098,0.0142591,0.0420442,3
0.190786,0.0221498,0.0144421,3
0.202192,0.0122094,0.0415443,3
0.200094,0.00987401,0.0383464,3
0.209054,0.107014,0.0373905,3
0.19823,0.0122618,0.0411233,3
0.171546,0.0944999,0.138445,3
0.191713,0.0789321,0.125408,3
0.203373,0.0138992,0.0402855,3
0.159143,0.101368,0.0172583,3
0.214723,0.0558555,0.0159756,3
0.157728,0.0538112,0.00674966,3
0.20417,0.00985392,0.0441074,3
0.198902,0.0141214,0.0444553,3
0.177578,0.00769711,0.0992371,3
0.199488,0.00964745,0.0377335,3
0.154587,0.063462,0.179573,3
0.20906,0.00885027,0.0309659,3
0.213791,0.0757824,0.00105473,3
0.198078,0.0559915,0.197919,3
0.181134,0.0511398,0.0219004,3
0.207008,0.0552865,0.211145,3
0.203881,0.0129362,0.04344,3
0.201991,0.0154902,0.0455658,3
0.198629,0.0119307,0.0404834,3
0.19824,0.0790969,0.0459653,3
0.200642,0.0138746,0.0422544,3
0.198434,0.0111232,0.0430899,3
0.161403,0.104855,0.0766825,3
0.145668,0.0238428,0.0198299,3
0.193689,0.00258048,0.0825989,3
0.200914,0.0137996,0.0427455,3
0.173328,0.0393003,0.223841,3
0.188156,0.0653247,0.0495275,3
0.163379,0.0494482,0.0189411,3
0.211963,0.101694,0.183555,3
0.200375,0.0163958,0.0393157,3
0.203681,0.0143995,0.043352,3
0.199064,0.0114331,0.0402485,3
0.142698,0.00844818,0.108961,3
0.182946,0.0359162,0.075765,3
0.198171,0.0177423,0.0440136,3
0.210248,0.00194917,0.201552,3
0.16208,0.0718175,0.137307,3
0.215323,0.0828896,0.193896,3
0.187677,0.0870522,0.0706055,3
0.20191,0.0117596,0.0466504,3
0.192969,0.0675569,0.0190552,3
0.210346,0.054095,0.0900331,3
0.211206,0.0746041,0.200074,3
0.207293,0.0560975,0.118147,3
0.197978,0.0503447,0.193689,3
0.184559,0.0985025,0.0730384,3
0.205827,0.0703169,0.0900907,3
0.171923,0.071804,0.0265027,3
