x coord,y coord,z coord,rank
0.129814,0.0677932,0.191309,0
0.140623,0.0847642,0.111613,0
0.183323,0.101071,0.106672,0
0.0908012,0.00532963,0.223302,0
0.0549768,0.0431289,0.141958,0
0.207285,0.0716468,0.133799,0
0.0987861,0.0749104,0.130269,0
0.109942,0.0963177,0.107667,0
0.0437037,0.0672321,0.128973,0
0.0719117,0.0719833,0.212873,0
0.143797,0.0709223,0.140097,0
0.115084,0.0992114,0.134306,0
0.133755,0.103499,0.186364,0
0.218814,0.101023,0.165943,0
0.0542712,0.0900077,0.121693,0
0.178692,0.0835112,0.167751,0
0.102226,0.0250829,0.153387,0
0.00416319,0.0381655,0.102512,0
0.214271,0.0844435,0.216609,0
0.106785,0.00800136,0.143559,0
0.132758,0.0969137,0.109981,0
0.13295,0.0721758,0.204701,0
0.0699513,0.0697116,0.221031,0
0.0209262,0.0560779,0.174993,0
0.135309,0.100603,0.12801,0
0.011626,0.0806783,0.149423,0
0.0754712,0.096902,0.166045,0
0.014157,0.102248,0.212496,0
0.129433,0.0688766,0.174311,0
0.10817,0.0745443,0.144762,0
0.022465,0.0413137,0.120087,0
0.0124494,0.0311095,0.134629,0
0.123135,0.0654161,0.17206,0
0.0337325,0.101269,0.134301,0
0.063301,0.0121046,0.202658,0
0.13477,0.0967965,0.121401,0
0.0267797,0.0230277,0.157259,0
0.0424856,0.101745,0.189785,0
0.129675,0.0930989,0.174974,0
0.0988546,0.0408049,0.173457,0
0.220374,0.0619079,0.107932,0
0.0384388,0.077025,0.222919,0
0.145434,0.0862213,0.117847,0
0.10495,0.104802,0.208291,0
0.106284,0.00594842,0.145345,0
0.16984,0.0223128,0.190204,0
0.0884751,0.0321751,0.110378,0
0.127395,0.025906,0.121926,0
0.0838001,0.00529589,0.211114,0
0.00713144,0.00443398,0.207244,0
0.209509,0.0498992,0.118572,0
0.00648965,0.0800894,0.187549,0
0.1876,0.0475032,0.224301,0
0.141635,0.0821722,0.143793,0
0.0426438,0.0991467,0.202775,0
0.157127,0.0805417,0.141845,0
0.178678,0.00656277,0.188821,0
0.118061,0.023497,0.194237,0
0.127112,0.105064,0.220781,0
0.125929,0.0522582,0.144961,0
0.185639,0.0384871,0.131636,0
0.0995322,0.0858913,0.198252,0
0.0920213,0.0175618,0.109998,0
0.101045,0.0983609,0.144058,0
0.187839,0.0606258,0.178068,0
0.0278384,0.0545974,0.133481,0
0.0758557,0.0770513,0.189202,0
0.171041,0.0420817,0.21613,0
0.0179348,0.0267897,0.173368,0
0.136032,0.0859015,0.155283,0
0.0226707,0.0360242,0.138114,0
0.127379,0.0743042,0.128969,0
0.17009,0.0691038,0.199988,0
0.19483,0.023502,0.190936,0
0.207857,0.0666968,0.221581,0
0.0761245,0.0960984,0.185727,0
0.0235295,0.0625257,0.151259,0
0.0229143,0.0542397,0.139766,0
0.222285,0.00908202,0.144012,0
0.0521595,0.0407776,0.139833,0
0.0580581,0.0114194,0.197068,0
0.130403,0.0721058,0.209082,0
0.0125274,0.0778492,0.141371,0
0.0894277,0.0719287,0.172269,0
0.14585,0.0494362,0.144874,0
0.0751062,0.0322425,0.127388,0
0.0866305,0.0693971,0.126172,0
0.0677116,0.0296129,0.204375,0
0.0830037,0.0332752,0.186217,0
0.172022,0.100209,0.219983,0
0.197004,0.0749693,0.193939,0
0.112583,0.0142458,0.190132,0
0.022427,0.0911805,0.210058,0
0.163811,0.0730374,0.118584,0
0.17709,0.0422741,0.168722,0
0.190478,0.0433969,0.169758,0
0.169563,0.0177429,0.135437,0
0.220238,0.0532599,0.196037,0
0.124961,0.0606282,0.132113,0
0.102536,0.097656,0.181337,0
0.0240143,0.049558,0.215028,0
0.143604,0.0911722,0.204178,0
0.124712,0.0789961,0.124863,0
0.0572793,0.0870815,0.189471,0
0.133561,0.0311758,0.142989,0
0.0958382,0.0711408,0.20067,0
0.172467,0.033309,0.184356,0
0.18342,0.0130832,0.146904,0
0.13528,0.0605504,0.105458,0
0.117999,0.0267635,0.143463,0
0.0895364,0.0735972,0.107138,0
0.104385,0.0409445,0.197283,0
0.220639,0.103504,0.143403,0
0.112872,0.0149728,0.170803,0
0.11976,0.0514409,0.191845,0
0.184006,0.0562468,0.200087,0
0.215158,0.0189047,0.133614,0
0.102281,0.0423681,0.119839,0
0.202625,0.0465393,0.131023,0
0.113571,0.0961961,0.142203,0
0.203628,0.00408461,0.17482,0
0.112608,0.0127261,0.169901,0
0.145271,0.0884128,0.133268,0
0.127675,0.0794219,0.127173,0
0.175675,0.0904116,0.169765,0
0.0885125,0.0413154,0.108177,0
0.188802,0.102828,0.161141,0
0.0917757,0.101856,0.108758,0
0.180961,0.105729,0.129871,0
0.0295361,0.0909983,0.0313348,1
0.178283,0.0342108,0.0435705,1
0.180273,0.0550018,0.0321496,1
0.183199,0.0573983,0.0311025,1
0.143652,0.0553817,0.0646488,1
0.177142,0.0500852,0.0281993,1
0.21713,0.086561,0.0460823,1
0.204318,0.084311,0.00652752,1
0.17598,0.0568493,0.0285768,1
0.213424,0.0903834,0.00643375,1
0.181103,0.0588007,0.0262475,1
0.152923,0.068569,0.0947535,1
0.15485,0.0186383,0.091502,1
0.211683,0.0869716,0.0643649,1
0.181992,0.0608591,0.0254238,1
0.194285,0.0871764,0.0511565,1
0.0593477,0.0660601,0.0188771,1
0.129895,0.0121727,0.0417339,1
0.179205,0.056939,0.0273698,1
0.179189,0.0544472,0.0253379,1
0.180869,0.0527692,0.0289388,1
0.0409023,0.0727324,0.0585685,1
0.103288,0.0493684,0.0446327,1
0.144785,0.0537184,0.0590284,1
0.0877198,0.0270056,0.0767986,1
0.128548,0.0253126,0.0609561,1
0.180509,0.0532471,0.0254672,1
0.221196,0.0111262,0.0409834,1
0.0379973,0.0592406,0.094903,1
0.165832,0.0543027,0.0763849,1
0.1111,0.0439852,0.0219017,1
0.131653,0.0187185,0.0797808,1
0.0288288,0.0528315,0.0343017,1
0.170506,0.0755776,0.0350537,1
0.0935865,0.0323992,0.0296487,1
0.177181,0.0583178,0.0235411,1
0.131147,0.0331716,0.0435038,1
0.220562,0.0232239,0.0800895,1
0.152507,0.0684164,0.0411186,1
0.0840837,0.0656538,0.00692727,1
0.180991,0.0482226,0.0269795,1
0.0726506,0.0293946,0.00373505,1
0.132087,0.0375987,0.0892088,1
0.185354,0.0728419,0.0630144,1
0.182273,0.0805348,0.0857689,1
0.176145,0.0518543,0.0303824,1
0.207495,0.0537754,0.0598743,1
0.178096,0.0540576,0.0311545,1
0.182503,0.0578642,0.0262041,1
0.00946316,0.0640447,0.00266374,1
0.109741,0.0703503,0.00802863,1
0.121489,0.0232043,0.0132611,1
0.121818,0.000272344,0.0906046,1
0.224883,0.0816677,0.0821268,1
0.121532,0.00188389,0.0361819,1
0.186071,0.0566804,0.0305897,1
0.168068,0.0212092,0.0627203,1
0.176844,0.0526301,0.0288742,1
0.1604,0.0627474,0.00482909,1
0.0302231,0.0137122,0.0676526,1
0.0494924,0.0491635,0.0579423,1
0.110119,0.00655712,0.0655322,1
0.179737,0.0502561,0.0342104,1
0.182188,0.0570106,0.0315979,1
0.0199854,0.0554068,0.0914294,1
0.181162,0.0504503,0.0248869,1
0.0129552,0.0863092,0.0739627,1
0.216683,0.00518543,0.0989493,1
0.187333,0.0383364,0.0218419,1
0.185446,0.00291227,0.0212567,1
0.17429,0.0508886,0.0265819,1
0.173787,0.0293173,0.0175169,1
0.181969,0.0552388,0.0273871,1
0.104878,0.0434772,0.0775437,1
0.123607,0.0848985,0.0319244,1
0.1414,0.0590175,0.00365686,1
0.180818,0.0550683,0.0266865,1
0.172406,0.0172978,0.0764746,1
0.03845,0.0531802,0.088087,1
0.0977981,0.0859484,0.0927041,1
0.166217,0.0636754,0.0664842,1
0.155941,0.00333403,0.0133461,1
0.1844,0.0545943,0.0260967,1
0.0604822,0.0667368,0.0196868,1
0.106611,0.0594123,0.0108593,1
0.183207,0.0508792,0.0303183,1
0.184899,0.058039,0.0294296,1
0.170936,0.00912635,0.0813865,1
0.181055,0.0545228,0.028545,1
0.0686646,0.0210089,0.035935,1
0.034105,0.0906987,0.0504024,1
0.129015,0.0640374,0.00525772,1
0.176475,0.0537413,0.0287665,1
0.0615846,0.0205687,0.0346844,1
0.197088,0.0633118,0.0378335,1
0.181573,0.0538989,0.0268048,1
0.00151369,0.033869,0.0594573,1
0.183554,0.0554129,0.0224242,1
0.00410848,0.0353169,0.0439862,1
0.177245,0.0514434,0.0238309,1
0.173705,0.0560527,0.0318415,1
0.0981363,0.0402653,0.0396493,1
0.180364,0.0534299,0.031958,1
0.183694,0.0547453,0.0271379,1
0.182174,0.05655,0.0233722,1
0.224079,0.0599515,0.06298,1
0.178827,0.0565347,0.0269757,1
0.183927,0.057036,0.0310182,1
0.178816,0.0539261,0.0285091,1
0.180837,0.0591365,0.0276323,1
0.182056,0.00657672,0.00144202,1
0.183757,0.0539656,0.0232613,1
0.183637,0.056631,0.0286668,1
0.084622,0.0764132,0.0581087,1
0.135863,0.0709042,0.0743144,1
0.180249,0.0566384,0.0292028,1
0.218655,0.0362411,0.0860181,1
0.155015,0.0559831,0.0294636,1
0.00352008,0.0677018,0.0675188,1
0.199931,0.0722924,0.0868095,1
0.160779,0.116124,0.0962912,2
0.000648422,0.176222,0.032488,2
0.0844039,0.219271,0.0188592,2
0.114609,0.19538,0.00482967,2
0.0120063,0.189599,0.0942563,2
0.0670439,0.1332,0.0585736,2
0.00959251,0.115162,0.036888,2
0.183646,0.107847,0.0875492,2
0.0772683,0.192916,0.0946087,2
0.141719,0.215863,0.0234321,2
0.115192,0.220437,0.0583907,2
0.167548,0.142431,0.0535993,2
0.153005,0.221739,0.0545174,2
0.00164652,0.189278,0.066474,2
0.0779093,0.222294,0.0972405,2
0.207161,0.152876,0.0301885,2
0.0266552,0.0939821,0.0399897,2
0.0822966,0.117335,0.031244,2
0.166648,0.0978547,0.0403742,2
0.039145,0.0943651,0.00926375,2
0.0874498,0.124857,0.0513253,2
0.0144013,0.215743,0.0627175,2
0.160807,0.202056,0.0585896,2
0.0640058,0.136759,0.0893102,2
0.0860283,0.112674,0.0517086,2
0.111965,0.139607,0.0288433,2
0.184329,0.143156,0.0618117,2
0.0124043,0.0979412,0.049165,2
0.0510832,0.117518,0.0658808,2
0.181672,0.137103,0.0107794,2
0.193747,0.218788,0.0150272,2
0.0035213,0.173472,0.0531696,2
0.0599505,0.148767,0.0661384,2
0.152385,0.168969,0.0330878,2
0.186595,0.201188,0.0716787,2
0.0663117,0.140294,0.0320609,2
0.203211,0.166166,0.0496747,2
0.0327369,0.161697,1.27883e-07,2
0.101518,0.213265,0.0792122,2
0.122884,0.219116,0.0123829,2
0.134621,0.158736,0.0227383,2
0.114482,0.187442,0.00835796,2
0.0818877,0.193107,0.0627497,2
0.0269789,0.22327,0.0681689,2
0.0261529,0.129538,0.0543269,2
0.00801853,0.149065,0.0601774,2
0.150225,0.162097,0.0316742,2
0.0681129,0.0968643,0.0942691,2
0.193891,0.147253,0.0665671,2
0.119753,0.18786,0.0315846,2
0.124909,0.127979,0.0678525,2
0.0218083,0.117562,0.044877,2
0.0892327,0.124486,0.00152546,2
0.219471,0.121475,0.0549262,2
0.176294,0.217615,0.0783349,2
0.178768,0.196111,0.0652816,2
0.0839765,0.219896,0.0763726,2
0.00934866,0.108154,0.0232088,2
0.212728,0.147187,0.0976839,2
0.138817,0.175271,0.0179628,2
0.153966,0.114743,0.070599,2
0.103067,0.145082,0.0926392,2
0.0503824,0.158004,0.0147245,2
0.119329,0.163465,0.0191629,2
0.0881628,0.207929,0.0023378,2
0.0907252,0.134802,0.0418931,2
0.134984,0.158494,0.0675607,2
0.0500839,0.174052,0.00847247,2
0.212286,0.142903,0.0483611,2
0.0933487,0.104654,0.0215198,2
0.0485312,0.164123,0.0859836,2
0.185506,0.14205,0.0839309,2
0.18685,0.202361,0.0838672,2
0.177829,0.192902,0.00542857,2
0.146241,0.167762,0.0517031,2
0.169484,0.193479,0.0459317,2
0.147379,0.130506,0.094172,2
0.00492468,0.131133,0.000615005,2
0.0581894,0.112511,0.0553264,2
0.0396393,0.151121,0.0257411,2
0.213583,0.150762,0.064432,2
0.08066,0.137756,0.0796173,2
0.0246056,0.163038,0.0764599,2
0.0488583,0.121723,0.0546995,2
0.0298798,0.171685,0.0551926,2
0.212842,0.0921383,0.0490389,2
0.205426,0.133775,0.018197,2
0.208267,0.106335,0.0137525,2
0.102838,0.197349,0.0830511,2
0.188866,0.123897,0.028141,2
0.146407,0.173464,0.00413821,2
0.215989,0.176273,0.0467143,2
0.0774465,0.139238,0.0320752,2
0.207175,0.111442,0.0589165,2
0.16834,0.17865,0.0900586,2
0.125244,0.176677,0.083366,2
0.0935408,0.150295,0.0456499,2
0.21951,0.15819,0.0118207,2
0.130205,0.12292,0.0474861,2
0.0526106,0.177308,0.0194619,2
0.134876,0.149753,0.0646142,2
0.168922,0.197904,0.0892503,2
0.200655,0.122571,0.0686729,2
0.132127,0.15545,0.0854139,2
0.212123,0.145764,0.0440183,2
0.185548,0.177968,0.0944455,2
0.19643,0.14744,0.0741398,2
0.185468,0.173836,0.0961835,2
0.144947,0.143817,0.0356827,2
0.0726806,0.157566,0.0695518,2
0.0506388,0.152208,0.0331582,2
0.0995877,0.111116,0.0236428,2
0.12176,0.134729,0.0781245,2
0.0142145,0.113591,0.0183771,2
0.111428,0.11457,0.0862075,2
0.063229,0.104573,0.0388885,2
0.106681,0.218531,0.0359256,2
0.00243702,0.159014,0.0147896,2
0.0476809,0.141392,0.00744033,2
0.142407,0.207577,0.090718,2
0.126538,0.110049,0.0155593,2
0.202169,0.0941385,0.014672,2
0.073772,0.0921023,0.0732638,2
0.210779,0.222948,0.0915067,2
0.108337,0.108012,0.0960288,2
0.120082,0.164025,0.0942718,2
0.215655,0.0988914,0.0519793,2
0.071427,0.161401,0.094223,2
0.0289117,0.101739,0.0982018,2
0.172127,0.0942776,0.0881685,2
0.218771,0.206385,0.100472,2
0.0460769,0.0950987,0.0922739,2
0.0811105,0.11475,0.207248,3
0.118288,0.118546,0.110133,3
0.0292624,0.146921,0.141876,3
0.0652048,0.181709,0.156176,3
0.0912629,0.170185,0.183492,3
0.0986043,0.193866,0.167862,3
0.0136301,0.206624,0.124267,3
0.154429,0.183877,0.180232,3
0.0873571,0.224953,0.140325,3
0.0978078,0.206565,0.218587,3
0.089014,0.156177,0.127962,3
0.197634,0.140628,0.144508,3
0.125208,0.193574,0.215591,3
0.127289,0.151607,0.145791,3
0.0394478,0.125515,0.148849,3
0.0611179,0.218434,0.175165,3
0.110269,0.182326,0.105973,3
0.0407363,0.213105,0.120814,3
0.17221,0.178023,0.14119,3
0.0889874,0.180047,0.145675,3
0.0197906,0.146039,0.194872,3
0.13072,0.164321,0.21326,3
0.101143,0.125298,0.108463,3
0.220475,0.195109,0.144831,3
0.116244,0.182127,0.1467,3
0.0956312,0.219027,0.183531,3
0.0506179,0.129439,0.142712,3
0.0914431,0.148465,0.197721,3
0.0545252,0.139845,0.10623,3
0.187492,0.216423,0.190327,3
0.0381706,0.170828,0.185654,3
0.0935407,0.167023,0.1846,3
0.13995,0.151435,0.16989,3
0.207151,0.171113,0.200674,3
0.100792,0.160355,0.153012,3
0.015787,0.218259,0.140252,3
0.168192,0.159972,0.121321,3
0.124208,0.137489,0.115171,3
0.0479389,0.185835,0.198021,3
0.180092,0.176281,0.218096,3
0.0188064,0.145929,0.131545,3
0.0293807,0.210085,0.130618,3
0.122464,0.172663,0.164395,3
0.129102,0.180293,0.118723,3
0.105834,0.175621,0.136915,3
0.152218,0.149724,0.102755,3
0.179882,0.121374,0.201826,3
0.131807,0.14538,0.210695,3
0.0745376,0.198659,0.119277,3
0.224513,0.203405,0.188547,3
0.0964036,0.204861,0.117311,3
0.031043,0.150861,0.221207,3
0.0737739,0.120141,0.160752,3
0.0921944,0.150602,0.179902,3
0.114703,0.117745,0.193045,3
0.034871,0.111601,0.1419,3
0.155875,0.213379,0.116022,3
0.0827461,0.178108,0.154917,3
0.139751,0.157003,0.119941,3
0.111016,0.15299,0.195525,3
0.0380179,0.196476,0.199861,3
0.184277,0.133457,0.196463,3
0.217883,0.213966,0.173778,3
0.0583876,0.211014,0.10784,3
0.168363,0.216469,0.147697,3
0.195295,0.163624,0.210685,3
0.203993,0.117709,0.177702,3
0.177493,0.190172,0.198072,3
0.0633578,0.220066,0.139674,3
0.213069,0.181989,0.164421,3
0.130215,0.195166,0.180165,3
0.213749,0.152258,0.133942,3
0.0419342,0.12867,0.208741,3
0.170119,0.222261,0.19841,3
0.121799,0.191109,0.161435,3
0.136669,0.111616,0.207719,3
0.209151,0.215654,0.14437,3
0.215652,0.222229,0.179243,3
0.151976,0.145293,0.163308,3
0.0791494,0.13158,0.136131,3
0.161904,0.168962,0.163222,3
0.172761,0.206534,0.162783,3
0.207153,0.170779,0.114734,3
0.00134483,0.220104,0.215573,3
0.0831607,0.186777,0.180496,3
0.0306537,0.139105,0.151366,3
0.148655,0.174347,0.184406,3
0.174225,0.123213,0.183181,3
0.197237,0.222921,0.224161,3
0.15672,0.196813,0.197159,3
0.205675,0.213055,0.14982,3
0.199289,0.179951,0.110552,3
0.152241,0.174618,0.102796,3
0.0127688,0.176734,0.175941,3
0.141518,0.187997,0.144168,3
0.120259,0.171198,0.171445,3
0.222053,0.120015,0.138871,3
0.175319,0.169538,0.219924,3
0.0726614,0.133117,0.134804,3
0.203002,0.153305,0.178719,3
0.0648187,0.112037,0.134851,3
0.0844335,0.144497,0.195378,3
0.0425853,0.111525,0.126756,3
0.0887279,0.13189,0.217842,3
0.130521,0.210219,0.178069,3
0.0968684,0.165902,0.129776,3
0.214214,0.224177,0.189498,3
0.206116,0.129714,0.192226,3
0.181825,0.108217,0.111101,3
0.010409,0.113758,0.191324,3
0.0398057,0.19762,0.116503,3
0.134167,0.132347,0.156014,3
0.0831066,0.112202,0.20187,3
0.212894,0.16688,0.11831,3
0.181918,0.193412,0.167234,3
0.213904,0.116042,0.202244,3
0.170931,0.124443,0.204128,3
0.113684,0.211654,0.101999,3
0.214528,0.1993,0.141574,3
