x coord,y coord,z coord,rank
0.0539862,0.111082,0.104982,0
0.120108,0.214784,0.0183219,0
0.118923,0.199318,0.0515929,0
0.101399,0.141448,0.0111523,0
0.0694151,0.0283424,0.0229648,0
0.126064,0.173658,0.102599,0
0.0740202,0.159644,0.0570826,0
0.108232,0.0526871,0.035318,0
0.0867144,0.0818914,0.0406807,0
0.0954249,0.200202,0.0475708,0
0.0106899,0.195838,0.0397567,0
0.114985,0.121447,0.019133,0
0.0571831,0.189962,0.0573189,0
0.0443496,0.1166,0.060311,0
0.0749076,0.137439,0.0748283,0
0.00673912,0.0559603,0.0523589,0
0.00134956,0.00264871,0.0943604,0
0.0370355,0.0639997,0.0752114,0
0.0541266,0.106353,0.107929,0
0.0964653,0.0761922,0.0611794,0
0.0700433,0.096522,0.103565,0
0.0641051,0.13168,0.107079,0
0.0111471,0.0823216,0.0953676,0
0.101667,0.0388632,0.0200284,0
0.123488,0.100582,0.078893,0
0.112389,0.175486,0.0150653,0
0.0327593,0.128427,0.0875121,0
0.0497157,0.212485,0.00182548,0
0.0981821,0.0370247,0.104035,0
0.133019,0.163761,0.0728576,0
0.000695654,0.150786,0.0600129,0
0.09913,0.154384,0.0414538,0
0.13128,0.0782148,0.00487236,0
0.0570193,0.175976,0.0795875,0
0.124405,0.10806,0.10762,0
0.0223927,0.126205,0.00184827,0
0.102861,0.166003,0.0990117,0
0.129408,0.176604,0.103279,0
0.000279105,0.178056,0.0118755,0
0.101282,0.0417014,0.0786888,0
0.116495,0.134681,0.0219281,0
0.0772935,0.13328,0.0721358,0
0.0690649,0.0938581,0.0309675,0
0.0458911,0.0268482,0.0361913,0
0.117115,0.119237,0.0927087,0
0.0347641,0.199683,0.0507874,0
0.0663319,0.203689,0.0374292,0
0.0536742,0.174377,0.00898542,0
0.0651103,0.119071,0.040253,0
0.0583959,0.111613,0.104934,0
0.0160158,0.00881785,0.0724834,0
0.0491636,0.0497998,0.0345751,0
0.0611418,0.130849,0.0461365,0
0.0550595,0.0246076,0.051296,0
0.0853187,0.154915,0.0468692,0
0.0452467,0.219848,0.0613412,0
0.0804703,0.163316,0.0657793,0
0.0493802,0.168887,0.0283865,0
0.0350425,0.104159,0.0167564,0
0.0605014,0.105519,0.0946982,0
0.111842,0.0294376,0.0298903,0
0.0455109,0.0467185,0.0571613,0
0.094169,0.14306,0.00339462,0
0.0823309,0.150505,0.0464518,0
0.0816885,0.166177,0.060285,0
0.0412465,0.147774,0.0403948,0
0.0916013,0.0945644,0.0313459,0
0.0465269,0.180583,0.0352609,0
0.0923333,0.00302537,0.0717723,0
0.0128322,0.0722346,0.0893203,0
0.126609,0.155929,0.0453047,0
0.077039,0.00303302,0.00355464,0
0.128837,0.00704594,0.040161,0
0.021431,0.0437456,0.0401284,0
0.0483784,0.0501829,0.00993304,0
0.037406,0.184385,0.0675372,0
0.0770196,0.0295563,0.0275266,0
0.0131483,0.221509,0.048162,0
0.125447,0.0727942,0.0391695,0
0.043791,0.00459384,0.0497373,0
0.111308,0.0900224,0.0676273,0
0.0808752,0.078051,0.0484118,0
0.0663317,0.121364,0.0287245,0
0.0216191,0.162948,0.0198453,0
0.110202,0.0794917,0.0638484,0
0.0432823,0.184877,0.0114522,0
0.103341,0.0470427,0.0576021,0
0.104972,0.157906,0.0621415,0
0.10751,0.0304335,0.096294,0
0.0120846,0.122212,0.0866952,0
0.0847141,0.222618,0.097406,0
0.0879676,0.153976,0.025127,0
0.0623332,0.193153,0.034784,0
0.0755176,0.131262,0.0866002,0
0.00056172,0.157059,0.0987674,0
0.0811118,0.0715632,0.0152581,0
0.04575,0.145314,0.0640153,0
0.0395291,0.0186014,0.00420129,0
0.110282,0.158302,0.0142357,0
0.00258152,0.0557945,0.102148,0
0.011387,0.216755,0.0860471,0
0.0428113,0.160253,0.0474815,0
0.0998601,0.0918367,0.063838,0
0.100206,0.0442229,0.0680578,0
0.008602,0.154458,0.0566774,0
0.0333785,0.0117801,0.0624924,0
0.119339,0.19556,0.044402,0
0.128826,0.141795,0.0468076,0
0.0531204,0.0108488,0.0417343,0
0.100326,0.0680185,0.00411996,0
0.0114863,0.115872,0.106002,0
0.0385957,0.0394615,0.0209038,0
0.112885,0.0518545,0.018885,0
0.0830748,0.142457,0.0525204,0
0.0361801,0.209975,0.0372875,0
0.0314723,0.182554,0.00132132,0
0.0500303,0.206964,0.064535,0
0.0610142,0.19981,0.072114,0
0.0840665,0.159587,0.078778,0
0.0865309,0.0764905,0.210539,1
0.0364925,0.0153048,0.214516,1
0.0495421,0.177238,0.11619,1
0.000500135,0.0529268,0.133163,1
0.0279116,0.170091,0.206693,1
0.0362124,0.113981,0.148364,1
0.0923926,0.139186,0.196839,1
0.0106971,0.0816441,0.157109,1
0.059601,0.0190494,0.152383,1
0.0637596,0.102538,0.173553,1
0.0500452,0.114278,0.136667,1
0.0392152,0.117975,0.133059,1
0.0569386,0.2111,0.20721,1
0.0506832,0.113087,0.173565,1
0.0773592,0.0807103,0.138123,1
0.0198954,0.113469,0.18408,1
0.0934084,0.00968534,0.161663,1
0.0990098,0.142538,0.157656,1
0.0294626,0.12132,0.203622,1
0.058917,0.191816,0.211798,1
0.0553717,0.203736,0.189169,1
0.0609712,0.115182,0.213853,1
0.0697735,0.0548544,0.221721,1
0.0375137,0.0144182,0.121107,1
0.0748746,0.143474,0.213706,1
0.0506758,0.100174,0.169505,1
0.0349251,0.0754936,0.211721,1
0.0990583,0.00777797,0.140095,1
0.0619974,0.134888,0.129753,1
0.0139388,0.149142,0.113731,1
0.0112379,0.0969371,0.183107,1
0.0176875,0.0122853,0.172019,1
0.0538552,0.0883019,0.122192,1
0.0300229,0.156682,0.158642,1
0.102029,0.108435,0.119911,1
0.0209984,0.17351,0.193333,1
0.0702217,0.0506143,0.162865,1
0.0640689,0.100441,0.123748,1
0.0416199,0.209695,0.125861,1
0.0894886,0.123619,0.201808,1
0.0983934,0.207047,0.196715,1
0.00717629,0.0889623,0.14909,1
0.0899523,0.193851,0.163274,1
0.0861153,0.0491485,0.1356,1
0.0219916,0.210655,0.167448,1
0.103863,0.197637,0.204008,1
0.0987949,0.0264158,0.173969,1
0.0860876,0.0400741,0.180762,1
0.00271668,0.221201,0.198719,1
0.0129621,0.0510046,0.125623,1
0.0713892,0.0671182,0.127008,1
0.0452654,0.158798,0.203875,1
0.0303516,0.060834,0.173435,1
0.0993989,0.00130174,0.219386,1
0.0749211,0.188101,0.129144,1
0.0467808,0.0660161,0.200847,1
0.016126,0.161478,0.175276,1
0.0887361,0.00150801,0.120637,1
0.00744532,0.127405,0.118331,1
0.0529496,0.144769,0.172641,1
0.0394227,0.0815182,0.178748,1
0.0797625,0.015582,0.149298,1
0.0531975,0.17388,0.205851,1
0.0843455,0.207429,0.139775,1
0.0320455,0.043735,0.148053,1
0.046295,0.0854866,0.163031,1
0.0605903,0.224424,0.150013,1
0.10825,0.0541823,0.197459,1
0.0708424,0.207517,0.187959,1
0.0295782,0.0709291,0.188798,1
0.0946226,0.118168,0.206791,1
0.103166,0.0190766,0.115764,1
0.0822572,0.0819513,0.126804,1
0.0389737,0.208839,0.13148,1
0.00497652,0.195654,0.123199,1
0.0622073,0.0499308,0.212581,1
0.0921879,0.192608,0.14953,1
0.00674519,0.143375,0.200936,1
0.00232957,0.0676663,0.195693,1
0.0422998,0.0279812,0.173414,1
0.000433745,0.00636404,0.188671,1
0.0973917,0.167682,0.191151,1
0.00030729,0.1506,0.143049,1
0.101913,0.188928,0.204413,1
0.0986787,0.222964,0.174894,1
0.0444298,0.0949435,0.109559,1
0.0257569,0.162933,0.117136,1
0.0210052,0.224611,0.199308,1
0.034325,0.201037,0.22324,1
0.0856049,0.0834687,0.151179,1
0.0397976,0.087791,0.206956,1
0.0531142,0.0382262,0.16039,1
0.0548172,0.0195877,0.13843,1
0.0151276,0.112735,0.166601,1
0.0878726,0.176194,0.203469,1
0.0965211,0.153311,0.130853,1
0.0439052,0.14703,0.177469,1
0.00249495,0.121112,0.12904,1
0.00993019,0.0205466,0.20946,1
0.0580457,0.208061,0.205283,1
0.0667391,0.18899,0.147097,1
0.0749557,0.21733,0.146085,1
0.0850606,0.135257,0.122458,1
0.0774465,0.0517821,0.160061,1
0.0513489,0.0803935,0.199296,1
0.063444,0.0677468,0.144327,1
0.00149502,0.00584822,0.120677,1
0.0938477,0.0496053,0.213743,1
0.0920737,0.186398,0.11689,1
0.0351353,0.0298588,0.207337,1
0.0392672,0.167948,0.117059,1
0.0994231,0.16104,0.223376,1
0.0127046,0.201849,0.130039,1
0.0514591,0.0378703,0.200133,1
0.0632435,0.05801,0.167568,1
0.0938971,0.186228,0.211838,1
0.0613492,0.015675,0.184181,1
0.0861393,0.108164,0.137541,1
0.0683901,0.00580801,0.190598,1
0.0684436,0.199809,0.111411,1
0.0244105,0.212105,0.120852,1
0.0986276,0.0620828,0.115419,1
0.0367249,0.0234644,0.213458,1
0.00513641,0.10735,0.186291,1
0.0675315,0.211824,0.115942,1
0.107583,0.0410283,0.114264,1
0.0656558,0.187636,0.112606,1
0.10681,0.171292,0.157362,1
0.0348478,0.0703706,0.110932,1
0.108152,0.0283268,0.157057,1
0.107922,0.127317,0.147077,1
0.15426,0.0949199,0.0337571,2
0.171862,0.0256647,0.0239778,2
0.211142,0.134891,0.106896,2
0.153143,0.105718,0.043234,2
0.157444,0.16513,0.103938,2
0.139865,0.208316,0.0618663,2
0.180962,0.00127399,0.084816,2
0.194259,0.0114325,0.047842,2
0.143021,0.140602,0.0257201,2
0.198199,0.00321617,0.0411505,2
0.19288,0.0134478,0.0497925,2
0.19233,0.00906457,0.0526763,2
0.194891,0.0109216,0.0508583,2
0.192059,0.0126122,0.0457305,2
0.177008,0.224569,0.0478401,2
0.191537,0.00603484,0.0529465,2
0.197448,0.0087698,0.049189,2
0.149984,0.211399,0.074356,2
0.186874,0.0102363,0.0481186,2
0.216571,0.0623093,0.0672842,2
0.14607,0.154552,0.00735913,2
0.186915,0.00950876,0.0511583,2
0.165613,0.0228391,0.0943663,2
0.149264,0.215966,0.041187,2
0.208258,0.161181,0.022769,2
0.162717,0.0219369,0.0526913,2
0.177393,0.0689601,0.0467057,2
0.175039,0.160146,0.00929168,2
0.213825,0.201769,0.0292769,2
0.193636,0.00856978,0.0498185,2
0.191444,0.00454332,0.0519231,2
0.163657,0.207473,0.00598135,2
0.189013,0.00793994,0.0469948,2
0.145929,0.059713,0.0281373,2
0.199234,0.209397,0.0652802,2
0.189638,0.00780167,0.04728,2
0.146102,0.133829,0.0247064,2
0.194145,0.00795808,0.050522,2
0.18944,0.00754676,0.0497344,2
0.148792,0.00402128,0.0587186,2
0.192033,0.00922343,0.0456774,2
0.189743,0.0133403,0.0478107,2
0.193981,0.0160189,0.0491933,2
0.192621,0.00955902,0.0497293,2
0.174605,0.0102941,0.0514692,2
0.217049,0.134142,0.0604994,2
0.186798,0.0937207,0.003405,2
0.175915,0.125259,0.0353126,2
0.193996,0.0111806,0.0516148,2
0.147346,0.0874006,0.0746952,2
0.198466,0.174006,0.0895001,2
0.191629,0.00795692,0.0492334,2
0.19418,0.0154825,0.0489081,2
0.193104,0.160222,0.0404511,2
0.199319,0.175384,0.0201044,2
0.162837,0.117912,0.106875,2
0.1907,0.00900853,0.0482406,2
0.155331,0.164631,0.100018,2
0.194038,0.0104069,0.047353,2
0.169327,0.015336,0.0653285,2
0.206348,0.223847,0.0269942,2
0.201571,0.0303876,0.0618998,2
0.208673,0.10062,0.0704813,2
0.181331,0.0239074,0.00826168,2
0.173107,0.177592,0.0869167,2
0.184051,0.0195933,0.0809714,2
0.186935,0.0104884,0.0501408,2
0.192843,0.00637547,0.0497999,2
0.142152,0.187947,0.0754192,2
0.186607,0.00837582,0.052642,2
0.222998,0.06144,0.0202109,2
0.172645,0.0757374,0.0496242,2
0.2044,0.194944,0.103575,2
0.177677,0.0459993,0.00538595,2
0.155127,0.129791,0.0367291,2
0.174973,0.210668,0.0113112,2
0.188676,0.012611,0.0464985,2
0.191673,0.00951719,0.05544,2
0.188712,0.00720829,0.049034,2
0.193925,0.0459509,0.0681557,2
0.197506,0.100424,0.00805325,2
0.187832,0.0125951,0.0463684,2
0.174863,0.0278393,0.00443632,2
0.154786,0.0141462,0.0666701,2
0.167772,0.0767246,0.0915459,2
0.193742,0.204916,0.0624125,2
0.139619,0.224694,0.056486,2
0.142297,0.0196525,0.0134588,2
0.192274,0.00860117,0.0485275,2
0.175036,0.0407264,0.0972976,2
0.211819,0.0669172,0.0170812,2
0.191692,0.0128977,0.0482319,2
0.194348,0.0094344,0.0514996,2
0.156793,0.208708,0.0295125,2
0.189418,0.00841909,0.0490184,2
0.216412,0.0394519,0.0116561,2
0.189157,0.0103423,0.0522596,2
0.200132,0.1859,0.0928259,2
0.222419,0.0705049,0.0603321,2
0.158998,0.208868,0.0255418,2
0.189023,0.0141664,0.0459194,2
0.153667,0.213411,0.0914547,2
0.17703,0.119584,0.0699314,2
0.193388,0.000544283,0.0151182,2
0.223342,0.0994176,0.104054,2
0.173083,0.179978,0.0163263,2
0.203023,0.0445001,0.058891,2
0.20412,0.0632993,0.0800196,2
0.167242,0.0166407,0.0707043,2
0.194135,0.0147646,0.0488146,2
0.152445,0.203493,0.0242964,2
0.214797,0.0110702,0.0818099,2
0.209929,0.169008,0.0735228,2
0.191028,0.0137763,0.0449169,2
0.155838,0.116515,0.103342,2
0.152507,0.214008,0.0601059,2
0.194161,0.135217,0.06781,2
0.211305,0.176027,0.0231952,2
0.14035,0.144083,0.00954569,2
0.185966,0.150526,0.0308924,2
0.143013,0.153387,0.0527585,2
0.145557,0.00948431,0.0924744,2
0.21935,0.0195676,0.0965473,2
0.134661,0.214725,0.119095,3
0.144281,0.208814,0.179721,3
0.151055,0.0735535,0.180652,3
0.223436,0.00477637,0.224616,3
0.207226,0.00303633,0.194018,3
0.141676,0.156754,0.153363,3
0.156079,0.011222,0.135966,3
0.151896,0.126018,0.111536,3
0.190045,0.014866,0.142925,3
0.201094,0.0519711,0.166518,3
0.145376,0.126139,0.110203,3
0.180684,0.174912,0.112108,3
0.214338,0.00588313,0.173426,3
0.134474,0.148058,0.113701,3
0.131054,0.113099,0.180429,3
0.149035,0.0102227,0.220806,3
0.200452,0.206778,0.14833,3
0.204527,0.0706455,0.134373,3
0.142431,0.0639324,0.122497,3
0.195194,0.175502,0.179914,3
0.167392,0.0836624,0.167096,3
0.137243,0.172332,0.150747,3
0.195143,0.101419,0.152828,3
0.191441,0.129503,0.151842,3
0.189789,0.0914958,0.128601,3
0.111453,0.212718,0.189007,3
0.137705,0.0995635,0.224237,3
0.175063,0.0700188,0.176908,3
0.199925,0.00886239,0.19705,3
0.21931,0.166845,0.123947,3
0.119725,0.189805,0.139223,3
0.188158,0.10563,0.11697,3
0.159022,0.140007,0.12655,3
0.148334,0.141486,0.141333,3
0.203315,0.0633612,0.197784,3
0.21235,0.00109155,0.188242,3
0.191219,0.205428,0.221933,3
0.16518,0.220654,0.170218,3
0.12961,0.0951455,0.159867,3
0.169864,0.178364,0.215787,3
0.163106,0.00312007,0.203438,3
0.135356,0.117216,0.195287,3
0.150383,0.060157,0.214795,3
0.178346,0.0605355,0.172164,3
0.144645,0.0996543,0.154709,3
0.208503,0.127165,0.172375,3
0.128474,0.0329455,0.114386,3
0.142253,0.138275,0.183223,3
0.117024,0.100391,0.224118,3
0.175005,0.0687158,0.163333,3
0.116949,0.00727463,0.158105,3
0.128797,0.172297,0.135335,3
0.141659,0.0455792,0.158363,3
0.216902,0.0371065,0.187048,3
0.211375,0.219358,0.191682,3
0.204333,0.0146078,0.214882,3
0.205137,0.0370162,0.119311,3
0.219383,0.0284736,0.162329,3
0.187507,0.149459,0.172416,3
0.151793,0.0984759,0.172019,3
0.156699,0.00978315,0.172622,3
0.185658,0.00203489,0.155038,3
0.198134,0.0273027,0.224718,3
0.20467,0.161325,0.203611,3
0.139915,0.195618,0.219668,3
0.131157,0.0602237,0.199117,3
0.139029,0.180253,0.21329,3
0.123942,0.216225,0.195091,3
0.115429,0.130098,0.201144,3
0.201771,0.1427,0.139269,3
0.121426,0.214089,0.193487,3
0.142501,0.0092988,0.162074,3
0.212336,0.187339,0.188793,3
0.210534,0.176322,0.112401,3
0.15899,0.0793951,0.131393,3
0.197426,0.0315877,0.117385,3
0.184844,0.172114,0.186826,3
0.145007,0.174833,0.200862,3
0.133287,0.128603,0.171003,3
0.17095,0.0420235,0.129296,3
0.198609,0.196675,0.221468,3
0.205794,0.20362,0.130402,3
0.181285,0.175347,0.154672,3
0.203299,0.176848,0.184001,3
0.188875,0.101142,0.207998,3
0.184136,0.185052,0.168964,3
0.119806,0.0322166,0.13978,3
0.188361,0.0825056,0.174663,3
0.172536,0.0684408,0.21791,3
0.224328,0.0218633,0.127468,3
0.211895,0.210405,0.142719,3
0.12722,0.214487,0.122543,3
0.22183,0.191815,0.159543,3
0.165366,0.125816,0.126518,3
0.135245,0.213177,0.189383,3
0.193955,0.136295,0.210062,3
0.215752,0.0358596,0.112336,3
0.12201,0.102728,0.125527,3
0.1532,0.0640652,0.202361,3
0.198228,0.105661,0.122676,3
0.177266,0.0931703,0.204342,3
0.162212,0.215271,0.164708,3
0.153508,0.146059,0.111219,3
0.126767,0.0476872,0.167713,3
0.143653,0.143947,0.202508,3
0.129124,0.157962,0.173471,3
0.21944,0.208362,0.2099,3
0.219708,0.00737196,0.125598,3
0.209931,0.209763,0.15728,3
0.157461,0.0440309,0.224223,3
0.151288,0.0581697,0.194328,3
0.214371,0.0954655,0.19926,3
0.132721,0.0720113,0.195472,3
0.148308,0.0177598,0.147589,3
0.154391,0.20055,0.153195,3
0.206612,0.112504,0.128784,3
0.164633,0.211569,0.221868,3
0.123916,0.0795588,0.214809,3
0.148237,0.104126,0.151317,3
0.208451,0.128503,0.143569,3
0.134358,0.144056,0.110618,3
0.149361,0.168332,0.147195,3
0.219504,0.0604162,0.118013,3
0.109873,0.0191701,0.153357,3
0.143461,0.0145411,0.110774,3
0.199568,0.0141425,0.111792,3
0.110758,0.00428062,0.188826,3
