x coord,y coord,z coord,rank
0.148442,0.105186,0.0448247,0
0.140664,0.0938056,0.0314666,0
0.0361731,0.15451,0.0932995,0
0.0686205,0.178302,0.0798885,0
0.00551926,0.139064,0.085393,0
0.022912,0.190288,0.0567483,0
0.145757,0.164664,0.0302193,0
0.0260075,0.207058,0.0582283,0
0.0163629,0.173348,0.00588941,0
0.149924,0.197118,0.0499977,0
0.0107281,0.193027,0.0607716,0
0.0267634,0.147106,0.037449,0
0.0191992,0.149333,0.0309149,0
0.143841,0.207128,0.0885115,0
0.113558,0.188934,0.0711784,0
0.115375,0.216588,0.0877123,0
0.0109549,0.175644,0.0469444,0
0.138573,0.145644,0.0329373,0
0.100002,0.215774,0.00277552,0
0.17072,0.2078,0.0338115,0
0.153598,0.134067,0.0189803,0
0.11821,0.144816,0.0900713,0
0.220209,0.209993,0.086353,0
0.20475,0.164824,0.0610155,0
0.0744983,0.197377,0.0341337,0
0.0595585,0.180443,0.0109973,0
0.123833,0.12874,0.00830246,0
0.0716522,0.117952,0.0811312,0
0.12958,0.164517,0.0680881,0
0.0772189,0.220856,0.0037345,0
0.220815,0.173983,0.089996,0
0.0520797,0.12449,0.0403699,0
0.221208,0.174904,0.00445863,0
0.134764,0.145376,0.019553,0
0.0506374,0.135696,0.0610032,0
0.208902,0.217958,0.101846,0
0.087876,0.144595,0.0388939,0
0.00683353,0.125473,0.106676,0
0.0319932,0.0923913,0.080057,0
0.00235407,0.133899,0.00452493,0
0.198525,0.124176,0.0442717,0
0.0769768,0.16612,0.0772919,0
0.0484608,0.100216,0.0230854,0
0.109711,0.114712,0.102936,0
0.0477119,0.125423,0.0404549,0
0.122589,0.0914315,0.0204146,0
0.213638,0.213244,0.102577,0
0.0384668,0.159825,0.0482768,0
0.0236479,0.154025,0.0352473,0
0.193517,0.139967,0.0348041,0
0.202626,0.205033,0.0800471,0
0.12336,0.144619,0.0807109,0
0.0206908,0.205509,0.00188387,0
0.074808,0.0914785,0.0055144,0
0.0881353,0.214185,0.0621983,0
0.120518,0.119038,0.0822039,0
0.219122,0.217486,0.00414144,0
0.142387,0.168089,0.0830131,0
0.0129241,0.161296,0.0974715,0
0.149087,0.089175,0.102384,0
0.163465,0.119579,0.0408361,0
0.208312,0.19242,0.0179468,0
0.0978961,0.114102,0.066311,0
0.0772671,0.142851,0.0966154,0
0.192033,0.13639,0.0895428,0
0.189431,0.219358,0.0714837,0
0.132027,0.188404,0.0512313,0
0.00497285,0.21496,0.0684192,0
0.217911,0.222888,0.0150792,0
0.179615,0.181414,0.0886747,0
0.0502847,0.222964,0.0312141,0
0.00551262,0.0939317,0.0705655,0
0.0996177,0.223544,0.065275,0
0.182263,0.145569,0.0434637,0
0.0600016,0.112207,0.0566553,0
0.00791809,0.161264,0.0265556,0
0.118416,0.151181,0.0505312,0
0.210436,0.106236,0.00777795,0
0.199906,0.153287,0.0207551,0
0.119881,0.200014,0.0989586,0
0.00739288,0.131375,0.0169762,0
0.0849921,0.127874,0.0175545,0
0.181274,0.158941,0.0548244,0
0.0882336,0.184924,0.0560892,0
0.157515,0.161556,0.057339,0
0.193895,0.196841,0.034474,0
0.167442,0.175916,0.0931044,0
0.154398,0.10947,0.0709553,0
0.0400226,0.145906,0.0796585,0
0.18043,0.176964,0.082826,0
0.192945,0.223931,0.103618,0
0.196618,0.154909,0.021825,0
0.188669,0.113942,0.0271459,0
0.205039,0.16208,0.0364113,0
0.190871,0.197616,0.0734814,0
0.206549,0.218756,0.0371085,0
0.197383,0.220336,0.00727001,0
0.202097,0.190641,0.0220152,0
0.162701,0.185305,0.095454,0
0.107046,0.12165,0.0885452,0
0.111083,0.102164,0.0163038,0
0.0200459,0.123504,0.0950737,0
0.142981,0.180898,0.00897455,0
0.0716989,0.136998,0.0212802,0
0.0777112,0.202103,0.0450929,0
0.217568,0.151657,0.0327707,0
0.0710502,0.167216,0.0770958,0
0.145308,0.147204,0.00201277,0
0.0241507,0.139287,0.0663699,0
0.120819,0.13564,0.00213858,0
0.161024,0.114568,0.0928932,0
0.157744,0.164422,0.0392589,0
0.0799533,0.0889816,0.0769611,0
0.195815,0.0935151,0.000995334,0
0.216608,0.217674,0.0895408,0
0.164763,0.178052,0.00996252,0
0.0554955,0.192208,0.0369795,0
0.129065,0.175251,0.0878823,0
0.0411908,0.0948989,0.0234992,0
0.0358483,0.109635,0.0658245,0
0.0124448,0.137412,0.0295864,0
0.169359,0.142614,0.00634447,0
0.210106,0.186358,0.0965758,0
0.146489,0.0880424,0.0797712,0
0.0867716,0.0938081,0.0809587,0
0.178146,0.0884881,0.0742223,0
0.220983,0.0743825,0.0984662,1
0.0905628,0.044912,0.0193808,1
0.191491,0.0270725,0.0305464,1
0.194407,0.0261331,0.0393299,1
0.219382,0.0382712,0.00702532,1
0.194211,0.0297911,0.0365443,1
0.188781,0.0598597,0.0901627,1
0.169544,0.00404524,0.00851934,1
0.19084,0.0294342,0.0375343,1
0.170386,0.0535004,0.0474135,1
0.0281871,0.0348327,0.107796,1
0.217679,0.0675093,0.0399418,1
0.00483925,0.0317164,0.0358013,1
0.0512719,0.0363314,0.0126221,1
0.190865,0.0218657,0.0344855,1
0.0261324,0.0805708,0.0718355,1
0.0359317,0.0763929,0.0641569,1
0.0145836,0.0262972,0.00258476,1
0.190467,0.0290458,0.0360821,1
0.190024,0.0258361,0.033411,1
0.191128,0.0278198,0.0347878,1
0.157004,0.0122428,0.0236857,1
0.0332224,0.0198399,0.0507794,1
0.0190874,0.039181,0.0500915,1
0.0651136,0.00631327,0.0728598,1
0.149146,0.0388017,0.00564672,1
0.192017,0.0259083,0.03434,1
0.00435629,0.0266373,0.0383903,1
0.073304,0.000535242,0.0672555,1
0.0848324,0.0457408,0.00927423,1
0.101711,0.016325,0.0949735,1
0.0418547,0.0374561,0.050949,1
0.224378,0.0822978,0.00289912,1
0.0117592,0.0795518,0.00934876,1
0.204279,0.0870326,0.102207,1
0.194415,0.0234296,0.0359663,1
0.0983915,0.0163767,0.0684813,1
0.216666,0.0404934,0.0463459,1
0.176115,0.0704732,0.0430931,1
0.190126,0.0263347,0.034648,1
0.194764,0.0264924,0.032087,1
0.150125,0.0690159,0.089591,1
0.0554312,0.0411866,0.0800763,1
0.0496085,0.0226981,0.0628617,1
0.212816,0.0203481,0.0448806,1
0.185265,0.026609,0.0362748,1
0.150764,0.0845857,0.0459188,1
0.192865,0.0256397,0.0337396,1
0.191425,0.0291552,0.0394615,1
0.0388875,0.0442423,0.041823,1
0.171384,0.0540558,0.0531203,1
0.0744819,0.00983831,0.057788,1
0.141987,0.071573,0.0403403,1
0.134655,0.00779792,0.0370836,1
0.0702844,0.00920483,0.0653525,1
0.193162,0.0299719,0.0336413,1
0.176568,0.0522514,0.0483941,1
0.187759,0.0265981,0.0351958,1
0.0928959,0.0290863,0.0696493,1
0.0573052,0.0538835,0.00557053,1
0.201264,0.00423432,0.0629673,1
0.0667109,0.000466517,0.00868487,1
0.187309,0.0284001,0.0388037,1
0.192271,0.0283603,0.0359212,1
0.115733,0.07947,0.0976556,1
0.191824,0.0281811,0.0399379,1
0.0149366,0.0630391,0.0898348,1
0.0583852,0.0244299,0.105247,1
0.139806,0.0104615,0.0135559,1
0.0342054,0.0187283,0.0461441,1
0.191024,0.025041,0.0372349,1
0.202103,0.0681825,0.0145538,1
0.192044,0.0233833,0.0381419,1
0.095634,0.0144123,0.0744055,1
0.172533,0.0849221,0.042112,1
0.115157,0.0530894,0.00432192,1
0.193001,0.0293262,0.0336419,1
0.00618369,0.0637156,0.107657,1
0.115953,0.0766657,0.0205189,1
0.189362,0.0274916,0.0366715,1
0.0565198,0.00375543,0.0269426,1
0.00902042,0.0460328,0.0530167,1
0.192836,0.02377,0.0379826,1
0.0603725,0.0170655,0.0480223,1
0.0480968,0.00136471,0.0682678,1
0.191888,0.0313942,0.0351419,1
0.190462,0.0275744,0.0269962,1
0.115793,0.0148324,0.0740427,1
0.188805,0.0266318,0.0330517,1
0.173438,0.0856875,0.0538893,1
0.0149058,0.0322186,0.0737428,1
0.0962847,0.0802198,0.0408599,1
0.18996,0.0225949,0.0338001,1
0.00315487,0.0364462,0.00020643,1
0.140709,0.0666266,0.0775696,1
0.189674,0.027395,0.0419822,1
0.160903,0.0129403,0.0214835,1
0.191171,0.0297998,0.0330414,1
0.0677453,0.0693336,0.071757,1
0.0351545,0.002821,0.012472,1
0.188554,0.0250212,0.0373548,1
0.208932,0.0590442,0.00486763,1
0.186826,0.0312274,0.0362106,1
0.195346,0.0266772,0.039449,1
0.190478,0.027026,0.0318638,1
0.0435903,0.0600729,0.0787412,1
0.193509,0.02166,0.0358814,1
0.195709,0.0314573,0.0336905,1
0.193372,0.0314013,0.0355199,1
0.190406,0.0307412,0.0348619,1
0.218697,0.0119232,0.00651482,1
0.00182542,0.0665184,0.0654953,1
0.129252,0.0621494,0.069375,1
0.108074,0.0239798,0.0708825,1
0.0525418,0.0409688,0.0665802,1
0.207432,0.0649475,0.101591,1
0.0477969,0.0203299,0.00643754,1
0.207756,0.0157882,0.0374436,1
0.144783,0.0461055,0.0309194,1
0.170335,0.0594318,0.0376191,1
0.206601,0.0733496,0.0101322,1
0.0368732,0.0296136,0.103547,1
0.108932,0.0422231,0.10277,1
0.199508,0.0809412,0.0531724,1
0.0551259,0.0544338,0.10479,1
0.0932969,0.0329112,0.106378,1
0.141364,0.0872113,0.00183974,1
0.180684,0.0571136,0.134564,2
0.0035408,0.0462246,0.113361,2
0.118736,0.0222531,0.190552,2
0.117819,0.071856,0.112473,2
0.121153,0.0691546,0.109156,2
0.107584,0.0938087,0.223335,2
0.0560833,0.0720966,0.177028,2
0.0666032,0.118161,0.178089,2
0.222559,0.117177,0.124945,2
0.0242501,0.0372841,0.120481,2
0.0791421,0.0444713,0.147692,2
0.0735093,0.0667944,0.151554,2
0.108718,0.112725,0.143234,2
0.0464688,0.00896244,0.154183,2
0.17508,0.0277128,0.125884,2
0.0538375,0.0785445,0.157095,2
0.00482876,0.0755584,0.195941,2
0.177118,0.113053,0.117811,2
0.171573,0.110119,0.125526,2
0.195021,0.0669554,0.111371,2
0.214053,0.0617792,0.123614,2
0.0184529,0.0382901,0.21945,2
0.13325,0.101273,0.211635,2
0.140958,0.0533428,0.19427,2
0.159302,0.0129504,0.14971,2
0.108523,0.0938547,0.159952,2
0.159357,0.00403931,0.129151,2
0.168615,0.0197902,0.208584,2
0.0446088,0.00682212,0.134912,2
0.0718078,0.075799,0.223959,2
0.0826992,0.0135394,0.202001,2
0.00382903,0.0418081,0.139792,2
0.0850453,0.0935008,0.111615,2
0.212119,0.103329,0.129387,2
0.0926561,0.00801742,0.195857,2
0.121144,0.0175919,0.182331,2
0.11385,0.0841129,0.139807,2
0.162778,0.0110097,0.166315,2
0.0682767,0.0383152,0.224399,2
0.106844,0.0950987,0.136183,2
0.098211,0.116258,0.194497,2
0.0946596,0.104006,0.181686,2
0.0887638,0.0597995,0.18689,2
0.0430701,0.117493,0.171543,2
0.090469,0.0936967,0.192019,2
0.161021,0.111406,0.153041,2
0.128569,0.0947319,0.194653,2
0.0825813,0.0205796,0.130779,2
0.194127,0.0923603,0.194607,2
0.186642,0.0787252,0.128703,2
0.168024,0.0967572,0.163033,2
0.127314,0.0268944,0.201738,2
0.0754706,0.0494825,0.153159,2
0.120653,0.0871702,0.19402,2
0.202041,0.0991267,0.111876,2
0.166163,0.0896658,0.149068,2
0.187896,0.100062,0.177602,2
0.18596,0.00662602,0.182663,2
0.210026,0.0152918,0.113196,2
0.127361,0.0203418,0.122012,2
0.151586,0.0833169,0.113097,2
0.13508,0.0263497,0.17852,2
0.0928311,0.105745,0.141396,2
0.165655,0.00136617,0.197078,2
0.222571,0.097589,0.169411,2
0.222663,0.0987948,0.10954,2
0.00149017,0.106801,0.192871,2
0.0776105,0.0669027,0.151477,2
0.214187,0.00388365,0.217133,2
0.0693684,0.0142374,0.167609,2
0.14347,0.0332971,0.156158,2
0.0965773,0.0789248,0.197776,2
0.154675,0.106036,0.168271,2
0.00167645,0.0332646,0.136408,2
0.185742,0.00241314,0.188878,2
0.11116,0.0184388,0.213254,2
0.12121,0.0234322,0.199234,2
0.0245951,0.0892385,0.181842,2
0.224588,0.0441531,0.134118,2
0.0308139,0.0317668,0.180138,2
0.188421,0.111408,0.199358,2
0.199029,0.00570292,0.177469,2
0.193223,0.0222913,0.156599,2
0.0734368,0.0788642,0.139195,2
0.0499413,0.00307583,0.137729,2
0.208997,0.0494752,0.166208,2
0.0405277,0.012324,0.1189,2
0.202372,0.0439075,0.117444,2
0.0961574,0.051778,0.183893,2
0.19513,0.0205269,0.115196,2
0.0454476,0.0387857,0.147981,2
0.104056,0.0997746,0.140296,2
0.139099,0.0563385,0.194524,2
0.217572,0.0953137,0.136224,2
0.0613577,0.0832264,0.217722,2
0.109388,0.0566085,0.208434,2
0.0855139,0.0453676,0.193173,2
0.116577,0.0435291,0.186549,2
0.137397,0.0313237,0.162421,2
0.200805,0.0934993,0.195726,2
0.122829,0.0237558,0.182861,2
0.208203,0.0136031,0.221129,2
0.0831746,0.106576,0.191238,2
0.134744,0.00184636,0.149563,2
0.160885,0.0143252,0.164552,2
0.0483214,0.0610927,0.118184,2
0.153149,0.113855,0.154461,2
0.070525,0.0973719,0.179969,2
0.179833,0.0602172,0.175204,2
0.00339417,0.072421,0.217628,2
0.189679,0.0229499,0.1702,2
0.0179136,0.0337258,0.109735,2
0.144356,0.022073,0.112367,2
0.14004,0.0927501,0.166527,2
0.0634542,0.0447184,0.118065,2
0.209214,0.0619585,0.116977,2
0.182126,0.111862,0.179816,2
0.15278,0.0941488,0.202456,2
0.181005,0.108736,0.208322,2
0.0725875,0.0980256,0.196139,2
0.058076,0.0685125,0.10865,2
0.170956,0.213765,0.190297,3
0.0441674,0.215763,0.108574,3
0.144924,0.126969,0.161585,3
0.0345128,0.223048,0.19212,3
0.149192,0.124765,0.109519,3
0.124195,0.205778,0.115362,3
0.111391,0.125862,0.205658,3
0.188116,0.192195,0.175728,3
0.126514,0.183169,0.144608,3
0.147038,0.129917,0.180717,3
0.084978,0.191087,0.155146,3
0.0166217,0.19914,0.169884,3
0.159178,0.222956,0.117024,3
0.0904437,0.128524,0.161956,3
0.157105,0.187358,0.118285,3
0.0443338,0.137881,0.169074,3
0.186288,0.183283,0.12639,3
0.00153023,0.15135,0.157422,3
0.0470622,0.190594,0.19283,3
0.217646,0.130572,0.132491,3
0.121012,0.1684,0.224827,3
0.170939,0.217138,0.192676,3
0.145689,0.202963,0.186427,3
0.164838,0.181712,0.123643,3
0.135442,0.215772,0.137964,3
0.0166051,0.187066,0.178292,3
0.0807493,0.168523,0.202062,3
0.0466434,0.181028,0.138689,3
0.164524,0.122208,0.146391,3
0.126984,0.195533,0.186271,3
0.0108378,0.143756,0.222662,3
0.0773147,0.177501,0.165446,3
0.0412585,0.135566,0.172478,3
0.0738533,0.170614,0.114851,3
0.0602895,0.144484,0.205847,3
0.181308,0.153581,0.171899,3
0.0463439,0.181451,0.186241,3
0.194226,0.163407,0.213683,3
0.04441,0.181587,0.121584,3
0.109654,0.169759,0.208309,3
0.0772331,0.162594,0.133047,3
0.013581,0.140238,0.209193,3
0.160962,0.12991,0.221443,3
0.187187,0.223104,0.129301,3
0.0625,0.210674,0.187714,3
0.101115,0.136398,0.169708,3
0.0889768,0.151565,0.149563,3
0.0293879,0.147539,0.17897,3
0.0347907,0.199002,0.151181,3
0.158182,0.198201,0.219987,3
0.166916,0.203783,0.110763,3
0.0588415,0.221595,0.120482,3
0.0115229,0.177513,0.174522,3
0.215743,0.149964,0.203659,3
0.116182,0.138254,0.11376,3
0.0381173,0.221641,0.174866,3
0.120205,0.194053,0.17809,3
0.0847544,0.125325,0.145218,3
0.194143,0.188333,0.193993,3
0.00455101,0.154144,0.11271,3
0.167339,0.146844,0.161681,3
0.181212,0.155353,0.138129,3
0.0152077,0.208207,0.174645,3
0.0602909,0.17949,0.163508,3
0.00760629,0.162736,0.151051,3
0.091138,0.200873,0.180661,3
0.149383,0.21594,0.132357,3
0.189826,0.176219,0.220152,3
0.0930804,0.220421,0.17724,3
0.0243128,0.166651,0.126844,3
0.131649,0.160693,0.212475,3
0.125615,0.128669,0.115699,3
0.113023,0.120393,0.19367,3
0.221525,0.143686,0.1459,3
0.168279,0.147848,0.116122,3
0.0618948,0.141852,0.183627,3
0.222323,0.169731,0.224805,3
0.134106,0.13086,0.148006,3
0.149812,0.218697,0.13818,3
0.174719,0.141001,0.170375,3
0.0879469,0.128731,0.185883,3
0.0984209,0.13011,0.108125,3
0.158753,0.207626,0.148497,3
0.0260776,0.212838,0.220439,3
0.0415102,0.165752,0.129835,3
0.145246,0.140245,0.19574,3
0.0589258,0.222935,0.148089,3
0.071768,0.129809,0.167638,3
0.199336,0.16509,0.1335,3
0.14093,0.162842,0.156806,3
0.145139,0.199595,0.200233,3
0.157199,0.202546,0.185078,3
0.13574,0.175967,0.125965,3
0.138173,0.151545,0.126515,3
0.160492,0.159019,0.19553,3
0.122382,0.148039,0.17662,3
0.104367,0.148653,0.170102,3
0.040462,0.203266,0.165192,3
0.0486508,0.149196,0.17662,3
0.138856,0.192631,0.12609,3
0.155568,0.200713,0.142633,3
0.0756551,0.161951,0.215626,3
0.0795544,0.121487,0.216739,3
0.191946,0.159176,0.121052,3
0.182712,0.12852,0.138063,3
0.113025,0.199135,0.180113,3
0.174031,0.222192,0.179698,3
0.190487,0.176795,0.150529,3
0.0947687,0.153191,0.220936,3
0.080742,0.161333,0.164033,3
0.110718,0.203767,0.205846,3
0.175023,0.176874,0.125746,3
0.0169764,0.19005,0.145887,3
0.0884489,0.130461,0.146746,3
0.142485,0.20126,0.198124,3
0.0629885,0.170774,0.127434,3
0.176276,0.182037,0.174182,3
0.110685,0.152798,0.216814,3
0.167608,0.175,0.213665,3
0.0262314,0.133513,0.15494,3
0.00763079,0.123945,0.177625,3
0.0614383,0.208145,0.177451,3
0.0354211,0.194756,0.126703,3
0.0318041,0.162077,0.126155,3
0.00634365,0.122976,0.15526,3
0.00393078,0.121011,0.157496,3
