x coord,y coord,z coord,rank
0.108056,0.114333,0.10391,0
0.107377,0.117756,0.100804,0
0.100124,0.0459343,0.0291104,0
0.107651,0.0155304,0.0312325,0
0.105372,0.116096,0.102712,0
0.106569,0.11872,0.0961551,0
0.106228,0.121132,0.096404,0
0.0112905,0.103165,0.0957733,0
0.00662587,0.101059,0.0931476,0
0.106035,0.12024,0.0969062,0
0.0857663,0.0273091,0.0619632,0
0.105812,0.126992,0.101317,0
0.107807,0.119694,0.100048,0
0.00846815,0.0492574,0.0622709,0
0.0322346,0.123884,0.0664991,0
0.107519,0.112962,0.103496,0
0.103497,0.119923,0.102966,0
0.0839934,0.0475627,0.0976162,0
0.103915,0.115706,0.103703,0
0.012201,0.11635,0.0232804,0
0.0769501,0.180219,0.0824966,0
0.0763193,0.153914,0.0486988,0
0.087039,0.0013113,0.00827983,0
0.00310501,0.140157,0.0237384,0
0.104735,0.033605,0.00178483,0
0.101304,0.220198,0.064586,0
0.0415936,0.0117299,0.0195755,0
0.103189,0.0389903,0.0750483,0
0.0743586,0.213174,0.0704649,0
0.00417579,0.215997,0.0268701,0
0.0451986,0.0771283,0.0814994,0
0.105629,0.0232962,0.0311283,0
0.0760515,0.137352,0.0754991,0
0.106069,0.0169648,0.0396996,0
0.0735539,0.0567925,0.0627485,0
0.00315334,0.0636869,0.0147178,0
0.0109079,0.113554,0.0268944,0
0.105438,0.0261706,0.0393704,0
0.0257594,0.155861,0.0592108,0
0.091121,0.0971997,0.0121027,0
0.105122,0.122887,0.102583,0
0.0140695,0.193277,0.00131608,0
0.0528515,0.0844588,0.0243269,0
0.00478673,0.0564937,0.0797235,0
0.0854591,0.165555,0.0917757,0
0.0551756,0.123874,0.0953515,0
0.0761936,0.0913546,0.0100747,0
0.0858363,0.0913658,0.0119058,0
0.107355,0.121552,0.101103,0
0.0451382,0.0745272,0.0137921,0
0.0514387,0.141153,0.0323363,0
0.0865021,0.068425,0.0175161,0
0.0507143,0.146433,0.0313058,0
0.101676,0.122333,0.100048,0
0.0434494,0.0918026,0.0665988,0
0.0186068,0.199779,0.0943172,0
0.0144251,0.128704,0.00888099,0
0.0516407,0.155054,0.0297075,0
0.0225527,0.121476,0.0429145,0
0.0491028,0.163514,0.0614212,0
0.0324871,0.0881017,0.041158,0
0.0177408,0.0508905,0.0515554,0
0.10293,0.122536,0.103758,0
0.0606204,0.224305,0.00950453,0
0.0212283,0.131422,0.0330749,0
0.103068,0.125443,0.102229,0
0.106644,0.120853,0.100708,0
0.0241429,0.0535217,0.022144,0
0.0579221,0.082346,0.0338712,0
0.0905695,0.0487293,0.0123317,0
0.0282331,0.0404651,0.0551028,0
0.00843254,0.054604,0.0748778,0
0.023644,0.0532192,0.0462923,0
0.102391,0.0618292,0.0639724,0
0.0230713,0.193744,0.0509982,0
0.102037,0.120531,0.0359535,0
0.0907256,0.050491,0.0942109,0
0.10691,0.0164704,0.0326856,0
0.0524554,0.0794774,0.0284109,0
0.00352875,0.201534,0.101223,0
0.0118157,0.0155522,0.0812689,0
0.102341,0.0606676,0.0438836,0
0.0115066,0.188234,0.0895149,0
0.0494257,0.212688,0.0844341,0
0.0818631,0.131748,0.0744102,0
0.0214108,0.0599477,0.0868783,0
0.035469,0.173246,0.0934369,0
0.0526213,0.0256221,0.0731715,0
0.0825095,0.0935961,0.102275,0
0.065493,0.137845,0.00226112,0
0.0770565,0.168458,0.0274881,0
0.104429,0.121747,0.103249,0
0.0192236,0.0667538,0.0391415,0
0.0254357,0.0448075,0.0481226,0
0.101627,0.016213,0.0161618,0
0.0568223,0.0230746,0.0897893,0
0.0866976,0.0577798,0.0535213,0
0.0309376,0.0293026,0.0897952,0
0.10365,0.118984,0.101883,0
0.075776,0.0788191,0.0519131,0
0.0719892,0.113484,0.0353074,0
0.100652,0.0195819,0.0352177,0
0.0819392,0.051478,0.0518644,0
0.00836658,0.208095,0.0240401,0
0.096453,0.167384,0.0620521,0
0.0787073,0.189378,0.0633567,0
0.0179802,0.0820928,0.0440289,0
0.0852465,0.0506193,0.104196,0
0.00575767,0.115423,0.0282941,0
0.102635,0.121337,0.102954,0
0.0221725,0.00170888,0.0218319,0
0.0950385,0.21171,0.0196286,0
0.0258352,0.135635,0.0368034,0
0.0580665,0.0142691,0.0299349,0
0.107905,0.120403,0.104175,0
0.0913768,0.139961,0.0338879,0
0.0280925,0.122122,0.0911809,0
0.0478714,0.136261,0.0861576,0
0.00168707,0.179927,0.0612601,0
0.104109,0.119992,0.00345787,0
0.102338,0.123431,0.103466,0
0.021867,0.220063,0.0823679,0
0.106687,0.114076,0.098038,0
0.173059,0.168848,0.180208,1
0.114395,0.12149,0.109208,1
0.202721,0.0856853,0.161407,1
0.165348,0.131435,0.116969,1
0.162846,0.0108826,0.162455,1
0.204672,0.0980448,0.125941,1
0.190625,0.0599763,0.123152,1
0.131065,0.0605785,0.19856,1
0.15989,0.113342,0.179378,1
0.146097,0.117457,0.129125,1
0.164751,0.19682,0.203679,1
0.180168,0.0737099,0.13639,1
0.173729,0.0566689,0.154355,1
0.126996,0.0446577,0.164124,1
0.197386,0.161554,0.107214,1
0.13786,0.0750411,0.138093,1
0.212476,0.196201,0.145035,1
0.129103,0.178467,0.170434,1
0.174431,0.125121,0.157139,1
0.198653,0.16329,0.114049,1
0.204672,0.197063,0.108902,1
0.204503,0.118437,0.111388,1
0.223802,0.0657652,0.15136,1
0.163538,0.167663,0.185994,1
0.151768,0.162715,0.126627,1
0.165678,0.149397,0.117196,1
0.137853,0.0313806,0.202351,1
0.164186,0.0440464,0.19141,1
0.143628,0.219863,0.183338,1
0.218966,0.159042,0.125886,1
0.123459,0.211092,0.169554,1
0.115828,0.104536,0.149693,1
0.170531,0.157772,0.222075,1
0.186153,0.198085,0.211258,1
0.202946,0.128093,0.114736,1
0.183924,0.0963427,0.197702,1
0.142925,0.145493,0.128606,1
0.11651,0.118288,0.110377,1
0.146654,0.111133,0.176695,1
0.211825,0.209656,0.152675,1
0.161798,0.199097,0.132474,1
0.213855,0.191271,0.153207,1
0.196773,0.0108643,0.168452,1
0.13649,0.220887,0.166197,1
0.133952,0.119806,0.197603,1
0.133928,0.144418,0.214073,1
0.221716,0.135045,0.19353,1
0.190974,0.117559,0.169488,1
0.224439,0.0847603,0.206214,1
0.2152,0.151186,0.220594,1
0.171412,0.0105791,0.127549,1
0.156591,0.176987,0.179751,1
0.191639,0.0206539,0.113043,1
0.183403,0.188532,0.153947,1
0.168281,0.161481,0.22397,1
0.193417,6.62539e-05,0.166622,1
0.191352,0.197043,0.213545,1
0.136189,0.224507,0.15997,1
0.162778,0.205589,0.211568,1
0.139184,0.16472,0.168537,1
0.188094,0.109558,0.11415,1
0.166692,0.165288,0.22166,1
0.176491,0.0546395,0.167974,1
0.118972,0.102908,0.106642,1
0.210533,0.214872,0.187528,1
0.112417,0.116511,0.106703,1
0.131648,0.17553,0.182627,1
0.154717,0.166923,0.216898,1
0.207149,0.0547818,0.167614,1
0.163145,0.192462,0.197165,1
0.112333,0.117473,0.104986,1
0.213867,0.0555358,0.201398,1
0.161136,0.173385,0.178202,1
0.122511,0.0624412,0.199315,1
0.166151,0.176379,0.117239,1
0.124794,0.0718841,0.193235,1
0.203323,0.192087,0.135189,1
0.144844,0.224835,0.186095,1
0.133523,0.146093,0.168183,1
0.221345,0.0734383,0.201493,1
0.15626,0.170231,0.173866,1
0.158852,0.144722,0.167953,1
0.170908,0.00921835,0.134132,1
0.14602,0.188413,0.141105,1
0.223169,0.0960165,0.158063,1
0.129412,0.0442535,0.215501,1
0.18345,0.135607,0.191804,1
0.145078,0.133605,0.192283,1
0.184487,0.182834,0.170095,1
0.183966,0.0533299,0.17357,1
0.224406,0.0675284,0.155768,1
0.168864,3.90145e-05,0.18576,1
0.213412,0.0239184,0.114722,1
0.159055,0.122522,0.121798,1
0.218877,0.0750321,0.107551,1
0.171724,0.0755737,0.207795,1
0.21242,0.111422,0.118362,1
0.169781,0.195814,0.205779,1
0.173594,0.0368802,0.210302,1
0.169601,0.163279,0.223184,1
0.204003,0.212616,0.17106,1
0.127729,0.0912618,0.207044,1
0.202468,0.125341,0.115739,1
0.212692,0.0229149,0.111739,1
0.20113,0.106887,0.116235,1
0.163678,0.10946,0.131119,1
0.167844,0.0304548,0.116622,1
0.19122,0.138998,0.19135,1
0.118033,0.210675,0.124045,1
0.139832,0.141403,0.164617,1
0.121698,0.201366,0.210067,1
0.111867,0.100727,0.107357,1
0.193552,0.163489,0.108393,1
0.223488,0.0588776,0.132095,1
0.216041,0.156802,0.163851,1
0.219086,0.0635102,0.167338,1
0.128767,0.0448756,0.116152,1
0.128081,0.00397402,0.139862,1
0.112083,0.124776,0.108295,1
0.132181,0.0125607,0.11372,1
0.169002,0.0184444,0.21547,1
0.187504,0.0679385,0.17302,1
0.11209,0.117611,0.109088,1
0.132389,0.12963,0.180733,1
0.115979,0.199633,0.116426,1
0.113869,0.122134,0.108028,1
0.112649,0.104605,0.107103,1
0.193383,0.178846,0.106533,1
0.111587,0.118902,0.107605,1
0.112221,0.12532,0.107674,1
0.111866,0.117441,0.105473,1
0.109108,0.116714,0.104171,2
0.200805,0.104014,0.0128323,2
0.109739,0.118389,0.0980094,2
0.129299,0.0991542,0.0683617,2
0.109733,0.121341,0.100688,2
0.153987,0.206671,0.0629367,2
0.187958,0.145151,0.0551173,2
0.108006,0.118756,0.10133,2
0.19131,0.190797,0.0593151,2
0.181229,0.148974,0.0684871,2
0.112995,0.119534,0.101326,2
0.209445,0.214872,0.103773,2
0.112654,0.208675,0.0500659,2
0.11022,0.202169,0.0965061,2
0.172686,0.0982056,0.00357645,2
0.158693,0.115006,0.0231416,2
0.220598,0.0764606,0.0389393,2
0.110402,0.129451,0.104055,2
0.198699,0.125286,0.0353726,2
0.17881,0.156044,0.0672973,2
0.216645,0.220332,0.0416449,2
0.196645,0.150994,0.0992922,2
0.194364,0.222074,0.0687686,2
0.111228,0.204995,0.0641188,2
0.133484,0.132174,0.0681072,2
0.204644,0.080777,0.0904374,2
0.118363,0.130347,0.0440794,2
0.21571,0.055405,0.02853,2
0.194771,0.133964,0.0711803,2
0.108377,0.125708,0.0999209,2
0.160453,0.171037,0.0611457,2
0.206367,0.160605,0.0465303,2
0.2229,0.174245,0.0338388,2
0.11267,0.118296,0.10317,2
0.108563,0.127972,0.102378,2
0.214624,0.0605494,0.0285123,2
0.158277,0.178353,0.0850113,2
0.205271,0.0518392,0.0907566,2
0.150473,0.200086,0.0885971,2
0.117273,0.179196,0.0300868,2
0.179616,0.125375,0.0656431,2
0.198563,0.124806,0.0690168,2
0.156329,0.0405864,0.0956992,2
0.118304,0.167052,0.0712822,2
0.109176,0.113759,0.0984001,2
0.221126,0.215042,0.0360441,2
0.142619,0.042335,0.0420582,2
0.195233,0.0207869,0.0623976,2
0.17907,0.0679218,0.0887631,2
0.112432,0.116501,0.100344,2
0.175071,0.205473,0.0454183,2
0.188132,0.102832,0.100447,2
0.193945,0.00942814,0.0296191,2
0.165125,0.0363621,0.0193643,2
0.127074,0.104987,0.0702168,2
0.168288,0.115126,0.0853936,2
0.144915,0.0918935,0.0507872,2
0.201232,0.20314,0.103912,2
0.112238,0.128892,0.0316876,2
0.112643,0.115456,0.101446,2
0.209845,0.2169,0.0677612,2
0.119936,0.185556,0.076599,2
0.15613,0.132051,0.0927027,2
0.135009,0.0631893,0.0538881,2
0.135649,0.0346217,0.020938,2
0.140515,0.0874534,0.0856934,2
0.112115,0.118992,0.0966358,2
0.126743,0.0769577,0.0590208,2
0.10795,0.11306,0.104118,2
0.202692,0.114933,0.0857364,2
0.198453,0.184878,0.012293,2
0.115272,0.0258984,0.0894977,2
0.124656,0.123948,0.0326461,2
0.178987,0.164287,0.0747508,2
0.181714,0.0537561,0.0147957,2
0.222258,0.0846632,0.0120349,2
0.173705,0.114464,0.0821803,2
0.183045,0.0427504,0.027515,2
0.111306,0.0106206,0.0215285,2
0.115238,0.169901,0.0435715,2
0.130762,0.102572,0.0714824,2
0.210662,0.140769,0.00287186,2
0.112533,0.178578,0.0857923,2
0.113423,0.170654,0.0751864,2
0.158651,0.147734,0.0190775,2
0.155604,0.196823,0.0703627,2
0.193414,0.190434,0.0541803,2
0.117977,0.179717,0.0474613,2
0.200146,0.114186,0.0873324,2
0.129518,0.10383,0.0710486,2
0.150542,0.0204917,0.104069,2
0.210975,0.016251,0.00305227,2
0.121029,0.0846079,0.0297,2
0.194273,0.180624,0.0690898,2
0.127152,0.113616,0.0437401,2
0.108421,0.121814,0.0979496,2
0.1739,0.046676,0.00606616,2
0.140798,0.0937459,0.087698,2
0.164121,0.16901,0.0340735,2
0.14179,0.184092,0.0523142,2
0.133366,0.0699817,0.0497824,2
0.211737,0.0751858,0.0205967,2
0.148442,0.119212,0.060304,2
0.114624,0.0969322,0.0260967,2
0.10903,0.122479,0.0973787,2
0.119305,0.109155,0.103769,2
0.206028,0.115328,0.0854473,2
0.116032,0.101459,0.00716876,2
0.184314,0.0411918,0.0247804,2
0.10885,0.128271,0.100876,2
0.11119,0.12616,0.101776,2
0.112428,0.116993,0.104011,2
0.1084,0.124613,0.102022,2
0.108654,0.119762,0.102843,2
0.110899,0.117547,0.103617,2
0.11114,0.122653,0.103556,2
0.112531,0.120355,0.103175,2
0.110835,0.118259,0.101581,2
0.107974,0.116706,0.104201,2
0.108166,0.122553,0.101758,2
0.105223,0.11304,0.104685,3
0.0397019,0.14377,0.210163,3
0.110583,0.118258,0.105404,3
0.00973957,0.0332431,0.131164,3
0.105047,0.129192,0.107194,3
0.105751,0.121255,0.106362,3
0.1092,0.121377,0.108616,3
0.0317022,0.140213,0.117507,3
0.0270687,0.125883,0.18314,3
0.0314121,0.0264794,0.109154,3
0.086726,0.136004,0.199754,3
0.106596,0.122262,0.106723,3
0.0675659,0.167992,0.174092,3
0.103563,0.122416,0.105327,3
0.105459,0.171449,0.18987,3
0.0892229,0.164315,0.208836,3
0.0265836,0.0765028,0.146335,3
0.0321867,0.13823,0.114346,3
0.104745,0.121749,0.106018,3
0.0948033,0.0370226,0.135648,3
0.00525668,0.153422,0.117069,3
0.110205,0.122179,0.10523,3
0.104037,0.15255,0.18586,3
0.0138334,0.0621214,0.202961,3
0.0222094,0.161629,0.207808,3
0.069208,0.221945,0.22079,3
0.0702243,0.0730376,0.15828,3
0.0640473,0.219907,0.111511,3
0.0291995,0.11109,0.176529,3
0.0690729,0.216794,0.204029,3
0.11084,0.034159,0.174755,3
0.103512,0.120318,0.105236,3
0.0611911,0.194857,0.136216,3
0.0893849,0.0695551,0.142594,3
0.00796875,0.140041,0.135759,3
0.0661292,0.147555,0.136797,3
0.109384,0.119982,0.105799,3
0.105307,0.118351,0.104762,3
0.0271606,0.211529,0.213026,3
0.081238,0.0455833,0.207592,3
0.0754722,0.21409,0.123413,3
0.101329,0.0289631,0.211026,3
0.0570632,0.17806,0.11496,3
0.104287,0.190233,0.219863,3
0.06636,0.192285,0.171757,3
0.0989143,0.215602,0.155374,3
0.0134469,0.140319,0.137307,3
0.017964,0.19928,0.192433,3
0.033009,0.199317,0.162995,3
0.106606,0.117596,0.11138,3
0.00984999,0.0331208,0.105566,3
0.105618,0.112462,0.105797,3
0.0861809,0.106987,0.19853,3
0.106832,0.125922,0.10671,3
0.0701528,0.0699417,0.176751,3
0.0845015,0.151614,0.188566,3
0.0424146,0.149541,0.111715,3
0.0374863,0.1165,0.192658,3
0.0431609,0.143689,0.207661,3
0.00334696,0.222979,0.195545,3
0.105102,0.118075,0.109224,3
0.0320794,0.223824,0.118219,3
0.0577077,0.196813,0.165677,3
0.0626132,0.11502,0.141225,3
0.0342882,0.045314,0.218904,3
0.105473,0.113547,0.104515,3
0.0832782,0.059051,0.10627,3
0.0502598,0.0520396,0.139156,3
0.10614,0.121765,0.106256,3
0.0589541,0.22416,0.21762,3
0.0524038,0.0822023,0.215263,3
0.0402872,0.135667,0.205347,3
0.0804257,0.223335,0.115054,3
0.00407294,0.022064,0.159654,3
0.0471974,0.143993,0.205935,3
0.0428175,0.137109,0.207272,3
0.101423,0.165411,0.215999,3
0.103099,0.171924,0.182788,3
0.083319,0.045681,0.211399,3
0.0999886,0.127151,0.111851,3
0.0424029,0.129452,0.176805,3
0.0417276,0.137921,0.202493,3
0.0343967,0.212059,0.140902,3
0.0419356,0.0100729,0.192689,3
0.0747136,0.03137,0.12783,3
0.0857359,0.0833862,0.158955,3
0.106198,0.218327,0.153839,3
0.075931,0.0479186,0.157154,3
0.0631523,0.0590848,0.163979,3
0.106064,0.12979,0.10606,3
0.0548673,0.0635395,0.133347,3
0.0462933,0.145019,0.203874,3
0.101211,0.165954,0.169254,3
0.0995857,0.133837,0.218169,3
0.10704,0.119128,0.10831,3
0.0953425,0.0931104,0.185777,3
0.0463182,0.139841,0.211116,3
0.0755264,0.108066,0.131083,3
0.075467,0.0469173,0.212727,3
0.079284,0.117473,0.163057,3
0.00559708,0.0726199,0.140542,3
0.0672056,0.122811,0.130567,3
0.0139845,0.0902007,0.146394,3
0.109256,0.0522837,0.188311,3
0.0197303,0.0241479,0.149865,3
0.108443,0.0485021,0.105359,3
0.0257428,0.11118,0.219279,3
0.103094,0.114913,0.107063,3
0.103818,0.121266,0.106049,3
0.0454192,0.18155,0.162575,3
0.108063,0.116681,0.104648,3
0.105739,0.119327,0.106414,3
0.0532173,0.140468,0.126385,3
0.104397,0.102124,0.176665,3
0.109001,0.12329,0.106585,3
0.0418228,0.186832,0.195982,3
0.108388,0.129397,0.104551,3
0.10984,0.119146,0.108314,3
0.0105071,0.148059,0.222865,3
0.0919502,0.171503,0.219457,3
0.0408628,0.143437,0.128366,3
0.104632,0.117856,0.104729,3
0.110645,0.120029,0.109181,3
0.110751,0.120111,0.104978,3
0.110853,0.128358,0.104993,3
0.111093,0.123657,0.10583,3
