x coord,y coord,z coord,rank
0.0891243,0.042167,0.190125,0
0.0468846,0.0287958,0.149849,0
0.0264296,0.148493,0.160622,0
0.058817,0.102016,0.193385,0
0.0605466,0.104802,0.117288,0
0.00634495,0.0822132,0.213601,0
0.0516213,0.0461867,0.197822,0
0.0567597,0.00799253,0.180833,0
0.0431738,0.110512,0.168198,0
0.0601435,0.124272,0.124554,0
0.0892936,0.021717,0.134474,0
0.045634,0.133269,0.129564,0
0.0447433,0.0992474,0.181458,0
0.0554375,0.00991634,0.143255,0
0.0335557,0.102723,0.13434,0
0.0853434,0.183093,0.116259,0
0.0383713,0.0423874,0.162708,0
0.0466607,0.043393,0.161304,0
0.0581162,0.0452728,0.181374,0
0.0143524,0.181218,0.125746,0
0.10259,0.219315,0.135917,0
0.0912005,0.106529,0.133424,0
0.0999524,0.178283,0.175409,0
0.0788658,0.0199535,0.1668,0
0.0723805,0.0627581,0.184079,0
0.0150895,0.0790085,0.128807,0
0.0395084,0.177529,0.215563,0
0.0398834,0.0801837,0.13201,0
0.0728319,0.103132,0.165233,0
0.037289,0.0174667,0.151432,0
0.0113226,0.0668166,0.121122,0
0.00816742,0.147573,0.21284,0
0.0715766,0.156611,0.184497,0
0.108719,0.0216399,0.1473,0
0.0220978,0.0866286,0.131414,0
0.0440625,0.102405,0.178428,0
0.0899813,0.0153684,0.122281,0
0.0302492,0.0694912,0.188599,0
0.0570396,0.126935,0.166368,0
0.108947,0.0862231,0.166345,0
0.0102408,0.138791,0.145885,0
0.0417169,0.0458065,0.143255,0
0.0504389,0.0588998,0.183496,0
0.11276,0.144338,0.215029,0
0.0172316,0.193013,0.146631,0
0.0851214,0.0274052,0.212,0
0.00444877,0.119577,0.141599,0
0.00579679,0.0629308,0.139309,0
0.0596312,0.163723,0.214136,0
0.0183316,0.0751436,0.204337,0
0.031135,0.174847,0.189038,0
0.0325596,0.0506153,0.17881,0
0.0761836,0.157179,0.127497,0
0.113872,0.151298,0.213427,0
0.0613954,0.162925,0.165056,0
0.107711,0.0400314,0.138023,0
0.0237729,0.0322821,0.120449,0
0.0445167,0.0463113,0.132472,0
0.020837,0.174677,0.124923,0
0.0296595,0.122977,0.201454,0
0.0717037,0.107046,0.12074,0
0.0626864,0.1312,0.130666,0
0.074916,0.101898,0.193842,0
0.0358156,0.0752465,0.147582,0
0.014968,0.0373823,0.128776,0
0.0367095,0.0425948,0.187294,0
0.0121975,0.0154358,0.191329,0
0.0111604,0.191185,0.138644,0
0.0100755,0.106074,0.135806,0
0.0490581,0.180388,0.176528,0
0.0410678,0.148345,0.152583,0
0.109743,0.154146,0.128851,0
0.0856274,0.165985,0.150329,0
0.0968706,0.210631,0.183189,0
0.100139,0.127851,0.174368,0
0.0404345,0.135485,0.142932,0
0.0768027,0.194623,0.121275,0
0.0632558,0.195461,0.193062,0
0.0515116,0.192498,0.189585,0
0.0548692,0.212179,0.203395,0
0.0937482,0.0718591,0.143033,0
0.0936052,0.0481165,0.137238,0
0.051587,0.224418,0.195133,0
0.0190664,0.0531137,0.131499,0
0.0180396,0.0222218,0.144698,0
0.017117,0.0172031,0.220495,0
0.0233528,0.175242,0.206691,0
0.0741749,0.107266,0.207982,0
0.0296827,0.221821,0.195837,0
0.0291114,0.173734,0.159916,0
0.0263219,0.0141857,0.183585,0
0.0340676,0.194123,0.199843,0
0.107748,0.206445,0.215803,0
0.0913261,0.0106431,0.170645,0
0.10496,0.208799,0.166245,0
0.115099,0.152474,0.218274,0
0.036061,0.187743,0.175272,0
0.0939382,0.0529886,0.168741,0
0.00475986,0.156851,0.186793,0
0.0425168,0.2205,0.192152,0
0.0807269,0.107678,0.182677,0
0.000190476,0.209193,0.163662,0
0.0301999,0.082323,0.201704,0
0.0471535,0.0991676,0.198262,0
0.0925418,0.0836901,0.148456,0
0.00969166,0.0407979,0.133305,0
0.103945,0.202851,0.209707,0
0.0585507,0.13075,0.14042,0
0.0204135,0.012005,0.174537,0
0.0962423,0.0763881,0.161384,0
0.0513945,0.153428,0.166796,0
0.0382563,0.0827814,0.174979,0
0.0220419,0.197731,0.150992,0
0.107143,0.158431,0.223347,0
0.106053,0.122405,0.201051,0
0.0015361,0.0610505,0.125339,0
0.0197934,0.0114478,0.141969,0
0.222799,0.0100578,0.0791249,1
0.192091,0.163894,0.0552001,1
0.207802,0.0534651,0.0190765,1
0.213007,0.0543315,0.0186299,1
0.150528,0.196258,0.100322,1
0.210013,0.0562624,0.016292,1
0.202743,0.171354,0.012901,1
0.207716,0.205975,0.0318695,1
0.212292,0.058386,0.0112653,1
0.170897,0.195095,0.0626794,1
0.20735,0.0500651,0.0101714,1
0.1682,0.065882,0.0852611,1
0.152158,0.146986,0.0471512,1
0.183392,0.134132,0.00860322,1
0.204852,0.0495884,0.0152682,1
0.218702,0.209575,0.0537135,1
0.224435,0.187708,0.0421375,1
0.195003,0.082214,0.0332394,1
0.209094,0.0511739,0.0154618,1
0.207625,0.054928,0.0131315,1
0.207507,0.0498502,0.0183035,1
0.218146,0.0913048,0.0130441,1
0.19587,0.217275,0.0835726,1
0.219232,0.0938938,0.0802198,1
0.210275,0.2073,0.0136386,1
0.154346,0.207557,0.0987379,1
0.207955,0.0545489,0.0167811,1
0.162786,0.00795179,0.01145,1
0.192693,0.0848933,0.0868216,1
0.217429,0.0271655,0.0322178,1
0.159512,0.0172883,0.0867086,1
0.18478,0.0440595,0.0625603,1
0.152177,0.0917776,0.042643,1
0.192574,0.173394,0.0759746,1
0.167574,0.174395,0.0381385,1
0.208279,0.0561746,0.0190539,1
0.179171,0.0162564,0.0634507,1
0.14201,0.000729125,0.0930098,1
0.204433,0.178917,0.00926431,1
0.191095,0.0947799,0.115916,1
0.206843,0.0557619,0.0141606,1
0.199347,0.0927825,0.0547069,1
0.191853,0.214648,0.103959,1
0.208191,0.122947,0.0593126,1
0.168935,0.117247,0.0791737,1
0.204549,0.0564842,0.0161192,1
0.21067,0.198469,0.0122349,1
0.204885,0.051037,0.0166018,1
0.203758,0.0549285,0.0128134,1
0.158622,0.0109377,0.112084,1
0.201277,0.215235,0.0844496,1
0.153275,0.0790155,0.0518802,1
0.19575,0.17832,0.0830779,1
0.182083,0.0770859,0.0406537,1
0.154651,0.0867676,0.111426,1
0.209992,0.0520406,0.0129645,1
0.200651,0.17185,0.00778921,1
0.202343,0.0501905,0.0147283,1
0.169588,0.0426611,0.0462122,1
0.211106,0.0252336,0.0666033,1
0.14051,0.20088,0.100214,1
0.151533,0.218878,0.0671869,1
0.203599,0.047003,0.0162431,1
0.206078,0.0539039,0.0150307,1
0.139519,0.217148,0.0904722,1
0.210512,0.0536259,0.0158531,1
0.150517,0.128746,0.00205624,1
0.190629,0.0288843,0.0242376,1
0.186657,0.116989,0.0988002,1
0.220873,0.183888,0.0948406,1
0.212308,0.0582555,0.017462,1
0.175115,0.0565789,0.0356883,1
0.211763,0.0516193,0.0142055,1
0.184257,0.0286043,0.101175,1
0.158097,0.140093,0.107725,1
0.170894,0.185618,0.0735442,1
0.210101,0.0545903,0.0129014,1
0.149746,0.00807861,0.0212473,1
0.142953,0.207832,0.111078,1
0.212141,0.19994,0.106289,1
0.222194,0.112121,0.0763284,1
0.210443,0.0244613,0.0820175,1
0.20937,0.0487826,0.0143828,1
0.189432,0.088564,0.0216714,1
0.185733,0.0124093,0.0511216,1
0.205518,0.0514834,0.0144692,1
0.208891,0.0560773,0.0174076,1
0.14761,0.0536539,0.109391,1
0.202965,0.0547681,0.0117,1
0.177798,0.0694642,0.055509,1
0.184818,0.0738398,0.0196533,1
0.205865,0.124101,0.0932688,1
0.209391,0.0558283,0.0167718,1
0.207682,0.162574,0.0885296,1
0.185618,0.0435545,0.0764322,1
0.208761,0.0530074,0.0117496,1
0.16928,0.158105,0.106013,1
0.202447,0.0557247,0.0176632,1
0.205398,0.179693,0.0681178,1
0.199569,0.090806,0.0901352,1
0.209814,0.0570387,0.0150878,1
0.188471,0.0926636,0.00257765,1
0.2079,0.0541442,0.0111248,1
0.205833,0.0527375,0.0131103,1
0.209438,0.0517784,0.0190701,1
0.203856,0.1462,0.0667726,1
0.20586,0.0530705,0.0126503,1
0.204879,0.0493265,0.0138114,1
0.206113,0.0502707,0.0124169,1
0.206421,0.055767,0.0164995,1
0.147284,0.0595379,0.0777966,1
0.204387,0.0274276,0.0129563,1
0.210456,0.0531442,0.0153443,1
0.16099,0.034625,0.0625554,1
0.21151,0.153312,0.0200935,1
0.20844,0.0537323,0.0142192,1
0.169509,0.0901887,0.0397481,1
0.158676,0.0865891,0.0889155,1
0.203161,0.131808,0.0111976,1
0.152069,0.163778,0.0940844,1
0.22001,0.0575758,0.0462972,1
0.145967,0.0097937,0.0382542,1
0.110584,0.185664,0.0304943,2
0.00694678,0.152022,0.101136,2
0.0706957,0.0956383,0.0571565,2
0.0660175,0.162919,0.097854,2
0.0535977,0.125365,0.0552683,2
0.12208,0.110482,0.0159135,2
0.110048,0.223678,0.024017,2
0.0777623,0.170021,0.0847863,2
0.104638,0.20178,0.0269748,2
0.138416,0.202512,0.0766433,2
0.0724754,0.200717,0.0693754,2
0.0974458,0.22238,0.0826199,2
0.13358,0.220788,0.0305178,2
0.0484075,0.0493214,0.023143,2
0.0182331,0.0629869,0.103779,2
0.137813,0.150905,0.110701,2
0.0342023,0.0812738,0.0700071,2
0.0443233,0.0393085,0.0329417,2
0.0440116,0.0490616,0.0665425,2
0.111417,0.0699215,0.088347,2
0.109099,0.140064,0.0927332,2
0.112995,0.0913382,0.0721427,2
0.0417576,0.0278757,0.0359167,2
0.117042,0.0530605,0.0249773,2
0.131863,0.200243,0.0948903,2
0.115847,0.182426,0.0276128,2
0.0631971,0.224616,0.0790005,2
0.0741614,0.0433592,0.0522365,2
0.00889687,0.0750595,0.00165939,2
0.0630601,0.102219,0.0317811,2
0.0451183,0.127264,0.0443584,2
0.00448391,0.206073,0.0966593,2
0.109769,0.0122935,0.0457126,2
0.0067836,0.147977,0.00416427,2
0.124831,0.0809563,0.0420867,2
0.0971558,0.0769097,0.048152,2
0.0626713,0.0689093,0.0368612,2
0.0767,0.14029,0.0177602,2
0.0525266,0.0400797,0.0359778,2
0.00324907,0.0654002,0.108426,2
0.114493,0.0715478,0.0449365,2
0.0591423,0.0507861,0.0748764,2
0.136624,0.159593,0.0360085,2
0.0640825,0.209212,0.0423401,2
0.131441,0.174653,0.0953294,2
0.0172719,0.19356,0.070192,2
0.00669172,0.0834081,0.019379,2
0.0952234,0.194575,0.0840868,2
0.002189,0.0863323,0.0546676,2
0.0590408,0.0921604,0.11175,2
0.0126955,0.0261071,0.00470555,2
0.0297472,0.00800908,0.0842677,2
0.0999161,0.102913,0.00772732,2
0.120317,0.0383547,0.075004,2
0.0943937,0.126887,0.0155353,2
0.0684547,0.17822,0.0353493,2
0.0445191,0.105984,0.0319161,2
0.0969071,0.0509456,0.00159273,2
0.133524,0.178808,0.0671206,2
0.0621035,0.000316875,0.0564776,2
0.00832889,0.0155427,0.0496291,2
0.0704084,0.171754,0.0608824,2
0.0521322,0.159755,0.0174111,2
0.00192809,0.0883907,0.0956435,2
0.00651108,0.0388123,0.10078,2
0.0418539,0.00905668,0.104319,2
0.0682458,0.206631,0.0744383,2
0.00270522,0.136556,0.100569,2
0.0615144,0.221329,0.0265429,2
0.0182236,0.0597907,0.068852,2
0.0806825,0.188027,0.0389215,2
0.0736383,0.143943,0.030697,2
0.0104748,0.060941,0.0672469,2
0.0953487,0.187431,0.0632845,2
0.0231912,0.195981,0.0425265,2
0.119768,0.18044,0.0507538,2
0.0833209,0.154941,0.085454,2
0.0544371,0.030564,0.0619397,2
0.11254,0.056508,0.109218,2
0.00937834,0.0157092,0.110006,2
0.0497859,0.164248,0.0623917,2
0.113624,0.0835833,0.0115297,2
0.130191,0.0372141,0.0195077,2
0.0454187,0.183047,0.0608527,2
0.0686116,0.133933,0.0476758,2
0.0675062,0.0235873,0.0799146,2
0.134656,0.200327,0.0529072,2
0.0450041,0.189821,0.0125503,2
0.0620023,0.0650546,0.0452999,2
0.0284282,0.0264968,0.111354,2
0.0939295,0.0195825,0.0113907,2
0.00475682,0.194452,0.109772,2
0.00102749,0.216035,0.00626499,2
0.0221515,0.105257,0.11335,2
0.0104436,0.0317202,0.0569384,2
0.0842135,0.0663568,0.102159,2
0.0508313,0.0917591,0.0530112,2
0.0927787,0.00912071,0.0602831,2
0.0807145,0.0927902,0.000321471,2
0.00746595,0.0468979,0.0183678,2
0.0611687,0.22147,0.0817966,2
0.0932709,0.0903377,0.057355,2
0.0811326,0.213043,0.0913096,2
0.126551,0.183854,0.0389784,2
0.129784,0.0366152,0.0780132,2
0.0433013,0.21934,0.0625193,2
0.0784179,0.1392,0.0925771,2
0.133982,0.222695,0.115925,2
0.102169,0.224735,0.0781467,2
0.000524811,0.151537,0.035095,2
0.136518,0.0363094,0.0261657,2
0.0599503,0.105549,0.00144967,2
0.0586759,0.000827261,0.113787,2
0.106362,0.0577134,0.025766,2
0.10164,0.085986,0.0322705,2
0.098288,0.0354241,0.0147027,2
0.125099,0.17832,0.111921,2
0.131848,0.193404,0.103665,2
0.106968,0.136444,0.09454,2
0.0888015,0.0239142,0.0251745,2
0.135085,0.075742,0.075692,2
0.131085,0.127264,0.0530917,2
0.0846177,0.147952,0.104399,2
0.0965754,0.12972,0.0124969,2
0.0703152,0.180797,0.0932979,2
0.0499547,0.221659,0.109638,2
0.127372,0.146601,0.103822,2
0.0693282,0.0449322,0.108648,2
0.126629,0.00231276,0.115653,2
0.167802,0.100533,0.146499,3
0.170177,0.138145,0.127656,3
0.194549,0.0362387,0.129263,3
0.121126,0.102413,0.221566,3
0.148499,0.0273572,0.148017,3
0.147902,0.0366745,0.140608,3
0.157599,0.103892,0.202406,3
0.160565,0.0176642,0.150055,3
0.143506,0.046211,0.141971,3
0.191808,0.123836,0.193418,3
0.168781,0.0289961,0.207458,3
0.118651,0.0421558,0.201021,3
0.175147,0.076178,0.146188,3
0.189034,0.00814726,0.185647,3
0.158666,0.00459167,0.127738,3
0.192133,0.0647588,0.156503,3
0.205021,0.0777818,0.154742,3
0.220255,0.121856,0.224875,3
0.171029,0.222468,0.166809,3
0.144269,0.0116728,0.156121,3
0.183074,0.0199565,0.208198,3
0.162036,0.019952,0.219644,3
0.212426,0.141368,0.221867,3
0.214644,0.162431,0.120055,3
0.179845,0.0947323,0.182922,3
0.133665,0.114709,0.169437,3
0.142538,0.0427832,0.169011,3
0.220128,0.196308,0.12179,3
0.142745,0.0643257,0.21415,3
0.178219,0.0250012,0.150391,3
0.224165,0.199429,0.220573,3
0.116204,0.112754,0.153713,3
0.178964,0.023925,0.154277,3
0.146423,0.0717774,0.18028,3
0.148501,0.0347911,0.203381,3
0.200048,0.130954,0.141765,3
0.203417,0.130472,0.182217,3
0.22229,0.0276823,0.152439,3
0.167311,0.0987832,0.199501,3
0.137661,0.0710719,0.177175,3
0.127794,0.018532,0.177887,3
0.165762,0.154271,0.158983,3
0.149858,0.216096,0.20655,3
0.166933,0.112708,0.218117,3
0.197242,0.202878,0.165265,3
0.125234,0.00620639,0.151149,3
0.204859,0.130954,0.221629,3
0.153145,0.0204846,0.181721,3
0.190324,0.213664,0.133156,3
0.157676,0.211735,0.192416,3
0.12134,0.157954,0.122202,3
0.154197,0.136464,0.215445,3
0.141876,0.194613,0.194919,3
0.209337,0.114391,0.121247,3
0.15539,0.100846,0.176713,3
0.206297,0.0240023,0.144773,3
0.201459,0.105596,0.172036,3
0.221519,0.0999157,0.219868,3
0.174695,0.0923588,0.171611,3
0.222301,0.129075,0.222036,3
0.221161,0.00492732,0.15836,3
0.191783,0.143185,0.195098,3
0.134524,0.143962,0.160257,3
0.141731,0.218923,0.174531,3
0.116119,0.157958,0.223879,3
0.125013,0.0176158,0.221426,3
0.154565,0.137423,0.217041,3
0.202152,0.0330848,0.221056,3
0.156217,0.19374,0.214509,3
0.201034,0.181917,0.146665,3
0.140699,0.037838,0.188171,3
0.217184,0.0590555,0.125064,3
0.145398,0.0219806,0.143537,3
0.122731,0.043886,0.14621,3
0.116447,0.029439,0.160341,3
0.155637,0.216396,0.131947,3
0.169585,0.0845966,0.223805,3
0.202547,0.17616,0.189996,3
0.160591,0.0665085,0.200596,3
0.176766,0.109783,0.119271,3
0.168539,0.0655891,0.167983,3
0.208376,0.137377,0.180019,3
0.153261,0.0441702,0.203973,3
0.216299,0.0677009,0.179002,3
0.125578,0.0809733,0.223144,3
0.219934,0.175028,0.134006,3
0.206902,0.0880549,0.209291,3
0.115901,0.119679,0.127735,3
0.212076,0.023751,0.199861,3
0.169172,0.142514,0.135665,3
0.178886,0.125656,0.166998,3
0.181209,0.184037,0.124261,3
0.137315,0.110723,0.174985,3
0.218408,0.170639,0.205738,3
0.20151,0.129192,0.126021,3
0.191403,0.160739,0.211891,3
0.205359,0.102962,0.211348,3
0.212105,0.141101,0.178349,3
0.142584,0.196544,0.210757,3
0.191237,0.203995,0.169801,3
0.138269,0.0832349,0.160801,3
0.131114,0.0861907,0.12889,3
0.149071,0.185858,0.16941,3
0.12972,0.0915177,0.13794,3
0.203875,0.10222,0.132764,3
0.182914,0.151861,0.150932,3
0.165415,0.130509,0.147607,3
0.191274,0.139487,0.212719,3
0.200362,0.052833,0.135958,3
0.191394,0.019819,0.133989,3
0.135186,0.152386,0.148051,3
0.203916,0.0935712,0.136436,3
0.136048,0.219937,0.123471,3
0.223046,0.191358,0.220159,3
0.158804,0.0540406,0.138282,3
0.180906,0.0310907,0.145534,3
0.172171,0.0917143,0.147281,3
0.22301,0.0703843,0.151516,3
0.134144,0.00642608,0.224776,3
0.15821,0.198354,0.203118,3
0.219734,0.214378,0.152124,3
0.185642,0.0661497,0.128801,3
0.157489,0.126865,0.154474,3
0.195815,0.166404,0.135825,3
0.116412,0.0756983,0.213971,3
0.153075,0.0112829,0.176699,3
0.119527,0.0959357,0.1917,3
0.135006,0.176978,0.118559,3
0.116468,0.181203,0.120122,3
0.11734,0.179599,0.217433,3
0.220483,0.0850513,0.121134,3
0.160271,0.205391,0.11677,3
