x coord,y coord,z coord,rank
0.0724833,0.123359,0.116315,0
0.0965796,0.202458,0.156538,0
0.0790766,0.119797,0.146351,0
0.102141,0.11845,0.102747,0
0.0640212,0.143006,0.142798,0
0.0944719,0.200792,0.157932,0
0.105017,0.123878,0.106336,0
0.0447238,0.131613,0.121912,0
0.0996152,0.149484,0.00649204,0
0.0712892,0.135457,0.141164,0
0.0802311,0.203926,0.0824476,0
0.0744913,0.125271,0.164219,0
0.0936072,0.197639,0.151328,0
0.0543218,0.138008,0.109436,0
0.0782849,0.127111,0.0799822,0
0.0724259,0.161448,0.0813172,0
0.00799727,0.135686,0.202247,0
0.105914,0.121089,0.105951,0
0.104825,0.118625,0.106396,0
0.0960992,0.136074,0.114358,0
0.106621,0.117468,0.106322,0
0.106173,0.14109,0.171148,0
0.103841,0.167216,0.108374,0
0.079734,0.158903,0.141206,0
0.0322894,0.132306,0.0903788,0
0.101367,0.121983,0.100944,0
0.105498,0.147843,0.0593737,0
0.103219,0.121619,0.106391,0
0.0877074,0.169338,0.0971084,0
0.0926244,0.118344,0.113989,0
0.0911281,0.183335,0.10343,0
0.102322,0.124815,0.118396,0
0.101315,0.12082,0.109238,0
0.100198,0.116392,0.111341,0
0.0102262,0.16766,0.00414379,0
0.0542571,0.140827,0.075623,0
0.0854693,0.16766,0.0967911,0
0.0496828,0.201795,0.0567815,0
0.10471,0.119178,0.106674,0
0.104633,0.139107,0.0520938,0
0.107285,0.122189,0.102303,0
0.0514782,0.154935,0.0671536,0
0.105304,0.117254,0.107551,0
0.10015,0.160696,0.0745296,0
0.100804,0.172801,0.0676219,0
0.0483961,0.124705,0.0409218,0
0.0529236,0.119712,0.0889889,0
0.0514556,0.12379,0.0205532,0
0.101556,0.116228,0.106968,0
0.105183,0.117651,0.106249,0
0.0721816,0.143461,0.0980968,0
0.0941464,0.199889,0.133528,0
8.41212e-05,0.187021,0.211635,0
0.0584423,0.139785,0.0538338,0
0.102786,0.142521,0.183598,0
0.096411,0.182085,0.031136,0
0.101352,0.171545,0.162313,0
0.0480926,0.133319,0.00363742,0
0.0712101,0.167242,0.0839638,0
0.107384,0.118499,0.114231,0
0.0120342,0.160973,0.144789,0
0.0821998,0.116646,0.177279,0
0.105325,0.132245,0.219727,0
0.106445,0.195196,0.156857,0
0.0675128,0.159468,0.143686,0
0.0778668,0.195464,0.0157174,0
0.0588684,0.126098,0.220571,0
0.0431203,0.217923,0.0715331,0
0.0502796,0.144646,0.156061,0
0.0449612,0.121118,0.0207427,0
0.000232249,0.143404,0.0665433,0
0.104564,0.115852,0.111129,0
0.0444414,0.16341,0.129253,0
0.0476552,0.122142,0.087347,0
0.0943314,0.160389,0.132279,0
0.0593392,0.199839,0.137271,0
0.106107,0.125966,0.161365,0
0.00450148,0.207359,0.139845,0
0.107328,0.11861,0.107103,0
0.0267923,0.135085,0.0496853,0
0.0996205,0.118705,0.109312,0
0.0906811,0.199286,0.152346,0
0.0471443,0.149924,0.212216,0
0.0276986,0.171287,0.208626,0
0.0727716,0.120844,0.035672,0
0.045845,0.168252,0.131575,0
0.0506522,0.223995,0.188306,0
0.102287,0.132922,0.0784155,0
0.106629,0.162881,0.0746532,0
0.0874475,0.198442,0.146048,0
0.0899152,0.145389,0.0719508,0
0.0985382,0.169275,0.165892,0
0.0156608,0.133723,0.033548,0
0.102866,0.116205,0.111124,0
0.0925161,0.196582,0.147691,0
0.062386,0.13159,0.10847,0
0.0995332,0.198222,0.152799,0
0.0945199,0.202163,0.156642,0
0.0145876,0.127329,0.220067,0
0.0550156,0.116064,0.0838815,0
0.0578281,0.188372,0.0869712,0
0.105832,0.118541,0.105124,0
0.0789145,0.216847,0.188941,0
0.0253849,0.191161,0.0929951,0
0.102851,0.115718,0.105393,0
0.0759491,0.140885,0.164509,0
0.0727976,0.12636,0.121483,0
0.0106327,0.135217,0.19978,0
0.0110919,0.147778,0.177994,0
0.102386,0.119332,0.10207,0
0.0488367,0.133221,0.00317838,0
0.0936664,0.205417,0.151941,0
0.0900176,0.136857,0.138675,0
0.0428975,0.168011,0.0955241,0
0.10657,0.196465,0.154353,0
0.0946744,0.157724,0.133453,0
0.107263,0.211886,0.175113,0
0.103379,0.116574,0.110318,0
0.106228,0.118246,0.106314,0
0.103085,0.117865,0.106657,0
0.107657,0.11945,0.105105,0
0.10381,0.115523,0.109414,0
0.105907,0.115577,0.103211,0
0.102507,0.115669,0.108578,0
0.103302,0.110603,0.101022,1
0.106249,0.108142,0.104686,1
0.10768,0.107707,0.105488,1
0.104506,0.110188,0.102394,1
0.10636,0.112723,0.109469,1
0.105992,0.114555,0.109245,1
0.0941253,0.115148,0.113942,1
0.105923,0.115295,0.107312,1
0.106332,0.108725,0.11234,1
0.0636591,0.0611181,0.149722,1
0.0252512,0.0743045,0.21451,1
0.0528765,0.100088,0.129586,1
0.0452487,0.00390028,0.195746,1
0.0685208,0.106272,0.0855519,1
0.103385,0.110352,0.107938,1
0.0901902,0.0296732,0.201676,1
0.107036,0.109813,0.107291,1
0.0591282,0.0775155,0.0930486,1
0.0624325,0.0866508,0.122866,1
0.103543,0.110251,0.106918,1
0.101646,0.111494,0.107549,1
0.0414,0.0515151,0.0119501,1
0.102334,0.110498,0.107211,1
0.107631,0.046631,0.0876372,1
0.0609925,0.0576716,0.167731,1
0.059296,0.0643948,0.0990945,1
0.0205451,0.00245354,0.163986,1
0.061421,0.100812,0.117696,1
0.106134,0.0130512,0.0947806,1
0.0922646,0.0891477,0.193305,1
0.0400415,0.0868974,0.211577,1
0.107442,0.111273,0.111966,1
0.0643074,0.0952976,0.0415284,1
0.0517968,0.0301985,0.0749488,1
0.0983196,0.0885594,0.154929,1
0.0522222,0.0820385,0.0252832,1
0.040798,0.0514435,0.175904,1
0.0591383,0.097892,0.111975,1
0.0886299,0.0604344,0.114965,1
8.08396e-05,0.0571,0.154578,1
0.0868858,0.058487,0.0754243,1
0.055722,0.0773009,0.0292801,1
0.0937632,0.103482,0.0783034,1
0.0952735,0.0832965,0.180658,1
0.0858811,0.0942111,0.177489,1
0.0682498,0.0115739,0.163057,1
0.0490948,0.0909275,0.158999,1
0.102038,0.0632623,0.0669684,1
0.0654374,0.035112,0.148045,1
0.0927442,0.0924694,0.190738,1
0.0314783,0.00313706,0.059416,1
0.0717535,0.0674194,0.04278,1
0.0230401,0.0978601,0.0752481,1
0.057978,0.0767457,0.128407,1
0.0362447,0.0942441,0.137024,1
0.0776306,0.076551,0.147787,1
0.0142583,0.0290504,0.0553899,1
0.0229532,0.102859,0.159118,1
0.0818645,0.0795944,0.0528828,1
0.0938265,0.102541,0.152188,1
0.0740325,0.0285672,0.0343185,1
0.104918,0.115376,0.110251,1
0.0766681,0.0788617,0.0458592,1
0.0553496,0.0588599,0.125582,1
0.0185654,0.0312565,0.139328,1
0.0638819,0.0819988,0.0728164,1
0.0920193,0.0889193,0.194878,1
0.0402202,0.0176234,0.0641559,1
0.106326,0.110139,0.11045,1
0.0883075,0.0906989,0.164294,1
0.103108,0.107977,0.109062,1
0.0544371,0.000506999,0.0952072,1
0.0821112,0.108925,0.069311,1
0.090461,0.0607949,0.119717,1
0.0295447,0.0230992,0.0939305,1
0.0759141,0.0994625,0.0634381,1
0.0332724,0.0288724,0.0866913,1
0.0459174,0.106458,0.0675864,1
0.0342737,0.0943523,0.0977065,1
0.0344621,0.0899796,0.0866975,1
0.106726,0.114942,0.103359,1
0.0370238,0.106685,0.194894,1
0.0702382,0.0897457,0.128996,1
0.037813,0.0361773,0.00480869,1
0.0380564,0.0904621,0.0834623,1
0.0782192,0.000113219,0.109404,1
0.0605548,0.10057,0.110567,1
0.0978172,0.0504007,0.11383,1
0.0833396,0.0997313,0.133954,1
0.0848745,0.100762,0.0175071,1
0.0958465,0.0799196,0.180117,1
0.0869386,0.107862,0.0510901,1
0.10751,0.0663143,0.128917,1
0.0270975,0.00415229,0.0580381,1
0.0823907,0.106332,0.0946591,1
0.0763727,0.0133736,0.0870276,1
0.0671463,0.0938551,0.0829042,1
0.105466,0.113272,0.10829,1
0.0986056,0.114381,0.10488,1
0.102117,0.0861676,0.159427,1
0.051671,0.100734,0.065203,1
0.106944,0.108465,0.107943,1
0.0526132,0.107348,0.159316,1
0.0935829,0.0791883,0.0252626,1
0.104529,0.115485,0.105627,1
0.104149,0.114849,0.106674,1
0.106524,0.111982,0.105401,1
0.102163,0.108337,0.110753,1
0.0593234,0.0919232,0.12204,1
0.101561,0.111444,0.109684,1
0.101532,0.114293,0.101909,1
0.107356,0.114072,0.106987,1
0.0983771,0.109018,0.104881,1
0.101281,0.115279,0.105052,1
0.074719,0.0949292,0.121245,1
0.0971283,0.11237,0.11549,1
0.0975607,0.113994,0.111065,1
0.104346,0.114152,0.106684,1
0.104397,0.114433,0.109114,1
0.106487,0.108989,0.110974,1
0.106045,0.113241,0.109193,1
0.121093,0.0959323,0.0985036,2
0.116935,0.103717,0.110308,2
0.204356,0.0245258,0.142876,2
0.155643,0.0164645,0.0559011,2
0.112347,0.108662,0.108125,2
0.113197,0.111369,0.105889,2
0.111675,0.0817029,0.106714,2
0.110841,0.0499078,0.0745451,2
0.112605,0.104465,0.110004,2
0.11275,0.110099,0.113,2
0.170227,0.0172171,0.0832851,2
0.189078,0.103599,0.0989639,2
0.111557,0.0337801,0.0328519,2
0.135244,0.101532,0.17383,2
0.223117,0.0980088,0.037738,2
0.108091,0.0491145,0.0783288,2
0.159486,0.0607666,0.0208622,2
0.13079,0.0584421,0.151037,2
0.11078,0.0741579,0.115194,2
0.14671,0.0547366,0.0998612,2
0.122068,0.0223809,0.2108,2
0.163906,0.0825444,0.0462389,2
0.109206,0.1107,0.10664,2
0.130206,0.106397,0.169903,2
0.169305,0.0208458,0.170238,2
0.148393,0.105729,0.125115,2
0.113289,0.0221799,0.024368,2
0.138774,0.0683988,0.126191,2
0.177945,0.0736968,0.0929522,2
0.115571,0.0840176,0.105356,2
0.173977,0.105515,0.0450039,2
0.119229,0.109658,0.130597,2
0.11563,0.0652288,0.0588468,2
0.187867,0.0384034,0.0273133,2
0.184351,0.00607364,0.0588344,2
0.161413,0.0427897,0.142022,2
0.113109,0.0616238,0.152892,2
0.116968,0.0985244,0.0501945,2
0.114064,0.0227727,0.0226773,2
0.164976,0.0239854,0.0750806,2
0.138938,0.0879014,0.161116,2
0.203493,0.106587,0.196796,2
0.187403,0.0975452,0.107974,2
0.109009,0.111111,0.105374,2
0.185964,0.101976,0.123327,2
0.132054,0.0826377,0.0808855,2
0.151558,0.0498231,0.0999967,2
0.147618,0.0994274,0.0868337,2
0.142064,0.0199216,0.188862,2
0.183026,0.0278196,0.203365,2
0.126573,0.0704663,0.134989,2
0.166139,0.0410315,0.21989,2
0.176596,0.10835,0.0269278,2
0.188211,0.0141383,0.157581,2
0.201189,0.0737131,0.053195,2
0.151839,0.0167092,0.125058,2
0.144376,0.0830335,0.160135,2
0.21442,0.0407275,0.0578189,2
0.177835,0.02436,0.217479,2
0.153095,0.0216182,0.181799,2
0.142479,0.00743649,0.140323,2
0.161616,0.0965525,0.194766,2
0.157913,0.0645674,0.0463423,2
0.211153,0.0853535,0.0287796,2
0.146927,0.0551295,0.104776,2
0.126544,0.108943,0.168002,2
0.119343,0.0689477,0.0513572,2
0.1285,0.0773307,0.0736212,2
0.108185,0.0431069,0.0818063,2
0.143786,0.106613,0.148691,2
0.163302,0.0863898,0.14445,2
0.13212,0.103464,0.0550203,2
0.127664,0.0716932,0.141788,2
0.173255,0.0849043,0.175482,2
0.146717,0.0537176,0.103627,2
0.146858,0.0706085,0.0543639,2
0.114452,0.105112,0.107123,2
0.162109,0.0760594,0.100929,2
0.191288,0.108096,0.101611,2
0.157989,0.110039,0.0662157,2
0.172307,0.10695,0.0304182,2
0.188596,0.107239,0.102039,2
0.129019,0.0653957,0.0534598,2
0.152001,0.00534204,0.183642,2
0.10898,0.0196584,0.0251916,2
0.163593,0.0411104,0.143709,2
0.143121,0.057388,0.118068,2
0.12701,0.0272835,0.00942517,2
0.171127,0.0855927,0.134605,2
0.178654,0.0714546,0.103062,2
0.151101,0.078228,0.0732691,2
0.136464,0.0109161,0.134653,2
0.119804,0.0768714,0.0930931,2
0.166887,0.0765009,0.0414683,2
0.170907,0.103334,0.0273993,2
0.125238,0.101501,0.172486,2
0.191938,0.0102494,0.152385,2
0.182648,0.0287532,0.207873,2
0.163023,0.0800739,0.0478344,2
0.188753,0.00880606,0.151102,2
0.168605,0.0447839,0.214286,2
0.198136,0.0729632,0.216172,2
0.178972,0.074147,0.0680805,2
0.114488,0.0760817,0.106529,2
0.210808,0.110951,0.0579577,2
0.154163,0.0325049,0.0786319,2
0.165283,0.0495538,0.210743,2
0.193055,0.10961,0.10105,2
0.128678,0.0863324,0.132665,2
0.152041,0.0758052,0.0720452,2
0.151092,0.0433774,0.100142,2
0.119767,0.0928883,0.0864903,2
0.109758,0.0851745,0.104054,2
0.139722,0.079635,0.155555,2
0.223786,0.0111736,0.0280865,2
0.174028,0.0505733,0.11561,2
0.141515,0.046347,0.113862,2
0.113389,0.101039,0.204293,2
0.110186,0.110554,0.111005,2
0.108261,0.0201989,0.024324,2
0.110404,0.0163579,0.0497379,2
0.109405,0.108506,0.107711,2
0.110246,0.110606,0.114941,2
0.108111,0.117812,0.109425,3
0.109459,0.112725,0.105561,3
0.109798,0.117081,0.108805,3
0.115357,0.164052,0.15318,3
0.108563,0.113757,0.106595,3
0.133734,0.184844,0.109352,3
0.110885,0.116144,0.109425,3
0.131937,0.13981,0.125785,3
0.115306,0.12275,0.122044,3
0.110541,0.114511,0.11123,3
0.110724,0.118051,0.103239,3
0.145112,0.136716,0.129977,3
0.140278,0.112674,0.169281,3
0.155839,0.174506,0.157708,3
0.109084,0.115185,0.106061,3
0.113202,0.117855,0.10528,3
0.114174,0.115711,0.099894,3
0.121192,0.155753,0.155308,3
0.111407,0.112784,0.109826,3
0.178298,0.154476,0.150826,3
0.110871,0.117649,0.104451,3
0.164511,0.167226,0.194764,3
0.116543,0.147873,0.151148,3
0.108017,0.119916,0.105303,3
0.187334,0.127831,0.14313,3
0.113005,0.118683,0.108438,3
0.112763,0.114834,0.109239,3
0.12381,0.122523,0.150368,3
0.110039,0.137996,0.0566723,3
0.123574,0.114726,0.172381,3
0.143571,0.138341,0.12882,3
0.127337,0.130301,0.10333,3
0.12679,0.134257,0.204623,3
0.121931,0.162933,0.0578052,3
0.203146,0.155688,0.150756,3
0.109997,0.117471,0.104816,3
0.195198,0.221344,0.139338,3
0.114448,0.169718,0.157617,3
0.215086,0.141269,0.126478,3
0.130629,0.130935,0.169094,3
0.126897,0.126022,0.0815388,3
0.115176,0.146406,0.0991163,3
0.137675,0.153563,0.141572,3
0.13929,0.162208,0.127409,3
0.203189,0.157944,0.102407,3
0.116845,0.120028,0.106432,3
0.14391,0.137572,0.213129,3
0.180765,0.125403,0.145904,3
0.184369,0.143193,0.0314784,3
0.15485,0.141966,0.0814593,3
0.151081,0.185021,0.135932,3
0.110146,0.155231,0.0703501,3
0.162048,0.209786,0.107949,3
0.138214,0.121597,0.0738141,3
0.141816,0.122216,0.090353,3
0.201836,0.127761,0.0139207,3
0.135798,0.125611,0.178591,3
0.173935,0.130364,0.0934193,3
0.182314,0.122518,0.140815,3
0.152179,0.154019,0.0456355,3
0.207563,0.124824,0.135813,3
0.173713,0.133078,0.10078,3
0.113248,0.209024,0.0326031,3
0.124034,0.214113,0.043403,3
0.131658,0.19087,0.112728,3
0.115163,0.118456,0.109803,3
0.11513,0.119351,0.107273,3
0.113493,0.115051,0.106162,3
0.107759,0.12156,0.109954,3
0.150455,0.1414,0.132474,3
0.164341,0.118202,0.0903764,3
0.188587,0.206639,0.125309,3
0.14406,0.152647,0.143619,3
0.194771,0.162571,0.223259,3
0.221582,0.119572,0.063937,3
0.166904,0.130312,0.0959161,3
0.109761,0.120581,0.0988679,3
0.110915,0.140197,0.110489,3
0.216578,0.121396,0.0731338,3
0.1428,0.113345,0.0863905,3
0.119367,0.141528,0.0749094,3
0.10935,0.188907,0.116587,3
0.127231,0.212513,0.0766523,3
0.139086,0.150026,0.1365,3
0.110254,0.117257,0.112404,3
0.133822,0.125085,0.0561201,3
0.156001,0.15865,0.0860303,3
0.142777,0.14306,0.0768491,3
0.186946,0.120533,0.140344,3
0.146238,0.155825,0.0406924,3
0.14648,0.165544,0.129675,3
0.2122,0.142662,0.18625,3
0.206795,0.190105,0.0783384,3
0.12891,0.128266,0.105476,3
0.215069,0.172035,0.031149,3
0.148735,0.121383,0.155306,3
0.112361,0.210124,0.094987,3
0.121269,0.144005,0.0940764,3
0.161177,0.130757,0.0453732,3
0.210667,0.125592,0.103018,3
0.170977,0.149409,0.158366,3
0.116919,0.126599,0.00529621,3
0.125924,0.194196,0.0628613,3
0.175237,0.185169,0.131253,3
0.114611,0.217391,0.100403,3
0.126419,0.133069,0.199298,3
0.180077,0.127272,0.1451,3
0.153086,0.157717,0.121901,3
0.152308,0.121962,0.151076,3
0.109194,0.115813,0.108473,3
0.154117,0.221608,0.114667,3
0.10805,0.11479,0.10562,3
0.142081,0.139174,0.0912238,3
0.177682,0.131956,0.135104,3
0.148464,0.212097,0.0738749,3
0.109078,0.118926,0.105074,3
0.169557,0.161161,0.0284468,3
0.165591,0.160315,0.0206991,3
0.111418,0.114755,0.108743,3
0.108221,0.116399,0.108148,3
0.108092,0.118053,0.102253,3
0.110343,0.113839,0.103171,3
0.110944,0.116989,0.111344,3
0.110255,0.113221,0.107194,3
0.108629,0.112724,0.106762,3
0.107679,0.112577,0.105801,3
0.108968,0.118354,0.113271,3
0.11185,0.114363,0.10703,3
0.107889,0.114773,0.110341,3
0.108326,0.118092,0.103841,3
0.108371,0.119339,0.103697,3
0.107943,0.112984,0.106323,3
