x coord,y coord,z coord,rank
0.0696443,0.129199,0.152009,0
0.0636684,0.121789,0.169609,0
0.0327359,0.0640604,0.118422,0
0.0311095,0.0481754,0.147843,0
0.0587011,0.135471,0.192126,0
0.0628176,0.0719106,0.12201,0
0.0979875,0.14674,0.109609,0
0.00626508,0.15936,0.113385,0
0.0835139,0.128298,0.206639,0
0.0753542,0.0324701,0.12664,0
0.0995109,0.144694,0.186192,0
0.0758434,0.0117648,0.137765,0
0.0728397,0.0411553,0.203571,0
0.0975427,0.1691,0.167108,0
0.0109311,0.0483501,0.125164,0
0.0028111,0.086315,0.163765,0
0.0944418,0.141059,0.104962,0
0.0956621,0.151978,0.106391,0
0.0599112,0.104698,0.135974,0
0.0895759,0.0506868,0.117009,0
0.0975096,0.147934,0.104521,0
0.0104961,0.102542,0.123897,0
0.0435368,0.0495712,0.108475,0
0.0439808,0.123327,0.17242,0
0.0171805,0.0482664,0.108006,0
0.0974997,0.0920509,0.13167,0
0.0907312,0.0760947,0.114801,0
0.0399597,0.0393567,0.105217,0
0.0897517,0.0659109,0.10761,0
0.0156221,0.0548857,0.161349,0
0.0902393,0.148747,0.103874,0
0.0956075,0.152036,0.184599,0
0.0898257,0.148555,0.107175,0
0.0444402,0.220575,0.158786,0
0.00869388,0.149468,0.218659,0
0.0933877,0.0442607,0.145434,0
0.0544857,0.194817,0.106237,0
0.062262,0.165057,0.122465,0
0.0584981,0.0762556,0.19565,0
0.060743,0.175766,0.177986,0
0.0338226,0.125919,0.181013,0
0.0158372,0.0740039,0.132074,0
0.0162424,0.111092,0.156592,0
0.0310638,0.180132,0.200498,0
0.067615,0.142764,0.153081,0
0.0348646,0.0958311,0.15614,0
0.00822426,0.119254,0.184901,0
0.0583494,0.201162,0.12663,0
0.0101786,0.0492066,0.2238,0
0.0306179,0.00807921,0.212573,0
0.0944758,0.14762,0.109073,0
0.0472579,0.209131,0.184459,0
0.0174319,0.0837708,0.139595,0
0.0633122,0.177054,0.171475,0
0.0925045,0.124579,0.176952,0
0.0138804,0.0985022,0.121456,0
0.0684327,0.160799,0.208362,0
0.0948971,0.144852,0.105581,0
0.0978044,0.141758,0.104263,0
0.0790262,0.146452,0.199195,0
0.0599025,0.0890296,0.128837,0
0.0205243,0.0874681,0.105409,0
0.0278292,0.174956,0.198357,0
0.00207185,0.1166,0.18347,0
0.0496485,0.0707396,0.127963,0
0.0271641,0.21689,0.170014,0
0.0745595,0.155675,0.151006,0
0.0294743,0.0314621,0.158956,0
0.0692705,0.0988121,0.176517,0
0.0935679,0.140923,0.108164,0
0.0264731,0.0101607,0.118953,0
0.0378838,0.00748387,0.113952,0
0.0560955,0.0889931,0.123506,0
0.00396637,0.139804,0.181367,0
0.00957821,0.100622,0.116914,0
0.0453927,0.00403354,0.178942,0
0.0575295,0.00775965,0.181698,0
0.0536012,0.0643821,0.107067,0
0.058569,0.177238,0.174849,0
0.0690135,0.0547262,0.207143,0
0.00144932,0.20087,0.184253,0
0.0901918,0.221683,0.138518,0
0.0230053,0.0668598,0.214309,0
0.0408653,0.0915461,0.174178,0
0.0639249,0.0170822,0.215452,0
0.0224641,0.0996984,0.137236,0
0.00172711,0.20783,0.106734,0
0.0214763,0.21601,0.175413,0
0.0723264,0.00720187,0.215446,0
0.0686389,0.0206596,0.179018,0
0.0833982,0.220744,0.220681,0
0.0104615,0.0715702,0.21051,0
0.0656138,0.116022,0.20326,0
0.0965337,0.145324,0.110379,0
0.0978751,0.187995,0.198634,0
0.0391705,0.221048,0.13665,0
0.04539,0.161345,0.122268,0
0.0043881,0.1148,0.215723,0
0.0369571,0.0214019,0.21749,0
0.0257948,0.0574342,0.15977,0
0.0616851,0.144977,0.146815,0
0.0471405,0.0196198,0.159994,0
0.0216696,0.0198411,0.131348,0
0.0587913,0.0343789,0.157569,0
0.0986577,0.147935,0.104928,0
0.0821071,0.140161,0.203017,0
0.0280668,0.192472,0.204486,0
0.0110281,0.160028,0.135717,0
0.0958691,0.149865,0.104648,0
0.0636909,0.215911,0.119858,0
0.0798954,0.1192,0.138004,0
0.0667944,0.21593,0.207708,0
0.0666765,0.108819,0.127224,0
0.0636559,0.11375,0.203554,0
0.0121963,0.139639,0.161032,0
0.0997578,0.0187225,0.138141,0
0.0965739,0.148791,0.108194,0
0.0142453,0.15497,0.117336,0
0.0980034,0.147834,0.104856,0
0.0738088,0.199913,0.135279,0
0.0927996,0.146465,0.103791,0
0.0933353,0.144442,0.106073,0
0.0956079,0.146324,0.10648,0
0.0995829,0.143688,0.104894,0
0.0941964,0.140786,0.103811,0
0.0904663,0.140285,0.1072,0
0.0948065,0.146835,0.109294,0
0.098532,0.143283,0.103783,0
0.0963336,0.147292,0.104768,0
0.0981067,0.143058,0.106869,0
0.0952951,0.141526,0.104891,0
0.0974567,0.14864,0.1044,0
0.118908,0.165816,0.157985,1
0.164189,0.144792,0.166482,1
0.126739,0.127883,0.163562,1
0.175845,0.16908,0.200234,1
0.178044,0.136911,0.204701,1
0.169462,0.130118,0.167314,1
0.154391,0.111456,0.17205,1
0.220679,0.0508681,0.217453,1
0.166399,0.124743,0.105756,1
0.222841,0.108472,0.110531,1
0.202063,0.00483839,0.138558,1
0.129535,0.0765703,0.166868,1
0.216068,0.178181,0.1802,1
0.141312,0.18371,0.217158,1
0.141249,0.180322,0.217706,1
0.141294,0.141854,0.20833,1
0.146816,0.198947,0.131518,1
0.143247,0.0516029,0.17272,1
0.138069,0.0720275,0.189184,1
0.206918,0.135461,0.193561,1
0.115131,0.188263,0.20171,1
0.145946,0.203903,0.210696,1
0.111235,0.148857,0.108579,1
0.162521,0.0235359,0.128158,1
0.107285,0.175889,0.196698,1
0.190715,0.109782,0.191948,1
0.201172,0.0844164,0.112252,1
0.110123,0.0288864,0.181726,1
0.156391,0.211519,0.209385,1
0.160804,0.193695,0.200296,1
0.154642,0.131357,0.19226,1
0.175248,0.136908,0.167529,1
0.161303,0.0588936,0.190998,1
0.135731,0.0121174,0.174338,1
0.132832,0.00189956,0.169532,1
0.217863,0.0805091,0.22349,1
0.129545,0.00366607,0.11223,1
0.151008,0.089988,0.110851,1
0.123209,0.105425,0.158665,1
0.189346,0.0966052,0.17522,1
0.207661,0.21009,0.201558,1
0.179457,0.195982,0.116835,1
0.192467,0.00900073,0.155089,1
0.223835,0.112935,0.207686,1
0.110104,0.00306934,0.174797,1
0.133564,0.131203,0.209923,1
0.130484,0.211049,0.110709,1
0.127025,0.115347,0.19725,1
0.149541,0.0303496,0.205846,1
0.170023,0.179088,0.184074,1
0.208319,0.080633,0.140538,1
0.118629,0.0658752,0.147525,1
0.155529,0.0261706,0.212776,1
0.118988,0.0399212,0.14156,1
0.220022,0.154078,0.220852,1
0.131035,0.149871,0.186272,1
0.173303,0.0936554,0.153498,1
0.159514,0.214019,0.163904,1
0.140173,0.0572586,0.215296,1
0.213567,0.0584556,0.220743,1
0.100211,0.100866,0.12384,1
0.157192,0.0973483,0.154073,1
0.22013,0.191416,0.204855,1
0.161286,0.191416,0.122466,1
0.140712,0.0455609,0.145684,1
0.135189,0.210143,0.160848,1
0.113408,0.0769587,0.198641,1
0.119696,0.143022,0.224626,1
0.118495,0.170761,0.171688,1
0.106987,0.000361622,0.190911,1
0.158625,0.20122,0.181799,1
0.195605,0.187366,0.208528,1
0.10726,0.0926565,0.137305,1
0.0997801,0.144834,0.103696,1
0.179593,0.180655,0.136751,1
0.211895,0.000335631,0.212383,1
0.163125,0.0545075,0.209511,1
0.174282,0.17579,0.108693,1
0.209389,0.0294949,0.214124,1
0.114108,0.0005643,0.110752,1
0.146168,0.0451744,0.153264,1
0.111109,0.193804,0.189921,1
0.213303,0.0874397,0.147124,1
0.215823,0.052806,0.121353,1
0.187373,0.213037,0.191191,1
0.144581,0.20143,0.133132,1
0.210695,0.218243,0.208359,1
0.165295,0.205458,0.131305,1
0.144534,0.0343332,0.183257,1
0.148412,0.0143926,0.129606,1
0.112588,0.190903,0.19837,1
0.106466,0.0642717,0.181406,1
0.216549,0.129943,0.137347,1
0.135334,0.21176,0.162967,1
0.1854,0.13742,0.223641,1
0.193724,0.0573181,0.147622,1
0.167495,0.161312,0.181785,1
0.217162,0.168269,0.224064,1
0.145896,0.200737,0.214804,1
0.200544,0.129299,0.147139,1
0.176599,0.0176086,0.200557,1
0.135407,0.0250267,0.169597,1
0.134205,0.139634,0.13004,1
0.195736,0.0987485,0.182993,1
0.16333,0.0188428,0.109733,1
0.19317,0.181224,0.110991,1
0.174728,0.0233698,0.192526,1
0.183267,0.00378665,0.218632,1
0.115401,0.0110385,0.142266,1
0.110064,0.0742586,0.106085,1
0.10378,0.109091,0.117589,1
0.113858,0.180764,0.162495,1
0.116495,0.140816,0.204135,1
0.142729,0.0175448,0.19286,1
0.122804,0.136539,0.203213,1
0.173636,0.0982385,0.195386,1
0.199209,0.0258089,0.176042,1
0.141849,0.10123,0.178754,1
0.160209,0.0665315,0.179737,1
0.204727,0.00107958,0.209036,1
0.107052,0.205815,0.111843,1
0.177246,0.0436732,0.128679,1
0.199493,0.132655,0.145355,1
0.0999959,0.14778,0.108035,1
0.0248446,0.18744,0.0765847,2
0.019949,0.0325394,0.0925153,2
0.0943715,0.144854,0.0974469,2
0.0715345,0.0990904,0.0885443,2
0.0880952,0.203858,0.0280185,2
0.0961127,0.147599,0.100832,2
0.0814933,0.216125,0.0325352,2
0.03849,0.0122693,0.0331242,2
0.0913835,0.0509308,0.0276976,2
0.038557,0.0434762,0.0679402,2
0.0934865,0.1459,0.102747,2
0.0653622,0.168091,0.0116221,2
0.094405,0.143643,0.0983545,2
0.0903826,0.109197,0.068056,2
0.0891039,0.0809153,0.0222916,2
0.00365597,0.19397,0.0550408,2
0.0890382,0.193811,0.018133,2
0.0764584,0.169603,0.0226761,2
0.00142656,0.153164,0.100834,2
0.0906535,0.145231,0.0982665,2
0.0378029,0.219417,0.0440428,2
0.04992,0.0648345,0.0080443,2
0.0887442,0.144338,0.10178,2
0.075143,0.0976554,0.0920377,2
0.0795361,0.0945707,0.087771,2
0.00774838,0.0322882,0.0430474,2
0.00508237,0.0077516,0.00975012,2
0.0434944,0.073082,0.0433902,2
0.00769281,0.165912,0.0792234,2
0.0938913,0.14813,0.102682,2
0.080904,0.096495,0.0921235,2
0.0126924,0.0267248,0.0717653,2
0.0911934,0.221649,0.00731767,2
0.0841646,0.110414,0.0593591,2
0.038089,0.118484,0.0441952,2
0.0444202,0.222323,0.00855972,2
0.0873625,0.0849335,0.0994169,2
0.051112,0.0179718,0.0290604,2
0.00587351,0.0109461,0.0823665,2
0.0747577,0.0688695,0.0267781,2
0.0624308,0.12065,0.0680334,2
0.0200465,0.167814,0.0737354,2
0.0956354,0.142369,0.10065,2
0.0914363,0.199378,0.0217225,2
0.0897053,0.149468,0.103279,2
0.0394676,0.0533317,0.0937794,2
0.0723904,0.0186309,0.0356004,2
0.0884393,0.0564017,0.0344343,2
0.0924538,0.177665,0.00348522,2
0.0274363,0.185032,0.061222,2
0.0447338,0.0894917,0.0917912,2
0.034751,0.220582,0.0210543,2
0.0591136,0.164106,0.0134617,2
0.0307234,0.206912,0.100954,2
0.0177388,0.0361212,0.0671693,2
0.0789104,0.139313,0.0536853,2
0.000467364,0.165173,0.0795041,2
0.0097506,0.144171,0.0778374,2
0.00209049,0.185246,0.0622185,2
0.0745806,0.180095,0.0606319,2
0.0617017,0.069144,0.0820151,2
0.0966487,0.144354,0.0981128,2
0.0121319,0.0497986,0.0361903,2
0.0536349,0.0412533,0.0589143,2
0.0856775,0.0565159,0.0281194,2
0.0942314,0.150418,0.101246,2
0.0178963,0.181993,0.0671167,2
0.0848423,0.0551982,0.0287349,2
0.0968292,0.151195,0.0986425,2
0.0774332,0.0971409,0.0923026,2
0.0741703,0.0966718,0.0926108,2
0.0550686,0.0173946,0.0396147,2
0.0730835,0.163728,0.0622619,2
0.0162003,0.155821,0.0556709,2
0.0702633,0.16808,0.0645249,2
0.017001,0.159327,0.072695,2
0.0572306,0.143666,0.0875108,2
0.00123516,0.201913,0.0612333,2
0.065439,0.125406,0.0886754,2
0.0378299,0.0311989,0.0154849,2
0.00646476,0.104235,0.0651576,2
0.0582099,0.0187564,0.0424544,2
0.0522838,0.16631,0.0838646,2
0.00951647,0.0376489,0.0450338,2
0.0806079,0.0930727,0.0877581,2
0.073366,0.164374,0.0688253,2
0.0748228,0.0287916,0.0123273,2
0.093443,0.142409,0.101826,2
0.0215009,0.0110214,0.0311802,2
0.0950743,0.14046,0.0906625,2
0.0922243,0.144045,0.10167,2
0.0164969,0.0544616,0.043308,2
0.00283063,0.197284,0.0386287,2
0.0623949,0.162731,0.00830982,2
0.00925159,0.214094,0.000323499,2
0.0914058,0.149536,0.0979424,2
0.0742721,0.0947049,0.0885533,2
0.0298945,0.0822229,0.0374419,2
0.0905912,0.0908949,0.101974,2
0.0659262,0.184083,0.0626024,2
0.0513506,0.21624,0.0523922,2
0.0862081,0.0608855,0.0824315,2
0.0365497,0.105705,0.00497047,2
0.032984,0.136514,0.0032255,2
0.0906433,0.145626,0.103281,2
0.0397211,0.129541,0.0559111,2
0.0970909,0.146168,0.0968648,2
0.0510807,0.139714,0.0634743,2
0.00152995,0.120438,0.0573627,2
0.0197037,0.119244,0.0928577,2
0.0965654,0.148868,0.0982053,2
0.0968405,0.148978,0.0980847,2
0.0471614,0.131243,0.0574403,2
0.0744318,0.177813,0.0162782,2
0.0948056,0.15123,0.093096,2
0.0947775,0.140923,0.100126,2
0.0945529,0.144541,0.10026,2
0.0896488,0.145995,0.103047,2
0.0972026,0.141242,0.0973395,2
0.0955411,0.03605,0.0526996,2
0.0922073,0.146746,0.102079,2
0.101306,0.117868,0.0784133,3
0.152189,0.0280975,0.0983305,3
0.102071,0.142367,0.10058,3
0.18814,0.00956134,0.0807614,3
0.179678,0.0174457,0.0402473,3
0.210281,0.183836,0.075471,3
0.130682,0.223744,0.0851683,3
0.141172,0.192314,0.0109368,3
0.102569,0.118938,0.0690129,3
0.174176,0.193547,0.0853887,3
0.103016,0.146659,0.103309,3
0.186367,0.161448,0.0278319,3
0.106701,0.187693,9.29047e-06,3
0.138597,0.128174,0.0693948,3
0.20123,0.127531,0.0657097,3
0.219626,0.115802,0.0609371,3
0.154867,0.0740137,0.00180134,3
0.194141,0.212875,0.0943785,3
0.174302,0.213694,0.0315302,3
0.131126,0.10187,0.057067,3
0.21395,0.0706993,0.0982796,3
0.166727,0.00608031,0.102112,3
0.202416,0.0974701,0.0420966,3
0.12595,0.0151603,0.00470045,3
0.220715,0.180069,0.0451274,3
0.16359,0.16602,0.0491667,3
0.204423,0.0943945,0.0391635,3
0.210426,0.175328,0.0780018,3
0.138144,0.0702399,0.0985563,3
0.221643,0.170308,0.0443842,3
0.146282,0.159132,0.017867,3
0.100201,0.14383,0.0985509,3
0.19028,0.0480142,0.0423247,3
0.197616,0.0319291,0.0796622,3
0.206061,0.144751,0.0198718,3
0.184265,0.0996282,0.0574016,3
0.214991,0.219431,0.0982814,3
0.177465,0.219914,0.0901805,3
0.19171,0.182547,0.0353456,3
0.197611,0.0534502,0.0487226,3
0.147293,0.0246928,0.0293568,3
0.158426,0.0112858,0.0425413,3
0.181518,0.0641887,0.0144025,3
0.175397,0.0248053,0.024211,3
0.190148,0.177685,0.067222,3
0.213362,0.0633362,0.0526563,3
0.11634,0.204697,0.0791189,3
0.144273,0.0236828,0.0439574,3
0.199855,0.0970924,0.0407247,3
0.202673,0.0989428,0.0394229,3
0.150362,0.0211538,0.0429268,3
0.098812,0.144165,0.100865,3
0.200914,0.207373,0.0523603,3
0.178298,0.156173,0.0647571,3
0.190225,0.0536364,0.0863184,3
0.207238,0.0863678,0.0945831,3
0.190741,0.0834749,0.0432697,3
0.0990097,0.145441,0.0996653,3
0.195152,0.204673,0.00156464,3
0.127791,0.0220952,0.0558787,3
0.109079,0.0196915,0.0262628,3
0.11499,0.223388,0.0162731,3
0.220415,0.173511,0.0429399,3
0.171491,0.088652,0.0717386,3
0.167217,0.00809946,0.0534725,3
0.180699,0.200471,0.0789696,3
0.106297,0.137926,0.0511334,3
0.11115,0.176886,0.0263152,3
0.162816,0.0944292,0.0379555,3
0.173907,0.0378906,0.0692766,3
0.103948,0.201199,0.0114774,3
0.100149,0.147931,0.100914,3
0.144958,0.136179,0.0691385,3
0.202277,0.00408923,0.00979006,3
0.214723,0.0986541,0.0104637,3
0.21537,0.0328555,0.0968699,3
0.221304,0.15414,0.0484251,3
0.203796,0.0782596,0.0307047,3
0.201761,0.157347,0.0839992,3
0.121282,0.0726954,0.07988,3
0.10689,0.00568347,0.0817724,3
0.168578,0.213733,0.0908711,3
0.131547,0.00789224,0.0369325,3
0.211034,0.189164,0.0250413,3
0.171876,0.0987665,0.0346987,3
0.210107,0.135733,0.0533509,3
0.0991335,0.157079,0.0460216,3
0.126534,0.0140943,0.00568767,3
0.222984,0.167018,0.0967571,3
0.159678,0.0153125,0.0401612,3
0.209897,0.031456,0.0309725,3
0.221554,0.177662,0.0506945,3
0.220483,0.0736467,0.0980353,3
0.16234,0.201691,0.0107231,3
0.205268,0.118887,0.0162478,3
0.158287,0.197723,0.0411442,3
0.140649,0.154125,0.0850056,3
0.103131,0.0350225,0.0152722,3
0.100932,0.150313,0.100958,3
0.19293,0.136153,0.0753004,3
0.169527,0.133332,0.0654309,3
0.145679,0.136442,0.0916946,3
0.140421,0.186292,0.0882957,3
0.131315,0.173078,0.0933454,3
0.214705,0.19811,0.0928751,3
0.153988,0.0611725,0.0255047,3
0.21607,0.21329,0.0870349,3
0.183398,0.0880505,0.0483893,3
0.161719,0.128576,0.0727119,3
0.0997009,0.145029,0.103225,3
0.191051,0.135288,0.0280264,3
0.168664,0.00505219,0.0573619,3
0.202629,0.119512,0.0684626,3
0.213891,0.011843,0.0109832,3
0.0986635,0.090964,0.0884274,3
0.195539,0.0273856,0.0849334,3
0.108461,0.0268712,0.0331385,3
0.0983329,0.147263,0.103314,3
0.102385,0.0831331,0.103527,3
0.114685,0.0351689,0.103005,3
0.0983565,0.147548,0.102653,3
0.0978151,0.143628,0.0973853,3
0.0977119,0.146113,0.101465,3
