x coord,y coord,z coord,rank
0.0709709,0.0576383,0.182682,0
0.111794,0.224489,0.119326,0
0.0177425,0.160387,0.116705,0
0.10048,0.101693,0.178818,0
0.0590265,0.0440981,0.144807,0
0.0651171,0.154201,0.165786,0
0.0507185,0.00968571,0.197337,0
0.0429364,0.16678,0.224717,0
0.0761323,0.115777,0.122337,0
0.098092,0.224402,0.197234,0
0.0679676,0.0330413,0.155393,0
0.0907126,0.224288,0.210028,0
0.0748696,0.189732,0.139145,0
0.0579918,0.0374474,0.147697,0
0.0154375,0.00672882,0.177006,0
0.0317183,0.220863,0.152546,0
0.0466669,0.0482992,0.224544,0
0.0880477,0.0793913,0.204678,0
0.0221618,0.100285,0.206471,0
0.00370433,0.153556,0.173581,0
0.0720754,0.214308,0.159399,0
0.0282871,0.136249,0.203161,0
0.0977437,0.127979,0.137892,0
0.0302658,0.0661639,0.179129,0
0.0869746,0.117152,0.151493,0
0.0371337,0.220949,0.150456,0
0.0246656,0.0227072,0.135033,0
0.0395996,0.206251,0.133243,0
0.0209573,0.0675049,0.224116,0
0.011568,0.0526903,0.1335,0
0.0496129,0.0852899,0.140176,0
0.0902031,0.0797224,0.217837,0
0.12402,0.123876,0.167724,0
0.100767,0.121107,0.150089,0
0.0594886,0.111428,0.118643,0
0.110917,0.173794,0.211037,0
0.0490132,0.0454956,0.198887,0
0.0619606,0.0634665,0.194055,0
0.0989271,0.059439,0.186392,0
0.0179567,0.210379,0.181906,0
0.118467,0.199007,0.161561,0
0.108901,0.11191,0.135502,0
0.0704619,0.137912,0.168664,0
0.00731382,0.115103,0.112084,0
0.121148,0.0861531,0.147899,0
0.122363,0.170137,0.19174,0
0.0843999,0.161119,0.17879,0
0.0362816,0.0173488,0.116223,0
0.0190511,0.00059382,0.213193,0
0.0388122,0.00796016,0.187272,0
0.0204845,0.146227,0.139411,0
0.0641231,0.0738131,0.181408,0
0.08582,0.15239,0.150122,0
0.126251,0.00828248,0.18887,0
0.103866,0.0187972,0.17587,0
0.0472732,0.156813,0.207152,0
0.099733,0.182833,0.17228,0
0.0187648,0.155994,0.152836,0
0.067056,0.0921977,0.197652,0
0.0145941,0.0845208,0.159496,0
0.108324,0.111488,0.15294,0
0.11505,0.0576757,0.180364,0
0.124686,0.163194,0.224638,0
0.0072062,0.0101732,0.191953,0
0.0815269,0.222361,0.123975,0
0.021343,0.0428502,0.150709,0
0.0427441,0.103438,0.221991,0
0.0394667,0.172662,0.168121,0
0.0670013,0.0452412,0.1327,0
0.0869993,0.195708,0.203116,0
0.111842,0.108532,0.212584,0
0.070388,0.0798652,0.157453,0
0.0821105,0.211993,0.123075,0
0.0220644,0.0786774,0.105077,0
0.0597792,0.128279,0.163039,0
0.0785292,0.0970479,0.206527,0
0.0462622,0.0229804,0.19219,0
0.0782712,0.102834,0.163023,0
0.0209835,0.0729299,0.150835,0
0.0767657,0.0529942,0.118547,0
0.0780216,0.0484079,0.216515,0
0.0473083,0.0439219,0.171232,0
0.0546415,0.0532741,0.115599,0
0.0768131,0.0647069,0.106886,0
0.0569988,0.0634158,0.142965,0
0.00271412,0.0424505,0.147603,0
0.0319717,0.204101,0.214398,0
0.123424,0.057294,0.187467,0
0.0940983,0.0530061,0.109605,0
0.0183757,0.152445,0.111061,0
0.00283831,0.156124,0.168683,0
0.0664814,0.0158998,0.121301,0
0.118907,0.119905,0.156881,0
0.0262441,0.115765,0.176345,0
0.0626053,0.00264294,0.186528,0
0.0145076,0.112804,0.212304,0
0.120493,0.215605,0.107241,0
0.054917,0.183657,0.197123,0
0.0221548,0.110001,0.18405,0
0.0951384,8.55708e-05,0.166963,0
0.120064,0.173868,0.132655,0
0.0147059,0.0297761,0.216732,0
0.0481748,0.11329,0.166913,0
0.00166533,0.0787396,0.118546,0
0.120209,0.0166331,0.140338,0
0.119763,0.0923942,0.186934,0
0.0234015,0.195455,0.21582,0
0.0454713,0.199752,0.208031,0
0.0759381,0.136897,0.123567,0
0.0112055,0.201323,0.165382,0
0.069398,0.106858,0.210708,0
0.017357,0.109331,0.198006,0
0.101804,0.0920889,0.142859,0
0.090283,0.151358,0.114082,0
0.123515,0.159047,0.123044,0
0.125529,0.127834,0.191013,0
0.108155,0.105052,0.200713,0
0.0804539,0.198024,0.108504,0
0.0204498,0.0868863,0.190394,0
0.103123,0.171632,0.111143,0
0.0243455,0.20491,0.105729,0
0.0457756,0.22318,0.120296,0
0.10763,0.185933,0.102937,0
0.121957,0.083639,0.107636,0
0.0958538,0.0975739,0.179699,0
0.122954,0.110859,0.149149,0
0.00187081,0.0998408,0.107401,0
0.126272,0.122952,0.216207,0
0.195393,0.0723139,0.0159995,1
0.182508,0.0140688,0.0529743,1
0.182948,0.0535902,0.0338697,1
0.180519,0.0545969,0.0285914,1
0.149039,0.182545,0.0479844,1
0.173238,0.0504046,0.033089,1
0.22389,0.155162,0.0298174,1
0.160683,0.0577917,0.0695868,1
0.17826,0.0533845,0.0283269,1
0.140089,0.171741,0.00187362,1
0.183178,0.0564956,0.0313982,1
0.180657,0.0440898,0.0705717,1
0.163814,0.148459,0.0239546,1
0.151534,0.13874,0.0614596,1
0.17877,0.056424,0.0317769,1
0.160339,0.0984078,0.0939558,1
0.173178,0.185205,0.0642205,1
0.212264,0.0884709,0.066112,1
0.181116,0.0537267,0.032166,1
0.178952,0.0516753,0.0267729,1
0.174783,0.0536123,0.0336345,1
0.17114,0.200657,0.00568666,1
0.216741,0.172458,0.00288999,1
0.18686,0.217919,0.0029555,1
0.16281,0.117507,0.0342672,1
0.216099,0.153555,0.0565858,1
0.178495,0.053828,0.0309526,1
0.187906,0.0249221,0.0130651,1
0.145571,0.122888,0.0872887,1
0.20243,0.0352437,0.0786742,1
0.20804,0.14395,0.00741052,1
0.14891,0.0288739,0.0806166,1
0.205733,0.194259,0.0841434,1
0.163095,0.0860459,0.0120358,1
0.152001,0.172087,0.00415462,1
0.176265,0.0556964,0.0265827,1
0.212961,0.0893931,0.0865116,1
0.169046,0.0188054,0.0700606,1
0.210545,0.0960295,0.0275411,1
0.222164,0.108438,0.065422,1
0.176015,0.0477769,0.0308315,1
0.152639,0.186256,0.00975045,1
0.147997,0.0113027,0.0327991,1
0.169707,0.0861554,0.0299721,1
0.201983,0.0353852,0.0728777,1
0.176205,0.0532163,0.0337979,1
0.168553,0.0180789,0.0975002,1
0.175367,0.0522495,0.0379673,1
0.1768,0.0571167,0.0336306,1
0.195031,0.206746,0.00894185,1
0.191124,0.220931,0.0872507,1
0.19619,0.104819,0.032262,1
0.15085,0.0454884,0.0592908,1
0.186784,0.141915,0.0640659,1
0.151369,0.189356,0.0300328,1
0.183222,0.0559233,0.0304607,1
0.164517,0.131836,0.0894944,1
0.176094,0.0500697,0.0303471,1
0.202518,0.0365566,0.00990295,1
0.168165,0.128797,0.0323199,1
0.137043,0.213555,0.0243812,1
0.170622,0.203423,0.0866933,1
0.183017,0.0541995,0.0281159,1
0.180436,0.0537172,0.0304817,1
0.199646,0.136675,0.0589339,1
0.18347,0.0499679,0.0305051,1
0.19438,0.146699,0.0394244,1
0.160817,0.162244,0.00542688,1
0.198313,0.130692,0.0703629,1
0.158644,0.0345229,0.0056517,1
0.176804,0.0531461,0.0306409,1
0.156698,0.0848302,0.0151136,1
0.181677,0.0532998,0.0271299,1
0.152069,0.187851,0.0129353,1
0.186429,0.182178,0.0888215,1
0.171982,0.174161,0.0486093,1
0.176788,0.051312,0.0343475,1
0.212628,0.0233633,0.0729028,1
0.16883,0.20549,0.0653333,1
0.163059,0.125702,0.0970434,1
0.180891,0.0131475,0.0241329,1
0.147585,0.0105984,0.00125251,1
0.17891,0.0561061,0.0311721,1
0.154904,0.213347,0.0838183,1
0.193835,0.179248,0.0782637,1
0.181892,0.0463176,0.0322059,1
0.182129,0.055994,0.0301516,1
0.162079,0.0139903,0.00552675,1
0.176765,0.0534589,0.0283029,1
0.172709,0.155891,0.0250679,1
0.170563,0.0481312,0.0881097,1
0.16878,0.107505,0.0142299,1
0.175289,0.0501151,0.0369038,1
0.196941,0.129733,0.0550865,1
0.184216,0.0835871,0.029004,1
0.180797,0.0526065,0.0264613,1
0.206706,0.0375411,0.0957338,1
0.180932,0.0488298,0.0276548,1
0.169685,0.0865352,0.0937176,1
0.21971,0.0484266,0.0975521,1
0.17654,0.0586982,0.0344943,1
0.192804,0.0222292,0.0991474,1
0.178357,0.0532567,0.0335221,1
0.177882,0.0529793,0.034172,1
0.179874,0.0525277,0.0265646,1
0.170403,0.0321199,0.0915337,1
0.177225,0.0489134,0.0316856,1
0.183631,0.0523486,0.034861,1
0.180856,0.0497087,0.0305099,1
0.17949,0.0546928,0.0327779,1
0.205539,0.0346942,0.0558466,1
0.178179,0.0499206,0.0296114,1
0.17631,0.0565549,0.0320862,1
0.158295,0.0864452,0.0496492,1
0.196756,0.0535147,0.0886605,1
0.182303,0.0515974,0.0301844,1
0.170069,0.0532804,0.0243688,1
0.158086,0.0588963,0.0857122,1
0.170038,0.0937699,0.077345,1
0.200582,0.0938031,0.0349411,1
0.171206,0.0570956,0.0857699,1
0.21426,0.0912127,0.0278609,1
0.133693,0.0780107,0.0153327,2
0.0548158,0.201888,0.00770217,2
0.0438272,0.187251,0.0544983,2
0.112847,0.195072,0.0101123,2
0.0718429,0.164105,0.0362241,2
0.00227576,0.101045,0.0470526,2
0.123413,0.0194349,0.0592644,2
0.0582453,0.0841161,0.0781632,2
0.0704977,0.210929,0.0539102,2
0.0635393,0.115867,0.056224,2
0.0630012,0.0881494,0.0519324,2
0.112228,0.18944,0.00670674,2
0.00694359,0.0282176,0.0867529,2
0.04602,0.205131,0.0676732,2
0.0707308,0.20675,0.0516638,2
0.0774959,0.178142,0.0992182,2
0.120681,0.188509,0.0747933,2
0.0504956,0.132222,0.0555114,2
0.0672478,0.0695061,0.025129,2
0.0720853,0.128864,0.0602934,2
0.0948984,0.0778165,0.0215354,2
0.0119398,0.182015,0.0624471,2
0.136656,0.0773726,0.0776662,2
0.134836,0.11826,0.0849847,2
0.0884802,0.0137152,0.0792896,2
0.0387404,0.0561306,0.0443122,2
0.101027,0.155672,0.0328736,2
0.135062,0.194836,0.0388477,2
0.0535091,0.0887659,0.00466219,2
0.0808058,0.089214,0.0132969,2
0.0129568,0.0536869,0.00965439,2
0.0345782,0.0797768,0.080921,2
0.111769,0.166387,0.00825442,2
0.122578,0.145267,0.0332941,2
0.110174,0.0301513,0.0338112,2
0.0468349,0.120119,0.0562563,2
0.0580404,0.0567524,0.0651826,2
0.021767,0.162569,0.00676809,2
0.0580558,0.143404,0.0702203,2
0.0370236,0.172567,0.0796592,2
0.115191,0.150586,0.032405,2
0.121734,0.221526,0.0808772,2
0.0695551,0.184491,0.0102668,2
0.00133436,0.177965,0.060508,2
0.0802219,0.0611307,0.0846891,2
0.00321787,0.138877,0.0911922,2
0.133685,0.13745,0.0237528,2
0.0600276,0.161843,0.0538422,2
0.0372084,0.0574907,0.045068,2
0.0697385,0.138878,0.0574296,2
0.026926,0.111076,0.00760673,2
0.0436738,0.117042,0.0035801,2
0.0894143,0.12027,0.0235112,2
0.116159,0.0546583,0.061782,2
0.118008,0.120829,0.0969187,2
0.129425,0.0146243,0.0596616,2
0.0715724,0.0326548,0.0516062,2
0.0308225,0.121643,0.0180629,2
0.128242,0.0883849,0.00877823,2
0.10016,0.1718,0.0265168,2
0.123175,0.0461888,2.0273e-05,2
0.0869414,0.123737,0.0801061,2
0.0868093,0.1608,0.00192719,2
0.047451,0.135304,0.0276134,2
0.0369911,0.0429892,0.0539714,2
0.0954479,0.143288,0.0161259,2
0.127053,0.149484,0.00963672,2
0.017536,0.139182,0.0307447,2
0.134123,0.0110185,0.0745923,2
0.125303,0.162291,0.0201194,2
0.0143926,0.159143,0.0597736,2
0.10316,0.0640952,0.0190924,2
0.100193,0.101992,0.0186171,2
0.00201362,0.0517244,0.0610653,2
0.0900238,0.0808647,0.0744813,2
0.0859803,0.0129375,0.0662566,2
0.118782,0.00951882,0.0856982,2
0.0190907,0.17488,0.0286907,2
0.0534553,0.127021,0.0805507,2
0.0371019,0.105504,0.010925,2
0.0814384,0.0422236,0.0609993,2
0.0804563,0.0165028,0.0754708,2
0.0936995,0.0171271,0.0343144,2
0.0856636,0.125344,0.0219323,2
0.0157879,0.203297,0.0287341,2
0.0101645,0.0989659,0.0688991,2
0.112113,0.0719689,0.0388287,2
0.12575,0.0510308,0.0241754,2
0.106984,0.217112,0.0647854,2
0.12529,0.00438157,0.0830323,2
0.0603277,0.204116,0.0374191,2
0.0137002,0.0707546,0.00919234,2
0.0686192,0.132521,0.0809321,2
0.133023,0.128806,0.0209612,2
0.0995565,0.013542,0.0158393,2
0.1142,0.220001,0.0986142,2
0.00516362,0.135147,0.0686868,2
0.0676025,0.102034,0.0651011,2
0.0449753,0.203262,0.0716725,2
0.0703767,0.188428,0.0429985,2
0.0929919,0.198231,0.0820532,2
0.0706827,0.150228,0.0887296,2
0.0266614,0.0912049,0.0144845,2
0.0263131,0.0817591,0.0205138,2
0.0770239,0.0109697,0.00556517,2
0.127469,0.103128,0.0485842,2
0.0958429,0.0365259,0.0205915,2
0.0127154,0.0159346,0.0100085,2
0.0759354,0.198918,0.0178576,2
0.0890178,0.0740102,0.0449206,2
0.0199831,0.206029,0.0171714,2
0.108192,0.0840839,0.0802173,2
0.0620267,0.094843,0.0552946,2
0.0640364,0.0221566,0.0784865,2
0.103337,0.0640488,0.00925034,2
0.0781986,0.0598058,0.0901825,2
0.0987031,0.198055,0.00365959,2
0.0596233,0.165781,0.0599589,2
0.0976973,0.113654,0.0195388,2
0.0442349,0.174485,0.0211312,2
0.0714064,0.0105598,0.0945485,2
0.127915,0.0842149,0.0912706,2
0.11685,0.0424033,0.0839112,2
0.0220656,0.03469,0.0963416,2
0.135818,0.115728,0.02338,2
0.128853,0.0383367,0.100093,2
0.0897309,0.133123,0.100539,2
0.1906,0.213197,0.171846,3
0.189131,0.148836,0.102712,3
0.164756,0.149686,0.108471,3
0.141398,0.0968507,0.188897,3
0.176738,0.217291,0.101726,3
0.148411,0.0109458,0.104002,3
0.127067,0.186888,0.181988,3
0.145121,0.0950603,0.136338,3
0.190573,0.0947337,0.169261,3
0.204517,0.0910777,0.205024,3
0.154066,0.153958,0.17466,3
0.182683,0.0427226,0.194907,3
0.147411,0.0636048,0.112773,3
0.138537,0.116885,0.204831,3
0.222395,0.0674512,0.168768,3
0.142054,0.0394903,0.176347,3
0.166528,0.154168,0.166953,3
0.201639,0.114156,0.119272,3
0.1645,0.132552,0.144878,3
0.196973,0.216029,0.169727,3
0.128568,0.12429,0.21522,3
0.217253,0.051823,0.150343,3
0.133897,0.0771492,0.208939,3
0.188307,0.145025,0.129785,3
0.223825,0.0895714,0.146615,3
0.184304,0.0268122,0.163484,3
0.215441,0.186441,0.171571,3
0.164228,0.0325419,0.151236,3
0.177474,0.0560884,0.129667,3
0.177929,0.209469,0.120264,3
0.191198,0.0248297,0.142642,3
0.132837,0.0119424,0.166176,3
0.161878,0.0229649,0.224285,3
0.214431,0.118976,0.210642,3
0.167098,0.0775302,0.181144,3
0.21414,0.113312,0.196721,3
0.164687,0.126654,0.175392,3
0.143662,0.200051,0.168675,3
0.152878,0.0855603,0.125856,3
0.202002,0.0336878,0.186222,3
0.182238,0.0169236,0.177397,3
0.1498,0.0112408,0.191061,3
0.168701,0.199004,0.128389,3
0.194842,0.189638,0.211086,3
0.154546,0.217086,0.198259,3
0.203207,0.0140538,0.199059,3
0.152198,0.0818241,0.193263,3
0.14868,0.07454,0.203446,3
0.155356,0.0891502,0.220476,3
0.167666,0.0366645,0.150563,3
0.218938,0.0156659,0.18754,3
0.157706,0.118557,0.163892,3
0.140452,0.0356721,0.220083,3
0.204347,0.0280088,0.131188,3
0.173545,0.189428,0.146987,3
0.214104,0.0600132,0.220913,3
0.219412,0.0589534,0.190837,3
0.213951,0.160748,0.169694,3
0.192732,0.20002,0.107551,3
0.21122,0.100276,0.180904,3
0.128087,0.109975,0.207936,3
0.199739,0.206448,0.166908,3
0.161547,0.116348,0.205324,3
0.207155,0.193927,0.165114,3
0.2217,0.205841,0.18226,3
0.219916,0.189963,0.134504,3
0.171025,0.123948,0.10737,3
0.185148,0.214175,0.168069,3
0.171399,0.0554824,0.195807,3
0.221657,0.150017,0.120378,3
0.151108,0.0533391,0.203241,3
0.188646,0.0796817,0.137798,3
0.181702,0.0562862,0.124824,3
0.214769,0.182981,0.157012,3
0.145365,0.206341,0.171258,3
0.167564,0.189352,0.169262,3
0.173487,0.0932041,0.142849,3
0.138599,0.190318,0.205768,3
0.136268,0.17207,0.214241,3
0.199417,0.0956036,0.198695,3
0.190229,0.182719,0.1168,3
0.162181,0.0471362,0.223573,3
0.172266,0.144812,0.140827,3
0.143924,0.16169,0.19577,3
0.179765,0.00173489,0.201561,3
0.1279,0.0610009,0.175615,3
0.203292,0.0933902,0.120615,3
0.154621,0.0240751,0.130837,3
0.208675,0.190071,0.215862,3
0.182368,0.220028,0.135426,3
0.147454,0.135244,0.146655,3
0.130535,0.152101,0.119232,3
0.205327,0.120679,0.163971,3
0.1292,0.0566575,0.157159,3
0.150926,0.20936,0.223445,3
0.182953,0.0500796,0.172257,3
0.191726,0.0987901,0.213388,3
0.200165,0.179534,0.195796,3
0.224356,0.0719247,0.218153,3
0.15703,0.163967,0.183378,3
0.191475,0.106988,0.187204,3
0.14597,0.19526,0.160896,3
0.138787,0.177659,0.20634,3
0.181304,0.118495,0.1285,3
0.150003,0.221827,0.138915,3
0.129534,0.0330585,0.21417,3
0.12856,0.127684,0.204398,3
0.156139,0.151112,0.224021,3
0.222991,0.0881499,0.191005,3
0.194535,0.134457,0.161181,3
0.198079,0.108702,0.139676,3
0.210397,0.186793,0.162183,3
0.210167,0.000891174,0.157874,3
0.16919,0.198599,0.136555,3
0.195919,0.134858,0.119432,3
0.163454,0.120169,0.1787,3
0.19134,0.184352,0.216728,3
0.188727,0.196054,0.184548,3
0.22269,0.165374,0.188142,3
0.133383,0.143463,0.130358,3
0.1484,0.11234,0.219223,3
0.165045,0.201023,0.158792,3
0.127821,0.117613,0.10737,3
