x coord,y coord,z coord,rank
0.0419271,0.174757,0.132289,0
0.0835812,0.210326,0.106958,0
0.0959503,0.155728,0.072807,0
0.0276241,0.208364,0.200287,0
0.0835528,0.196566,0.0636135,0
0.0988986,0.169986,0.0225435,0
0.0540821,0.222749,0.146486,0
0.0620935,0.191321,0.208279,0
0.0686736,0.211533,0.013481,0
0.10188,0.153926,0.210668,0
0.0456885,0.221761,0.00447961,0
0.0461157,0.113569,0.0643467,0
0.0344236,0.193047,0.143718,0
0.101422,0.0993898,0.215149,0
0.107877,0.205425,0.0477775,0
0.0918915,0.140293,0.0128437,0
0.0137362,0.181308,0.0682934,0
0.0562411,0.204437,0.0622218,0
0.0381489,0.116177,0.17928,0
0.0156432,0.183679,0.0871296,0
0.0480366,0.114176,0.0977923,0
0.0193988,0.186425,0.185798,0
0.0229029,0.116681,0.195261,0
0.0426922,0.135463,0.0990918,0
0.0369003,0.155826,0.0552948,0
0.0507184,0.222778,0.0941045,0
0.0946137,0.223102,0.0532567,0
0.0406494,0.128984,0.0436806,0
0.0538215,0.135405,0.163558,0
0.00332774,0.167176,0.0597802,0
0.0495983,0.133328,0.0376926,0
0.0607436,0.217931,0.207866,0
0.0624452,0.17281,0.180711,0
0.0784398,0.195532,0.0690068,0
0.0323895,0.216867,0.0514856,0
0.102254,0.206588,0.147753,0
0.0116647,0.207581,0.222041,0
0.0104176,0.1628,0.0444807,0
0.0174578,0.135121,0.146652,0
0.045357,0.196646,0.0781742,0
0.108982,0.11694,0.149282,0
0.0317547,0.172472,0.0163582,0
0.0774761,0.100337,0.0666955,0
0.0195516,0.10821,0.0929189,0
0.0737782,0.167824,0.153169,0
0.0956603,0.198413,0.223513,0
0.0969533,0.155548,0.0730597,0
0.103167,0.21312,0.195173,0
0.0259645,0.214412,0.0200786,0
0.0225683,0.140952,0.0945365,0
0.0991242,0.127176,0.199456,0
0.0379127,0.174423,0.00242976,0
0.106872,0.147494,0.0129444,0
0.108117,0.180967,0.114247,0
0.0808372,0.161804,0.137655,0
0.0398022,0.176646,0.00343141,0
0.0911366,0.18907,0.166883,0
0.0862398,0.144708,0.0684511,0
0.0701682,0.139178,0.18181,0
0.0301279,0.217181,0.218363,0
0.0613492,0.138815,0.209826,0
0.028778,0.175154,0.151355,0
0.0540145,0.18938,0.18523,0
0.0648209,0.130111,0.0831857,0
0.0567803,0.15718,0.217779,0
0.0452184,0.22465,0.204275,0
0.0514776,0.14774,0.178609,0
0.0500863,0.106163,0.219486,0
0.027883,0.131435,0.150284,0
0.0330991,0.185973,0.0587008,0
0.0486204,0.146166,0.0438019,0
0.0350926,0.170866,0.0118608,0
0.0863892,0.158659,0.198336,0
0.00713806,0.1146,0.100166,0
0.0313421,0.16628,0.117458,0
0.0207793,0.186251,0.142553,0
0.0283323,0.17814,0.184357,0
0.0917755,0.171608,0.21068,0
0.0122962,0.123026,0.0715427,0
0.0602865,0.133266,0.0815894,0
0.0667763,0.217623,0.164055,0
0.0829865,0.131232,0.0409122,0
0.0773855,0.192103,0.170306,0
0.107839,0.21656,0.014203,0
0.0268153,0.131002,0.102577,0
0.0259765,0.117093,0.071968,0
0.07787,0.126112,0.224628,0
0.0664928,0.17954,0.0355074,0
0.0939455,0.188828,0.123569,0
0.0439861,0.158676,0.00855872,0
0.111272,0.152736,0.00958684,0
0.0747603,0.182355,0.0673798,0
0.0527677,0.179401,0.0581092,0
0.100849,0.178235,0.0379148,0
0.0248966,0.171787,0.0691695,0
0.0508126,0.172898,0.119459,0
0.0966386,0.0993695,0.207531,0
0.0185841,0.139156,0.156233,0
0.101381,0.161423,0.0878604,0
0.0885096,0.135509,0.163815,0
0.00978239,0.127572,0.164031,0
0.101441,0.161608,0.214217,0
0.0738086,0.154156,0.191915,0
0.0342774,0.116432,0.213373,0
0.0156625,0.137959,0.0355048,0
0.0827309,0.223811,0.0738201,0
0.0369637,0.126841,0.0159105,0
0.0200699,0.123969,0.205615,0
0.0187416,0.123063,0.104221,0
0.0830342,0.1889,0.104451,0
0.0639841,0.163161,0.113375,0
0.0892613,0.117896,0.0870954,0
0.0168666,0.124544,0.0428219,0
0.0223319,0.216814,0.144124,0
0.108188,0.211088,0.131128,0
0.0452543,0.147346,0.00326606,0
0.00480234,0.118496,0.150147,0
0.00658105,0.185566,0.0851517,0
0.0862082,0.213831,0.0390896,0
0.101865,0.124128,0.0961672,0
0.0724461,0.105588,0.0867825,0
0.111231,0.10654,0.155865,0
0.107542,0.189088,0.197557,0
0.111272,0.141218,0.112387,0
0.110742,0.159455,0.00764515,0
0.110479,0.165875,0.0522,0
0.112369,0.114449,0.0744003,0
0.112573,0.191193,0.133648,0
0.130679,0.0289769,0.0778659,1
0.0974628,0.0225921,0.119309,1
0.0272091,0.0777319,0.19077,1
0.103541,0.0579038,0.223537,1
0.107116,0.0610236,0.137063,1
0.123281,0.0962977,0.0844664,1
0.119253,0.0740144,0.0273436,1
0.0265945,0.00132224,0.206594,1
0.0868662,0.0823607,0.185237,1
0.135763,0.0107893,0.152968,1
0.0191154,0.0773104,0.0698414,1
0.016631,0.0931518,0.154754,1
0.0458481,0.0815221,0.200834,1
0.123755,0.000900302,0.0592096,1
0.119792,0.0552361,0.0557515,1
0.0805153,0.0903322,0.111402,1
0.0897564,0.0668824,0.129218,1
0.102433,0.0254483,0.149949,1
0.103781,0.00449849,0.212854,1
0.0400925,0.0851615,0.0348057,1
0.0480911,0.0451941,0.139524,1
0.128272,0.0127485,0.136642,1
0.00345891,0.0254076,0.181127,1
0.0290258,0.0506265,0.20758,1
0.0862624,0.0707438,0.211226,1
0.112807,0.0352589,0.0575565,1
0.0774742,0.0252517,0.16382,1
0.109113,0.0671813,0.0441923,1
0.107061,0.0441627,0.0940315,1
0.0804756,0.00158836,0.0518857,1
0.0384565,0.00147989,0.20198,1
0.00127474,0.0818343,0.0924246,1
0.0686789,0.0401541,0.215507,1
0.0864358,0.020863,0.188022,1
0.012083,0.0593137,0.124071,1
0.0322146,0.0430832,0.0226929,1
0.121167,0.0356979,0.107808,1
0.121115,0.0717368,0.0332602,1
0.0933547,0.0122485,0.207799,1
0.100067,0.0267719,0.161869,1
0.0175481,0.00875215,0.105683,1
0.0273747,0.0635853,0.207015,1
0.128108,0.0477329,0.200745,1
0.108537,0.0277334,0.00559235,1
0.0577453,0.0211962,0.214963,1
0.0369096,0.0717537,0.154154,1
0.0846236,0.000829872,0.0485974,1
0.0699094,0.0201566,0.110318,1
0.0314875,0.0620554,0.216124,1
0.0123477,0.00374902,0.140796,1
0.0434582,0.0152084,0.0730076,1
0.0667685,0.0485537,0.096033,1
0.0437345,0.041863,0.176595,1
0.128614,0.0584128,0.101207,1
0.0593216,0.00459842,0.215088,1
0.0969692,0.0454528,0.0798352,1
0.125708,0.0977872,0.194654,1
0.0069559,0.0670744,0.22281,1
0.113305,0.027844,0.0748308,1
0.0880123,0.0558901,0.108854,1
0.0710938,0.0700022,0.101114,1
0.00937376,0.0348527,0.120466,1
0.0755768,0.00445908,0.0966656,1
0.0832861,0.0770881,0.137034,1
0.0364533,0.0825019,0.0149141,1
0.017973,0.0521282,0.0815043,1
0.0402063,0.0949109,0.0173891,1
0.112011,0.0701289,0.216525,1
0.0815281,0.0875266,0.0139542,1
0.0190533,0.0936039,0.0618602,1
0.11424,0.0973835,0.0909347,1
0.0755609,0.00838343,0.0187589,1
0.0971869,0.0383856,0.0189409,1
0.0750089,0.0238776,0.0816421,1
0.115162,0.0983099,0.168145,1
0.119,0.0518211,0.130274,1
0.0670379,0.0479338,0.151116,1
0.0481981,0.0373011,0.00792135,1
0.0617549,0.0117121,0.213196,1
0.103492,0.082655,0.127939,1
0.12209,0.00179741,0.192817,1
0.0264214,0.065219,0.0220877,1
0.0958432,0.0268851,0.197722,1
0.119986,0.0712487,0.213152,1
0.00833553,0.0396583,0.0392396,1
0.0453545,0.0744751,0.182533,1
0.0583002,0.0948404,0.100737,1
0.0900307,0.04014,0.0802242,1
0.0785879,0.0923328,0.0125881,1
0.0637251,0.0814076,0.200176,1
0.0884592,0.093147,0.132597,1
0.0231702,0.0576533,0.0874547,1
0.0272287,0.0537653,0.0533162,1
0.0216336,0.0614143,0.158744,1
0.015175,0.0249465,0.167503,1
0.0375848,0.00234483,0.0818418,1
0.0722554,0.00602516,0.0829182,1
0.0867764,0.0775414,0.214069,1
0.118876,0.0900154,0.0339425,1
0.0682404,0.0512776,0.0745893,1
0.0433507,0.0887576,0.222504,1
0.0138763,0.026261,0.218539,1
0.0233176,0.0951771,0.186298,1
0.0492916,0.0731958,0.0217029,1
0.0279661,0.0521166,0.032474,1
0.0403418,0.00764174,0.0758181,1
0.013584,0.0345727,0.0736891,1
0.0352773,0.0872927,0.025672,1
0.110188,0.00735229,0.104051,1
0.0347429,0.0106014,0.198935,1
0.074164,0.0189693,0.0283678,1
0.0775291,0.0372969,0.0555323,1
0.109749,0.0666456,0.214246,1
0.0761157,0.073442,0.024214,1
0.101689,0.0667329,0.152302,1
0.0571695,0.0529076,0.0724366,1
0.0858367,0.0876552,0.213693,1
0.0445428,0.022238,0.204853,1
0.108526,0.0621017,0.150322,1
0.107992,0.00651829,0.1159,1
0.00605613,0.066394,0.22077,1
0.0460549,0.0700543,0.157573,1
0.11588,0.157243,0.154715,2
0.220513,0.157083,0.0510111,2
0.142302,0.212543,0.0359021,2
0.202051,0.181174,0.0704493,2
0.201649,0.214366,0.00885952,2
0.138759,0.172866,0.0473057,2
0.224898,0.198535,0.0405086,2
0.154639,0.209081,0.135537,2
0.148832,0.101161,0.0900252,2
0.123278,0.125979,0.0961058,2
0.159669,0.139264,0.156617,2
0.165063,0.200298,0.0188836,2
0.218481,0.18965,0.0805804,2
0.18743,0.16764,0.139373,2
0.197682,0.220622,0.110185,2
0.117399,0.217736,0.195047,2
0.187753,0.106862,0.137418,2
0.133727,0.217924,0.125042,2
0.149583,0.113225,0.0610999,2
0.197917,0.142099,0.196638,2
0.1671,0.165497,0.0993051,2
0.153203,0.108321,0.0976275,2
0.150214,0.127054,0.0334948,2
0.165343,0.156042,0.0358163,2
0.214622,0.142874,0.0331634,2
0.126762,0.195263,0.0501989,2
0.209024,0.195473,0.207381,2
0.154128,0.117508,0.155355,2
0.18049,0.102058,0.0772486,2
0.118127,0.11239,0.0729505,2
0.152495,0.101744,0.14852,2
0.167167,0.131864,0.00644995,2
0.162459,0.150541,0.0429971,2
0.13953,0.189509,0.00986409,2
0.126731,0.176234,0.024385,2
0.177689,0.174033,0.15925,2
0.215437,0.142967,0.219423,2
0.189336,0.222285,0.00365568,2
0.181599,0.137157,0.199587,2
0.177467,0.165891,0.141048,2
0.183197,0.216226,0.0453957,2
0.17221,0.216527,0.0935908,2
0.167171,0.201892,0.189948,2
0.202382,0.18789,0.0135379,2
0.159653,0.172169,0.0166318,2
0.183132,0.148068,0.109222,2
0.119508,0.205596,0.198178,2
0.160322,0.176672,0.169399,2
0.17263,0.211099,0.0951532,2
0.206654,0.195494,0.202658,2
0.183395,0.155775,0.0537601,2
0.137415,0.193818,0.126413,2
0.11815,0.142986,0.180142,2
0.216951,0.197922,0.0490447,2
0.138109,0.215122,0.173667,2
0.190061,0.215265,0.0499695,2
0.144017,0.208571,0.0363401,2
0.174827,0.197131,0.217462,2
0.188784,0.184151,0.118328,2
0.143336,0.109608,0.191279,2
0.147644,0.13548,0.114436,2
0.184542,0.121742,0.0678964,2
0.196834,0.199014,0.0707824,2
0.22167,0.212468,0.192399,2
0.159755,0.107611,0.0819181,2
0.214798,0.119029,0.133704,2
0.193047,0.125513,0.102474,2
0.162218,0.106313,0.0477771,2
0.140704,0.126499,0.114674,2
0.139378,0.121909,0.190659,2
0.125285,0.10358,0.0446066,2
0.15699,0.17499,0.0733735,2
0.179363,0.168387,0.0691937,2
0.213301,0.222225,0.094234,2
0.190407,0.205389,0.148787,2
0.201109,0.100679,0.0387908,2
0.132833,0.195386,0.112893,2
0.136775,0.191312,0.184212,2
0.120734,0.185134,0.0786022,2
0.150335,0.206996,0.105031,2
0.172887,0.194,0.115866,2
0.117771,0.153206,0.113348,2
0.173477,0.178348,0.186467,2
0.154062,0.108419,0.109425,2
0.119783,0.148405,0.170126,2
0.162585,0.193363,0.219386,2
0.210531,0.109403,0.0857215,2
0.145788,0.166833,0.0987118,2
0.131932,0.185929,0.102541,2
0.149247,0.153907,0.160644,2
0.120759,0.139859,0.0476759,2
0.119462,0.224362,0.143375,2
0.176586,0.157603,0.147705,2
0.133669,0.130642,0.103989,2
0.174731,0.108055,0.0450568,2
0.123719,0.137239,0.207587,2
0.223955,0.191636,0.214458,2
0.176099,0.109613,0.199489,2
0.126471,0.213274,0.0970981,2
0.124331,0.210013,0.0504742,2
0.18737,0.125143,0.200103,2
0.129991,0.214291,0.208171,2
0.11535,0.158543,0.183693,2
0.156771,0.105265,0.173019,2
0.145925,0.117433,0.220144,2
0.202731,0.172558,0.180009,2
0.114125,0.208553,0.0198301,2
0.166888,0.150814,0.010009,2
0.172741,0.162819,0.093979,2
0.130501,0.152313,0.0814111,2
0.140343,0.123171,0.150602,2
0.133704,0.166992,0.0663095,2
0.171321,0.108414,0.0219594,2
0.200932,0.168985,0.106657,2
0.118116,0.122301,0.167768,2
0.168942,0.15758,0.139563,2
0.205538,0.195407,0.0985753,2
0.115198,0.181488,0.109777,2
0.160903,0.165937,0.130875,2
0.168627,0.168635,0.0932003,2
0.201137,0.113876,0.0472808,2
0.155089,0.120432,0.125746,2
0.182582,0.0245401,0.0225071,3
0.185358,0.00784753,0.0421411,3
0.190305,0.0536243,0.112913,3
0.138012,0.0528481,0.0640516,3
0.217065,0.0651975,0.180633,3
0.184661,0.0115399,0.053249,3
0.182093,0.0102437,0.0413142,3
0.182812,0.00916068,0.0486941,3
0.180287,0.0124521,0.044255,3
0.184915,0.00997555,0.0462167,3
0.182736,0.0180271,0.0426971,3
0.183578,0.0076468,0.0474884,3
0.178102,0.0125884,0.0432744,3
0.164903,0.0928197,0.00736345,3
0.181296,0.0166091,0.0398064,3
0.19138,0.0892273,0.145955,3
0.203057,0.0877367,0.136951,3
0.224136,0.00989951,0.0219619,3
0.177114,0.0103773,0.0419521,3
0.222015,0.0932349,0.0824291,3
0.181863,0.0118129,0.0483074,3
0.184704,0.0117843,0.0409881,3
0.221718,0.0595887,0.00995184,3
0.181539,0.010999,0.0423792,3
0.174468,0.0889907,0.00423059,3
0.181148,0.0126213,0.0455918,3
0.208762,0.0223894,0.125928,3
0.15636,0.0927369,0.156084,3
0.181619,0.0132258,0.0404149,3
0.182358,0.010101,0.0475731,3
0.165928,0.0264323,0.197704,3
0.182936,0.0129157,0.0400182,3
0.172276,0.00509814,0.0628608,3
0.212045,0.0555234,0.224946,3
0.14767,0.0717757,0.131301,3
0.189655,0.0956771,0.0387521,3
0.182568,0.068156,0.187843,3
0.166826,0.0838871,0.0753012,3
0.155223,0.0906722,0.0281392,3
0.183109,0.00951647,0.0475552,3
0.183658,0.0121785,0.0412329,3
0.207866,0.0628223,0.159884,3
0.183758,0.00555546,0.131185,3
0.147126,0.0847437,0.109089,3
0.186092,0.0672886,0.0491804,3
0.186033,0.0129871,0.0485453,3
0.185823,0.0633649,0.107028,3
0.177333,0.0159288,0.0441892,3
0.151564,0.064479,0.196517,3
0.180734,0.00872408,0.0438805,3
0.18538,0.00781195,0.0445435,3
0.15136,0.0294642,0.144673,3
0.193336,0.0927001,0.109913,3
0.148825,0.0853619,0.21225,3
0.177476,0.0397222,0.146173,3
0.153292,0.0565296,0.0472335,3
0.210093,0.0809483,0.217833,3
0.178408,0.0117622,0.0387567,3
0.202911,0.0829644,0.162356,3
0.214653,0.0249423,0.010753,3
0.159445,0.018497,0.0476086,3
0.186352,0.011484,0.0429483,3
0.21974,0.0654818,0.0120177,3
0.222793,0.0304086,0.167426,3
0.138751,0.0872875,0.162088,3
0.181412,0.00773223,0.0440839,3
0.179622,0.00064373,0.195029,3
0.159092,0.0103431,0.0723129,3
0.212305,0.0703434,0.21015,3
0.21858,0.0441719,0.00268482,3
0.223778,0.0608764,0.108086,3
0.151508,0.0626711,0.0383898,3
0.18658,0.00994137,0.0425854,3
0.200185,0.0826709,0.0250402,3
0.178767,0.0163596,0.0444557,3
0.187369,0.0108467,0.0404418,3
0.182137,0.0119786,0.0443779,3
0.18282,0.0024312,0.0471934,3
0.192994,0.0255536,0.128417,3
0.216646,0.0637562,0.200875,3
0.139154,0.0305961,0.168189,3
0.200842,0.0911653,0.204873,3
0.213748,0.022601,0.198508,3
0.194619,0.0732769,0.075476,3
0.141937,0.0625178,0.163747,3
0.189886,0.0372098,0.0692795,3
0.182177,0.0122627,0.0465463,3
0.14228,0.0421875,0.202274,3
0.19749,0.0856403,0.200734,3
0.183379,0.0222813,0.0780621,3
0.167708,0.0158448,0.186326,3
0.186592,0.0133215,0.0424022,3
0.14054,0.0607363,0.141405,3
0.182025,0.0114585,0.0412911,3
0.181398,0.00902666,0.0425127,3
0.179348,0.0120393,0.0472661,3
0.181976,0.0255187,0.0314808,3
0.18085,0.0240241,0.0347668,3
0.142754,0.0465258,0.162609,3
0.154026,0.0934369,0.147,3
0.201005,0.0634904,0.194286,3
0.183814,0.0123192,0.0407821,3
0.182598,0.00831737,0.045003,3
0.184591,0.0826478,0.15974,3
0.154396,0.0777835,0.148828,3
0.185426,0.0530549,0.118246,3
0.18316,0.00930885,0.0452633,3
0.223181,0.0466314,0.190655,3
0.19117,0.000890894,0.117413,3
0.18274,0.00878548,0.0384492,3
0.182677,0.00712676,0.0450655,3
0.19318,0.082714,0.130965,3
0.212913,0.0797416,0.150859,3
0.190419,0.0658049,0.0738731,3
0.183333,0.056972,0.032733,3
0.187549,0.0135397,0.166196,3
0.146256,0.0184999,0.0932792,3
0.147306,0.0833681,0.210741,3
0.138008,0.0600922,0.0868921,3
0.17676,0.012534,0.0945576,3
0.205888,0.0769538,0.0628012,3
0.217053,0.0225105,0.0998195,3
0.19683,0.0449765,0.194906,3
0.199911,0.0506551,0.183652,3
0.222963,0.076967,0.0854103,3
0.138493,0.0546499,0.004187,3
0.211216,0.0968218,0.0905119,3
0.175196,0.0982009,0.0733224,3
