x coord,y coord,z coord,rank
0.0131851,0.200355,0.0186578,0
0.056031,0.206607,0.13883,0
0.0555793,0.117918,0.0904644,0
0.0623256,0.144871,0.122231,0
0.093603,0.135142,0.0616182,0
0.0804314,0.222445,0.106536,0
0.0387188,0.206205,0.128857,0
0.106477,0.163693,0.0549055,0
0.0755253,0.128184,0.0344235,0
0.0899241,0.194352,0.0675617,0
0.0923191,0.204039,0.223889,0
0.0948357,0.174158,0.133041,0
0.0902378,0.177951,0.0409345,0
0.0560451,0.134017,0.219797,0
0.0468057,0.126709,0.140947,0
0.0195371,0.118346,0.0341622,0
0.0874293,0.201377,0.0785095,0
0.0445366,0.11678,0.0809085,0
0.0951035,0.1559,0.088822,0
0.0491396,0.199373,0.0896774,0
0.0372816,0.219314,0.0327111,0
0.045342,0.207006,0.0669053,0
0.104841,0.179543,0.126191,0
0.107345,0.222661,0.139235,0
0.0237497,0.214556,0.105496,0
0.0736527,0.112158,0.0603169,0
0.0999426,0.202514,0.178539,0
0.102403,0.188832,0.0703539,0
0.0715571,0.141057,0.210583,0
0.0214434,0.210342,0.216021,0
0.0101973,0.203277,0.144072,0
0.0393239,0.154854,0.175655,0
0.0233576,0.166559,0.22076,0
0.0216601,0.158055,0.0688108,0
0.0731425,0.183493,0.0208592,0
0.0153902,0.188481,0.162241,0
0.107589,0.123377,0.21723,0
0.0460862,0.192844,0.206522,0
0.00489923,0.179169,0.189405,0
0.0032641,0.144064,0.0213686,0
0.116266,0.129354,0.000166869,0
0.0778899,0.200451,0.132962,0
0.016838,0.194802,0.166161,0
0.0178774,0.206846,0.146736,0
0.0108533,0.146135,0.0962406,0
0.00790109,0.134486,0.0572307,0
0.018932,0.117824,0.0624355,0
0.0706434,0.212937,0.100377,0
0.0616485,0.219192,0.029683,0
0.0650992,0.139733,0.0392429,0
0.0508855,0.150751,0.160485,0
0.0212751,0.223797,0.0551348,0
0.0378542,0.136792,0.215872,0
0.0639228,0.199321,0.0757055,0
0.0579178,0.137063,0.169217,0
0.114296,0.130199,0.223107,0
0.0622005,0.219439,0.0776103,0
0.0462821,0.193617,0.00456001,0
0.116636,0.133879,0.138929,0
0.0920385,0.224359,0.00411765,0
0.00951965,0.160242,0.0968616,0
0.00945928,0.193175,0.0747743,0
0.0420296,0.185505,0.192957,0
0.0162019,0.174587,0.14524,0
0.0106035,0.200917,0.112544,0
0.0265616,0.128119,0.131104,0
0.00809736,0.193814,0.0777992,0
0.0799183,0.140355,0.105739,0
0.00815644,0.218384,0.159776,0
0.0113993,0.206617,0.182061,0
0.102914,0.200528,0.0747775,0
0.110011,0.185734,0.13818,0
0.110444,0.145316,0.217666,0
0.0587134,0.125229,0.217851,0
0.00573188,0.192754,0.0800444,0
0.0508795,0.16589,0.140593,0
0.066744,0.152782,0.182499,0
0.0927353,0.169038,0.174015,0
0.0119422,0.116116,0.0765253,0
0.0247178,0.158665,0.187781,0
0.0599108,0.137435,0.177109,0
0.105534,0.191099,0.147418,0
0.117074,0.166892,0.137635,0
0.0565416,0.21839,0.0484562,0
0.0595646,0.200906,0.202422,0
0.0659867,0.149725,0.131712,0
0.0501791,0.158855,0.0263996,0
0.0392872,0.210423,0.0272571,0
0.00299444,0.17594,0.21412,0
0.0135793,0.139739,0.0909388,0
0.0381325,0.147884,0.0592165,0
0.00472765,0.146775,0.21251,0
0.0209306,0.176296,0.0780873,0
0.0470727,0.117818,0.0466715,0
0.0748505,0.203479,0.0296198,0
0.0461593,0.201977,0.152153,0
0.117226,0.200928,0.0519709,0
0.0213832,0.181417,0.215487,0
0.00857202,0.118495,0.00659594,0
0.0480764,0.218802,0.14629,0
0.00431191,0.136576,0.0773833,0
0.01398,0.111298,0.167265,0
0.0502403,0.123038,0.0767368,0
0.0188862,0.156782,0.214504,0
0.080252,0.132677,0.0638755,0
0.0774018,0.194025,0.140369,0
0.0436336,0.15457,0.199122,0
0.00215465,0.144857,0.0973736,0
0.102908,0.152235,0.175748,0
0.0411205,0.192756,0.171099,0
0.0972205,0.221408,0.0625051,0
0.0261203,0.124393,0.217179,0
0.0561915,0.119998,0.0754917,0
0.0536137,0.166489,0.0934355,0
0.00738101,0.203565,0.10622,0
0.111772,0.13098,0.0333687,0
0.0868229,0.131706,0.187159,0
0.0991011,0.160548,0.0599518,0
0.0774889,0.111772,0.0441457,0
0.117014,0.148247,0.0852023,0
0.0221479,0.103933,0.0976119,1
0.0959679,0.0741732,0.00154181,1
0.101305,0.0736544,0.0391265,1
0.0454221,0.0448112,0.0589871,1
0.117589,0.0282782,0.143994,1
0.106824,0.0928606,0.104906,1
0.0502793,0.0902061,0.062278,1
0.110074,0.089404,0.0891874,1
0.10233,0.017701,0.00345092,1
0.0350675,0.0966119,0.0260712,1
0.0605117,0.0212584,0.0983222,1
0.122028,0.0386216,0.0114553,1
0.0838542,0.0036616,0.0368307,1
0.0945724,0.0661423,0.152093,1
0.0563922,0.0265583,0.182623,1
0.0859291,0.0432818,0.175916,1
0.0646153,0.0983077,0.0850074,1
0.0670747,0.0145482,0.139755,1
0.12766,0.104922,0.183623,1
0.0589804,0.013637,0.12872,1
0.0257867,0.045716,0.108168,1
0.0499403,0.0681817,0.191895,1
0.122965,0.0789196,0.174294,1
0.0944654,0.0624974,0.0751136,1
0.0775539,0.0661832,0.207769,1
0.0937312,0.0738348,0.0947425,1
0.0800246,0.00518604,0.20211,1
0.0384117,0.0777763,0.209411,1
0.0682846,0.00531072,0.144704,1
0.0381517,0.0376553,0.139366,1
0.0518903,0.00470357,0.0995765,1
0.0102302,0.0589691,0.168295,1
0.026791,0.103118,0.133563,1
0.120055,0.0974444,0.206092,1
0.0438113,0.0683727,0.160857,1
0.0664443,0.0717858,0.00555118,1
0.026193,0.107349,0.00413772,1
0.0551401,0.0483833,0.142386,1
0.108344,0.0109368,0.16681,1
0.0311952,0.109348,0.00371354,1
0.0311716,0.0986154,0.0900973,1
0.0387979,0.109053,0.00972375,1
0.0166357,0.0148539,0.125198,1
0.0792442,0.0425673,0.0503708,1
0.0967248,0.0793557,0.15866,1
0.0964058,0.0973489,0.0645394,1
0.0134797,0.0373367,0.0389792,1
0.0217801,0.0290885,0.0207455,1
0.00527228,0.053088,0.166612,1
0.0421958,0.0957069,0.218588,1
0.0702893,0.0901635,0.138902,1
0.102001,0.0977826,0.108541,1
0.0858777,0.0147858,0.177088,1
0.0529125,0.0872169,0.0323762,1
0.0076119,0.0611805,0.012058,1
0.115833,0.0576958,0.0073261,1
0.0739406,0.0493787,0.223945,1
0.0988559,0.0557467,0.132693,1
0.0862278,0.0396749,0.180202,1
0.106697,0.0891721,0.0832325,1
0.0208708,0.0601197,0.0129799,1
0.119217,0.040055,0.0260751,1
0.0922747,0.00141539,0.174697,1
0.0605269,0.0923384,0.193662,1
0.00980542,0.0488139,0.0904131,1
0.128944,0.0802674,0.174045,1
0.0202759,0.0614811,0.113632,1
0.0511226,0.0734436,0.0706977,1
0.000722511,0.0914077,0.19925,1
0.0988014,0.0641919,0.0842685,1
0.0857521,0.101416,0.147382,1
0.0318578,0.00572946,0.195053,1
0.0400548,0.0151329,0.18321,1
0.00912428,0.0923298,0.0886143,1
0.103492,0.0225678,0.0285961,1
0.0623537,0.0761022,0.0850904,1
0.0130702,0.0147082,0.172368,1
0.0340107,0.103225,0.137943,1
0.11262,0.0240097,0.179559,1
0.0115369,0.0476327,0.0973723,1
0.066096,0.0259441,0.222968,1
0.128154,0.0977063,0.107807,1
0.0479974,0.0919921,0.06435,1
0.128992,0.0123034,0.135263,1
0.0818825,0.0746346,0.0332235,1
0.0811729,0.0727879,0.0180992,1
0.0304496,0.0243217,0.202593,1
0.0617821,0.062781,0.223943,1
0.00403866,0.0776063,0.166244,1
0.0672381,0.105495,0.0717536,1
0.106239,0.0500686,0.117053,1
0.0149096,0.0288698,0.10218,1
0.090791,0.109536,0.125189,1
0.0795713,0.0804002,0.0670006,1
0.085913,0.0309119,0.164963,1
0.0758781,0.00890318,0.0765508,1
0.0295951,0.0948865,0.107433,1
0.120193,0.068098,0.00407878,1
0.0479755,0.00761094,0.0534992,1
0.0225806,0.0179851,0.157822,1
0.109937,0.0752953,0.0865565,1
0.0680225,0.0712657,0.180437,1
0.0736421,0.0444289,0.0471186,1
0.0144143,0.0395897,0.0974369,1
0.0848086,0.0976052,0.0548532,1
0.114241,0.039995,0.137762,1
0.0861529,0.0566945,0.129242,1
0.127279,0.0766917,0.219526,1
0.12616,0.0090918,0.217617,1
0.0296763,0.108629,0.208305,1
0.0348481,0.105838,0.177702,1
0.128615,0.0665538,0.0679534,1
0.101913,0.0529919,0.0893344,1
0.114562,0.0987683,0.144865,1
0.104257,0.0490285,0.0758987,1
0.0966045,0.0527973,0.00141061,1
0.0504864,0.0477318,0.0276417,1
0.0874244,0.0606596,0.045971,1
0.0979848,0.0347839,0.12677,1
0.0987127,0.0516679,0.0756277,1
0.0596383,0.0243122,0.0724271,1
0.125151,0.076465,0.161151,1
0.0434484,0.0886003,0.0799302,1
0.115314,0.0823012,0.206699,1
0.110609,0.069883,0.148574,1
0.130545,0.105307,0.0212998,1
0.118068,0.119845,0.14632,2
0.166508,0.212956,0.169894,2
0.14567,0.118267,0.0439659,2
0.120118,0.132602,0.214926,2
0.152107,0.113513,0.133987,2
0.152464,0.115957,0.13407,2
0.218677,0.135042,0.198038,2
0.124393,0.132682,0.0512453,2
0.142812,0.16591,0.214763,2
0.151262,0.114046,0.129844,2
0.119478,0.169607,0.167682,2
0.220011,0.164464,0.131486,2
0.184429,0.16994,0.211681,2
0.196303,0.1944,0.194876,2
0.155039,0.174109,0.175626,2
0.172817,0.116072,0.0353868,2
0.146066,0.111837,0.12562,2
0.179002,0.118228,0.00272907,2
0.203308,0.169075,0.124804,2
0.162634,0.215058,0.211024,2
0.179585,0.171462,0.194948,2
0.150711,0.112378,0.134177,2
0.2074,0.176366,0.1576,2
0.150105,0.115746,0.128822,2
0.150303,0.112513,0.133517,2
0.167481,0.117611,0.0390952,2
0.123405,0.17524,0.062836,2
0.194626,0.2076,0.224296,2
0.215618,0.187187,0.179981,2
0.152016,0.174192,0.151445,2
0.130393,0.152364,0.193338,2
0.214397,0.115853,0.0564051,2
0.176936,0.112503,0.0425836,2
0.149612,0.115511,0.13442,2
0.136631,0.21588,0.00714399,2
0.196233,0.196849,0.164076,2
0.120087,0.148837,0.145529,2
0.175144,0.217372,0.138143,2
0.198277,0.184917,0.135267,2
0.212012,0.204099,0.0782344,2
0.151756,0.111047,0.131018,2
0.12567,0.170473,0.0169402,2
0.1581,0.179585,0.204786,2
0.173584,0.133791,0.0363536,2
0.186933,0.121932,0.088205,2
0.141999,0.12244,0.10825,2
0.138169,0.163893,0.0911096,2
0.131319,0.165263,0.0554619,2
0.152637,0.153978,0.150652,2
0.154685,0.221697,0.223822,2
0.186643,0.116545,0.00364476,2
0.195616,0.135722,0.223974,2
0.184952,0.16092,0.0631226,2
0.138914,0.210334,0.224878,2
0.223767,0.126652,0.0509911,2
0.119274,0.117132,0.221527,2
0.158804,0.21528,0.0992587,2
0.157755,0.121734,0.0917947,2
0.19027,0.135631,0.0393103,2
0.149656,0.206354,0.11592,2
0.170958,0.13548,0.108667,2
0.187556,0.155896,0.0169175,2
0.188399,0.126223,0.128156,2
0.222,0.20818,0.0649012,2
0.169429,0.221595,0.206338,2
0.149913,0.115918,0.133414,2
0.216241,0.189968,0.177871,2
0.206792,0.181306,0.0588763,2
0.121006,0.202684,0.157688,2
0.145446,0.11106,0.12924,2
0.127823,0.113661,0.144016,2
0.143203,0.134897,0.113757,2
0.173309,0.167532,0.153991,2
0.125683,0.219564,0.180784,2
0.194148,0.220852,0.0164236,2
0.149128,0.112773,0.132524,2
0.162088,0.205041,0.107721,2
0.216121,0.186808,0.0353736,2
0.183237,0.207874,0.0336443,2
0.160851,0.181909,0.0319558,2
0.152327,0.113642,0.133488,2
0.17891,0.176082,0.144124,2
0.183188,0.174199,0.0820547,2
0.181305,0.120035,0.104568,2
0.143978,0.223961,0.134066,2
0.224942,0.158306,0.0988556,2
0.149159,0.111021,0.131059,2
0.211527,0.124158,0.197361,2
0.185456,0.111643,0.132649,2
0.165528,0.194757,0.12163,2
0.21336,0.214683,0.0279507,2
0.161775,0.113403,0.095974,2
0.140931,0.158225,0.192139,2
0.161958,0.168954,0.0324138,2
0.184616,0.156335,0.157422,2
0.215285,0.161216,0.0794033,2
0.163684,0.147717,0.0142596,2
0.207333,0.208478,0.055397,2
0.158781,0.120418,0.102486,2
0.141729,0.14988,0.0765225,2
0.148416,0.115265,0.12612,2
0.152462,0.113161,0.131114,2
0.136563,0.184262,0.120125,2
0.199101,0.186986,0.0440601,2
0.215608,0.113006,0.0883905,2
0.150739,0.113924,0.131271,2
0.123062,0.144442,0.0691252,2
0.207256,0.139112,0.0469495,2
0.145911,0.137926,0.181532,2
0.166895,0.168719,0.0824937,2
0.157048,0.138775,0.206785,2
0.148418,0.125151,0.00272993,2
0.13718,0.193375,0.187296,2
0.187622,0.123305,0.0363283,2
0.134289,0.157953,0.0932552,2
0.156642,0.116228,0.133321,2
0.17836,0.1209,0.2215,2
0.194843,0.212748,0.0143373,2
0.135856,0.180714,0.0798028,2
0.14822,0.111473,0.131574,2
0.194564,0.073285,0.131335,3
0.141498,0.10565,0.126404,3
0.168174,0.10201,0.0692049,3
0.180181,0.0102948,0.0538983,3
0.149092,0.11037,0.130991,3
0.145759,0.11011,0.13835,3
0.147539,0.104186,0.136086,3
0.203236,0.037091,0.0124825,3
0.150325,0.014048,0.0654987,3
0.201008,0.0794194,0.119813,3
0.19553,0.0808456,0.187303,3
0.212752,0.0854248,0.0197611,3
0.155185,0.107675,0.136215,3
0.163795,0.0334466,0.0671884,3
0.198022,0.0275839,0.194171,3
0.144694,0.0860246,0.0776957,3
0.185205,0.10158,0.123985,3
0.162829,0.0997973,0.000671898,3
0.170907,0.0872581,0.0371743,3
0.193053,0.0157318,0.161337,3
0.156991,0.00849522,0.070283,3
0.177874,0.0189408,0.0125629,3
0.191072,0.0688436,0.0349205,3
0.193185,0.0618523,0.158068,3
0.150913,0.107631,0.125863,3
0.18405,0.00323381,0.14105,3
0.173055,0.0225422,0.224295,3
0.174801,0.057577,0.0546157,3
0.134179,0.0435786,0.0724425,3
0.217096,0.0504174,0.062346,3
0.190544,0.0385301,0.0137595,3
0.206221,0.0348621,0.128633,3
0.136201,0.0474177,0.198571,3
0.136048,0.104639,0.0615889,3
0.153953,0.100924,0.131903,3
0.158168,0.0643378,0.183989,3
0.224789,0.018252,0.104333,3
0.151857,0.1056,0.13443,3
0.151228,0.0351615,0.0959684,3
0.147206,0.108136,0.137965,3
0.151708,0.109032,0.129193,3
0.218756,0.060114,0.105107,3
0.193644,0.00704678,0.0533989,3
0.156118,0.0922671,0.212339,3
0.184179,0.0106514,0.105425,3
0.158428,0.0816176,0.0600372,3
0.188363,0.0319755,0.115145,3
0.188342,0.0916781,0.0304402,3
0.224696,0.0273877,0.0545563,3
0.152745,0.00616438,0.203006,3
0.178324,0.0781316,0.0526662,3
0.2058,0.0620885,0.199573,3
0.149048,0.106976,0.130317,3
0.148557,0.108578,0.126246,3
0.151217,0.106294,0.130251,3
0.143415,0.0706452,0.223922,3
0.193408,0.0129183,0.206433,3
0.221599,0.0519769,0.125146,3
0.145755,0.0583406,0.0485356,3
0.18001,0.0766191,0.104531,3
0.196647,0.0705158,0.0364607,3
0.213702,0.101232,0.170615,3
0.223891,0.0746996,0.182632,3
0.149613,0.109086,0.136496,3
0.152569,0.0103196,0.0488945,3
0.188501,0.0785905,0.125238,3
0.185535,0.0413709,0.190128,3
0.209157,0.0277979,0.151322,3
0.212704,0.0656756,0.0442747,3
0.197733,0.0850662,0.177671,3
0.149469,0.0750177,0.163435,3
0.159058,0.0278953,0.171007,3
0.15097,0.109954,0.129133,3
0.220725,0.0015436,0.193037,3
0.213608,0.0810144,0.177303,3
0.160628,0.0199963,0.179468,3
0.196164,0.0924034,0.0955589,3
0.143103,0.0175316,0.0519812,3
0.208525,0.0409291,0.180539,3
0.14153,0.0887419,0.199427,3
0.209006,0.0374011,0.0487979,3
0.134071,0.108803,0.0943816,3
0.181696,0.0505778,0.0570068,3
0.219579,0.0557595,0.123178,3
0.187327,0.0791824,0.186003,3
0.150606,0.105243,0.134367,3
0.214453,0.0183582,0.176795,3
0.199821,0.0493565,0.108387,3
0.152364,0.10879,0.13658,3
0.15589,0.0598391,0.134002,3
0.179358,0.032388,0.143255,3
0.164824,0.0310143,0.11696,3
0.137575,0.00867683,0.0965531,3
0.166862,0.0853726,0.104107,3
0.170276,0.0874843,0.130104,3
0.194299,0.0813242,0.213008,3
0.206689,0.0148672,0.0745994,3
0.137343,0.0372231,0.109704,3
0.149044,0.0966919,0.0893316,3
0.139515,0.0686527,0.047735,3
0.185899,0.0961686,0.0690977,3
0.192358,0.0801403,0.0660948,3
0.152712,0.100565,0.134373,3
0.151197,0.109516,0.131176,3
0.143558,0.106365,0.128743,3
0.131978,0.108485,0.134514,3
0.15538,0.109647,0.13,3
0.142252,0.00134887,0.203555,3
0.153325,0.0817816,0.00629322,3
0.15204,0.103986,0.129163,3
0.223683,0.0845344,0.220295,3
0.133886,0.102148,0.0676097,3
0.145,0.103552,0.13241,3
0.15461,0.10571,0.224787,3
0.213701,0.104975,0.181283,3
0.148739,0.107395,0.130634,3
0.186532,0.097553,4.29204e-05,3
0.146051,0.107094,0.126226,3
0.185334,0.097219,0.115943,3
0.151697,0.107612,0.136694,3
0.150584,0.103323,0.136731,3
0.152242,0.105848,0.132922,3
0.155347,0.109428,0.13041,3
0.147074,0.106503,0.128782,3
0.151627,0.1067,0.137694,3
0.150612,0.105941,0.129401,3
0.148477,0.104692,0.130401,3
0.151398,0.1032,0.12781,3
0.147759,0.105846,0.131388,3
0.151104,0.109986,0.13431,3
0.148919,0.109733,0.131848,3
0.151724,0.110049,0.134639,3
0.145448,0.110501,0.128282,3
0.152566,0.110301,0.131503,3
