x coord,y coord,z coord,rank
0.00448771,0.175586,0.0872873,0
0.0803468,0.114614,0.120489,0
0.151094,0.17846,0.0444281,0
0.0577876,0.219448,0.111241,0
0.0272917,0.184038,0.0038706,0
0.15778,0.164606,0.113476,0
0.167433,0.181371,0.0026851,0
0.00111557,0.135629,0.0755659,0
0.221811,0.176387,0.0113651,0
0.00987936,0.163791,0.0122003,0
0.0952959,0.203519,0.0539883,0
0.012661,0.151796,0.114169,0
0.132895,0.123875,0.0182516,0
0.0153929,0.15253,0.00746258,0
0.128267,0.154153,0.00686775,0
0.0812524,0.183924,0.0466949,0
0.188848,0.202726,0.0158035,0
0.108265,0.178664,0.0459398,0
0.164737,0.202904,0.0223608,0
0.0211032,0.200141,0.00562574,0
0.205989,0.164921,0.0323179,0
0.0267991,0.103027,0.0841553,0
0.111854,0.201859,0.0872764,0
0.0480776,0.171104,0.0599859,0
0.0960525,0.177015,0.0535593,0
0.218415,0.149568,0.0618415,0
0.0173047,0.136971,0.0424609,0
0.101139,0.111004,0.0283264,0
0.221302,0.186944,0.0648912,0
0.177648,0.210579,0.0447683,0
0.128925,0.140246,0.0263506,0
0.199182,0.124643,0.0946911,0
0.0550848,0.208722,0.0143443,0
0.150693,0.162709,0.102867,0
0.176479,0.103649,0.100002,0
0.0165935,0.142834,0.0212732,0
0.0988472,0.125296,0.0567264,0
0.107248,0.133826,0.0612363,0
0.188479,0.122106,0.0962592,0
0.041865,0.122585,0.111831,0
0.0182929,0.166943,0.0732272,0
0.080407,0.103992,0.100734,0
0.188784,0.192585,0.0399612,0
0.143888,0.154946,0.0838374,0
0.132754,0.209891,0.00175017,0
0.130348,0.146074,0.0792723,0
0.125402,0.162571,0.00379353,0
0.147354,0.111056,0.121678,0
0.187983,0.130717,0.0128252,0
0.0501694,0.17789,0.058896,0
0.220669,0.124333,0.0505122,0
0.164139,0.200877,0.107082,0
0.203832,0.176866,0.0513937,0
0.19898,0.138701,0.0413462,0
0.182264,0.214259,0.0714567,0
0.0517653,0.208162,0.038202,0
0.120497,0.222691,0.00975346,0
0.0839868,0.121059,0.00162795,0
0.0892244,0.123632,0.0717419,0
0.101131,0.165002,0.0120223,0
0.208808,0.115762,0.0248862,0
0.183431,0.216965,0.0442007,0
0.0517862,0.136422,0.0370947,0
0.136289,0.210386,0.0811705,0
0.0464322,0.136298,0.0500355,0
0.169147,0.153812,0.050892,0
0.211311,0.117711,0.0626748,0
0.111429,0.156684,0.0333814,0
0.211915,0.172389,0.0146142,0
0.157994,0.206093,0.0635851,0
0.222025,0.142796,0.115657,0
0.145607,0.132904,0.0182966,0
0.0279142,0.127979,0.0952281,0
0.102851,0.213073,0.104635,0
0.174757,0.201484,0.00568113,0
0.0370143,0.186389,0.0508359,0
0.0996109,0.192748,0.0893522,0
0.133098,0.114229,0.0461662,0
0.0905605,0.14437,0.0224772,0
0.158839,0.164215,0.0990503,0
0.108614,0.16301,0.0908833,0
0.124346,0.167201,0.0632813,0
0.144731,0.186997,0.0757772,0
0.125235,0.178021,0.0193581,0
0.0892157,0.155368,0.0426026,0
0.103411,0.174706,0.0468071,0
0.0268328,0.173885,0.0607361,0
0.096098,0.159723,0.0628511,0
0.0640092,0.149564,0.102575,0
0.0165423,0.16283,0.0177268,0
0.0961947,0.136975,0.058614,0
0.210485,0.124525,0.0413456,0
0.0612247,0.197312,0.0175106,0
0.0893188,0.158903,0.102197,0
0.13497,0.214086,0.012184,0
0.0823245,0.134461,0.0078656,0
0.0943337,0.177642,0.117297,0
0.0523029,0.170115,0.0245486,0
0.111093,0.18639,0.0171565,0
0.0389337,0.118495,0.00285351,0
0.164158,0.167428,0.0553537,0
0.0706637,0.186436,0.00146183,0
0.00366684,0.119949,0.051633,0
0.118261,0.144126,0.0724087,0
0.144735,0.127819,0.0437057,0
0.211577,0.116637,0.00364571,0
0.149299,0.189968,0.0995847,0
0.171779,0.186087,0.0315496,0
0.20425,0.111588,0.00534658,0
0.166242,0.128343,0.0997512,0
0.199614,0.111275,0.0652286,0
0.175693,0.166801,0.0840226,0
0.0060132,0.147382,0.0857975,0
0.11278,0.215121,0.037576,0
0.135504,0.115352,0.029609,0
0.169215,0.12419,0.106302,0
0.0282196,0.138031,0.0921071,0
0.0381009,0.195633,0.0490005,0
0.131507,0.113366,0.0484966,0
0.0758262,0.195059,0.120146,0
0.080045,0.20123,0.113052,0
0.159392,0.106362,0.0214739,0
0.0549804,0.172124,0.118076,0
0.0372602,0.103905,0.0519095,0
0.120967,0.103904,0.0214486,0
0.129758,0.0852269,0.0991594,1
0.0539163,0.0501299,0.118228,1
0.16414,0.0682184,0.101842,1
0.0761297,0.0406794,0.0101619,1
0.0248862,0.00588013,0.0263646,1
0.0188518,0.0878341,0.027963,1
0.126481,0.0732717,0.0162211,1
0.183683,0.031195,0.0677859,1
0.0928971,0.0332218,0.0710826,1
0.0261897,0.000993852,0.0582777,1
0.149065,0.0281808,0.0153936,1
0.213399,0.0250971,0.101604,1
0.182962,0.0341581,0.071686,1
0.165965,0.0829938,0.00720051,1
0.0204689,0.0153459,0.117431,1
0.121349,0.0811451,0.0668626,1
0.216964,0.0158739,0.054272,1
0.135414,0.0326011,0.120764,1
0.139267,0.0637267,0.070199,1
0.0298664,0.0296323,0.0140971,1
0.0201611,0.00598905,0.0170916,1
0.140075,0.0544505,0.0582424,1
0.0338375,0.0267612,0.119425,1
0.114638,0.091538,0.0070598,1
0.0904446,0.0192828,0.0423009,1
0.0184663,0.0968035,0.0443675,1
0.179464,0.0918532,0.0604427,1
0.155871,0.0999504,0.0527531,1
0.201272,0.0284399,0.112322,1
0.189707,0.00492486,0.0400794,1
0.207771,0.0544138,0.00922496,1
0.0625648,0.0181794,0.108831,1
0.0423496,0.0954011,0.00292671,1
0.0892312,0.0828935,0.0328802,1
0.200183,0.0136969,0.0837369,1
0.166018,0.102438,0.115542,1
0.19403,0.0380938,0.0156738,1
0.00806368,0.0892294,0.0709096,1
0.1688,0.0612798,0.118561,1
0.167707,0.0464004,0.0499949,1
0.0562306,0.100447,0.115993,1
0.189168,0.0489176,0.0987452,1
0.199015,0.0974699,0.0232392,1
0.131018,0.0513468,0.0264781,1
0.0595447,0.00414208,0.040317,1
0.119819,0.00716712,0.105141,1
0.0676073,0.023693,0.0290741,1
0.0840602,0.0984208,0.0096626,1
0.1584,0.0949373,0.123117,1
0.206006,0.0724984,0.0190135,1
0.0223007,0.0313268,0.12106,1
0.210033,0.00842859,0.101737,1
0.142332,0.0205453,0.0306532,1
0.0233673,0.0851268,0.105426,1
0.0653332,0.00959246,0.107928,1
0.12382,0.056386,0.0418285,1
0.160884,0.090919,0.0411794,1
0.0257382,0.0766978,0.101813,1
0.179875,0.0738992,0.11719,1
0.224982,0.0819805,0.0487398,1
0.163116,0.0985773,0.106023,1
0.112357,0.0840256,0.0961097,1
0.0990521,0.0684323,0.00735483,1
0.205019,0.0515882,0.121097,1
0.0487568,0.0113793,0.108749,1
0.126208,0.0597945,0.072914,1
0.113972,0.053308,0.0639068,1
0.134844,0.0230117,0.0415729,1
0.108782,0.0720087,0.0477786,1
0.107471,0.0983253,0.093472,1
0.136477,0.0255714,0.0642982,1
0.0532873,0.00620382,0.0556507,1
0.0906394,0.0893331,0.00517165,1
0.0591712,0.0291361,0.051535,1
0.0191413,0.0714056,0.115049,1
0.129567,0.0480863,0.0371518,1
0.213123,0.0565331,0.00435338,1
0.134049,0.0964599,0.0123128,1
0.0887401,0.0649175,0.0619708,1
0.156803,0.0728229,0.0801457,1
0.116683,0.0283456,0.12031,1
0.0405838,0.0454834,0.0171094,1
0.11263,0.0791486,0.0959808,1
0.178544,0.0576296,0.0109369,1
0.110833,0.101319,0.0941448,1
0.198251,0.0872572,0.0689444,1
0.104529,0.0921169,0.00289286,1
0.143957,0.0766023,0.0761422,1
0.206985,0.101648,0.0658827,1
0.0962459,0.0223601,0.0937405,1
0.0059961,0.0111286,0.0156425,1
0.0245227,0.0885711,0.0532724,1
0.206063,0.0571171,0.0976964,1
0.203402,0.045492,0.0873957,1
0.056489,0.0110843,0.105705,1
0.11908,0.0565744,0.104371,1
0.0703693,0.0469882,0.0780517,1
0.0675953,0.060979,0.0965379,1
0.0331243,0.0323684,0.0586147,1
0.109683,0.0559517,0.0913782,1
0.0687041,0.0719691,0.115581,1
0.0146194,0.0317605,0.0344477,1
0.110437,0.00103242,0.049,1
0.130459,0.00725653,0.0528431,1
0.0426691,0.0900309,0.0144855,1
0.190821,0.0194204,0.0954331,1
0.166788,0.019681,0.0387542,1
0.0280694,0.00912091,0.0252993,1
0.141129,0.0836314,0.0413827,1
0.0887025,0.031938,0.0225044,1
0.211519,0.0432906,0.0109604,1
0.0333609,0.0780738,0.0151062,1
0.19917,0.0593419,0.0587714,1
0.0277648,0.0523608,0.0776817,1
0.140547,0.0308293,0.0717859,1
0.0721691,0.020563,0.0745758,1
0.175091,0.0745026,0.0708186,1
0.114884,0.0146703,0.0295384,1
0.105254,0.0563488,0.0137957,1
0.110078,0.0566194,0.0613655,1
0.0382869,0.0800942,0.0920313,1
0.00202182,0.0663623,0.0182047,1
0.167601,0.0608829,0.0766064,1
0.20533,0.00567155,0.0771435,1
0.178215,0.0559666,0.104736,1
0.0656812,0.0622643,0.122037,1
0.0150634,0.0419205,0.123003,1
0.172422,0.0996353,0.220941,2
0.161725,0.0824483,0.135179,2
0.023586,0.0445458,0.153461,2
0.0015597,0.12234,0.155012,2
0.160651,0.0273534,0.131885,2
0.0576901,0.106403,0.166995,2
0.0196013,0.0448088,0.220363,2
0.0834733,0.100673,0.177584,2
0.199465,0.110612,0.173637,2
0.105785,0.0853127,0.153067,2
0.0333425,0.0633828,0.144873,2
0.219263,0.0185152,0.127269,2
0.12828,0.0796597,0.186281,2
0.193785,0.0864937,0.124592,2
0.0997882,0.0259417,0.137746,2
0.0183661,0.10779,0.187051,2
0.0624146,0.0692044,0.19011,2
0.192447,0.0122796,0.20068,2
0.183984,0.050882,0.221623,2
0.0263448,0.047769,0.151286,2
0.118374,0.00717663,0.189438,2
0.155241,0.0207539,0.129107,2
0.166365,0.0421124,0.179946,2
0.200811,0.0626758,0.212638,2
0.0908374,0.0627923,0.197659,2
0.0302284,0.0212976,0.131656,2
0.162675,0.0710234,0.137362,2
0.0203098,0.00179279,0.13928,2
0.0665568,0.0725239,0.17716,2
0.218172,0.105079,0.190965,2
0.0814816,0.118095,0.187371,2
0.0717324,0.0965242,0.127503,2
0.0156682,0.123709,0.194692,2
0.169643,0.103344,0.163607,2
0.0449153,0.124133,0.163131,2
0.217843,0.050641,0.19611,2
0.131105,0.028758,0.2214,2
0.223032,0.10616,0.15968,2
0.0117826,0.0368536,0.153808,2
0.0514713,0.117701,0.217927,2
0.0981243,0.0983521,0.163021,2
0.102755,0.0234895,0.132106,2
0.0687754,0.124912,0.221214,2
0.12201,0.12366,0.211354,2
0.100349,0.030472,0.196398,2
0.122883,0.0229282,0.134318,2
0.212588,0.0242938,0.151976,2
0.00201068,0.103546,0.216288,2
0.15267,0.0455316,0.223127,2
0.155969,0.0929624,0.20133,2
0.00304675,0.0848955,0.219208,2
0.102032,0.0690836,0.212098,2
0.0792381,0.122522,0.197271,2
0.0152289,0.0616927,0.148357,2
0.0299717,0.0189559,0.1713,2
0.0211396,0.00986372,0.159225,2
0.191613,0.0191219,0.179252,2
0.131655,0.0259362,0.125282,2
0.0782509,0.0952434,0.142859,2
0.216337,0.0349902,0.123502,2
0.192097,0.115136,0.199698,2
0.0154322,0.00741032,0.204344,2
0.202302,0.113248,0.154236,2
0.100148,0.11006,0.159835,2
0.122956,0.0803943,0.20478,2
0.0991853,0.086101,0.205012,2
0.206571,0.102581,0.169287,2
0.117986,0.0681134,0.161782,2
0.0365891,0.0664164,0.17103,2
0.0223388,0.0931391,0.130818,2
0.212534,0.0257021,0.15505,2
0.167684,0.115698,0.166848,2
0.0704062,0.0914361,0.223241,2
0.0609451,0.0645441,0.192384,2
0.043366,0.0383517,0.219978,2
0.12968,0.00298851,0.13432,2
0.116371,0.00981946,0.156954,2
0.129052,0.123735,0.154198,2
0.106777,0.00875038,0.195094,2
0.097468,0.0602142,0.159394,2
0.0248886,0.0446876,0.158217,2
0.213821,0.00117351,0.142389,2
0.0534666,0.106315,0.168821,2
0.166889,0.0212485,0.142857,2
0.107566,0.045894,0.175839,2
0.173947,0.0566354,0.142,2
0.0976815,0.0702727,0.201811,2
0.171249,0.121107,0.169736,2
0.204633,0.0894368,0.130263,2
0.221402,0.0140228,0.155843,2
0.172768,0.119923,0.190301,2
0.0947885,0.00123365,0.177514,2
0.189864,0.040087,0.180262,2
0.0370053,0.102084,0.124284,2
0.166019,0.0625954,0.176161,2
0.00950526,0.0445234,0.151386,2
0.0589817,0.0391529,0.169766,2
0.219135,0.0334632,0.179375,2
0.158244,0.0880884,0.145164,2
0.0872251,0.0345857,0.215986,2
0.169371,0.04314,0.154775,2
0.189814,0.00886739,0.220452,2
0.222407,0.0675465,0.150544,2
0.19503,0.0509429,0.19755,2
0.11318,0.0200479,0.168549,2
0.190105,0.0875975,0.202348,2
0.108105,0.048955,0.174925,2
0.185814,0.0748805,0.193733,2
0.149176,0.0643559,0.217033,2
0.222738,0.0886142,0.156937,2
0.198264,0.0509877,0.22116,2
0.0296032,0.0723702,0.126705,2
0.143784,0.103702,0.184974,2
0.0388543,0.11102,0.198005,2
0.138078,0.0444352,0.195047,2
0.00973805,0.00528492,0.131307,2
0.163082,0.0510252,0.215212,2
0.185536,0.0638756,0.187322,2
0.174245,0.110503,0.215923,2
0.166432,0.096432,0.162447,2
0.110264,0.0929462,0.148734,2
0.0565856,0.11885,0.144251,2
0.221364,0.0832401,0.126777,2
0.111398,0.155882,0.210728,3
0.123155,0.144108,0.123588,3
0.0772261,0.194791,0.203502,3
0.0982998,0.201882,0.199793,3
0.124657,0.177491,0.188467,3
0.186328,0.177844,0.187243,3
0.161015,0.18563,0.216619,3
0.105213,0.19544,0.175115,3
0.0980512,0.202316,0.197733,3
0.115361,0.167698,0.138628,3
0.14344,0.222367,0.172668,3
0.169274,0.209427,0.190643,3
0.0969895,0.203285,0.199192,3
0.0934843,0.20086,0.198515,3
0.147179,0.186179,0.126788,3
0.101748,0.198993,0.198143,3
0.155521,0.134879,0.214683,3
0.121984,0.189758,0.178713,3
0.106403,0.190241,0.21135,3
0.193975,0.205363,0.222509,3
0.130329,0.165302,0.144876,3
0.000314653,0.210809,0.140708,3
0.0656087,0.197303,0.134473,3
0.0183022,0.165871,0.164664,3
0.0773589,0.139824,0.212698,3
0.116872,0.213167,0.133699,3
0.0255768,0.209271,0.210961,3
0.097549,0.199112,0.206736,3
0.0317942,0.210229,0.217106,3
0.0922951,0.197078,0.199525,3
0.117604,0.176744,0.190645,3
0.190319,0.171589,0.142499,3
0.132591,0.166209,0.125206,3
0.0987232,0.202908,0.196136,3
0.1058,0.153832,0.21787,3
0.0806794,0.157331,0.176014,3
0.0413173,0.185866,0.222996,3
0.166497,0.143262,0.148342,3
0.193097,0.180478,0.1864,3
0.189783,0.132141,0.167028,3
0.157313,0.19852,0.186107,3
0.0991103,0.195889,0.198504,3
0.0964718,0.13461,0.141652,3
0.0359796,0.193768,0.220631,3
0.219068,0.204707,0.149979,3
0.140522,0.162877,0.159001,3
0.0488975,0.161807,0.1527,3
0.13241,0.147443,0.151582,3
0.00574725,0.140856,0.192272,3
0.129964,0.129557,0.177353,3
0.164283,0.206724,0.205633,3
0.166386,0.145903,0.191769,3
0.0143827,0.168333,0.145722,3
0.211432,0.156415,0.156071,3
0.0992579,0.203538,0.19571,3
0.102682,0.199943,0.202184,3
0.074126,0.132835,0.147791,3
0.0171582,0.197223,0.195589,3
0.101707,0.20307,0.199285,3
0.20514,0.216364,0.157214,3
0.0543522,0.220959,0.132656,3
0.126239,0.191342,0.186373,3
0.0989598,0.207639,0.197464,3
0.111756,0.157626,0.218533,3
0.106742,0.219644,0.19462,3
0.100943,0.201539,0.200652,3
0.10015,0.199244,0.197478,3
0.0095821,0.190801,0.152601,3
0.145263,0.171175,0.209364,3
0.0562909,0.218169,0.173597,3
0.212631,0.208106,0.19701,3
0.0284595,0.187425,0.222888,3
0.103109,0.183304,0.179236,3
0.0459716,0.155041,0.218187,3
0.0222914,0.191476,0.157805,3
0.0482781,0.186176,0.169784,3
0.0992978,0.200332,0.196472,3
0.118795,0.131263,0.172809,3
0.158181,0.156825,0.133994,3
0.127966,0.158134,0.210767,3
0.100063,0.20588,0.201949,3
0.0969992,0.196284,0.196924,3
0.0867697,0.140277,0.154546,3
0.0989497,0.200855,0.196354,3
0.0340441,0.138238,0.128968,3
0.0538192,0.212641,0.132624,3
0.0611029,0.19004,0.211028,3
0.214425,0.183679,0.161925,3
0.102579,0.198601,0.187333,3
0.0845159,0.158385,0.156207,3
0.0956683,0.198721,0.201497,3
0.0957379,0.19891,0.201751,3
0.20395,0.162428,0.160005,3
0.110862,0.21294,0.131451,3
0.184433,0.157616,0.187094,3
0.102032,0.204277,0.197432,3
0.100949,0.201762,0.201228,3
0.0934146,0.202051,0.196721,3
0.148598,0.163406,0.163108,3
0.103972,0.207808,0.196568,3
0.0949796,0.201071,0.199092,3
0.103002,0.198542,0.199197,3
0.0927327,0.156841,0.19214,3
0.095915,0.202289,0.199055,3
0.100169,0.205859,0.197575,3
0.0353942,0.187208,0.199043,3
0.0986282,0.200596,0.200453,3
0.0986744,0.199558,0.196506,3
0.0990747,0.206341,0.198411,3
0.120199,0.182031,0.192765,3
0.0958951,0.200979,0.198862,3
0.092274,0.17548,0.178579,3
0.0747883,0.152504,0.187894,3
0.0359223,0.199026,0.152949,3
0.104256,0.200754,0.202886,3
0.0950152,0.201128,0.196707,3
0.0928878,0.204114,0.193458,3
0.0995405,0.194677,0.202649,3
0.110896,0.158316,0.140909,3
0.102468,0.205187,0.196189,3
0.099925,0.201415,0.197446,3
0.0985898,0.198284,0.200517,3
0.0968414,0.216823,0.145803,3
0.116992,0.147687,0.123609,3
0.0550491,0.128439,0.223639,3
