x coord,y coord,z coord,rank
0.185986,0.0570456,0.0835378,0
0.0998857,0.0672781,0.0971008,0
0.161493,0.0984416,0.0960118,0
0.171788,0.101344,0.086255,0
0.195996,0.0914011,0.0841748,0
0.156196,0.103098,0.0532226,0
0.127739,0.102862,0.0609785,0
0.199737,0.0695868,0.0521619,0
0.184491,0.0598185,0.0651349,0
0.115622,0.0709433,0.0645399,0
0.105542,0.0813924,0.070976,0
0.112914,0.0704841,0.0857516,0
0.207543,0.0399853,0.110903,0
0.108505,0.112171,0.0774924,0
0.204225,0.0773592,0.0763264,0
0.144435,0.0634422,0.0745371,0
0.101297,0.0698765,0.0841515,0
0.195509,0.104264,0.100466,0
0.171597,0.08974,0.0611664,0
0.125434,0.0821136,0.0637689,0
0.196891,0.100161,0.0558471,0
0.215085,0.0671648,0.0645773,0
0.143599,0.111322,0.0499718,0
0.149862,0.084622,0.109983,0
0.221934,0.112678,0.0512076,0
0.219139,0.0936514,0.11012,0
0.194139,0.0889922,0.103645,0
0.206429,0.098312,0.0684889,0
0.141436,0.0948682,0.0449879,0
0.139278,0.0640499,0.0880925,0
0.178344,0.0862866,0.110978,0
0.146823,0.0894305,0.0576163,0
0.101887,0.11094,0.105139,0
0.0864977,0.0834295,0.0993043,0
0.222146,0.109792,0.10549,0
0.19278,0.0518516,0.111305,0
0.163099,0.0975964,0.0441424,0
0.0989535,0.108406,0.0872431,0
0.223616,0.0497564,0.110918,0
0.199706,0.0725286,0.0810572,0
0.113806,0.0971173,0.0712027,0
0.165747,0.101224,0.108232,0
0.160359,0.0677102,0.105706,0
0.19791,0.087035,0.111334,0
0.110677,0.0860949,0.0971171,0
0.165733,0.054985,0.0886521,0
0.219242,0.101265,0.071729,0
0.111879,0.0546071,0.106093,0
0.19511,0.0738413,0.105494,0
0.213664,0.0512506,0.084584,0
0.224012,0.0808228,0.10201,0
0.141747,0.0880915,0.0727497,0
0.185461,0.0445005,0.0949357,0
0.146535,0.108286,0.110237,0
0.133048,0.0540327,0.0969876,0
0.105068,0.106594,0.0950916,0
0.203577,0.0666046,0.110926,0
0.169134,0.0401939,0.10794,0
0.213516,0.0990394,0.109764,0
0.193452,0.0652351,0.0767886,0
0.0992724,0.0830601,0.109366,0
0.198027,0.0671919,0.0710166,0
0.132298,0.0658493,0.102404,0
0.2007,0.0846855,0.0574017,0
0.180811,0.093968,0.0496029,0
0.224478,0.0999327,0.0573102,0
0.0880799,0.0979159,0.104362,0
0.200709,0.0860675,0.105032,0
0.125382,0.0933969,0.0492184,0
0.153037,0.0757142,0.0956384,0
0.0926584,0.0971792,0.073613,0
0.223779,0.0771945,0.0507914,0
0.199605,0.0877992,0.0823223,0
0.164371,0.0433317,0.09215,0
0.197021,0.0750885,0.0929288,0
0.199287,0.0943784,0.101521,0
0.179641,0.102309,0.0737456,0
0.137732,0.0860434,0.0828827,0
0.132821,0.101214,0.103675,0
0.164865,0.0913529,0.0810349,0
0.136426,0.0825043,0.0491206,0
0.224879,0.0783345,0.0946652,0
0.198285,0.06155,0.0871997,0
0.191112,0.088669,0.0422502,0
0.118519,0.0890702,0.077391,0
0.195204,0.109284,0.0878943,0
0.15283,0.0594631,0.110175,0
0.222605,0.084411,0.0938446,0
0.220189,0.0942698,0.0952712,0
0.139149,0.0788194,0.0688454,0
0.180106,0.105428,0.0578624,0
0.113715,0.0588924,0.0814153,0
0.111322,0.103477,0.0830637,0
0.221737,0.105886,0.111722,0
0.218525,0.10411,0.101432,0
0.129272,0.062687,0.0693798,0
0.167889,0.0685034,0.0802761,0
0.164756,0.0784809,0.0519482,0
0.214342,0.0812281,0.0857209,0
0.210751,0.0943737,0.09742,0
0.209339,0.092815,0.0905649,0
0.192898,0.088195,0.0941323,0
0.207894,0.102304,0.0815766,0
0.0980326,0.0912822,0.0893005,0
0.126914,0.0832949,0.0987067,0
0.158801,0.0640898,0.0611182,0
0.114462,0.110974,0.110796,0
0.196945,0.105741,0.0721803,0
0.14566,0.044484,0.103441,0
0.152789,0.103021,0.081387,0
0.0905493,0.109345,0.0968483,0
0.206489,0.0602654,0.080526,0
0.168388,0.0798431,0.0705213,0
0.127793,0.0785788,0.0875302,0
0.21948,0.0989327,0.0787399,0
0.20871,0.0637163,0.0817984,0
0.203654,0.071782,0.0963312,0
0.193993,0.110862,0.0563994,0
0.208741,0.0535736,0.0965836,0
0.206159,0.0718146,0.0974108,0
0.103023,0.108281,0.0611428,0
0.207214,0.0900075,0.0497191,0
0.20349,0.0848027,0.0676774,0
0.108871,0.0937165,0.0838684,0
0.198524,0.0576783,0.105389,0
0.211141,0.081018,0.112044,0
0.141321,0.0972845,0.127656,1
0.113254,0.0826907,0.14725,1
0.205328,0.0613426,0.130635,1
0.127205,0.0489823,0.121171,1
0.196735,0.103857,0.115571,1
0.0997671,0.0955436,0.135059,1
0.223124,0.105548,0.125435,1
0.20423,0.0777865,0.121908,1
0.214419,0.0722855,0.137929,1
0.160035,0.0791127,0.174034,1
0.115633,0.0905597,0.120537,1
0.196462,0.0996057,0.142981,1
0.0921262,0.087571,0.146486,1
0.193142,0.0761305,0.119293,1
0.104748,0.0597458,0.115201,1
0.139161,0.0934345,0.167251,1
0.19303,0.109964,0.116434,1
0.168785,0.0672079,0.130131,1
0.197337,0.0968518,0.159577,1
0.160192,0.0636357,0.149464,1
0.144214,0.0740674,0.113374,1
0.173087,0.063378,0.162575,1
0.159824,0.0814279,0.122504,1
0.172965,0.055064,0.140329,1
0.114536,0.0791682,0.113079,1
0.166846,0.107711,0.134861,1
0.215142,0.109171,0.179669,1
0.223451,0.0651562,0.150327,1
0.0941785,0.108422,0.142812,1
0.195416,0.0637075,0.129646,1
0.200581,0.106853,0.162945,1
0.106457,0.0804947,0.132129,1
0.196452,0.0803303,0.147912,1
0.223204,0.104493,0.140794,1
0.174645,0.0856772,0.168616,1
0.223176,0.0879601,0.146071,1
0.131417,0.0612338,0.134808,1
0.204859,0.0568509,0.117873,1
0.119745,0.0923051,0.164817,1
0.11379,0.0774465,0.165904,1
0.213058,0.0860196,0.138825,1
0.193848,0.0562298,0.11473,1
0.211305,0.0700009,0.114955,1
0.0937633,0.0771436,0.117203,1
0.123853,0.0926556,0.13551,1
0.125393,0.0707535,0.126663,1
0.192534,0.0954832,0.116532,1
0.155789,0.104406,0.142874,1
0.224111,0.100402,0.15773,1
0.133648,0.0734208,0.152678,1
0.196353,0.0650098,0.129587,1
0.193429,0.0968678,0.174943,1
0.210364,0.105751,0.132747,1
0.206944,0.0713152,0.112785,1
0.125191,0.103661,0.14548,1
0.201531,0.0861275,0.124975,1
0.198546,0.0689672,0.154783,1
0.0883495,0.110973,0.126535,1
0.21706,0.112978,0.149798,1
0.117635,0.108698,0.164015,1
0.146137,0.0542293,0.123852,1
0.212681,0.0763567,0.161049,1
0.20045,0.0980599,0.136092,1
0.175666,0.108067,0.185778,1
0.21056,0.0882554,0.170333,1
0.116333,0.0665686,0.134934,1
0.182637,0.0939221,0.149594,1
0.161057,0.102545,0.164629,1
0.155062,0.103947,0.121118,1
0.139925,0.0879854,0.155739,1
0.159665,0.097006,0.175583,1
0.164213,0.0915029,0.154226,1
0.212287,0.0988841,0.128079,1
0.192551,0.108341,0.155345,1
0.174342,0.076412,0.158394,1
0.115645,0.0887489,0.15524,1
0.0997271,0.093772,0.120257,1
0.130299,0.0645425,0.1573,1
0.193048,0.0858774,0.139723,1
0.201028,0.0852981,0.130338,1
0.09002,0.0989102,0.119757,1
0.0930644,0.0771225,0.142546,1
0.156592,0.0542955,0.152946,1
0.145658,0.0805157,0.165647,1
0.152684,0.0759691,0.132634,1
0.0966939,0.107804,0.119496,1
0.204105,0.0968612,0.165435,1
0.0861682,0.109147,0.137635,1
0.213116,0.0982217,0.15372,1
0.196681,0.0709234,0.144637,1
0.192589,0.102073,0.126189,1
0.128308,0.0480332,0.138681,1
0.198971,0.093946,0.124747,1
0.089817,0.0965461,0.12997,1
0.188586,0.0568222,0.154887,1
0.192524,0.0820755,0.120267,1
0.191478,0.108658,0.133552,1
0.19487,0.0738299,0.138466,1
0.104493,0.108764,0.144297,1
0.223149,0.103488,0.16831,1
0.195709,0.0941265,0.145971,1
0.190734,0.0983625,0.116569,1
0.142208,0.0593483,0.14522,1
0.137118,0.103986,0.174721,1
0.104656,0.0867729,0.140676,1
0.132868,0.0574776,0.112567,1
0.205793,0.051625,0.146519,1
0.159133,0.0423555,0.120454,1
0.173658,0.0736708,0.14822,1
0.168354,0.0815259,0.141346,1
0.211497,0.0608165,0.141351,1
0.128112,0.0696405,0.113184,1
0.191224,0.0390588,0.11938,1
0.193518,0.0909572,0.153246,1
0.192745,0.0596173,0.14085,1
0.0998356,0.0798644,0.154873,1
0.111909,0.0995633,0.155064,1
0.119187,0.0807972,0.135703,1
0.106493,0.069582,0.139541,1
0.139775,0.0865678,0.138586,1
0.0832763,0.0916279,0.119065,1
0.212024,0.0775052,0.149584,1
0.120471,0.110852,0.134657,1
0.203334,0.0682116,0.154986,1
0.131607,0.178176,0.0964157,2
0.178094,0.115156,0.0814502,2
0.0991683,0.126803,0.0916308,2
0.202495,0.168868,0.108676,2
0.219619,0.1597,0.111094,2
0.22167,0.163221,0.107171,2
0.180635,0.145951,0.107213,2
0.131737,0.124264,0.0721232,2
0.113155,0.128305,0.0859063,2
0.119958,0.168135,0.100091,2
0.192938,0.146997,0.108084,2
0.19894,0.123892,0.0973505,2
0.12822,0.129512,0.106833,2
0.213477,0.153261,0.0865623,2
0.195446,0.124743,0.112264,2
0.136014,0.138324,0.0884725,2
0.190184,0.168649,0.0858004,2
0.159181,0.161846,0.0932486,2
0.182286,0.160194,0.0549379,2
0.192952,0.122955,0.0798399,2
0.0970316,0.122069,0.0631989,2
0.217699,0.154338,0.0535971,2
0.210043,0.126568,0.08427,2
0.10369,0.126474,0.111296,2
0.159399,0.120625,0.0459427,2
0.220686,0.116544,0.0927428,2
0.197934,0.168426,0.0900523,2
0.0941834,0.12247,0.108662,2
0.220576,0.148974,0.0715512,2
0.197542,0.164586,0.0794362,2
0.107357,0.153638,0.0807915,2
0.132342,0.165265,0.0952951,2
0.17754,0.133692,0.100285,2
0.127224,0.123051,0.092368,2
0.223744,0.126038,0.103829,2
0.20821,0.116063,0.0584462,2
0.183486,0.145604,0.0511023,2
0.206682,0.114254,0.1036,2
0.156461,0.173292,0.0794579,2
0.125178,0.137742,0.0582101,2
0.202037,0.12174,0.0458965,2
0.194359,0.153167,0.0924199,2
0.13599,0.117166,0.0600677,2
0.206495,0.161181,0.0677946,2
0.208643,0.115868,0.112765,2
0.21825,0.135662,0.059714,2
0.195564,0.12428,0.0545251,2
0.212051,0.114491,0.0815983,2
0.152868,0.167675,0.109851,2
0.216293,0.123049,0.0658921,2
0.194982,0.16483,0.0988068,2
0.137292,0.178726,0.106999,2
0.217508,0.144823,0.0878942,2
0.216126,0.162754,0.0983378,2
0.164374,0.11718,0.102254,2
0.0908499,0.113867,0.0726737,2
0.0959855,0.157771,0.0976712,2
0.127643,0.146533,0.108221,2
0.19994,0.14898,0.0589273,2
0.185818,0.13013,0.0544474,2
0.16372,0.153705,0.0710305,2
0.136361,0.119086,0.0815358,2
0.178804,0.166545,0.0756243,2
0.207035,0.1614,0.0634588,2
0.197488,0.142664,0.0924812,2
0.199044,0.1509,0.0570698,2
0.199635,0.146846,0.0762428,2
0.145466,0.133904,0.0686,2
0.204092,0.173563,0.0761382,2
0.163423,0.116602,0.0567053,2
0.144068,0.14341,0.101445,2
0.106481,0.118111,0.05342,2
0.224346,0.129074,0.0937382,2
0.207275,0.126885,0.0925562,2
0.219254,0.131542,0.0720227,2
0.100978,0.13683,0.0799803,2
0.197849,0.159374,0.106205,2
0.19694,0.132465,0.102609,2
0.220099,0.138664,0.103535,2
0.128208,0.156402,0.0718228,2
0.110872,0.115231,0.0934753,2
0.0899897,0.130038,0.084417,2
0.139895,0.135951,0.108504,2
0.170989,0.163469,0.105699,2
0.200878,0.135449,0.0674863,2
0.197625,0.134648,0.0846165,2
0.161484,0.118299,0.0745363,2
0.150577,0.180058,0.095944,2
0.153039,0.139277,0.0861043,2
0.0890804,0.137332,0.10743,2
0.149861,0.127438,0.0529299,2
0.215481,0.176027,0.11215,2
0.200582,0.145149,0.0668296,2
0.194184,0.114656,0.0841675,2
0.12089,0.153166,0.0976563,2
0.0998018,0.136294,0.0674782,2
0.201067,0.177888,0.103598,2
0.202385,0.148237,0.0976279,2
0.175501,0.134896,0.0450862,2
0.117934,0.156844,0.107958,2
0.111391,0.148592,0.0934728,2
0.192511,0.139692,0.0581669,2
0.14674,0.123302,0.090065,2
0.193215,0.116835,0.0703302,2
0.131524,0.155642,0.0888784,2
0.224556,0.145345,0.111704,2
0.0927841,0.135697,0.0973439,2
0.216002,0.139569,0.0854148,2
0.168567,0.169955,0.0969299,2
0.145015,0.150108,0.0611641,2
0.204799,0.136656,0.0961095,2
0.100784,0.145092,0.106141,2
0.220565,0.175557,0.0901497,2
0.104494,0.122343,0.0742879,2
0.191353,0.18415,0.0961404,2
0.196768,0.13842,0.0721167,2
0.154314,0.151493,0.0808935,2
0.130799,0.124438,0.0530331,2
0.111614,0.149276,0.0709105,2
0.111545,0.14395,0.0798297,2
0.117641,0.173483,0.0851788,2
0.216428,0.1481,0.0813189,2
0.213012,0.152981,0.0967832,2
0.207738,0.131645,0.113466,2
0.0867157,0.122301,0.0907325,2
0.192962,0.167041,0.113953,2
0.105605,0.135593,0.130556,3
0.224164,0.126873,0.158964,3
0.206305,0.154327,0.12293,3
0.132272,0.146872,0.153491,3
0.124989,0.121235,0.179232,3
0.135709,0.114701,0.154953,3
0.0866226,0.12303,0.118788,3
0.188704,0.146894,0.165983,3
0.220467,0.156133,0.125879,3
0.146874,0.1173,0.118038,3
0.182623,0.177496,0.143735,3
0.219753,0.166076,0.157585,3
0.19326,0.116166,0.124579,3
0.204295,0.144094,0.130922,3
0.214154,0.134393,0.167597,3
0.123905,0.136914,0.117846,3
0.194711,0.134466,0.170293,3
0.129196,0.133486,0.175058,3
0.139378,0.113959,0.135061,3
0.218287,0.134087,0.126199,3
0.216282,0.178703,0.13659,3
0.204984,0.136814,0.162404,3
0.178802,0.124173,0.13659,3
0.209137,0.181382,0.119347,3
0.13571,0.134493,0.144534,3
0.0939102,0.117065,0.151878,3
0.138295,0.165853,0.125163,3
0.188557,0.133484,0.162054,3
0.143727,0.179922,0.13861,3
0.0923497,0.125648,0.146435,3
0.19585,0.152092,0.124826,3
0.145414,0.132888,0.136537,3
0.193955,0.127229,0.16711,3
0.217341,0.139428,0.11565,3
0.179339,0.125313,0.153788,3
0.142692,0.134694,0.118627,3
0.0942426,0.138848,0.116365,3
0.167129,0.117622,0.160681,3
0.190551,0.148561,0.148815,3
0.175777,0.145662,0.132645,3
0.192884,0.162113,0.129343,3
0.109176,0.125305,0.167953,3
0.123941,0.137122,0.164055,3
0.175502,0.142768,0.15626,3
0.109476,0.156614,0.127658,3
0.139145,0.182726,0.122473,3
0.195948,0.141209,0.13406,3
0.193539,0.129728,0.145028,3
0.177165,0.130224,0.125834,3
0.0899737,0.137879,0.138614,3
0.157638,0.168563,0.156788,3
0.19988,0.155583,0.142595,3
0.211141,0.116122,0.131218,3
0.0982678,0.159366,0.131048,3
0.21859,0.115662,0.148748,3
0.100657,0.144852,0.128466,3
0.185749,0.126447,0.179582,3
0.223463,0.158318,0.147698,3
0.143273,0.128806,0.177066,3
0.169117,0.139959,0.122558,3
0.185863,0.173958,0.127936,3
0.146358,0.115598,0.17622,3
0.150832,0.150718,0.12498,3
0.195217,0.162633,0.153375,3
0.154294,0.156116,0.155817,3
0.175551,0.138972,0.17975,3
0.164379,0.134343,0.140605,3
0.203647,0.151802,0.161229,3
0.113366,0.115836,0.156259,3
0.218779,0.124141,0.137384,3
0.123796,0.17781,0.130552,3
0.19379,0.145843,0.131783,3
0.152303,0.162469,0.120501,3
0.196933,0.129627,0.118284,3
0.109054,0.137134,0.119134,3
0.207414,0.123645,0.146042,3
0.190548,0.114561,0.180146,3
0.108429,0.114462,0.122089,3
0.192504,0.150462,0.152647,3
0.151648,0.160666,0.140787,3
0.0959481,0.114704,0.163204,3
0.214008,0.138745,0.151478,3
0.165619,0.1536,0.175059,3
0.105416,0.164707,0.121463,3
0.159271,0.129615,0.120436,3
0.124749,0.164411,0.12001,3
0.209485,0.122972,0.147491,3
0.127122,0.164065,0.157479,3
0.189935,0.183559,0.132241,3
0.123284,0.164881,0.138169,3
0.206566,0.145348,0.138573,3
0.198583,0.119384,0.173895,3
0.115241,0.149022,0.159572,3
0.21301,0.171538,0.136618,3
0.201394,0.123084,0.164808,3
0.126649,0.122437,0.141983,3
0.218868,0.134283,0.13823,3
0.218909,0.125755,0.133937,3
0.189042,0.159763,0.128975,3
0.152142,0.132317,0.162766,3
0.207985,0.116815,0.163285,3
0.193161,0.135064,0.134088,3
0.198881,0.161519,0.11584,3
0.201745,0.164549,0.148316,3
0.149851,0.170322,0.143215,3
0.107698,0.150283,0.136106,3
0.106749,0.122545,0.132223,3
0.120607,0.173753,0.118215,3
0.223162,0.168844,0.119604,3
0.219615,0.171876,0.147184,3
0.0981384,0.128295,0.137435,3
0.0880422,0.133215,0.120737,3
0.192097,0.136991,0.150824,3
0.0941858,0.137479,0.150506,3
0.224601,0.122193,0.174211,3
0.121255,0.145104,0.126241,3
0.148452,0.161289,0.165107,3
0.100236,0.114871,0.137299,3
0.192623,0.11379,0.141567,3
0.108598,0.141325,0.155497,3
0.111052,0.128064,0.147852,3
0.161091,0.1252,0.171975,3
0.195459,0.168763,0.122976,3
0.0970939,0.160494,0.117132,3
