x coord,y coord,z coord,rank
0.109743,0.174462,0.165224,0
0.000520697,0.0060976,0.135648,0
0.0348321,0.112973,0.162276,0
0.0074682,0.0768398,0.161897,0
0.0565349,0.169343,0.1718,0
0.0480451,0.00398927,0.125536,0
0.117798,0.220334,0.171218,0
0.0533149,0.0191309,0.209261,0
0.118753,0.0851006,0.159965,0
0.0334712,0.0779162,0.149678,0
0.108033,0.0890129,0.180512,0
0.109312,0.152917,0.128568,0
0.092922,0.10839,0.184114,0
0.0885751,0.209083,0.135584,0
0.0797534,0.130806,0.134236,0
0.0135842,0.0357521,0.159054,0
0.0220032,0.0852172,0.215458,0
0.119958,0.0476383,0.172198,0
0.0979757,0.119518,0.164786,0
0.0390716,0.136416,0.150201,0
0.116841,0.219878,0.150032,0
0.0165721,0.0333705,0.143246,0
0.0580205,0.18927,0.196407,0
0.0240312,0.142593,0.142498,0
0.103102,0.0133317,0.1789,0
0.118822,0.0584869,0.129779,0
0.0278271,0.170598,0.143626,0
0.0975225,0.0509191,0.160018,0
0.000613432,0.194062,0.127014,0
0.0425542,0.115183,0.219913,0
0.00763897,0.117024,0.131998,0
0.0958722,0.00010018,0.169471,0
0.037197,0.0124525,0.138286,0
0.0477463,0.027493,0.132631,0
0.0249388,0.111133,0.129162,0
0.121142,0.0610553,0.179172,0
0.0854703,0.163243,0.170237,0
0.0736408,0.0472032,0.121501,0
0.0753148,0.114525,0.214318,0
0.0490408,0.167075,0.147633,0
0.0874824,0.112424,0.162898,0
0.112188,0.0753451,0.117654,0
0.0949953,0.111082,0.156299,0
0.0893815,0.163556,0.119178,0
0.0142652,0.0320437,0.195298,0
0.0350898,0.025093,0.213107,0
0.0551709,0.0517331,0.133546,0
0.00447895,0.0930768,0.180246,0
0.0868843,0.149057,0.139348,0
0.119684,0.112033,0.206456,0
0.0644631,0.0332873,0.185697,0
0.0390722,0.175899,0.215532,0
0.0033169,0.00667827,0.127166,0
0.00869403,0.0939465,0.136415,0
0.0508158,0.106136,0.188953,0
0.111503,0.222032,0.181321,0
0.0113795,0.0293799,0.163551,0
0.0633572,0.00669952,0.187549,0
0.123393,0.042589,0.146018,0
0.0690579,0.181633,0.123594,0
0.0645238,0.131613,0.208216,0
0.084424,0.102608,0.161934,0
0.0815536,0.142015,0.196827,0
0.121305,0.00384191,0.200129,0
0.0580336,0.0589556,0.212961,0
0.0112433,0.193945,0.217922,0
0.0702811,0.0942695,0.120698,0
0.070609,0.0667094,0.1421,0
0.0640379,0.177276,0.151024,0
0.0208934,0.153132,0.17351,0
0.00185282,0.153951,0.160286,0
0.123811,0.198643,0.214281,0
0.0653578,0.195949,0.141919,0
0.114289,0.21681,0.151415,0
0.0620027,0.136213,0.215758,0
0.125889,0.103918,0.136301,0
0.107051,0.0143601,0.221985,0
0.0427527,0.163765,0.191429,0
0.103927,0.0944501,0.13503,0
0.104223,0.202471,0.188562,0
0.0638376,0.165264,0.160369,0
0.104544,0.134794,0.196395,0
0.101812,0.148965,0.125972,0
0.030725,0.203608,0.181372,0
0.0517903,0.168677,0.164912,0
0.0647439,0.201318,0.218038,0
0.00982964,0.0583283,0.163614,0
0.0403817,0.174349,0.181567,0
0.0870306,0.194059,0.179674,0
0.0967345,0.170254,0.209872,0
0.0219515,0.0911212,0.147036,0
0.037449,0.203577,0.137707,0
0.118911,0.189996,0.173751,0
0.0233448,0.195564,0.198029,0
0.00436225,0.113693,0.127217,0
0.0845968,0.129383,0.173536,0
0.121423,0.0280307,0.159873,0
0.0858014,0.0505618,0.128621,0
0.0049009,0.00598695,0.174985,0
0.0413126,0.0336306,0.16954,0
0.00757191,0.0308101,0.130457,0
0.124153,0.031918,0.152463,0
0.054452,0.00827344,0.205626,0
0.0991615,0.10843,0.190226,0
0.100841,0.164118,0.204469,0
0.104888,0.0702623,0.212033,0
0.0441465,0.00536227,0.206608,0
0.0265528,0.0630865,0.16191,0
0.090837,0.222962,0.143299,0
0.046967,0.202328,0.21009,0
0.108077,0.0340713,0.162708,0
0.0314929,0.0610413,0.131677,0
0.0106034,0.0503921,0.134618,0
0.0614146,0.164029,0.159363,0
0.124256,0.138022,0.143892,0
0.00509201,0.160373,0.163444,0
0.0927838,0.0308728,0.168977,0
0.0801756,0.0768128,0.215111,0
0.0121352,0.129716,0.172499,0
0.121626,0.118076,0.200641,0
0.0762465,0.139582,0.185617,0
0.167217,0.0983329,0.0787131,1
0.183153,0.00617081,0.0502037,1
0.153091,0.101008,0.103969,1
0.182991,0.099461,0.0757503,1
0.156399,0.218315,0.0961166,1
0.129794,0.131802,0.0417036,1
0.177549,0.114084,0.100773,1
0.128157,0.109538,0.068757,1
0.211131,0.163847,0.00892981,1
0.221284,0.0861017,0.0543021,1
0.173224,0.108369,0.0931617,1
0.165164,0.223909,0.106151,1
0.127452,0.202174,0.0527953,1
0.178272,0.0583863,0.103104,1
0.189018,0.0585144,0.00543402,1
0.168706,0.0282231,0.0750402,1
0.199831,0.000351203,0.0685295,1
0.168545,0.0644726,0.0381483,1
0.219765,0.146746,0.0996444,1
0.212412,0.154447,0.110921,1
0.148884,0.097096,0.0697957,1
0.209779,0.0853572,0.0947659,1
0.167124,0.00330007,0.0921743,1
0.215306,0.0479683,0.0374812,1
0.209316,0.113132,0.0884643,1
0.143855,0.167645,0.0833058,1
0.183085,0.0321285,0.0145662,1
0.131463,0.0248089,0.110943,1
0.137622,0.172059,0.0331538,1
0.205548,0.134537,0.0684505,1
0.151019,0.0989898,0.0416902,1
0.131356,0.190631,0.0711721,1
0.161601,0.18139,0.00206282,1
0.139133,0.0370294,0.0144814,1
0.137104,0.055006,0.0769087,1
0.20638,0.0292328,0.0107072,1
0.202925,0.196037,0.0717264,1
0.168673,0.00432836,0.0443486,1
0.196996,0.187896,0.105545,1
0.168561,0.0728892,0.0874089,1
0.153311,0.0718641,0.020138,1
0.145969,0.161463,0.0811379,1
0.145203,0.193612,0.00370436,1
0.203064,0.110112,0.000725287,1
0.148048,0.11378,0.0900943,1
0.163833,0.0988056,0.0407673,1
0.182807,0.0445468,0.0835399,1
0.177873,0.151838,0.00874526,1
0.147516,0.01875,0.076657,1
0.188566,0.132862,0.0214111,1
0.210334,0.0073321,0.0525599,1
0.13352,0.0475259,0.0327749,1
0.222958,0.219235,0.0811362,1
0.137487,0.113801,0.0576132,1
0.175261,0.0304474,0.0177744,1
0.127459,0.133768,0.0181112,1
0.127929,0.0810383,0.0199256,1
0.169896,0.103371,0.100537,1
0.220379,0.131632,0.0551751,1
0.126741,0.101176,0.0632414,1
0.211101,0.030872,0.095411,1
0.156869,0.164857,0.0684984,1
0.203141,0.146526,0.0292463,1
0.130694,0.0805371,0.00156549,1
0.154753,0.104179,0.01185,1
0.128969,0.0636908,0.0846096,1
0.22223,0.197974,0.0318263,1
0.140553,0.00277797,0.0916145,1
0.172921,0.0406127,0.0984345,1
0.164012,0.180826,0.0293715,1
0.145086,0.0843959,0.0830014,1
0.216217,0.166794,0.0146922,1
0.175582,0.00507643,0.0561991,1
0.138808,0.0038443,0.072031,1
0.161529,0.0587461,0.0635787,1
0.171779,0.171036,0.0174847,1
0.204191,0.156828,0.111067,1
0.20822,0.147887,0.099357,1
0.198458,0.10134,0.0177098,1
0.185575,0.195274,0.0844688,1
0.149532,0.152808,0.101448,1
0.172951,0.185161,0.10243,1
0.139469,0.0320262,0.0324119,1
0.221059,0.0924978,0.0763718,1
0.167565,0.11088,0.0943483,1
0.134149,0.209261,0.103629,1
0.126232,0.197484,0.0508339,1
0.208526,0.0798849,0.0415842,1
0.127881,0.0544065,0.101481,1
0.16681,0.191983,0.0125209,1
0.166955,0.040405,0.0488486,1
0.212699,0.036546,0.0391011,1
0.185952,0.0902895,0.0886964,1
0.131237,0.169572,0.075101,1
0.176194,0.0872346,0.0170399,1
0.146054,0.0390958,0.00875037,1
0.177349,0.19414,0.065033,1
0.135658,0.0511092,0.0289691,1
0.154627,0.0224529,0.106767,1
0.203662,0.0269393,0.0361759,1
0.213643,0.0214173,0.0618725,1
0.150799,0.0899639,0.0310187,1
0.213073,0.141367,0.0566074,1
0.223816,0.142947,0.0550862,1
0.199709,0.218725,0.0575072,1
0.209741,0.0455911,0.0289702,1
0.14137,0.210931,0.00584156,1
0.163263,0.197831,0.0202436,1
0.147756,0.200222,0.0567123,1
0.152739,0.158439,0.0369911,1
0.156441,0.00802498,0.109394,1
0.203742,0.150608,0.111548,1
0.162355,0.157047,0.0311996,1
0.208937,0.153649,0.093935,1
0.206103,0.155078,0.112868,1
0.21193,0.148833,0.111545,1
0.14124,0.0409073,0.0101303,1
0.138128,0.146867,0.0467721,1
0.171815,0.221616,0.110339,1
0.205989,0.0410537,0.0504135,1
0.155057,0.107961,0.10003,1
0.208277,0.154485,0.109862,1
0.211039,0.148996,0.111764,1
0.207432,0.157545,0.110426,1
0.210826,0.157321,0.115558,2
0.208038,0.155943,0.115972,2
0.206158,0.155857,0.116216,2
0.166016,0.122794,0.153889,2
0.215929,0.171783,0.134976,2
0.209993,0.153483,0.114117,2
0.209016,0.153971,0.114797,2
0.209733,0.153871,0.115054,2
0.210647,0.158003,0.115006,2
0.20454,0.152826,0.119052,2
0.150595,0.224453,0.161649,2
0.176498,0.176389,0.113807,2
0.208377,0.0381091,0.126638,2
0.173915,0.0249658,0.203247,2
0.16814,0.0947184,0.136672,2
0.167386,0.204047,0.155085,2
0.174935,0.0114582,0.135503,2
0.158781,0.158047,0.198013,2
0.194564,0.163043,0.154239,2
0.211612,0.154825,0.115025,2
0.159483,0.13407,0.148951,2
0.211035,0.156125,0.11875,2
0.180022,0.139354,0.119153,2
0.173279,0.0507982,0.200167,2
0.175317,0.107709,0.168882,2
0.159667,0.0716581,0.209765,2
0.159538,0.03374,0.140663,2
0.19789,0.119785,0.196814,2
0.196751,0.0603095,0.2118,2
0.127852,0.106117,0.168801,2
0.208642,0.152857,0.121434,2
0.17815,0.0813775,0.143951,2
0.183312,0.123817,0.156314,2
0.157756,0.011319,0.154165,2
0.204229,0.160355,0.220055,2
0.204074,0.1495,0.135353,2
0.149522,0.192754,0.184121,2
0.146101,0.181557,0.16975,2
0.134707,0.209173,0.142831,2
0.208933,0.154252,0.115922,2
0.173083,0.00272124,0.197406,2
0.208308,0.157923,0.115121,2
0.171688,0.224594,0.18118,2
0.224133,0.214218,0.193295,2
0.144118,0.0621519,0.125628,2
0.133904,0.113391,0.178416,2
0.193052,0.177583,0.183349,2
0.20652,0.184898,0.191566,2
0.138298,0.12653,0.19624,2
0.220463,0.222297,0.159119,2
0.131553,0.0654945,0.222907,2
0.143649,0.151338,0.13445,2
0.197431,0.160161,0.178322,2
0.190335,0.201907,0.129761,2
0.208959,0.156541,0.114727,2
0.204271,0.154048,0.113578,2
0.194814,0.0879431,0.122063,2
0.181852,0.0448425,0.212681,2
0.16536,0.0654548,0.172535,2
0.175307,0.08418,0.217157,2
0.206345,0.152795,0.115495,2
0.207775,0.0726497,0.151004,2
0.149417,0.183687,0.157214,2
0.168749,0.0243491,0.215098,2
0.136218,0.218836,0.210901,2
0.211357,0.206917,0.199923,2
0.192763,0.0479412,0.168567,2
0.183428,0.117933,0.160101,2
0.148676,0.00388163,0.149588,2
0.195741,0.208208,0.190338,2
0.148158,0.154442,0.20124,2
0.133579,0.0927013,0.145853,2
0.209269,0.150338,0.114014,2
0.149245,0.0659476,0.147686,2
0.186691,0.109719,0.127307,2
0.172197,0.104456,0.215088,2
0.200514,0.0275263,0.203626,2
0.138181,0.0702578,0.130085,2
0.214798,0.13941,0.15477,2
0.213591,0.155807,0.117116,2
0.193148,0.132663,0.163566,2
0.190026,0.175322,0.114134,2
0.147684,0.0103398,0.222941,2
0.215788,0.118587,0.206977,2
0.166605,0.000826545,0.164346,2
0.207603,0.153631,0.114983,2
0.209913,0.134641,0.208259,2
0.204494,0.156347,0.116911,2
0.208147,0.15522,0.117438,2
0.214839,0.0971154,0.130776,2
0.152586,0.159765,0.159665,2
0.182323,0.112099,0.151917,2
0.214097,0.00720131,0.205862,2
0.161677,0.0753343,0.141768,2
0.171131,0.169906,0.119076,2
0.162574,0.0723937,0.189272,2
0.174638,0.0487916,0.149303,2
0.208968,0.152152,0.116539,2
0.210496,0.155977,0.115751,2
0.187598,0.11188,0.187956,2
0.215897,0.0487205,0.173886,2
0.220804,0.131351,0.185284,2
0.169895,0.00385143,0.186627,2
0.193743,0.0524302,0.124042,2
0.19993,0.113964,0.181443,2
0.208624,0.202934,0.130988,2
0.182858,0.00513483,0.113052,2
0.187992,0.17422,0.187804,2
0.139659,0.209653,0.175868,2
0.140435,0.154038,0.129443,2
0.206849,0.150484,0.115825,2
0.206517,0.158756,0.117458,2
0.134881,0.203925,0.123687,2
0.190941,0.222993,0.119741,2
0.140286,0.133276,0.205217,2
0.191772,0.166735,0.212917,2
0.223824,0.209464,0.130595,2
0.16511,0.126265,0.152183,2
0.209078,0.154025,0.115723,2
0.203859,0.153381,0.114404,2
0.2092,0.155941,0.12086,2
0.207828,0.151899,0.115721,2
0.209972,0.157005,0.114668,2
0.182855,0.0563585,0.115806,2
0.132465,0.0398674,0.183409,2
0.207879,0.151157,0.113409,2
0.204046,0.151341,0.113322,2
0.12616,0.0658385,0.218167,2
0.206479,0.15349,0.112968,2
0.20342,0.151067,0.11281,2
0.147799,0.0213021,0.112843,2
0.101223,0.19324,0.116374,3
0.064287,0.125642,0.116009,3
0.037121,0.13083,0.0761642,3
0.111093,0.128137,0.105755,3
0.119529,0.0284126,0.0978378,3
0.0246063,0.10913,0.0918049,3
0.106921,0.0925472,0.070996,3
0.047277,0.0894867,0.0855486,3
0.0979052,0.0485991,0.0755406,3
0.125827,0.111571,0.0764696,3
0.0258517,0.066977,0.0654252,3
0.0582453,0.112658,0.0328473,3
0.0168866,0.0531361,0.114021,3
0.116857,0.095706,0.0228015,3
0.04023,0.0854181,0.0269093,3
0.0488998,0.0478677,0.0755167,3
0.0244525,0.0124595,0.00170583,3
0.061791,0.12962,0.0984868,3
0.00143189,0.0354642,0.0550873,3
0.111629,0.0954099,0.0308106,3
0.000110108,0.168207,0.0542505,3
0.0080627,0.217558,0.0251301,3
0.0562707,0.0836382,0.0756081,3
0.00869632,0.0882862,0.0499875,3
0.107216,0.14398,0.0811088,3
0.0271338,0.196988,0.112318,3
0.105713,0.216975,0.0904112,3
0.0693112,0.14715,0.107363,3
0.120841,0.209851,0.0155799,3
0.0411589,0.157265,0.0098405,3
0.0773216,0.151193,0.112726,3
0.0315482,0.0696045,0.0474987,3
0.0429137,0.167785,0.112009,3
0.0564226,0.151314,0.111383,3
0.104123,0.210555,0.108802,3
0.0399331,0.0782537,0.0712137,3
0.0452135,0.148442,0.0130243,3
0.0550181,0.222589,0.0407466,3
0.111527,0.143803,0.0737045,3
0.0913063,0.101944,0.00752603,3
0.00552738,0.00496686,0.0416374,3
0.113977,0.212494,0.0171222,3
0.109255,0.157796,0.0102961,3
0.0165652,0.134842,0.039812,3
0.119148,0.115342,0.0110762,3
0.0905522,0.167399,0.0806178,3
0.106367,0.0883565,0.0508764,3
0.0820539,0.182361,0.0395439,3
0.112782,0.136913,0.0442534,3
0.111775,0.0934738,0.0295077,3
0.043428,0.0904133,0.0788834,3
0.117298,0.152898,0.112681,3
0.0598989,0.132163,0.0530957,3
0.0714348,0.16345,0.0754126,3
0.0235831,0.0825967,0.0901546,3
0.0775256,0.190769,0.111557,3
0.0624809,0.0550072,0.0936709,3
0.0426152,0.00397573,0.0548802,3
0.0359009,0.179971,0.0681292,3
0.00132984,0.152699,0.0250357,3
0.0179778,0.0113713,0.0541858,3
0.11263,0.123479,0.0912161,3
0.0711464,0.206712,0.0181486,3
0.0716767,0.160294,0.0507456,3
0.0638944,0.0989651,0.0242174,3
0.114324,0.0186212,0.0680747,3
0.0386983,0.157251,0.0638377,3
0.0266923,0.16026,0.0560158,3
0.0770517,0.202826,0.0740312,3
0.0177783,0.0829688,0.0155247,3
0.0719151,0.132824,0.0773789,3
0.0157953,0.126286,0.00086738,3
0.0773918,0.0286747,0.090944,3
0.0564293,0.214978,0.116673,3
0.0438792,0.0662559,0.0692503,3
0.00509682,0.186321,0.0393983,3
0.0931985,0.172259,0.115668,3
0.030164,0.0209704,0.0669239,3
0.0725355,0.101822,0.016629,3
0.103476,0.0274555,0.0406552,3
0.10338,0.0202676,0.0108097,3
0.0849155,0.070778,0.0595986,3
0.0246422,0.0358897,0.043943,3
0.115705,0.214455,0.0119397,3
0.0978115,0.155458,0.0610861,3
0.0250698,0.0569926,0.0938895,3
0.0649686,0.180002,0.0540542,3
0.0505223,0.0993439,0.096125,3
0.0196322,0.153724,0.0568847,3
0.0277972,0.068035,0.0681206,3
0.0248763,0.083134,0.0108284,3
0.0630763,0.166015,0.0134492,3
0.0522493,0.0294172,0.0553008,3
0.019917,0.0688302,0.0327187,3
0.0437743,0.137433,0.0763981,3
0.0456991,0.204508,0.117363,3
0.103522,0.172898,0.0415988,3
0.0941347,0.13175,0.0336271,3
0.0742151,0.0636165,0.0540915,3
0.0598094,0.0778576,0.103033,3
0.0597594,0.187416,0.0113259,3
0.0805816,0.104176,0.0542975,3
0.118225,0.0462375,0.115891,3
0.00661206,0.0991014,0.0808356,3
0.0691803,0.215072,0.110162,3
0.119177,0.0419021,0.0891063,3
0.0013663,0.146131,0.111023,3
0.0196216,0.129475,0.012405,3
0.0499125,0.157215,0.0525231,3
0.0145461,0.133197,0.0475462,3
0.0868036,0.143215,0.00417552,3
0.117179,0.0884524,0.110414,3
0.0181445,0.205504,0.0503398,3
0.117448,0.139367,0.0583248,3
0.0397622,0.18071,0.0190953,3
0.0475338,0.101614,0.0796533,3
0.0844381,0.0641644,0.0241821,3
0.0692416,0.0292113,0.0229169,3
0.0456371,0.137392,0.100601,3
0.115603,0.00114672,0.107837,3
0.0701018,0.173856,0.0275429,3
0.0391828,0.208422,0.112798,3
0.020452,0.00315628,0.108628,3
0.0498543,0.0615556,0.110419,3
