x coord,y coord,z coord,rank
0.124399,0.0391085,0.121384,0
0.125555,0.0381108,0.119155,0
0.125923,0.0326373,0.121839,0
0.126655,0.0401039,0.120782,0
0.216115,0.0762906,0.121108,0
0.12496,0.0367708,0.125,0
0.116141,0.0435985,0.132583,0
0.127809,0.0358999,0.116726,0
0.130338,0.0657288,0.120944,0
0.188632,0.0520088,0.134321,0
0.0239871,0.0588368,0.212715,0
0.0192465,0.00732813,0.154406,0
0.0198542,0.063053,0.21199,0
0.0479366,0.0519907,0.160683,0
0.178985,0.0472312,0.191052,0
0.127853,0.0353581,0.11808,0
0.0121542,0.0445078,0.177579,0
0.0952958,0.0297029,0.144161,0
0.125201,0.0408704,0.118836,0
0.128354,0.0377117,0.118634,0
0.0889664,0.0360969,0.217846,0
0.0921191,0.0510548,0.17298,0
0.140217,0.0811256,0.210479,0
0.0846896,0.0105374,0.142838,0
0.0851912,0.0581775,0.147132,0
0.00416009,0.0273893,0.118677,0
0.167792,0.0694212,0.132458,0
0.166093,0.00653997,0.149884,0
0.0543313,0.0530483,0.158236,0
0.0159563,0.0192442,0.124489,0
0.130662,0.0385502,0.121548,0
0.0920175,0.00899045,0.184373,0
0.0537383,0.0172592,0.164874,0
0.0655816,0.0643174,0.214035,0
0.125368,0.0378938,0.118833,0
0.0113731,0.0591092,0.125103,0
0.0862691,0.034452,0.193992,0
0.0300953,0.0265383,0.18113,0
0.0638365,0.0282176,0.194349,0
0.101113,0.0798741,0.224211,0
0.192937,0.0619897,0.212208,0
0.09083,0.016269,0.1392,0
0.199642,0.0336381,0.178826,0
0.10224,0.0842102,0.199977,0
0.206281,0.0559491,0.171666,0
0.13209,0.0363622,0.119126,0
0.0125292,0.0117044,0.156218,0
0.0358623,0.0117695,0.167464,0
0.00116058,0.00856987,0.177738,0
0.0735369,0.0148577,0.218704,0
0.208736,0.0603459,0.143582,0
0.105634,0.00905883,0.188695,0
0.0862082,0.0374677,0.175122,0
0.19416,0.056786,0.21882,0
0.0134238,0.0297473,0.187412,0
0.0600826,0.00575301,0.18567,0
0.0946284,0.0181307,0.141522,0
0.124504,0.0411298,0.121395,0
0.124506,0.0434194,0.1179,0
0.0899996,0.0718545,0.158476,0
0.0569449,0.048802,0.159104,0
0.100252,0.0158152,0.133018,0
0.035693,0.0624371,0.123096,0
0.177091,0.0666979,0.162707,0
0.115848,0.079278,0.129573,0
0.0774469,0.0725572,0.159742,0
0.0566946,0.0498067,0.209662,0
0.121345,0.0634055,0.19151,0
0.170116,0.0534049,0.161082,0
0.13014,0.0305496,0.218022,0
0.124432,0.0383026,0.116347,0
0.13204,0.0414692,0.120747,0
0.166468,0.0194215,0.175934,0
0.129759,0.037549,0.118853,0
0.0286016,0.0103611,0.208934,0
0.181838,0.04585,0.224259,0
0.201566,0.0708307,0.202612,0
0.0875349,0.0321003,0.211205,0
0.125284,0.0308981,0.119273,0
0.127676,0.0394588,0.118976,0
0.126995,0.0337718,0.211461,0
0.0195707,0.0598107,0.196448,0
0.200229,0.0707544,0.128823,0
0.0431833,0.0131577,0.128705,0
0.12745,0.0413471,0.123875,0
0.118389,0.0693689,0.150289,0
0.124031,0.0377239,0.116748,0
0.218172,0.00829116,0.170594,0
0.159411,0.0245832,0.217621,0
0.127379,0.0440362,0.122605,0
0.17783,0.0373438,0.190041,0
0.152984,0.0622204,0.149046,0
0.13172,0.0364797,0.121244,0
0.12193,0.0844725,0.186289,0
0.140479,0.0793714,0.214929,0
0.201955,0.0312336,0.220914,0
0.125497,0.0367359,0.121064,0
0.125615,0.0399185,0.119733,0
0.1257,0.0354092,0.11971,0
0.137836,0.0667051,0.125754,0
0.124977,0.039076,0.120806,0
0.129762,0.0390339,0.116492,0
0.182874,0.00667826,0.127859,0
0.124479,0.0442349,0.116364,0
0.200479,0.0288142,0.138675,0
0.224852,0.0299752,0.165404,0
0.176511,0.0771607,0.196117,0
0.13088,0.0396185,0.121415,0
0.1623,0.0720411,0.194623,0
0.224058,0.0355739,0.14544,0
0.124469,0.0361443,0.119685,0
0.131227,0.0389445,0.122445,0
0.181909,0.00633936,0.220168,0
0.182232,0.0758449,0.119977,0
0.121245,0.0481169,0.180146,0
0.186071,0.0289743,0.127019,0
0.145034,0.0232316,0.132403,0
0.127315,0.0383197,0.126613,0
0.132843,0.0414561,0.116642,0
0.13146,0.0383996,0.120825,0
0.126229,0.0322573,0.120574,0
0.104624,0.114369,0.0421046,1
0.103716,0.141064,0.0151453,1
0.155011,0.187177,0.00294698,1
0.0605169,0.205197,0.102157,1
0.102095,0.106931,0.0289587,1
0.159266,0.131342,0.0529963,1
0.118892,0.121458,0.0674504,1
0.136033,0.157039,0.0420188,1
0.132522,0.169013,0.0581073,1
0.206404,0.198534,0.0766834,1
0.176067,0.171846,0.00860999,1
0.224795,0.108551,0.0283594,1
0.170225,0.184657,0.0305633,1
0.00105383,0.198309,0.0441027,1
0.17456,0.168698,0.0707004,1
0.217715,0.204596,0.0350164,1
0.0917934,0.103311,0.0949746,1
0.17695,0.10223,0.037737,1
0.21767,0.201389,0.0675587,1
0.0718106,0.214981,0.066028,1
0.059537,0.157155,0.0275373,1
0.015715,0.124351,0.0746585,1
0.181508,0.0913683,0.0774854,1
0.123682,0.212277,0.0517252,1
0.206598,0.185395,0.0556467,1
0.00627836,0.134943,0.00344696,1
0.14411,0.121943,0.0277042,1
0.161332,0.223338,0.0428542,1
0.125455,0.207933,0.0726114,1
0.0216884,0.092625,0.0433676,1
0.190661,0.158615,0.0205628,1
0.0102458,0.0946591,0.0665731,1
0.214522,0.219708,0.0243413,1
0.192683,0.195286,0.0540439,1
0.089228,0.128803,0.0351482,1
0.209603,0.137853,0.0289739,1
0.000263314,0.128668,0.0154234,1
0.125648,0.123435,0.0716969,1
0.198475,0.130291,0.0324721,1
0.164153,0.146719,0.0958995,1
0.201639,0.141262,0.0849744,1
0.166392,0.198337,0.0264957,1
0.00338474,0.124669,0.0462752,1
0.0291305,0.181669,0.0313628,1
0.0864936,0.162668,0.0144949,1
0.0922502,0.219736,0.0234628,1
0.142191,0.183604,0.023261,1
0.056793,0.0963598,0.105207,1
0.182329,0.156274,0.016575,1
0.0460238,0.193421,0.0998342,1
0.186361,0.121244,0.00522986,1
0.119907,0.190474,0.0694165,1
0.221122,0.128571,0.0994597,1
0.204037,0.156825,0.108214,1
0.0696094,0.219284,0.050144,1
0.219315,0.145627,0.012214,1
0.117474,0.142062,0.00939755,1
0.051595,0.191686,0.095315,1
0.0910966,0.195937,0.059284,1
0.0198345,0.144087,0.0777266,1
0.112075,0.0902771,0.0509265,1
0.063885,0.202489,0.0312205,1
0.0808413,0.217111,0.0333139,1
0.0445446,0.188055,0.0199492,1
0.00990586,0.161768,0.103515,1
0.126616,0.203099,0.0180484,1
0.0117179,0.13657,0.0380402,1
0.20655,0.144042,0.0430988,1
0.163616,0.193327,0.0857859,1
0.124756,0.172275,0.0755348,1
0.16372,0.207142,0.0515881,1
0.211814,0.148004,0.102581,1
0.0561011,0.150337,0.0156296,1
0.182052,0.115418,0.0208429,1
0.123994,0.107966,0.100118,1
0.042419,0.169421,0.0840421,1
0.0754855,0.152254,0.0952705,1
0.113255,0.147587,0.09501,1
0.174599,0.126237,0.0544754,1
0.0818427,0.212088,0.0167695,1
0.122929,0.120779,0.0777011,1
0.168589,0.19992,0.00655612,1
0.0512502,0.195127,0.0835631,1
0.110576,0.143924,0.0107631,1
0.0667722,0.129186,0.00566152,1
0.109948,0.108438,0.0302208,1
0.0812703,0.201005,0.0442652,1
0.026149,0.110465,0.0771072,1
0.00467525,0.0898233,0.0835634,1
0.132572,0.184976,0.110551,1
0.175651,0.104967,0.0974005,1
0.128305,0.116168,0.0427201,1
0.101253,0.189743,0.0050143,1
0.131491,0.210481,0.0875533,1
0.0597615,0.209781,0.0289732,1
0.0678616,0.157082,0.102008,1
0.072624,0.10674,0.0960892,1
0.168935,0.11704,0.0362449,1
0.0419892,0.132045,0.0594638,1
0.111875,0.190989,0.098026,1
0.115259,0.162866,0.101523,1
0.000796001,0.128347,0.0151158,1
0.000746375,0.184443,0.0187271,1
0.201941,0.101745,0.0241822,1
0.0635978,0.162305,0.043153,1
0.219592,0.189894,0.112235,1
0.126962,0.206703,0.106327,1
0.138622,0.093158,0.00473606,1
0.172099,0.15767,0.0857864,1
0.165078,0.13607,0.0322557,1
0.140313,0.110782,0.0756125,1
0.117001,0.173854,0.104204,1
0.0532807,0.166018,0.104401,1
0.193598,0.150874,0.0949424,1
0.158674,0.195866,0.0957054,1
0.0920125,0.162741,0.0985538,1
0.0760171,0.161953,0.00690854,1
0.0777669,0.18863,0.0197789,1
0.07524,0.158454,0.000343885,1
0.00739951,0.107234,0.0149338,1
0.082207,0.0915161,0.0928236,1
0.0846274,0.176096,0.103959,1
0.0185887,0.121274,0.0648483,1
0.211654,0.0953491,0.112208,1
0.0715236,0.0887002,0.0704378,1
0.00806565,0.120727,0.116528,2
0.150435,0.138314,0.115917,2
0.127694,0.224616,0.113743,2
0.180024,0.150446,0.117179,2
0.191287,0.189631,0.120727,2
0.217622,0.197013,0.176109,2
0.21597,0.0900645,0.18817,2
0.147088,0.0926141,0.14812,2
0.14488,0.157905,0.208397,2
0.150467,0.149852,0.204019,2
0.0436323,0.129266,0.190361,2
0.221778,0.194712,0.1944,2
0.0623914,0.160655,0.12302,2
0.0554971,0.194665,0.223731,2
0.187287,0.158903,0.212914,2
0.0433878,0.135136,0.154851,2
0.186752,0.144889,0.187692,2
0.132784,0.142438,0.140279,2
0.21232,0.169581,0.172142,2
0.0782279,0.190388,0.123649,2
0.106861,0.202966,0.131423,2
0.170575,0.217448,0.154623,2
0.213597,0.130879,0.145817,2
0.22088,0.149829,0.158241,2
0.134583,0.120874,0.143666,2
0.144737,0.161833,0.190748,2
0.102429,0.141873,0.203279,2
0.122633,0.181755,0.180616,2
0.184282,0.178168,0.126263,2
0.219949,0.210746,0.204038,2
0.140373,0.158043,0.153784,2
0.146137,0.207041,0.209137,2
0.176535,0.102201,0.185087,2
0.0801161,0.18368,0.198072,2
0.0393603,0.175473,0.224142,2
0.00613005,0.174493,0.147129,2
0.20965,0.0985764,0.163257,2
0.201493,0.200273,0.113117,2
0.203212,0.220206,0.168631,2
0.038772,0.203787,0.142116,2
0.087349,0.216506,0.175688,2
0.017131,0.131455,0.201724,2
0.189162,0.185954,0.164915,2
0.103085,0.173743,0.117105,2
0.125217,0.154034,0.139497,2
0.134923,0.119367,0.144725,2
0.0908402,0.179154,0.130792,2
0.139383,0.10892,0.184032,2
0.0831732,0.141778,0.159548,2
0.00495261,0.219647,0.214361,2
0.0329578,0.165431,0.197863,2
0.19216,0.212091,0.21221,2
0.171432,0.155955,0.173152,2
0.106473,0.098351,0.170129,2
0.0261943,0.177917,0.119223,2
0.126652,0.121392,0.171619,2
0.203442,0.222781,0.22168,2
0.209873,0.215946,0.182531,2
0.0237625,0.1003,0.201969,2
0.193457,0.164283,0.147789,2
0.0014879,0.211208,0.216788,2
0.0846636,0.21465,0.148337,2
0.194893,0.133112,0.176,2
0.179221,0.155061,0.206783,2
0.0610683,0.110951,0.171936,2
0.0513513,0.188348,0.167149,2
0.213283,0.115833,0.196634,2
0.00968891,0.0970095,0.185272,2
0.174582,0.196611,0.12776,2
0.194151,0.102981,0.152764,2
0.173748,0.220668,0.122242,2
0.0400495,0.218646,0.121159,2
0.0695728,0.154185,0.141516,2
0.121773,0.151792,0.141916,2
0.0941328,0.177217,0.219333,2
0.167563,0.0987364,0.155427,2
0.215006,0.167752,0.182347,2
0.0541241,0.100835,0.121324,2
0.0725055,0.179808,0.165946,2
0.00875995,0.201135,0.113126,2
0.0437326,0.199945,0.219551,2
0.154321,0.219724,0.163461,2
0.121659,0.139739,0.200247,2
0.0935566,0.150136,0.212673,2
0.177161,0.125759,0.212535,2
0.0916659,0.110327,0.222544,2
0.135142,0.111816,0.215707,2
0.0454758,0.152075,0.15756,2
0.0195758,0.2163,0.13863,2
0.00938454,0.0941314,0.162691,2
0.0654694,0.103872,0.153637,2
0.0570575,0.17196,0.211124,2
0.0920169,0.199421,0.161259,2
0.218967,0.0939988,0.16146,2
0.204873,0.105538,0.184696,2
0.0639698,0.164538,0.195522,2
0.0871292,0.21951,0.145113,2
0.0504595,0.103589,0.194828,2
0.120587,0.15432,0.138045,2
0.0601949,0.185308,0.186421,2
0.108198,0.149558,0.189149,2
0.0273208,0.211663,0.125484,2
0.105618,0.196489,0.128913,2
0.0308655,0.172393,0.155805,2
0.0131883,0.0940506,0.124783,2
0.0601929,0.171469,0.15292,2
0.0180953,0.0983538,0.206635,2
0.165723,0.120961,0.218358,2
0.165191,0.10974,0.192922,2
0.0245031,0.181969,0.148356,2
0.037696,0.210436,0.151853,2
0.0676714,0.175495,0.143871,2
0.0736811,0.0903792,0.186785,2
0.0874699,0.0924722,0.200433,2
0.0161377,0.168589,0.223135,2
0.0891724,0.154044,0.216472,2
0.0394095,0.191831,0.145305,2
0.07691,0.147966,0.147039,2
0.144993,0.113161,0.122252,2
0.0929757,0.166078,0.167794,2
0.0185741,0.116974,0.191476,2
0.0430254,0.0931283,0.223933,2
0.0692266,0.126794,0.128049,2
0.0909961,0.134855,0.138954,2
0.0545215,0.0915756,0.200197,2
0.138323,0.0101287,0.0248901,3
0.128092,0.0319833,0.0245193,3
0.174565,0.0860754,0.106487,3
0.187997,0.0704994,0.0634444,3
0.111412,0.0729666,0.0479799,3
0.0521274,0.0662899,0.0497307,3
0.0903481,0.0299103,0.0411576,3
0.199415,0.0178819,0.0415862,3
0.0973851,0.0671693,0.0738007,3
0.136114,0.0827635,0.0645275,3
0.0304101,0.00532066,0.0448405,3
0.0857452,0.0483977,0.0464456,3
0.0101237,0.0570242,0.110578,3
0.126435,0.0388743,0.112739,3
0.124341,0.0298127,0.115539,3
0.0669555,0.0546229,0.0634432,3
0.0803342,0.027871,0.0634507,3
0.00560481,0.0829814,0.0329207,3
0.116833,0.0752669,0.0722425,3
0.1926,0.0682644,0.109865,3
0.00648079,0.0254569,0.0173527,3
0.0289668,0.0630145,0.055498,3
0.133265,0.0681456,0.0243255,3
0.152709,0.0849732,0.10473,3
0.223041,0.00712932,0.0407783,3
0.0944209,0.00130362,0.0764332,3
0.162168,0.0791904,0.10977,3
0.160582,0.0670433,0.000712901,3
0.11152,0.0104727,0.0094467,3
0.152953,0.0312272,0.0372183,3
0.145807,0.0361938,0.000588007,3
0.218939,0.032324,0.0390528,3
0.0284439,0.0617938,0.0898608,3
0.0259443,0.0574221,0.0673001,3
0.103511,0.0222267,0.0369461,3
0.0669706,0.0368179,0.0933015,3
0.108234,0.0692187,0.0427239,3
0.138298,0.0654763,0.00975423,3
0.0956424,0.0152962,0.1007,3
0.188055,0.0774323,0.0351723,3
0.11963,0.0323372,0.111917,3
0.122225,0.00270378,0.0250516,3
0.0346994,0.00838275,0.074505,3
0.146994,0.0379399,0.0024277,3
0.127374,0.0394242,0.115238,3
0.0354287,0.0166477,0.026442,3
0.0609145,0.00482249,0.0669325,3
0.144855,0.0216731,0.0698155,3
0.158611,0.0391962,0.0370528,3
0.16127,0.00294688,0.0430506,3
0.182512,0.0146064,0.0141947,3
0.0671565,0.0316464,0.0803995,3
0.132719,0.0491549,0.0543612,3
0.201761,0.0516782,0.0409294,3
0.0352385,0.0629272,0.109593,3
0.0745563,0.00604916,0.015873,3
0.0894388,0.0667523,0.0593243,3
0.176569,0.0195015,0.05194,3
0.166656,0.0853342,0.106659,3
0.0182638,0.0176923,0.0840286,3
0.0170799,0.0585746,0.0589242,3
0.124612,0.0423873,0.114253,3
0.182482,0.066625,0.0417724,3
0.192361,0.0428183,0.0419162,3
0.210384,0.0100587,0.0115252,3
0.10478,0.0684147,0.0857706,3
0.156544,0.0600636,0.0668637,3
0.13911,0.0384661,0.0884345,3
0.0863622,0.0312032,0.0426854,3
0.175101,0.030797,0.00644131,3
0.198711,0.0334633,0.101701,3
0.175207,0.067154,0.0854964,3
0.11044,0.0633625,0.011322,3
0.0927967,0.0617178,0.0643218,3
0.149296,0.062554,0.00199078,3
0.0549542,0.0011787,0.100372,3
0.0213707,0.0317574,0.0147774,3
0.155894,0.0659873,0.00194496,3
0.0500928,0.0729903,0.00458079,3
0.0874885,0.0340336,0.0411832,3
0.0810602,0.0578154,0.0251725,3
0.165729,0.00776571,0.0375256,3
0.132314,0.0258816,0.0702105,3
0.150577,0.0519809,0.114623,3
0.0681207,0.0152739,0.0649693,3
0.0244628,0.0585258,0.0246825,3
0.0777626,0.00385203,0.0997087,3
0.0210579,0.0458917,0.107761,3
0.219958,0.0480525,0.0874767,3
0.189582,0.0354423,0.0592588,3
0.171373,0.0239775,0.0246692,3
0.123834,0.0363097,0.110855,3
0.148942,0.0300436,0.0388255,3
0.0783851,0.00330037,0.0800763,3
0.205608,0.0405188,0.0162489,3
0.130368,0.0465583,0.0641984,3
0.0873794,0.0111472,0.0943269,3
0.128591,0.019663,0.0389919,3
0.109165,0.0594573,0.016777,3
0.0550235,0.0803735,0.0948151,3
0.0198388,0.00814509,0.0382617,3
0.0797293,0.0511647,0.0181766,3
0.204671,0.0338517,0.0843752,3
0.206886,0.004628,0.0766167,3
0.0596186,0.0387071,0.0972572,3
0.0684853,0.0517954,0.0351921,3
0.139577,0.0350646,0.0210818,3
0.0818594,0.086019,0.010644,3
0.124738,0.0121961,0.0923106,3
0.21258,0.0375004,0.0154423,3
0.124687,0.0406217,0.113082,3
0.210939,0.0820357,0.0476976,3
0.0543394,0.0832399,0.0227919,3
0.191725,0.0758896,0.0211618,3
0.126254,0.0389704,0.111617,3
0.0410424,0.0355862,0.0807931,3
0.179154,0.0424726,0.0302912,3
0.0718977,0.0161255,0.0799746,3
0.201195,0.0284903,0.0869211,3
0.0260969,0.0803013,0.0885223,3
0.080862,0.00511447,0.0081542,3
0.01028,0.0545622,0.111589,3
0.128493,0.0401723,0.114761,3
0.125676,0.0382549,0.115215,3
0.127173,0.0395856,0.114071,3
0.126598,0.0417499,0.114769,3
0.11115,0.0652096,0.116032,3
0.126542,0.0414945,0.116019,3
0.129805,0.0364094,0.115715,3
