x coord,y coord,z coord,rank
0.168645,0.0195846,0.0460378,0
0.211437,0.0297781,0.0596008,0
0.175713,0.0609416,0.0585118,0
0.172453,0.0638439,0.048755,0
0.156557,0.0539011,0.0466748,0
0.177556,0.065598,0.0157615,0
0.190643,0.0653624,0.0235174,0
0.165617,0.0320868,0.0147008,0
0.169014,0.0223185,0.0276349,0
0.198373,0.0334433,0.0270788,0
0.206252,0.0438924,0.033476,0
0.20031,0.0329841,0.0482516,0
0.164139,0.00249503,0.0734031,0
0.203752,0.0746715,0.0399924,0
0.164738,0.0398592,0.0388264,0
0.182311,0.0259811,0.0370371,0
0.210081,0.0323765,0.0466515,0
0.166485,0.0667642,0.0629658,0
0.172494,0.05224,0.0237054,0
0.191974,0.0446136,0.0262689,0
0.156762,0.0626613,0.018386,0
0.159903,0.0297037,0.0271162,0
0.18267,0.0738219,0.0124718,0
0.180012,0.047122,0.0724828,0
0.160907,0.075178,0.0137076,0
0.155067,0.0561514,0.0726199,0
0.166782,0.0514922,0.0661453,0
0.164339,0.060812,0.0309889,0
0.183611,0.0573682,0.00751713,0
0.184606,0.0265499,0.0505925,0
0.170602,0.0487866,0.0734783,0
0.181234,0.0519305,0.0201163,0
0.209551,0.0734397,0.0676391,0
0.222835,0.045906,0.0616847,0
0.153595,0.0722923,0.0679902,0
0.155479,0.0143516,0.0738046,0
0.175154,0.0600964,0.00664244,0
0.212351,0.0709059,0.0497431,0
0.161136,0.0122428,0.0734179,0
0.157348,0.0350286,0.0435572,0
0.199659,0.0596173,0.0337027,0
0.174309,0.063724,0.0707317,0
0.176097,0.0302491,0.068206,0
0.154031,0.049535,0.0738343,0
0.202036,0.0486727,0.0596171,0
0.174298,0.0174714,0.0511521,0
0.153579,0.0637654,0.034229,0
0.201089,0.0171071,0.0685926,0
0.156316,0.0363413,0.0679941,0
0.159687,0.0137701,0.047084,0
0.15359,0.0433228,0.0645099,0
0.183498,0.0505915,0.0352497,0
0.168787,0.00700052,0.0574357,0
0.18137,0.0707861,0.0727365,0
0.187727,0.0165327,0.0595005,0
0.206643,0.069094,0.0575916,0
0.164867,0.0291435,0.0734257,0
0.173247,0.00271332,0.0704404,0
0.153603,0.0615394,0.0722636,0
0.154574,0.027774,0.0392886,0
0.212072,0.0455601,0.0718657,0
0.165968,0.0296919,0.0335166,0
0.188151,0.0283493,0.0649036,0
0.165428,0.0471855,0.0199406,0
0.169955,0.056468,0.0121222,0
0.16142,0.0624327,0.0198102,0
0.224964,0.0604159,0.0668619,0
0.157525,0.0485675,0.0675323,0
0.191996,0.0559647,0.0117354,0
0.178764,0.0382142,0.0581384,0
0.219256,0.0596792,0.036113,0
0.16151,0.0396945,0.0132914,0
0.16564,0.0502992,0.0448223,0
0.174752,0.00584138,0.05465,0
0.16617,0.0375885,0.0554288,0
0.153954,0.0568784,0.0640209,0
0.170269,0.0648085,0.0362456,0
0.185371,0.0485434,0.0453827,0
0.187848,0.0637139,0.0661746,0
0.174586,0.0538529,0.0435349,0
0.186016,0.0450043,0.0116401,0
0.161352,0.0408345,0.0571652,0
0.154006,0.0240499,0.0496997,0
0.167458,0.051169,0.00475993,0
0.196328,0.0515702,0.039891,0
0.16655,0.0717837,0.0503943,0
0.178845,0.0219631,0.0726752,0
0.154405,0.046911,0.0563446,0
0.155613,0.0567698,0.0577712,0
0.184694,0.0413973,0.0313454,0
0.170135,0.067928,0.0204014,0
0.199702,0.0213924,0.0439153,0
0.201547,0.0659765,0.0455637,0
0.155986,0.0683856,0.074222,0
0.15469,0.0666096,0.0639323,0
0.18976,0.025187,0.0318798,0
0.173615,0.0310423,0.0427761,0
0.174631,0.0409809,0.0144677,0
0.153684,0.0437281,0.0482208,0
0.163561,0.0568737,0.05992,0
0.159012,0.055315,0.0531428,0
0.155527,0.050695,0.0566323,0
0.153663,0.0648041,0.0440766,0
0.213336,0.0537822,0.0518005,0
0.191115,0.0458184,0.0613029,0
0.176634,0.0265898,0.0236182,0
0.199167,0.0734743,0.0732964,0
0.156761,0.0682412,0.0346803,0
0.181769,0.00698402,0.0659409,0
0.178878,0.0655212,0.043887,0
0.221748,0.0718454,0.0593483,0
0.158541,0.0228043,0.043026,0
0.173457,0.0423431,0.0330213,0
0.190627,0.0410788,0.0500302,0
0.160561,0.0614327,0.0412398,0
0.163919,0.0262163,0.0442984,0
0.158069,0.034282,0.0588312,0
0.155993,0.0733622,0.0189383,0
0.158924,0.0161061,0.0590836,0
0.153717,0.0343146,0.0599108,0
0.208439,0.0707811,0.0236817,0
0.158679,0.0525075,0.0122581,0
0.15804,0.0473027,0.0301774,0
0.203443,0.0562165,0.0463684,0
0.157099,0.0201783,0.0678893,0
0.153831,0.043518,0.0745439,0
0.183701,0.0597845,0.0901559,1
0.200046,0.0451907,0.10975,1
0.164542,0.0238815,0.0931347,1
0.190937,0.0115018,0.0836707,1
0.156721,0.0663574,0.0780706,1
0.21159,0.0581215,0.0975586,1
0.16108,0.0680483,0.0879354,1
0.153756,0.0402865,0.0844077,1
0.162957,0.0347855,0.100429,1
0.176206,0.0416127,0.136534,1
0.198319,0.0530597,0.0830373,1
0.156667,0.0621057,0.105481,1
0.219893,0.050071,0.108986,1
0.166996,0.0386305,0.0817929,1
0.20692,0.0222458,0.0777007,1
0.184699,0.0559345,0.129751,1
0.167031,0.0724638,0.0789343,1
0.173339,0.0297469,0.0926315,1
0.166117,0.0593518,0.122077,1
0.176147,0.0261747,0.111964,1
0.182378,0.0365674,0.0758739,1
0.172062,0.0259169,0.125075,1
0.176288,0.0439279,0.085004,1
0.172091,0.0175504,0.102829,1
0.199109,0.0416682,0.0755792,1
0.173947,0.0702105,0.0973607,1
0.159908,0.0716713,0.142169,1
0.161573,0.0276562,0.112827,1
0.217454,0.0709221,0.105312,1
0.154252,0.0262075,0.0921461,1
0.157515,0.0693531,0.125445,1
0.205439,0.0429947,0.0946293,1
0.166292,0.0428303,0.110412,1
0.161082,0.066993,0.103294,1
0.171633,0.0481772,0.131116,1
0.161614,0.0504601,0.108571,1
0.188584,0.0237338,0.0973076,1
0.158272,0.0193509,0.0803733,1
0.195516,0.0548051,0.127317,1
0.199644,0.0399465,0.128404,1
0.154049,0.0485196,0.101325,1
0.166868,0.0187687,0.0772295,1
0.15392,0.0325009,0.0774548,1
0.217947,0.0396436,0.0797034,1
0.192938,0.0551556,0.0980099,1
0.192009,0.0332535,0.0891635,1
0.155006,0.0579832,0.0790324,1
0.177717,0.066906,0.105374,1
0.16145,0.062902,0.12023,1
0.187423,0.0359208,0.115178,1
0.156626,0.0275487,0.092087,1
0.15579,0.0593678,0.137443,1
0.153639,0.0682514,0.0952471,1
0.158615,0.0338152,0.0752848,1
0.192145,0.0661606,0.10798,1
0.165274,0.0486275,0.0874751,1
0.165863,0.0314672,0.117283,1
0.224656,0.0734726,0.0890351,1
0.153626,0.0754775,0.112298,1
0.196931,0.0711983,0.126515,1
0.181535,0.0167293,0.0863517,1
0.163244,0.0388567,0.123549,1
0.165491,0.0605599,0.0985924,1
0.17133,0.0705667,0.148278,1
0.163602,0.0507554,0.132833,1
0.197861,0.0290686,0.0974342,1
0.169484,0.0564221,0.112094,1
0.175859,0.0650452,0.127129,1
0.177994,0.066447,0.0836182,1
0.18434,0.0504854,0.118239,1
0.176345,0.059506,0.138083,1
0.174811,0.0540029,0.116726,1
0.153736,0.0613841,0.0905785,1
0.154971,0.0708408,0.117845,1
0.171704,0.038912,0.120894,1
0.198319,0.0512489,0.11774,1
0.211606,0.056272,0.082757,1
0.189198,0.0270815,0.1198,1
0.155611,0.0483773,0.102223,1
0.153867,0.0477981,0.092838,1
0.222451,0.0614102,0.0822573,1
0.218756,0.0396225,0.105046,1
0.177446,0.0167954,0.115446,1
0.181772,0.0430157,0.128147,1
0.178915,0.0384691,0.0951337,1
0.214751,0.0703036,0.0819961,1
0.158144,0.0593612,0.127935,1
0.222399,0.071647,0.100135,1
0.153702,0.0607217,0.11622,1
0.154134,0.0334234,0.107137,1
0.154911,0.0645728,0.0886886,1
0.19031,0.0105527,0.101181,1
0.15397,0.0564459,0.087247,1
0.222705,0.0591239,0.0924705,1
0.168021,0.0193086,0.117387,1
0.15523,0.0445755,0.0827674,1
0.167374,0.0711575,0.0960523,1
0.156249,0.0363299,0.100966,1
0.207194,0.0712641,0.106797,1
0.161066,0.0659878,0.13081,1
0.154217,0.0566265,0.108471,1
0.167535,0.0608625,0.0790689,1
0.183257,0.0218872,0.10772,1
0.185669,0.0664859,0.137221,1
0.207019,0.049273,0.103176,1
0.18782,0.0200166,0.0750674,1
0.164462,0.0141445,0.109019,1
0.176531,0.00485553,0.0829541,1
0.171906,0.0361708,0.11072,1
0.173488,0.0440259,0.103846,1
0.163453,0.0233554,0.103851,1
0.190392,0.0321405,0.0756838,1
0.16742,0.00157826,0.0818798,1
0.155819,0.0534572,0.115746,1
0.154817,0.0221172,0.10335,1
0.21152,0.0423644,0.117373,1
0.201058,0.0621411,0.117564,1
0.195902,0.0432972,0.0982032,1
0.205398,0.032082,0.102041,1
0.184405,0.0490265,0.101086,1
0.218149,0.0541279,0.0815653,1
0.159434,0.0400052,0.112084,1
0.195081,0.073352,0.0971574,1
0.157999,0.0307116,0.117486,1
0.188504,0.140676,0.0589157,2
0.170658,0.0776564,0.0439502,2
0.212168,0.0893027,0.0541308,2
0.157872,0.131368,0.0711758,2
0.160563,0.1222,0.0735942,2
0.153587,0.125721,0.0696711,2
0.169997,0.108451,0.069713,2
0.188427,0.086764,0.0346232,2
0.200155,0.0908047,0.0484063,2
0.19539,0.130635,0.0625909,2
0.154722,0.109497,0.0705837,2
0.157197,0.0863919,0.0598505,2
0.190362,0.0920123,0.0693329,2
0.163103,0.115761,0.0491401,2
0.154256,0.0872429,0.0747638,2
0.186234,0.100824,0.0509725,2
0.167662,0.131149,0.0483004,2
0.176512,0.124346,0.0557486,2
0.169567,0.122694,0.0174769,2
0.155561,0.0854555,0.0423399,2
0.214363,0.0845689,0.0257378,2
0.16242,0.116838,0.0160971,2
0.159121,0.0890681,0.04677,2
0.207851,0.0889743,0.0737959,2
0.176434,0.0833501,0.00846929,2
0.155661,0.0790438,0.0552428,2
0.156978,0.130926,0.0525523,2
0.217456,0.0849699,0.0711624,2
0.161994,0.111534,0.0339417,2
0.156896,0.127086,0.0419362,2
0.204668,0.116138,0.0432914,2
0.188123,0.127765,0.0577951,2
0.170835,0.0959565,0.0631858,2
0.190954,0.0855513,0.054868,2
0.153585,0.0885379,0.0663285,2
0.16403,0.0785626,0.0209462,2
0.169276,0.108104,0.0136023,2
0.164286,0.0767543,0.0660998,2
0.177462,0.135792,0.0419579,2
0.192137,0.100242,0.0207101,2
0.165171,0.0840408,0.00839269,2
0.156101,0.115667,0.0549199,2
0.186212,0.0796658,0.0225677,2
0.164331,0.123681,0.0303335,2
0.153661,0.0783679,0.075265,2
0.162339,0.0981623,0.0222529,2
0.156438,0.0867802,0.017064,2
0.153749,0.0769908,0.0440983,2
0.178815,0.130175,0.0723512,2
0.162652,0.0855493,0.028431,2
0.154302,0.12733,0.0613068,2
0.18556,0.141226,0.0694987,2
0.160262,0.107323,0.0503942,2
0.160065,0.125254,0.0608378,2
0.174752,0.0796801,0.0647536,2
0.221397,0.0763674,0.0352515,2
0.21548,0.120271,0.0601712,2
0.190677,0.109033,0.0707209,2
0.16559,0.11148,0.0214273,2
0.168693,0.0926296,0.0169863,2
0.174968,0.116205,0.0335305,2
0.186026,0.0815855,0.0440358,2
0.170473,0.129045,0.0381243,2
0.158643,0.1239,0.0259588,2
0.156889,0.105164,0.0549811,2
0.157194,0.1134,0.0195562,2
0.157323,0.109346,0.0388206,2
0.181854,0.0964037,0.0311,2
0.164762,0.136063,0.0386382,2
0.175041,0.0791023,0.0192052,2
0.182442,0.10591,0.0639454,2
0.205459,0.0806106,0.01592,2
0.161251,0.0915739,0.0562382,2
0.15369,0.0893852,0.0550562,2
0.153611,0.0940421,0.0345227,2
0.210356,0.0993296,0.0424803,2
0.166009,0.121874,0.0687047,2
0.154104,0.0951996,0.0647086,2
0.153609,0.101164,0.0660348,2
0.190353,0.118902,0.0343228,2
0.201831,0.0777309,0.0559753,2
0.222489,0.0925382,0.046917,2
0.184314,0.0984513,0.0710043,2
0.17268,0.125969,0.0681989,2
0.157574,0.0979485,0.0299863,2
0.156928,0.0971476,0.0471165,2
0.175708,0.0807988,0.0370363,2
0.179733,0.142558,0.058444,2
0.178762,0.101777,0.0486043,2
0.223707,0.0998323,0.0699297,2
0.180008,0.0899382,0.0154689,2
0.162777,0.138527,0.0746498,2
0.153881,0.107649,0.0293296,2
0.154413,0.0771558,0.0466674,2
0.194751,0.115666,0.0601563,2
0.211555,0.0987936,0.0299782,2
0.157593,0.140388,0.0660976,2
0.15382,0.110737,0.0601279,2
0.171386,0.0973964,0.00757255,2
0.196749,0.119344,0.0704577,2
0.201482,0.111092,0.0559728,2
0.155018,0.102192,0.0207059,2
0.181288,0.0858017,0.052565,2
0.154642,0.0793347,0.0328302,2
0.188548,0.118142,0.0513784,2
0.161282,0.107845,0.0742041,2
0.21912,0.0981971,0.0598439,2
0.154188,0.102069,0.0479148,2
0.17341,0.132455,0.0594299,2
0.182041,0.112608,0.0236641,2
0.164628,0.0991562,0.0586095,2
0.21056,0.107592,0.0686406,2
0.160714,0.138057,0.0526497,2
0.207197,0.0848435,0.0367879,2
0.167395,0.14665,0.0586404,2
0.166226,0.10092,0.0346945,2
0.178252,0.113993,0.0433935,2
0.188934,0.0869379,0.0155331,2
0.201299,0.111716,0.0335199,2
0.201362,0.10645,0.0423297,2
0.196936,0.135983,0.0476788,2
0.153633,0.1106,0.0438189,2
0.163183,0.115481,0.0592832,2
0.164101,0.0941448,0.075966,2
0.223132,0.0848006,0.0532325,2
0.167045,0.129541,0.0764532,2
0.206182,0.0980932,0.0930562,3
0.161208,0.0893725,0.121464,3
0.158525,0.116827,0.0854298,3
0.188124,0.109372,0.115991,3
0.192218,0.0837346,0.141732,3
0.186347,0.0772012,0.117453,3
0.222959,0.0855299,0.0812876,3
0.167985,0.109394,0.128483,3
0.153599,0.118633,0.0883789,3
0.181216,0.0798003,0.0805383,3
0.169467,0.139996,0.106235,3
0.160581,0.128576,0.120085,3
0.154614,0.0786661,0.0870786,3
0.164738,0.106594,0.093422,3
0.163,0.0968926,0.130097,3
0.192913,0.0994138,0.0803457,3
0.156199,0.096966,0.132793,3
0.189823,0.0959857,0.137558,3
0.184567,0.0764591,0.0975605,3
0.153618,0.0965866,0.0886994,3
0.162645,0.141203,0.09909,3
0.158299,0.0993145,0.124904,3
0.170473,0.0866731,0.0990903,3
0.158983,0.143882,0.0818469,3
0.186351,0.0969933,0.107033,3
0.217776,0.0795653,0.114378,3
0.185095,0.128353,0.0876628,3
0.168057,0.0959841,0.124554,3
0.182585,0.142422,0.10111,3
0.2196,0.0881477,0.108935,3
0.154199,0.114592,0.0873263,3
0.181874,0.0953883,0.0990367,3
0.154466,0.0897286,0.12961,3
0.154917,0.101928,0.0781499,3
0.170336,0.087813,0.116288,3
0.183037,0.0971944,0.0811273,3
0.217384,0.101348,0.0788653,3
0.17387,0.0801221,0.123181,3
0.167575,0.111061,0.111315,3
0.171294,0.108162,0.0951454,3
0.155535,0.124613,0.0918427,3
0.203218,0.0878049,0.130453,3
0.192883,0.0996218,0.126555,3
0.171382,0.105268,0.11876,3
0.202981,0.119114,0.0901584,3
0.184682,0.145226,0.0849729,3
0.154195,0.103709,0.09656,3
0.155819,0.0922283,0.107528,3
0.170911,0.0927241,0.0883337,3
0.222539,0.100379,0.101114,3
0.177055,0.131063,0.119288,3
0.165604,0.118083,0.105095,3
0.163487,0.0786223,0.0937181,3
0.213109,0.121866,0.0935484,3
0.162287,0.0781619,0.111248,3
0.210699,0.107352,0.0909658,3
0.168711,0.0889471,0.142082,3
0.161127,0.120818,0.110198,3
0.182771,0.0913057,0.139566,3
0.173227,0.102459,0.0850577,3
0.168669,0.136458,0.0904364,3
0.181477,0.0780984,0.13872,3
0.179626,0.113218,0.0874798,3
0.166568,0.125133,0.115875,3
0.178307,0.118616,0.118317,3
0.171361,0.101472,0.14225,3
0.174758,0.0968433,0.103105,3
0.15807,0.114302,0.123729,3
0.199964,0.0783364,0.118759,3
0.162245,0.0866414,0.0998843,3
0.19295,0.140309,0.093052,3
0.15593,0.108343,0.0942828,3
0.179036,0.124969,0.0830012,3
0.156765,0.0921273,0.0807844,3
0.203294,0.0996343,0.0816337,3
0.153681,0.0861446,0.108542,3
0.167575,0.0770612,0.142646,3
0.203801,0.0769621,0.0845885,3
0.15501,0.112962,0.115147,3
0.179302,0.123166,0.103287,3
0.215502,0.077204,0.125704,3
0.159725,0.101245,0.113978,3
0.174329,0.1161,0.137559,3
0.206317,0.127207,0.0839627,3
0.176461,0.0921146,0.0829364,3
0.192391,0.126911,0.0825099,3
0.159038,0.0854717,0.109991,3
0.190992,0.126565,0.119979,3
0.167714,0.146059,0.0947409,3
0.193256,0.127381,0.100669,3
0.158575,0.107848,0.101073,3
0.157117,0.0818838,0.136395,3
0.198606,0.111522,0.122072,3
0.159574,0.134038,0.099118,3
0.165286,0.0855843,0.127308,3
0.191262,0.0849367,0.104483,3
0.160448,0.0967831,0.10073,3
0.153616,0.0882549,0.0964367,3
0.167945,0.122263,0.0914752,3
0.179087,0.0948168,0.125266,3
0.153661,0.079315,0.125785,3
0.15568,0.0975636,0.0965881,3
0.153974,0.124019,0.0783398,3
0.15774,0.127049,0.110816,3
0.180005,0.132822,0.105715,3
0.204409,0.112783,0.0986059,3
0.205193,0.0850454,0.0947234,3
0.194947,0.136253,0.0807153,3
0.161609,0.131344,0.0821043,3
0.162143,0.134376,0.109684,3
0.213177,0.0907945,0.099935,3
0.224951,0.0957152,0.0832368,3
0.16724,0.0995469,0.113268,3
0.217466,0.0999233,0.113062,3
0.161393,0.0846926,0.136711,3
0.194569,0.107604,0.0887412,3
0.18059,0.123789,0.127607,3
0.211132,0.0773709,0.0997985,3
0.155346,0.0762903,0.104067,3
0.20364,0.103825,0.117997,3
0.201743,0.0905644,0.110352,3
0.175828,0.0877002,0.134475,3
0.154245,0.131263,0.0854761,3
0.214294,0.122994,0.0796325,3
