x coord,y coord,z coord,rank
0.00629431,0.131172,0.0765025,0
0.0867584,0.0223732,0.0764622,0
0.0205769,0.0621477,0.0882997,0
0.0169879,0.128482,0.0319266,0
0.0666951,0.130302,0.0778027,0
0.0728244,0.167036,0.0155724,0
0.0339628,0.0908558,0.0474409,0
0.0626297,0.0634036,0.0257104,0
0.0757131,0.11945,0.0690119,0
0.0434815,0.101967,0.0370164,0
0.00604504,0.0145751,0.076717,0
0.0806782,0.0256905,0.0727119,0
0.0707877,0.0419229,0.112537,0
0.0758401,0.17134,0.081614,0
0.10402,0.182074,0.0744157,0
0.0766696,0.0470853,0.0806794,0
0.0345256,0.0908015,0.069126,0
0.0289738,0.0705877,0.0274691,0
0.0339103,0.10455,0.0642187,0
0.0881255,0.091669,0.00232933,0
0.000920607,0.12415,0.0396124,0
0.0306147,0.0514354,0.0229785,0
0.0364667,0.20021,0.10157,0
0.0691101,0.143558,0.110541,0
0.0178094,0.220226,0.0456915,0
0.0602055,0.102785,0.0822724,0
0.0206274,0.0216045,0.0478781,0
0.091243,0.0299232,0.0732525,0
0.057928,0.136039,0.09639,0
0.0127491,0.0297653,0.027655,0
0.101691,0.0364437,0.00755004,0
0.0890766,0.160564,0.0283523,0
0.0587046,0.0281322,0.054371,0
0.02396,0.121177,0.0861841,0
0.038329,0.102217,0.00579976,0
0.0326326,0.0573287,0.00538148,0
0.0940243,0.00536864,0.0444944,0
0.0317173,0.202829,0.100726,0
0.0482873,0.129693,0.0238145,0
0.0828877,0.0409037,0.0980329,0
0.0053314,0.0958943,0.035095,0
0.052755,0.212834,0.0183842,0
0.112546,0.181658,0.076374,0
0.026486,0.108006,0.0813125,0
0.11261,0.14247,0.0349648,0
0.0296502,0.108061,0.0019143,0
0.075038,0.110929,0.0658458,0
0.0688906,0.144335,0.0248163,0
0.0362191,0.162148,0.0780563,0
0.0530088,0.175779,0.0989069,0
0.0320945,0.197027,0.0369749,0
0.0840141,0.0371011,0.0722615,0
0.0805449,0.208083,0.101323,0
0.000661851,0.187312,0.0653613,0
0.0933573,0.0430034,0.0596207,0
0.0132125,0.127063,0.0811859,0
0.0359503,0.0376672,0.0458238,0
0.00863688,0.202667,0.000646244,0
0.100295,0.210985,0.00471129,0
0.0854787,0.15518,0.0873209,0
0.0352102,0.100785,0.0627571,0
0.0446707,0.136949,0.0234271,0
0.104324,0.0494168,0.0899639,0
0.110807,0.153939,0.054009,0
0.0511845,0.0172589,0.0692346,0
0.0957741,0.0514033,0.097417,0
0.00590989,0.0983841,0.0561544,0
0.0768395,0.172506,0.116408,0
0.0521136,0.0120798,0.0113755,0
0.0632781,0.140041,0.0975845,0
0.102559,0.17824,0.00872195,0
0.114251,0.174437,0.0259721,0
0.0669301,0.19715,0.059944,0
0.0593682,0.147236,0.0905944,0
0.0988799,0.00436022,0.09435,0
0.0858339,0.113837,0.109588,0
0.0540314,0.0471458,0.0772777,0
0.0872321,0.0360355,0.115268,0
0.070841,0.0187624,0.103369,0
0.0768211,0.137118,0.02811,0
0.0217202,0.133812,0.0197935,0
0.0728865,0.0481929,0.0299668,0
0.0290126,0.102411,0.0542384,0
0.00306135,0.0615353,0.0474858,0
0.0728919,0.0519027,0.0729382,0
0.110803,0.192168,0.0863586,0
0.0371525,0.115483,0.0424233,0
0.112497,0.224138,0.0939437,0
0.0753805,0.176303,0.0736028,0
0.0666683,0.153989,0.100207,0
0.0558978,0.137357,0.0601927,0
0.0645268,0.188572,0.0718365,0
0.115363,0.0166726,0.0368221,0
0.113465,0.0526217,0.0772891,0
0.00143943,0.182158,0.0648313,0
0.0837241,0.21725,0.0648982,0
0.021572,0.182419,0.106602,0
0.0251697,0.152907,0.0611602,0
0.017958,0.0256876,0.0292077,0
0.0259582,0.137408,0.0402649,0
0.03451,0.209893,0.00930226,0
0.0908059,0.212249,0.0876533,0
0.118371,0.15485,0.0715641,0
0.084273,0.216476,0.0835939,0
0.110872,0.122059,0.00248865,0
0.116451,0.0417681,0.00468348,0
0.11259,0.0408873,0.0469641,0
0.0741661,0.0279231,0.0120452,0
0.101478,0.109186,0.112052,0
0.00274094,0.00409632,0.0369927,0
0.114565,0.031344,0.0986188,0
0.112015,0.0929941,0.0499446,0
0.10806,0.0734977,0.0430933,0
0.0316348,0.11496,0.020554,0
0.109779,0.103986,0.0262707,0
0.111822,7.06018e-05,0.0892061,0
0.115303,0.106726,0.0642908,0
0.11017,0.00171461,0.0868047,0
0.0335999,0.0785161,0.0495781,0
0.0889158,0.0187478,0.101152,0
0.0477412,0.017116,0.0433161,0
0.059305,0.0384319,0.0221043,0
0.0339999,0.0373311,0.043146,0
0.0413981,0.0792657,0.0580548,0
0.113452,0.0630888,0.0677563,0
0.0133448,0.135138,0.114693,0
0.0260493,0.210308,0.11419,0
0.0291367,0.0944534,0.11561,0
0.143139,0.19446,0.0311742,1
0.180252,0.0957985,0.0386803,1
0.215403,0.205163,0.0847318,1
0.191319,0.0595891,0.0152532,1
0.12208,0.0909077,0.088134,1
0.174004,0.077408,0.0689504,1
0.149987,0.164393,0.0665528,1
0.122012,0.0938888,0.0861857,1
0.166621,0.041772,0.0713223,1
0.188954,0.0964281,0.0703942,1
0.207966,0.0440041,0.0445532,1
0.124884,0.0598894,0.0437752,1
0.169228,0.0500171,0.075284,1
0.152419,0.0111235,0.0549134,1
0.163792,0.13198,0.072954,1
0.174692,0.124183,0.0191449,1
0.203939,0.102837,0.109068,1
0.159056,0.209038,0.0661941,1
0.208744,0.103173,0.0452702,1
0.142176,0.141858,0.0796342,1
0.137593,0.109403,0.0647171,1
0.133555,0.0194946,0.108575,1
0.203914,0.171457,0.106737,1
0.217339,0.14627,0.11096,1
0.185515,0.171642,0.0524692,1
0.179874,0.0460156,0.105185,1
0.2167,0.217693,0.104113,1
0.153017,0.0445471,0.0055934,1
0.162889,0.0402725,0.0787792,1
0.217091,0.192547,0.0506613,1
0.152015,0.1914,0.0861477,1
0.148525,0.028427,0.038497,1
0.209097,0.123637,0.0782993,1
0.161035,9.13995e-05,0.0350981,1
0.15217,0.202412,0.0746207,1
0.169848,0.0226164,0.0752474,1
0.212166,0.101766,0.080862,1
0.181105,0.19319,0.059705,1
0.141497,0.0137808,0.101731,1
0.212897,0.223178,0.036553,1
0.138498,0.0371571,0.0987551,1
0.204603,0.142151,0.00249335,1
0.174677,0.13798,0.0316722,1
0.221763,0.197212,0.0860075,1
0.190749,0.0114333,0.0428662,1
0.159861,0.179669,0.0280102,1
0.120653,0.0700841,0.0186881,1
0.149899,0.0032959,0.018726,1
0.170616,0.18131,0.0283177,1
0.176042,0.0212143,0.072765,1
0.121539,0.0772169,0.0716862,1
0.196217,0.187644,0.0754068,1
0.133137,0.212033,0.0636316,1
0.138907,0.0859772,0.0184646,1
0.129431,0.0033718,0.0456375,1
0.204397,0.184397,0.0544796,1
0.179504,0.160667,0.077311,1
0.205865,0.136535,0.086774,1
0.131293,0.0482041,0.0597014,1
0.141623,0.164565,0.108915,1
0.1706,0.202471,0.00410752,1
0.208029,0.00921589,0.037102,1
0.218337,0.194583,0.0449831,1
0.164079,0.17937,0.0431317,1
0.144726,0.00769195,0.021081,1
0.163806,0.182298,0.0199331,1
0.147963,0.184815,0.0693731,1
0.153987,0.147231,0.115264,1
0.139544,0.159947,0.080296,1
0.161977,0.132278,0.0271757,1
0.146279,0.183306,0.0394304,1
0.223355,0.190381,0.0175998,1
0.211166,0.181883,0.0387892,1
0.17983,0.142974,0.0636358,1
0.15151,0.197838,0.103149,1
0.147316,0.215759,0.0151672,1
0.140589,0.00280128,0.0843467,1
0.176807,0.212014,0.0271272,1
0.199941,0.0369008,0.10673,1
0.222977,0.164257,0.115319,1
0.165429,0.00650326,0.100741,1
0.12105,0.0515346,0.0385016,1
0.171551,0.172455,0.0145559,1
0.211775,0.148357,0.074171,1
0.166973,0.0460823,0.0956518,1
0.183818,0.1088,0.0521326,1
0.160761,0.148588,0.0790486,1
0.156507,0.195033,0.0245487,1
0.166452,0.174653,0.0890476,1
0.173896,0.0349565,0.0579457,1
0.149796,0.048643,0.0569743,1
0.152515,0.0228903,0.0177966,1
0.221775,0.110381,0.0194783,1
0.121704,0.0212006,0.057483,1
0.130484,0.0920039,0.0489436,1
0.120442,0.195175,0.0294753,1
0.147923,0.047057,0.0934385,1
0.187855,0.0639054,0.0971489,1
0.216902,0.0619135,0.0716933,1
0.128527,0.218468,0.0242405,1
0.203288,0.025929,0.116255,1
0.21156,0.0863594,0.0828885,1
0.19626,0.0420336,0.080358,1
0.186956,0.0154825,0.0345434,1
0.176959,0.0253001,0.088795,1
0.121353,0.0191785,0.00177813,1
0.127352,0.212448,0.116441,1
0.185646,0.0416514,0.0209463,1
0.124736,0.164024,0.0265432,1
0.190883,0.114465,0.0708808,1
0.129764,0.174783,0.109837,1
0.171551,0.00645738,0.0489292,1
0.200396,0.0459335,0.0686103,1
0.132451,0.169847,0.0832213,1
0.156044,0.0588619,0.11513,1
0.132821,0.144259,0.0849239,1
0.169073,0.0741546,0.0936997,1
0.140867,0.0271598,0.0842436,1
0.176912,0.0583796,0.107161,1
0.161544,0.085468,0.0890905,1
0.188195,0.0402778,0.0115893,1
0.120119,0.213646,0.104925,1
0.111166,0.040594,0.222305,2
0.119813,0.0415649,0.120722,2
0.118269,0.114158,0.118845,2
0.117284,0.0517692,0.201961,2
0.0326868,0.0308245,0.199234,2
0.0576078,0.102699,0.217361,2
0.0788349,0.180985,0.118588,2
0.0386934,0.0730964,0.129126,2
0.0954697,0.0855385,0.215683,2
0.0157179,0.0462675,0.186794,2
0.0246161,0.0690445,0.156528,2
0.0578426,0.0626244,0.127448,2
0.0529041,0.0810602,0.150781,2
0.110294,0.217493,0.151563,2
0.109322,0.194083,0.217576,2
0.0369258,0.0568892,0.183164,2
0.0901356,0.0640626,0.154918,2
0.0988625,0.124359,0.13771,2
0.0572021,0.0608215,0.211806,2
0.0831038,0.0734998,0.157998,2
0.0726742,0.105588,0.188283,2
0.101177,0.0325113,0.185983,2
0.00836291,0.189748,0.158601,2
0.0724439,0.0149911,0.221779,2
0.108559,0.0754209,0.213475,2
0.0972589,0.100454,0.174213,2
0.0272626,0.171865,0.206535,2
0.0533196,0.0787532,0.153526,2
0.0105706,0.221335,0.119333,2
0.119277,0.0234777,0.183055,2
0.120448,0.173994,0.176028,2
0.0349809,0.11425,0.189344,2
0.00979943,0.023116,0.193297,2
0.0796039,0.223292,0.189416,2
0.0385849,0.108866,0.131906,2
0.0357368,0.0010156,0.190996,2
0.0304752,0.168829,0.13737,2
0.0393525,0.214418,0.159907,2
0.0996693,0.0777621,0.186847,2
0.00194748,0.123245,0.197123,2
0.00614807,0.138736,0.146308,2
0.0392583,0.15606,0.162298,2
0.0156872,0.207464,0.213065,2
0.0139334,0.182206,0.161541,2
0.016515,0.171749,0.160027,2
0.0744197,0.0139005,0.129049,2
0.111007,0.147308,0.140945,2
0.0594909,0.0641629,0.167994,2
0.114652,0.215203,0.144289,2
0.0131764,0.157702,0.147877,2
0.0198227,0.018486,0.138594,2
0.0114109,0.0463738,0.171532,2
0.00877392,0.0239853,0.142354,2
0.0928361,0.11137,0.170676,2
0.0882914,0.112377,0.209015,2
0.0695252,0.10298,0.176555,2
0.0876905,0.187729,0.1904,2
0.0651733,0.139013,0.122641,2
0.11725,0.136029,0.222005,2
0.0855727,0.221916,0.155364,2
0.0798609,0.148344,0.199612,2
0.024342,0.174837,0.196295,2
0.101631,0.00982482,0.201926,2
0.104968,0.152305,0.145626,2
0.0626447,0.00928652,0.197052,2
0.038549,0.0167242,0.153566,2
0.0355062,0.128776,0.211439,2
0.00700409,0.138677,0.175603,2
0.0362331,0.1899,0.17043,2
0.0083166,0.0280418,0.195876,2
0.109822,0.157154,0.14279,2
0.0670846,0.066647,0.154804,2
0.105842,0.0957433,0.210897,2
0.0514677,0.169852,0.124908,2
0.0264217,0.223954,0.187961,2
0.0749034,0.108916,0.152993,2
0.0778231,0.185152,0.163018,2
0.0374214,0.0371296,0.190495,2
0.100498,0.0739224,0.161065,2
0.0766747,0.0121751,0.222356,2
0.040275,0.189952,0.131538,2
0.0711561,0.198807,0.150425,2
0.0312095,0.178823,0.200585,2
0.0926329,0.144953,0.121317,2
0.0916181,0.154611,0.151158,2
0.0239004,0.220047,0.129162,2
0.10161,0.0471758,0.176707,2
0.0668019,0.106895,0.176002,2
0.0819066,0.0115575,0.197826,2
0.0214782,0.172193,0.122443,2
0.0268783,0.0117029,0.130679,2
0.0975815,0.126946,0.208453,2
0.0999883,0.185637,0.146272,2
0.0850956,0.0745679,0.178253,2
0.0842054,0.0715199,0.17056,2
0.0512197,0.126038,0.199834,2
0.0408114,0.18386,0.148442,2
0.100677,0.00695793,0.155779,2
0.110788,0.194383,0.173082,2
0.0276116,0.179397,0.194274,2
0.0938408,0.0895032,0.135089,2
0.0804041,0.0108399,0.162498,2
0.116185,0.165347,0.165521,2
0.0080793,0.201533,0.178855,2
0.0690737,0.183515,0.175783,2
0.00400555,0.04402,0.202111,2
0.0428328,0.120825,0.157703,2
0.0315685,0.195791,0.138491,2
0.0280713,0.0551239,0.136256,2
0.0292073,0.121019,0.168724,2
0.0498885,0.188607,0.170738,2
0.104468,0.0957108,0.195808,2
0.100336,0.0818323,0.129485,2
0.0534282,0.19274,0.191197,2
0.109221,0.175836,0.156486,2
0.00767399,0.106939,0.221392,2
0.0187872,0.105189,0.13292,2
0.000295406,0.107812,0.143003,2
0.0755743,0.148698,0.153965,2
0.0870616,0.104894,0.145651,2
0.0410146,0.176129,0.197306,2
0.060695,0.214825,0.18869,2
0.0021537,0.125837,0.193341,2
0.121532,0.152539,0.166315,3
0.156843,0.212404,0.161921,3
0.139614,0.168399,0.152011,3
0.122837,0.148746,0.135358,3
0.129474,0.19989,0.201512,3
0.132544,0.0514711,0.145892,3
0.146276,0.220072,0.172921,3
0.200462,0.186208,0.184279,3
0.209955,0.221655,0.211344,3
0.127687,0.0433184,0.20336,3
0.150128,0.219632,0.169825,3
0.197821,0.0843806,0.181882,3
0.146763,0.220282,0.171062,3
0.14605,0.220854,0.171504,3
0.146982,0.221443,0.128968,3
0.149048,0.22087,0.169875,3
0.13619,0.0560663,0.154357,3
0.171103,0.0211233,0.197287,3
0.153321,0.215982,0.177493,3
0.148625,0.0617604,0.177929,3
0.144153,0.213722,0.174599,3
0.163127,0.0320975,0.128893,3
0.221834,0.194629,0.216677,3
0.135632,0.14373,0.148859,3
0.177783,0.0320736,0.167058,3
0.152132,0.222071,0.17886,3
0.148651,0.217293,0.16924,3
0.189481,0.0402397,0.159128,3
0.123382,0.0840084,0.15309,3
0.221072,0.197363,0.221733,3
0.196949,0.159836,0.126224,3
0.12164,0.0351206,0.200426,3
0.146364,0.177071,0.180114,3
0.148478,0.219937,0.172037,3
0.173905,0.0190145,0.13857,3
0.207461,0.0310358,0.171229,3
0.169022,0.168836,0.18047,3
0.146958,0.21805,0.171788,3
0.167696,0.182957,0.222683,3
0.154217,0.154689,0.138632,3
0.185254,0.154111,0.209488,3
0.169725,0.0468007,0.21629,3
0.193732,0.0371606,0.170887,3
0.18092,0.147378,0.193389,3
0.217844,0.111218,0.167682,3
0.209297,0.199127,0.150323,3
0.148808,0.216544,0.169278,3
0.146546,0.216653,0.171277,3
0.224759,0.0929934,0.20825,3
0.148446,0.211908,0.176793,3
0.212251,0.222973,0.179599,3
0.189215,0.0749008,0.180892,3
0.149495,0.213062,0.17851,3
0.146139,0.219272,0.168848,3
0.168942,0.16841,0.188893,3
0.150252,0.0766393,0.204878,3
0.144105,0.214439,0.171552,3
0.214822,0.0670094,0.203316,3
0.164333,0.0296667,0.223807,3
0.193961,0.0845139,0.189801,3
0.16619,0.0793658,0.15151,3
0.208601,0.00506609,0.150523,3
0.145552,0.219959,0.17322,3
0.151884,0.21757,0.173063,3
0.170359,0.200125,0.210286,3
0.218736,0.17212,0.141563,3
0.136643,0.0507536,0.208169,3
0.143891,0.212114,0.174248,3
0.149782,0.219188,0.176904,3
0.166666,0.073059,0.192691,3
0.166574,0.173217,0.177657,3
0.185595,0.0236713,0.175126,3
0.187359,0.1773,0.190397,3
0.199753,0.140999,0.150014,3
0.17711,0.174236,0.164171,3
0.145104,0.0361791,0.18274,3
0.145812,0.217598,0.169701,3
0.146224,0.218985,0.173773,3
0.194255,0.217445,0.188332,3
0.149574,0.221474,0.170603,3
0.149518,0.212674,0.17234,3
0.220243,0.145514,0.127515,3
0.169528,0.148235,0.174632,3
0.146721,0.217005,0.175631,3
0.206374,0.145952,0.196112,3
0.209724,0.112818,0.168069,3
0.178603,0.04575,0.135482,3
0.21949,0.156637,0.133307,3
0.153701,0.0703804,0.167566,3
0.138891,0.00782569,0.221625,3
0.201181,0.205775,0.192348,3
0.140956,0.132568,0.150259,3
0.207364,0.15542,0.134754,3
0.21441,0.106826,0.167046,3
0.176502,0.139731,0.134323,3
0.126242,0.0793645,0.206383,3
0.149301,0.128725,0.197144,3
0.175321,0.0503057,0.129014,3
0.143556,0.217929,0.172415,3
0.161295,0.079396,0.149052,3
0.151532,0.215471,0.171042,3
0.147221,0.212255,0.173252,3
0.178521,0.183928,0.137999,3
0.151161,0.217697,0.171608,3
0.150609,0.218018,0.172337,3
0.143925,0.216884,0.175271,3
0.167184,0.174277,0.173742,3
0.147273,0.22018,0.169023,3
0.142845,0.215463,0.177028,3
0.14999,0.210458,0.174575,3
0.148628,0.219076,0.170959,3
0.143976,0.218175,0.175524,3
0.143982,0.216879,0.177947,3
0.195895,0.200133,0.21393,3
0.192904,0.00548551,0.162874,3
0.143814,0.215057,0.175254,3
0.171833,0.130335,0.126051,3
0.146679,0.217936,0.175749,3
0.145529,0.21789,0.17918,3
0.171113,0.0649324,0.136008,3
0.1522,0.172435,0.119306,3
0.192672,0.0309252,0.154609,3
0.149162,0.149444,0.123148,3
0.150932,0.0509007,0.118705,3
0.124885,0.138409,0.118251,3
0.123668,0.224952,0.158082,3
0.158264,0.16579,0.118816,3
