x coord,y coord,z coord,rank
0.198489,0.166747,0.091822,0
0.0552445,0.119143,0.0202034,0
0.0238849,0.193928,0.0645711,0
0.019635,0.177355,0.0584949,0
0.131331,0.148999,0.0430802,0
0.128931,0.150691,0.0991441,0
0.205994,0.217847,0.0460491,0
3.04958e-05,0.13494,0.043562,0
0.0200736,0.203356,0.097202,0
0.0424531,0.183634,0.027894,0
0.223195,0.134807,0.00954607,0
0.164942,0.140363,0.0745482,0
0.0311047,0.15033,0.000365275,0
0.0606806,0.205588,0.0423631,0
0.00771797,0.184392,0.0632991,0
0.0913661,0.184326,0.115054,0
0.0418761,0.131645,0.0241537,0
0.0437707,0.154696,0.118261,0
0.213399,0.161858,0.103193,0
0.0742675,0.16804,0.0313005,0
0.00534749,0.136315,0.0170307,0
0.108303,0.189689,0.000937114,0
0.0352157,0.210347,0.06191,0
0.204429,0.152053,0.0541603,0
0.158643,0.222722,0.0873261,0
0.145576,0.171774,0.0614146,0
0.0424382,0.128562,0.0771096,0
0.0561171,0.181922,0.0917487,0
0.171365,0.224772,0.108131,0
0.0600316,0.140814,0.108551,0
0.209641,0.137553,0.0695524,0
0.216822,0.178688,0.0400402,0
0.220722,0.197176,0.0615535,0
0.192502,0.125459,0.118714,0
0.13508,0.196937,0.11499,0
0.038623,0.138899,0.0356264,0
0.0206641,0.217114,0.109968,0
0.139656,0.170613,0.0750501,0
0.201743,0.166242,0.0369615,0
0.0160647,0.214319,0.0317468,0
0.0422385,0.140085,0.0534957,0
0.0365756,0.199154,0.00612757,0
0.140341,0.2116,0.0987055,0
0.108053,0.123211,0.0349487,0
0.220597,0.146971,0.0947385,0
0.19993,0.123067,0.119648,0
0.199349,0.219721,0.0334018,0
0.202267,0.124446,0.0972389,0
0.0870142,0.163881,0.00566512,0
0.0858499,0.224374,0.064528,0
0.222663,0.204737,0.0597435,0
0.149684,0.194771,0.110114,0
0.196447,0.126277,0.121097,0
0.106638,0.134525,0.00755498,0
0.112784,0.151106,0.0257646,0
0.0381416,0.127301,0.0229645,0
0.00880172,0.143658,0.0612477,0
0.168903,0.218214,0.0575576,0
0.0334005,0.167288,0.0164714,0
0.210022,0.122039,0.0650851,0
0.171711,0.210415,0.0530996,0
0.0430925,0.200019,0.0123604,0
0.0732915,0.219375,0.117084,0
0.0776776,0.208158,0.0103784,0
0.163765,0.212814,0.0563966,0
0.207258,0.12415,0.0961422,0
0.0718562,0.188357,0.0651687,0
0.134308,0.199773,0.016271,0
0.178421,0.120669,0.0723659,0
0.222554,0.179004,0.0225391,0
0.175514,0.218049,0.0931956,0
0.143685,0.123072,0.0820482,0
0.0447796,0.195582,0.0128921,0
0.0387629,0.125558,0.0612743,0
0.155882,0.154452,0.0479668,0
0.0944083,0.210839,0.0547827,0
0.147936,0.139074,0.0807367,0
0.0476075,0.135931,0.120724,0
0.0596162,0.177412,0.0937907,0
0.0392523,0.185227,0.0828353,0
0.0981738,0.130153,0.0276266,0
0.0421886,0.20874,0.0251942,0
0.0107386,0.20424,0.015065,0
0.196018,0.223402,0.0683441,0
0.110998,0.138383,0.111978,0
0.0598483,0.214969,0.0292426,0
0.0836567,0.18577,0.0091432,0
0.121672,0.172307,0.0390486,0
0.213565,0.173033,0.0154913,0
0.168829,0.169455,0.033574,0
0.0417534,0.140977,0.041123,0
0.0377826,0.220067,0.00575999,0
0.13918,0.177024,0.0162268,0
0.193095,0.200488,0.0199717,0
0.14928,0.191976,0.0422468,0
0.0946908,0.221836,0.0638495,0
0.123029,0.209941,0.00505867,0
0.095148,0.138826,6.60646e-05,0
0.0399627,0.17036,0.0237513,0
0.0844503,0.172121,0.0670469,0
0.0141436,0.125582,0.0681406,0
0.0944982,0.190825,0.112173,0
0.123739,0.171182,0.118532,0
0.0069118,0.224325,0.0970976,0
0.217859,0.147251,0.0553303,0
0.0868378,0.160045,0.0070529,0
0.0109109,0.167212,0.0798039,0
0.186332,0.127774,0.0906361,0
0.135506,0.155964,0.112272,0
0.149006,0.174271,0.0820345,0
0.215209,0.1862,0.0888594,0
0.0988452,0.219331,0.0362204,0
0.128602,0.198204,0.0112491,0
0.041241,0.218287,0.119009,0
0.198119,0.126838,0.116685,0
0.121871,0.216208,0.11706,0
0.191106,0.217688,0.110167,0
0.180964,0.154955,0.00328589,0
0.180247,0.138312,0.0441311,0
0.171571,0.120369,0.11983,0
0.17492,0.179199,0.117597,0
0.190425,0.126328,0.119084,0
0.194421,0.124217,0.119799,0
0.204118,0.00546554,0.212991,1
0.146877,0.1108,0.218949,1
0.0516713,0.0861031,0.152377,1
0.0461548,0.0297288,0.204738,1
0.131965,0.100851,0.163761,1
0.083748,0.0765672,0.137008,1
0.14416,0.0488271,0.128446,1
0.190384,0.0135394,0.135694,1
0.193391,0.0859824,0.127809,1
0.0909002,0.0379907,0.221762,1
0.128588,0.0287054,0.182655,1
0.186993,0.00445721,0.123291,1
0.156893,0.0531727,0.167699,1
0.12391,0.00963644,0.142991,1
0.111373,0.0583356,0.18596,1
0.124982,0.0779583,0.210519,1
0.108314,0.0282961,0.132575,1
0.0101351,0.047933,0.167845,1
0.068933,0.0585041,0.148835,1
0.0501619,0.029281,0.172522,1
0.159166,0.012624,0.20459,1
0.0856197,0.0273764,0.140008,1
0.155674,0.116066,0.172412,1
0.167144,0.00254388,0.1934,1
0.174618,0.103436,0.128186,1
0.063133,0.100784,0.167954,1
0.183323,0.0926662,0.184389,1
0.119261,0.0733415,0.224521,1
0.192588,0.0672569,0.224217,1
0.107572,0.112309,0.143187,1
0.0663583,0.0252522,0.196245,1
0.135207,0.0197522,0.172367,1
0.0133996,0.079289,0.170807,1
0.0457839,0.0549442,0.16828,1
0.126077,0.0509849,0.175947,1
0.0271899,0.0515343,0.157488,1
0.193861,0.0602385,0.183283,1
0.0481004,0.00607506,0.214401,1
0.0226324,0.00585038,0.126322,1
0.126179,0.100444,0.160954,1
0.119697,0.088658,0.208696,1
0.207799,0.116576,0.173823,1
0.0931364,0.0434412,0.222297,1
0.205315,0.00257144,0.166608,1
0.178408,0.00911333,0.130461,1
0.119582,0.104512,0.137908,1
0.0432544,0.0595904,0.199459,1
0.0618031,0.0287654,0.190921,1
0.0261879,0.114305,0.182517,1
0.165331,0.0988842,0.179637,1
0.130263,0.0657368,0.213261,1
0.116845,0.0960579,0.207612,1
0.204914,0.0146466,0.18416,1
0.149709,0.0832116,0.160363,1
0.108217,0.0559375,0.203449,1
0.190953,0.0187323,0.216965,1
0.211891,0.0949315,0.164836,1
0.211804,0.00293529,0.122048,1
0.135645,0.0541144,0.146734,1
0.14239,0.0131755,0.173334,1
0.119493,0.0965103,0.205007,1
0.196006,0.0803425,0.209373,1
0.211358,0.0444719,0.149876,1
0.155231,0.0713878,0.159101,1
0.0420021,0.00704795,0.191871,1
0.0794594,0.0144186,0.185185,1
0.0329111,0.0115402,0.201063,1
0.12421,0.116194,0.16172,1
0.0895634,0.0134672,0.202491,1
0.117783,0.0981267,0.18943,1
0.165317,0.082882,0.178687,1
0.173384,0.112552,0.204669,1
0.018184,0.00709902,0.152949,1
0.0849798,0.055737,0.209504,1
0.117384,0.0489826,0.129381,1
0.0588772,0.0709033,0.178359,1
0.0589865,0.0537031,0.186136,1
0.177298,0.00257764,0.138609,1
0.129744,0.0637845,0.208077,1
0.061541,0.0895233,0.219567,1
0.0905875,0.0137525,0.221578,1
0.124147,0.049091,0.20281,1
0.113003,0.10573,0.169714,1
0.0585894,0.0337552,0.203457,1
0.207878,0.10567,0.138744,1
0.126974,0.0595202,0.153904,1
0.184227,0.00118974,0.204663,1
0.079987,0.010758,0.143966,1
0.194096,0.105298,0.171624,1
0.0397908,0.0217553,0.222451,1
0.0826043,0.0255832,0.179488,1
0.22439,0.0690601,0.156032,1
0.0343268,0.0120147,0.181787,1
0.179822,0.0512776,0.214963,1
0.0178221,0.0717835,0.205998,1
0.216111,0.0199247,0.215224,1
0.168002,0.0431287,0.194113,1
0.00811076,0.0161895,0.199382,1
0.135894,0.0308511,0.156422,1
0.119182,0.0563737,0.161627,1
0.191301,0.0794375,0.124544,1
0.169391,0.0509763,0.122155,1
0.00790782,0.21798,0.210822,2
0.195456,0.128527,0.122327,2
0.0593895,0.207297,0.122897,2
0.190676,0.124659,0.127112,2
0.194916,0.126844,0.124399,2
0.105316,0.206744,0.128704,2
0.221457,0.122256,0.133576,2
0.104115,0.145194,0.223302,2
0.07834,0.170427,0.201039,2
0.114763,0.125545,0.210228,2
0.101904,0.142688,0.158041,2
0.132865,0.165935,0.183441,2
0.192705,0.124719,0.124381,2
0.00387621,0.198656,0.202223,2
0.0564259,0.169136,0.130171,2
0.194776,0.127329,0.1222,2
0.19456,0.130591,0.126545,2
0.0540652,0.205981,0.172328,2
0.202029,0.13878,0.215192,2
0.197468,0.125857,0.123542,2
0.125128,0.172537,0.181254,2
0.185294,0.157517,0.139191,2
0.104795,0.18261,0.218229,2
0.190606,0.128614,0.123769,2
0.0123003,0.208519,0.183903,2
0.196406,0.125934,0.127604,2
0.00624686,0.193992,0.189252,2
0.0778009,0.216773,0.194041,2
0.193524,0.128592,0.124098,2
0.0191499,0.194589,0.170476,2
0.19209,0.123236,0.121447,2
0.0444953,0.133548,0.194543,2
0.105281,0.163811,0.205781,2
0.00201191,0.220251,0.218576,2
0.194208,0.126044,0.127475,2
0.0875422,0.174311,0.17739,2
0.196493,0.124456,0.124658,2
0.224971,0.159196,0.20834,2
0.189462,0.123509,0.122236,2
0.222081,0.17815,0.156082,2
0.12361,0.219178,0.216365,2
0.194492,0.120126,0.126797,2
0.134473,0.144266,0.216645,2
0.144155,0.203728,0.221662,2
0.0925674,0.206856,0.122568,2
0.172963,0.120062,0.123661,2
0.0191379,0.135285,0.138777,2
0.117512,0.217518,0.165204,2
0.184107,0.167539,0.166878,2
0.152869,0.174838,0.190626,2
0.193268,0.123632,0.128604,2
0.142944,0.124616,0.20924,2
0.155618,0.184844,0.168388,2
0.220697,0.173311,0.203078,2
0.0343569,0.122582,0.138169,2
0.0765945,0.149891,0.158222,2
0.033987,0.179515,0.22257,2
0.0420318,0.213994,0.209891,2
0.126796,0.137165,0.186725,2
0.0579819,0.140361,0.162214,2
0.0370435,0.167142,0.136664,2
0.115135,0.146904,0.17156,2
0.00722918,0.219543,0.128644,2
0.177873,0.174514,0.159248,2
0.189626,0.126635,0.124193,2
0.0412413,0.135207,0.143191,2
0.172857,0.217859,0.137802,2
0.168933,0.185725,0.156404,2
0.131067,0.209268,0.149692,2
0.183693,0.215108,0.163774,2
0.188324,0.216275,0.150386,2
0.0416959,0.19506,0.128854,2
0.0673939,0.131578,0.150145,2
0.217222,0.196129,0.216061,2
0.0217214,0.1305,0.123335,2
0.0873486,0.165609,0.186419,2
0.19282,0.130297,0.125285,2
0.191751,0.1283,0.124843,2
0.162529,0.132126,0.195219,2
0.0889173,0.128619,0.147586,2
0.068422,0.205145,0.213898,2
0.169412,0.154967,0.172953,2
0.171759,0.137289,0.218168,2
0.178738,0.176304,0.179293,2
0.134257,0.224447,0.212076,2
0.22146,0.164831,0.135783,2
0.123304,0.212006,0.205398,2
0.192092,0.162631,0.139598,2
0.173595,0.132208,0.128896,2
0.212145,0.118883,0.202659,2
0.171253,0.202525,0.204787,2
0.020574,0.210078,0.139425,2
0.0683094,0.190701,0.147634,2
0.0382159,0.217876,0.215048,2
0.0696419,0.160302,0.14759,2
0.109887,0.120032,0.149136,2
0.196353,0.12791,0.123956,2
0.15568,0.207044,0.216449,2
0.129032,0.22301,0.168326,2
0.211218,0.183632,0.153535,2
0.19363,0.130804,0.123039,2
0.19222,0.127183,0.121861,2
0.184978,0.140037,0.220848,2
0.105211,0.161454,0.211033,2
0.0990063,0.184821,0.122913,2
0.139322,0.175535,0.190401,2
0.19432,0.122001,0.12474,2
0.134542,0.191731,0.181865,2
0.164644,0.193687,0.170761,2
0.0041983,0.126161,0.124213,2
0.0642793,0.211928,0.219899,2
0.197429,0.12303,0.124041,2
0.193766,0.126844,0.125935,2
0.0366419,0.176683,0.124571,2
0.00831897,0.121134,0.152213,2
0.212584,0.143518,0.149476,2
0.154112,0.196426,0.134144,2
0.0853297,0.156971,0.217448,2
0.0722092,0.16387,0.15344,2
0.132199,0.141367,0.217773,2
0.195767,0.124438,0.128472,2
0.092468,0.217896,0.185183,2
0.173978,0.144476,0.140173,2
0.0440006,0.166076,0.203887,2
0.143371,0.213157,0.156935,2
0.190861,0.125533,0.124802,2
0.028461,0.16673,0.219061,2
0.13964,0.216117,0.121822,2
0.178018,0.183321,0.139597,2
0.192727,0.12312,0.126848,2
0.109623,0.15007,0.174771,2
0.190428,0.128795,0.124014,2
0.0279677,0.197064,0.149859,2
0.0522227,0.160361,0.173374,2
0.0804946,0.212953,0.129995,2
0.119013,0.182853,0.195017,2
0.197511,0.124259,0.127631,2
0.198106,0.129121,0.125475,2
0.0249389,0.217554,0.130723,2
0.189214,0.13839,0.204295,2
0.19562,0.131378,0.122753,2
0.197072,0.125783,0.12602,2
0.185515,0.22332,0.2003,2
0.200595,0.129669,0.125682,2
0.0875438,0.141608,0.133955,2
0.0277125,0.119891,0.146039,2
0.190684,0.128534,0.125379,2
0.175224,0.119344,0.212779,2
0.195714,0.128355,0.121669,2
0.191787,0.12665,0.121602,2
0.123857,0.0145461,0.0957316,3
0.16151,0.0352838,0.0508896,3
0.105849,0.0355029,0.0807078,3
0.060869,0.0604511,0.0428331,3
0.0562469,0.0598202,0.115751,3
0.105757,0.117198,0.080608,3
0.215303,0.0326273,0.0952076,3
0.144268,0.10902,0.0026542,3
0.102941,0.0498989,0.00810853,3
0.0800347,0.0190921,0.0269119,3
0.206161,0.0561335,0.117035,3
0.175597,0.078161,0.101841,3
0.103916,0.0210852,0.0779131,3
0.116898,0.114764,0.0859974,3
0.0561815,0.101832,0.00675954,3
0.121625,0.0635955,0.058251,3
0.150276,0.0387037,0.071011,3
0.134371,0.11616,0.00240384,3
0.0202745,0.048472,0.0030956,3
0.0765482,0.108548,0.00311427,3
0.198088,0.0456596,0.0166921,3
0.156028,0.0718264,0.0791601,3
0.184449,0.0803962,0.0669962,3
0.158178,0.0610958,0.0397071,3
0.123242,0.0961151,0.0672268,3
0.0888903,0.00440172,0.0831285,3
0.220703,0.114632,0.00251093,3
0.19205,0.0843549,0.113129,3
0.126403,0.0346116,0.023676,3
0.0112981,0.0659954,0.091823,3
0.16602,0.0410436,0.0451495,3
0.00238805,0.0784828,0.0470099,3
0.0195715,0.0312539,0.0974879,3
0.217086,0.0934944,0.109913,3
0.0660468,0.0756272,0.0641892,3
0.168603,0.060036,0.0587137,3
0.120029,0.0312799,0.0466315,3
0.0611879,0.0629513,0.0751918,3
0.0341939,0.0466471,0.0657862,3
0.0560954,0.102763,0.0521372,3
0.189867,0.0497678,0.0359946,3
0.205621,0.0131026,0.0920907,3
0.15401,0.0929536,0.0983058,3
0.191287,0.0118681,0.0411742,3
0.0252013,0.0781202,0.0565892,3
0.0351754,0.0458373,0.0540774,3
0.0893851,0.100127,0.036588,3
0.155171,0.0130762,0.0490456,3
0.170008,0.0966857,0.063146,3
0.108377,0.0620491,0.0962772,3
0.159651,0.0931563,0.0127586,3
0.017122,0.07104,0.033554,3
0.00984818,0.105514,0.0117524,3
0.00406114,0.0693725,0.0752128,3
0.0389451,0.00411969,0.074144,3
0.0150464,0.0958046,0.0780594,3
0.170283,0.0776916,0.00647885,3
0.115897,0.00513524,0.109748,3
0.0414327,0.032173,0.0255454,3
0.0492721,0.0619667,0.0334211,3
0.0892781,0.0840813,0.0803932,3
0.0818945,0.0850995,0.0520715,3
0.0562848,0.0894957,0.0687214,3
0.14246,0.080596,0.00740896,3
0.131314,0.0598299,0.0508897,3
0.082968,0.0505931,0.0475806,3
0.0466665,0.102097,0.054017,3
0.176818,0.0209865,0.0640966,3
0.163591,0.0167835,0.0488948,3
0.224696,0.0787098,0.0226196,3
0.0198019,0.10806,0.0451899,3
0.109793,0.0674445,0.0933089,3
0.210653,0.0305099,0.0961811,3
0.0925452,0.115952,0.0827202,3
0.177857,0.008022,0.0602886,3
0.124883,0.0741449,0.0773836,3
0.186212,0.111312,0.0495856,3
0.140212,0.106753,0.114067,3
0.170818,0.109607,0.117975,3
0.109501,0.11612,0.111434,3
0.212889,0.0597611,0.0458077,3
0.109976,0.109511,0.0150034,3
0.0450654,0.0614005,0.0767701,3
0.162845,0.0251047,0.0244276,3
0.0479986,0.00469898,0.0281451,3
0.189278,0.0559224,0.0341681,3
0.214843,0.0892952,0.114063,3
0.113874,0.00481461,0.108459,3
0.0108885,0.0637498,0.0861077,3
0.129708,0.0757121,0.0141573,3
0.00473558,0.0103162,0.077432,3
0.181687,0.104236,0.0812972,3
0.210187,0.0704982,0.0581883,3
0.130918,0.0567802,0.109063,3
0.220626,0.0165856,0.0199131,3
0.149795,0.0232928,0.0395706,3
0.115501,0.0103191,0.0893518,3
0.00842543,0.0549415,0.108452,3
0.10186,0.0557601,0.0974673,3
0.0831954,0.0146724,0.0785976,3
0.124947,0.039197,0.0694876,3
0.134564,0.085114,0.0733839,3
0.156507,0.0640788,0.120793,3
0.0938571,0.0355241,0.103108,3
0.0841867,0.0544262,0.0642458,3
0.175318,0.098364,0.0858437,3
0.207669,0.0966003,0.0290734,3
0.158194,0.0907537,0.0571255,3
0.209176,0.0228196,0.0174391,3
0.166865,0.0270815,0.11303,3
0.0310659,0.0388021,0.0861073,3
0.101003,0.014167,0.0167413,3
0.0179229,0.0778907,0.00636737,3
0.0783689,0.0228953,0.0920311,3
0.0141085,0.0403388,0.000893021,3
0.220196,0.0852685,0.107303,3
0.161634,0.00782884,0.113617,3
0.206,0.0581313,0.101362,3
0.146995,0.0473088,0.0900188,3
0.0492069,0.0811929,0.0182616,3
0.17995,0.091667,0.116271,3
0.0399562,0.0840362,0.0600414,3
0.217308,0.0749841,0.0913758,3
0.023988,0.0586929,0.102469,3
0.00146763,0.0995892,0.090123,3
