x coord,y coord,z coord,rank
0.110529,0.196587,0.190278,0
0.0389403,0.219207,0.0985743,0
0.0457005,0.117748,0.0177876,0
0.0653648,0.149327,0.120125,0
0.0542606,0.164313,0.14919,0
0.0322704,0.176178,0.0240957,0
0.111032,0.220058,0.165555,0
0.126907,0.145625,0.0266861,0
0.0359562,0.212417,0.0209185,0
0.0790513,0.150385,0.0702588,0
0.0292247,0.186354,0.0827625,0
0.112397,0.165492,0.142315,0
0.0647167,0.121361,0.0103938,0
0.0421722,0.20695,0.139389,0
0.108486,0.115666,0.166314,0
0.0318085,0.153908,0.00188014,0
0.0207633,0.184205,0.0383815,0
0.0242048,0.195152,0.10248,0
0.0245997,0.221346,0.0262182,0
0.0454967,0.169285,0.140323,0
0.106675,0.201424,0.135259,0
0.077781,0.121113,0.107346,0
0.0677172,0.196664,0.203242,0
0.113455,0.188704,0.160507,0
0.125523,0.213957,0.0320335,0
0.0695189,0.190815,0.147905,0
0.0182665,0.170691,0.179032,0
0.0541939,0.164638,0.103311,0
0.0231844,0.185613,0.14185,0
0.0574882,0.174469,0.00204844,0
0.0130024,0.152754,0.0523686,0
0.0640087,0.159273,0.030779,0
0.0910924,0.136291,0.0745618,0
0.0798149,0.12229,0.00547879,0
0.0892639,0.162836,0.120997,0
0.0168691,0.209739,0.0489383,0
0.0695416,0.150655,0.153275,0
0.0198293,0.209718,0.168465,0
0.0336057,0.133083,0.0386157,0
0.0846077,0.161294,0.152191,0
0.0900937,0.132326,0.1113,0
0.0659796,0.123005,0.175807,0
0.0273533,0.184591,0.0608875,0
0.110766,0.187542,0.114832,0
0.0481146,0.130874,0.0508146,0
0.0613771,0.146787,0.0267859,0
0.0905428,0.195362,0.0120316,0
0.0944496,0.141836,0.084012,0
0.0901298,0.139269,0.157407,0
0.00929026,0.201282,0.0106592,0
0.0608118,0.153625,0.0801533,0
0.000719227,0.192281,0.210184,0
0.0912693,0.191923,0.146609,0
0.0734341,0.15059,0.0865475,0
0.0536755,0.130766,0.0484299,0
0.113193,0.156757,0.213829,0
0.114389,0.12961,0.125851,0
0.108849,0.192778,0.0134041,0
0.0970844,0.192715,0.0388759,0
0.0682803,0.117572,0.132959,0
0.069753,0.116254,0.217143,0
0.0868504,0.175287,0.140384,0
0.125795,0.144495,0.213146,0
0.00932421,0.125125,0.0361447,0
0.124386,0.171598,0.0099145,0
0.0189388,0.210424,0.211061,0
0.119682,0.150796,0.15516,0
0.081016,0.128078,0.188389,0
0.0577569,0.127099,0.14603,0
0.0275178,0.136338,0.148976,0
0.0101147,0.143111,0.153987,0
0.126732,0.201444,0.202602,0
0.102887,0.211303,0.134283,0
0.113591,0.185175,0.141633,0
0.107543,0.221229,0.0695452,0
0.0834212,0.213269,0.0448811,0
0.0712014,0.146932,0.0190056,0
0.0959481,0.208968,0.223123,0
0.107231,0.195425,0.139806,0
0.0907994,0.214513,0.221431,0
0.0878847,0.153517,0.169349,0
0.116461,0.152554,0.178015,0
0.125313,0.120287,0.127202,0
0.045982,0.191815,0.18401,0
0.059997,0.166652,0.160716,0
0.0138,0.173589,0.223533,0
0.0493896,0.176468,0.119674,0
0.0464637,0.161817,0.176701,0
0.119946,0.213442,0.157203,0
0.0491588,0.190974,0.184907,0
0.0289629,0.189085,0.0710358,0
0.0440505,0.210524,0.133415,0
0.107313,0.179372,0.159143,0
0.0365495,0.199267,0.215164,0
0.0594066,0.116052,0.0734118,0
0.0855183,0.124887,0.18328,0
0.0352794,0.153834,0.0379451,0
0.0790922,0.125831,0.183197,0
0.0766193,0.141033,0.127218,0
0.0987605,0.205527,0.0990738,0
0.0172285,0.18045,0.113695,0
0.112405,0.124339,0.223603,0
0.0276764,0.222156,0.00314504,0
0.0159944,0.182201,0.0470835,0
0.120628,0.146792,0.0442448,0
0.0233454,0.139259,0.0698191,0
0.125428,0.139952,0.0922169,0
0.0251368,0.1516,0.0699124,0
0.0970125,0.200575,0.141481,0
0.0470436,0.165768,0.200166,0
0.0111181,0.121757,0.119211,0
0.101035,0.168507,0.115902,0
0.0303649,0.143789,0.145539,0
0.0638537,0.143357,0.1867,0
0.0105377,0.125621,0.125138,0
0.00711432,0.168027,0.149643,0
0.106491,0.137243,0.0842647,0
0.10778,0.169287,0.126502,0
0.00872087,0.132583,0.141646,0
0.0524341,0.146163,0.209335,0
0.117373,0.19973,0.0725592,0
0.121925,0.13399,0.176863,0
0.0556111,0.11786,0.0718162,0
0.0440663,0.115745,0.173467,0
0.155305,0.0685343,0.10065,1
0.204578,0.0142889,0.0120669,1
0.135761,0.0806664,0.103584,1
0.201339,0.117039,0.0566574,1
0.138801,0.0946391,0.0511275,1
0.133016,0.0122043,0.142122,1
0.19971,0.0889356,0.129042,1
0.136002,0.0942814,0.0556765,1
0.150303,0.0368618,0.21668,1
0.205637,0.0760589,0.0796036,1
0.181672,0.0974594,0.0986235,1
0.17001,0.00748606,0.199234,1
0.180453,0.0311281,0.129683,1
0.184114,0.0552748,0.132163,1
0.207188,0.0549062,0.0144165,1
0.145703,0.0549323,0.0902038,1
0.186985,0.0468778,0.0906468,1
0.128217,0.11929,0.213692,1
0.141165,0.004249,0.0866432,1
0.21409,0.105451,0.174716,1
0.154795,0.0673053,0.053253,1
0.224003,0.0366827,0.108478,1
0.159347,0.00726818,0.140009,1
0.220163,0.0362418,0.0129107,1
0.211654,0.12739,0.0693505,1
0.188468,0.0983546,0.145676,1
0.197808,0.0633374,0.0247501,1
0.137037,0.0545513,0.116232,1
0.206003,0.0392655,0.174013,1
0.209769,0.0731553,0.195829,1
0.137992,0.075013,0.0354327,1
0.209634,0.0948003,0.223617,1
0.173623,0.056596,0.199419,1
0.130315,0.0208111,0.0678463,1
0.146947,0.0792378,0.124948,1
0.191722,0.0295437,0.0407911,1
0.152903,0.0916254,0.172615,1
0.154682,0.00238103,0.0428368,1
0.160489,0.0861804,0.106024,1
0.135296,0.0677602,0.113457,1
0.161776,0.06757,0.0107573,1
0.217969,0.016272,0.218611,1
0.224136,0.125121,0.00359755,1
0.202461,0.121862,0.00451089,1
0.148585,0.125043,0.0795561,1
0.158182,0.118283,0.0426311,1
0.182464,0.0438218,0.0627739,1
0.188984,0.0888995,0.0958114,1
0.175067,0.0012543,0.0705567,1
0.174764,0.0253089,0.138404,1
0.218543,0.00531374,0.0797503,1
0.132512,0.0458024,0.00646604,1
0.20888,0.120477,0.20896,1
0.151552,0.106784,0.0582717,1
0.183803,0.0135157,0.0182907,1
0.154321,0.020836,0.205058,1
0.191865,0.112302,0.0194752,1
0.184942,0.102431,0.0911233,1
0.136905,0.0678137,0.112296,1
0.170844,0.0936175,0.202321,1
0.216237,0.0358245,0.0655302,1
0.221821,0.00210646,0.223765,1
0.164351,0.108163,0.214607,1
0.193647,0.124076,0.164259,1
0.135876,0.113657,0.0366604,1
0.218048,0.0788098,0.0592133,1
0.177102,0.0914392,0.115125,1
0.194409,0.127621,0.137296,1
0.191803,0.0376668,0.119219,1
0.145272,0.0436696,0.136043,1
0.167338,0.0748167,0.100782,1
0.137243,0.0999645,0.0573594,1
0.195809,0.00138277,0.0395714,1
0.130413,0.0190822,0.0868148,1
0.169607,0.0551659,0.0885015,1
0.136163,0.00399878,0.182244,1
0.181007,0.112654,0.145705,1
0.20658,0.0378773,0.179266,1
0.206777,0.104477,0.0282,1
0.187439,0.0362412,0.173038,1
0.20108,0.0931341,0.180223,1
0.151758,0.101944,0.189501,1
0.16915,0.0444155,0.0574366,1
0.201994,0.123132,0.0781763,1
0.187646,0.0947489,0.0975726,1
0.179164,0.0943937,0.191038,1
0.175325,0.103564,0.208562,1
0.182856,0.0620848,0.0689033,1
0.157397,0.0826262,0.11127,1
0.213492,0.0720652,0.1441,1
0.214854,0.124755,0.00900631,1
0.220971,0.0175902,0.0139988,1
0.206388,0.11361,0.067824,1
0.134486,0.118725,0.138915,1
0.197673,0.0861432,0.0241837,1
0.14516,0.0233339,0.0327127,1
0.143777,0.108752,0.102637,1
0.134702,0.081608,0.13282,1
0.130096,0.043377,0.215929,1
0.193253,0.00378621,0.00904385,1
0.177851,0.0128664,0.0424074,1
0.151972,0.062743,0.0209419,1
0.14952,0.0385717,0.118221,1
0.165464,0.0209688,0.199238,1
0.153303,0.0166777,0.169186,1
0.180289,0.0353637,0.0498183,1
0.172879,0.0733762,0.130965,1
0.210244,0.0984297,0.125132,1
0.169,0.0203115,0.190479,1
0.201959,0.125723,0.164548,1
0.16708,0.0165176,0.0989372,1
0.127492,0.069556,0.13477,1
0.138305,0.0516827,0.191546,1
0.171096,0.117916,0.191615,1
0.143726,0.0741614,0.212751,1
0.194992,0.0178573,0.138789,1
0.160727,0.0578271,0.00573917,1
0.211903,0.0814707,0.162299,1
0.182609,0.04091,0.193695,1
0.19604,0.0245397,0.00568679,1
0.16376,0.0892861,0.0531206,1
0.219613,0.0486649,0.0920929,1
0.141236,0.0654394,0.166223,1
0.140659,0.110397,0.154685,1
0.199232,0.115003,0.111631,1
0.16177,0.109982,0.0742882,1
0.207091,0.156039,0.117408,2
0.20039,0.15658,0.120431,2
0.200299,0.157433,0.116818,2
0.200927,0.155969,0.119199,2
0.223993,0.162435,0.109798,2
0.206645,0.155062,0.115734,2
0.200968,0.154961,0.115843,2
0.203088,0.151782,0.116657,2
0.203788,0.155961,0.112948,2
0.202902,0.152863,0.111201,2
0.169915,0.174421,0.185874,2
0.179195,0.148439,0.141365,2
0.200291,0.160072,0.113104,2
0.205058,0.152991,0.124567,2
0.130233,0.215687,0.103721,2
0.201465,0.173868,0.150879,2
0.171422,0.144062,0.0519719,2
0.139978,0.210868,0.00426169,2
0.206353,0.153134,0.103473,2
0.204564,0.159255,0.117436,2
0.129162,0.142873,0.151374,2
0.20725,0.155354,0.109858,2
0.200055,0.156971,0.119164,2
0.203829,0.160693,0.117865,2
0.181457,0.157791,0.0993955,2
0.143556,0.168021,0.22016,2
0.205044,0.161346,0.116548,2
0.137077,0.170969,0.0329582,2
0.131169,0.223398,0.072962,2
0.172641,0.224144,0.0255839,2
0.199392,0.153778,0.11138,2
0.171042,0.205165,0.0221552,2
0.13641,0.211445,0.00494612,2
0.207906,0.199596,0.0545546,2
0.191232,0.164885,0.224363,2
0.130399,0.2115,0.0784447,2
0.133558,0.194344,0.0363729,2
0.133493,0.191983,0.157971,2
0.20768,0.147719,0.0608021,2
0.205642,0.159165,0.116032,2
0.192157,0.134261,0.0744346,2
0.200679,0.158311,0.117689,2
0.180383,0.186143,0.14035,2
0.223892,0.218372,0.184205,2
0.214753,0.210418,0.066191,2
0.169527,0.218126,0.0306063,2
0.164863,0.220494,0.15255,2
0.199484,0.132191,0.192047,2
0.201468,0.150239,0.113682,2
0.196003,0.217272,0.209625,2
0.136924,0.173764,0.0856209,2
0.15636,0.146724,0.13941,2
0.16808,0.13736,0.17647,2
0.184344,0.188591,0.124339,2
0.20749,0.156045,0.115031,2
0.212792,0.157647,0.118182,2
0.173591,0.161608,0.0584685,2
0.167841,0.224177,0.0553065,2
0.204977,0.155931,0.0869854,2
0.205039,0.153353,0.119255,2
0.203683,0.151766,0.119221,2
0.176742,0.151821,0.0169411,2
0.209341,0.20063,0.140719,2
0.130366,0.21251,0.151482,2
0.174697,0.223089,0.18384,2
0.175904,0.18279,0.143956,2
0.178206,0.172251,0.00791819,2
0.194002,0.18729,0.0174824,2
0.158113,0.168242,0.0211829,2
0.21296,0.202646,0.186595,2
0.157476,0.141748,0.176675,2
0.187628,0.202376,0.0730614,2
0.20856,0.156216,0.112821,2
0.202745,0.155443,0.112606,2
0.182339,0.222733,0.0905347,2
0.192512,0.159545,0.157817,2
0.191967,0.140382,0.040518,2
0.133883,0.168418,0.0104837,2
0.1774,0.16988,0.156294,2
0.201986,0.151233,0.115714,2
0.156788,0.177071,0.046922,2
0.192863,0.200239,0.0867054,2
0.205836,0.158026,0.114698,2
0.145021,0.138953,0.154806,2
0.18927,0.171533,0.0996931,2
0.204828,0.156753,0.114266,2
0.195465,0.129335,0.209692,2
0.202604,0.157669,0.113182,2
0.20506,0.150552,0.113205,2
0.149285,0.18412,0.0381423,2
0.135739,0.160344,0.166585,2
0.205294,0.132023,0.0733553,2
0.134318,0.201632,0.0155818,2
0.156227,0.217738,0.0127327,2
0.187607,0.163839,0.133041,2
0.205782,0.153028,0.122094,2
0.224734,0.154319,0.0457953,2
0.206054,0.153186,0.119315,2
0.207098,0.156385,0.119005,2
0.165164,0.1982,0.104353,2
0.202402,0.176398,0.0203344,2
0.20453,0.152068,0.118562,2
0.145381,0.224936,0.082111,2
0.206461,0.154162,0.114416,2
0.209713,0.153172,0.116114,2
0.21572,0.199855,0.131375,2
0.207231,0.156715,0.112112,2
0.201189,0.199753,0.184109,2
0.150276,0.223248,0.197266,2
0.134815,0.177373,0.167007,2
0.205639,0.154092,0.117983,2
0.199735,0.155491,0.116413,2
0.206361,0.157246,0.111247,2
0.191052,0.206961,0.101043,2
0.204591,0.154614,0.114455,2
0.199299,0.161582,0.218675,2
0.203147,0.21843,0.166668,2
0.15441,0.168726,0.0760392,2
0.161792,0.134134,0.156062,2
0.1425,0.12841,0.0621544,2
0.137543,0.207259,0.00811395,2
0.140364,0.216811,0.147171,2
0.178839,0.131564,0.162782,2
0.109035,0.0265645,0.00795309,3
0.0583938,0.09325,0.206132,3
0.0914274,0.0219306,0.16996,3
0.00807775,0.0194752,0.119933,3
0.0252317,0.00360764,0.0977675,3
0.0443679,0.093093,0.0512654,3
0.0936919,0.0388077,0.0204547,3
0.0481416,0.0840187,0.0494397,3
0.0929016,0.0379951,0.0801914,3
0.0445723,0.108125,0.128237,3
0.0251795,0.0715534,0.057006,3
0.0880941,0.100706,0.0100751,3
0.0117529,0.0827737,0.13686,3
0.0985246,0.0903692,0.0481952,3
0.0227302,0.09031,0.0637918,3
0.072096,0.0652644,0.0851638,3
0.028185,0.0561323,0.0187918,3
0.0831496,0.0205903,0.171844,3
0.00967485,0.0359159,0.0743186,3
0.111481,0.0946762,0.0361652,3
0.0214199,0.115365,0.150289,3
0.035191,0.0109583,0.201836,3
0.0599948,0.078331,0.0823311,3
0.00891998,0.0776666,0.0556864,3
0.0479153,0.0432815,0.208677,3
0.0764133,0.0946657,0.191752,3
0.0555889,0.0641309,0.218825,3
0.00854897,0.0361548,0.121341,3
0.047501,0.0535469,0.125135,3
0.0189563,0.00416996,0.187095,3
0.109022,0.0566882,0.139017,3
0.0607123,0.0735279,0.0379143,3
0.117278,0.0476681,0.159292,3
0.122738,0.0890468,0.101543,3
0.0456462,0.0805899,0.138806,3
0.0571697,0.104685,0.0096255,3
0.00541832,0.0609925,0.176218,3
0.124106,0.0334363,0.0245892,3
0.113416,0.105224,0.0978464,3
0.115894,0.0816501,0.0292679,3
0.0232711,0.034403,0.0596148,3
0.0269033,0.0321189,0.145185,3
0.0553634,0.0850127,0.116805,3
0.0881034,0.112203,0.205888,3
0.0506799,0.0425457,0.0988813,3
0.109722,0.027573,0.210984,3
0.113744,0.0668017,0.0679161,3
0.0788718,0.111949,0.115267,3
0.119701,0.0311064,0.190695,3
0.111546,0.0953244,0.0345538,3
0.0589452,0.0857239,0.114407,3
0.0230932,0.0599707,0.224205,3
0.0231389,0.0321959,0.166346,3
0.123926,0.0552684,0.125603,3
0.0361076,0.0488773,0.130073,3
0.0170528,0.093727,0.149857,3
0.0479749,0.0499505,0.0519843,3
0.0712432,0.00375594,0.0428562,3
0.0290139,0.0136724,0.142256,3
0.0503293,0.021738,0.19471,3
0.0160144,0.0280143,0.0492983,3
0.0415429,0.10877,0.11122,3
0.0257975,0.112478,0.146352,3
0.0664956,0.0313546,0.12847,3
0.0303459,0.111321,0.0347154,3
0.0831717,0.0406467,0.115023,3
0.00588544,0.00615163,0.184016,3
0.00647691,0.00964402,0.157999,3
0.125971,0.00193795,0.0905281,3
0.0236889,0.0673958,0.0279261,3
0.101106,0.0812936,0.118926,3
0.00705181,0.101159,0.034414,3
0.0983023,0.0219951,0.0882225,3
0.110187,0.0754851,0.00770901,3
0.0435487,0.0725157,0.044642,3
0.082985,0.0431763,0.0928378,3
0.0791593,0.0101733,0.124724,3
0.0522386,0.0223356,0.0853362,3
0.0696908,0.0813274,0.00654553,3
0.120131,0.00374461,0.0442543,3
0.0956537,0.0088898,0.00672493,3
0.0524799,0.0812062,0.0595062,3
0.0391119,0.0803025,0.0352761,3
0.0817531,0.0565839,0.132151,3
0.122154,0.047188,0.11627,3
0.0441924,0.0494074,0.0907807,3
0.0533543,0.00434499,0.115279,3
0.000754539,0.112202,0.115683,3
0.103822,0.0195777,0.136062,3
0.0424035,0.0781624,0.0689258,3
0.0129129,0.0266371,0.0321675,3
0.102509,0.0849135,0.0376473,3
0.0468,0.00399427,0.0748043,3
0.0148152,0.0923808,0.00503266,3
0.0298828,0.114134,0.193737,3
0.0865002,0.0475394,0.167461,3
0.103867,0.0284735,0.107272,3
0.117434,0.0337444,0.195642,3
0.0330185,0.114047,0.168748,3
0.0425313,0.0381574,0.0955321,3
0.0755361,0.00175075,0.124159,3
0.0717177,0.0915825,0.102246,3
0.0771118,0.0989728,0.0878031,3
0.00866627,0.0825055,0.0884913,3
0.0857419,0.0913118,0.147805,3
0.0979519,0.0927006,0.213643,3
0.123203,0.0362086,0.205959,3
0.030435,0.0805139,0.222078,3
0.000340898,0.0221767,0.181178,3
0.0353777,0.0966527,0.159397,3
0.0855348,0.057562,0.18392,3
0.118151,0.0493108,0.19803,3
0.0183744,0.10889,0.154157,3
0.0892561,0.0758113,0.0381768,3
0.00585156,0.00604145,0.220914,3
0.0746463,0.102327,0.0256763,3
0.0614444,0.0746673,0.0281651,3
0.0331895,0.0685792,0.011414,3
0.00582123,0.0477366,0.0885819,3
0.107872,0.0288031,0.115457,3
0.0123433,0.0645749,0.212956,3
0.013998,0.0989239,0.185171,3
0.123552,0.0667494,0.0108194,3
0.0607228,0.110412,0.0877437,3
0.126191,0.0818014,0.0310451,3
0.126672,0.00291039,0.15114,3
0.126979,0.0267007,0.0669419,3
