x coord,y coord,z coord,rank
0.172862,0.152728,0.0632621,0
0.165825,0.216095,0.0775718,0
0.16776,0.173375,0.024311,0
0.12173,0.205913,0.00069693,0
0.189666,0.214678,0.0732938,0
0.116707,0.158947,0.0876103,0
0.18995,0.137068,0.0572941,0
0.218371,0.18172,0.0761786,0
0.140081,0.133577,0.00665758,0
0.127601,0.0171687,0.0314104,0
0.201795,0.119192,0.00811869,0
0.215399,0.0702663,0.110953,0
0.197464,0.16742,0.0716097,0
0.216088,0.0645809,0.0377622,0
0.175954,0.180263,0.0158895,0
0.151088,0.0494627,0.0774658,0
0.192296,0.171254,0.0998568,0
0.135512,0.0938298,0.0452203,0
0.147199,0.202984,0.0669214,0
0.200874,0.0152975,0.0812583,0
0.147655,0.0906315,0.0847066,0
0.179953,0.0493549,0.0113779,0
0.193596,0.0406941,0.0375454,0
0.203994,0.215318,0.0500675,0
0.179834,0.0592295,0.0232844,0
0.199403,0.164792,0.0150005,0
0.202216,0.06865,0.0961526,0
0.126333,0.137755,0.115787,0
0.156024,0.164501,0.0875962,0
0.169972,0.0893535,0.0104749,0
0.127659,0.107378,0.00479789,0
0.166328,0.220342,0.0644694,0
0.139178,0.00081654,0.107384,0
0.119649,0.131171,0.0618002,0
0.188736,0.17313,0.0671326,0
0.124791,0.0439319,0.0624422,0
0.152691,0.0206608,0.0892388,0
0.0975416,0.0954687,0.0960304,0
0.121259,0.154709,0.0877399,0
0.174779,0.163035,0.0970238,0
0.138629,0.111213,0.0463891,0
0.205958,0.192879,0.0400994,0
0.171641,0.064236,0.0344041,0
0.114872,0.054533,0.0293886,0
0.118166,0.0773354,0.0136885,0
0.214468,0.18704,0.109378,0
0.195174,0.207494,0.0508095,0
0.146015,0.115323,0.111179,0
0.202336,0.0327055,0.100519,0
0.107441,0.0751098,0.0215013,0
0.129774,0.205474,0.0389851,0
0.130636,0.0486768,0.085134,0
0.16772,0.187329,0.0290309,0
0.147397,0.004232,0.0358496,0
0.147708,0.136926,0.012932,0
0.177578,0.155227,0.0673052,0
0.14955,0.175594,0.040229,0
0.143358,0.223968,0.0241241,0
0.151166,0.211872,0.0337872,0
0.126854,0.180335,0.0254242,0
0.0981023,0.216466,0.0500112,0
0.129581,0.0983286,0.0764594,0
0.203222,0.0232306,0.00351163,0
0.206113,0.221113,0.0906187,0
0.213941,0.0879244,0.0900485,0
0.115197,0.0604571,0.0877833,0
0.206719,0.0760837,0.0477663,0
0.21992,0.0610629,0.0292057,0
0.160753,0.222095,0.0839622,0
0.223464,0.0466626,0.0905226,0
0.153057,0.165385,0.0851803,0
0.196345,0.00895696,0.0887938,0
0.199647,0.0580526,0.0474076,0
0.150517,0.0706419,0.0432628,0
0.119871,0.122156,0.0169332,0
0.172715,0.0335093,0.0316795,0
0.206865,0.213746,0.0916762,0
0.141719,0.0677558,0.0131084,0
0.18751,0.194006,0.087496,0
0.211634,0.159444,0.0125434,0
0.191066,0.189103,0.109782,0
0.195498,0.00210378,0.062587,0
0.220635,0.110246,0.0264276,0
0.153249,0.173994,0.0934459,0
0.102103,0.220182,0.110699,0
0.105796,0.187685,0.0981778,0
0.165733,0.0330044,0.0707769,0
0.123746,0.150702,0.0843293,0
0.215771,0.0883588,0.00939534,0
0.214068,0.063531,0.0162177,0
0.154494,0.0423125,0.00329094,0
0.111301,0.136248,0.0807343,0
0.103703,0.149198,0.00567416,0
0.108267,0.134228,0.0709611,0
0.203894,0.0827575,0.0745655,0
0.0988448,0.165138,0.114659,0
0.118303,0.189292,0.102298,0
0.107956,0.105556,0.0606445,0
0.148165,0.00455026,0.00171491,0
0.106192,0.0922472,0.101155,0
0.198157,0.0464368,0.0514151,0
0.166405,0.0581764,0.0781199,0
0.107128,0.110976,0.0089217,0
0.140997,0.00903042,0.0999704,0
0.0979722,0.149608,0.00386277,0
0.205818,0.0725455,0.0850759,0
0.108998,0.0270959,0.0252277,0
0.135958,0.0344583,0.0858507,0
0.135339,0.114928,0.0799164,0
0.168243,0.119684,0.0600503,0
0.127463,0.0554551,0.0409956,0
0.114302,0.0406263,0.115979,0
0.148532,0.115956,0.061528,0
0.122438,0.061197,0.0165694,0
0.18158,0.0103201,0.0920848,0
0.182469,0.0862857,0.0834685,0
0.186926,0.12109,0.113937,0
0.165781,0.120109,0.0819548,0
0.124937,0.0856518,0.012696,0
0.150399,0.077701,0.0314142,0
0.156005,0.127347,0.0513139,0
0.222941,0.0246813,0.0186398,0
0.112539,0.011217,0.110268,0
0.099585,0.153553,0.0687714,0
0.0995492,0.0925806,0.0983149,0
0.203505,0.211581,0.11532,0
0.174636,0.0790941,0.115902,0
0.0599769,0.166528,0.0661053,1
0.0873002,0.170786,0.059915,1
0.0648979,0.0683974,0.00466183,1
0.079933,0.0799287,0.0563436,1
0.0273614,0.134565,0.097805,1
0.0853442,0.189575,0.0110628,1
0.00272181,0.152177,0.0221753,1
0.0404935,0.0163793,0.0752852,1
0.0193952,0.185718,0.0869475,1
0.0244507,0.171686,0.0950657,1
0.0840649,0.119609,0.0302341,1
0.0649679,0.205058,0.0874579,1
0.00561544,0.0796089,0.107039,1
0.00340702,0.194053,0.0408095,1
0.0643067,0.0890842,0.0274899,1
0.0712714,0.201668,0.0761948,1
0.0578739,0.129913,0.0397512,1
0.0906196,0.0452629,0.0523173,1
0.0512455,0.188236,0.0444093,1
0.0920289,0.146319,0.0135955,1
0.0107457,0.19251,0.108055,1
0.0450599,0.118585,0.067624,1
0.0531529,0.00152477,0.0745495,1
0.0246676,0.184276,0.100357,1
0.0887762,0.0961376,0.00278724,1
0.0309034,0.0862536,0.0368548,1
0.0629006,0.158841,0.110004,1
0.039323,0.139978,0.0746758,1
0.0905293,0.143184,0.0316187,1
0.0167789,0.184221,0.0924752,1
0.00588934,0.0895632,0.111617,1
0.0604238,0.0349383,0.098494,1
0.00690874,0.183926,0.0344634,1
0.0553274,0.0721059,0.0673538,1
0.00836643,0.21879,0.0586457,1
0.0670661,0.11958,0.092643,1
0.0306206,0.164249,0.0664484,1
0.011783,0.00375384,0.100143,1
0.0333475,0.0779947,0.0629578,1
0.0231148,0.189099,0.100443,1
0.0452596,0.0319882,0.085901,1
0.0199488,0.0959311,0.0812264,1
0.00104955,0.0609504,0.102299,1
0.0920762,0.180754,0.0969466,1
0.0231497,0.103129,0.0254677,1
0.0271507,0.0534882,0.0734233,1
0.0355654,0.0636248,0.077416,1
0.0181014,0.151039,0.0148436,1
0.0386737,0.169029,0.0811151,1
0.00975991,0.216171,0.00362727,1
0.0124455,0.114595,0.0915637,1
0.0865727,0.192624,0.0458975,1
0.0560149,0.0910427,0.0930859,1
0.00813949,0.0914136,0.00506447,1
0.00723934,0.09386,0.0284174,1
0.00240513,0.0278786,0.0418217,1
0.0467043,0.102824,0.0945773,1
0.0331408,0.217819,0.0989514,1
0.0627232,0.0492796,0.0373764,1
0.00693075,0.224093,0.0469356,1
0.0299779,0.222271,0.0486958,1
0.0512653,0.159202,0.0947194,1
0.0640662,0.188957,0.0730038,1
0.0225677,0.221982,0.114691,1
0.016782,0.0217929,0.0795951,1
0.0888656,0.0337451,0.110551,1
0.093794,0.191269,0.0768188,1
0.0847227,0.0325228,0.067583,1
0.0552605,0.200756,0.103926,1
0.0942973,0.0295687,0.108911,1
0.0142075,0.179098,0.00822408,1
0.0023534,0.181634,0.0845089,1
0.0389989,0.164056,0.0748783,1
0.0916139,0.125811,0.0422872,1
0.00654872,0.212657,0.104753,1
0.00164373,0.039125,0.0106726,1
0.0760032,0.132985,0.0760021,1
0.0130366,0.16778,0.113402,1
0.0485963,0.0467786,0.0994879,1
0.00795943,0.0670578,0.0991437,1
0.0875224,0.184341,0.0766851,1
0.0587007,0.198778,0.00021403,1
0.0147549,0.144767,0.0493922,1
0.00304443,0.201238,0.0344106,1
0.0364814,0.0495014,0.0483966,1
0.0235999,0.154436,0.0248932,1
0.0881547,0.0244125,0.0827386,1
0.0698382,0.0672579,0.0875408,1
0.022845,0.176271,0.107908,1
0.0107719,0.0456517,0.0494013,1
0.0731328,0.133119,0.0237657,1
0.00840376,0.166916,0.104536,1
0.0310708,0.15478,0.0439342,1
0.0384313,0.0422056,0.0132061,1
0.0130971,0.0796153,0.0416151,1
0.0687762,0.0796106,0.104633,1
0.0572133,0.168722,0.0910035,1
0.0918464,0.137665,0.0359198,1
0.0295444,0.178612,0.108087,1
0.0380436,0.191271,0.0989732,1
0.0247629,0.019207,0.021829,1
0.0659509,0.0447856,0.0516865,1
0.0644562,0.0125552,0.0153166,1
0.00429483,0.14314,0.0157851,1
0.0825982,0.207585,0.101468,1
0.0249688,0.143511,0.0940178,1
0.0915156,0.0339376,0.0590388,1
0.0832404,0.222102,0.0398463,1
0.0714139,0.215804,0.0586176,1
0.0911698,0.0339037,0.0524121,1
0.0299798,0.001844,0.0900184,1
0.0555322,0.12909,0.083523,1
0.0253034,0.183694,0.00904696,1
0.0646374,0.209943,0.0160798,1
0.00541882,0.165717,0.0885548,1
0.0885585,0.138061,0.107663,1
0.0384368,0.143389,0.0354049,1
0.0847929,0.048689,0.00224289,1
0.0350737,0.111172,0.108856,1
0.01985,0.122422,0.0525565,1
0.0970526,0.0779245,0.0882412,1
0.0222645,0.0771068,0.115811,1
0.116616,0.146026,0.132602,2
0.123483,0.174165,0.151855,2
0.129293,0.208991,0.164761,2
0.0902713,0.153631,0.20107,2
0.122405,0.0400157,0.121605,2
0.115453,0.201394,0.190751,2
0.0625041,0.138643,0.214918,2
0.0662006,0.21515,0.168568,2
0.116695,0.215737,0.122364,2
0.051029,0.120791,0.212543,2
0.0553757,0.0177688,0.222103,2
0.0283594,0.00878073,0.156473,2
0.015841,0.00459414,0.205798,2
0.0659972,0.0429897,0.178937,2
0.0439509,0.048438,0.216625,2
0.0876706,0.145727,0.157324,2
0.0846682,0.0722992,0.157105,2
0.000124468,0.19903,0.123856,2
0.0899017,0.0437674,0.121204,2
0.0505593,0.100361,0.117524,2
0.086018,0.145594,0.152732,2
0.101739,0.103683,0.223328,2
0.0469326,0.182039,0.173916,2
0.0105034,0.194353,0.183523,2
0.0316939,0.000241282,0.181901,2
0.0257006,0.221434,0.146946,2
0.0139436,0.00943364,0.124162,2
0.0155242,0.154624,0.133338,2
0.0965319,0.125063,0.147186,2
0.00990979,0.00891871,0.198551,2
0.0907526,0.149832,0.223795,2
0.085231,0.149776,0.145306,2
0.105516,0.196884,0.117082,2
0.00786893,0.194797,0.196315,2
0.0170901,0.134672,0.130396,2
0.0681541,0.00502556,0.206719,2
0.0932095,0.212318,0.183446,2
0.0702621,0.14519,0.148591,2
0.0773954,0.014772,0.148026,2
0.00531017,0.109241,0.186383,2
0.0724429,0.049154,0.204744,2
0.101295,0.195052,0.166438,2
0.0491225,0.0809502,0.211453,2
0.0777593,0.199744,0.159226,2
0.10786,0.136567,0.143815,2
0.00806583,0.0247989,0.197973,2
0.11931,0.156142,0.183618,2
0.0248473,0.216384,0.17259,2
0.102232,0.0408075,0.171991,2
0.0344719,0.210563,0.2189,2
0.0227978,0.0174732,0.171512,2
0.0544443,0.164251,0.199133,2
0.0405011,0.161765,0.184528,2
0.0270357,0.194873,0.176533,2
0.0284801,0.0494094,0.182179,2
0.0756285,0.185404,0.210399,2
0.0723146,0.179229,0.205094,2
0.0727215,0.00841377,0.122677,2
0.0145883,0.161982,0.152011,2
0.116623,0.152736,0.152508,2
0.0826976,0.183617,0.21121,2
0.0982817,0.147635,0.190218,2
0.110479,0.192252,0.218428,2
0.0442295,0.110617,0.203405,2
0.0223778,0.0796889,0.140146,2
0.0935169,0.125432,0.20724,2
0.0425547,0.0674569,0.211873,2
0.0386524,0.136914,0.128169,2
0.0115004,0.13353,0.133005,2
0.0285598,0.108675,0.177604,2
0.0595515,0.0651123,0.20438,2
0.0286801,0.0201895,0.196494,2
0.0937647,0.148928,0.127736,2
0.0460755,0.170256,0.18719,2
0.0475377,0.0253091,0.14396,2
0.0375079,0.106823,0.147144,2
0.0862031,0.10541,0.158319,2
0.00483869,0.194373,0.151013,2
0.0669336,0.030191,0.125882,2
0.0742996,0.109396,0.140453,2
0.0642797,0.159808,0.136524,2
0.0998962,0.0374814,0.143745,2
0.0872999,0.206228,0.1183,2
0.100117,0.122122,0.174465,2
0.0506258,0.146053,0.221191,2
0.106755,0.22261,0.222654,2
0.036052,0.181429,0.176473,2
0.0203849,0.090711,0.192136,2
0.035938,0.00331062,0.118445,2
0.0455741,0.00601068,0.203107,2
0.0543153,0.180836,0.151786,2
0.099561,0.203477,0.216117,2
0.0730553,0.0950061,0.157388,2
0.0034488,0.105442,0.133859,2
0.0364307,0.0320248,0.199377,2
0.0394488,0.000166906,0.14334,2
0.0242418,0.164962,0.221627,2
0.0346565,0.181833,0.156692,2
0.121579,0.194544,0.131918,2
0.108688,0.142814,0.203533,2
0.107928,0.0136126,0.131132,2
0.0670526,0.0362853,0.168893,2
0.056602,0.206718,0.198628,2
0.0923611,0.0881568,0.168961,2
0.0525233,0.0681979,0.167461,2
0.0439619,0.201078,0.186227,2
0.00782145,0.0768516,0.139505,2
0.0788987,0.218916,0.146621,2
0.0756188,0.0554881,0.204411,2
0.0423254,0.10914,0.131,2
0.0723701,0.118626,0.16616,2
0.078553,0.0597609,0.157796,2
0.0824591,0.0385061,0.159338,2
0.0696123,0.0684756,0.144293,2
0.0463014,0.132137,0.130186,2
0.0544585,0.0321514,0.218902,2
0.108722,0.130618,0.192344,2
0.129461,0.171433,0.147566,2
0.114379,0.139836,0.19629,2
0.129152,0.0419319,0.154967,2
0.122573,0.0296406,0.130006,2
0.124208,0.0451366,0.124775,2
0.116068,0.058526,0.205011,2
0.103727,0.0761019,0.211927,2
0.0333214,0.217346,0.116683,2
0.173408,0.187644,0.148184,3
0.207486,0.157125,0.223267,3
0.197961,0.210831,0.165744,3
0.143609,0.14435,0.180381,3
0.175841,9.19226e-05,0.216507,3
0.133752,0.152887,0.193694,3
0.167495,0.189262,0.140256,3
0.152456,0.144677,0.183334,3
0.174494,0.193818,0.139065,3
0.22167,0.105755,0.137427,3
0.194101,0.204558,0.148211,3
0.17206,0.193577,0.143802,3
0.204017,0.210464,0.206878,3
0.169317,0.11097,0.185073,3
0.172394,0.192384,0.147931,3
0.15267,0.178613,0.203189,3
0.178567,0.194305,0.146731,3
0.21544,0.171145,0.206685,3
0.135465,0.0554376,0.204761,3
0.16931,0.192985,0.144143,3
0.175238,0.187682,0.142541,3
0.158221,0.0324843,0.218877,3
0.138058,0.162255,0.124492,3
0.172883,0.193211,0.144514,3
0.218476,0.102806,0.148068,3
0.161944,0.223772,0.210458,3
0.174216,0.191214,0.147202,3
0.132175,0.176762,0.21821,3
0.156805,0.0180345,0.145707,3
0.170776,0.0978584,0.140795,3
0.132717,0.155557,0.214017,3
0.155637,0.149509,0.127915,3
0.153797,0.107801,0.210318,3
0.202773,0.187146,0.129954,3
0.195003,0.217792,0.188645,3
0.223061,0.0134722,0.158606,3
0.200446,0.214802,0.126496,3
0.209817,0.202757,0.167596,3
0.189805,0.0945674,0.117348,3
0.151183,0.170464,0.216645,3
0.221328,0.126859,0.170411,3
0.217281,0.19938,0.14648,3
0.171265,0.192508,0.146616,3
0.172614,0.189895,0.144209,3
0.144995,0.101652,0.141791,3
0.150529,0.205685,0.199378,3
0.173844,0.193531,0.146875,3
0.178298,0.192074,0.144637,3
0.140939,0.039937,0.122799,3
0.184886,0.203181,0.149906,3
0.147999,0.142997,0.219611,3
0.134155,0.210038,0.124484,3
0.142252,0.13794,0.18383,3
0.184473,0.0449572,0.130916,3
0.167713,0.108377,0.204995,3
0.157962,0.1031,0.151592,3
0.172849,0.189662,0.148635,3
0.172946,0.188757,0.144108,3
0.141659,0.0290054,0.201377,3
0.199502,0.0544405,0.128005,3
0.212246,0.0503778,0.197448,3
0.174971,0.184997,0.145893,3
0.178206,0.190417,0.142622,3
0.148741,0.0284799,0.132658,3
0.205326,0.0827042,0.13841,3
0.19188,0.165341,0.162786,3
0.212958,0.076187,0.13909,3
0.212432,0.19604,0.133128,3
0.170268,0.193716,0.146557,3
0.194237,0.106556,0.221858,3
0.170397,0.191711,0.146003,3
0.169356,0.190967,0.146715,3
0.129637,0.0664571,0.178003,3
0.215169,0.115303,0.13395,3
0.208293,0.0548125,0.219157,3
0.184062,0.0573335,0.205111,3
0.176045,0.189642,0.141244,3
0.215871,0.173591,0.176798,3
0.197241,0.0377349,0.179123,3
0.17202,0.191096,0.146572,3
0.195921,0.175886,0.207602,3
0.143347,0.054565,0.124604,3
0.145319,0.0837986,0.119248,3
0.220265,0.160021,0.17471,3
0.132152,0.122066,0.155584,3
0.187426,0.0667519,0.213176,3
0.217058,0.09728,0.132719,3
0.182107,0.0176503,0.203569,3
0.173252,0.193606,0.127448,3
0.20995,0.209115,0.13002,3
0.198993,0.0548595,0.215187,3
0.175346,0.191788,0.137451,3
0.165508,0.120255,0.223672,3
0.178359,0.090492,0.211008,3
0.201473,0.0620329,0.121741,3
0.17123,0.195796,0.14301,3
0.210651,0.113882,0.129225,3
0.147492,0.187969,0.143821,3
0.173576,0.189538,0.143778,3
0.174018,0.0196582,0.120715,3
0.178335,0.0295224,0.208021,3
0.170678,0.188878,0.144516,3
0.167589,0.190438,0.147213,3
0.205965,0.153573,0.190031,3
0.173706,0.197066,0.141345,3
0.171657,0.190286,0.146321,3
0.168743,0.189794,0.142807,3
0.172774,0.187404,0.142666,3
0.175229,0.187376,0.142976,3
0.139265,0.124727,0.175432,3
0.16828,0.190271,0.146669,3
0.171875,0.192141,0.146627,3
0.173505,0.186457,0.142776,3
0.171777,0.141398,0.127768,3
0.202005,0.0982476,0.155273,3
0.170987,0.191954,0.139445,3
0.197651,0.0270982,0.12237,3
0.170722,0.193519,0.144718,3
0.171946,0.187965,0.145104,3
0.166568,0.186594,0.142288,3
0.213323,0.0633232,0.197807,3
0.193904,0.0779804,0.211317,3
0.190872,0.0456084,0.165402,3
0.142803,0.0926055,0.211453,3
0.153467,0.0657147,0.116106,3
0.129656,0.0827843,0.215439,3
