x coord,y coord,z coord,rank
0.00190826,0.046056,0.0928308,0
0.06361,0.0895142,0.0208191,0
0.0842698,0.100992,0.112919,0
0.0286542,0.0166349,0.0927812,0
0.0952386,0.062527,0.162517,0
0.0211624,0.0320589,0.0583486,0
0.00804216,0.0883205,0.107486,0
0.0541273,0.00426302,0.106877,0
0.0333473,0.0186634,0.0384645,0
0.0402852,0.0770586,0.138782,0
0.00094043,0.0688685,0.103708,0
0.0291962,0.0896641,0.071662,0
0.0523682,0.0240441,0.112004,0
0.123102,0.0178639,0.060162,0
0.120321,0.0296269,0.139517,0
0.109061,0.0657369,0.0307323,0
0.123113,0.0390132,0.221131,0
0.0543674,0.0740326,0.133201,0
0.113945,0.02351,0.107278,0
0.118514,0.0648782,0.0826351,0
0.00335539,0.0455876,0.00646554,0
0.0406151,0.0466405,0.0533677,0
0.0772478,0.0103744,0.00407944,0
0.0154816,0.063857,0.051986,0
0.0237144,0.0480633,0.0456686,0
0.05335,0.0690062,0.0445312,0
0.0349055,0.0156035,0.0671405,0
0.127218,0.0978279,0.0801262,0
0.0909747,0.0708369,0.158079,0
0.09213,0.099307,0.161409,0
0.0843454,0.00742991,0.12886,0
0.114764,0.0947505,0.137784,0
0.0118206,0.0511561,0.132263,0
0.000927293,0.0398803,0.0254146,0
0.032348,0.0490094,0.177603,0
0.0960731,0.0582761,0.122925,0
0.0923325,0.0814073,0.190661,0
0.0607021,0.0889603,0.221599,0
0.125027,0.0064305,0.138573,0
0.0616799,0.101607,0.0731182,0
0.136031,0.0935607,0.0810243,0
0.0277186,0.088518,0.0501751,0
0.0956233,0.0928056,0.128374,0
0.0474428,0.0278921,0.0532216,0
0.00962545,0.0989666,0.0753174,0
0.1113,0.059473,0.172303,0
0.0971653,0.0652157,0.0516316,0
0.02827,0.0817568,0.202822,0
0.0245176,0.0693641,0.0963419,0
0.0339421,0.0599269,0.199959,0
0.125446,0.0435524,0.012979,0
0.130764,0.0314009,0.216631,0
0.103939,0.086053,0.169297,0
0.0554119,0.0387237,0.0537643,0
0.132003,0.0996155,0.130371,0
0.0405695,0.0352341,0.0554452,0
0.0508745,0.0499681,0.123132,0
0.0254627,0.0450361,0.0258882,0
0.116879,0.0949425,0.0735241,0
0.104517,0.0587002,0.219392,0
0.0333443,0.0672177,0.151682,0
0.0106319,0.0480772,0.135764,0
0.101558,0.0657189,0.174267,0
0.0287167,0.0239823,0.17713,0
0.0349124,0.0994627,0.104592,0
0.0195537,0.0049328,0.156711,0
0.0108667,0.0698936,0.161557,0
0.0355373,0.0992208,0.188302,0
0.136335,0.0329559,0.176941,0
0.139901,0.0124237,0.041901,0
0.10337,0.0218465,0.189447,0
0.0987109,0.0309387,0.146897,0
0.0314596,0.00563808,0.0672761,0
0.0837362,0.0502395,0.104719,0
0.00598737,0.00750268,0.00235923,0
0.0158043,0.00956225,0.157676,0
0.118986,0.0909387,0.0398406,0
0.019408,0.0713079,0.10543,0
0.123129,0.100056,0.0910005,0
0.0438,0.0354815,0.00513089,0
0.0327082,0.0085285,0.051448,0
0.102995,0.0353638,0.150649,0
0.0928602,0.0752192,0.0958115,0
0.0119815,0.0606321,0.161181,0
0.00085978,0.0439152,0.0133881,0
0.0115757,0.0074812,0.203888,0
0.00724928,0.0449957,0.183208,0
0.0332449,0.095618,0.00414531,0
0.00780487,0.0461121,0.182887,0
0.0541317,0.046939,0.175385,0
0.012814,0.066819,0.20242,0
0.021058,0.0508335,0.107089,0
0.140301,0.0514318,0.0201028,0
0.00533241,0.0315025,0.156458,0
0.121737,0.038992,0.106248,0
0.0684356,0.0445468,0.224321,0
0.045852,0.078489,0.158821,0
0.0685269,0.0891882,0.0724429,0
0.0888115,0.00239857,0.0395889,0
0.0327379,0.0531352,0.212492,0
0.0324035,0.092186,0.220314,0
0.00752753,0.00601858,0.215225,0
0.104864,0.0761094,0.0609017,0
0.0574668,0.0868518,0.10202,0
0.033803,0.0684911,0.166509,0
0.0232583,0.0783447,0.111997,0
0.137137,0.0261918,0.066614,0
0.0369232,0.100783,0.217311,0
0.132961,0.0688888,0.13514,0
0.111766,0.0759079,0.0602493,0
0.0879749,0.0123337,0.178915,0
0.00123402,0.0583891,0.0753654,0
0.056505,0.0749934,0.0990177,0
0.0626654,0.101424,0.111425,0
0.117968,0.0834837,0.0332153,0
0.00923373,0.056205,0.132154,0
0.112879,0.0760222,0.0400246,0
0.121335,0.0915884,0.168774,0
0.0829602,0.0730838,0.169435,0
0.0352632,0.0743938,0.212758,0
0.0837414,0.0631677,0.173931,0
0.0348242,0.046469,0.148368,0
0.059953,0.093662,0.209044,0
0.0468691,0.0939546,0.170104,0
0.0438609,0.0868828,0.188934,0
0.135623,0.00187948,0.0947405,0
0.0883187,0.0940733,0.212247,0
0.140847,0.0895808,0.207353,0
0.067909,0.156224,0.134266,1
0.106472,0.21404,0.170628,1
0.0820484,0.15954,0.0908765,1
0.0059047,0.144263,0.149923,1
0.0582491,0.209005,0.135999,1
0.017983,0.144165,0.137312,1
0.0830229,0.113976,0.0270387,1
0.113004,0.187712,0.125044,1
0.0143075,0.202672,0.152875,1
0.0685487,0.201974,0.199234,1
0.0205433,0.104218,0.199081,1
0.0544765,0.197474,0.170169,1
0.00784141,0.105137,0.139354,1
0.108783,0.180642,0.0244453,1
0.00124262,0.172964,0.0987949,1
0.112053,0.129902,0.115157,1
0.0166674,0.175248,0.0995344,1
0.0541153,0.211149,0.0901008,1
0.0750403,0.132304,0.0212916,1
0.0226756,0.106993,0.146919,1
0.116357,0.218089,0.0319555,1
0.012864,0.18421,0.223363,1
0.0381297,0.202826,0.0550481,1
0.102411,0.2074,0.0498254,1
0.0373283,0.115341,0.155343,1
0.0202022,0.178484,0.179082,1
0.0369045,0.106168,0.0722706,1
0.0485503,0.167329,0.136088,1
0.0989333,0.115166,0.117942,1
0.101926,0.222763,0.0621044,1
0.0288865,0.142743,0.112911,1
0.0889019,0.217902,0.0696213,1
0.0107286,0.176893,0.000274697,1
0.115779,0.192219,0.100721,1
0.111154,0.13555,0.0765872,1
0.00718767,0.107013,0.0844564,1
0.0748186,0.222366,0.0910467,1
0.0982075,0.207089,0.142564,1
0.0751141,0.117642,0.132594,1
0.00940301,0.193892,0.0873743,1
0.0527251,0.109137,0.106124,1
0.0949569,0.17342,0.204055,1
0.0965479,0.143854,0.0884496,1
0.075529,0.201822,0.162928,1
0.02949,0.153314,0.126711,1
0.0690071,0.152345,0.0592113,1
0.0627563,0.143852,0.0990852,1
0.0758168,0.151477,0.0172828,1
0.0990131,0.126485,0.160412,1
0.0124107,0.1569,0.209839,1
0.0572574,0.178294,0.0120503,1
0.0154608,0.176682,0.224211,1
0.105803,0.119519,0.16226,1
0.0447722,0.193138,0.209895,1
0.0908462,0.17149,0.00981525,1
0.105382,0.138753,0.17106,1
0.0693665,0.175679,0.131857,1
0.0312026,0.17717,0.00658797,1
0.0253684,0.188706,0.152742,1
0.00884977,0.12696,0.116039,1
0.112988,0.187381,0.120338,1
0.107139,0.159711,0.191818,1
0.0815212,0.17025,0.179781,1
0.0411176,0.136106,0.146686,1
0.0546478,0.206522,0.210786,1
0.087557,0.146075,0.199437,1
5.27719e-05,0.160648,0.184618,1
0.0303072,0.175755,0.186459,1
0.00412496,0.131585,0.00788443,1
0.11625,0.177829,0.0473514,1
0.115475,0.198437,0.0114222,1
0.113678,0.180301,0.106215,1
0.0749195,0.192227,0.0632377,1
0.106901,0.207317,0.0824073,1
0.0939455,0.107725,0.119855,1
0.0451545,0.145907,0.11424,1
0.0574766,0.205818,0.197717,1
0.0800136,0.168985,0.188202,1
0.0890485,0.195951,0.0410401,1
0.0901408,0.117638,0.223715,1
0.0321796,0.176719,0.178604,1
0.0829986,0.199779,0.158755,1
0.0204363,0.12458,0.213901,1
0.0323206,0.2,0.175805,1
0.0648618,0.195122,0.0524903,1
0.0614798,0.206184,0.0162733,1
0.0810909,0.171157,0.198222,1
0.043596,0.178365,0.192883,1
0.0459691,0.180322,0.0185983,1
0.0827234,0.14369,0.0938694,1
0.0970981,0.141512,0.151003,1
0.0849169,0.11479,0.126567,1
0.0877537,0.170481,0.0534136,1
0.0938215,0.165657,0.00540792,1
0.000356006,0.117888,0.182256,1
0.0591432,0.164625,0.216516,1
0.0914122,0.131948,0.144336,1
0.0528437,0.209607,0.0358816,1
0.100648,0.197755,0.216776,1
0.0357181,0.198222,0.190062,1
0.00960948,0.102925,0.0848758,1
0.0751725,0.172897,0.186741,1
0.104164,0.15473,0.186984,1
0.0431792,0.129762,0.123772,1
0.10249,0.170677,0.144173,1
0.110797,0.150258,0.103017,1
0.0220154,0.124379,0.147795,1
0.0161494,0.188243,0.0441707,1
0.00559149,0.206487,0.0862852,1
0.0256645,0.111131,0.136241,1
0.114093,0.190793,0.0692536,1
0.0247071,0.128633,0.032071,1
0.0115043,0.187049,0.00760029,1
0.108471,0.203847,0.0491847,1
0.0111236,0.21778,0.00674449,1
0.0789743,0.103902,0.157592,1
0.0636387,0.198835,0.144424,1
0.0806766,0.195237,0.174872,1
0.0583394,0.206497,0.204906,1
0.0567227,0.204307,0.147499,1
0.075684,0.214366,0.123892,1
0.116547,0.126404,0.157748,1
0.116499,0.116883,0.0821262,1
0.117137,0.21831,0.0909145,1
0.147559,0.0425657,0.0974857,2
0.149287,0.0497127,0.0945394,2
0.183555,0.0961333,0.190455,2
0.149239,0.0419433,0.0884156,2
0.148956,0.0450627,0.0915563,2
0.15021,0.0369891,0.0934022,2
0.14591,0.040947,0.0885074,2
0.209532,0.0524045,0.19659,2
0.206954,0.0221,0.102538,2
0.18814,0.0465502,0.0668249,2
0.149409,0.0409812,0.087677,2
0.181309,0.0160087,0.197217,2
0.147439,0.0452274,0.0928225,2
0.20206,0.0728119,0.176116,2
0.19509,0.0327663,0.212653,2
0.151229,0.0383899,0.0975955,2
0.190227,0.016847,0.0577825,2
0.15298,0.0387779,0.092926,2
0.143917,0.0391097,0.0955346,2
0.151577,0.0435053,0.0941846,2
0.153364,0.0415579,0.0858564,2
0.179624,0.0980417,0.0521144,2
0.200038,0.00535181,0.0664767,2
0.15431,0.040435,0.0923869,2
0.174281,0.0860194,0.104369,2
0.149175,0.0434083,0.0910752,2
0.146686,0.0424727,0.0911337,2
0.154226,0.0388313,0.0974385,2
0.149967,0.0423022,0.0922405,2
0.151978,0.0440385,0.095143,2
0.217393,0.0123626,0.160815,2
0.180271,0.101951,0.152906,2
0.218332,0.0352806,0.0429983,2
0.161466,0.0477566,0.193586,2
0.143517,0.0388672,0.101929,2
0.189687,0.0586137,0.0795296,2
0.148617,0.0429481,0.104352,2
0.207728,0.0680818,0.201835,2
0.145478,0.0379569,0.0859982,2
0.145264,0.0383767,0.0925603,2
0.143806,0.0195837,0.134933,2
0.14862,0.052261,0.223314,2
0.218729,0.045252,0.176393,2
0.157699,0.0041516,0.0532709,2
0.168662,0.0414317,0.223837,2
0.170391,0.0794376,0.116869,2
0.214496,0.0718306,0.0236638,2
0.195581,0.0937085,0.139036,2
0.216767,0.035332,0.138089,2
0.221526,0.00167881,0.126321,2
0.195695,0.0117749,0.13191,2
0.15433,0.0303893,0.186325,2
0.170699,0.0871866,0.0162278,2
0.176134,0.0167513,0.117965,2
0.186991,0.0405245,0.202119,2
0.153412,0.0873694,0.0224544,2
0.222828,0.073636,0.142017,2
0.14534,0.0379295,0.0891302,2
0.14907,0.0397008,0.0964017,2
0.150675,0.0440946,0.0924092,2
0.152088,0.0793921,0.181941,2
0.185768,0.0734982,0.0816203,2
0.196384,0.00602227,0.166788,2
0.15117,0.0453332,0.0910073,2
0.173635,0.0883039,0.207063,2
0.154741,0.0362923,0.0928622,2
0.146525,0.0483901,0.0922243,2
0.157145,0.0147341,0.212256,2
0.209618,0.0894708,0.0387041,2
0.162867,0.00777941,0.155843,2
0.191282,0.0386509,0.0504698,2
0.145587,0.0414754,0.0957736,2
0.141315,0.0276128,0.211598,2
0.191402,0.0145545,0.222892,2
0.144861,0.0208569,0.211198,2
0.189372,0.0337775,0.0165109,2
0.143435,0.0372167,0.0860583,2
0.152478,0.0396812,0.0881504,2
0.14622,0.0411143,0.0941164,2
0.144153,0.041536,0.0898074,2
0.187401,0.0214972,0.105711,2
0.148761,0.0418712,0.0893321,2
0.178578,0.087847,0.207004,2
0.217497,0.0557995,0.127293,2
0.212755,0.061413,0.0890651,2
0.150385,0.0440561,0.090334,2
0.206637,0.0873614,0.0640172,2
0.150911,0.0880819,0.0807528,2
0.219264,0.0120298,0.1195,2
0.192286,0.0335568,0.124173,2
0.177889,0.0705168,0.0131691,2
0.146187,0.0437125,0.0894158,2
0.148232,0.0409998,0.0967536,2
0.187702,0.0363173,0.117017,2
0.155474,0.0808434,0.201851,2
0.150979,0.0409077,0.0965981,2
0.154309,0.0229026,0.0929404,2
0.212138,0.00159713,0.143784,2
0.160914,0.0179931,0.130806,2
0.151125,0.0668651,0.207256,2
0.185326,0.0536631,0.0111262,2
0.179713,0.0556923,0.0774076,2
0.156687,0.0931253,0.0245909,2
0.14846,0.0367779,0.0912868,2
0.164206,0.0111694,0.212634,2
0.148706,0.0432043,0.0888741,2
0.169451,0.087661,0.210292,2
0.21256,0.0502034,0.202459,2
0.145637,0.0416612,0.0881624,2
0.153539,0.0137911,0.196528,2
0.174992,0.0865033,0.01843,2
0.189477,0.0894595,0.0132551,2
0.179579,0.0639247,0.167184,2
0.158261,0.0359768,0.159836,2
0.14828,0.0369675,0.0978199,2
0.149928,0.0418467,0.0968763,2
0.151497,0.0468427,0.0941356,2
0.163469,0.00845268,0.0980006,2
0.153032,0.0377785,0.0923229,2
0.149139,0.0425051,0.0926101,2
0.220779,0.00682939,0.0353592,2
0.18268,0.0149192,0.158288,2
0.141131,0.0650278,0.00368273,2
0.211029,0.101075,0.077574,2
0.164388,0.221289,0.0677268,3
0.188235,0.105415,0.0160259,3
0.118915,0.22314,0.204022,3
0.161608,0.124747,0.00359109,3
0.169128,0.146562,0.0361101,3
0.165231,0.164088,0.00480317,3
0.162406,0.134273,0.167488,3
0.170241,0.159373,0.174721,3
0.209026,0.125761,0.0485745,3
0.127496,0.212524,0.131965,3
0.1476,0.153091,0.0598265,3
0.18514,0.209694,0.204307,3
0.145655,0.206806,0.126585,3
0.22069,0.203046,0.0285946,3
0.122558,0.184518,0.172206,3
0.148977,0.203924,0.218966,3
0.216009,0.186119,0.0650146,3
0.169897,0.114158,0.149177,3
0.180591,0.180805,0.0710068,3
0.202951,0.116158,0.0624195,3
0.19979,0.158133,0.0625386,3
0.133196,0.143231,0.111194,3
0.218937,0.177687,0.0810407,3
0.19076,0.191191,0.036165,3
0.205706,0.157836,0.00313169,3
0.207132,0.117479,0.0347391,3
0.20964,0.188984,0.114415,3
0.191311,0.170916,0.063345,3
0.159933,0.200968,0.221438,3
0.181873,0.186428,0.0983842,3
0.224086,0.214226,0.0189872,3
0.179895,0.156315,0.0162174,3
0.195174,0.204481,0.11724,3
0.194501,0.148299,0.00726085,3
0.146907,0.178993,0.101676,3
0.119953,0.198746,0.198434,3
0.140429,0.102803,0.138099,3
0.124894,0.151761,0.161622,3
0.205554,0.111616,0.103854,3
0.144546,0.189059,0.08465,3
0.210604,0.208136,0.0313331,3
0.160608,0.144512,0.129998,3
0.194705,0.154389,0.0897375,3
0.161566,0.122195,0.0588137,3
0.150384,0.179402,0.0343693,3
0.168856,0.196735,0.197253,3
0.151075,0.15782,0.198197,3
0.159084,0.132073,0.0394296,3
0.143167,0.155865,0.178233,3
0.136228,0.182114,0.219005,3
0.178193,0.19478,0.0351106,3
0.219298,0.109664,0.0342675,3
0.203476,0.219367,0.0935241,3
0.13865,0.171647,0.136702,3
0.158809,0.222178,0.176288,3
0.13024,0.208901,0.126926,3
0.177877,0.211323,0.223856,3
0.20002,0.121278,0.130248,3
0.208895,0.143949,0.19807,3
0.216364,0.127134,0.132369,3
0.153351,0.14386,0.00561018,3
0.22087,0.138152,0.16065,3
0.150433,0.114454,0.0600784,3
0.222415,0.20134,0.168558,3
0.153758,0.192071,0.106244,3
0.163737,0.217517,0.170681,3
0.146887,0.107976,0.00805567,3
0.12534,0.163509,0.00205003,3
0.132001,0.203173,0.137183,3
0.138973,0.1415,0.066021,3
0.172888,0.153888,0.149217,3
0.193844,0.138143,0.0204029,3
0.171375,0.189727,0.13171,3
0.220724,0.156978,0.0270186,3
0.190831,0.214965,0.0654041,3
0.201726,0.161274,0.200513,3
0.171862,0.206812,0.00498866,3
0.214582,0.173165,0.0594032,3
0.18415,0.185473,0.189366,3
0.166107,0.13892,0.195884,3
0.184154,0.165583,0.0526132,3
0.136552,0.170868,0.0976044,3
0.123552,0.133428,0.164707,3
0.174511,0.117759,0.169616,3
0.133211,0.164912,0.0405104,3
0.211205,0.213956,0.18255,3
0.145061,0.22102,0.196733,3
0.223807,0.130582,0.0718113,3
0.183764,0.197047,0.147918,3
0.199476,0.190203,0.130526,3
0.14898,0.193962,0.021987,3
0.206149,0.217649,0.141715,3
0.143445,0.11202,0.216745,3
0.218532,0.160212,0.182063,3
0.211212,0.187539,0.194781,3
0.135184,0.198347,0.0507935,3
0.156995,0.15495,0.0776328,3
0.121607,0.170407,0.120565,3
0.158397,0.160638,0.218452,3
0.121547,0.137468,0.087031,3
0.210751,0.204778,0.222086,3
0.134856,0.13727,0.109977,3
0.163177,0.169561,0.133022,3
0.187911,0.222204,0.112282,3
0.152904,0.156602,0.124082,3
0.19026,0.152697,0.181401,3
0.13363,0.124436,0.118765,3
0.187457,0.147072,0.193956,3
0.178334,0.160422,0.160923,3
0.121456,0.119208,0.0286413,3
0.195039,0.156918,0.0715045,3
0.172546,0.20798,0.21944,3
0.210982,0.150109,0.128564,3
0.138567,0.198816,0.10343,3
0.125483,0.222544,0.205517,3
0.190943,0.130515,0.129048,3
0.213877,0.128826,0.190894,3
0.152705,0.153523,0.185804,3
0.11918,0.186334,0.182745,3
0.209943,0.150159,0.148204,3
0.119139,0.124981,0.0972322,3
0.204394,0.166541,0.0944312,3
0.164228,0.169064,0.115546,3
0.193928,0.172187,0.22271,3
