x coord,y coord,z coord,rank
0.0686258,0.143537,0.0701529,0
0.0174443,0.158179,0.0648553,0
0.0965588,0.206039,0.016626,0
0.0737471,0.189117,0.00818172,0
0.0967087,0.174665,0.0974507,0
0.020978,0.181042,0.0344874,0
0.0341329,0.166183,0.0324228,0
0.0825194,0.169831,0.0964348,0
0.197818,0.146289,0.0229489,0
0.138437,0.148989,0.102207,0
0.00647066,0.215034,0.0830517,0
0.132279,0.131046,0.00134416,0
0.0329266,0.192729,0.0992761,0
0.147517,0.161984,0.0840813,0
0.169865,0.170676,0.0807798,0
0.202511,0.206996,0.0987601,0
0.0118303,0.148906,0.0990824,0
0.0196999,0.214578,0.0272935,0
0.194296,0.179729,0.0594181,0
0.000613378,0.168174,0.041259,0
0.0861394,0.185209,0.00644252,0
0.015398,0.1586,0.0387617,0
0.189099,0.201972,0.0334259,0
0.0123954,0.142302,0.0795725,0
0.119907,0.213468,0.0223293,0
0.0777273,0.179532,0.0434094,0
0.17111,0.201812,0.0240053,0
0.00243093,0.1896,0.062625,0
0.0869807,0.224192,0.0521437,0
0.0909271,0.196891,0.0196034,0
0.0773494,0.146181,0.0835511,0
0.115441,0.158545,0.0394132,0
0.199623,0.166871,0.0404293,0
0.178439,0.22265,0.0419996,0
0.14335,0.146908,0.0890164,0
0.0779401,0.2197,0.0511026,0
0.129124,0.160308,0.0965618,0
0.0642071,0.138791,0.0171078,0
0.189609,0.205436,0.00190479,0
0.157262,0.214042,0.0138425,0
0.135438,0.208454,0.0766242,0
0.169438,0.200098,0.0421407,0
0.185556,0.162743,0.0347214,0
0.116267,0.15565,0.0863522,0
0.192889,0.208499,0.0311399,0
0.0441642,0.196174,0.000359927,0
0.112196,0.198963,0.00186939,0
0.115061,0.18686,0.077777,0
0.219475,0.130073,0.0250704,0
0.0476248,0.220432,0.0833199,0
0.0878197,0.151969,0.0431659,0
0.200509,0.154269,0.0409078,0
0.0323712,0.17727,0.0161194,0
0.115964,0.197289,0.0588163,0
0.098657,0.169055,0.0114777,0
0.0573336,0.164192,9.95067e-06,0
0.122637,0.147536,0.0697883,0
0.121607,0.211374,0.00915006,0
0.0994791,0.148321,0.0905208,0
0.0643757,0.150509,0.0791668,0
0.00508319,0.224541,0.00726086,0
0.15735,0.154647,0.0665038,0
0.0521734,0.175342,0.0799841,0
0.145567,0.217772,0.0097162,0
0.166667,0.141148,0.0358785,0
0.129963,0.152642,0.0887113,0
0.0994526,0.194686,0.0696925,0
0.204229,0.163337,0.0674694,0
0.208207,0.215431,0.0660719,0
0.110052,0.13766,0.0971495,0
0.0960909,0.145024,0.0535934,0
0.193973,0.156771,0.104323,0
0.0758547,0.187985,0.0380902,0
0.199486,0.173319,0.020435,0
0.107386,0.224175,0.0163152,0
0.213041,0.155314,0.0138144,0
0.0716669,0.174448,0.0304605,0
0.221164,0.19496,0.0275171,0
0.224704,0.188492,0.0162299,0
0.176267,0.170645,0.0646693,0
0.152351,0.151285,0.0377635,0
0.217748,0.129131,0.000626214,0
0.17798,0.199258,0.063265,0
0.195881,0.192083,0.0299476,0
0.0252005,0.17651,0.0838133,0
0.10814,0.205288,0.0529775,0
0.174633,0.167733,0.013652,0
0.131943,0.159385,0.091603,0
0.0614122,0.180243,0.0624775,0
0.219912,0.186404,0.018541,0
0.155751,0.190389,0.0195271,0
0.162568,0.219031,0.0446937,0
0.172749,0.209824,0.0391538,0
0.174775,0.165184,0.102618,0
0.123977,0.207641,0.0674557,0
0.113583,0.188993,0.0223594,0
0.0776063,0.150459,0.0429326,0
0.0129161,0.17775,0.0525816,0
0.0106507,0.152849,0.0228579,0
0.146083,0.180891,0.0931161,0
0.104673,0.141079,0.0287762,0
0.0893225,0.178869,0.0165365,0
0.0977289,0.174346,0.0920717,0
0.162619,0.175692,0.0928196,0
0.0809265,0.199722,0.0794696,0
0.199197,0.166587,0.0919166,0
0.0933628,0.18159,0.00291925,0
0.0870636,0.163553,0.101991,0
0.0904314,0.155007,0.0804137,0
0.0696054,0.165674,0.0734264,0
0.0821308,0.197084,0.0949655,0
0.132467,0.129605,0.0228163,0
0.0544859,0.127175,0.00790196,0
0.120771,0.124791,0.0830674,0
0.0586446,0.119129,0.0635397,0
0.0397165,0.122861,0.0229255,0
0.0449584,0.12457,0.0478344,0
0.092364,0.123374,0.0298787,0
0.0664966,0.125504,0.0350123,0
0.0160213,0.13487,0.0340525,0
0.0745626,0.135199,0.0945872,0
0.0264678,0.143521,0.00432641,0
0.220944,0.119197,0.02756,0
0.17969,0.120266,0.022403,0
0.00402972,0.159609,0.102517,0
0.0412519,0.122678,0.0848569,0
0.142089,0.123014,0.0553384,0
0.1241,0.120262,0.0790604,0
0.195394,0.165639,0.10608,0
0.0607081,0.14092,0.106234,0
0.113887,0.118103,0.0866263,0
0.126867,0.10899,0.0763815,1
0.077942,0.0755939,0.0807232,1
0.133269,0.0551712,0.106946,1
0.0849846,0.0842911,0.0153869,1
0.0447917,0.0857749,0.0733735,1
0.116157,0.0409787,0.0875469,1
0.109613,0.0390489,0.0964999,1
0.185455,0.0133532,0.00303622,1
0.2153,0.0721953,0.0817282,1
0.103708,0.00400608,0.022147,1
0.214695,0.0549279,0.0348218,1
0.190055,0.0929912,0.0557342,1
0.0349189,0.0822656,0.00215835,1
0.0803803,0.0345683,0.0425921,1
0.206485,0.0351292,0.0773258,1
0.0977512,0.0828672,0.0805117,1
0.0696338,0.10186,0.0566819,1
0.119987,0.0286888,0.066499,1
0.218662,0.0204217,0.0411454,1
0.0557239,0.0639951,0.068794,1
0.170249,0.0466208,0.0408858,1
0.0301898,0.105521,0.0353115,1
0.0491734,0.0387985,0.0917356,1
0.152221,0.0506012,0.0371799,1
0.173956,0.0400951,0.0110031,1
0.00310322,0.0580415,0.0507332,1
0.134867,0.102315,0.00770985,1
0.0464177,0.11724,0.0279634,1
0.0395505,0.0716971,0.0908426,1
0.0810649,0.0109231,0.0231408,1
0.0767712,0.0459658,0.0138994,1
0.0438524,0.0841832,0.0185392,1
0.114287,0.0146283,0.0450621,1
0.179273,0.0862155,0.0146468,1
0.0848121,0.0806008,0.0449708,1
0.106928,0.0220925,0.0949077,1
0.0572798,0.032201,0.047214,1
0.0665781,0.115999,0.0236614,1
0.162664,0.000201926,0.0212222,1
0.224447,0.0307815,0.0654706,1
0.139635,0.0151659,0.000434765,1
0.209875,0.0250292,0.0161432,1
0.152619,0.0203423,0.036158,1
0.206868,0.0586251,0.0352732,1
0.077785,0.0362042,0.0914844,1
0.216457,0.103029,0.014939,1
0.0346599,0.0498552,0.00420496,1
0.0454664,0.0492396,0.0219416,1
0.151675,0.0436166,0.0884308,1
0.216473,0.0961565,0.0515735,1
0.186763,0.0398283,0.0488157,1
0.129854,0.0615077,0.0865052,1
0.121444,0.0385952,0.0858847,1
0.0637735,0.0739706,0.0850575,1
0.0703793,0.0643836,0.0801082,1
0.151926,0.115162,0.0349942,1
0.0674566,0.0802251,0.000213166,1
0.0602096,0.0919003,0.102882,1
0.13719,0.060687,0.10657,1
0.151253,0.0924727,0.0725143,1
0.196339,0.0837228,0.0704994,1
0.142388,0.0404604,0.0330134,1
0.0491937,0.0422348,0.0935788,1
0.095134,0.0397344,0.104103,1
0.15523,0.0475696,0.0869249,1
0.0746707,0.0268219,0.0757686,1
0.220975,0.0539118,0.0628293,1
0.192052,0.00101295,0.0660444,1
0.160276,0.0646356,0.00814696,1
0.0770488,0.111006,0.0272346,1
0.203267,0.111017,0.0563888,1
0.136798,0.0636866,0.0198117,1
0.147659,0.0870974,0.0500248,1
0.00436345,0.0784581,0.0289852,1
0.0472837,0.110827,0.0868545,1
0.199921,0.0416089,0.00955018,1
0.159722,0.059066,0.0476322,1
0.204999,0.0665475,0.0679951,1
0.00141272,0.0641103,0.0859737,1
0.138236,0.0389297,0.0700965,1
0.00659343,0.046048,0.0175461,1
0.093667,0.0153239,0.0967784,1
0.0758085,0.101485,0.0242156,1
0.205077,0.0808732,0.00642418,1
0.100649,0.0137475,0.02796,1
0.133833,0.1074,0.00811695,1
0.0625146,0.00312569,0.0972264,1
0.224482,0.0871105,0.0299924,1
0.203753,0.0622985,0.0849488,1
0.0309773,0.103252,0.102608,1
0.0636577,0.077283,0.0284034,1
0.161043,0.0130444,0.0591309,1
0.186279,0.0963072,0.0520594,1
0.0366903,0.0430448,0.0293131,1
0.141757,0.0701627,0.0824066,1
0.0956816,0.0855893,0.0796636,1
0.0529736,0.0913878,0.0926729,1
0.00724084,0.0214917,0.0606544,1
0.217772,0.0136829,0.0224843,1
0.0965142,0.087194,0.0521761,1
0.019594,0.0663734,0.047376,1
0.014259,0.0157549,0.0427714,1
0.0920875,0.0743245,0.0549337,1
0.101215,0.0494258,0.103861,1
0.00552151,0.0926264,0.00104688,1
0.120902,0.00142595,0.0728596,1
0.108002,0.0961955,0.0798916,1
0.217011,0.0696035,0.0441919,1
0.155528,0.0977789,0.105111,1
0.0697857,0.0692813,0.10499,1
0.0948355,0.032631,0.107051,1
0.00370024,0.080016,0.0903373,1
0.045582,0.082867,0.106778,1
0.0778741,0.00776622,0.0975219,1
0.104133,0.0795096,0.101521,1
0.136535,0.0746146,0.103446,1
0.143758,0.00657443,0.032739,1
0.0977296,0.0331544,0.105869,1
0.114978,0.108633,0.0505505,1
0.137442,0.115883,0.07509,1
0.198122,0.0649836,0.04113,1
0.154078,0.0241422,0.0551616,1
0.000642927,0.122934,0.132565,2
0.0793874,0.124949,0.209397,2
0.129205,0.0796925,0.130451,2
0.013397,0.0898485,0.167352,2
0.0844892,0.00990343,0.11201,2
0.222027,0.0717842,0.116417,2
0.0899312,0.0482233,0.220279,2
0.216192,0.00960523,0.209199,2
0.185865,0.0805797,0.135818,2
0.125379,0.10079,0.206372,2
0.159382,0.106718,0.189871,2
0.188293,0.00843425,0.19597,2
0.155047,0.0866022,0.136438,2
0.0866815,0.0345202,0.121177,2
0.110207,0.0491242,0.179372,2
0.0974212,0.0497429,0.164383,2
0.0912068,0.12961,0.20563,2
0.0608258,0.031099,0.192781,2
0.0432561,0.0810121,0.190387,2
0.103446,0.114338,0.166532,2
0.130014,0.0173984,0.194961,2
0.194799,0.106099,0.203439,2
0.160878,0.0318611,0.109843,2
0.0781633,0.108817,0.166364,2
0.190944,0.0316447,0.119147,2
0.180139,0.0379838,0.135565,2
0.144329,0.111654,0.163835,2
0.0757598,0.0704269,0.205255,2
0.0552115,0.0253114,0.113796,2
0.202528,0.0457837,0.178206,2
0.114,0.0378551,0.190497,2
0.0436382,0.0765494,0.169437,2
0.103803,0.0420255,0.216395,2
0.161382,0.0634923,0.16451,2
0.0924911,0.11052,0.112109,2
0.111988,0.105709,0.172712,2
0.105425,0.025861,0.185529,2
0.22231,0.109107,0.11831,2
0.027355,0.0327747,0.145875,2
0.0371345,0.00558864,0.136476,2
0.111707,0.0143733,0.215339,2
0.0106129,0.0695984,0.222819,2
0.0418332,0.122395,0.221906,2
0.0541862,0.0984203,0.201731,2
0.0626416,0.0477042,0.173869,2
0.105265,0.0232769,0.191694,2
0.0443263,0.0367979,0.156755,2
0.012796,0.0707908,0.216835,2
0.222429,0.0294892,0.156007,2
0.121723,0.0303282,0.167591,2
0.182205,0.0959725,0.209317,2
0.132349,0.0898978,0.150679,2
0.0365289,0.0567046,0.203564,2
0.174218,0.116123,0.167088,2
0.0376765,0.0480161,0.123581,2
0.20027,0.10666,0.172524,2
0.0812573,0.123272,0.20171,2
0.136625,0.0574911,0.126564,2
0.189425,0.0478902,0.205319,2
0.132327,0.000590222,0.185429,2
0.0903426,0.119792,0.114404,2
0.0264597,0.103276,0.12919,2
0.197346,0.0230816,0.149806,2
0.0807519,0.049668,0.144102,2
0.0630493,0.00121085,0.131546,2
0.139802,0.0366637,0.185863,2
0.0389886,0.122351,0.216779,2
0.154875,0.00020225,0.192077,2
0.0928779,0.0465322,0.108719,2
0.0668021,0.120702,0.207721,2
0.0453803,0.00541256,0.206613,2
0.146856,0.0328454,0.112954,2
0.186158,0.0602497,0.184789,2
0.0290977,0.00454765,0.179247,2
0.209183,0.0895851,0.198552,2
0.0302777,0.0659837,0.177317,2
0.0072217,0.0171471,0.123812,2
0.125928,0.0992588,0.208307,2
0.0935959,0.0852368,0.161588,2
0.0836699,0.0641118,0.113906,2
0.0880707,0.0683569,0.146083,2
0.187612,0.0838578,0.209884,2
0.0854693,0.0758803,0.131918,2
0.162297,0.00693436,0.193036,2
0.214959,0.00640983,0.192406,2
0.146923,0.0819215,0.190616,2
0.193455,0.00836001,0.217852,2
0.081258,0.12537,0.160827,2
0.158181,0.0146005,0.207219,2
0.114882,0.103524,0.170741,2
0.0662862,0.071064,0.173986,2
0.0564645,0.101321,0.224925,2
0.211281,0.0516353,0.144156,2
0.0702585,0.102454,0.184584,2
0.0714766,0.00504404,0.129604,2
0.095623,0.00161784,0.129064,2
0.132402,0.0508028,0.148755,2
0.138728,0.0668476,0.21485,2
0.191509,0.103132,0.198857,2
0.116602,0.030993,0.139964,2
0.113271,0.109938,0.134099,2
0.125833,0.114481,0.201919,2
0.139228,0.0413252,0.174346,2
0.112323,0.128956,0.146972,2
0.128454,0.0860461,0.196236,2
0.221923,0.126068,0.146685,2
0.197874,0.122225,0.157257,2
0.138557,0.029575,0.191611,2
0.130836,0.128336,0.212472,2
0.175874,0.0650213,0.157438,2
0.222773,0.114284,0.146899,2
0.198121,0.0667226,0.162794,2
0.105872,0.121262,0.222376,2
0.215552,0.0980694,0.186791,2
0.144905,0.121,0.117484,2
0.109586,0.0107356,0.199453,2
0.17096,0.130622,0.156873,2
0.123729,0.0345671,0.110426,2
0.182152,0.127958,0.12853,2
0.195294,0.123551,0.158423,2
0.111778,0.11801,0.218755,2
0.156511,0.111539,0.109046,2
0.206503,0.0581043,0.131576,2
0.100637,0.0446528,0.108741,2
0.1426,0.131302,0.11646,2
0.0690589,0.200245,0.210711,3
0.0689274,0.200428,0.213762,3
0.0705082,0.19401,0.219375,3
0.0725273,0.196112,0.215932,3
0.0687215,0.199314,0.21356,3
0.0716973,0.199416,0.21462,3
0.12927,0.164822,0.154248,3
0.0709733,0.191942,0.213786,3
0.0697732,0.199337,0.213742,3
0.0239741,0.213611,0.157441,3
0.0738908,0.198993,0.218147,3
0.179741,0.136067,0.164851,3
0.106201,0.163948,0.1721,3
0.157505,0.148134,0.187036,3
0.0646809,0.17867,0.205614,3
0.0679136,0.200703,0.211545,3
0.204508,0.201612,0.14123,3
0.0764212,0.198576,0.215131,3
0.0741373,0.194645,0.21426,3
0.0903842,0.182062,0.160614,3
0.221357,0.181745,0.199707,3
0.0408452,0.190704,0.128128,3
0.0738887,0.196046,0.212739,3
0.0724574,0.195815,0.214622,3
0.072949,0.205456,0.217396,3
0.146075,0.223368,0.11092,3
0.203104,0.146355,0.118791,3
0.0680119,0.199866,0.214651,3
0.00666169,0.187471,0.149472,3
0.0733898,0.196282,0.212523,3
0.199539,0.154976,0.11059,3
0.186155,0.174933,0.188708,3
0.0332055,0.183646,0.141725,3
0.0047375,0.132642,0.187732,3
0.219541,0.196647,0.115354,3
0.11423,0.148219,0.11892,3
0.0950797,0.205757,0.148934,3
0.12578,0.210461,0.148941,3
0.219828,0.164597,0.141867,3
0.0779099,0.195462,0.212288,3
0.193602,0.15623,0.113926,3
0.0721482,0.200262,0.214799,3
0.0735113,0.19897,0.222193,3
0.0741313,0.194264,0.217333,3
0.199069,0.144014,0.188895,3
0.0740585,0.197727,0.215303,3
0.167506,0.17214,0.141436,3
0.0737256,0.16956,0.154846,3
0.0760536,0.190856,0.220018,3
0.0318326,0.18919,0.117787,3
0.220859,0.206901,0.120546,3
0.0742546,0.195253,0.215098,3
0.171067,0.159519,0.174048,3
0.147722,0.218498,0.130727,3
0.0778029,0.19582,0.214219,3
0.162038,0.149129,0.127643,3
0.0102803,0.180048,0.135306,3
0.0754049,0.199398,0.212437,3
0.171801,0.206416,0.134897,3
0.196111,0.18668,0.115386,3
0.0729571,0.196966,0.211484,3
0.0756891,0.199654,0.213028,3
0.0945508,0.152751,0.142836,3
0.184808,0.154188,0.20067,3
0.0760319,0.194216,0.216668,3
0.0699783,0.196468,0.213575,3
0.213474,0.164915,0.133629,3
0.222338,0.21185,0.157702,3
0.126257,0.210458,0.151569,3
0.206258,0.175506,0.220232,3
0.0417162,0.177367,0.222613,3
0.168969,0.144809,0.17696,3
0.104909,0.218972,0.130346,3
0.064392,0.171275,0.150481,3
0.144738,0.210364,0.199063,3
0.197809,0.14247,0.204593,3
0.0151437,0.152889,0.16287,3
0.000171049,0.145523,0.12843,3
0.179557,0.195227,0.177795,3
0.00294247,0.199778,0.20775,3
0.192372,0.179937,0.161859,3
0.0926867,0.224109,0.119607,3
0.207894,0.197124,0.185607,3
0.149394,0.146398,0.222598,3
0.0691464,0.206816,0.163499,3
0.122175,0.185833,0.165662,3
0.0742497,0.194531,0.212038,3
0.182136,0.20926,0.130136,3
0.0774855,0.191708,0.213124,3
0.0695522,0.186362,0.132227,3
0.0664275,0.196344,0.217022,3
0.0730957,0.195746,0.216034,3
0.0730146,0.138692,0.187641,3
0.140999,0.162468,0.161855,3
0.182557,0.20512,0.190635,3
0.151854,0.172823,0.160406,3
0.110113,0.140838,0.20737,3
0.152806,0.211273,0.153657,3
0.0970721,0.213461,0.219001,3
0.0207775,0.145961,0.221087,3
0.212111,0.147664,0.125438,3
0.155612,0.169816,0.159256,3
0.172597,0.173382,0.161478,3
0.0775336,0.194589,0.216348,3
0.0734739,0.193398,0.214594,3
0.155699,0.173153,0.13957,3
0.125759,0.152912,0.150845,3
0.16756,0.140075,0.144666,3
0.0771972,0.168543,0.17367,3
0.142592,0.133423,0.143737,3
0.191356,0.178566,0.130567,3
0.081916,0.193586,0.136376,3
0.0747755,0.19912,0.21512,3
0.0545148,0.156483,0.158543,3
0.0134934,0.220336,0.193731,3
0.0744121,0.198093,0.215115,3
0.0790526,0.199325,0.215838,3
0.0917071,0.174987,0.117767,3
0.104941,0.132686,0.157554,3
0.0753239,0.193075,0.218387,3
0.092717,0.157359,0.179444,3
0.0243532,0.142125,0.174803,3
