x coord,y coord,z coord,rank
0.132235,0.0507259,0.137925,0
0.108532,0.0386165,0.149582,0
0.13288,0.0545296,0.135915,0
0.126444,0.0544264,0.132376,0
0.138452,0.057192,0.133898,0
0.131216,0.0535306,0.140729,0
0.135697,0.0553067,0.136868,0
0.126857,0.0557599,0.134713,0
0.127862,0.0539562,0.134359,0
0.220079,0.0274634,0.167383,0
0.194259,0.0343515,0.182041,0
0.127441,0.055325,0.133629,0
0.132369,0.0488297,0.134438,0
0.12849,0.0507345,0.136488,0
0.126499,0.0575317,0.136214,0
0.129238,0.0503765,0.13556,0
0.224641,0.0562757,0.136229,0
0.132558,0.0555351,0.137586,0
0.205537,0.00279159,0.207179,0
0.129786,0.0527467,0.13547,0
0.206329,0.022005,0.171689,0
0.130805,0.0559637,0.134442,0
0.17238,0.0374908,0.214862,0
0.130247,0.0579276,0.13763,0
0.170524,0.0252758,0.176654,0
0.132716,0.0559999,0.134483,0
0.130893,0.0547251,0.135144,0
0.132327,0.054974,0.139376,0
0.13408,0.0537292,0.135624,0
0.12904,0.0549029,0.129506,0
0.131963,0.0536746,0.132624,0
0.167937,0.00402146,0.138883,0
0.128978,0.0575754,0.131678,0
0.150582,0.0410528,0.179804,0
0.136446,0.0551368,0.137163,0
0.126444,0.0524721,0.14013,0
0.131559,0.0496568,0.132295,0
0.192333,0.0473867,0.206688,0
0.166276,0.00906137,0.154231,0
0.200079,0.0440039,0.192908,0
0.0112364,0.0363804,0.140459,0
0.128476,0.0584184,0.133844,0
0.0917637,0.0382474,0.20483,0
0.153628,0.0273403,0.175014,0
0.16366,0.0695428,0.184051,0
0.0756819,0.065283,0.217169,0
0.217964,0.0632341,0.195849,0
0.124923,0.057452,0.130257,0
0.0265914,0.0489579,0.214502,0
0.127992,0.0521497,0.132787,0
0.0230921,0.0535297,0.141085,0
0.0373846,0.00452964,0.208173,0
0.192852,0.0376688,0.170508,0
0.171019,0.0278455,0.182019,0
0.132524,0.0527792,0.137497,0
0.135851,0.0551317,0.135796,0
0.2015,0.0137676,0.130871,0
0.205009,0.00512726,0.209766,0
0.127619,0.0544687,0.134934,0
0.0483145,0.00101785,0.166944,0
0.125662,0.0520656,0.129388,0
0.00372629,0.0185946,0.150195,0
0.0571429,0.0674075,0.160666,0
0.0287898,0.0351043,0.188176,0
0.0553246,0.0127947,0.165236,0
0.130909,0.0559437,0.13421,0
0.21726,0.0117205,0.170978,0
0.130497,0.0511079,0.132139,0
0.19833,0.0760347,0.165664,0
0.171439,0.0755115,0.208837,0
0.00985292,0.0723573,0.136967,0
0.13153,0.0578482,0.132516,0
0.0731641,0.0305565,0.135746,0
0.126164,0.0505382,0.130065,0
0.00538874,0.0209886,0.129624,0
0.0729009,0.0753605,0.21796,0
0.173787,0.0658339,0.142132,0
0.12752,0.0572959,0.136072,0
0.129146,0.053954,0.13772,0
0.098999,0.0543259,0.179912,0
0.0340536,0.0175456,0.155724,0
0.0224771,0.00125271,0.162917,0
0.102963,0.0343685,0.219082,0
0.0367172,0.0651018,0.184462,0
0.0707265,0.0217179,0.158429,0
0.161533,0.00583829,0.149457,0
0.134165,0.0663051,0.154764,0
0.0296521,0.0517625,0.142981,0
0.0849004,0.0261822,0.223619,0
0.132401,0.0535365,0.136848,0
0.144377,0.0399917,0.150577,0
0.127506,0.0551974,0.136193,0
0.0823994,0.0437203,0.224844,0
0.0499548,0.0619675,0.171588,0
0.130056,0.0532229,0.128177,0
0.0493214,0.0304824,0.138806,0
0.0792958,0.025544,0.1331,0
0.0756856,0.0494123,0.206521,0
0.0245389,0.0395104,0.216751,0
0.0561203,0.0634301,0.140744,0
0.137008,0.00533856,0.214464,0
0.0202588,0.0539962,0.152169,0
0.12936,0.0549768,0.135696,0
0.123872,0.0512788,0.133381,0
0.050983,0.0604814,0.149994,0
0.0875791,0.0743301,0.138547,0
0.132731,0.0530182,0.13322,0
0.0977794,0.0418752,0.151495,0
0.0902314,0.0739551,0.219986,0
0.108371,0.0211819,0.207052,0
0.127981,0.0539165,0.130856,0
0.136517,0.0539859,0.12958,0
0.119848,0.0609649,0.136007,0
0.191165,0.0279395,0.204364,0
0.0763429,0.0363143,0.144862,0
0.045587,0.0248593,0.135542,0
0.0996354,0.0478227,0.188333,0
0.13382,0.0570604,0.136629,0
0.13447,0.0563586,0.135266,0
0.130951,0.0553115,0.134042,0
0.0710831,0.0436679,0.168723,0
0.106271,0.048862,0.169029,0
0.0437061,0.0642427,0.20707,0
0.0217354,0.073704,0.220589,0
0.0476076,0.107576,0.0388387,1
0.142279,0.0802986,0.0184189,1
0.107068,0.0862107,0.069868,1
0.0902174,0.0849898,0.0672192,1
0.145676,0.0163071,0.0941392,1
0.208103,0.0667585,0.0920196,1
0.144603,0.0465536,0.1066,1
0.0328376,0.0795719,0.0636896,1
0.0923667,0.0790777,0.0167475,1
0.0493483,0.036212,0.077006,1
0.120559,0.0480726,0.0883163,1
0.207084,0.0692186,0.0544398,1
0.203916,0.108037,0.0619445,1
0.0105013,0.0827432,0.00293812,1
0.0932867,0.034104,0.0190059,1
0.126061,0.0729192,0.0915245,1
0.2069,0.0891417,0.0556369,1
0.154487,0.0400675,0.0613527,1
0.186731,0.0854128,0.0450707,1
0.00385423,0.00839896,0.0308464,1
0.187017,0.0477314,0.122521,1
0.156372,0.0667055,0.0554433,1
0.0599047,0.0018414,0.035494,1
0.128427,0.0460186,0.0482592,1
0.0270598,0.0849366,0.00806588,1
0.0206496,0.041145,0.0762166,1
0.142526,0.0588526,0.0135689,1
0.0937763,0.0242817,0.00415446,1
0.219297,0.0549983,0.05347,1
0.13901,0.0624534,0.0306249,1
0.105494,0.0557827,0.126278,1
0.0990006,0.0114652,0.089202,1
0.203181,0.108975,0.0690107,1
0.0649263,0.0590798,0.0687108,1
0.168176,0.0488251,0.0691602,1
0.172086,0.0480949,0.0739016,1
0.128175,0.0404341,0.0840659,1
0.112832,0.0188645,0.0207907,1
0.0520009,0.0426021,0.0803663,1
0.178025,0.0696889,0.116112,1
0.156198,0.0222735,0.0762634,1
0.0586035,0.0373304,0.110968,1
0.208989,0.0661226,0.0161153,1
0.108235,0.102195,0.0459495,1
0.0714132,0.0893775,0.104,1
0.1063,0.0154765,0.0959551,1
0.208192,0.0337339,0.00373156,1
0.0574478,0.0586332,0.0297669,1
0.0564792,0.055073,0.116989,1
0.107344,0.106859,0.044174,1
0.0729448,0.0129852,0.117858,1
0.00323446,0.0527838,0.00776663,1
0.0375157,0.0963897,0.0789456,1
0.0146559,0.0177437,0.0580403,1
0.0101766,0.020591,0.0286674,1
0.20381,0.0846257,0.103122,1
0.0178099,0.0871286,0.0287178,1
0.0994334,0.0218599,0.0715809,1
0.181428,0.0551991,0.0861803,1
0.118588,0.0493786,0.028058,1
0.187564,0.0141998,0.0308275,1
0.190259,0.0871002,0.0373226,1
0.109772,0.035621,0.0513051,1
0.085049,0.0911104,0.124023,1
0.15605,0.0815047,0.00759182,1
0.0954031,0.04842,0.0611313,1
0.205033,0.0203354,0.109235,1
0.153796,0.0109041,0.0226005,1
0.0249611,0.0932475,0.00310029,1
0.151041,0.068002,0.0932862,1
0.20644,0.101027,0.0521788,1
0.197498,0.0590318,0.114126,1
0.104541,0.0675455,0.101306,1
0.149772,0.0563502,0.0161628,1
0.114413,0.0565479,0.0355786,1
0.0351989,0.0585065,0.0964425,1
0.13774,0.00681052,0.0865719,1
0.119765,0.100096,0.0144065,1
0.0774058,0.0697558,0.0433411,1
0.152304,0.0484129,0.106894,1
0.174794,0.0176248,0.0495232,1
0.18562,0.0858409,0.0230754,1
0.114488,0.0117128,0.0375056,1
0.0374605,0.0823959,0.065472,1
0.132711,0.0218554,0.0452225,1
0.0071777,0.0321693,0.08372,1
0.135984,0.0941463,0.100969,1
0.125033,0.0656886,0.0584423,1
0.1356,0.0252957,0.116122,1
0.0112903,0.0378116,0.061245,1
0.192139,0.00659443,0.0281528,1
0.071134,0.0682701,0.0170238,1
0.185433,0.00645685,0.0853125,1
0.0584031,0.0707139,0.0132035,1
0.0916862,0.00872711,0.0938271,1
0.0206096,0.101832,0.0575379,1
0.2206,0.0512871,0.0172426,1
0.0127143,0.0785596,0.0751059,1
0.137724,0.0221575,0.0834625,1
0.00621082,0.0253773,0.0565885,1
0.198273,0.0237817,0.0796756,1
0.0897437,0.033685,0.0739078,1
0.0228494,0.0772173,0.0949479,1
0.0902081,0.0551475,0.0583023,1
0.132664,0.0634604,0.0250018,1
0.0162986,0.0359867,0.0702547,1
0.207283,0.0465417,0.0165686,1
0.189736,0.0210456,0.094617,1
0.150314,0.0103179,0.070046,1
0.00253643,0.00790741,0.11017,1
0.0927075,0.0508934,0.053667,1
0.176762,0.106245,0.0971643,1
0.177363,0.0565423,0.0994412,1
0.194437,0.0924863,0.035313,1
0.104044,0.0778284,0.0317172,1
0.0972216,0.0585735,0.112434,1
0.0240498,0.0486588,0.0331341,1
0.0244353,0.0371083,0.126584,1
0.0565513,0.0283222,0.117954,1
0.0909594,0.0646837,0.11613,1
0.0345463,0.0861917,0.0208467,1
0.00325454,0.0185341,0.11885,1
0.0336505,0.0161717,0.087554,1
0.187257,0.0874369,0.125147,1
0.0791773,0.106165,0.0622723,1
0.0705966,0.0759103,0.125498,1
0.129012,0.0567055,0.127756,1
0.0229585,0.0971675,0.170912,2
0.00925849,0.164021,0.175371,2
0.0836469,0.199804,0.166641,2
0.0757847,0.0777602,0.156008,2
0.193768,0.209586,0.12923,2
0.0111849,0.216988,0.224648,2
0.0459342,0.11296,0.147251,2
0.103867,0.175103,0.202653,2
0.133239,0.209866,0.16671,2
0.203487,0.0906066,0.131335,2
0.0135502,0.159773,0.224816,2
0.129928,0.200569,0.172214,2
0.0136006,0.168833,0.200055,2
0.0154946,0.0810436,0.181518,2
0.0857004,0.0792297,0.174957,2
0.0170702,0.130571,0.16999,2
0.11033,0.192324,0.19509,2
0.0920412,0.128541,0.156772,2
0.100358,0.202318,0.224696,2
0.0493087,0.0766407,0.190839,2
0.0302598,0.137935,0.208466,2
0.0740131,0.192607,0.221216,2
0.188494,0.105924,0.163096,2
0.116673,0.21472,0.129851,2
0.0837341,0.195776,0.156232,2
0.187738,0.107058,0.140909,2
0.138749,0.132647,0.176986,2
0.074849,0.169527,0.140889,2
0.0129861,0.206628,0.212495,2
0.0242463,0.170875,0.179762,2
0.023953,0.209665,0.208981,2
0.117057,0.17898,0.152961,2
0.040733,0.119929,0.216106,2
0.123713,0.110333,0.185989,2
0.169614,0.0925571,0.191363,2
0.148229,0.183859,0.165785,2
0.0846289,0.150475,0.146945,2
0.22156,0.179632,0.215257,2
0.198098,0.201692,0.167647,2
0.0998465,0.132588,0.161748,2
0.00745041,0.175777,0.21122,2
0.0968083,0.15662,0.142091,2
0.0370635,0.20371,0.144236,2
0.120269,0.171401,0.200932,2
0.10079,0.159976,0.223132,2
0.0380989,0.11229,0.176222,2
0.0620883,0.106816,0.166812,2
0.155978,0.202824,0.18782,2
0.120305,0.217047,0.219686,2
0.126339,0.182487,0.197534,2
0.0734608,0.172714,0.206332,2
0.116652,0.0936705,0.145668,2
0.0486863,0.127628,0.175214,2
0.113449,0.209713,0.220266,2
0.140918,0.120348,0.203213,2
0.17608,0.213181,0.198659,2
0.217569,0.19008,0.186573,2
0.116956,0.142817,0.131754,2
0.197067,0.127681,0.159352,2
0.0496007,0.167075,0.178347,2
0.0966029,0.159902,0.202668,2
0.192767,0.161631,0.135012,2
0.132689,0.18302,0.188873,2
0.0516454,0.141388,0.148964,2
0.0732235,0.174108,0.136995,2
0.16398,0.158646,0.219452,2
0.156583,0.17094,0.195057,2
0.211825,0.0992341,0.21609,2
0.218409,0.196294,0.214397,2
0.181415,0.133579,0.148393,2
0.204485,0.161966,0.147791,2
0.0612993,0.204587,0.133796,2
0.209918,0.14267,0.21577,2
0.0556377,0.145001,0.152577,2
0.116525,0.0856485,0.144854,2
0.0279015,0.214216,0.150449,2
0.177558,0.135313,0.160594,2
0.161195,0.144233,0.172822,2
0.223922,0.204493,0.142179,2
0.131232,0.0920916,0.132857,2
0.200907,0.169184,0.17839,2
0.0190521,0.0824776,0.217252,2
0.0410418,0.207073,0.187194,2
0.199269,0.179847,0.1692,2
0.0825027,0.160875,0.154147,2
0.224898,0.115537,0.186205,2
0.169215,0.147528,0.216898,2
0.215408,0.10289,0.22167,2
0.178207,0.182007,0.129944,2
0.16204,0.105741,0.163298,2
0.0113438,0.202442,0.178894,2
0.0322172,0.194276,0.134611,2
0.134559,0.138983,0.149103,2
0.161994,0.157638,0.166578,2
0.179852,0.131842,0.166996,2
0.151219,0.224036,0.134392,2
0.163201,0.148661,0.186358,2
0.222148,0.197707,0.174147,2
0.128519,0.159659,0.156678,2
0.16739,0.0977653,0.14207,2
0.194097,0.127624,0.150604,2
0.0130002,0.164755,0.197299,2
0.151688,0.222712,0.153095,2
0.145761,0.221128,0.153757,2
0.0160216,0.0906597,0.198038,2
0.126725,0.218657,0.165921,2
0.084762,0.165471,0.184235,2
0.0460755,0.132951,0.208634,2
0.127949,0.210524,0.155071,2
0.00732941,0.21984,0.155188,2
0.0286961,0.16682,0.214245,2
0.0617896,0.194,0.205631,2
0.191579,0.160823,0.220564,2
0.0446147,0.101285,0.201752,2
0.108733,0.100503,0.145665,2
0.0134873,0.115063,0.166817,2
0.077887,0.102818,0.168476,2
0.102142,0.138584,0.214631,2
0.0744557,0.170585,0.136805,2
0.188893,0.0819958,0.147011,2
0.0340841,0.113084,0.200834,2
0.104225,0.106559,0.171863,2
0.0751936,0.107292,0.139627,2
0.0224358,0.096816,0.145536,2
0.0419071,0.138168,0.129881,2
0.038379,0.174218,0.134924,2
0.0580003,0.197672,0.128084,2
0.0200284,0.180724,0.112479,3
0.0175629,0.114471,0.0633555,3
0.0719999,0.175898,0.102698,3
0.151722,0.118126,0.126367,3
0.0167619,0.198216,0.12106,3
0.0392557,0.110406,0.060619,3
0.10138,0.214915,0.108648,3
0.060852,0.117395,0.0390215,3
0.143071,0.111469,0.108281,3
0.147051,0.131393,0.0870016,3
0.17359,0.189145,0.0916872,3
0.00571203,0.221127,0.0569052,3
0.0230833,0.207432,0.0348777,3
0.14011,0.191944,0.0546484,3
0.0275592,0.186784,0.104796,3
0.178371,0.163783,0.0899652,3
0.0262839,0.11401,0.0942367,3
0.159193,0.186108,0.0919218,3
0.107076,0.150038,0.102683,3
0.0399548,0.175101,0.0886764,3
0.00267391,0.123811,0.0816789,3
0.179251,0.19935,0.0352878,3
0.205289,0.194735,0.072928,3
0.0855567,0.168931,0.0664141,3
0.0774015,0.141301,0.0989476,3
0.11676,0.175907,0.00197839,3
0.154537,0.121222,0.0551386,3
0.0779257,0.175763,0.0405129,3
0.149381,0.210969,0.101494,3
0.202687,0.166968,0.0617412,3
0.139168,0.113871,0.0492105,3
0.218792,0.1292,0.0983901,3
0.0297233,0.139982,0.0756109,3
0.0625073,0.178655,0.0520089,3
0.0752779,0.192831,0.0775931,3
0.172374,0.185806,0.101696,3
0.205404,0.197435,0.100011,3
0.220163,0.127336,0.107134,3
0.169312,0.195515,0.0372023,3
0.0217657,0.199634,0.0429453,3
0.0384408,0.142125,0.0683278,3
0.109511,0.172434,0.0847749,3
0.0358526,0.190171,0.00243284,3
0.0579963,0.205043,0.0509568,3
0.0348386,0.17653,0.0145751,3
0.0816112,0.186528,0.0433274,3
0.158079,0.146763,0.104857,3
0.0359734,0.190458,0.0346504,3
0.0204246,0.219947,0.0315616,3
0.0913316,0.174914,0.0694228,3
0.14255,0.112576,0.000902993,3
0.12173,0.183004,0.0338712,3
0.151718,0.194168,0.118346,3
0.172315,0.129876,0.0706237,3
0.124791,0.153106,0.0862828,3
0.104053,0.208994,0.0459548,3
0.195835,0.123508,0.0959085,3
0.170062,0.133207,0.0830392,3
0.19006,0.157099,0.0961117,3
0.179808,0.219948,0.0366808,3
0.178429,0.163119,0.0629543,3
0.0659933,0.205356,0.0955035,3
0.183352,0.181552,0.110509,3
0.012442,0.214604,0.0648341,3
0.170754,0.125701,0.110462,3
0.00446862,0.181189,0.100468,3
0.0175959,0.199065,0.0794581,3
0.0310801,0.151562,0.106977,3
0.178157,0.173034,0.0293538,3
0.18187,0.180464,0.00463326,3
0.212301,0.130773,0.103063,3
0.0355637,0.185062,0.00150269,3
0.210798,0.177079,0.0524269,3
0.219459,0.194835,0.0258537,3
0.210176,0.176117,0.0579035,3
0.176225,0.178915,0.0815106,3
0.178287,0.128711,0.0976371,3
0.0371984,0.207113,0.00628925,3
0.131853,0.111085,0.0957778,3
0.0150113,0.207459,0.0540708,3
0.0158881,0.178466,0.10024,3
0.184239,0.178472,0.00103063,3
0.0533411,0.210425,0.00995016,3
0.20723,0.119511,0.0604469,3
0.12767,0.174507,0.100148,3
0.180256,0.213338,0.0555918,3
0.156117,0.153454,0.0151219,3
0.144881,0.191793,0.0352022,3
0.138106,0.221119,0.0237186,3
0.186933,0.161657,0.127077,3
0.026753,0.135009,0.00868575,3
0.223968,0.186802,0.0752783,3
0.0773332,0.187266,0.0454272,3
0.222094,0.173777,0.0896283,3
0.0679701,0.115559,0.0821218,3
0.197208,0.139263,0.0975677,3
0.186796,0.113347,0.0629049,3
0.22288,0.202044,0.0291519,3
0.0139929,0.208439,0.0225679,3
0.130914,0.117396,0.0206885,3
0.0400451,0.156599,0.0239758,3
0.0147346,0.129246,0.0064046,3
0.0777836,0.207742,0.00864932,3
0.106759,0.202751,0.0571029,3
0.0589479,0.12636,0.00397108,3
0.0891104,0.146373,0.0276395,3
0.0795555,0.169588,0.0022935,3
0.0344772,0.166543,0.0124315,3
0.0376581,0.190295,0.020656,3
0.0136137,0.198299,0.0164013,3
0.0819026,0.141722,0.0646814,3
0.0843138,0.210114,0.0088765,3
0.0212416,0.183261,0.0146596,3
0.0595521,0.151965,0.0611768,3
0.129395,0.179594,0.109752,3
0.0272861,0.135561,0.0692021,3
0.0670822,0.217497,0.0949769,3
0.0615598,0.149865,0.0549763,3
0.0306888,0.129764,0.0118362,3
0.0153698,0.174584,0.0845203,3
0.0461578,0.16639,0.0695845,3
0.122332,0.175665,0.00954187,3
