x coord,y coord,z coord,rank
0.105245,0.0152636,0.153557,0
0.113566,0.103063,0.157502,0
0.111223,0.156762,0.129399,0
0.112825,0.0681528,0.134205,0
0.0916445,0.000703773,0.199114,0
0.104437,0.156767,0.216533,0
0.0036195,0.215009,0.204699,0
0.122607,0.0244626,0.223165,0
0.0436889,0.0719106,0.148251,0
0.0310351,0.172559,0.15731,0
0.0819938,0.0992073,0.136971,0
0.0907947,0.103217,0.141049,0
0.095908,0.145353,0.191044,0
0.0434647,0.0776648,0.205571,0
0.102974,0.174086,0.192194,0
0.0980304,0.187621,0.179604,0
0.084359,0.0225497,0.161513,0
0.119118,0.210925,0.128888,0
0.0776602,0.191529,0.1726,0
0.0527474,0.0891108,0.160893,0
0.103806,0.173736,0.222854,0
0.122171,0.193673,0.147731,0
0.0227685,0.182962,0.207028,0
0.00140394,0.0327032,0.157809,0
0.0308618,0.0729036,0.145286,0
0.0153661,0.179284,0.123842,0
0.011508,0.17257,0.215143,0
0.129027,0.196416,0.218731,0
0.0131382,0.180509,0.119027,0
0.0548788,0.154503,0.210983,0
0.0953149,0.0850538,0.197176,0
0.104361,0.0237594,0.161731,0
0.134225,0.00396346,0.182914,0
0.0602492,0.208357,0.137177,0
0.0324393,0.157317,0.158731,0
0.0692618,0.0943561,0.194185,0
0.034897,0.0684571,0.181677,0
0.0751854,0.209808,0.181158,0
0.0819361,0.0432378,0.213233,0
0.0225787,0.0580473,0.179497,0
0.0234502,0.0111535,0.141217,0
0.0822083,0.164204,0.122975,0
0.0128326,0.14789,0.220856,0
0.0423464,0.222916,0.130379,0
0.0686919,0.116071,0.137381,0
0.0294778,0.138304,0.201842,0
0.134745,0.0751139,0.138943,0
0.0858225,0.0941878,0.184341,0
0.0146588,0.0830152,0.191604,0
0.0926757,0.121841,0.192147,0
0.134559,0.0765321,0.143369,0
0.0369063,0.0156872,0.164113,0
0.0471627,0.158373,0.119017,0
0.0980496,0.149556,0.15573,0
0.131313,0.0804142,0.194399,0
0.0667742,0.189769,0.152924,0
0.101345,0.211912,0.196807,0
0.124702,0.0676713,0.161539,0
0.133349,0.215943,0.119978,0
0.0221322,0.176684,0.146498,0
0.0259982,0.0138127,0.203617,0
0.0222124,0.0871191,0.187829,0
0.0269324,0.116747,0.18015,0
0.0214499,0.212435,0.122909,0
0.0849081,0.153417,0.220498,0
0.0279739,0.0769153,0.177285,0
0.0588785,0.161122,0.223495,0
0.0434576,0.155825,0.135165,0
0.0422091,0.0239205,0.148458,0
0.0725988,0.0302649,0.156269,0
0.0805206,0.0604259,0.202643,0
0.03748,0.0835997,0.157263,0
0.114956,0.196589,0.119716,0
0.0863599,0.0264385,0.167216,0
0.0815559,0.112083,0.197657,0
0.00321319,0.0733875,0.142791,0
0.00290008,0.166439,0.204089,0
0.00969906,0.133155,0.118727,0
0.0122503,0.182924,0.1215,0
0.0482973,0.07095,0.145222,0
0.057753,0.00926736,0.17347,0
0.089867,0.0933835,0.156903,0
0.0561579,0.114415,0.197821,0
0.0406803,0.198824,0.212667,0
0.0180846,0.19621,0.201644,0
0.0196198,0.198969,0.18713,0
0.0587645,0.153714,0.153627,0
0.115189,0.204007,0.142635,0
0.0306561,0.160119,0.141874,0
0.0742614,0.0344653,0.215794,0
0.0712273,0.0424065,0.219802,0
0.0423352,0.0653745,0.129879,0
0.0552498,0.0304647,0.207727,0
0.126826,0.00315073,0.192078,0
0.0919673,0.210386,0.175591,0
0.0984761,0.168682,0.205941,0
0.12157,0.151162,0.150057,0
0.122382,0.078368,0.192987,0
0.0350356,0.173332,0.179696,0
0.115354,0.0904291,0.148591,0
0.0783313,0.224329,0.215411,0
0.111695,0.100004,0.152886,0
0.0462386,0.139373,0.19673,0
0.105145,0.11234,0.195276,0
0.0443215,0.00972073,0.129703,0
0.0530903,0.0796564,0.205987,0
0.0697557,0.184969,0.122611,0
0.130098,0.113041,0.204551,0
0.0171547,0.0145443,0.219068,0
0.121264,0.10792,0.121182,0
0.0987125,0.126658,0.173605,0
0.0584113,0.190375,0.134472,0
0.0322394,0.0283694,0.177054,0
0.123534,0.21467,0.129407,0
0.0227463,0.0506178,0.137744,0
0.12726,0.188446,0.122793,0
0.110201,0.222751,0.148074,0
0.128816,0.208017,0.151341,0
0.0737357,0.0555875,0.178713,0
0.11765,0.106144,0.187405,0
0.0314037,0.0341194,0.138998,0
0.135211,0.0808625,0.198963,0
0.135782,0.0811814,0.145988,0
0.136086,0.0828391,0.194863,0
0.135966,0.0717746,0.141475,0
0.157984,0.155073,0.0415711,1
0.163874,0.0633622,0.0662694,1
0.187303,0.223201,0.109221,1
0.175404,0.00962246,0.050003,1
0.215675,0.0498338,0.0427626,1
0.166724,0.0791022,0.117816,1
0.179145,0.216586,0.11705,1
0.141267,0.151296,0.0413384,1
0.143901,0.179543,0.0603974,1
0.146677,0.0608763,0.067839,1
0.125308,0.076642,0.05732,1
0.166916,0.00779257,0.0815636,1
0.21993,0.107602,0.0145648,1
0.1925,0.0130496,0.00696556,1
0.162355,0.114507,0.104054,1
0.171113,0.174918,0.103496,1
0.158612,0.0257046,0.102484,1
0.154933,0.0255967,0.0955455,1
0.180864,0.10865,0.0792782,1
0.186235,0.133335,0.023465,1
0.126355,0.109177,0.0304294,1
0.163115,0.21953,0.0700015,1
0.172628,0.136284,0.111625,1
0.189328,0.0509199,0.0623462,1
0.19788,0.0434841,0.0162647,1
0.206975,0.0762749,0.101146,1
0.206272,0.0693861,0.101182,1
0.128868,0.152578,0.0507274,1
0.220849,0.0382507,0.0374369,1
0.137298,0.0438924,0.00161445,1
0.163385,0.0175237,0.00727804,1
0.118637,0.179447,0.0326289,1
0.194801,0.216415,0.0196369,1
0.175783,0.122118,0.0113166,1
0.141761,0.205565,0.0730055,1
0.154755,0.0172116,0.0165386,1
0.112981,0.0556765,0.00171793,1
0.172474,0.0382525,0.0195432,1
0.13388,0.200709,0.0884427,1
0.211098,0.0421472,0.0416798,1
0.164173,0.134148,0.0570544,1
0.193834,0.19141,0.0526965,1
0.108896,0.035345,0.0602685,1
0.185438,0.0439072,0.0665871,1
0.171787,0.0495415,0.0521507,1
0.187454,0.0616834,0.0530687,1
0.186278,0.0632503,0.0492537,1
0.179843,0.177581,0.0785973,1
0.167491,0.00573712,0.0531085,1
0.151239,0.067925,0.0247667,1
0.139414,0.166419,0.062177,1
0.178773,0.132621,0.0479435,1
0.19706,0.0391449,0.0409922,1
0.139989,0.220171,0.00979547,1
0.224013,0.131671,0.0383428,1
0.151433,0.0649551,0.0315295,1
0.215881,0.220054,0.0698495,1
0.203791,0.0545533,0.100499,1
0.160129,0.117404,0.0469899,1
0.193075,0.0470241,0.0204381,1
0.147958,0.214443,0.0579472,1
0.156746,0.099804,0.0637085,1
0.150951,0.00605668,0.0858302,1
0.195308,0.116281,0.0356902,1
0.106076,0.212992,0.109135,1
0.202678,0.139723,0.105414,1
0.179504,0.0781513,0.0287155,1
0.196473,0.0653919,0.0661581,1
0.178756,0.0906321,0.0249585,1
0.189752,0.217791,0.0963314,1
0.222538,0.0981637,0.000674674,1
0.208856,0.0370399,0.0360389,1
0.206774,0.188736,0.0185073,1
0.193399,0.197322,0.00734547,1
0.182666,0.0900285,0.0250715,1
0.155969,0.170304,0.0857075,1
0.172238,0.116971,0.0176624,1
0.151425,0.0602859,0.0849577,1
0.175959,0.224685,0.0572289,1
0.108693,0.215204,0.101725,1
0.110021,0.024089,0.0438203,1
0.170291,0.12364,0.0321154,1
0.160085,0.218275,0.0898764,1
0.152007,0.153886,0.101555,1
0.110156,0.0450947,0.0141099,1
0.107496,0.154993,0.0694012,1
0.1634,0.195732,0.0659535,1
0.211558,0.0160813,0.0874183,1
0.179813,0.0827811,0.114559,1
0.18337,0.211086,0.0134831,1
0.213101,0.12999,0.094086,1
0.136288,0.0329039,0.0495345,1
0.117781,0.171123,0.000837031,1
0.111385,0.0418729,0.103667,1
0.14322,0.163535,0.11276,1
0.19474,0.0941669,0.0775861,1
0.207161,0.217274,0.0769033,1
0.196595,0.0784024,0.0994017,1
0.210653,0.1619,0.0347826,1
0.111479,0.0687461,0.091532,1
0.109217,0.0529796,0.0637825,1
0.106335,0.111192,0.039461,1
0.190568,0.102354,0.0812426,1
0.172111,0.13131,0.0692688,1
0.149493,0.189337,0.0305129,1
0.211627,0.144527,0.0138335,1
0.132219,0.100506,0.00501152,1
0.131657,0.0768894,0.0937263,1
0.119829,0.0179131,0.01451,1
0.144651,0.0587267,0.0723181,1
0.146595,0.175929,0.0877909,1
0.176165,0.166082,0.092382,1
0.115308,0.159545,0.0823166,1
0.223608,0.10882,0.0859404,1
0.116521,0.0901717,0.00584637,1
0.205486,0.18909,0.0982531,1
0.150816,0.0804913,0.043523,1
0.135006,0.221755,0.0101387,1
0.180644,0.205699,0.0505532,1
0.142605,0.155183,0.0808333,1
0.137044,0.0758496,0.138849,2
0.182022,0.114551,0.166528,2
0.13735,0.072954,0.138981,2
0.137701,0.0746727,0.145245,2
0.214284,0.0940422,0.204553,2
0.146019,0.216366,0.122437,2
0.13902,0.0758658,0.140343,2
0.20169,0.147305,0.154316,2
0.193331,0.0600182,0.220144,2
0.141106,0.0748732,0.135194,2
0.175282,0.158953,0.137959,2
0.183002,0.0746559,0.126701,2
0.196249,0.174682,0.211595,2
0.207659,0.0217728,0.166339,2
0.138828,0.0995383,0.128534,2
0.209992,0.135585,0.146446,2
0.138955,0.075883,0.141482,2
0.198159,0.00756382,0.176945,2
0.15729,0.0287441,0.125585,2
0.154261,0.16559,0.134869,2
0.148781,0.194504,0.139922,2
0.19403,0.00842747,0.215743,2
0.214616,0.0146504,0.203411,2
0.211723,0.16447,0.136433,2
0.137841,0.0794118,0.142075,2
0.137738,0.0803067,0.145471,2
0.163905,0.135317,0.17391,2
0.211956,0.0896892,0.164588,2
0.137611,0.0773117,0.143453,2
0.221387,0.170796,0.143854,2
0.141647,0.0758851,0.142293,2
0.203841,0.157399,0.209258,2
0.143614,0.0819947,0.144855,2
0.215628,0.223019,0.166029,2
0.137137,0.147438,0.118505,2
0.187994,0.0487137,0.175994,2
0.141795,0.0759925,0.136667,2
0.14331,0.182698,0.22388,2
0.220346,0.203804,0.207314,2
0.185523,0.0631312,0.16779,2
0.17792,0.170817,0.13656,2
0.207853,0.162425,0.121028,2
0.166887,0.179423,0.141955,2
0.145954,0.193874,0.154714,2
0.171908,0.11445,0.133034,2
0.136538,0.0789763,0.136231,2
0.144142,0.0754852,0.138944,2
0.220553,0.112177,0.178483,2
0.194078,0.134835,0.160081,2
0.223746,0.0605337,0.216333,2
0.141589,0.0796198,0.136649,2
0.219214,0.0633749,0.192549,2
0.139034,0.0782007,0.145233,2
0.139905,0.0711336,0.140789,2
0.138223,0.0804553,0.141667,2
0.208301,0.163139,0.175518,2
0.137533,0.0785246,0.141786,2
0.202814,0.221444,0.190068,2
0.153114,0.159695,0.134525,2
0.142129,0.0787821,0.138762,2
0.197782,0.124797,0.179602,2
0.207684,0.152583,0.158027,2
0.158073,0.114298,0.129051,2
0.142082,0.0776693,0.140437,2
0.137893,0.0738076,0.146812,2
0.215414,0.18686,0.145191,2
0.147706,0.0751667,0.138906,2
0.149385,0.0414164,0.188356,2
0.16906,0.0389365,0.176985,2
0.139936,0.0799553,0.140855,2
0.136844,0.076482,0.138219,2
0.136636,0.0696141,0.137029,2
0.141652,0.0785892,0.139895,2
0.138981,0.0742161,0.140997,2
0.197184,0.0372153,0.200356,2
0.202952,0.093581,0.149866,2
0.212072,0.0618146,0.201718,2
0.185339,0.0783254,0.123633,2
0.213511,0.178841,0.119879,2
0.137209,0.0768056,0.146226,2
0.142331,0.079783,0.138922,2
0.214476,0.217517,0.183488,2
0.140883,0.0783124,0.14328,2
0.136443,0.0769846,0.140762,2
0.210886,0.0809931,0.169957,2
0.196783,0.030108,0.180551,2
0.160572,0.0595723,0.160687,2
0.186841,0.0455093,0.173728,2
0.138686,0.0365939,0.122035,2
0.187376,0.0116943,0.163695,2
0.194983,0.140003,0.205626,2
0.141893,0.0765587,0.139695,2
0.141017,0.0756792,0.136647,2
0.139568,0.0750724,0.138197,2
0.146026,0.0880022,0.207312,2
0.143831,0.081603,0.14164,2
0.158725,0.00253214,0.188186,2
0.199307,0.0760784,0.163947,2
0.143851,0.0769588,0.138753,2
0.181891,0.0865463,0.209894,2
0.140377,0.0783969,0.142227,2
0.204547,0.152893,0.211697,2
0.190292,0.206251,0.149666,2
0.150939,0.175688,0.183757,2
0.144213,0.0713457,0.141735,2
0.141549,0.073622,0.136348,2
0.21888,0.0684184,0.198022,2
0.161956,0.218692,0.221129,2
0.168737,0.08849,0.176785,2
0.137428,0.0762958,0.137315,2
0.157758,0.186934,0.139524,2
0.145461,0.0813468,0.142695,2
0.163302,0.210125,0.138198,2
0.143782,0.0788897,0.138132,2
0.143338,0.0805666,0.141224,2
0.174125,0.141377,0.201038,2
0.141519,0.0736078,0.138646,2
0.165061,0.0507985,0.199407,2
0.147249,0.0787148,0.13571,2
0.183002,0.155903,0.171028,2
0.143134,0.0757766,0.137716,2
0.14983,0.139998,0.209506,2
0.140293,0.0759178,0.142751,2
0.140145,0.0789549,0.140659,2
0.137463,0.0731814,0.13773,2
0.0876795,0.059311,0.0942994,3
0.0717794,0.106422,0.0119709,3
0.0364686,0.224791,0.102742,3
0.0509552,0.197509,0.000910863,3
0.0219194,0.0939407,0.0550942,3
0.0922207,0.050128,0.0624979,3
0.0960881,0.0267705,0.0894256,3
0.102846,0.101972,0.0617545,3
0.0844422,0.10357,0.0718189,3
0.0452935,0.153296,0.0320962,3
0.0409873,0.0707318,0.0799049,3
0.062407,0.0215952,0.0571235,3
0.066012,0.153795,0.0462736,3
0.0439359,0.183549,0.0879581,3
0.0987706,0.0208072,0.0677809,3
0.00227609,0.0300646,0.0541533,3
0.0416924,0.0305958,0.0245526,3
0.0834706,0.0297088,0.0934863,3
0.00494309,0.0876091,0.0146948,3
0.0420329,0.0140154,0.0397019,3
0.0707405,0.143174,0.0391498,3
0.0625151,0.0632852,0.0292479,3
0.0221972,0.181249,0.073133,3
0.0192375,0.0211652,0.0835018,3
0.00700674,0.208133,0.108541,3
0.0162951,0.122785,0.0792142,3
0.0431052,0.020426,0.100809,3
0.0754952,0.170625,0.114916,3
0.0746169,0.066139,0.0743602,3
0.0140642,0.205925,0.0361697,3
0.00751416,0.122405,0.0400965,3
0.0175035,0.0677402,0.029252,3
0.0758548,0.0866575,0.0963831,3
0.0338366,0.132072,0.0622309,3
0.00689791,0.117819,0.0287246,3
0.0399231,0.165906,0.01348,3
0.0727713,0.173637,0.0103633,3
0.00739841,0.151669,0.0053093,3
0.104331,0.0701538,0.0490447,3
0.0085564,0.00463853,0.0251811,3
0.0385513,0.187904,0.0338111,3
0.0754308,0.0192226,0.106903,3
0.0646325,0.219763,0.0176464,3
0.0778941,0.175542,0.071802,3
0.0255957,0.210286,0.10534,3
0.0288752,0.0718912,0.0182176,3
0.0356261,0.157622,0.000714839,3
0.0556731,0.167506,0.0785522,3
0.0911017,0.026678,0.0310146,3
0.0203519,0.00182961,0.0511355,3
0.00761231,0.0270932,0.011096,3
0.0805159,0.169695,0.0205412,3
0.0264984,0.0448316,0.00321558,3
0.0991075,0.0312988,0.0755327,3
0.100612,0.0732673,0.0718633,3
0.0706877,0.128057,0.0324903,3
0.0548308,0.222243,0.0166572,3
0.00352956,0.0639904,0.0837403,3
0.0108469,0.127372,0.0234504,3
0.0419794,0.0999358,0.00741138,3
0.0998107,0.0189756,0.0592765,3
0.0573899,0.215025,0.101593,3
0.00754402,0.0812056,0.0933597,3
0.0308304,0.0998101,0.00132625,3
0.0679764,0.0346881,0.0477689,3
0.0681595,0.0917135,0.087525,3
0.0246568,0.0549998,0.0767663,3
0.0345057,0.0575341,0.013548,3
0.0963827,0.135803,0.0882905,3
0.0834688,0.08791,0.0629639,3
0.0988156,0.205775,0.0950329,3
0.0373556,0.190963,0.00656913,3
0.0971732,0.146594,0.00159289,3
0.0946119,0.189586,0.00619553,3
0.0354505,0.0542972,0.029718,3
0.00630279,0.0659221,0.0115103,3
0.0180462,0.145708,0.0819785,3
0.0596686,0.123238,0.084096,3
0.0609926,0.219659,0.0122157,3
0.101409,0.0914623,0.00255413,3
0.0358236,0.111909,0.0914074,3
0.0341551,0.0219914,0.0867456,3
0.0254774,0.196101,0.0485515,3
0.0726536,0.013661,0.0202598,3
0.0582079,0.151637,0.114183,3
0.0539855,0.189118,0.0707024,3
0.00796117,0.0975694,0.0849636,3
0.0165851,0.136646,0.051024,3
0.0816621,0.0541805,0.0395906,3
0.0484286,0.207098,0.0799407,3
0.084932,0.139121,0.103909,3
0.00286096,0.138808,0.00123259,3
0.0915211,0.20139,0.036559,3
0.103004,0.131921,0.0392806,3
0.00777837,0.0814439,0.0417937,3
0.0120912,0.171054,0.0811782,3
0.0400309,0.0328869,0.00326897,3
0.0745463,0.0422937,0.0991243,3
0.0729712,0.208974,0.0680461,3
0.105127,0.0469544,0.0514643,3
0.0564137,0.148465,0.112346,3
0.0266451,0.0482825,0.023299,3
0.0867096,0.100738,0.0508524,3
0.055682,0.154202,0.106136,3
0.0747157,0.14536,0.0731759,3
0.0837433,0.161015,0.030027,3
0.091128,0.0839304,0.097682,3
0.0605063,0.0210624,0.0103515,3
0.094893,0.20796,0.0452774,3
0.0200315,0.0936957,0.0308371,3
0.025994,0.163457,0.0742776,3
0.0377626,0.0296635,0.046751,3
0.0617831,0.108505,0.108039,3
0.0948161,0.173003,0.0254067,3
0.105061,0.129333,0.0842458,3
0.0334914,0.0104083,0.0392351,3
0.00582617,0.0950035,0.0421277,3
0.0412234,0.0256819,0.0372816,3
0.0380844,0.0889243,0.0126328,3
0.102101,0.0350501,0.0750816,3
0.0299951,0.191218,0.0487946,3
0.0747105,0.166805,0.0689246,3
0.0282705,0.00594414,0.053928,3
0.0553463,0.219388,0.0360066,3
0.0242616,0.184684,0.097531,3
0.0348803,0.0284989,0.115501,3
0.0961904,0.0619775,0.0123633,3
0.0936042,0.0567235,0.0763434,3
0.0520449,0.147548,0.115059,3
0.102551,0.21684,0.116141,3
