x coord,y coord,z coord,rank
0.0277843,0.211048,0.105915,0
0.14542,0.124795,0.0196445,0
0.0520531,0.218161,0.0312219,0
0.0273553,0.219087,0.0374839,0
0.125395,0.140233,0.029875,0
0.144888,0.121249,0.042244,0
0.128952,0.21082,0.0120044,0
0.200802,0.136817,0.121195,0
0.0366144,0.194505,0.110228,0
0.0603803,0.203864,0.00402613,0
0.181638,0.13392,0.0405614,0
0.140398,0.120308,0.100453,0
0.0249027,0.219985,0.0204165,0
0.0806105,0.182444,0.0598611,0
0.0414638,0.209284,0.0241025,0
0.0764767,0.206431,0.0742564,0
0.0433819,0.12232,0.0205333,0
0.0914346,0.205817,0.117816,0
0.0623113,0.18993,0.0786575,0
0.0256948,0.21794,0.000372773,0
0.0375411,0.198621,0.0157604,0
0.109147,0.210398,0.0544359,0
0.00814749,0.169218,0.0599,0
0.16949,0.165033,0.0608917,0
0.0952666,0.145851,0.0655119,0
0.167138,0.222803,0.0169476,0
0.062623,0.164144,0.0460519,0
0.0428865,0.187415,0.0842722,0
0.127968,0.125375,0.0818214,0
0.0911445,0.127077,0.0147479,0
0.152935,0.142491,0.0415895,0
0.203865,0.130106,0.120349,0
0.210894,0.208942,0.0848692,0
0.0477964,0.135928,0.0535016,0
0.0026027,0.223684,0.0716691,0
0.0437654,0.163547,0.0726005,0
0.0639134,0.153217,0.0410852,0
0.178312,0.166184,0.0583158,0
0.164434,0.124152,0.0201254,0
0.014633,0.198811,0.00101321,0
0.0342653,0.122372,0.0543248,0
0.223034,0.129853,0.0977531,0
0.108729,0.209644,0.111689,0
0.0410429,0.138423,0.0523907,0
0.04325,0.133488,0.112844,0
0.0848511,0.201164,0.0959789,0
0.196871,0.130088,0.11989,0
0.214671,0.178702,0.0510252,0
0.064725,0.194723,0.0201896,0
0.159904,0.133559,0.0311574,0
0.00456996,0.124439,0.0732686,0
0.173123,0.221087,0.106779,0
0.0501489,0.164079,0.0288759,0
0.0947932,0.178222,0.0618134,0
0.133377,0.148398,0.0741735,0
0.0595907,0.142523,0.0340327,0
0.143497,0.121581,0.0295385,0
0.194022,0.201513,0.00387262,0
0.0389407,0.168027,0.0897639,0
0.205723,0.18155,0.116781,0
0.145066,0.161419,0.0783847,0
0.0642521,0.159637,0.0187358,0
0.00949943,0.146226,0.0882095,0
0.00368045,0.205335,0.0500648,0
0.221977,0.205975,0.0342515,0
0.138928,0.128052,0.0732496,0
0.0137612,0.219894,0.0859018,0
0.109728,0.216924,0.0103782,0
0.140635,0.176535,0.00362984,0
0.189508,0.205345,0.0140315,0
0.214742,0.161619,0.109268,0
0.198873,0.129384,0.11794,0
0.109017,0.199968,0.109474,0
0.15855,0.195465,0.0464454,0
0.0966384,0.144615,0.0552325,0
0.0811014,0.193343,0.104777,0
0.149052,0.128879,0.112281,0
0.0352061,0.188873,0.083032,0
0.0386124,0.180219,0.0882326,0
0.0923325,0.200709,0.0599938,0
0.153198,0.123543,0.0592091,0
0.0322989,0.183094,0.0193336,0
0.0819639,0.174453,0.0970126,0
0.202868,0.123124,0.119239,0
0.0449011,0.144298,0.076629,0
0.0716287,0.171959,0.0233516,0
0.0839154,0.179388,0.00398063,0
0.108451,0.200121,0.00332187,0
0.141473,0.171279,0.00860375,0
0.147573,0.189652,0.0137393,0
0.0895515,0.203136,0.0281895,0
0.0149576,0.187616,0.0458158,0
0.201045,0.13195,0.118114,0
0.180799,0.167171,0.0209178,0
0.157107,0.164729,0.0259201,0
0.0967078,0.169277,0.0612275,0
0.199118,0.12626,0.119492,0
0.0278602,0.215596,0.0140299,0
0.00399318,0.173387,0.0386574,0
0.0885252,0.160552,0.0937323,0
0.107232,0.12616,0.0690994,0
0.0328923,0.185788,0.0977888,0
0.105876,0.121415,0.0441684,0
0.00187462,0.210383,0.0701675,0
0.21181,0.207936,0.0245259,0
0.201184,0.129403,0.116758,0
0.00270446,0.189437,0.116027,0
0.158863,0.125793,0.0168955,0
0.201506,0.133589,0.117806,0
0.177991,0.153571,0.00483935,0
0.203408,0.204398,0.101491,0
0.0879459,0.171841,0.10562,0
0.166995,0.169024,0.0837765,0
0.0107112,0.20818,0.0635764,0
0.217994,0.125274,0.101501,0
0.0720249,0.205992,0.0983142,0
0.200487,0.130717,0.121256,0
0.130902,0.203447,0.0506486,0
0.223141,0.19567,0.0820857,0
0.105049,0.128175,0.10622,0
0.200729,0.127379,0.0568193,0
0.0460035,0.16828,0.0457234,0
0.0731536,0.216188,0.0840875,0
0.0652983,0.172972,0.0387357,0
0.0953432,0.175067,0.0676153,0
0.158859,0.220337,0.0973487,0
0.0785254,0.147024,0.0417008,0
0.0723702,0.17357,0.0943998,0
0.13306,0.153196,0.0699202,0
0.172682,0.124587,2.29186e-05,0
0.124162,0.181003,0.0880905,0
0.207175,0.134948,0.119741,0
0.205033,0.132563,0.120722,0
0.132831,0.153918,0.0789191,0
0.196942,0.131734,0.118922,0
0.198536,0.135852,0.120824,0
0.190795,0.0251742,0.184782,1
0.138157,0.104821,0.173901,1
0.157452,0.00725057,0.123392,1
0.00011444,0.0168704,0.141334,1
0.19546,0.0276943,0.137646,1
0.212798,0.0840831,0.164711,1
0.0195626,0.0632228,0.133585,1
0.0976563,0.0869937,0.144433,1
0.162301,0.0964625,0.145451,1
0.124315,0.0131569,0.171586,1
0.133203,0.0102537,0.136502,1
0.185443,0.0437612,0.16382,1
0.17551,0.00647048,0.161534,1
0.107208,0.0833961,0.174901,1
0.178397,0.0674496,0.182718,1
0.134482,0.033213,0.1775,1
0.126266,0.0216267,0.193521,1
0.0140336,0.0981729,0.190054,1
0.0857014,0.0372054,0.222646,1
0.0269888,0.0600693,0.148242,1
0.175607,0.00882068,0.148534,1
0.0473546,0.0970957,0.177967,1
0.198216,0.0734394,0.202757,1
0.113435,0.0760949,0.20414,1
0.0603413,0.0752126,0.159808,1
0.0499305,0.111674,0.195575,1
0.0790175,0.0217865,0.186836,1
0.0744788,0.0571435,0.180731,1
0.195256,0.0713807,0.189461,1
0.194728,0.0186489,0.20034,1
0.0573708,0.106949,0.162041,1
0.110066,0.0311666,0.162225,1
0.0809091,0.0454556,0.140431,1
0.0371814,0.0170573,0.15241,1
0.128229,0.107391,0.215235,1
0.0186638,0.0505223,0.134268,1
0.223856,0.0889863,0.191582,1
0.0494577,0.0218606,0.222216,1
0.0913157,0.0327809,0.157831,1
0.127624,0.0576066,0.189989,1
0.134184,0.0701868,0.152426,1
0.213207,0.112361,0.143095,1
0.112245,0.0457534,0.167123,1
0.210275,0.0412637,0.189154,1
0.104782,0.00846395,0.161559,1
0.168098,0.0708084,0.221506,1
0.0036435,0.0966501,0.181445,1
0.0630136,0.0786046,0.219076,1
0.192705,0.0988953,0.216875,1
0.124184,0.0667861,0.160416,1
0.124295,0.0613202,0.223052,1
0.116343,0.0535302,0.221943,1
0.0856956,0.0928218,0.156781,1
0.146601,0.0563757,0.154467,1
0.136669,0.00254626,0.130724,1
0.107697,0.0943485,0.219583,1
0.0137399,0.0509688,0.139243,1
0.0458848,0.115828,0.155696,1
0.0586129,0.0731027,0.205965,1
0.170839,0.0579489,0.201124,1
0.117373,0.0431509,0.20538,1
0.14783,0.087416,0.183955,1
0.128183,0.107358,0.14908,1
0.164972,0.062385,0.190755,1
0.139366,0.111772,0.123902,1
0.0864236,0.0148111,0.221375,1
0.0348143,0.0293658,0.210117,1
0.128394,0.0794003,0.198026,1
0.0490274,0.0529718,0.224061,1
0.110006,0.046571,0.164504,1
0.0189047,0.106058,0.181397,1
0.12094,0.0474665,0.213165,1
0.109544,0.0596532,0.142919,1
0.127338,0.0584125,0.196582,1
0.0443223,0.0225447,0.192933,1
0.0763088,0.0769953,0.214203,1
0.111913,0.0565507,0.144856,1
0.210563,0.012914,0.134828,1
0.0957261,0.0423203,0.192837,1
0.00140737,0.0863139,0.174782,1
0.121343,0.0368347,0.177729,1
0.0249045,0.052463,0.2212,1
0.0841592,0.069765,0.212016,1
0.0100555,0.0527184,0.223936,1
0.02993,0.061016,0.148135,1
0.13394,0.00353195,0.141724,1
0.173949,0.113161,0.21673,1
0.069377,0.0140568,0.193803,1
0.0640127,0.0563817,0.131817,1
0.0946213,0.053881,0.21224,1
0.126965,0.0145487,0.177067,1
0.202557,0.111896,0.1638,1
0.0217473,0.00822622,0.177219,1
0.159703,0.0181924,0.136091,1
0.149016,0.106311,0.152598,1
0.203536,0.0730697,0.196094,1
0.169868,0.0332064,0.196462,1
0.0183433,0.0316644,0.178537,1
0.103825,0.0879768,0.200525,1
0.0292105,0.114412,0.149562,1
0.134194,0.109916,0.126038,1
0.148909,0.0772924,0.223163,1
0.218494,0.111883,0.162147,1
0.150229,0.111284,0.167605,1
0.00466807,0.113586,0.187375,1
0.0875425,0.116827,0.18498,1
0.0107679,0.168676,0.223319,2
0.0433733,0.160361,0.144676,2
0.203877,0.134267,0.123735,2
0.104337,0.163211,0.172791,2
0.19861,0.132166,0.122589,2
0.159307,0.190359,0.161363,2
0.190427,0.157109,0.145456,2
0.104379,0.150557,0.197103,2
0.0607345,0.152366,0.152615,2
0.146067,0.164809,0.153943,2
0.194729,0.131167,0.122401,2
0.027606,0.162699,0.147221,2
0.204742,0.130014,0.122397,2
0.0481652,0.183729,0.156022,2
0.199842,0.130634,0.122417,2
0.127985,0.147899,0.157153,2
0.202287,0.125838,0.12334,2
0.195341,0.131482,0.122175,2
0.158381,0.149748,0.180623,2
0.140167,0.133442,0.130076,2
0.110652,0.16432,0.218562,2
0.118497,0.152163,0.180638,2
0.102242,0.157283,0.183823,2
0.132196,0.158265,0.179304,2
0.0171857,0.164822,0.198357,2
0.203915,0.132258,0.122599,2
0.0868681,0.144315,0.15274,2
0.0889582,0.214807,0.219735,2
0.202902,0.128336,0.121992,2
0.0722227,0.169027,0.199293,2
0.200488,0.131225,0.12621,2
0.0241519,0.161366,0.212674,2
0.00297503,0.164951,0.14944,2
0.0387764,0.215599,0.205907,2
0.15495,0.150662,0.172251,2
0.167759,0.125833,0.159394,2
0.196699,0.134046,0.122484,2
0.18196,0.165245,0.218218,2
0.198657,0.135181,0.121595,2
0.200682,0.132034,0.13035,2
0.00894781,0.172376,0.205521,2
0.200837,0.13191,0.126613,2
0.121927,0.149449,0.208214,2
0.165105,0.172694,0.215109,2
0.163128,0.218913,0.147045,2
0.0333552,0.152188,0.148236,2
0.0552379,0.1338,0.209748,2
0.0645997,0.212362,0.173775,2
0.213924,0.186225,0.174346,2
0.121798,0.206205,0.215685,2
0.202282,0.13361,0.127414,2
0.201553,0.134146,0.122149,2
0.206783,0.184159,0.14041,2
0.214896,0.186905,0.172746,2
0.0530944,0.132727,0.136737,2
0.216276,0.183429,0.136084,2
0.00241679,0.161343,0.163233,2
0.0358441,0.150015,0.21615,2
0.172368,0.16684,0.179222,2
0.197552,0.126149,0.124597,2
0.201618,0.131696,0.125316,2
0.0961132,0.192403,0.207623,2
0.0509509,0.199555,0.189515,2
0.168184,0.2072,0.176399,2
0.151541,0.149545,0.139596,2
0.204259,0.131099,0.126247,2
0.202141,0.211764,0.193516,2
0.172539,0.187641,0.173958,2
0.113332,0.184802,0.125051,2
0.18137,0.145488,0.20974,2
0.131189,0.214028,0.209256,2
0.0156947,0.186373,0.218306,2
0.000202988,0.150932,0.142612,2
0.22355,0.161629,0.206958,2
0.206336,0.13468,0.124115,2
0.199788,0.13599,0.125756,2
0.0526504,0.129142,0.138063,2
0.201784,0.132325,0.122243,2
0.00368802,0.12197,0.158434,2
0.203173,0.158864,0.217007,2
0.197864,0.126551,0.122625,2
0.202087,0.117951,0.179396,2
0.219474,0.134664,0.207152,2
0.0915353,0.183694,0.163047,2
0.0676738,0.18871,0.12324,2
0.211077,0.194841,0.160883,2
0.141065,0.180641,0.223803,2
0.130125,0.212328,0.211643,2
0.0661615,0.178892,0.193601,2
0.138714,0.185903,0.155918,2
0.169357,0.206351,0.216889,2
0.179898,0.151641,0.149791,2
0.00844413,0.150496,0.153435,2
0.0547888,0.200636,0.187365,2
0.120394,0.150392,0.180977,2
0.0817028,0.12083,0.216938,2
0.135949,0.217977,0.144433,2
0.218541,0.220126,0.180235,2
0.138066,0.221551,0.189627,2
0.159701,0.119588,0.134744,2
0.0812436,0.164943,0.140153,2
0.158583,0.164786,0.150754,2
0.0446925,0.123342,0.147948,2
0.102389,0.196196,0.222329,2
0.0945047,0.169328,0.124557,2
0.0924972,0.185102,0.138875,2
0.220381,0.224558,0.12748,2
0.180895,0.14866,0.148773,2
0.116887,0.205592,0.187695,2
0.0985164,0.126022,0.132296,2
0.173041,0.179249,0.169154,2
0.0975408,0.132221,0.144166,2
0.123426,0.19855,0.176074,2
0.057892,0.134535,0.152865,2
0.0259348,0.203353,0.149528,2
0.1609,0.167161,0.124295,2
0.0104748,0.131347,0.21838,2
0.180199,0.206573,0.184616,2
0.00654254,0.183055,0.18653,2
0.16246,0.183148,0.21406,2
0.20545,0.134595,0.125989,2
0.136755,0.138039,0.147861,2
0.201593,0.127988,0.123055,2
0.151968,0.19615,0.127506,2
0.156482,0.162705,0.177179,2
0.116592,0.162384,0.137124,2
0.0338887,0.151999,0.170289,2
0.205418,0.201672,0.122278,2
0.166542,0.16174,0.147815,2
0.117661,0.145955,0.201747,2
0.0511663,0.158346,0.159412,2
0.20324,0.131282,0.122213,2
0.206815,0.127074,0.125299,2
0.198365,0.136268,0.124977,2
0.200674,0.132165,0.121492,2
0.0924576,0.0701229,0.117227,3
0.0648396,0.0520602,0.0662847,3
0.143665,0.000117349,0.0718392,3
0.00496157,0.0250152,0.0730092,3
0.0180591,0.112528,0.109301,3
0.0397079,0.0206602,0.0108324,3
0.220994,0.113942,0.100361,3
0.161841,0.0614818,0.0208608,3
0.095454,0.0228973,0.0246148,3
0.116644,0.0349621,0.0169964,3
0.19653,0.0515818,0.101031,3
0.211467,0.0281948,0.0794162,3
0.120577,0.0831908,2.31605e-05,3
0.214711,0.0860528,0.0237503,3
0.216051,0.0699741,0.0477016,3
0.195391,0.0463047,0.0276933,3
0.0592634,0.0428832,0.0968575,3
0.0811112,0.0841598,0.00303261,3
0.0428865,0.0629136,0.0254687,3
0.107211,0.103214,0.115353,3
0.224659,0.00168876,0.02628,3
0.112232,0.0514395,0.0322515,3
0.0277726,0.0441189,0.104095,3
0.125797,0.0465261,0.0640516,3
0.138131,0.0690161,0.00492212,3
0.0386518,0.0582987,0.0965128,3
0.216876,0.0781674,0.00554471,3
0.133367,0.0177325,0.0863042,3
0.0939169,0.0171311,0.0444888,3
0.0614683,0.105253,0.00591489,3
0.185901,0.0522992,0.0302909,3
0.0253471,0.113575,0.082956,3
0.171353,0.0617482,0.100709,3
0.206485,0.0538747,0.065722,3
0.0672032,0.117457,0.0375005,3
0.211091,0.102615,0.0640035,3
0.069436,0.0477934,0.0459101,3
0.0647543,0.0157826,0.0539729,3
0.0329243,0.0226313,0.0697262,3
0.0551096,0.117424,0.0556079,3
0.189571,0.0572279,0.0742165,3
0.216799,0.0090504,0.0755684,3
0.157687,0.11215,0.0982837,3
0.215097,0.0432779,0.0291191,3
0.158395,0.0413706,0.0296639,3
0.103677,0.0954198,0.072319,3
0.120327,0.0202126,0.0202695,3
0.207028,0.0814413,0.0650285,3
0.197254,0.0721536,0.101231,3
0.101638,0.0863879,0.0833483,3
0.0511154,0.0855329,0.0476056,3
0.0282668,0.00504302,0.0895949,3
0.205982,0.0918459,0.0844088,3
0.0216178,0.0784538,0.0225105,3
0.00942272,0.0146106,0.110795,3
0.0302316,0.116986,0.0314097,3
0.075833,0.0303819,0.0498175,3
0.113572,0.0876472,0.0996896,3
0.107603,0.0247649,0.0169671,3
0.0122808,0.0774537,0.00315653,3
0.0905075,0.088117,0.104513,3
0.0576073,0.0769254,0.0224863,3
0.0749494,0.0820475,0.0882132,3
0.219572,0.0967054,0.0727152,3
0.0819174,0.0757488,0.0530104,3
0.137302,0.0168224,0.0437286,3
0.0317443,0.112391,0.0778721,3
0.138286,0.0378204,0.095725,3
0.0782818,0.0922411,0.00492927,3
0.201603,0.0311079,0.0190234,3
0.00461709,0.00343552,2.33163e-05,3
0.129273,0.0768914,0.0261552,3
0.159432,0.029978,0.12158,3
0.0428272,0.0874938,0.120122,3
0.175016,0.00751493,0.100883,3
0.110271,0.106323,0.0864805,3
0.17023,0.0577553,0.0313008,3
0.116898,0.0390481,0.113495,3
0.125778,0.0219384,0.0974749,3
0.167284,0.0641252,0.0130968,3
0.197286,0.065079,0.0188206,3
0.0504473,0.0900927,0.0765759,3
0.12473,0.104836,0.107776,3
0.157211,0.00726467,0.0520976,3
0.0614795,0.0320051,0.0651619,3
0.185083,0.0108006,0.0983205,3
0.178907,0.108923,0.0798761,3
0.192014,0.0649272,0.0968826,3
0.178904,0.10236,0.0270249,3
0.16862,0.0807948,0.0136344,3
0.0940104,0.00925072,0.0905955,3
0.0604673,0.0854462,0.0428739,3
0.163259,0.0897928,0.0731845,3
0.117629,0.0267999,0.100919,3
0.203974,0.0361481,0.0263806,3
0.184272,0.0144454,0.0257903,3
0.062503,0.0228503,0.070279,3
0.0545797,0.104899,0.098856,3
0.0596417,0.0916858,0.108503,3
0.0473804,0.0036996,0.113374,3
0.125514,0.0608202,0.109918,3
0.118382,0.0643881,0.00635152,3
0.212791,0.0973639,0.0199671,3
0.0547467,0.064947,0.121517,3
0.142065,0.094798,0.107591,3
0.213958,0.0881613,0.0514897,3
0.178715,0.11456,0.0027658,3
0.1255,0.00533337,0.0359058,3
0.218601,0.019748,0.0394984,3
0.15177,0.067323,0.118141,3
0.113509,0.101906,0.0273552,3
0.0547884,0.0786959,0.0132104,3
0.00244804,0.0698432,0.0570238,3
0.0789842,0.00573512,0.0700214,3
0.0283957,0.000420542,0.0155408,3
0.202646,0.0823723,0.105054,3
0.169292,0.0254108,0.120101,3
0.00544147,0.104597,0.119347,3
0.132037,0.111355,0.0404034,3
0.0109899,0.0147042,0.116022,3
0.20621,0.112641,0.0916624,3
0.031852,0.11538,0.0274894,3
0.0709298,0.116864,0.0720669,3
