x coord,y coord,z coord,rank
0.157245,0.0195863,0.0460378,0
0.194618,0.0297781,0.0596008,0
0.163116,0.0609416,0.0585118,0
0.16038,0.0638439,0.048755,0
0.148299,0.0539011,0.0466748,0
0.16468,0.065598,0.0157632,0
0.176034,0.0653624,0.0235191,0
0.154817,0.0320868,0.0147025,0
0.157545,0.0223185,0.0276349,0
0.182886,0.0334433,0.0270805,0
0.189942,0.0438924,0.033476,0
0.184613,0.0329841,0.0482516,0
0.153658,0.00249545,0.0734031,0
0.187696,0.0746715,0.0399924,0
0.154123,0.0398592,0.0388264,0
0.168762,0.0259828,0.0370371,0
0.193393,0.0323765,0.0466515,0
0.155505,0.0667642,0.0629658,0
0.160416,0.05224,0.023707,0
0.177206,0.0446136,0.0262689,0
0.148417,0.0626613,0.0183877,0
0.150493,0.0297054,0.0271179,0
0.169071,0.0738219,0.0124718,0
0.16678,0.047122,0.0724828,0
0.151216,0.075178,0.0137076,0
0.151096,0.0561514,0.0726199,0
0.155744,0.0514922,0.0661453,0
0.153814,0.060812,0.0309889,0
0.169887,0.0573682,0.00751838,0
0.170748,0.0265499,0.0505925,0
0.158846,0.0487866,0.0734783,0
0.167829,0.0519305,0.0201163,0
0.192915,0.0734397,0.0676391,0
0.208943,0.0459093,0.0616981,0
0.148013,0.0722923,0.0679902,0
0.147725,0.0143516,0.0738046,0
0.162645,0.0600964,0.00664244,0
0.195446,0.0709059,0.0497431,0
0.151383,0.0122444,0.0734179,0
0.148772,0.0350286,0.0435572,0
0.184032,0.0596173,0.0337027,0
0.161933,0.063724,0.0707317,0
0.163441,0.0302508,0.068206,0
0.147296,0.049535,0.0738343,0
0.186156,0.0486761,0.0596171,0
0.161925,0.0174731,0.0511521,0
0.14776,0.0637654,0.034229,0
0.185309,0.0171071,0.0685926,0
0.148154,0.0363413,0.0679941,0
0.150338,0.0137709,0.047084,0
0.147904,0.0433228,0.0645099,0
0.169789,0.0505915,0.0352497,0
0.157361,0.00700052,0.0574357,0
0.167947,0.0707861,0.0727365,0
0.173474,0.0165327,0.0595038,0
0.190294,0.069094,0.0575916,0
0.154226,0.0291452,0.0734257,0
0.161043,0.00271416,0.0704404,0
0.147606,0.0615394,0.0722636,0
0.14737,0.0277757,0.0392886,0
0.195194,0.0455601,0.0718657,0
0.155096,0.0296919,0.0335166,0
0.173845,0.0283493,0.0649036,0
0.154666,0.0471855,0.0199423,0
0.158316,0.056468,0.0121239,0
0.151594,0.0624327,0.0198102,0
0.206919,0.0604159,0.0668619,0
0.148877,0.0485675,0.0675323,0
0.177228,0.0559647,0.0117354,0
0.16571,0.0382142,0.0581384,0
0.201714,0.0596792,0.036113,0
0.151659,0.0396945,0.0132914,0
0.154834,0.0502992,0.0448223,0
0.162306,0.0058418,0.05465,0
0.155254,0.0375885,0.0554288,0
0.147318,0.0568784,0.0640209,0
0.158574,0.0648085,0.0362456,0
0.171416,0.0485434,0.0453827,0
0.173581,0.0637139,0.0661746,0
0.162165,0.0538529,0.0435349,0
0.171978,0.0450043,0.0116409,0
0.151542,0.0408345,0.0571652,0
0.147302,0.0240499,0.0496997,0
0.156286,0.051169,0.00476035,0
0.181064,0.0515702,0.039891,0
0.155555,0.0717837,0.0503943,0
0.16578,0.0219631,0.0726752,0
0.149968,0.046911,0.0563446,0
0.151939,0.0567698,0.0577712,0
0.170827,0.0414006,0.0313454,0
0.158462,0.067928,0.020403,0
0.184069,0.0213924,0.0439153,0
0.185721,0.0659765,0.0455637,0
0.152492,0.0683856,0.074222,0
0.150478,0.0666096,0.0639323,0
0.175257,0.025187,0.0318798,0
0.161351,0.031044,0.0427761,0
0.162206,0.0409809,0.0144685,0
0.148385,0.0437281,0.0482208,0
0.15321,0.0568737,0.05992,0
0.149868,0.055315,0.0531461,0
0.14774,0.050695,0.0566323,0
0.147456,0.0648041,0.0440766,0
0.196338,0.0537822,0.0518005,0
0.176448,0.045815,0.0612928,0
0.163897,0.0265898,0.0236182,0
0.183592,0.0734743,0.0732964,0
0.148412,0.0682412,0.0346803,0
0.168293,0.00698402,0.0659409,0
0.16581,0.0655212,0.043887,0
0.203984,0.0718454,0.0593483,0
0.149545,0.022806,0.043026,0
0.16122,0.0423431,0.0330213,0
0.176021,0.0410788,0.0500302,0
0.150966,0.0614327,0.0412398,0
0.153486,0.0262163,0.0442984,0
0.149233,0.034282,0.0588312,0
0.147983,0.0733622,0.01894,0
0.149809,0.0161061,0.0590836,0
0.147436,0.0343146,0.0599108,0
0.191911,0.0707811,0.0236834,0
0.149643,0.0525075,0.0122597,0
0.149214,0.0473027,0.0301774,0
0.187418,0.0562165,0.0463684,0
0.148613,0.0201783,0.0678893,0
0.148804,0.043518,0.0745439,0
0.169965,0.0597845,0.0901559,1
0.184376,0.0451907,0.10975,1
0.153972,0.0238832,0.0931347,1
0.176294,0.0115026,0.0836707,1
0.148388,0.0663574,0.0780706,1
0.194758,0.0581248,0.0975586,1
0.151342,0.0680483,0.0879354,1
0.14739,0.0402865,0.0844077,1
0.152749,0.0347855,0.100429,1
0.163533,0.0416127,0.136534,1
0.182836,0.0530597,0.0830373,1
0.148361,0.0621057,0.105481,1
0.202294,0.050071,0.108986,1
0.155913,0.0386305,0.0817929,1
0.190543,0.0222458,0.0777007,1
0.170831,0.0559345,0.129751,1
0.155942,0.0724638,0.0789343,1
0.161119,0.0297485,0.0926315,1
0.155215,0.0593518,0.122077,1
0.163482,0.0261763,0.111964,1
0.168819,0.0365674,0.0758739,1
0.160054,0.0259186,0.125075,1
0.163604,0.0439279,0.085004,1
0.160079,0.0175521,0.102829,1
0.183542,0.0416682,0.0755792,1
0.161628,0.0702105,0.0973607,1
0.150494,0.0716713,0.142169,1
0.151708,0.0276562,0.112827,1
0.200075,0.0709221,0.105312,1
0.147305,0.0262075,0.0921461,1
0.148878,0.0693531,0.125445,1
0.18921,0.0429947,0.0946293,1
0.155353,0.0428303,0.110412,1
0.151343,0.066993,0.103294,1
0.159699,0.0481772,0.131116,1
0.151739,0.0504601,0.108571,1
0.174224,0.0237338,0.0973076,1
0.149364,0.0193509,0.0803733,1
0.180344,0.0548051,0.127317,1
0.184018,0.0399465,0.128404,1
0.149302,0.0485196,0.101325,1
0.155814,0.0187704,0.0772295,1
0.149022,0.0325009,0.0774548,1
0.200523,0.0396436,0.0797034,1
0.178061,0.0551556,0.0980099,1
0.177239,0.0332535,0.0891635,1
0.147511,0.0579832,0.0790324,1
0.164816,0.066906,0.105374,1
0.151612,0.062902,0.12023,1
0.173208,0.0359208,0.115178,1
0.148331,0.0275504,0.092087,1
0.147879,0.0593678,0.137443,1
0.14753,0.0682514,0.0952471,1
0.149594,0.0338152,0.0752848,1
0.177359,0.0661606,0.10798,1
0.154548,0.0486275,0.0874751,1
0.15501,0.0314672,0.117283,1
0.206639,0.0734726,0.0890351,1
0.148209,0.0754775,0.112298,1
0.181599,0.0711983,0.126515,1
0.168088,0.0167293,0.0863517,1
0.152968,0.0388567,0.123549,1
0.154719,0.0605599,0.0985924,1
0.159448,0.0705667,0.148278,1
0.153243,0.0507554,0.132833,1
0.182428,0.0290686,0.0974342,1
0.157931,0.0564221,0.112094,1
0.16324,0.0650452,0.127129,1
0.165052,0.066447,0.0836182,1
0.170518,0.0504854,0.118239,1
0.163652,0.059506,0.138083,1
0.162357,0.0540029,0.116726,1
0.148564,0.0613841,0.0905785,1
0.147495,0.0708408,0.117845,1
0.159757,0.038912,0.120894,1
0.182835,0.0512489,0.11774,1
0.194771,0.056272,0.082757,1
0.174763,0.0270831,0.1198,1
0.147779,0.0483773,0.102223,1
0.147332,0.0477981,0.092838,1
0.204625,0.0614102,0.0822573,1
0.20126,0.0396225,0.105046,1
0.164586,0.0167954,0.115446,1
0.168297,0.0430157,0.128147,1
0.165841,0.0384691,0.0951337,1
0.197621,0.0703036,0.0819961,1
0.149281,0.0593612,0.127935,1
0.209346,0.071647,0.100135,1
0.148471,0.0607217,0.11622,1
0.147304,0.0334234,0.107137,1
0.147473,0.0645728,0.0886886,1
0.17574,0.0105535,0.101181,1
0.147309,0.0564459,0.087247,1
0.204857,0.0591273,0.0924705,1
0.156739,0.0193103,0.117387,1
0.147602,0.0445755,0.0827674,1
0.156219,0.0711575,0.0960523,1
0.148118,0.0363299,0.100966,1
0.19079,0.0712641,0.106797,1
0.151331,0.0659878,0.13081,1
0.147303,0.0566265,0.108471,1
0.156348,0.0608625,0.0790689,1
0.169579,0.0218889,0.10772,1
0.171676,0.0664859,0.137221,1
0.190631,0.049273,0.103176,1
0.173555,0.0200182,0.0750674,1
0.153909,0.0141453,0.109019,1
0.163808,0.00485553,0.0829541,1
0.159927,0.0361708,0.11072,1
0.161244,0.0440259,0.103846,1
0.15313,0.0233571,0.103851,1
0.175812,0.0321405,0.0756838,1
0.156254,0.0015791,0.0818798,1
0.147886,0.0534572,0.115746,1
0.147438,0.0221172,0.10335,1
0.194695,0.0423644,0.117373,1
0.185282,0.0621445,0.117564,1
0.180685,0.0432972,0.0982032,1
0.189172,0.032082,0.102041,1
0.170576,0.0490298,0.101086,1
0.213326,0.0541279,0.0815653,1
0.150161,0.0400052,0.112084,1
0.179958,0.073352,0.0971574,1
0.149182,0.0307116,0.117486,1
0.174155,0.140676,0.0589157,2
0.158893,0.0776564,0.0439502,2
0.195281,0.0893027,0.0541308,2
0.149105,0.131368,0.0711758,2
0.150963,0.1222,0.0735942,2
0.147837,0.125721,0.0696711,2
0.158349,0.108451,0.069713,2
0.174088,0.086764,0.0346232,2
0.184476,0.0908047,0.0484063,2
0.180232,0.130635,0.0625909,2
0.147413,0.109497,0.0705837,2
0.148678,0.0863919,0.0598505,2
0.175786,0.0920123,0.0693329,2
0.152859,0.115761,0.0491435,2
0.147313,0.0872429,0.0747638,2
0.172168,0.100824,0.0509725,2
0.15645,0.131149,0.0483004,2
0.163794,0.124346,0.0557486,2
0.157996,0.122694,0.0174786,2
0.147752,0.0854555,0.0423399,2
0.197269,0.0845689,0.0257395,2
0.15234,0.116838,0.0160971,2
0.149942,0.0890681,0.04677,2
0.191383,0.0889743,0.0737959,2
0.163727,0.0833032,0.008476,2
0.152011,0.0790438,0.0552428,2
0.14854,0.130926,0.0525523,2
0.200076,0.0849699,0.0711624,2
0.15202,0.111528,0.0339585,2
0.148492,0.127086,0.0419362,2
0.188517,0.116138,0.0432914,2
0.17382,0.127765,0.0577951,2
0.159041,0.0960168,0.0630651,2
0.17631,0.0855513,0.054868,2
0.147957,0.0885379,0.0663285,2
0.153575,0.0785626,0.0209462,2
0.15776,0.108104,0.0136023,2
0.153773,0.0767543,0.0660998,2
0.164599,0.135792,0.0419579,2
0.177351,0.100242,0.0207101,2
0.154467,0.0840945,0.00838766,2
0.148038,0.115667,0.0549199,2
0.172148,0.0796658,0.0225677,2
0.15381,0.123681,0.0303352,2
0.147482,0.0783679,0.075265,2
0.152279,0.0981623,0.0222546,2
0.148226,0.0867802,0.0170657,2
0.148596,0.0769908,0.0440983,2
0.165755,0.130175,0.0723512,2
0.152517,0.0855493,0.0284327,2
0.147309,0.12733,0.0613068,2
0.171579,0.141226,0.0694987,2
0.150748,0.107323,0.0503942,2
0.15061,0.125254,0.0608378,2
0.162307,0.0796801,0.0647536,2
0.203665,0.0763674,0.0352549,2
0.198283,0.120271,0.0601712,2
0.176063,0.109033,0.0707209,2
0.154797,0.11148,0.0214273,2
0.157284,0.0926296,0.016988,2
0.162487,0.116205,0.0335305,2
0.171986,0.0815855,0.0440358,2
0.15874,0.129045,0.0381243,2
0.149617,0.1239,0.0259588,2
0.14849,0.105164,0.0549811,2
0.148669,0.1134,0.0195579,2
0.148753,0.109346,0.038824,2
0.168366,0.0964037,0.0311,2
0.154142,0.136063,0.0386382,2
0.162548,0.0791023,0.0192052,2
0.168875,0.10591,0.0639454,2
0.189228,0.0806106,0.01592,2
0.151467,0.0915739,0.0562382,2
0.147459,0.0893852,0.0550562,2
0.14812,0.0940421,0.0345227,2
0.193641,0.0993296,0.0424803,2
0.155127,0.121874,0.0687047,2
0.1473,0.0951393,0.0648293,2
0.148087,0.101164,0.0660348,2
0.175778,0.118902,0.0343228,2
0.185972,0.0777309,0.0559753,2
0.20466,0.0925382,0.046917,2
0.170495,0.0984513,0.0710043,2
0.160569,0.125969,0.0681989,2
0.148913,0.0979485,0.0299863,2
0.148515,0.0971476,0.0471165,2
0.163113,0.0807988,0.0370363,2
0.166542,0.142558,0.058444,2
0.165707,0.101777,0.0486043,2
0.205772,0.0998323,0.0699297,2
0.166775,0.0899382,0.0154705,2
0.152611,0.138527,0.0746498,2
0.147321,0.107649,0.0293296,2
0.147322,0.0771558,0.0466674,2
0.179664,0.115666,0.0601563,2
0.194726,0.0987936,0.0299782,2
0.148921,0.140388,0.0660976,2
0.147359,0.110737,0.0601279,2
0.159495,0.0973964,0.00757423,2
0.181437,0.119344,0.0704577,2
0.185661,0.111092,0.0559728,2
0.147513,0.102192,0.0207075,2
0.167877,0.0858017,0.052565,2
0.147393,0.0793347,0.0328302,2
0.174192,0.118142,0.0513784,2
0.151491,0.107845,0.0742041,2
0.201591,0.0981971,0.0598439,2
0.149574,0.102069,0.0479148,2
0.161179,0.132455,0.0594299,2
0.168528,0.112608,0.0236641,2
0.154038,0.0991562,0.0586095,2
0.193826,0.107592,0.0686406,2
0.151077,0.138057,0.0526497,2
0.190794,0.0848435,0.0367879,2
0.156234,0.14665,0.0586404,2
0.1553,0.10092,0.0346979,2
0.165271,0.113993,0.0433935,2
0.174532,0.0869379,0.0155331,2
0.185497,0.111722,0.0335032,2
0.185552,0.10645,0.0423297,2
0.181605,0.135983,0.0476788,2
0.148243,0.1106,0.0438189,2
0.152921,0.115481,0.0592832,2
0.153629,0.0941448,0.075966,2
0.208668,0.0848006,0.0532325,2
0.155954,0.129541,0.0764532,2
0.189879,0.0980932,0.0930562,3
0.151434,0.0893725,0.121464,3
0.149538,0.116827,0.0854298,3
0.17382,0.109372,0.115991,3
0.177422,0.0837346,0.141732,3
0.172265,0.0772012,0.117453,3
0.208828,0.0855299,0.0812876,3
0.156708,0.109394,0.128483,3
0.148069,0.118633,0.0883789,3
0.167816,0.0798003,0.0805383,3
0.157916,0.139996,0.106235,3
0.150978,0.128576,0.120085,3
0.147379,0.0786661,0.0870786,3
0.154125,0.106594,0.093422,3
0.152781,0.0968926,0.130097,3
0.178036,0.0994138,0.0803457,3
0.148088,0.096966,0.132793,3
0.175312,0.0959857,0.137558,3
0.170715,0.0764591,0.0975605,3
0.148158,0.0965866,0.0886994,3
0.152511,0.141203,0.09909,3
0.149384,0.0993145,0.124904,3
0.15874,0.0866731,0.0990903,3
0.149848,0.143882,0.0818469,3
0.17227,0.0969933,0.107033,3
0.200368,0.0795653,0.114378,3
0.171175,0.128353,0.0876628,3
0.15677,0.0959841,0.124554,3
0.168995,0.142422,0.10111,3
0.202028,0.0881477,0.108935,3
0.147299,0.114592,0.0873263,3
0.168382,0.0953883,0.0990367,3
0.147345,0.0897286,0.12961,3
0.150848,0.101928,0.0781499,3
0.158627,0.087813,0.116288,3
0.169387,0.0971944,0.0811273,3
0.200011,0.101348,0.0788653,3
0.161564,0.0801221,0.123181,3
0.15638,0.111061,0.111315,3
0.159418,0.108162,0.0951454,3
0.147746,0.124613,0.0918427,3
0.187217,0.0878049,0.130453,3
0.17801,0.0996218,0.126555,3
0.159491,0.105268,0.11876,3
0.187005,0.119114,0.0901584,3
0.170816,0.145226,0.0849729,3
0.1473,0.103709,0.09656,3
0.147887,0.0922283,0.107528,3
0.159102,0.0927241,0.0883337,3
0.204707,0.100379,0.101114,3
0.164254,0.131063,0.119288,3
0.154808,0.118083,0.105095,3
0.153152,0.0786223,0.0937181,3
0.196132,0.121866,0.0935484,3
0.15224,0.0781619,0.111248,3
0.193952,0.107352,0.0909658,3
0.157301,0.0889471,0.142082,3
0.151377,0.120818,0.110198,3
0.169157,0.0913057,0.139566,3
0.161024,0.102459,0.0850577,3
0.157264,0.136458,0.0904364,3
0.168042,0.0780984,0.13872,3
0.166448,0.113218,0.0874798,3
0.155573,0.125133,0.115875,3
0.165322,0.118616,0.118317,3
0.159472,0.101472,0.14225,3
0.162312,0.0968433,0.103105,3
0.149233,0.114302,0.123729,3
0.184305,0.0783364,0.118759,3
0.152206,0.0866414,0.0998843,3
0.17807,0.140309,0.093052,3
0.147952,0.108343,0.0942828,3
0.165943,0.124969,0.0830012,3
0.148415,0.0921273,0.0807844,3
0.187284,0.0996343,0.0816337,3
0.147455,0.0861446,0.108542,3
0.15638,0.0770612,0.142646,3
0.187739,0.0769621,0.0845885,3
0.147516,0.112962,0.115147,3
0.166171,0.123166,0.103287,3
0.198302,0.077204,0.125704,3
0.150361,0.101245,0.113978,3
0.161949,0.1161,0.137559,3
0.189999,0.127207,0.0839627,3
0.16375,0.0921146,0.0829364,3
0.177576,0.126911,0.0825099,3
0.149887,0.0854717,0.109991,3
0.176342,0.126565,0.119979,3
0.156491,0.146059,0.0947409,3
0.178341,0.127381,0.100669,3
0.149573,0.107848,0.101073,3
0.148627,0.0818838,0.136395,3
0.183093,0.111522,0.122072,3
0.150256,0.134038,0.099118,3
0.154555,0.0855843,0.127308,3
0.176577,0.0849367,0.104483,3
0.150878,0.0967831,0.10073,3
0.148134,0.0882549,0.0964367,3
0.15668,0.122263,0.0914752,3
0.165986,0.0948168,0.125266,3
0.147459,0.079315,0.125785,3
0.147822,0.0975636,0.0965881,3
0.147311,0.124019,0.0783398,3
0.149022,0.127049,0.110816,3
0.166774,0.132822,0.105715,3
0.188286,0.112783,0.0986059,3
0.188989,0.0850454,0.0947234,3
0.179838,0.136253,0.0807153,3
0.151736,0.131344,0.0821043,3
0.152135,0.134376,0.109684,3
0.196195,0.0907945,0.099935,3
0.206997,0.0957152,0.0832368,3
0.156113,0.0995402,0.113275,3
0.200086,0.09993,0.113055,3
0.151574,0.0846926,0.136711,3
0.179502,0.107604,0.0887412,3
0.167277,0.123789,0.127607,3
0.194344,0.0773709,0.0997985,3
0.14766,0.0762903,0.104067,3
0.187594,0.103825,0.117997,3
0.185895,0.0905644,0.110352,3
0.163215,0.0877002,0.134475,3
0.147302,0.131263,0.0854761,3
0.197206,0.122994,0.0796325,3
