x coord,y coord,z coord,rank
0.101549,0.0561133,0.0039905,0
0.120489,0.0981317,0.0294083,0
0.146197,0.0853692,0.00582396,0
0.160908,0.107188,0.0972552,0
0.0455751,0.0594047,0.0211991,0
0.165069,0.126407,0.0111451,0
0.0652333,0.104559,0.0648344,0
0.10214,0.0140832,0.0619422,0
0.0414395,0.0503155,0.0807898,0
0.0757374,0.0418727,0.0582489,0
0.101294,0.011214,0.0052139,0
0.200504,0.0456385,0.070542,0
0.0874976,0.0809496,0.00898755,0
0.131259,0.0307561,0.0525672,0
0.166931,0.0187641,0.00757853,0
0.0598262,0.11085,0.113777,0
0.0247514,0.0948541,0.0342266,0
0.0224949,0.0280364,0.0691946,0
0.124913,0.110974,0.0588631,0
0.0493269,0.0529066,0.0855336,0
0.100015,0.0742193,0.0748194,0
0.124972,0.0344881,0.0868846,0
0.207837,0.0144912,0.0919292,0
0.0185886,0.00651119,0.0190751,0
0.159628,0.0383747,0.0873406,0
0.0465998,0.0589828,0.0473867,0
0.0545546,0.0783131,0.0887019,0
0.101986,0.058027,0.11825,0
0.100381,0.0580175,0.00879735,0
0.0404092,0.00278205,0.0410679,0
0.106091,0.0422148,0.0815077,0
0.0891538,0.0304137,0.0481393,0
0.13587,0.0571101,0.0148245,0
0.109755,0.0395219,0.0437684,0
0.111864,0.0653415,0.0338685,0
0.213605,0.0773604,0.0806566,0
0.0700901,0.0551286,0.0111521,0
0.0588886,0.0241646,0.000845623,0
0.00481019,0.0702045,0.0463061,0
0.219477,0.0150111,0.0853078,0
0.176989,0.0499218,0.0173003,0
0.134573,0.00227904,0.118935,0
0.168124,0.0886179,0.00181699,0
0.17323,0.0734732,0.0566629,0
0.0229971,0.012633,0.07907,0
0.0439631,0.0706833,0.0890937,0
0.173941,0.0437892,0.0792574,0
0.188593,0.0844124,0.111386,0
0.103005,0.0445173,0.0424039,0
0.169914,0.124111,0.0817778,0
0.185937,0.0993855,0.068903,0
0.179342,0.112451,0.105744,0
0.115242,0.0939756,0.0255308,0
0.177351,0.00565231,9.09028e-05,0
0.169073,0.132121,0.117056,0
0.158421,0.0167623,0.0336534,0
0.126378,0.00124024,0.0578262,0
0.177073,0.0933038,0.0441222,0
0.0950036,0.0592553,0.106058,0
0.138599,0.101459,0.0883728,0
0.0288824,0.114308,0.117036,0
0.0688461,0.000669811,0.03451,0
0.0799247,0.0918709,0.0184158,0
0.0594229,0.130735,0.118331,0
0.037392,0.084138,0.0106282,0
0.203899,0.0664364,0.00384565,0
0.130828,0.130279,0.116362,0
0.148166,0.125145,0.0537204,0
0.20691,0.0784601,0.0988656,0
0.106242,0.0202086,0.0688475,0
0.165653,0.125445,0.112262,0
0.0838053,0.114972,0.0582681,0
0.1535,0.113272,0.00272975,0
0.0665816,0.0029755,0.0332864,0
0.145621,0.0225833,0.0368413,0
0.203287,0.108711,0.106238,0
0.155313,0.126655,0.0105072,0
0.057231,0.0466319,0.0920521,0
0.204774,0.0956434,0.0315358,0
0.0193155,0.130647,0.0124307,0
0.189527,0.0263791,0.00130422,0
0.218196,0.0153972,0.0140266,0
0.0327795,0.0837442,0.105698,0
0.116649,0.119644,0.0939219,0
0.146424,0.0684721,0.049801,0
0.10271,0.0949519,0.114118,0
0.0746362,0.0984301,0.0724296,0
0.169193,0.104693,0.00732715,0
0.126833,0.112103,0.0147154,0
0.180162,0.0254929,0.0713453,0
0.179483,0.0610448,0.0749282,0
0.124102,0.111602,0.0952135,0
0.196065,0.0517871,0.0457173,0
0.160997,0.131178,0.0223063,0
0.136802,0.113504,0.020969,0
0.154054,0.0503785,0.0786726,0
0.150348,0.0459468,0.11786,0
0.167587,0.0455214,0.00946334,0
0.00860338,0.0158303,0.0682691,0
0.0605963,0.0816682,0.0878149,0
0.201137,0.0570286,0.0190742,0
0.0488965,0.0421779,0.116325,0
0.186691,0.0182347,0.083775,0
0.141142,0.0964742,0.0959307,0
0.104475,0.0119948,0.0292709,0
0.0401935,0.0466585,0.00418747,0
0.0447263,0.0127887,0.0676891,0
0.128506,0.0940399,0.103249,0
0.124176,0.11433,0.0565053,0
0.141717,0.00328045,0.099264,0
0.15444,0.057868,0.0911614,0
0.0206857,0.0188316,0.0120327,0
0.187921,0.125267,0.00943683,0
0.00201039,0.109757,0.0721824,0
0.0654657,0.0497195,0.0789809,0
0.0756933,0.0519426,0.00110051,0
0.0774685,0.121108,0.121451,0
0.0776051,0.0367371,0.11262,0
0.150253,0.0406965,0.0887597,0
0.140205,0.126003,0.01509,0
0.210661,0.130927,0.0370251,0
0.040373,0.0962865,0.119026,0
0.131729,0.0343809,0.0746688,0
0.1157,0.028278,0.0457977,0
0.135853,0.0203093,0.0142361,0
0.148759,0.0910335,0.115664,0
0.102715,0.0353343,0.117508,0
0.0618177,0.195904,0.129243,1
0.0528258,0.213763,0.218357,1
0.0248459,0.158548,0.213166,1
0.0526679,0.197069,0.1247,1
0.0873322,0.149169,0.152436,1
0.0526111,0.195725,0.204662,1
0.115171,0.163323,0.158869,1
0.0530739,0.197314,0.12231,1
0.00101533,0.16357,0.224932,1
0.0715483,0.212375,0.124764,1
0.0365985,0.163674,0.127723,1
0.184214,0.130576,0.123196,1
0.191505,0.141772,0.134262,1
0.0142563,0.159255,0.189903,1
0.0876354,0.142889,0.194529,1
0.0604483,0.190885,0.128099,1
0.11533,0.196819,0.135793,1
0.0962209,0.204655,0.191444,1
0.0552051,0.197567,0.126791,1
0.10457,0.168122,0.167778,1
0.0935299,0.213257,0.128379,1
0.0916623,0.163189,0.137987,1
0.129628,0.172655,0.222742,1
0.0525737,0.19655,0.124439,1
0.182236,0.184832,0.20271,1
0.0568208,0.195314,0.123854,1
0.0602879,0.198045,0.125377,1
0.00391591,0.157437,0.127958,1
0.0695973,0.168337,0.161037,1
0.0496924,0.204012,0.175246,1
0.21336,0.185577,0.137591,1
0.0379621,0.180178,0.134426,1
0.116395,0.145659,0.165677,1
0.174889,0.221627,0.154779,1
0.0562105,0.157479,0.219168,1
0.124802,0.16539,0.156888,1
0.152511,0.199571,0.179802,1
0.140604,0.20003,0.125185,1
0.0369902,0.155443,0.164654,1
0.126495,0.196104,0.220226,1
0.224059,0.157263,0.132387,1
0.168044,0.150873,0.214377,1
0.0545554,0.160226,0.150747,1
0.165245,0.185338,0.208161,1
0.0591082,0.196265,0.127016,1
0.126407,0.175233,0.133372,1
0.00628687,0.1755,0.161242,1
0.054932,0.192622,0.12292,1
0.0552238,0.196569,0.124218,1
0.0527433,0.196437,0.124492,1
0.175429,0.140076,0.187459,1
0.216904,0.185726,0.148072,1
0.188526,0.161932,0.202257,1
0.0364581,0.208318,0.126455,1
0.191418,0.161392,0.152179,1
0.105248,0.161991,0.188061,1
0.22321,0.224957,0.199291,1
0.113448,0.176797,0.132217,1
0.0592019,0.191944,0.124755,1
0.0262208,0.175975,0.143536,1
0.0228588,0.18247,0.130577,1
0.0568485,0.196557,0.126196,1
0.224806,0.129645,0.157602,1
0.0851433,0.207225,0.150656,1
0.108408,0.17347,0.128195,1
0.174956,0.202588,0.163674,1
0.0789456,0.179202,0.221901,1
0.0263602,0.169327,0.147727,1
0.175941,0.134298,0.13291,1
0.0459771,0.189825,0.199997,1
0.0556483,0.188652,0.127169,1
0.0589931,0.193518,0.125813,1
0.132273,0.189399,0.217861,1
0.200827,0.150525,0.154035,1
0.0479039,0.193404,0.123705,1
0.198176,0.210782,0.167128,1
0.0553849,0.196558,0.125826,1
0.19575,0.215105,0.189716,1
0.210808,0.1483,0.153559,1
0.1412,0.187491,0.202643,1
0.180369,0.168963,0.156436,1
0.00909516,0.146524,0.186153,1
0.0521103,0.171961,0.141723,1
0.0569401,0.193863,0.124619,1
0.204501,0.183808,0.163386,1
0.0450802,0.220019,0.199594,1
0.0539935,0.190774,0.125146,1
0.0205145,0.198522,0.126418,1
0.166793,0.141638,0.213757,1
0.0573541,0.197489,0.126082,1
0.062109,0.191949,0.12352,1
0.164982,0.152181,0.124118,1
0.0512022,0.197254,0.125512,1
0.105485,0.188776,0.167243,1
0.149104,0.180561,0.138948,1
0.122841,0.158389,0.148086,1
0.14739,0.151001,0.12802,1
0.16343,0.149416,0.221321,1
0.161691,0.212163,0.166483,1
0.181349,0.180579,0.14523,1
0.208506,0.182795,0.211708,1
0.0034721,0.14134,0.155234,1
0.171392,0.191268,0.15399,1
0.0817391,0.186766,0.127929,1
0.128061,0.171873,0.122781,1
0.0567778,0.196598,0.125574,1
0.0591718,0.194549,0.131685,1
0.071958,0.203115,0.177963,1
0.0583039,0.191471,0.125594,1
0.0548569,0.194016,0.127438,1
0.0509806,0.198458,0.123509,1
0.052749,0.193836,0.125633,1
0.0259372,0.209855,0.19788,1
0.0564919,0.192345,0.122822,1
0.119575,0.203373,0.134667,1
0.0871594,0.132876,0.14327,1
0.0807838,0.190576,0.186357,1
0.0512536,0.193197,0.127259,1
0.0144016,0.205727,0.221176,1
0.0851718,0.176509,0.131451,1
0.0894942,0.214186,0.20346,1
0.0649386,0.212732,0.174237,1
0.108544,0.130065,0.181521,1
0.165333,0.134116,0.196519,1
0.0361933,0.130703,0.161397,1
0.190026,0.172313,0.12241,1
0.0763116,0.135557,0.165467,1
0.183945,0.169769,0.0465248,2
0.122021,0.201254,0.00626127,2
0.117476,0.190646,0.0570308,2
0.0228719,0.188945,0.118553,2
0.0151731,0.221163,0.011154,2
0.129552,0.186729,0.110109,2
0.0355371,0.212192,0.0073339,2
0.0437425,0.224386,0.11837,2
0.0286308,0.17027,0.0729849,2
0.0337984,0.201571,0.0149582,2
0.074724,0.199373,0.00319498,2
0.194679,0.171244,0.0185733,2
0.17367,0.153539,0.0678615,2
0.159802,0.134209,0.0724719,2
0.0913179,0.167127,0.0694676,2
0.0667,0.202026,0.0699494,2
0.0369993,0.187147,0.0643674,2
0.0272634,0.216323,0.0132232,2
0.143953,0.175482,0.0667522,2
0.132448,0.158195,0.0258288,2
0.0242983,0.203619,0.0918857,2
0.142968,0.216647,0.000784048,2
0.15695,0.168729,0.0017893,2
0.167866,0.167194,0.0524486,2
0.0705801,0.143551,0.0301038,2
0.169227,0.206722,0.11637,2
0.138621,0.209983,0.0536962,2
0.14825,0.196382,0.121009,2
0.0415842,0.206943,0.0546917,2
0.17234,0.221548,0.0911928,2
0.2096,0.220514,0.0354462,2
0.034407,0.153909,0.00113086,2
0.106642,0.176911,0.02806,2
0.0815251,0.143749,0.0291474,2
0.189983,0.204931,0.001849,2
0.073879,0.138811,0.00665771,2
0.0275531,0.162929,0.110823,2
0.0237298,0.211806,0.109436,2
0.0920974,0.206549,0.00789663,2
0.042069,0.138887,0.042855,2
0.0689915,0.167422,0.102527,2
0.00599057,0.222041,0.0495846,2
0.113423,0.18227,0.093358,2
0.0545377,0.203457,0.0278585,2
0.0388554,0.159706,0.0133166,2
0.00460123,0.183181,0.0322237,2
0.219085,0.149765,0.0626798,2
0.036204,0.222168,0.111139,2
0.0434267,0.138543,0.0312672,2
0.0497952,0.22322,0.048979,2
0.0642581,0.211306,0.0639514,2
0.0849682,0.166538,0.0238089,2
0.00930768,0.180753,0.0602113,2
0.107391,0.207616,0.105036,2
0.0992886,0.200044,0.0187035,2
0.161152,0.151965,0.102551,2
0.0844396,0.207954,0.0238851,2
0.0509003,0.15641,0.0618044,2
0.220018,0.149684,0.102727,2
0.0827817,0.211468,0.0300252,2
0.0005405,0.138602,0.120969,2
0.0249862,0.203183,0.0815509,2
0.0976051,0.135456,0.120406,2
0.0413381,0.19956,0.11733,2
0.101985,0.172507,0.100839,2
0.20246,0.172324,0.0281894,2
0.214303,0.152123,0.0298572,2
0.146593,0.206673,0.0828325,2
0.157374,0.221232,0.121291,2
0.213719,0.165972,0.109381,2
0.129554,0.156711,0.0178413,2
0.139037,0.211683,0.0469697,2
0.0994427,0.168143,0.0469112,2
0.0223696,0.213295,0.0567735,2
0.0761489,0.179075,0.0197967,2
0.0143959,0.202552,0.00717351,2
0.206286,0.214281,0.0535592,2
0.0411623,0.185688,0.0976716,2
0.0586481,0.196312,0.120174,2
0.0557646,0.183618,0.0663275,2
0.210985,0.147583,0.0231873,2
0.168038,0.177119,0.0104403,2
0.139744,0.148191,0.0228124,2
0.147456,0.164571,0.0174039,2
0.0794393,0.16384,0.0905864,2
0.197974,0.190073,0.0737948,2
0.029216,0.155301,0.0931102,2
0.0174264,0.158547,0.0617769,2
0.193465,0.202541,0.0217054,2
0.0708653,0.197654,0.107912,2
0.149672,0.162695,0.0259981,2
0.0846012,0.166633,0.0331875,2
0.213548,0.214216,0.110025,2
0.211888,0.143877,0.0320655,2
0.18588,0.16156,0.0924719,2
0.0943333,0.182057,0.110039,2
0.120733,0.150636,0.0804246,2
0.0208454,0.163886,0.066572,2
0.0317012,0.1805,0.0714807,2
0.0129983,0.169345,0.0463074,2
0.162308,0.181136,0.0282005,2
0.173543,0.197677,0.0916749,2
0.165057,0.18945,0.0357017,2
0.0497009,0.154476,0.0118801,2
0.089847,0.20144,0.0247451,2
0.182724,0.167378,0.0390799,2
0.201033,0.162749,0.043795,2
0.210227,0.157454,0.118975,2
0.13069,0.211713,0.104935,2
0.174865,0.213225,0.0543715,2
0.109001,0.139168,0.0391466,2
0.155033,0.188582,0.0472203,2
0.103723,0.207201,0.0856139,2
0.203797,0.204796,0.0973982,2
0.189472,0.168977,0.068889,2
0.194838,0.15566,0.0941113,2
0.120322,0.143729,0.0660491,2
0.0533402,0.191724,0.120856,2
0.0586228,0.191649,0.121404,2
0.0556519,0.195276,0.120716,2
0.0527468,0.19392,0.121918,2
0.174117,0.134764,0.0082694,2
0.0509591,0.194525,0.121179,2
0.209154,0.137274,0.121251,2
0.0877301,0.0257132,0.135647,3
0.201396,0.0168676,0.142028,3
0.0241092,0.0704711,0.201118,3
0.00671075,0.110008,0.224218,3
0.0493741,0.0362161,0.211421,3
0.21049,0.0185161,0.194159,3
0.0152716,0.12443,0.181944,3
0.13761,0.0634571,0.170648,3
0.174867,0.0814362,0.216182,3
0.209378,0.106738,0.169451,3
0.194381,0.109142,0.125348,3
0.152463,0.0874726,0.216173,3
0.0182215,0.0405714,0.166044,3
0.152546,0.0998482,0.191519,3
0.219259,0.0867543,0.211884,3
0.15833,0.122301,0.123194,3
0.117044,0.0296255,0.218163,3
0.0502586,0.00144386,0.185975,3
0.224665,0.0121334,0.207286,3
0.107306,0.0949943,0.196742,3
0.0488975,0.0265821,0.212234,3
0.209841,0.110741,0.218546,3
0.200049,0.0149338,0.188639,3
0.14378,0.128835,0.167397,3
0.0907325,0.0651959,0.184654,3
0.190704,0.0702731,0.156897,3
0.144508,0.0881017,0.180928,3
0.0525432,0.0181121,0.179045,3
0.0825191,0.123173,0.136398,3
0.0169013,0.0381957,0.151842,3
0.102747,0.0207834,0.126214,3
0.164631,0.1025,0.188612,3
0.0811886,0.0607011,0.202511,3
0.01819,0.0831864,0.142493,3
0.0863008,0.0513748,0.197749,3
0.209979,0.0928382,0.127753,3
0.207414,0.0765067,0.217609,3
0.0107515,0.0519251,0.186952,3
0.142268,0.0601504,0.144838,3
0.0624027,0.0513074,0.134224,3
0.175857,0.0920105,0.185176,3
0.109366,0.122501,0.131734,3
0.120914,0.0809681,0.138529,3
0.0225661,0.122187,0.154735,3
0.00680964,0.125211,0.195365,3
0.117635,0.00447206,0.220396,3
0.16044,0.124187,0.15597,3
0.0965546,0.00542751,0.206412,3
0.0311587,0.0125028,0.214257,3
0.0869142,0.000499588,0.19004,3
0.091529,0.119579,0.153016,3
0.207295,0.00667133,0.218915,3
0.20599,0.00224582,0.158443,3
0.17388,0.00395048,0.22254,3
0.0942245,0.111182,0.204136,3
0.100793,0.0480783,0.145311,3
0.0179217,0.0170427,0.153163,3
0.218334,0.129123,0.156309,3
0.117356,0.0472348,0.215066,3
0.0490089,0.00606312,0.18113,3
0.142898,0.121348,0.18277,3
0.0450642,0.106908,0.13489,3
0.185301,0.0465737,0.167187,3
0.113516,0.0187102,0.135755,3
0.0982324,0.0871358,0.206975,3
0.165067,0.0156552,0.190549,3
0.0995027,0.0612482,0.124549,3
0.063094,0.0318846,0.135618,3
0.096951,0.103318,0.164192,3
0.184476,0.0944068,0.200648,3
0.0256821,0.0662484,0.159151,3
0.089769,0.111179,0.152964,3
0.219027,0.0705604,0.177094,3
0.0838824,0.0481682,0.184859,3
0.212477,0.0526445,0.20655,3
0.00534029,0.122368,0.160332,3
0.0103563,0.0277842,0.214259,3
0.0698594,0.0490892,0.203104,3
0.179641,0.114946,0.208987,3
0.194691,0.0871377,0.163947,3
0.100155,0.0179056,0.159992,3
0.121458,0.0234081,0.191439,3
0.0179659,0.104875,0.149751,3
0.0775489,0.0817727,0.176458,3
0.17165,0.0564538,0.175942,3
0.0084687,0.082659,0.134204,3
0.0667566,0.0159834,0.177884,3
0.167115,0.0316339,0.132561,3
0.224444,0.115828,0.141441,3
0.106609,0.0999309,0.153909,3
0.199334,0.0459889,0.201035,3
0.0720949,0.00951802,0.193583,3
0.175723,0.00129082,0.184233,3
0.202873,0.0514902,0.175652,3
0.130602,0.0909486,0.172542,3
0.198876,0.00865315,0.215363,3
0.0492651,0.121234,0.195396,3
0.211664,0.0136543,0.141495,3
0.215626,0.0625944,0.222131,3
0.134291,0.0360827,0.154592,3
0.0840146,0.037569,0.211495,3
0.0506145,0.0706566,0.182041,3
0.164251,0.095799,0.128328,3
0.00879749,0.00235533,0.187618,3
0.00413877,0.101725,0.222475,3
0.0859411,0.0541191,0.193638,3
0.043761,0.0973628,0.123472,3
0.115933,0.098018,0.19307,3
0.206578,0.0250047,0.183844,3
0.0782246,0.0625623,0.216632,3
0.0631704,0.0787354,0.124026,3
0.0963764,0.0358351,0.222679,3
0.0680501,0.0743496,0.14994,3
0.0270469,0.0635462,0.175569,3
0.0281159,0.066987,0.147772,3
0.0968552,0.100401,0.213193,3
0.013038,0.0853937,0.15325,3
0.0977268,0.123025,0.135296,3
0.0613959,0.0319111,0.132659,3
0.0909768,0.0115043,0.213873,3
0.215882,0.0406434,0.128843,3
0.00849752,0.128988,0.167119,3
