x coord,y coord,z coord,rank
0.0114718,0.192509,0.0358958,0
0.123185,0.184291,0.214573,0
0.105979,0.219895,0.222595,0
0.0499377,0.122315,0.11156,0
0.0593283,0.13232,0.0281749,0
0.108314,0.220479,0.0919582,0
0.0945311,0.175443,0.124961,0
0.0748531,0.152609,0.0453708,0
0.109386,0.219722,0.145292,0
0.114887,0.21691,0.0382874,0
0.097975,0.145268,0.169285,0
0.104481,0.180284,0.108883,0
0.105785,0.184443,0.0221652,0
0.116254,0.169767,0.0464193,0
0.115038,0.204769,0.174508,0
0.101945,0.176473,0.060791,0
0.046155,0.212231,0.0881059,0
0.112387,0.150832,0.0784541,0
0.0860019,0.156557,0.0729965,0
0.0472292,0.185067,0.0800644,0
0.0298607,0.217617,0.0506977,0
0.0432037,0.20591,0.0734241,0
0.087212,0.202967,0.0273068,0
0.0365508,0.124225,0.21688,0
0.013653,0.209688,0.0936133,0
0.117324,0.182054,0.154006,0
0.0111356,0.189334,0.188726,0
0.0839719,0.204795,0.0702484,0
0.00789351,0.158367,0.211798,0
0.0189155,0.160683,0.204247,0
0.0555492,0.124753,0.221639,0
0.0534197,0.207389,0.210193,0
0.0146186,0.195198,0.140213,0
0.0164079,0.138812,0.0461711,0
0.0393505,0.203578,0.0221124,0
0.0193908,0.176304,0.149959,0
0.0241297,0.144853,0.209039,0
0.0602528,0.177003,0.161035,0
0.0628712,0.133811,0.215809,0
0.00864104,0.14459,0.0286221,0
0.102408,0.122151,0.0145493,0
0.0467357,0.216644,0.208029,0
0.0105847,0.189172,0.185623,0
0.0756587,0.202014,0.142146,0
0.0296017,0.141652,0.0881809,0
0.0418056,0.208714,0.186241,0
0.0496869,0.135506,0.0449401,0
0.0732479,0.211172,0.0950741,0
0.0523186,0.222771,0.0290012,0
0.0565241,0.143266,0.0186203,0
0.0138275,0.172176,0.142766,0
0.0358162,0.212512,0.0623929,0
0.102964,0.213801,0.189632,0
0.0422935,0.184232,0.0669175,0
0.0656231,0.147499,0.166418,0
0.0998929,0.137233,0.214992,0
0.080673,0.213144,0.0338947,0
0.0294719,0.208011,0.018862,0
0.0576251,0.138206,0.188786,0
0.0895548,0.216458,0.00683605,0
0.0262408,0.201903,0.103186,0
0.00509602,0.195916,0.0738596,0
0.0991371,0.164236,0.161417,0
0.0599712,0.192473,0.167447,0
0.00232381,0.19232,0.11606,0
0.0344458,0.156521,0.139649,0
0.00644792,0.195245,0.0708764,0
0.0857784,0.13231,0.110444,0
0.0161196,0.132641,0.126711,0
0.00259053,0.22169,0.178349,0
0.091901,0.218513,0.0672454,0
0.07971,0.145491,0.213674,0
0.115376,0.137868,0.165271,0
0.0445342,0.144587,0.206922,0
0.00886562,0.196353,0.0685939,0
0.0182028,0.1937,0.147761,0
0.0728862,0.146245,0.207376,0
0.0490747,0.140084,0.161174,0
0.0479572,0.132549,0.0875215,0
0.0393636,0.201142,0.118386,0
0.0228487,0.155144,0.193184,0
0.0584921,0.137466,0.181804,0
0.0879414,0.187735,0.117542,0
0.0539693,0.186904,0.0747453,0
0.0362695,0.158576,0.0744365,0
0.0789911,0.188513,0.103247,0
0.0175172,0.154319,0.0488184,0
0.00562012,0.208001,0.0106354,0
0.0515759,0.214922,0.190392,0
0.015468,0.152442,0.102346,0
0.000978096,0.147444,0.0475142,0
0.0117907,0.169168,0.220269,0
0.0269763,0.189466,0.109722,0
0.0295834,0.141444,0.00994101,0
0.0367464,0.193494,0.0224515,0
0.0663357,0.219577,0.182972,0
0.110081,0.196789,0.0163494,0
0.0023022,0.213927,0.165765,0
0.0158824,0.156168,0.0370796,0
0.0154774,0.220971,0.16025,0
0.0146505,0.158643,0.0458925,0
0.0865077,0.210454,0.0258513,0
0.104793,0.197127,0.21718,0
0.0195787,0.145751,0.224321,0
0.0504364,0.14344,0.0856108,0
0.0795313,0.209761,0.13541,0
0.0129661,0.160579,0.187395,0
0.0508489,0.14313,0.0695976,0
0.0972226,0.139549,0.169096,0
0.012839,0.207586,0.164593,0
0.0408255,0.21339,0.0569396,0
0.0488231,0.142854,0.216557,0
0.0996727,0.140548,0.208801,0
0.0536253,0.152593,0.0999475,0
0.0417424,0.21946,0.090635,0
0.0812852,0.139105,0.214525,0
0.0873944,0.162353,0.10693,0
0.103541,0.145998,0.0339196,0
0.0782502,0.220896,0.0927587,0
0.0712563,0.106636,0.0984036,1
0.122334,0.0795357,0.0230601,1
0.12029,0.00167777,0.0875494,1
0.0557952,0.03079,0.042162,1
0.0979185,0.120019,0.0836534,1
0.114979,0.0978109,0.0480533,1
0.043906,0.0731312,0.0686195,1
0.113413,0.0870892,0.0325142,1
0.104114,0.114038,0.0611005,1
0.0236184,0.0812586,0.0469753,1
0.0650686,0.0156522,0.0760701,1
0.106137,0.0804838,0.165262,1
0.107762,0.075413,0.0103345,1
0.0296252,0.0342374,0.144076,1
0.0551519,0.0747274,0.1737,1
0.0969686,0.023645,0.145763,1
0.062562,0.113666,0.206334,1
0.0859225,0.114821,0.0553276,1
0.098305,0.0761788,0.00230447,1
0.0671443,0.0612021,0.145749,1
0.0262981,0.047635,0.10621,1
0.095573,0.104343,0.180692,1
0.0965379,0.118687,0.163503,1
0.0700061,0.0737512,0.0596367,1
0.0781517,0.0637322,0.21778,1
0.091603,0.00124967,0.111411,1
0.0509388,0.117693,0.0641196,1
0.0393174,0.114897,0.147914,1
0.0576852,0.00724207,0.203011,1
0.0444016,0.116409,0.0749565,1
0.0462705,0.0071245,0.103654,1
0.081779,0.106408,0.06659,1
0.0188489,0.0857868,0.0906094,1
0.0303889,0.0882922,0.0582876,1
0.0288393,0.0630603,0.204254,1
0.0626502,0.0485582,0.0239629,1
0.018178,0.088798,0.00395984,1
0.0960919,0.105698,0.0395379,1
0.0693001,0.00258531,0.161966,1
0.0567789,0.0836646,0.0204513,1
0.0240143,0.106967,0.0886315,1
0.111417,0.113065,0.132753,1
0.0394717,0.0214987,0.152579,1
0.0692496,0.0247868,0.080287,1
0.0102779,0.0680929,0.1821,1
0.0917891,0.0900468,0.0441917,1
0.00853737,0.110008,0.00845888,1
0.0127622,0.023686,0.0187843,1
0.110458,0.0799846,0.170166,1
0.104966,0.0386312,0.0165486,1
0.041944,0.0752079,0.0867567,1
0.0233514,0.0602534,0.148054,1
0.0475432,0.0408102,0.156157,1
0.0663413,0.0914593,0.0311497,1
0.0150019,0.0506017,0.0221355,1
0.0229838,0.11377,0.214171,1
0.0888793,0.0327967,0.133978,1
0.018901,0.0117152,0.172763,1
0.0115067,0.116282,0.166447,1
0.122351,0.0951482,0.0987418,1
0.0280743,0.0576128,0.00542129,1
0.0776869,0.0076013,0.0511521,1
0.106282,0.0740019,0.164816,1
0.0267745,0.0383196,0.165144,1
0.00184423,0.0587268,0.11457,1
0.110887,0.0954188,0.0859583,1
0.06617,0.0708297,0.190013,1
0.0486934,0.0795132,0.0919846,1
0.103129,0.029446,0.199599,1
0.0727006,0.0341523,0.224312,1
0.0788235,0.0848122,0.146993,1
0.0907211,0.0330915,0.179815,1
0.013878,0.108588,0.0401392,1
0.0142385,0.102997,0.0998591,1
0.0990393,0.0316302,0.0517362,1
0.0770238,0.0603605,0.0956143,1
0.0957887,0.0285689,0.168277,1
0.0643926,0.0724669,0.202574,1
0.0338523,0.0705046,0.148171,1
0.0244972,0.01266,0.101049,1
0.0324388,0.105788,0.175034,1
0.0711456,0.0819856,0.153887,1
0.0353557,0.0949467,0.00416166,1
0.029799,0.00446399,0.204849,1
0.0588178,0.0792941,0.0310606,1
0.0917544,0.104509,0.00680779,1
0.0347279,0.0402924,0.218352,1
0.0147492,0.0190864,0.178301,1
0.0473779,0.0700943,0.122205,1
0.0891972,0.104961,0.0997925,1
0.0979206,0.0697978,0.113867,1
0.0154666,0.00521038,0.101892,1
0.120435,0.0017681,0.178417,1
0.0862454,0.0897887,0.0788795,1
0.0546767,0.0112564,0.213432,1
0.121812,0.0171525,0.152478,1
0.0233413,0.0903853,0.091018,1
0.108973,0.0891954,0.177594,1
0.0395591,0.0156762,0.0574002,1
0.0997345,0.0134295,0.194191,1
0.107072,0.0861572,0.08894,1
0.0428644,0.0231046,0.203533,1
0.00470443,0.0785209,0.0299267,1
0.0261832,0.0296224,0.109501,1
0.0752498,0.10131,0.0613314,1
0.0322216,0.0505131,0.215156,1
0.00838476,0.0681495,0.184801,1
0.0801647,0.0852118,0.122095,1
0.0513532,0.119532,0.100149,1
0.0414704,0.0305892,0.143279,1
0.0569966,0.0837982,0.205896,1
0.108828,0.00529859,0.0877167,1
0.110215,0.0425107,0.127446,1
0.0955899,0.0818787,0.148311,1
0.112232,0.109309,0.075446,1
0.061716,0.0883305,0.0159426,1
0.0608838,0.0869758,0.0154357,1
0.020163,0.0615256,0.0392874,1
0.104555,0.0570001,0.0846306,1
0.104143,0.0635174,0.0755494,1
0.0786157,0.0355247,0.0514808,1
0.00121468,0.0842599,0.0258803,1
0.119392,0.0885679,0.132702,1
0.00561289,0.11935,0.156426,1
0.121947,0.114673,0.21288,1
0.118208,0.051409,0.119644,1
0.013411,0.116537,0.177389,1
0.159743,0.112341,0.133191,2
0.14288,0.115254,0.0699958,2
0.136836,0.15673,0.117518,2
0.123971,0.149577,0.0953066,2
0.154818,0.153212,0.117885,2
0.150472,0.118634,0.130101,2
0.217899,0.140255,0.150852,2
0.137065,0.134911,0.0734303,2
0.153062,0.112712,0.130421,2
0.202361,0.131082,0.218899,2
0.21719,0.125392,0.0424802,2
0.207865,0.199509,0.150505,2
0.183444,0.17891,0.201153,2
0.191515,0.183699,0.208005,2
0.152999,0.118382,0.134198,2
0.153846,0.111796,0.134717,2
0.155195,0.11183,0.132297,2
0.136283,0.2037,0.0852172,2
0.204894,0.181396,0.128534,2
0.156207,0.223078,0.221932,2
0.163104,0.13306,0.213151,2
0.151718,0.127992,0.0835177,2
0.215116,0.170178,0.208338,2
0.14743,0.118933,0.128284,2
0.210383,0.158428,0.0436451,2
0.150439,0.118166,0.1274,2
0.191385,0.150251,0.0741313,2
0.19092,0.195804,0.174388,2
0.212999,0.193696,0.181855,2
0.217868,0.164021,0.149019,2
0.194848,0.146851,0.0502139,2
0.150685,0.111364,0.129775,2
0.199283,0.216684,0.0686513,2
0.152439,0.115735,0.129044,2
0.149252,0.112052,0.130381,2
0.18239,0.170227,0.146679,2
0.152144,0.113231,0.12916,2
0.186869,0.219951,0.152779,2
0.198882,0.201649,0.121797,2
0.197668,0.216168,0.0368921,2
0.146583,0.140141,0.209346,2
0.150838,0.116575,0.132526,2
0.151468,0.116888,0.130339,2
0.173801,0.191527,0.0101222,2
0.142911,0.170117,0.0551052,2
0.214229,0.18368,0.0482861,2
0.197186,0.220324,0.0161449,2
0.214825,0.129138,0.212479,2
0.174132,0.169908,0.212176,2
0.13111,0.214556,0.219746,2
0.200538,0.122509,0.111277,2
0.19696,0.124365,0.211187,2
0.223575,0.166373,0.124349,2
0.137516,0.192989,0.179655,2
0.150068,0.117473,0.130846,2
0.148244,0.114382,0.130573,2
0.180441,0.120646,0.104684,2
0.20578,0.181925,0.103729,2
0.204117,0.21558,0.0358351,2
0.149042,0.117368,0.131219,2
0.140088,0.199849,0.113306,2
0.152016,0.137591,0.0819592,2
0.218998,0.142944,0.13674,2
0.165101,0.156089,0.0114445,2
0.209895,0.182253,0.185538,2
0.151299,0.11479,0.124715,2
0.187565,0.187648,0.210693,2
0.218072,0.186205,0.0412832,2
0.15189,0.114182,0.123774,2
0.152422,0.111566,0.135814,2
0.139682,0.148881,0.169989,2
0.148786,0.111926,0.133171,2
0.221794,0.173863,0.145838,2
0.151451,0.113922,0.129918,2
0.177901,0.142397,0.0259401,2
0.151705,0.113516,0.128734,2
0.213491,0.210212,0.0688691,2
0.141447,0.129071,0.120633,2
0.151533,0.117499,0.131227,2
0.172489,0.165928,0.0832168,2
0.145654,0.116854,0.133043,2
0.176295,0.178985,0.114309,2
0.14996,0.114011,0.103922,2
0.145516,0.115068,0.128405,2
0.155557,0.112484,0.214372,2
0.171099,0.150681,0.0411946,2
0.156172,0.115596,0.140986,2
0.209344,0.124228,0.201391,2
0.207748,0.127771,0.182626,2
0.190119,0.218878,0.156494,2
0.152227,0.113365,0.128275,2
0.132416,0.220179,0.094225,2
0.149951,0.112245,0.132972,2
0.224712,0.148389,0.0133483,2
0.223988,0.144231,0.165288,2
0.182026,0.160648,0.106783,2
0.153124,0.118527,0.128569,2
0.202258,0.148485,0.0125972,2
0.223246,0.158987,0.0455545,2
0.154138,0.180782,0.0864633,2
0.134422,0.147409,0.0327729,2
0.139302,0.187043,0.0052959,2
0.192783,0.153619,0.0109189,2
0.213846,0.216823,0.00622381,2
0.150108,0.156124,0.0983142,2
0.131735,0.171134,0.0669831,2
0.154066,0.115822,0.127378,2
0.177927,0.15825,0.00512423,2
0.185643,0.119847,0.0304123,2
0.210371,0.215134,0.0480787,2
0.150364,0.115904,0.218282,2
0.19156,0.179335,0.0990892,2
0.154576,0.112469,0.129041,2
0.156278,0.113748,0.128132,2
0.153815,0.115313,0.134495,2
0.132611,0.196135,0.18587,2
0.149525,0.115763,0.130118,2
0.146746,0.126557,0.135459,2
0.134687,0.169812,0.201237,2
0.134976,0.209487,0.161929,2
0.138443,0.160811,0.203186,2
0.156834,0.112078,0.125497,2
0.151551,0.112454,0.128856,2
0.151161,0.0750512,0.0300131,3
0.154425,0.0696778,0.115641,3
0.161264,0.087333,0.0904051,3
0.148077,0.105862,0.131893,3
0.146727,0.0766205,0.0797457,3
0.196701,0.00889098,0.052477,3
0.222539,0.0721741,0.00805029,3
0.148818,0.0370858,0.0436569,3
0.187641,0.0717759,0.119791,3
0.196885,0.0936554,0.00123909,3
0.210616,0.0830744,0.173748,3
0.179481,0.0575759,0.0542803,3
0.161005,0.0910219,0.178319,3
0.164492,0.0453814,0.088656,3
0.189743,0.01401,0.18403,3
0.150913,0.108001,0.121496,3
0.184844,0.0879447,0.0236465,3
0.150694,0.110439,0.131372,3
0.16201,0.0992648,0.0560756,3
0.168622,0.0187571,0.132861,3
0.171599,0.0338601,0.0331916,3
0.150408,0.109978,0.133989,3
0.175239,0.0113068,0.00233955,3
0.218727,0.0600753,0.169178,3
0.146916,0.110991,0.128782,3
0.176769,0.0100942,0.129738,3
0.153357,0.0667102,0.189029,3
0.148059,0.105899,0.12997,3
0.186528,0.104494,0.0328907,3
0.168571,0.0717447,0.00484439,3
0.151224,0.0055241,0.0987137,3
0.192997,0.0490509,0.119598,3
0.134643,0.0583938,0.214925,3
0.148107,0.107094,0.129711,3
0.127215,0.0549193,0.00156557,3
0.154722,0.0371142,0.188216,3
0.137183,0.0265058,0.0444247,3
0.217567,0.0586799,0.049603,3
0.214325,0.0412151,0.0355047,3
0.161233,0.0993238,0.052796,3
0.165956,0.0428131,0.127957,3
0.220941,0.0140818,0.0885499,3
0.133412,0.00201084,0.00460188,3
0.156327,0.109977,0.127361,3
0.216623,0.0947804,0.0481216,3
0.144803,0.048728,0.123446,3
0.163139,0.105295,0.038411,3
0.155826,0.0606052,0.0908813,3
0.222978,0.0605055,0.116663,3
0.163017,0.0309352,0.186085,3
0.186415,0.016131,0.0528658,3
0.160362,0.0422883,0.127486,3
0.151113,0.108737,0.127611,3
0.14748,0.0758096,0.207403,3
0.196945,0.076547,0.224502,3
0.159402,0.0747431,0.205498,3
0.170528,0.0182231,0.194196,3
0.219255,0.0278938,0.124547,3
0.193925,0.00239359,0.0891313,3
0.15927,0.0821181,0.0552185,3
0.203351,0.0492328,0.0730741,3
0.133679,0.0885153,0.154227,3
0.207655,0.110343,0.124842,3
0.183758,0.0949201,0.210162,3
0.20179,0.0364993,0.0478063,3
0.201998,0.00669491,0.0742449,3
0.18981,0.0380982,0.206622,3
0.217584,0.0168401,0.13231,3
0.125374,0.00556524,0.0832029,3
0.211557,0.0759228,0.190307,3
0.166709,0.0945966,0.179191,3
0.197486,0.0148144,0.128218,3
0.128587,0.076765,0.0627851,3
0.222534,0.00204303,0.203169,3
0.214521,0.105309,0.13058,3
0.150714,0.0318553,0.198052,3
0.135302,0.0333445,0.0359983,3
0.1575,0.0934805,0.0018871,3
0.220074,0.0483886,0.191835,3
0.202171,0.07588,0.119167,3
0.221666,0.0617513,0.0340195,3
0.139362,0.0109093,0.219842,3
0.156429,0.00898255,0.0107696,3
0.151295,0.110476,0.133246,3
0.207162,0.0351425,0.159082,3
0.146511,0.110356,0.128508,3
0.199438,0.0280909,0.191002,3
0.180572,0.0891217,0.0258844,3
0.148241,0.109425,0.13215,3
0.14309,0.0676428,0.176371,3
0.161448,0.0414764,0.145854,3
0.180351,0.0708676,0.0672607,3
0.147335,0.109386,0.128461,3
0.194257,0.0711207,0.0581063,3
0.209833,0.10363,0.105614,3
0.187423,0.0808094,0.20606,3
0.131489,0.091183,0.15054,3
0.125546,0.0584454,0.0450255,3
0.144242,0.106733,0.0710636,3
0.2163,0.00308631,0.0343645,3
0.212338,0.00576137,0.0442608,3
0.124891,0.0179499,0.19578,3
0.197055,0.0655265,0.102968,3
0.195924,0.0620384,0.0857398,3
0.213837,0.0903635,0.0981294,3
0.153789,0.108052,0.125196,3
0.138023,0.0514643,0.211937,3
0.165351,0.0985174,0.0943927,3
0.191694,0.00214692,0.0773955,3
0.128752,0.0589812,0.166516,3
0.152816,0.0472681,0.118929,3
0.170162,0.0506672,0.0955456,3
0.123939,0.096645,0.165186,3
0.146754,0.109737,0.128818,3
0.124256,0.0396657,0.0101072,3
0.152516,0.105356,0.131065,3
0.146394,0.0879087,0.122531,3
0.128197,0.0440142,0.0113385,3
0.155298,0.11078,0.124627,3
0.130276,0.0898528,0.150999,3
0.153532,0.0976627,0.0858406,3
0.126737,0.0989383,0.1281,3
0.151335,0.108492,0.132822,3
0.14722,0.1094,0.128065,3
0.148395,0.106251,0.12349,3
0.199165,0.10703,0.206324,3
0.151631,0.108385,0.134958,3
0.150761,0.109964,0.131837,3
0.153526,0.10945,0.130805,3
0.123697,0.0478605,0.0469763,3
0.150821,0.111028,0.129867,3
