x coord,y coord,z coord,rank
0.146284,0.173444,0.100805,0
0.182615,0.123694,0.119041,0
0.0115899,0.154776,0.115476,0
0.0836521,0.125034,0.0826855,0
0.122667,0.159707,0.068927,0
0.146207,0.189029,0.0727618,0
0.185603,0.119459,0.118947,0
0.162032,0.190198,0.00041781,0
0.00336347,0.21512,0.0747077,0
0.0277836,0.162971,0.0626364,0
0.164542,0.13363,0.0827317,0
0.206114,0.158186,0.0244334,0
0.206279,0.143041,0.0808529,0
0.0284762,0.196777,0.0150079,0
0.110844,0.156925,0.0510711,0
0.0278237,0.216791,0.0980914,0
0.0189139,0.142802,0.042529,0
0.187819,0.207186,0.0736614,0
0.160939,0.154046,0.0359951,0
0.183863,0.154837,0.0959633,0
0.06047,0.1928,0.0491341,0
0.179948,0.121539,0.118832,0
0.183317,0.120894,0.119743,0
0.201939,0.133719,0.0476718,0
0.155788,0.122497,0.0644656,0
0.0254703,0.223239,0.0185302,0
0.221978,0.13795,0.105603,0
0.0865339,0.173107,0.0963008,0
0.218093,0.211044,0.051056,0
0.0962198,0.197377,0.0725283,0
0.156063,0.131395,0.111381,0
0.125905,0.184842,0.112254,0
0.189066,0.144503,0.0356457,0
0.0108811,0.162742,0.115615,0
0.201566,0.123422,0.0987241,0
0.0368883,0.120051,0.000812846,0
0.221334,0.22383,0.0895327,0
0.0775362,0.174647,0.100769,0
0.198724,0.222086,0.0730627,0
0.0607813,0.211909,0.0844254,0
0.0593357,0.163335,0.0557708,0
0.046849,0.124516,0.0057809,0
0.191412,0.209746,0.0667091,0
0.174974,0.213549,0.0606978,0
0.127592,0.157142,0.0990234,0
0.20783,0.194321,0.0778447,0
0.114122,0.18649,0.10631,0
0.222389,0.16668,0.012846,0
0.147865,0.18334,0.0726722,0
0.045171,0.194131,0.106092,0
0.217202,0.213021,0.0561446,0
0.223047,0.132916,0.0913577,0
0.0421192,0.130121,0.043671,0
0.0817553,0.189591,0.08709,0
0.0819998,0.164532,0.0442293,0
0.153218,0.180364,0.0585923,0
0.158305,0.137355,0.00220048,0
0.115297,0.160772,0.100822,0
0.0260451,0.171156,0.0989565,0
0.0419662,0.186549,0.111406,0
0.201177,0.144244,0.0267214,0
0.00578375,0.193108,0.039759,0
0.0831315,0.141061,0.0899213,0
0.177407,0.216303,0.0515514,0
0.105386,0.223219,0.103828,0
0.110651,0.18488,0.0839137,0
0.151796,0.118338,0.0394055,0
0.16297,0.1775,0.0528989,0
0.125767,0.179183,0.1107,0
0.162809,0.152316,0.0532821,0
0.103462,0.135073,0.093642,0
0.19905,0.152585,0.0340726,0
0.192056,0.215112,0.115769,0
0.0438372,0.222389,0.0679993,0
0.219842,0.175411,0.0247391,0
0.194095,0.149482,0.109388,0
0.151596,0.178239,0.0976272,0
0.0051939,0.215368,0.0855379,0
0.0800134,0.168761,0.0998624,0
0.109403,0.127021,0.00608448,0
0.16901,0.13723,0.120914,0
0.0516134,0.210545,0.037062,0
0.102321,0.204058,0.0992264,0
0.216503,0.202847,0.109677,0
0.0705724,0.210237,0.00736549,0
0.055071,0.15642,0.107677,0
0.072194,0.189807,0.0216138,0
0.218907,0.17309,0.025003,0
0.0515862,0.134769,0.109873,0
0.205072,0.138588,0.0758405,0
0.136888,0.149339,0.0888773,0
0.12229,0.182214,0.08068,0
0.149032,0.186524,0.00806743,0
0.220218,0.203134,0.0777005,0
0.145883,0.214486,0.0734195,0
0.0761997,0.131575,0.0608474,0
0.11935,0.125604,0.110797,0
0.0417444,0.210681,0.112749,0
0.0890103,0.155226,0.113198,0
0.0865173,0.198279,0.0280886,0
0.198811,0.132809,0.071259,0
0.141113,0.202719,0.00829289,0
0.0149792,0.165687,0.0599492,0
0.152926,0.144525,0.0358159,0
0.214138,0.17915,0.0328959,0
0.107126,0.222924,0.119888,0
0.0265614,0.135914,0.0323289,0
0.185369,0.145885,0.089677,0
0.173598,0.188448,0.090871,0
0.208735,0.135059,0.0888006,0
0.15795,0.155272,0.0644807,0
0.109936,0.153744,0.0750539,0
0.168332,0.132461,0.0611834,0
0.127968,0.16931,0.0163891,0
0.011303,0.212597,0.0854478,0
0.0894121,0.167085,0.0333765,0
0.147277,0.204385,0.100334,0
0.123595,0.19555,0.0700211,0
0.220201,0.149351,0.064075,0
0.149777,0.218944,0.10129,0
0.149683,0.158941,0.086588,0
0.181755,0.122543,0.119492,0
0.180382,0.117825,0.11926,0
0.218144,0.0245596,0.193944,1
0.136739,0.101519,0.194574,1
0.144241,0.0468799,0.147826,1
0.110346,0.103514,0.15041,1
0.13844,0.0187805,0.203841,1
0.103679,0.0740829,0.179543,1
0.032115,0.0512578,0.139535,1
0.0783879,0.0617116,0.162717,1
0.00135976,0.100887,0.151987,1
0.186906,0.116536,0.123457,1
0.117382,0.0389654,0.200844,1
0.217809,0.015969,0.144843,1
0.18245,0.114262,0.12834,1
0.0884625,0.0845674,0.189423,1
0.0156481,0.0912481,0.177053,1
0.0589516,0.0190323,0.126217,1
0.111457,0.0871334,0.168055,1
0.0091531,0.0375108,0.132516,1
0.18594,0.0453865,0.189079,1
0.162315,0.0789471,0.189573,1
0.116734,0.00801799,0.173688,1
0.16089,0.100294,0.12432,1
0.21263,0.0698115,0.129032,1
0.195793,0.112876,0.176742,1
0.128257,0.0920818,0.151393,1
0.0874288,0.0735659,0.125455,1
0.0718602,0.0911221,0.167366,1
0.176347,0.100064,0.161176,1
0.100476,0.0580625,0.165367,1
0.0431092,0.0788018,0.159449,1
0.0616299,0.0937826,0.204212,1
0.203362,0.00287631,0.190111,1
0.156181,0.053696,0.145132,1
0.182767,0.115906,0.12473,1
0.113462,0.0441089,0.127974,1
0.0945355,0.0621441,0.19804,1
0.152593,0.0230834,0.183231,1
0.0611302,0.0110534,0.202349,1
0.175692,0.0704934,0.157709,1
0.155622,0.0496239,0.144949,1
0.212453,0.0386802,0.163911,1
0.125549,0.11721,0.172589,1
0.0293367,0.107271,0.214055,1
0.210203,0.0572744,0.135955,1
0.199943,0.0498776,0.214236,1
0.0491648,0.103527,0.204156,1
0.165263,0.0873236,0.175277,1
0.0813943,0.0525844,0.146791,1
0.184735,0.117176,0.124888,1
0.223112,0.0292537,0.191026,1
0.198918,0.10059,0.176766,1
0.0787346,0.0263569,0.195596,1
0.120626,0.113469,0.183539,1
0.141503,0.00441342,0.151601,1
0.0335046,0.0945044,0.127554,1
0.166288,0.0378156,0.149503,1
0.106103,0.0157786,0.136179,1
0.0755272,0.0503142,0.124409,1
0.0926199,0.115215,0.154623,1
0.0899558,0.0377677,0.128946,1
0.177479,0.114026,0.172472,1
0.0349248,0.0705981,0.207488,1
0.0490512,0.112602,0.185859,1
0.135394,0.0814381,0.124351,1
0.14718,0.0655266,0.12285,1
0.180752,0.117625,0.127504,1
0.130239,0.0747972,0.151225,1
0.113565,0.0485543,0.176377,1
0.150769,0.0458177,0.171274,1
0.04411,0.0469131,0.219755,1
0.205434,0.0395752,0.194241,1
0.114298,0.013559,0.192711,1
0.116754,0.0701158,0.173056,1
0.0186586,0.046234,0.138079,1
0.114774,0.0608392,0.159047,1
0.0202379,0.0605238,0.141534,1
0.0244786,0.0410027,0.206205,1
0.13387,0.0139599,0.159271,1
0.166112,0.0758596,0.176301,1
0.143865,0.112508,0.159549,1
0.0536589,0.0847754,0.13377,1
0.181789,0.0354607,0.151163,1
0.132092,0.0300133,0.154785,1
0.129439,0.00765225,0.175569,1
0.11486,0.0384636,0.123606,1
0.00762221,0.0636645,0.147808,1
0.180488,0.116452,0.171229,1
0.00463602,0.103979,0.147417,1
0.188782,0.0760462,0.17003,1
0.166906,0.110415,0.172463,1
0.0256886,0.0954219,0.180233,1
0.183091,0.00746509,0.147052,1
0.0657718,0.00405393,0.186429,1
0.0635605,0.0916384,0.191531,1
0.0274548,0.0184415,0.186645,1
0.210603,0.0571974,0.20791,1
0.0717031,0.0320937,0.133852,1
0.00871143,0.0882073,0.218951,1
0.010375,0.0749628,0.125223,1
0.183204,0.116864,0.124847,1
0.100227,0.0133894,0.21981,1
0.135529,0.0863429,0.190503,1
0.0700165,0.0542986,0.165675,1
0.124627,0.0860982,0.206506,1
0.149322,0.0666217,0.198554,1
0.0492846,0.0422289,0.13911,1
0.0992716,0.090346,0.1755,1
0.204331,0.111562,0.177097,1
0.179542,0.116071,0.123197,1
0.14006,0.0773161,0.138015,1
0.118874,0.0938021,0.132893,1
0.196217,0.0297184,0.17755,1
0.188333,0.0463228,0.20525,1
0.115728,0.0082077,0.128588,1
0.166904,0.11592,0.205591,1
0.183582,0.086369,0.218176,1
0.187887,0.117085,0.126267,1
0.0935762,0.114495,0.183183,1
0.00867699,0.103917,0.219298,1
0.0837407,0.0583373,0.153234,1
0.182413,0.117685,0.124955,1
0.181535,0.117571,0.123336,1
0.0236426,0.124463,0.224653,2
0.185006,0.122411,0.128402,2
0.181388,0.121208,0.122628,2
0.168443,0.135325,0.126846,2
0.185052,0.118305,0.123489,2
0.0464301,0.13442,0.197613,2
0.197151,0.129109,0.172357,2
0.0904443,0.125008,0.191231,2
0.0953162,0.200588,0.158307,2
0.0876422,0.13028,0.216073,2
0.0567418,0.125428,0.171153,2
0.198394,0.118288,0.133982,2
0.187637,0.12113,0.125008,2
0.0800117,0.216046,0.183482,2
0.0115287,0.205644,0.191974,2
0.182585,0.119971,0.123996,2
0.21811,0.127253,0.187376,2
0.0324509,0.188645,0.151131,2
0.128383,0.124924,0.196832,2
0.065138,0.171962,0.144989,2
0.182758,0.11867,0.126895,2
0.163262,0.191586,0.201228,2
0.102886,0.219268,0.162083,2
0.223761,0.138511,0.137607,2
0.0519002,0.171208,0.16294,2
0.0337377,0.18927,0.12306,2
0.089373,0.131434,0.180083,2
0.0728344,0.21371,0.14286,2
0.187515,0.119678,0.129493,2
0.0510995,0.224468,0.121586,2
0.185277,0.12252,0.126758,2
0.190237,0.129443,0.160378,2
0.19412,0.160197,0.160859,2
0.0464375,0.204342,0.204045,2
0.124451,0.208008,0.182041,2
0.0473692,0.136113,0.221691,2
0.179456,0.120125,0.122215,2
0.162812,0.135692,0.179784,2
0.121506,0.2169,0.140734,2
0.104354,0.151792,0.221656,2
0.15562,0.160844,0.176797,2
0.18495,0.12151,0.123015,2
0.142268,0.139708,0.169029,2
0.128405,0.221149,0.218631,2
0.0738483,0.118338,0.175672,2
0.108316,0.216184,0.16445,2
0.161887,0.222431,0.16874,2
0.186541,0.198387,0.152938,2
0.175987,0.14087,0.142942,2
0.0629825,0.171422,0.149814,2
0.191717,0.128336,0.142867,2
0.129077,0.189521,0.206476,2
0.0606644,0.180773,0.19072,2
0.221873,0.156135,0.202438,2
0.164614,0.147095,0.209975,2
0.173523,0.180896,0.134657,2
0.0886356,0.20767,0.139072,2
0.178948,0.122553,0.122137,2
0.129484,0.14395,0.177783,2
0.120736,0.199328,0.224116,2
0.222533,0.127976,0.204471,2
0.0565764,0.122704,0.133767,2
0.091461,0.127112,0.126681,2
0.0609527,0.199786,0.131594,2
0.199532,0.209944,0.150427,2
0.21332,0.167547,0.202166,2
0.10276,0.206008,0.133619,2
0.163241,0.160493,0.138596,2
0.173741,0.206318,0.1847,2
0.0184911,0.205839,0.136569,2
0.106684,0.158003,0.162608,2
0.202462,0.202813,0.19514,2
0.186254,0.118291,0.124427,2
0.207785,0.201929,0.220047,2
0.113649,0.185188,0.200385,2
0.113098,0.152264,0.174873,2
0.0669855,0.202645,0.121945,2
0.153284,0.164002,0.200539,2
0.114138,0.147804,0.185558,2
0.0429328,0.221824,0.122475,2
0.181915,0.122344,0.12349,2
0.128505,0.208868,0.177662,2
0.0874877,0.162582,0.192947,2
0.146653,0.156328,0.201575,2
0.125931,0.138441,0.18435,2
0.216027,0.224344,0.156685,2
0.0905896,0.191835,0.163112,2
0.18298,0.136572,0.205249,2
0.223966,0.122767,0.213211,2
0.209376,0.210196,0.19537,2
0.161165,0.144446,0.151403,2
0.0473627,0.146112,0.206412,2
0.0962514,0.187473,0.196106,2
0.0175182,0.215287,0.212363,2
0.169115,0.177319,0.220447,2
0.140626,0.189792,0.205599,2
0.108791,0.195913,0.182801,2
0.0576927,0.186215,0.165161,2
0.116372,0.193936,0.139272,2
0.167253,0.176775,0.224573,2
0.0370536,0.180654,0.144054,2
0.118375,0.155319,0.124388,2
0.20791,0.189172,0.157281,2
0.178471,0.121979,0.126492,2
0.185724,0.125193,0.123693,2
0.203171,0.162097,0.173709,2
0.201341,0.167085,0.188789,2
0.0695989,0.184653,0.211393,2
0.21432,0.127787,0.146374,2
0.0228886,0.166198,0.179591,2
0.0981872,0.18408,0.166243,2
0.185367,0.120317,0.127206,2
0.00654197,0.159816,0.211821,2
0.0649796,0.17371,0.21724,2
0.0750259,0.181812,0.139839,2
0.129607,0.211374,0.179781,2
0.198758,0.128623,0.154872,2
0.029848,0.152333,0.201601,2
0.172348,0.129739,0.123919,2
0.170217,0.142937,0.195526,2
0.134907,0.202992,0.212509,2
0.186064,0.122131,0.123292,2
0.182696,0.12478,0.125193,2
0.114864,0.121375,0.127189,2
0.0801436,0.162877,0.122342,2
0.185576,0.119267,0.132349,2
0.120746,0.178238,0.123688,2
0.182808,0.120696,0.126968,2
0.186356,0.120686,0.124902,2
0.186955,0.118956,0.128762,2
0.205897,0.118229,0.18738,2
0.184662,0.118335,0.121587,2
0.0674927,0.108279,0.0155813,3
0.151148,0.0284104,0.0146602,3
0.0487471,0.0883339,0.0924245,3
0.0992039,0.0514664,0.0591248,3
0.0197462,0.114465,0.0476605,3
0.118092,0.0996378,0.00257758,3
0.043566,0.0261599,0.0255841,3
0.0761228,0.0965319,0.0918511,3
0.113649,0.0893511,0.0593683,3
0.0262234,0.106686,0.0387912,3
0.0899546,0.0406938,0.0736636,3
0.0530487,0.0981211,0.0356215,3
0.197448,0.0803721,0.0932108,3
0.113735,0.0177538,0.0801676,3
0.0680018,0.0517574,0.0888496,3
0.00134107,0.0869727,0.0827818,3
0.16665,0.0269698,0.0363204,3
0.0683908,0.106846,0.00441021,3
0.00952803,0.0190866,0.0328281,3
0.0704743,0.0587609,0.0613793,3
0.166911,0.0607109,0.101052,3
0.164145,0.0988694,0.0313018,3
0.172126,0.0313806,0.0512669,3
0.217726,0.0913949,0.0120154,3
0.158534,0.0598977,0.0866946,3
0.156679,0.0849382,0.067917,3
0.220017,0.0546289,0.0121051,3
0.0428259,0.0394319,0.00888005,3
0.163514,0.0693384,0.0129395,3
0.0192111,0.034583,0.106156,3
0.0151622,0.116973,0.0222613,3
0.0428223,0.0261261,0.00801771,3
0.144482,0.00873346,0.0502751,3
0.161197,0.00566256,0.0761879,3
0.0673351,0.0114572,0.101455,3
0.071612,0.00523294,0.0430462,3
0.195571,0.0132017,0.0486201,3
0.160899,0.0307927,0.119771,3
0.034517,0.0816832,0.0649005,3
0.217708,0.0741976,0.0602783,3
0.0488587,0.0944304,0.120647,3
0.175468,0.0177118,0.110912,3
0.147374,0.0671063,0.100639,3
0.066161,0.0918315,0.102347,3
0.0479507,0.0312073,0.0894598,3
0.0676037,0.0281071,0.0244738,3
0.0913801,0.0504902,0.0439689,3
0.0269864,0.073752,0.0272656,3
0.0363443,0.0452232,0.0268599,3
0.118503,0.0138195,0.105938,3
0.11466,0.101188,0.0593113,3
0.179906,0.0702685,0.0275333,3
0.0844042,0.0816773,0.106573,3
0.193831,0.0557342,0.101428,3
0.0813655,0.0125892,0.0192297,3
0.201113,0.115625,0.11945,3
0.14993,0.112321,0.0432042,3
0.133345,0.0179989,0.033322,3
0.187069,0.0367079,0.0426802,3
0.102209,0.0509971,0.0972504,3
0.0885125,0.0808668,0.0447106,3
0.195609,0.0192146,0.000850154,3
0.0272834,0.102968,0.0352502,3
0.12255,0.00556693,0.0324923,3
0.206183,0.037037,0.056078,3
0.00408951,0.0814476,0.0520536,3
0.0693937,0.0949544,0.007262,3
0.216039,0.00830785,0.01113,3
0.149004,0.0968404,0.111262,3
0.0879003,0.055942,0.117982,3
0.167664,0.0835636,0.0767584,3
0.0879712,0.0952379,0.0485847,3
0.0699891,0.00975278,0.117917,3
0.180596,0.0555775,0.091771,3
0.176829,0.0163524,0.00253366,3
0.181523,0.116102,0.119466,3
0.20357,0.0819126,0.0537677,3
0.109794,0.0828486,0.0864231,3
0.117058,0.0765077,0.111756,3
0.13881,0.0343211,0.0163725,3
0.182596,0.112927,0.119728,3
0.118512,0.0537199,0.0166883,3
0.154251,0.0676723,0.027646,3
0.163369,0.0364019,0.0245581,3
0.0318559,0.0367427,0.0275273,3
0.189251,0.0908719,0.0556597,3
0.0931647,0.109801,0.0588805,3
0.193257,0.0853118,0.0727794,3
0.004734,0.0977547,0.02447,3
0.060773,0.0746153,0.0211328,3
0.0204652,0.110234,0.0156218,3
0.153299,0.00355495,0.0149424,3
0.101673,0.0629534,0.0285045,3
0.149509,0.102553,0.118869,3
0.207624,0.0014735,0.000699948,3
0.0880506,0.0335756,0.0853166,3
0.199142,0.0552091,0.114118,3
0.118928,0.0893442,0.0828531,3
0.170606,0.0428453,0.0879982,3
0.153863,0.0350876,0.0201051,3
0.182812,0.0178731,0.0460203,3
0.183005,0.11296,0.119713,3
0.213973,0.0472277,0.0618893,3
0.151182,0.00882165,0.0774783,3
0.0732928,0.00466988,0.0835787,3
0.195869,0.0117028,0.0667684,3
0.194395,0.0736755,0.063871,3
0.173068,0.0198637,0.0261424,3
0.171555,0.0124375,0.0151802,3
0.194173,0.0320136,0.103401,3
0.149376,0.0904092,0.00961812,3
0.170512,0.0831748,0.0601059,3
0.0282091,0.10158,0.107601,3
0.0288194,0.0777473,0.110097,3
0.076222,0.107981,0.0192005,3
0.215833,0.0768845,0.10301,3
0.22016,0.114768,0.101713,3
0.138723,0.0089701,0.0823377,3
0.148227,0.0273666,0.0639231,3
0.144509,0.084155,0.076698,3
0.188254,0.0594278,0.0831081,3
0.182653,0.115961,0.120889,3
0.0586573,0.0945825,0.111301,3
