x coord,y coord,z coord,rank
0.127758,0.0293525,0.100601,0
0.0862007,0.0696395,0.0481604,0
0.070509,0.0364821,0.00654862,0
0.125906,0.0850918,0.0226227,0
0.124938,0.0279926,0.10127,0
0.032098,0.0322739,0.144138,0
0.126512,0.0322824,0.103424,0
0.0523918,0.00309855,0.0461466,0
0.0424915,0.0289011,0.120137,0
0.0797041,0.042996,0.0182024,0
0.126599,0.0265816,0.100319,0
0.0561429,0.0338325,0.02588,0
0.0633792,0.0141213,0.0577621,0
0.0550425,0.0244252,0.0481015,0
0.0721458,0.0429348,0.215179,0
0.105746,0.0511668,0.143627,0
0.118616,0.0925254,0.0379038,0
0.126094,0.0859934,0.0183226,0
0.0775045,0.105617,0.16322,0
0.100903,0.0381043,0.195972,0
0.0143363,0.0320521,0.183849,0
0.0193803,0.0101959,0.22399,0
0.0172812,0.0496836,0.0177128,0
0.0980202,0.0337195,0.0505704,0
0.0116273,0.0885991,0.00265275,0
0.0568685,0.0588712,0.161602,0
0.0180121,0.107697,0.0690849,0
0.00369214,0.0880973,0.163149,0
0.0769938,0.0942719,0.156014,0
0.0960352,0.0294866,0.174204,0
0.0949723,0.0818431,0.211668,0
0.099103,0.016075,0.1621,0
0.125127,0.0327124,0.100737,0
0.0466602,0.0524248,0.120699,0
0.125949,0.0287593,0.0998727,0
0.046354,0.00115838,0.0538041,0
0.125276,0.0253376,0.103328,0
0.124533,0.0873783,0.0187513,0
0.0026263,0.030427,0.0586726,0
0.067261,0.00705655,0.095054,0
0.106441,0.0306354,0.137053,0
0.0625459,0.00537806,0.0906623,0
0.0195439,0.0688699,0.167711,0
0.0368971,0.0269989,0.185759,0
0.0292966,0.0173315,0.181308,0
0.127847,0.031148,0.100141,0
0.00867802,0.059556,0.0617288,0
0.0949592,0.0665002,0.159733,0
0.0507731,0.0296942,0.156198,0
0.0878146,0.0875156,0.160804,0
0.0557146,0.0576066,0.166759,0
0.0645095,0.0876434,0.0492134,0
0.0794946,0.0260063,0.140508,0
0.126322,0.0280827,0.105115,0
0.0425906,0.036328,0.0488877,0
0.0399887,0.0966852,0.21612,0
0.061046,0.0603197,0.0232896,0
0.0324514,0.0700289,0.164159,0
0.052678,3.0572e-05,0.125152,0
0.0786647,0.00126618,0.0867634,0
0.0141183,0.00414684,0.0575167,0
0.0955647,0.09968,0.0614392,0
0.0571533,0.0754045,0.0426544,0
0.0604917,0.00167229,0.0805089,0
0.125385,0.0311621,0.0979944,0
0.125769,0.0282308,0.108649,0
0.000199233,0.0334957,0.121979,0
0.113157,0.103433,0.142428,0
0.126707,0.0902706,0.0100028,0
0.0704784,0.0625258,0.0329477,0
0.0543042,0.0827363,0.0649637,0
0.073951,0.0767752,0.206691,0
0.0979538,0.00451373,0.0580029,0
0.0279914,0.00346558,0.169172,0
0.117515,0.0952924,0.0866821,0
0.121693,0.0154887,0.12849,0
0.0613932,0.014735,0.0861168,0
0.00467332,0.000954691,0.132465,0
0.0694179,0.099924,0.0299498,0
0.103565,0.0309825,0.0341285,0
0.0826012,0.0728264,0.192561,0
0.0560306,0.0860391,0.100214,0
0.0634838,0.0725376,0.187028,0
0.0369621,0.0992717,0.156635,0
0.107517,0.00638927,0.0672109,0
0.0261795,0.00192731,0.146789,0
0.0356211,0.0518399,0.0767082,0
0.0338784,0.0889305,0.0626078,0
0.0549295,0.0144829,0.207678,0
0.0651187,0.0670754,0.193148,0
0.0300075,0.0338745,0.0955079,0
0.124876,0.0331669,0.160523,0
0.0389076,0.0125842,0.116269,0
0.0674311,0.0481607,0.125401,0
0.00411208,0.0261154,0.0310921,0
0.106437,0.000766268,0.0166951,0
0.11596,0.0523651,0.202747,0
0.0749692,0.0880526,0.0283611,0
0.107135,0.033441,0.21769,0
0.0360685,0.0649139,0.120273,0
0.0641427,0.0177381,0.169578,0
0.0411603,0.0703725,0.0293089,0
0.1057,0.002416,0.0928208,0
0.125072,0.027219,0.10105,0
0.0531693,0.099216,0.173476,0
0.0207599,0.0534342,0.159753,0
0.124359,0.0340069,0.0920134,0
0.12177,0.0307752,0.105942,0
0.085244,0.0608022,0.161562,0
0.0963643,0.011214,0.0743182,0
0.00624237,0.0357343,0.207017,0
0.119908,0.0979669,0.0203918,0
0.0272421,0.054564,0.100598,0
0.12484,0.0989307,0.189491,0
0.101413,0.108078,0.169469,0
0.0155323,0.0105497,0.21611,0
0.125276,0.0232194,0.101748,0
0.117659,0.0669457,0.0336256,0
0.119145,0.104604,0.0909167,0
0.123586,0.0253415,0.104877,0
0.11245,0.0802428,0.211859,0
0.127645,0.0286945,0.104365,0
0.125218,0.0182662,0.0303334,0
0.126628,0.0316222,0.103549,0
0.0729284,0.177977,0.184934,1
0.115567,0.156648,0.204059,1
0.109936,0.211395,0.133016,1
0.119037,0.152502,0.048945,1
0.0350724,0.222907,0.0262862,1
0.0433401,0.125304,0.19223,1
0.00690517,0.186922,0.00509995,1
0.0533566,0.214011,0.0267299,1
0.0906182,0.20213,0.174277,1
0.0281389,0.171186,0.141346,1
0.059021,0.121515,0.0365186,1
0.050284,0.131032,0.0824658,1
0.0633051,0.146092,0.196309,1
0.0126833,0.19679,0.133881,1
0.076159,0.212457,0.0756924,1
0.0128668,0.183907,0.0583443,1
0.0604231,0.123341,0.196711,1
0.0897902,0.161967,0.192319,1
0.0628297,0.170763,0.124897,1
0.0267633,0.117562,0.161039,1
0.0999912,0.174275,0.126324,1
0.0761412,0.154444,0.157806,1
0.00780148,0.180592,0.0559304,1
0.105502,0.130943,0.0240464,1
0.104618,0.182395,0.18471,1
0.122261,0.161557,0.120845,1
0.0316469,0.17302,0.129065,1
0.0978229,0.154463,0.10305,1
0.0923455,0.150353,0.0100311,1
0.028472,0.146927,0.165239,1
0.0962816,0.175398,0.0740931,1
0.122715,0.186336,0.176357,1
0.102092,0.111344,0.15278,1
0.0223817,0.216588,0.222226,1
0.0753435,0.2042,0.191827,1
0.0243161,0.127743,0.0649491,1
0.08901,0.173243,0.0713727,1
0.0271247,0.173158,0.0283482,1
0.0844948,0.124966,0.0356941,1
0.0348285,0.205423,0.0787013,1
0.119306,0.132564,0.168517,1
0.104757,0.139066,0.0748129,1
0.0203984,0.111667,0.126621,1
0.00803582,0.165439,0.186792,1
0.0208993,0.161122,0.0672805,1
0.0367455,0.111429,0.0281594,1
0.06219,0.175752,0.0437981,1
0.0407383,0.169403,0.0746262,1
0.115542,0.137263,0.0427451,1
0.0776085,0.216864,0.195627,1
0.0179145,0.146153,0.0634835,1
0.032329,0.151854,0.193655,1
0.0800814,0.117537,0.181208,1
0.0479754,0.187632,0.105233,1
0.0280089,0.191218,0.117489,1
0.02743,0.155359,0.212121,1
0.094588,0.12877,0.20462,1
0.0218366,0.180657,0.1185,1
0.0906076,0.112691,0.0334845,1
0.0683724,0.184917,0.151788,1
0.0930908,0.22371,0.180608,1
0.0463775,0.113662,0.0547024,1
0.0976379,0.164228,0.120878,1
0.100437,0.183122,0.0253746,1
0.0806079,0.177694,0.103267,1
0.00210169,0.123028,0.164796,1
0.0821958,0.161194,0.0641347,1
0.00724752,0.120356,0.0363908,1
0.0664843,0.194418,0.146291,1
0.0918656,0.189039,0.0284027,1
0.0108948,0.177346,0.178033,1
0.0399429,0.204292,0.130126,1
0.0521827,0.190612,0.0698803,1
0.0831654,0.164281,0.122699,1
0.0345113,0.137147,0.224567,1
0.0245813,0.126812,0.0610569,1
0.00669891,0.201684,0.0783642,1
0.00994727,0.215376,0.0417656,1
0.077088,0.211516,0.120285,1
0.00992267,0.150828,0.113031,1
0.0777681,0.172739,0.217098,1
0.0540381,0.161597,0.178628,1
0.0632927,0.153272,0.181396,1
0.0791751,0.186703,0.0999157,1
0.0285001,0.129593,0.0817328,1
0.0801367,0.207692,0.172632,1
0.045857,0.20505,0.145556,1
0.0826197,0.208009,0.0575853,1
0.0872656,0.125689,0.0221377,1
0.0602938,0.187903,0.178991,1
0.0475512,0.152663,0.145822,1
0.0100354,0.164784,0.199587,1
0.0109501,0.170005,0.0377299,1
0.0401987,0.208707,0.12261,1
0.122894,0.17892,0.0841219,1
0.0170173,0.211592,0.0467399,1
0.0133948,0.160223,0.174769,1
0.0755385,0.216702,0.0830928,1
0.00853336,0.157846,0.17643,1
0.0758961,0.201691,0.023495,1
0.069497,0.220717,0.0772562,1
0.083495,0.166498,0.0350604,1
0.0453086,0.155456,0.102042,1
0.0877457,0.175934,0.149198,1
0.00218386,0.218346,0.0645835,1
0.12183,0.146626,0.113732,1
0.0583259,0.185268,0.0429522,1
0.0748119,0.17534,0.121146,1
0.113976,0.173038,0.0763499,1
0.0477847,0.217116,0.174645,1
0.0591102,0.154384,0.118699,1
0.102571,0.207514,0.19851,1
0.0328894,0.182735,0.22367,1
0.00923508,0.14379,0.15115,1
0.0188526,0.202738,0.11524,1
0.00198432,0.123345,0.0711831,1
0.019108,0.209237,0.0794551,1
0.00236818,0.14692,0.171671,1
0.0860675,0.21926,0.14349,1
0.0982061,0.131375,0.140791,1
0.0356298,0.179646,0.165952,1
0.0342974,0.183694,0.0454964,1
0.0464269,0.142486,0.0792935,1
0.123767,0.19055,0.172246,1
0.124498,0.142879,0.0318841,1
0.130644,0.0290432,0.101475,2
0.130229,0.0631765,0.0439163,2
0.129833,0.0627931,0.132573,2
0.196882,0.0802578,0.0919186,2
0.128824,0.024724,0.106552,2
0.128942,0.021145,0.101737,2
0.131379,0.0254439,0.101204,2
0.12949,0.0276418,0.10726,2
0.18835,0.0321421,0.120958,2
0.130757,0.0784377,0.0202578,2
0.129596,0.0228851,0.102279,2
0.205378,0.0592651,0.0997066,2
0.154696,0.0332239,0.0363957,2
0.16017,0.0793174,0.0310328,2
0.134283,0.0748378,0.0227042,2
0.136693,0.0669475,0.0626318,2
0.181747,0.00959068,0.16682,2
0.188199,0.0504703,0.0990349,2
0.173907,0.0626414,0.026845,2
0.193938,0.0749807,0.186221,2
0.161219,0.065823,0.0201665,2
0.166704,0.00302385,0.0213936,2
0.133661,0.0447538,0.152351,2
0.137455,0.0624162,0.0859817,2
0.180183,0.0281775,0.0783536,2
0.147888,0.0982956,0.101168,2
0.131288,0.0250833,0.0987412,2
0.135545,0.024059,0.0780305,2
0.13351,0.097831,0.0195732,2
0.208342,0.0380477,0.0862577,2
0.170083,0.062743,0.0947672,2
0.145199,0.00580585,0.103783,2
0.203996,0.0921042,0.0583703,2
0.182239,0.0257023,0.142401,2
0.138037,0.0808236,0.183731,2
0.132467,0.0291678,0.101046,2
0.202051,0.0188728,0.06098,2
0.192234,0.0747719,0.201721,2
0.133365,0.0262866,0.0959801,2
0.132337,0.0477021,0.221412,2
0.195129,0.0728927,0.0874921,2
0.188719,0.108186,0.158844,2
0.186215,0.0174488,0.148672,2
0.206075,0.0262813,0.0908825,2
0.139338,0.0397997,0.0254987,2
0.192665,0.0556317,0.172308,2
0.183715,0.0712401,0.082435,2
0.132347,0.0251334,0.0978828,2
0.18482,0.0254053,0.172444,2
0.161962,0.0264063,0.0855071,2
0.202416,0.0208221,0.166895,2
0.129108,0.0270911,0.102189,2
0.147242,0.0699618,0.198858,2
0.130368,0.0301821,0.104135,2
0.142021,0.00515885,0.0238084,2
0.207907,0.0266911,0.00156454,2
0.14291,0.0843378,0.00176994,2
0.167372,0.00108391,0.0198132,2
0.204902,0.0267095,0.047773,2
0.199205,0.0187469,0.090642,2
0.131182,0.0279936,0.102458,2
0.151261,0.0272479,0.11066,2
0.148189,0.104467,0.0708655,2
0.207616,0.0102219,0.13799,2
0.133798,0.0290037,0.0983671,2
0.150214,0.00585337,0.144833,2
0.152489,0.0990129,0.140568,2
0.205026,0.0224396,0.137407,2
0.213837,0.0511103,0.200448,2
0.161788,0.0179532,0.167687,2
0.130215,0.0296339,0.105715,2
0.134836,0.0612249,0.150777,2
0.133963,0.0265679,0.10453,2
0.191782,0.0251411,0.107409,2
0.21211,0.103049,0.0690132,2
0.153604,0.00584978,0.153082,2
0.196505,0.027955,0.140358,2
0.200292,0.0225456,0.156803,2
0.136587,0.0114801,0.116938,2
0.136984,0.0532936,0.197973,2
0.185152,0.105453,0.0321963,2
0.130881,0.026363,0.100562,2
0.155928,0.0516413,0.109197,2
0.200581,0.0435821,0.184534,2
0.131626,0.0259802,0.102648,2
0.203769,0.0163315,0.13682,2
0.151997,0.0501872,0.109059,2
0.16801,0.104398,0.162234,2
0.174566,0.0575661,0.117225,2
0.180621,0.0836693,0.111485,2
0.14747,0.018776,0.00087215,2
0.153453,0.0658081,0.118619,2
0.177425,0.0922285,0.162625,2
0.21634,0.107417,0.214122,2
0.194781,0.104608,0.089537,2
0.21238,0.0494809,0.220428,2
0.175698,0.0681785,0.115943,2
0.217855,0.0050593,0.212879,2
0.128385,0.029612,0.103325,2
0.195474,0.0908134,0.177024,2
0.17912,0.00695016,0.217729,2
0.131478,0.0309853,0.106133,2
0.151961,0.108065,0.0204827,2
0.139224,0.0259127,0.0935285,2
0.145846,0.0223482,0.0532111,2
0.181746,0.0669079,0.163501,2
0.128346,0.0238095,0.10354,2
0.221858,0.100567,0.0216894,2
0.130457,0.0307445,0.0969374,2
0.218355,0.0307357,0.0143976,2
0.164764,0.0207479,0.0484558,2
0.134101,0.0279779,0.09769,2
0.130783,0.0240267,0.0998484,2
0.166622,0.0136477,0.0629279,2
0.133776,0.027643,0.102201,2
0.131732,0.0271011,0.0988,2
0.211387,0.108203,0.0435895,2
0.195912,0.105368,0.0830681,2
0.130775,0.0267578,0.0964272,2
0.130467,0.0881973,0.187329,2
0.165421,0.10775,0.16163,2
0.128867,0.0232655,0.099963,2
0.128567,0.030513,0.107697,2
0.128336,0.0623705,0.0628147,2
0.128032,0.0312861,0.104642,2
0.215353,0.224732,0.130006,3
0.129364,0.152716,0.141179,3
0.142054,0.115363,0.0423829,3
0.176286,0.127821,0.210989,3
0.221734,0.206795,0.117633,3
0.18995,0.150583,0.182122,3
0.153055,0.209481,0.0918136,3
0.15718,0.176579,0.16863,3
0.217222,0.208316,0.102325,3
0.155203,0.141989,0.12733,3
0.17707,0.173085,0.0654387,3
0.211282,0.209448,0.0953738,3
0.149413,0.117183,0.196596,3
0.158682,0.22208,0.0444723,3
0.166705,0.20475,0.159454,3
0.131531,0.166461,0.140612,3
0.178314,0.158782,0.123444,3
0.161972,0.112829,0.10614,3
0.196326,0.196489,0.178575,3
0.147169,0.196046,0.0457273,3
0.166742,0.114306,0.0526294,3
0.196563,0.196305,0.173473,3
0.174433,0.211615,0.14214,3
0.186931,0.210637,0.218074,3
0.223814,0.124507,0.0949295,3
0.133855,0.132393,0.142673,3
0.166504,0.171725,0.187549,3
0.224718,0.214884,0.102445,3
0.179847,0.153336,0.172085,3
0.166446,0.20368,0.0946683,3
0.221266,0.142764,0.197747,3
0.189742,0.120441,0.135054,3
0.198692,0.140766,0.0153821,3
0.171041,0.110753,0.158715,3
0.176766,0.168478,0.000700358,3
0.15179,0.122318,0.121441,3
0.220354,0.215429,0.169028,3
0.213227,0.196067,0.189157,3
0.169543,0.156519,0.215071,3
0.208818,0.110869,0.150228,3
0.177257,0.144186,0.0667666,3
0.206571,0.127446,0.214299,3
0.154747,0.109903,0.0306406,3
0.132718,0.132509,0.0674143,3
0.195749,0.20239,0.216103,3
0.188769,0.203983,0.000539451,3
0.143311,0.115672,0.181894,3
0.16693,0.208104,0.099319,3
0.192662,0.193587,0.0973049,3
0.125864,0.148197,0.0836627,3
0.135123,0.120719,0.0656249,3
0.195273,0.149437,0.0985314,3
0.148869,0.21896,0.0338273,3
0.22202,0.127765,0.081165,3
0.14858,0.19845,0.120634,3
0.137586,0.153842,0.110919,3
0.142694,0.147479,0.0258205,3
0.130525,0.221631,0.203442,3
0.206256,0.216433,0.170991,3
0.155216,0.162973,0.168676,3
0.161638,0.187126,0.0709446,3
0.19711,0.155207,0.191285,3
0.15853,0.142291,0.18116,3
0.132343,0.136287,0.11311,3
0.143504,0.211822,0.139389,3
0.206757,0.195332,0.0247411,3
0.208587,0.130154,0.00464962,3
0.136756,0.210492,0.0842598,3
0.171955,0.191633,0.137007,3
0.171621,0.109589,0.197415,3
0.20706,0.198949,0.218545,3
0.127224,0.19589,0.00441786,3
0.177238,0.119667,0.138544,3
0.193994,0.213024,0.0579003,3
0.14124,0.214904,0.128356,3
0.132504,0.136367,0.0371963,3
0.186479,0.119901,0.104468,3
0.166466,0.158056,0.116179,3
0.186243,0.138063,0.0990331,3
0.173199,0.144991,0.191557,3
0.161103,0.153641,0.0394398,3
0.197271,0.161143,0.16079,3
0.154369,0.119275,0.0436388,3
0.18635,0.163801,0.164892,3
0.132397,0.224626,0.0844376,3
0.158222,0.155851,0.0506542,3
0.127843,0.158747,0.201961,3
0.165759,0.136677,0.154688,3
0.215045,0.127256,0.0136047,3
0.193342,0.137601,0.0228685,3
0.1751,0.176811,0.167753,3
0.134892,0.180662,0.179824,3
0.223838,0.187446,0.108494,3
0.131134,0.119067,0.0655098,3
0.171607,0.147346,0.16332,3
0.21355,0.189351,0.154016,3
0.137531,0.119679,0.148577,3
0.15542,0.127033,0.199245,3
0.149217,0.1255,0.152637,3
0.198188,0.165461,0.0488464,3
0.154556,0.144073,0.211526,3
0.211415,0.186762,0.0148332,3
0.20672,0.196596,0.147533,3
0.171854,0.189441,0.0994979,3
0.21002,0.187553,0.0411863,3
0.140962,0.113702,0.0056124,3
0.221362,0.222002,0.14896,3
0.183453,0.178327,0.0836514,3
0.133896,0.181383,0.00166129,3
0.134351,0.16894,0.177045,3
0.142121,0.167599,0.0379818,3
0.223772,0.190529,0.0234181,3
0.223342,0.222325,0.0601373,3
0.202845,0.115572,0.169462,3
0.144322,0.152878,0.140909,3
0.171029,0.175276,0.00932641,3
0.197559,0.127137,0.11879,3
0.170792,0.110475,0.00553578,3
0.156793,0.136234,0.152431,3
0.14143,0.193941,0.194382,3
0.202952,0.123067,0.0607811,3
0.13185,0.135205,0.0448714,3
0.17413,0.153281,0.102805,3
0.193525,0.112827,0.0719551,3
0.138205,0.14341,0.06868,3
0.193651,0.113731,0.037131,3
