x coord,y coord,z coord,rank
0.0189053,0.0138985,0.0614244,0
0.0220645,0.092686,0.0859903,0
0.167706,0.0319247,0.0414412,0
0.145266,0.0304294,0.0425267,0
0.196343,0.0772077,0.100252,0
0.215302,0.0907023,0.0789813,0
0.142516,0.0631619,0.0535215,0
0.117337,0.0784379,0.0611677,0
0.15916,0.0143323,0.0215262,0
0.0715705,0.0346013,0.0596055,0
0.157834,0.00740211,0.00326415,0
0.0337774,0.0754334,0.0702566,0
0.0434444,0.0665597,0.0552161,0
0.151123,0.0997684,0.0624852,0
0.022787,0.0719109,0.0652683,0
0.200479,0.056848,0.0508767,0
0.208996,0.0619444,0.0658403,0
0.114793,0.101116,0.00544419,0
0.0416447,0.0889989,0.0293712,0
0.18055,0.00602823,0.0512228,0
0.0301966,0.0725701,0.0947797,0
0.00721831,0.0850343,0.00213671,0
0.137035,0.0306522,0.0293491,0
0.0268004,0.103028,0.0560851,0
0.099223,0.0890738,0.0765122,0
0.0652761,0.0622501,0.0551581,0
0.044086,0.0793164,0.051925,0
0.0963229,0.0152859,0.0387422,0
0.0610703,0.0133763,0.0144002,0
0.119623,0.0635241,0.0167962,0
0.100443,0.0669209,0.0270392,0
0.00244191,0.0123772,0.0167028,0
0.0899259,0.0219998,0.0083884,0
0.0956291,0.0969738,0.048682,0
0.184197,0.0577281,0.079197,0
0.137132,0.00763373,0.00566093,0
0.125076,0.0550249,0.0411286,0
0.0729034,0.0460434,0.0148648,0
0.0530997,0.0952113,0.0130189,0
0.0430113,0.0202315,0.0281324,0
0.168496,0.0684603,0.0956849,0
0.0439814,0.0968902,0.0208777,0
0.0411526,0.0102294,0.0315425,0
0.192554,0.0896388,0.0395102,0
0.108669,0.0466013,0.0294183,0
0.166737,0.0592255,0.0343856,0
0.207096,0.0133699,0.0459461,0
0.0539936,0.0265809,0.0635838,0
0.0505365,0.0262188,0.042164,0
0.171599,0.018548,0.0230924,0
0.190037,0.0632177,0.0290208,0
0.0523637,0.0198679,0.0580824,0
0.0524206,0.0376259,0.0272088,0
0.0709939,0.00768205,0.0917028,0
0.139126,0.00964587,0.0998109,0
0.0380398,0.0286943,0.0105387,0
0.168378,0.0559473,0.0208246,0
0.0468549,0.0249089,0.000161104,0
0.0113879,0.0872786,0.0962764,0
0.105063,0.0513137,0.00730289,0
0.173232,0.031541,0.0130454,0
0.110317,0.0652795,0.0825723,0
0.166721,0.0355312,0.0879655,0
0.0102469,0.027069,0.00103646,0
0.148304,0.0467209,0.0485583,0
0.220381,0.0213575,0.000458411,0
0.0999434,0.0311824,0.0556367,0
0.0732844,0.0513421,0.0358324,0
0.0245812,0.0853997,0.0297913,0
0.0118731,0.0565584,0.0931829,0
0.159397,0.0631461,0.0901152,0
0.189024,0.0347305,0.074602,0
0.154558,0.0744353,0.0319937,0
0.223272,0.0570233,0.0370961,0
0.1444,0.0312361,0.0953033,0
0.116558,0.0692771,0.0657559,0
0.0290838,0.0374495,0.0614943,0
0.113856,0.0503074,0.0330223,0
0.0675298,0.0535535,0.0544137,0
0.0349685,0.0552119,0.0513884,0
0.0592177,0.0777504,0.00726284,0
0.0610358,0.0489437,0.0827183,0
0.191799,0.0978677,0.0835003,0
0.103124,0.0134169,0.0104219,0
0.0824019,0.0613394,0.0376259,0
0.145452,0.0705661,0.042229,0
0.18362,0.0129512,0.0290674,0
0.154474,0.0150006,0.0263442,0
0.223114,0.0583907,0.101799,0
0.204626,0.00785364,0.0985067,0
0.183007,0.0876491,0.100735,0
0.174806,0.081114,0.102285,0
0.124442,0.026811,0.101613,0
0.197756,0.185082,0.194591,1
0.207967,0.156677,0.163301,1
0.125004,0.176272,0.174226,1
0.0574844,0.17408,0.196497,1
0.172131,0.218548,0.165513,1
0.000834212,0.127787,0.209439,1
0.133336,0.184271,0.205958,1
0.0581454,0.152493,0.193289,1
0.0074629,0.115647,0.216724,1
0.142246,0.169571,0.128888,1
0.138887,0.214406,0.148728,1
0.0636589,0.145293,0.219737,1
0.142503,0.121907,0.118665,1
0.061068,0.114286,0.135612,1
0.0497906,0.155896,0.130143,1
0.14271,0.182701,0.125958,1
0.127034,0.113423,0.137757,1
0.176118,0.167824,0.143974,1
0.0821431,0.198925,0.172721,1
0.125545,0.213393,0.186743,1
0.0521409,0.200992,0.212133,1
0.0132373,0.207456,0.181218,1
0.167661,0.127976,0.185149,1
0.00358342,0.124371,0.208364,1
0.0843552,0.141262,0.194699,1
0.00640347,0.193686,0.176363,1
0.0350672,0.127562,0.154339,1
0.0261106,0.214131,0.191886,1
0.164458,0.112792,0.224056,1
0.17699,0.143618,0.190901,1
0.0655325,0.182002,0.182697,1
0.214873,0.169914,0.165341,1
0.0306965,0.179615,0.167533,1
0.138675,0.130111,0.141608,1
0.0932468,0.179748,0.209376,1
0.16988,0.198651,0.123696,1
0.15077,0.123802,0.207556,1
0.084175,0.153265,0.130417,1
0.0961536,0.138668,0.212235,1
0.00245539,0.169676,0.19559,1
0.187052,0.164283,0.1835,1
0.0934205,0.10685,0.207294,1
0.195327,0.224161,0.199795,1
0.13389,0.149651,0.162757,1
0.00420304,0.151189,0.173532,1
0.132861,0.204224,0.12541,1
0.140169,0.192998,0.197605,1
0.0661331,0.223244,0.168347,1
0.172731,0.144644,0.222429,1
0.151854,0.14896,0.164158,1
0.123788,0.131746,0.137989,1
0.192204,0.105936,0.186704,1
0.11922,0.125479,0.205148,1
0.147139,0.167851,0.125267,1
0.032907,0.19812,0.167584,1
0.220218,0.224616,0.215203,1
0.107757,0.220689,0.185036,1
0.161344,0.220967,0.191109,1
0.18809,0.205805,0.122718,1
0.16407,0.151763,0.194164,1
0.214853,0.119451,0.163339,1
0.0738419,0.148265,0.121493,1
0.0387117,0.181899,0.126438,1
0.172387,0.19187,0.149811,1
0.204437,0.148947,0.137878,1
0.0214489,0.158635,0.182582,1
0.0627513,0.118463,0.168415,1
0.0450461,0.175875,0.15291,1
0.150362,0.19613,0.200775,1
0.188792,0.104223,0.160339,1
0.0830108,0.191771,0.216574,1
0.0156973,0.109618,0.155568,1
0.014286,0.195079,0.17727,1
0.00397991,0.122273,0.15097,1
0.160635,0.17979,0.159416,1
0.172499,0.129563,0.168139,1
0.0584693,0.122779,0.175942,1
0.0799307,0.138365,0.161739,1
0.0451215,0.195278,0.171994,1
0.111228,0.205508,0.190941,1
0.002238,0.128324,0.147757,1
0.0166392,0.111561,0.1901,1
0.12548,0.179672,0.179178,1
0.0553796,0.110823,0.189786,1
0.142744,0.153479,0.182588,1
0.0978721,0.108722,0.141404,1
0.0140108,0.140304,0.148009,1
0.00757769,0.187193,0.148438,1
0.00215349,0.103709,0.217958,1
0.0511267,0.189214,0.222012,1
0.214501,0.155057,0.172194,1
0.15377,0.108785,0.159651,1
0.191777,0.177785,0.197511,1
0.0751736,0.20532,0.169874,1
0.146171,0.183306,0.214522,1
0.0758636,0.217961,0.137334,1
0.161072,0.197286,0.205659,1
0.110243,0.152172,0.130257,1
0.175846,0.125311,0.147028,1
0.0280334,0.161546,0.135229,1
0.154438,0.154739,0.174345,1
0.0953867,0.167311,0.135056,1
0.0468222,0.221133,0.130307,1
0.0438919,0.133427,0.216626,1
0.159915,0.18137,0.154936,1
0.0427444,0.188989,0.137698,1
0.017051,0.197195,0.129149,1
0.218557,0.192895,0.21821,1
0.124879,0.127667,0.223145,1
0.146363,0.122004,0.119764,1
0.0881479,0.0227281,0.220144,2
0.0611385,0.0398749,0.193539,2
0.17482,0.0830466,0.108924,2
0.0665151,0.0412548,0.171298,2
0.205536,0.0868255,0.125249,2
0.178222,0.0793837,0.107733,2
0.159261,0.0120564,0.120955,2
0.0403035,0.0869418,0.198243,2
0.182466,0.0257021,0.162445,2
0.0652301,0.0992313,0.181043,2
0.0524385,0.0476782,0.182278,2
0.202319,0.0180008,0.221265,2
0.183457,0.0376187,0.109445,2
0.181369,0.0362823,0.105251,2
0.134436,0.0526032,0.110059,2
0.199542,0.093777,0.158249,2
0.0921449,0.0429533,0.212291,2
0.0364476,0.101923,0.194202,2
0.188116,0.088549,0.18865,2
0.045277,0.0159697,0.164683,2
0.17035,0.0856532,0.10784,2
0.0472048,0.101522,0.109003,2
0.119348,0.0211022,0.128443,2
0.176694,0.0859584,0.111443,2
0.194464,0.0801828,0.181931,2
0.0403352,0.0694609,0.201252,2
0.144798,0.0809973,0.208168,2
0.203342,0.0237942,0.129882,2
0.0139905,0.0816199,0.148642,2
0.0872663,0.00265532,0.102848,2
0.0982739,0.0126741,0.108288,2
0.0818487,0.0874542,0.150192,2
0.154588,0.0466884,0.187863,2
0.173873,0.0790541,0.106525,2
0.0720642,0.0395053,0.219677,2
0.0495005,0.0635825,0.194263,2
0.0639316,0.0275945,0.206026,2
0.172551,0.0834357,0.111376,2
0.06236,0.0465165,0.18561,2
0.0255467,0.100178,0.209944,2
0.0281799,0.0674943,0.193443,2
0.116257,0.0712371,0.185107,2
0.167762,0.0793932,0.127062,2
0.104568,0.0259521,0.115798,2
0.133836,0.0779181,0.138365,2
0.170047,0.0870726,0.111457,2
0.07802,0.0585127,0.156122,2
0.219672,0.0157998,0.133166,2
0.0663464,0.0128274,0.168226,2
0.19077,0.037995,0.165556,2
0.104288,0.024591,0.155877,2
0.135805,0.00130991,0.120842,2
0.043606,0.0323986,0.128778,2
0.0732125,0.0614486,0.114745,2
0.0287754,0.0649575,0.156695,2
0.169127,0.0506371,0.108316,2
0.0259771,0.0877247,0.153108,2
0.0869207,0.072176,0.115515,2
0.172843,0.0799912,0.106792,2
0.102435,0.0019515,0.144035,2
0.164407,0.0487337,0.125233,2
0.166675,0.0818152,0.106887,2
0.0558868,0.0948023,0.175129,2
0.169752,0.0828411,0.110944,2
0.170487,0.0392019,0.170828,2
0.102078,0.00977392,0.214171,2
0.179049,0.0307134,0.106848,2
0.0223248,0.0210278,0.173395,2
0.173094,0.083321,0.107493,2
0.0876354,0.0274544,0.202322,2
0.172115,0.0863549,0.104577,2
0.00944028,0.0706591,0.166025,2
0.172716,0.0825761,0.110406,2
0.0247247,0.0380581,0.163735,2
0.0738597,0.0654601,0.178985,2
0.173484,0.0848084,0.107655,2
0.175775,0.0865402,0.108224,2
0.189017,0.00608581,0.195958,2
0.176849,0.0871971,0.106232,2
0.172278,0.0870574,0.108712,2
0.174471,0.0865246,0.103746,2
0.158677,0.0674485,0.125569,2
0.116739,0.0682761,0.214342,2
0.174664,0.0846531,0.104729,2
0.103939,0.0618964,0.176489,2
0.113027,0.0533001,0.128163,2
0.122514,0.0516157,0.199593,2
0.00370078,0.0426967,0.147525,2
0.176098,0.0870693,0.106868,2
0.0826926,0.0535611,0.122559,2
0.198596,0.0193721,0.20975,2
0.0574812,0.00812307,0.122199,2
0.0396193,0.0326836,0.208232,2
0.085731,0.08529,0.177768,2
0.173863,0.0862891,0.110744,2
0.0388655,0.0851046,0.173374,2
0.174602,0.0804362,0.109069,2
0.173353,0.0877448,0.112287,2
0.152568,0.0703471,0.106178,2
0.0964318,0.0571206,0.212231,2
0.159419,0.000960318,0.107008,2
0.157804,0.0747285,0.180442,2
0.0579451,0.0326963,0.204512,2
0.132052,0.0652061,0.163772,2
0.037386,0.00725265,0.184847,2
0.0763034,0.0672759,0.198596,2
0.18894,0.0669606,0.224395,2
0.0324095,0.0702992,0.121344,2
0.0843507,0.0685625,0.156446,2
0.196135,0.0165488,0.210813,2
0.160113,0.0978575,0.199112,2
0.0823703,0.0728832,0.110832,2
0.190471,0.044883,0.112577,2
0.176992,0.0905507,0.10978,2
0.00824287,0.0477018,0.18445,2
0.0434053,0.0477309,0.13763,2
0.180029,0.08937,0.11241,2
0.0659843,0.0609506,0.114165,2
0.120173,0.0593248,0.145979,2
0.169057,0.0381576,0.152704,2
0.121134,0.0989102,0.129467,2
0.0406652,0.0764839,0.219413,2
0.172491,0.0839462,0.105228,2
0.174012,0.0824164,0.108568,2
0.0591027,0.0747616,0.110747,2
0.032877,0.0641141,0.157005,2
0.172492,0.0850578,0.107618,2
0.0557572,0.00442955,0.127501,2
0.0444528,0.000275122,0.167979,2
0.110607,0.053486,0.152902,2
0.00797126,0.0821213,0.165988,2
0.17424,0.0821549,0.110153,2
0.0341331,0.0706487,0.152295,2
0.17651,0.0880057,0.107993,2
0.177675,0.0889612,0.108035,2
0.0822237,0.067758,0.208162,2
0.15231,0.0866767,0.11004,2
0.174631,0.0799465,0.109078,2
0.177324,0.0850728,0.107949,2
0.118975,0.0755728,0.148735,2
0.061289,0.0879855,0.113266,2
0.179825,0.0838253,0.106983,2
0.174256,0.0893862,0.109828,2
0.0579478,0.0147805,0.119812,2
0.175919,0.0917757,0.107219,2
0.0905621,0.0659559,0.220482,2
0.0959778,0.0469363,0.111923,2
0.173482,0.0819713,0.105523,2
0.17703,0.0863782,0.112785,2
0.173819,0.08443,0.109425,2
0.210158,0.0946593,0.143747,2
0.178705,0.0849723,0.112998,2
0.0770133,0.0775217,0.108946,2
0.172533,0.0844584,0.106542,2
0.122631,0.102078,0.212525,2
0.175103,0.0861908,0.102514,2
0.0879168,0.186398,0.10712,3
0.0851662,0.204859,0.108752,3
0.192315,0.20661,0.0256894,3
0.115449,0.146189,0.0882643,3
0.0924995,0.179387,0.0715441,3
0.224933,0.177844,0.0855694,3
0.115124,0.107954,0.00432969,3
0.135486,0.182761,0.104508,3
0.200166,0.134219,0.0391764,3
0.223833,0.134536,0.101891,3
0.0146027,0.213966,0.11,3
0.0739753,0.214259,0.0421805,3
0.172289,0.153138,0.0553671,3
0.206467,0.159409,0.0156517,3
0.216408,0.15933,0.0483497,3
0.124316,0.220235,0.102183,3
0.00658582,0.161454,0.0220398,3
0.149229,0.197514,0.057147,3
0.051392,0.170208,0.0724046,3
0.0558352,0.114898,0.0625665,3
0.0563525,0.151255,0.07058,3
0.149885,0.189184,0.0315735,3
0.0048633,0.128777,0.0185433,3
0.0935767,0.105814,0.0156145,3
0.00272433,0.219418,0.0110568,3
0.0894594,0.20051,0.000784698,3
0.0784286,0.217181,0.00865819,3
0.191025,0.167326,0.00477023,3
0.0759417,0.193864,0.0798968,3
0.0931429,0.10673,0.0325673,3
0.163645,0.134009,0.0716442,3
0.0833408,0.137416,0.087918,3
0.140541,0.210668,0.0494717,3
0.175736,0.153603,0.0736855,3
0.0391022,0.140603,0.0076629,3
0.201956,0.165708,0.103641,3
0.187267,0.147656,0.0389392,3
0.0572679,0.194045,0.0426836,3
0.174747,0.16955,0.0843783,3
0.129652,0.210136,0.027574,3
0.0768282,0.106414,0.0085837,3
0.179642,0.151151,0.0226368,3
0.181386,0.192712,0.0926236,3
0.0821275,0.154565,0.000241276,3
0.0308603,0.205025,0.00358478,3
0.185353,0.167917,0.0221897,3
0.216533,0.199887,0.0557343,3
0.0395642,0.209697,0.0777634,3
0.218716,0.166931,0.0102232,3
0.173322,0.148302,0.0902656,3
0.0708453,0.109286,0.0158166,3
0.100894,0.108565,0.112731,3
0.164573,0.223224,0.0239438,3
0.0305147,0.208417,0.0537321,3
0.208579,0.160315,0.00167163,3
0.00480199,0.223936,0.054342,3
0.0465804,0.140661,0.0358454,3
0.00364766,0.123343,0.0146461,3
0.185046,0.110768,0.0858795,3
0.109551,0.166564,0.0367449,3
0.0290085,0.136986,0.0372323,3
0.137245,0.189108,0.0712775,3
0.140193,0.183981,0.10986,3
0.13151,0.21975,0.112298,3
0.150288,0.218775,0.104253,3
0.00745006,0.16747,0.0315289,3
0.201888,0.166734,0.0586512,3
0.168352,0.15956,0.0456062,3
0.201528,0.156146,0.0870144,3
0.204139,0.151963,0.0706651,3
0.0705595,0.192117,0.0377004,3
0.205302,0.207405,0.0160901,3
0.014738,0.191382,0.0646835,3
0.0808754,0.187504,0.0237786,3
0.117305,0.155735,0.0549573,3
0.0380971,0.186702,0.0953464,3
0.073584,0.167106,0.0981688,3
0.0295671,0.162725,0.0541559,3
0.10082,0.109559,0.0895908,3
0.0170394,0.222805,0.093148,3
0.0446573,0.121692,0.0854337,3
0.167205,0.129382,0.00310791,3
0.196519,0.176957,0.0992574,3
0.0713205,0.181237,0.083508,3
0.154112,0.188051,0.0271228,3
0.04427,0.190744,0.0201327,3
0.0883309,0.162731,0.0111079,3
0.131418,0.210304,0.0391649,3
0.210725,0.159836,0.101821,3
0.086234,0.135046,0.0722806,3
0.0956613,0.17333,0.037862,3
0.00129497,0.222232,0.0260813,3
0.223514,0.219393,0.0673123,3
0.0698034,0.214075,0.0959675,3
0.184578,0.173842,0.069696,3
0.024557,0.120829,0.0359664,3
0.0349081,0.120766,0.0986623,3
0.0961674,0.219209,0.0220548,3
0.166373,0.111433,0.0696525,3
0.0144712,0.15507,0.0188359,3
0.0686112,0.166374,0.0403673,3
0.195002,0.197651,0.00817869,3
0.157916,0.215542,0.0597255,3
0.0673112,0.201159,0.0291671,3
0.0953738,0.165891,0.0476395,3
0.0102698,0.19916,0.0203844,3
0.207387,0.20727,0.105901,3
0.164236,0.209587,0.090885,3
0.13839,0.171507,0.0193207,3
0.138232,0.119288,0.0322346,3
0.210822,0.128108,0.0378142,3
0.153404,0.221581,0.0863469,3
0.00479226,0.113221,0.0411114,3
0.0306151,0.161614,0.0675873,3
0.0310973,0.156618,0.0418257,3
0.151952,0.135276,0.0481412,3
0.157749,0.192482,0.00656562,3
0.148366,0.201011,0.0575943,3
0.208436,0.128863,0.0622663,3
0.0290152,0.160585,0.0422588,3
0.0949492,0.142301,0.0425225,3
0.121166,0.132692,0.0376207,3
0.120246,0.130818,0.0313556,3
0.102512,0.121638,0.0581663,3
0.0131633,0.126021,0.0424694,3
0.117106,0.107283,0.0863207,3
0.0921894,0.163385,0.100806,3
0.178226,0.207671,0.0939594,3
0.192749,0.125346,0.0986654,3
0.189422,0.109263,0.0844655,3
0.101866,0.212091,0.0944473,3
0.184545,0.111223,0.0762282,3
0.11671,0.108904,0.0831301,3
0.205352,0.221531,0.0940117,3
0.203087,0.115863,0.08207,3
0.110184,0.199559,0.105145,3
0.165095,0.104887,0.0592207,3
0.0860776,0.10575,0.0764021,3
0.16896,0.164026,0.111218,3
0.199169,0.200267,0.112486,3
0.222902,0.206084,0.113601,3
