x coord,y coord,z coord,rank
0.162698,0.158353,0.104786,0
0.0469095,0.182779,0.0426877,0
0.112183,0.195785,0.0441319,0
0.114018,0.15717,0.02619,0
0.0744919,0.204105,0.0398387,0
0.11809,0.2011,0.0785118,0
0.21856,0.145368,0.118095,0
0.0727965,0.177996,2.9506e-05,0
0.0890306,0.147421,0.0641671,0
0.0759391,0.194731,0.0645907,0
0.0319878,0.22412,0.10079,0
0.217596,0.146258,0.116655,0
0.217552,0.146165,0.117493,0
0.0679498,0.163883,0.0718133,0
0.0528812,0.131381,0.101751,0
0.0412943,0.138192,0.0720526,0
0.204608,0.135373,0.0295851,0
0.199063,0.202245,0.0720019,0
0.2153,0.147673,0.113118,0
0.0758382,0.133186,0.0825864,0
0.224207,0.140486,0.0822657,0
0.218099,0.169506,0.0113087,0
0.082363,0.13588,0.0884164,0
0.216955,0.153158,0.08523,0
0.0898224,0.17786,0.0329835,0
0.21265,0.14486,0.119044,0
0.0919653,0.220557,0.0129411,0
0.0280231,0.207028,0.0586013,0
0.00845254,0.212917,0.116653,0
0.0540626,0.189345,0.0267888,0
0.128412,0.221439,0.0929382,0
0.220867,0.145029,0.117454,0
0.211944,0.146583,0.114899,0
0.211166,0.1429,0.11583,0
0.139222,0.157181,0.0318255,0
0.214418,0.150196,0.114539,0
0.16233,0.183546,0.0139249,0
0.0933474,0.218233,0.0839081,0
0.14502,0.142286,0.0513123,0
0.0750346,0.156572,0.0526503,0
0.107847,0.128575,0.107209,0
0.0154222,0.129776,0.0531393,0
0.0792103,0.200563,0.0976666,0
0.201063,0.211961,0.0663197,0
0.000201034,0.152546,0.0850552,0
0.0228628,0.166611,0.0894557,0
0.14319,0.211454,0.107025,0
0.218892,0.144414,0.114708,0
0.0157508,0.157297,0.00733356,0
0.211366,0.149318,0.115187,0
0.00183511,0.195624,0.0634061,0
0.193564,0.200744,0.0258563,0
0.217178,0.141273,0.118941,0
0.0544861,0.165529,0.000641284,0
0.0284783,0.181112,0.0449,0
0.133952,0.145437,0.0302608,0
0.0206703,0.151177,0.102642,0
0.103905,0.211541,0.0296867,0
0.0582313,0.128875,0.0421412,0
0.107687,0.208632,0.00641153,0
0.155663,0.158223,0.0598058,0
0.130156,0.20167,0.106092,0
0.0285719,0.141505,0.011986,0
0.079548,0.136523,0.0669212,0
0.145429,0.202183,0.0733519,0
0.0833169,0.162184,0.114561,0
0.216817,0.150891,0.115309,0
0.0294672,0.200633,0.089155,0
0.132831,0.203206,0.0745755,0
0.05759,0.221953,0.00503259,0
0.0891801,0.132872,0.000607171,0
0.136805,0.198983,0.0519654,0
0.0364893,0.176242,0.0154424,0
0.129315,0.163262,0.081045,0
0.112935,0.179099,0.0843381,0
0.215129,0.142707,0.11535,0
0.21643,0.146765,0.117741,0
0.0704089,0.174074,0.0174351,0
0.0353163,0.207213,0.0520895,0
0.0791885,0.129348,0.0679631,0
0.218915,0.147856,0.116452,0
0.000699124,0.132072,0.0155537,0
0.0797926,0.194611,0.0127829,0
0.21615,0.148158,0.115712,0
0.205829,0.208998,0.044104,0
0.212806,0.146598,0.11752,0
0.0622838,0.165668,0.00711471,0
0.0448665,0.15814,0.0326324,0
0.19644,0.130544,0.104153,0
0.219876,0.14459,0.117896,0
0.101166,0.176531,0.0350702,0
0.216105,0.146088,0.112862,0
0.0413734,0.218177,0.0889611,0
0.219419,0.208436,0.0662927,0
0.212805,0.15165,0.118377,0
0.082731,0.176158,0.113168,0
0.199917,0.161907,0.0453786,0
0.210701,0.146709,0.0251607,0
0.156005,0.169393,0.00190183,0
0.00986022,0.130726,0.0571586,0
0.0159928,0.147237,0.0709052,0
0.0865575,0.152695,0.108734,0
0.195016,0.13223,0.0212197,0
0.0457963,0.176634,0.0188317,0
0.219981,0.144208,0.114899,0
0.218063,0.142559,0.116057,0
0.215713,0.1465,0.115799,0
0.0851683,0.137595,0.0701897,0
0.0943539,0.210177,0.0782643,0
0.218403,0.200945,0.0336353,0
0.159858,0.142501,0.0350747,0
0.0264958,0.216604,0.0743987,0
0.070333,0.177415,0.101565,0
0.131304,0.170542,0.0107373,0
0.21011,0.187054,0.08084,0
0.0362102,0.214955,0.0495921,0
0.185781,0.147046,0.0526964,0
0.0951522,0.189232,0.0846005,0
0.217817,0.150045,0.0196956,0
0.220686,0.144842,0.114334,0
0.2109,0.145551,0.113811,0
0.217117,0.148705,0.115353,0
0.212066,0.143046,0.114621,0
0.132532,0.130219,0.088642,0
0.215931,0.150798,0.11839,0
0.208335,0.218797,0.115163,0
0.215372,0.147327,0.117461,0
0.209774,0.145424,0.117446,0
0.214324,0.144139,0.117029,0
0.218438,0.141286,0.117394,0
0.0537695,0.0480178,0.143604,1
0.00217419,0.0375815,0.192341,1
0.15973,0.0618441,0.130127,1
0.0977995,0.06357,0.192175,1
0.0437674,0.0398965,0.200472,1
0.149641,0.0651933,0.193517,1
0.166798,0.0640867,0.128375,1
0.0699654,0.0840511,0.223219,1
0.0688372,0.00928112,0.142912,1
0.109079,0.0182818,0.197253,1
0.175393,0.0897481,0.136462,1
0.203624,0.00112892,0.1802,1
0.170196,0.0337435,0.150405,1
0.0268804,0.0195675,0.190541,1
0.209007,0.120208,0.1618,1
0.0149718,0.108279,0.187107,1
0.0432037,0.0184672,0.158545,1
0.151054,0.0959151,0.196541,1
0.10213,0.0511542,0.210942,1
0.0342905,0.0774664,0.126164,1
0.0995165,0.1205,0.186626,1
0.163332,0.0188978,0.186446,1
0.0989447,0.086542,0.218294,1
0.188534,0.0649815,0.153858,1
0.17147,0.0326278,0.164262,1
0.0292138,0.131408,0.195999,1
0.156643,0.12541,0.188394,1
0.126837,0.126999,0.168378,1
0.174606,0.0150977,0.202549,1
0.0870372,0.0501419,0.141365,1
0.0850565,0.0654383,0.159551,1
0.0623874,0.06907,0.152366,1
0.140063,0.0634749,0.158977,1
0.0812799,0.0870748,0.145472,1
0.0334658,0.0667841,0.206129,1
0.0628048,0.0972996,0.132524,1
0.189724,0.0091194,0.224952,1
0.0547698,0.0692953,0.173102,1
0.172014,0.066915,0.205185,1
0.0603515,0.0350633,0.165323,1
0.116437,0.0577227,0.192234,1
0.131072,0.105242,0.170077,1
0.171948,0.0804493,0.212901,1
0.0378901,0.055653,0.194124,1
0.0648726,0.0335553,0.179745,1
0.170177,0.0452713,0.121648,1
0.192395,0.0596088,0.151744,1
0.122203,0.0376802,0.150257,1
0.211402,0.0286583,0.159564,1
0.205919,0.0791934,0.139707,1
0.173123,0.0644739,0.132866,1
0.116538,0.0356285,0.156722,1
0.104264,0.110394,0.220865,1
0.187132,0.0467289,0.174059,1
0.14755,0.0432471,0.221264,1
0.0876623,0.00367949,0.121499,1
0.0168134,0.0212368,0.19838,1
0.153449,0.0593413,0.120768,1
0.0970737,0.102183,0.157341,1
0.170781,0.107445,0.143028,1
0.135913,0.1227,0.14358,1
0.1058,0.0650356,0.13166,1
0.101885,0.0725769,0.159988,1
0.109309,0.129769,0.210217,1
0.100674,0.0658163,0.163715,1
0.123743,0.0160595,0.135502,1
0.177047,0.104822,0.122889,1
0.205705,0.130789,0.216221,1
0.0382323,0.128674,0.166032,1
0.0266754,0.00227553,0.160614,1
0.0931908,0.0149396,0.182304,1
0.00785621,0.109373,0.182629,1
0.140263,0.119067,0.175437,1
0.186357,0.0349448,0.13246,1
0.0844032,0.0660545,0.170109,1
0.115029,0.0912965,0.148022,1
0.139799,0.02535,0.189084,1
0.138569,0.0663162,0.147469,1
0.00484071,0.0990246,0.211445,1
0.207201,0.0241057,0.217175,1
0.209543,0.0224221,0.152256,1
0.194793,0.0846904,0.182537,1
0.18915,0.110078,0.182259,1
0.0953653,0.0615903,0.148723,1
0.043317,0.0898535,0.199681,1
0.164945,0.071066,0.124162,1
0.186363,0.1301,0.142608,1
0.060874,0.0691098,0.169593,1
0.133369,0.0395858,0.171856,1
0.178185,0.0257185,0.188929,1
0.0592298,0.0208729,0.119162,1
0.0807851,0.0912374,0.131934,1
0.00145792,0.0114308,0.162734,1
0.204558,0.0819492,0.191133,1
0.200819,0.0215512,0.140017,1
0.179702,0.127536,0.194381,1
0.144694,0.122495,0.201303,1
0.155194,0.0996261,0.210403,1
0.077466,0.0841963,0.216037,1
0.213988,0.125602,0.151793,1
0.193908,0.127838,0.202709,1
0.206338,0.106249,0.203832,1
0.0438299,0.02184,0.203561,1
0.175372,0.0551799,0.153122,1
0.20177,0.0960222,0.213384,1
0.102229,0.0573272,0.142245,1
0.204835,0.119184,0.192358,1
0.122999,0.0714278,0.175926,1
0.0874112,0.0513661,0.125073,1
0.0983922,0.12332,0.15243,1
0.190487,0.107671,0.169351,1
0.172423,0.0101864,0.162691,1
0.188355,0.110754,0.133998,1
0.0958992,0.0531817,0.168814,1
0.20695,0.0875652,0.123643,1
0.207592,0.114418,0.199393,1
0.109328,0.0744973,0.160024,1
0.0440476,0.120652,0.153563,1
0.151795,0.11115,0.154731,1
0.204933,0.0750477,0.120396,1
0.216336,0.19033,0.178166,2
0.114475,0.150335,0.138298,2
0.216772,0.142437,0.121651,2
0.00655745,0.168351,0.145625,2
0.180985,0.210659,0.191253,2
0.0596741,0.137647,0.211275,2
0.213856,0.165117,0.164517,2
0.0959714,0.182356,0.127341,2
0.108878,0.170434,0.142041,2
0.0105004,0.217217,0.21648,2
0.0697246,0.174191,0.186655,2
0.0523364,0.133911,0.22154,2
0.0689804,0.178125,0.157111,2
0.114581,0.208396,0.136676,2
0.145116,0.213053,0.213426,2
0.0530627,0.210396,0.140515,2
0.0325309,0.21129,0.195607,2
0.089319,0.209872,0.153241,2
0.211761,0.145455,0.121294,2
0.136038,0.22446,0.186212,2
0.0115403,0.183246,0.188387,2
0.0558295,0.156857,0.210749,2
0.0315494,0.174319,0.174636,2
0.0354243,0.194293,0.169366,2
0.0547014,0.203953,0.147274,2
0.128756,0.220378,0.149458,2
0.0336284,0.151919,0.134399,2
0.118282,0.172512,0.170956,2
0.213219,0.145633,0.16656,2
0.0161866,0.139003,0.120609,2
0.0482299,0.192504,0.119889,2
0.113796,0.16008,0.13061,2
0.105554,0.18365,0.20762,2
0.060201,0.143364,0.144931,2
0.192819,0.151299,0.185824,2
0.206466,0.20729,0.156313,2
0.144945,0.211822,0.157853,2
0.0803293,0.134531,0.197807,2
0.117369,0.142987,0.121509,2
0.216789,0.146266,0.120798,2
0.0461508,0.167132,0.132811,2
0.114546,0.137095,0.156252,2
0.210131,0.145554,0.120852,2
0.216983,0.138073,0.217314,2
0.0835926,0.139377,0.141281,2
0.0393564,0.190931,0.137438,2
0.100538,0.202128,0.124082,2
0.139303,0.21168,0.14321,2
0.155957,0.217618,0.198703,2
0.0999124,0.135443,0.171553,2
0.216327,0.14582,0.119735,2
0.216135,0.185475,0.223955,2
0.124886,0.204993,0.177859,2
0.200052,0.2137,0.139604,2
0.18207,0.194947,0.18636,2
0.179462,0.164184,0.155297,2
0.0849306,0.22136,0.157654,2
0.123196,0.141322,0.119593,2
0.163321,0.210776,0.147459,2
0.101124,0.195941,0.141846,2
0.0484305,0.148551,0.120571,2
0.00989593,0.218144,0.202605,2
0.0320131,0.152694,0.18684,2
0.162917,0.162962,0.201031,2
0.201133,0.206345,0.149492,2
0.0965703,0.146682,0.123697,2
0.0405938,0.166693,0.138493,2
0.184374,0.162277,0.170544,2
0.107326,0.152136,0.120995,2
0.0283347,0.178072,0.130863,2
0.217896,0.144061,0.120722,2
0.0448369,0.15806,0.167045,2
0.210181,0.1462,0.120649,2
0.0227425,0.189052,0.211547,2
0.0522897,0.169413,0.189973,2
0.00663499,0.138352,0.136789,2
0.0307699,0.133888,0.159086,2
0.0633398,0.177645,0.126841,2
0.0614101,0.180979,0.207451,2
0.0160199,0.220375,0.129208,2
0.161973,0.149127,0.159601,2
0.0312582,0.197231,0.120241,2
0.0908268,0.141993,0.182243,2
0.104332,0.196397,0.19251,2
0.11218,0.223088,0.140144,2
0.177229,0.172574,0.18259,2
0.176077,0.141443,0.203489,2
0.210741,0.151799,0.119159,2
0.0652152,0.205563,0.224984,2
0.00809344,0.221799,0.169028,2
0.220717,0.170202,0.12369,2
0.0289188,0.216634,0.137908,2
0.190304,0.203269,0.215409,2
0.0711433,0.200477,0.208953,2
0.200541,0.208069,0.180849,2
0.0569524,0.160797,0.213071,2
0.107081,0.188502,0.223733,2
0.181893,0.144749,0.132429,2
0.149914,0.210881,0.210878,2
0.213014,0.147892,0.178824,2
0.0318429,0.168164,0.160925,2
0.0612278,0.178695,0.176511,2
0.0591917,0.158187,0.207131,2
0.0672209,0.183308,0.180523,2
0.101663,0.136858,0.132036,2
0.13821,0.209286,0.149278,2
0.164507,0.219652,0.2063,2
0.0163734,0.153975,0.210725,2
0.162817,0.156089,0.20487,2
0.178268,0.208107,0.137092,2
0.123571,0.17315,0.178598,2
0.216913,0.193544,0.164608,2
0.0598124,0.158414,0.169586,2
0.100626,0.133957,0.133306,2
0.0233594,0.149516,0.177237,2
0.0940166,0.139053,0.159973,2
0.12275,0.133929,0.13775,2
0.210729,0.21332,0.217636,2
0.217132,0.151548,0.122115,2
0.214517,0.146767,0.120078,2
0.202478,0.0312837,0.0644469,3
0.12312,0.0909537,0.0513711,3
0.223584,0.0803119,0.053241,3
0.109456,0.101403,0.05983,3
0.173931,0.0119696,0.0834368,3
0.11658,0.0610548,0.0830183,3
0.0838,0.015799,0.0114172,3
0.218493,0.0469989,0.0802209,3
0.117598,0.0937539,0.0493654,3
0.00161034,0.0427943,0.110598,3
0.105749,0.0800207,0.08829,3
0.123576,0.0938006,0.114835,3
0.213655,0.0679782,0.101051,3
0.0394581,0.0772224,0.0129791,3
0.0540739,0.0720246,0.0525807,3
0.127447,0.0221021,0.0574452,3
0.210858,0.103544,0.00879986,3
0.205811,0.0597,0.0241053,3
0.183087,0.106239,0.0655509,3
0.0509495,0.0283768,0.0179214,3
0.164495,0.101031,0.0612483,3
0.20776,0.0148614,0.0574541,3
0.0511907,0.0310526,0.0248773,3
0.128781,0.0648272,0.0135914,3
0.166125,0.0979315,0.000544096,3
0.177316,0.00583408,0.00242261,3
0.189547,0.0101068,0.0256276,3
0.116917,0.0587433,0.0674574,3
0.0475208,0.103985,0.0440757,3
0.127654,0.0544041,0.110915,3
0.224561,0.0724036,0.017011,3
0.131949,0.0952981,0.109009,3
0.0645386,0.0337434,0.0603609,3
0.139275,0.0391214,0.0327381,3
0.102554,0.0298956,0.0625844,3
0.0271796,0.00576961,0.0172946,3
0.0447577,0.0653071,0.093359,3
0.129208,0.110684,0.033968,3
0.104025,0.11696,0.116734,3
0.0285782,0.101968,0.0255212,3
0.0399691,0.0810523,0.0177304,3
0.206827,0.00108769,0.0472926,3
0.126413,0.0450366,0.0937924,3
0.114689,0.110968,0.0149202,3
0.0174462,0.106276,0.0793016,3
0.00708234,0.105245,0.0845859,3
0.0365792,0.0188101,0.0836802,3
0.113873,0.118477,0.0529558,3
0.0796799,0.04106,0.116474,3
0.0125692,0.0627034,0.0567877,3
0.000137578,0.0435835,0.0772175,3
0.152997,0.0540854,0.0305999,3
0.212695,0.0189125,0.0235049,3
0.105105,0.0550124,0.0801072,3
0.114537,0.112618,0.0844798,3
0.0857077,0.0675427,0.0670178,3
0.203184,0.094148,0.0344585,3
0.0161825,0.119639,0.0522578,3
0.0165441,0.0271233,0.0246067,3
0.22475,0.102831,0.0324103,3
0.109017,0.120211,0.0586043,3
0.202869,0.0724037,0.0110102,3
0.167911,0.0691794,0.0705438,3
0.174819,0.0490463,0.038413,3
0.165456,0.108931,0.0463844,3
0.193343,0.051206,0.0217998,3
0.0866389,0.00759728,0.0724176,3
0.0039284,0.00504894,0.0284028,3
0.035397,0.123327,0.0685292,3
0.164708,0.0661045,0.0450913,3
0.0573468,0.0876283,0.109915,3
0.166401,0.0952083,0.111154,3
0.0291156,0.109805,0.0998111,3
0.0171897,0.0769111,0.115646,3
0.141181,0.00379234,0.042473,3
0.048907,0.0352831,0.0658566,3
0.15448,0.0475955,0.0112936,3
0.100232,0.0104045,0.0571648,3
0.181897,0.105894,0.018286,3
0.148187,0.0673119,0.026342,3
0.0204964,0.00884428,0.0601207,3
0.029794,0.0241226,0.0744735,3
0.111538,0.0927813,0.0215755,3
0.133362,0.0425318,0.107676,3
0.198018,0.0469108,0.0716211,3
0.0125671,0.0545744,0.0877259,3
0.182607,0.0298763,0.0667044,3
0.182248,0.0357236,0.0481848,3
0.135607,0.124264,0.0942597,3
0.215964,0.110686,0.0505627,3
0.0469569,0.0832065,0.00383266,3
0.0619553,0.0991337,0.0280498,3
0.107357,0.0696006,0.0186408,3
0.205036,0.0202868,0.0418421,3
0.163458,0.0817778,0.0113774,3
0.182428,0.0309452,0.00115777,3
0.12649,0.0907024,0.0182517,3
0.158596,0.0926549,0.0842767,3
0.0440587,0.0224592,0.101945,3
0.179581,0.01379,0.0663942,3
0.0411087,0.00890885,0.0945251,3
0.11697,0.118643,0.0141311,3
0.222444,0.0920415,0.0274216,3
0.159141,0.0450294,0.0488801,3
0.100627,0.0315057,0.0929422,3
0.118371,0.0957394,0.0575332,3
0.157266,0.122846,0.00353281,3
0.150816,0.0682288,0.0253422,3
0.181468,0.00644165,0.0922822,3
0.0837791,0.100001,0.0749773,3
0.124941,0.0511907,0.0784815,3
0.0765596,0.0443807,0.0752216,3
0.211537,0.0613572,0.0940266,3
0.0549468,0.0460538,0.00549054,3
0.0802507,0.0685947,0.00181644,3
0.185793,0.0421912,0.00929355,3
0.224219,0.0291224,0.100237,3
0.14666,0.0905742,0.102818,3
0.179511,0.00149152,0.113101,3
0.0169774,0.0124754,0.0138371,3
0.00784894,0.0639044,0.102337,3
0.012074,0.0719009,0.117357,3
0.00591994,0.0380984,0.1113,3
0.150166,0.0693037,0.0809952,3
0.16389,0.0826396,0.0525046,3
0.115943,0.125364,0.000828377,3
0.076504,0.115421,0.0936261,3
0.0288738,0.0183033,0.0790194,3
0.105103,0.111157,0.00688771,3
0.17758,0.0278846,0.118816,3
