x coord,y coord,z coord,rank
0.146639,0.0195879,0.0460378,0
0.178593,0.0297781,0.0596008,0
0.151312,0.0609416,0.0585118,0
0.149101,0.0638439,0.048755,0
0.140835,0.0539011,0.0466748,0
0.152597,0.065598,0.0157649,0
0.162218,0.0653624,0.0235208,0
0.14481,0.0320868,0.0147041,0
0.14687,0.0223185,0.0276349,0
0.168192,0.0334433,0.0270822,0
0.174426,0.0438924,0.033476,0
0.169709,0.0329841,0.0482516,0
0.143972,0.00249587,0.0734031,0
0.172434,0.0746715,0.0399924,0
0.144301,0.0398592,0.0388264,0
0.156006,0.0259844,0.0370371,0
0.177499,0.0323765,0.0466515,0
0.145319,0.0667642,0.0629658,0
0.149131,0.05224,0.0237087,0
0.163232,0.0446136,0.0262689,0
0.140866,0.0626613,0.0183894,0
0.141877,0.0297071,0.0271196,0
0.156265,0.0738219,0.0124718,0
0.154342,0.047122,0.0724828,0
0.14232,0.075178,0.0137076,0
0.14792,0.0561514,0.0726199,0
0.145499,0.0514922,0.0661453,0
0.144083,0.060812,0.0309889,0
0.156956,0.0573682,0.00751964,0
0.157684,0.0265499,0.0505925,0
0.147884,0.0487866,0.0734783,0
0.155219,0.0519305,0.0201163,0
0.177072,0.0734397,0.0676391,0
0.191504,0.0459127,0.0617115,0
0.143226,0.0722923,0.0679902,0
0.140767,0.0143516,0.0738046,0
0.150929,0.0600964,0.00664244,0
0.179335,0.0709059,0.0497431,0
0.142424,0.0122461,0.0734179,0
0.140992,0.0350286,0.0435572,0
0.169198,0.0596173,0.0337027,0
0.15035,0.063724,0.0707317,0
0.151579,0.0302525,0.068206,0
0.141356,0.049535,0.0738343,0
0.17107,0.0486794,0.0596171,0
0.150345,0.0174747,0.0511521,0
0.142735,0.0637654,0.034229,0
0.170323,0.0171071,0.0685926,0
0.140787,0.0363413,0.0679941,0
0.141784,0.0137718,0.047084,0
0.143013,0.0433228,0.0645099,0
0.156873,0.0505915,0.0352497,0
0.146729,0.00700052,0.0574357,0
0.155318,0.0707861,0.0727365,0
0.160014,0.0165327,0.0595072,0
0.174739,0.069094,0.0575916,0
0.144379,0.0291469,0.0734257,0
0.149633,0.002715,0.0704404,0
0.142403,0.0615394,0.0722636,0
0.140961,0.0277773,0.0392886,0
0.179109,0.0455601,0.0718657,0
0.145017,0.0296919,0.0335166,0
0.160333,0.0283493,0.0649036,0
0.144698,0.0471855,0.019944,0
0.14747,0.056468,0.0121255,0
0.142561,0.0624327,0.0198102,0
0.189669,0.0604159,0.0668619,0
0.141023,0.0485675,0.0675323,0
0.163252,0.0559647,0.0117354,0
0.153449,0.0382142,0.0581384,0
0.184967,0.0596792,0.036113,0
0.142601,0.0396945,0.0132914,0
0.144823,0.0502992,0.0448223,0
0.150654,0.00584222,0.05465,0
0.145131,0.0375885,0.0554288,0
0.141477,0.0568784,0.0640209,0
0.147672,0.0648085,0.0362456,0
0.158254,0.0485434,0.0453827,0
0.160107,0.0637139,0.0661746,0
0.150537,0.0538529,0.0435349,0
0.158732,0.0450043,0.0116418,0
0.142527,0.0408345,0.0571652,0
0.141393,0.0240499,0.0496997,0
0.145908,0.051169,0.00476077,0
0.166594,0.0515702,0.039891,0
0.145353,0.0717837,0.0503943,0
0.153509,0.0219631,0.0726752,0
0.146326,0.046911,0.0563446,0
0.14906,0.0567698,0.0577712,0
0.157754,0.041404,0.0313454,0
0.147582,0.067928,0.0204047,0
0.16923,0.0213924,0.0439153,0
0.170688,0.0659765,0.0455637,0
0.149794,0.0683856,0.074222,0
0.14706,0.0666096,0.0639323,0
0.161548,0.025187,0.0318798,0
0.149881,0.0310456,0.0427761,0
0.150574,0.0409809,0.0144694,0
0.143881,0.0437281,0.0482208,0
0.143652,0.0568737,0.05992,0
0.141517,0.055315,0.0531495,0
0.140747,0.050695,0.0566323,0
0.142045,0.0648041,0.0440766,0
0.180134,0.0537822,0.0518005,0
0.162575,0.0458117,0.0612828,0
0.151953,0.0265898,0.0236182,0
0.16881,0.0734743,0.0732964,0
0.140858,0.0682412,0.0346803,0
0.155611,0.00698402,0.0659409,0
0.153536,0.0655212,0.043887,0
0.187014,0.0718454,0.0593483,0
0.141343,0.0228077,0.043026,0
0.149776,0.0423431,0.0330213,0
0.162209,0.0410788,0.0500302,0
0.142166,0.0614327,0.0412398,0
0.143848,0.0262163,0.0442984,0
0.141192,0.034282,0.0588312,0
0.140768,0.0733622,0.0189417,0
0.141489,0.0161061,0.0590836,0
0.14195,0.0343146,0.0599108,0
0.176178,0.0707811,0.023685,0
0.141402,0.0525075,0.0122614,0
0.141182,0.0473027,0.0301774,0
0.172187,0.0562165,0.0463684,0
0.140921,0.0201783,0.0678893,0
0.144571,0.043518,0.0745439,0
0.157022,0.0597845,0.0901559,1
0.169499,0.0451907,0.10975,1
0.144195,0.0238849,0.0931347,1
0.162445,0.0115034,0.0836707,1
0.14085,0.0663574,0.0780706,1
0.17872,0.0581282,0.0975586,1
0.142398,0.0680483,0.0879354,1
0.141819,0.0402865,0.0844077,1
0.143335,0.0347855,0.100429,1
0.151653,0.0416127,0.136534,1
0.168147,0.0530597,0.0830373,1
0.140849,0.0621057,0.105481,1
0.185488,0.050071,0.108986,1
0.145625,0.0386305,0.0817929,1
0.17496,0.0222458,0.0777007,1
0.157757,0.0559345,0.129751,1
0.145648,0.0724638,0.0789343,1
0.149693,0.0297502,0.0926315,1
0.145107,0.0593518,0.122077,1
0.151611,0.026178,0.111964,1
0.156055,0.0365674,0.0758739,1
0.148839,0.0259203,0.125075,1
0.151714,0.0439279,0.085004,1
0.14886,0.0175537,0.102829,1
0.168768,0.0416682,0.0755792,1
0.150102,0.0702105,0.0973607,1
0.141875,0.0716713,0.142169,1
0.142637,0.0276562,0.112827,1
0.183489,0.0709221,0.105312,1
0.141153,0.0262075,0.0921461,1
0.141036,0.0693531,0.125445,1
0.173776,0.0429947,0.0946293,1
0.145207,0.0428303,0.110412,1
0.142398,0.066993,0.103294,1
0.148559,0.0481772,0.131116,1
0.142658,0.0504601,0.108571,1
0.160657,0.0237338,0.0973076,1
0.141252,0.0193509,0.0803733,1
0.165965,0.0548051,0.127317,1
0.169186,0.0399465,0.128404,1
0.14535,0.0485196,0.101325,1
0.145554,0.018772,0.0772295,1
0.144918,0.0325009,0.0774548,1
0.183893,0.0396436,0.0797034,1
0.163977,0.0551556,0.0980099,1
0.163263,0.0332535,0.0891635,1
0.140812,0.0579832,0.0790324,1
0.152708,0.066906,0.105374,1
0.142568,0.062902,0.12023,1
0.159787,0.0359208,0.115178,1
0.140831,0.0275521,0.092087,1
0.140763,0.0593678,0.137443,1
0.142217,0.0682514,0.0952471,1
0.141367,0.0338152,0.0752848,1
0.163367,0.0661606,0.10798,1
0.144616,0.0486275,0.0874751,1
0.144951,0.0314672,0.117283,1
0.189415,0.0734726,0.0890351,1
0.143587,0.0754775,0.112298,1
0.167061,0.0711983,0.126515,1
0.155436,0.0167293,0.0863517,1
0.143487,0.0388567,0.123549,1
0.144742,0.0605599,0.0985924,1
0.14836,0.0705667,0.148278,1
0.143677,0.0507554,0.132833,1
0.167788,0.0290686,0.0974342,1
0.147172,0.0564221,0.112094,1
0.151415,0.0650452,0.127129,1
0.152903,0.066447,0.0836182,1
0.15749,0.0504854,0.118239,1
0.151753,0.059506,0.138083,1
0.150696,0.0540029,0.116726,1
0.144187,0.0613841,0.0905785,1
0.140814,0.0708408,0.117845,1
0.148605,0.038912,0.120894,1
0.168145,0.0512489,0.11774,1
0.17873,0.056272,0.082757,1
0.161121,0.0270848,0.1198,1
0.140741,0.0483773,0.102223,1
0.141591,0.0477981,0.092838,1
0.187594,0.0614102,0.0822573,1
0.184557,0.0396225,0.105046,1
0.15252,0.0167954,0.115446,1
0.155615,0.0430157,0.128147,1
0.153562,0.0384691,0.0951337,1
0.181285,0.0703036,0.0819961,1
0.141213,0.0593612,0.127935,1
0.19187,0.071647,0.100135,1
0.144035,0.0607217,0.11622,1
0.141269,0.0334234,0.107137,1
0.140829,0.0645728,0.0886886,1
0.161964,0.0105544,0.101181,1
0.141443,0.0564459,0.087247,1
0.187803,0.0591307,0.0924705,1
0.14625,0.0193119,0.117387,1
0.14077,0.0445755,0.0827674,1
0.145858,0.0711575,0.0960523,1
0.140783,0.0363299,0.100966,1
0.175181,0.0712641,0.106797,1
0.14239,0.0659878,0.13081,1
0.141184,0.0566265,0.108471,1
0.145955,0.0608625,0.0790689,1
0.156695,0.0218906,0.10772,1
0.158477,0.0664859,0.137221,1
0.175037,0.049273,0.103176,1
0.160084,0.0200199,0.0750674,1
0.14415,0.0141461,0.109019,1
0.15188,0.00485553,0.0829541,1
0.148741,0.0361708,0.11072,1
0.149793,0.0440259,0.103846,1
0.1436,0.0233588,0.103851,1
0.162025,0.0321405,0.0756838,1
0.145882,0.00157994,0.0818798,1
0.140748,0.0534572,0.115746,1
0.140854,0.0221172,0.10335,1
0.178663,0.0423644,0.117373,1
0.1703,0.0621478,0.117564,1
0.166262,0.0432972,0.0982032,1
0.173739,0.032082,0.102041,1
0.15754,0.0490332,0.101086,1
0.195489,0.0541279,0.0815653,1
0.141683,0.0400052,0.112084,1
0.165629,0.073352,0.0971574,1
0.141161,0.0307116,0.117486,1
0.1606,0.140676,0.0589157,2
0.147922,0.0776564,0.0439502,2
0.179188,0.0893027,0.0541308,2
0.141132,0.131368,0.0711758,2
0.142158,0.1222,0.0735942,2
0.142883,0.125721,0.0696711,2
0.147494,0.108451,0.069713,2
0.160542,0.086764,0.0346232,2
0.16959,0.0908047,0.0484063,2
0.165868,0.130635,0.0625909,2
0.140898,0.109497,0.0705837,2
0.140954,0.0863919,0.0598505,2
0.162003,0.0920123,0.0693329,2
0.143408,0.115761,0.0491469,2
0.141165,0.0872429,0.0747638,2
0.158895,0.100824,0.0509725,2
0.146032,0.131149,0.0483004,2
0.151869,0.124346,0.0557486,2
0.147219,0.122694,0.0174802,2
0.140739,0.0854555,0.0423399,2
0.180969,0.0845689,0.0257412,2
0.143054,0.116838,0.0160971,2
0.141557,0.0890681,0.04677,2
0.175708,0.0889743,0.0737959,2
0.151813,0.0832562,0.0084827,2
0.149156,0.0790438,0.0552428,2
0.140897,0.130926,0.0525523,2
0.18349,0.0849699,0.0711624,2
0.14284,0.111521,0.0339753,2
0.140882,0.127086,0.0419362,2
0.173161,0.116138,0.0432914,2
0.160311,0.127765,0.0577951,2
0.14804,0.0960772,0.0629444,2
0.162459,0.0855513,0.054868,2
0.143124,0.0885379,0.0663285,2
0.143913,0.0785626,0.0209462,2
0.147038,0.108104,0.0136023,2
0.144054,0.0767543,0.0660998,2
0.15253,0.135792,0.0419579,2
0.16336,0.100242,0.0207101,2
0.144557,0.0841481,0.00838263,2
0.140769,0.115667,0.0549199,2
0.158878,0.0796658,0.0225677,2
0.144083,0.123681,0.0303369,2
0.142098,0.0783679,0.075265,2
0.143013,0.0981623,0.0222563,2
0.140808,0.0867802,0.0170674,2
0.144238,0.0769908,0.0440983,2
0.153487,0.130175,0.0723512,2
0.143176,0.0855493,0.0284344,2
0.141111,0.12733,0.0613068,2
0.158392,0.141226,0.0694987,2
0.142028,0.107323,0.0503942,2
0.141948,0.125254,0.0608378,2
0.150654,0.0796801,0.0647536,2
0.186726,0.0763674,0.0352582,2
0.18188,0.120271,0.0601712,2
0.162242,0.109033,0.0707209,2
0.144798,0.11148,0.0214273,2
0.146669,0.0926296,0.0169897,2
0.1508,0.116205,0.0335305,2
0.158741,0.0815855,0.0440358,2
0.147801,0.129045,0.0381243,2
0.141386,0.1239,0.0259588,2
0.140885,0.105164,0.0549811,2
0.140938,0.1134,0.0195595,2
0.140977,0.109346,0.0388273,2
0.155672,0.0964037,0.0311,2
0.144315,0.136063,0.0386382,2
0.150849,0.0791023,0.0192052,2
0.156101,0.10591,0.0639454,2
0.173792,0.0806106,0.01592,2
0.142477,0.0915739,0.0562382,2
0.142024,0.0893852,0.0550562,2
0.143424,0.0940421,0.0345227,2
0.17772,0.0993296,0.0424803,2
0.145039,0.121874,0.0687047,2
0.14129,0.0950789,0.06495,2
0.14336,0.101164,0.0660348,2
0.161997,0.118902,0.0343228,2
0.170906,0.0777309,0.0559753,2
0.187626,0.0925382,0.046917,2
0.15747,0.0984513,0.0710043,2
0.149251,0.125969,0.0681989,2
0.141046,0.0979485,0.0299863,2
0.140898,0.0971476,0.0471165,2
0.151311,0.0807988,0.0370363,2
0.154144,0.142558,0.058444,2
0.153446,0.101777,0.0486043,2
0.188631,0.0998323,0.0699297,2
0.154336,0.0899382,0.0154722,2
0.14324,0.138527,0.0746498,2
0.141554,0.107649,0.0293296,2
0.141026,0.0771558,0.0466674,2
0.165371,0.115666,0.0601563,2
0.178691,0.0987936,0.0299782,2
0.141045,0.140388,0.0660976,2
0.141693,0.110737,0.0601279,2
0.148398,0.0973964,0.00757591,2
0.166918,0.119344,0.0704577,2
0.170633,0.111092,0.0559728,2
0.140804,0.102192,0.0207092,2
0.155259,0.0858017,0.052565,2
0.140939,0.0793347,0.0328302,2
0.160629,0.118142,0.0513784,2
0.142495,0.107845,0.0742041,2
0.184855,0.0981971,0.0598439,2
0.145754,0.102069,0.0479148,2
0.149742,0.132455,0.0594299,2
0.155808,0.112608,0.0236641,2
0.144241,0.0991562,0.0586095,2
0.177886,0.107592,0.0686406,2
0.142233,0.138057,0.0526497,2
0.175185,0.0848435,0.0367879,2
0.145868,0.14665,0.0586404,2
0.145167,0.10092,0.0347012,2
0.153084,0.113993,0.0433935,2
0.160923,0.0869379,0.0155331,2
0.170489,0.111729,0.0334864,2
0.170537,0.10645,0.0423297,2
0.167067,0.135983,0.0476788,2
0.143647,0.1106,0.0438189,2
0.143452,0.115481,0.0592832,2
0.14395,0.0941448,0.075966,2
0.191255,0.0848006,0.0532325,2
0.145657,0.129541,0.0764532,2
0.17437,0.0980932,0.0930562,3
0.142454,0.0893725,0.121464,3
0.141346,0.116827,0.0854298,3
0.16031,0.109372,0.115991,3
0.16342,0.0837346,0.141732,3
0.158978,0.0772012,0.117453,3
0.191401,0.0855299,0.0812876,3
0.146224,0.109394,0.128483,3
0.143332,0.118633,0.0883789,3
0.155209,0.0798003,0.0805383,3
0.147157,0.139996,0.106235,3
0.142169,0.128576,0.120085,3
0.140938,0.0786661,0.0870786,3
0.144306,0.106594,0.093422,3
0.143355,0.0968926,0.130097,3
0.163953,0.0994138,0.0803457,3
0.140771,0.096966,0.132793,3
0.161595,0.0959857,0.137558,3
0.157657,0.0764591,0.0975605,3
0.143493,0.0965866,0.0886994,3
0.143171,0.141203,0.09909,3
0.141265,0.0993145,0.124904,3
0.147801,0.0866731,0.0990903,3
0.141508,0.143882,0.0818469,3
0.158982,0.0969933,0.107033,3
0.183753,0.0795653,0.114378,3
0.158049,0.128353,0.0876628,3
0.146275,0.0959841,0.124554,3
0.156199,0.142422,0.10111,3
0.185249,0.0881477,0.108935,3
0.141193,0.114592,0.0873263,3
0.155685,0.0953883,0.0990367,3
0.141018,0.0897286,0.12961,3
0.147574,0.101928,0.0781499,3
0.147712,0.087813,0.116288,3
0.156532,0.0971944,0.0811273,3
0.183432,0.101348,0.0788653,3
0.150052,0.0801221,0.123181,3
0.145978,0.111061,0.111315,3
0.148335,0.108162,0.0951454,3
0.140751,0.124613,0.0918427,3
0.172009,0.0878049,0.130453,3
0.163931,0.0996218,0.126555,3
0.148392,0.105268,0.11876,3
0.171822,0.119114,0.0901584,3
0.157743,0.145226,0.0849729,3
0.141199,0.103709,0.09656,3
0.140749,0.0922283,0.107528,3
0.148087,0.0927241,0.0883337,3
0.187669,0.100379,0.101114,3
0.152247,0.131063,0.119288,3
0.144806,0.118083,0.105095,3
0.143611,0.0786223,0.0937181,3
0.179949,0.121866,0.0935484,3
0.142986,0.0781619,0.111248,3
0.177998,0.107352,0.0909658,3
0.146685,0.0889471,0.142082,3
0.142421,0.120818,0.110198,3
0.156336,0.0913057,0.139566,3
0.149615,0.102459,0.0850577,3
0.146652,0.136458,0.0904364,3
0.1554,0.0780984,0.13872,3
0.154064,0.113218,0.0874798,3
0.145371,0.125133,0.115875,3
0.153131,0.118616,0.118317,3
0.148378,0.101472,0.14225,3
0.150659,0.0968433,0.103105,3
0.141191,0.114302,0.123729,3
0.16944,0.0783364,0.118759,3
0.142961,0.0866414,0.0998843,3
0.163985,0.140309,0.093052,3
0.140769,0.108343,0.0942828,3
0.153644,0.124969,0.0830012,3
0.14086,0.0921273,0.0807844,3
0.172067,0.0996343,0.0816337,3
0.142025,0.0861446,0.108542,3
0.145978,0.0770612,0.142646,3
0.17247,0.0769621,0.0845885,3
0.140817,0.112962,0.115147,3
0.153833,0.123166,0.103287,3
0.181896,0.077204,0.125704,3
0.141792,0.101245,0.113978,3
0.150362,0.1161,0.137559,3
0.174475,0.127207,0.0839627,3
0.151833,0.0921146,0.0829364,3
0.163556,0.126911,0.0825099,3
0.14153,0.0854717,0.109991,3
0.162486,0.126565,0.119979,3
0.146063,0.146059,0.0947409,3
0.16422,0.127381,0.100669,3
0.141366,0.107848,0.101073,3
0.140931,0.0818838,0.136395,3
0.168375,0.111522,0.122072,3
0.141733,0.134038,0.099118,3
0.144617,0.0855843,0.127308,3
0.162686,0.0849367,0.104483,3
0.142102,0.0967831,0.10073,3
0.143447,0.0882549,0.0964367,3
0.146209,0.122263,0.0914752,3
0.153679,0.0948168,0.125266,3
0.14205,0.079315,0.125785,3
0.140759,0.0975636,0.0965881,3
0.141443,0.124019,0.0783398,3
0.141099,0.127049,0.110816,3
0.154337,0.132822,0.105715,3
0.172956,0.112783,0.0986059,3
0.173578,0.0850454,0.0947234,3
0.165522,0.136253,0.0807153,3
0.142656,0.131344,0.0821043,3
0.142921,0.134376,0.109684,3
0.180006,0.0907945,0.099935,3
0.189739,0.0957152,0.0832368,3
0.145779,0.0995335,0.113281,3
0.183499,0.0999367,0.113048,3
0.142549,0.0846926,0.136711,3
0.165229,0.107604,0.0887412,3
0.154757,0.123789,0.127607,3
0.178349,0.0773709,0.0997985,3
0.140769,0.0762903,0.104067,3
0.172342,0.103825,0.117997,3
0.170841,0.0905644,0.110352,3
0.151396,0.0877002,0.134475,3
0.141155,0.131263,0.0854761,3
0.180911,0.122994,0.0796325,3
