x coord,y coord,z coord,rank
0.0601786,0.204768,0.107431,0
0.0381883,0.0858439,0.106528,0
0.0829879,0.072472,0.101562,0
0.0619427,0.117487,0.0121128,0
0.0684886,0.205485,0.0584812,0
0.0588465,0.0817797,0.0822265,0
0.0625641,0.0720647,0.0980256,0
0.0609192,0.20227,0.110801,0
0.058837,0.202112,0.10804,0
0.0889012,0.00744537,0.0528515,0
0.0429494,0.0709563,0.052774,0
0.0528372,0.0473488,0.0765762,0
0.0016488,0.10186,0.0568674,0
0.0583601,0.00478328,0.100085,0
0.00309116,0.158843,0.0999833,0
0.0593122,0.171234,0.107636,0
0.060192,0.204726,0.104955,0
0.0799627,0.0878891,0.0863955,0
0.0489276,0.221037,0.0304818,0
0.0787017,0.185459,0.0923846,0
0.00712298,0.144327,0.00767195,0
0.0653137,0.0648679,0.0472218,0
0.0261499,0.167578,0.0261589,0
0.00223062,0.121734,0.0708396,0
0.0650095,0.0557168,0.103189,0
0.0669293,0.133123,0.0162643,0
0.0329292,0.0840274,0.0234156,0
0.0428616,0.189141,0.00271243,0
0.0332408,0.150226,0.0571189,0
0.0592228,0.217934,0.10693,0
0.0799961,0.221433,0.0942193,0
0.0717244,0.117834,0.00704486,0
0.0609284,0.203911,0.102812,0
0.0151835,0.144793,0.0214702,0
0.0304994,0.201205,0.102593,0
0.010379,0.178696,0.0962731,0
0.0328892,0.00762942,0.0763967,0
0.0250388,0.052507,0.0343526,0
0.0546441,0.11658,0.0252167,0
0.0105426,0.121563,0.00388231,0
0.00614572,0.189541,0.0661014,0
0.0552597,0.0945175,0.0870281,0
0.045193,0.0482619,0.0703479,0
0.00658358,0.0132508,0.106066,0
0.0884751,0.190017,0.098998,0
0.0492351,0.0818544,0.0438301,0
0.0527864,0.127362,0.034374,0
0.0791531,0.19707,0.00372754,0
0.0855411,0.0219318,0.106527,0
0.0592952,0.219658,0.101196,0
0.05916,0.213165,0.10447,0
0.0180879,0.107107,0.0281228,0
0.0368275,0.0458938,0.058968,0
0.0678973,0.13743,0.0151653,0
0.0713903,0.0361766,0.0060152,0
0.0374776,0.0898696,0.0386739,0
0.061999,0.163826,0.0110692,0
0.0343337,0.177644,0.0240536,0
0.0271202,0.212263,0.0270967,0
0.0298027,0.202215,0.102017,0
0.0596179,0.201781,0.108443,0
0.0319164,0.0478587,0.0230267,0
0.043574,0.0875673,0.106913,0
0.0369323,0.18471,0.0445793,0
0.00265013,0.0680584,0.0364121,0
0.0027633,0.203741,0.0936128,0
0.00224234,0.0449091,0.00990294,0
0.0533065,0.19479,0.0467947,0
0.0520746,0.144242,0.0245539,0
0.0548289,0.00376472,0.0763894,0
0.0344689,0.130452,0.0190913,0
0.0238938,0.0447405,0.0722916,0
0.0266209,0.00321567,0.000569995,0
0.0531476,0.0946356,0.0647554,0
0.0637696,0.11556,0.0871063,0
0.0907823,0.00780726,0.093367,0
0.0506048,0.198684,0.101532,0
0.0665542,0.00534591,0.091346,0
0.0181813,0.0695908,0.0281805,0
0.0326068,0.0952935,0.000487144,0
0.0581319,0.0754438,0.0917732,0
0.0611685,0.211295,0.017555,0
0.078686,0.103651,0.0507068,0
0.0272626,0.0983324,0.0926325,0
0.0640529,0.151703,0.0718149,0
0.0580701,0.204901,0.110533,0
0.0727921,0.0201001,0.0713438,0
0.0373145,0.128883,0.0358902,0
0.0744914,0.18338,0.0517879,0
0.0393373,0.00821679,0.065654,0
0.0828432,0.200871,0.00357912,0
0.0759913,0.0606276,0.0291332,0
0.0165786,0.0678756,0.0273981,0
0.051162,0.169172,0.0345307,0
0.0751071,0.0929453,0.0487886,0
0.0430426,0.0555087,0.00235431,0
0.0424031,0.203485,0.000201916,0
0.0290827,0.22222,0.0829646,0
0.0205498,0.203335,0.0452266,0
0.0129652,0.0265874,0.100412,0
0.00882391,0.14441,0.017241,0
0.0854326,0.10621,0.101062,0
0.0710687,0.147989,0.0227107,0
0.0138518,0.132043,0.0911196,0
0.00690423,0.0651514,0.0862825,0
0.0573001,0.199867,0.109946,0
0.0574393,0.0142762,0.0291482,0
0.0862734,0.0370491,0.0898659,0
0.0195504,0.0199084,0.109814,0
0.0639902,0.172835,0.00727189,0
0.0201383,0.00573844,0.103781,0
0.0775697,0.059354,0.0100409,0
0.0207731,0.167652,0.0240127,0
0.0400531,0.209052,0.0832943,0
0.086014,0.080989,0.0711002,0
0.0878588,0.130081,0.0381827,0
0.0428617,0.130005,0.0918532,0
0.05687,0.203197,0.107797,0
0.00877123,0.161189,0.104552,0
0.0575244,0.19828,0.106421,0
0.0576985,0.203277,0.10777,0
0.0424628,0.133917,0.103066,0
0.0846686,0.166982,0.0963727,0
0.0876174,0.0669119,0.0640038,0
0.0595473,0.202574,0.10722,0
0.0621079,0.203497,0.10816,0
0.0597618,0.202074,0.109579,0
0.062567,0.200464,0.11072,0
0.205181,0.0905734,0.108321,1
0.203638,0.0898158,0.100482,1
0.18929,0.0320233,0.0533967,1
0.118985,0.137714,0.0786451,1
0.0983895,0.224603,0.089251,1
0.19833,0.0661066,0.0271315,1
0.0937681,0.031943,0.0121325,1
0.221442,0.0980929,0.031387,1
0.185228,0.165312,0.0973607,1
0.121109,0.129754,0.0329759,1
0.179912,0.109576,0.0906989,1
0.171899,0.0176294,0.0199493,1
0.182881,0.0379949,0.041165,1
0.112901,0.0832237,0.0851187,1
0.0980977,0.157533,0.0864665,1
0.110443,0.111195,0.0143807,1
0.20025,0.105754,0.0207321,1
0.123231,0.186918,0.0663046,1
0.13659,0.213109,0.106955,1
0.0963508,0.164339,0.0758814,1
0.216191,0.0209606,0.0190145,1
0.168896,0.00187589,0.0423688,1
0.0932261,0.0330213,0.0154475,1
0.165569,0.0311061,0.0638019,1
0.223049,0.00323232,0.0376253,1
0.200813,0.181509,0.000333459,1
0.179317,0.191015,0.0745915,1
0.205544,0.0486163,0.0111956,1
0.136978,0.0289398,0.0465,1
0.165406,0.0140207,0.00912799,1
0.10014,0.172686,0.0282181,1
0.133764,0.0436603,0.0853188,1
0.166335,0.1605,0.0566193,1
0.168972,0.196375,0.0619958,1
0.134924,0.0888941,0.0547938,1
0.186384,0.145157,0.104562,1
0.197178,0.21824,0.0822904,1
0.092702,0.0554991,0.0959397,1
0.113459,0.22081,0.0516492,1
0.219454,0.0525556,0.0390446,1
0.185223,0.0726195,0.0449813,1
0.162132,0.103267,0.015961,1
0.121755,0.0588502,0.0467774,1
0.168045,0.207418,0.0290008,1
0.106813,0.191965,0.059697,1
0.146284,0.161802,0.075801,1
0.0927026,0.181376,0.0732425,1
0.174661,0.0513533,0.10331,1
0.161257,0.20326,0.0724055,1
0.170418,0.136003,0.101662,1
0.202971,0.21092,0.10438,1
0.115888,0.192953,0.00330273,1
0.169417,0.155738,0.0192467,1
0.118496,0.0432899,0.00466628,1
0.100757,0.217542,0.0533673,1
0.154286,0.173248,0.0542092,1
0.161999,0.0855933,0.0986916,1
0.128885,0.168618,0.0538258,1
0.120484,0.159371,0.047465,1
0.151074,0.106757,0.0266454,1
0.18203,0.0298908,0.0762709,1
0.182505,0.150445,0.101273,1
0.173864,0.166584,0.104043,1
0.136242,0.0239536,0.0237608,1
0.189132,0.22492,0.00612561,1
0.167907,0.0268293,0.0936385,1
0.146927,0.207457,0.106217,1
0.129986,0.0280709,0.0451463,1
0.191973,0.0521536,0.0883849,1
0.218745,0.0570273,0.016551,1
0.157005,0.113701,0.100775,1
0.189147,0.0542516,0.0847717,1
0.176595,0.0762731,0.0920381,1
0.17313,0.11748,0.0320194,1
0.209395,0.187029,0.0701216,1
0.215246,0.136986,0.0186563,1
0.207071,0.17907,0.110129,1
0.172385,0.162662,0.0581095,1
0.131527,0.178639,0.0061213,1
0.221114,0.0170588,0.0991632,1
0.103088,0.153182,0.0502132,1
0.131878,0.0995427,0.0631897,1
0.0994974,0.154769,0.0200773,1
0.19554,0.0968304,0.108081,1
0.215951,0.134427,0.0256737,1
0.132125,0.155383,0.0374213,1
0.190021,0.134528,0.0699662,1
0.194387,0.156336,0.0314713,1
0.184309,0.185808,0.0393283,1
0.193861,0.0797082,0.0822814,1
0.0954464,0.0773349,0.0780513,1
0.0984588,0.0728252,0.0459507,1
0.128431,0.193359,0.100949,1
0.104685,0.217517,0.00472789,1
0.223843,0.0324081,0.0221027,1
0.135229,0.103042,0.0966914,1
0.213496,0.014061,0.0303584,1
0.202591,0.221314,0.0873191,1
0.150617,0.0520603,0.0761963,1
0.149442,0.222266,0.056279,1
0.135344,0.170407,0.10047,1
0.106761,0.0576104,0.0459653,1
0.170035,0.162232,0.0374813,1
0.147929,0.0053024,0.0991458,1
0.217963,0.0547762,0.00606924,1
0.179182,0.0232014,0.0194557,1
0.152819,0.203097,0.0513834,1
0.165209,0.0785072,0.0676228,1
0.204136,0.0819042,0.0863632,1
0.163962,0.0892312,0.0474878,1
0.136727,0.0517457,0.0310893,1
0.133087,0.0523398,0.0679726,1
0.194963,0.0593371,0.0314931,1
0.157629,0.18839,0.0221535,1
0.174224,0.208534,0.0960756,1
0.12124,0.123009,0.0302049,1
0.11146,0.20172,0.0918493,1
0.163843,0.209112,0.100294,1
0.199502,0.106695,0.0385494,1
0.192965,0.185198,0.101817,1
0.107657,0.121257,0.0204111,1
0.159186,0.0689199,0.0295445,1
0.132842,0.0831569,0.00674154,1
0.103208,0.20915,0.050921,1
0.0966885,0.095248,0.0398505,1
0.176023,0.0460295,0.136633,2
0.191087,0.00807807,0.148194,2
0.160128,0.130867,0.184666,2
0.209989,0.091871,0.191849,2
0.110134,0.000118256,0.18988,2
0.223044,0.182964,0.175909,2
0.161956,0.162838,0.202969,2
0.150805,0.0550525,0.174065,2
0.215899,0.0398134,0.216221,2
0.154688,0.0552132,0.186822,2
0.20855,0.0926143,0.187868,2
0.179273,0.163474,0.205268,2
0.16783,0.00979549,0.125938,2
0.106154,0.0323134,0.150668,2
0.224513,0.0686832,0.212267,2
0.142782,0.188076,0.163357,2
0.168282,0.0182523,0.124116,2
0.216813,0.139036,0.146419,2
0.110804,0.0202286,0.169195,2
0.108757,0.201115,0.192442,2
0.111418,0.184883,0.135782,2
0.169157,0.0463066,0.189895,2
0.200479,0.191564,0.161216,2
0.200486,0.00985981,0.131495,2
0.15916,0.200578,0.176526,2
0.210662,0.0121181,0.148533,2
0.161373,0.195101,0.143924,2
0.123256,0.115519,0.116384,2
0.17157,0.169634,0.186559,2
0.120876,0.068109,0.208001,2
0.156219,0.000426162,0.158947,2
0.177224,0.138255,0.130228,2
0.151729,0.00185293,0.113367,2
0.149313,0.161384,0.173143,2
0.221011,0.178057,0.130773,2
0.124869,0.0565485,0.137616,2
0.169475,0.0779175,0.211008,2
0.192755,0.0303312,0.122506,2
0.198686,0.202655,0.183283,2
0.14232,0.0742199,0.159335,2
0.210378,0.123989,0.191992,2
0.219923,0.215426,0.131408,2
0.175284,0.0852362,0.215387,2
0.180887,0.195777,0.193862,2
0.204792,0.0626637,0.173148,2
0.164943,0.178,0.182707,2
0.144257,0.195732,0.146663,2
0.214533,0.124894,0.223705,2
0.128073,0.109648,0.161414,2
0.136582,0.00789238,0.174435,2
0.117709,0.195635,0.149622,2
0.17843,0.140029,0.172068,2
0.106841,0.129857,0.210038,2
0.192573,0.217245,0.22116,2
0.12861,0.208744,0.115815,2
0.150357,0.222068,0.195906,2
0.196729,0.106872,0.213754,2
0.19736,0.143343,0.148098,2
0.119649,0.163988,0.126104,2
0.119965,0.134437,0.204746,2
0.166258,0.158909,0.219952,2
0.223313,0.214177,0.219548,2
0.137692,0.0107926,0.159825,2
0.172933,0.191156,0.199113,2
0.156713,0.220725,0.204417,2
0.163336,0.0546587,0.210813,2
0.18294,0.162305,0.127092,2
0.127646,0.103185,0.140456,2
0.130205,0.19622,0.188192,2
0.101323,0.0296012,0.164143,2
0.213322,0.0223048,0.134008,2
0.126942,0.0380952,0.198934,2
0.189142,0.0119614,0.182322,2
0.224199,0.190973,0.182627,2
0.183598,0.100666,0.18629,2
0.120685,0.141261,0.18356,2
0.186087,0.011009,0.164022,2
0.165683,0.164827,0.186702,2
0.191833,0.132302,0.170551,2
0.20308,0.190003,0.210219,2
0.176032,0.0905699,0.198868,2
0.11466,0.17798,0.129892,2
0.104801,0.0762109,0.183311,2
0.214532,0.0121661,0.180133,2
0.216257,0.146432,0.164977,2
0.121672,0.0895712,0.112014,2
0.192745,0.166988,0.180657,2
0.220279,0.190239,0.189066,2
0.17405,0.105102,0.199491,2
0.187999,0.0932356,0.162343,2
0.177784,0.0470673,0.192438,2
0.146323,0.036566,0.125988,2
0.215477,0.202796,0.158432,2
0.185119,0.155911,0.177716,2
0.19592,0.103745,0.11451,2
0.172035,0.0974862,0.218848,2
0.182587,0.00112417,0.122995,2
0.156885,0.113278,0.172051,2
0.206266,0.0834785,0.158639,2
0.175682,0.146919,0.125932,2
0.124532,0.00783423,0.127102,2
0.142912,0.124844,0.182667,2
0.157685,0.10513,0.160048,2
0.174034,0.208717,0.14479,2
0.11253,0.140149,0.124472,2
0.20988,0.133545,0.112342,2
0.170209,0.0126039,0.137821,2
0.212565,0.104149,0.19463,2
0.134225,0.223702,0.118595,2
0.221859,0.0555624,0.20851,2
0.167947,0.128569,0.154463,2
0.132256,0.00422216,0.141764,2
0.108747,0.0319039,0.20769,2
0.224588,0.0192413,0.162238,2
0.14891,0.123735,0.127169,2
0.141733,0.034872,0.133005,2
0.116933,0.0190314,0.210728,2
0.199297,0.117894,0.121692,2
0.203274,0.129436,0.115412,2
0.141637,0.0291649,0.164772,2
0.169193,0.0580352,0.194448,2
0.12852,0.126271,0.182183,2
0.107023,0.113424,0.20605,2
0.101716,0.0333432,0.193357,2
0.206889,0.183071,0.112375,2
0.0219363,0.0821422,0.156619,3
0.0508359,0.207457,0.166075,3
0.0398736,0.141359,0.11805,3
0.0419841,0.195489,0.160616,3
0.00797637,0.166805,0.211562,3
0.0815432,0.111188,0.124922,3
0.0523931,0.176838,0.135558,3
0.0643636,0.0913356,0.112629,3
0.0890217,0.113052,0.130716,3
0.0445081,0.203557,0.155311,3
0.058463,0.203871,0.113501,3
0.00165567,0.0300666,0.184015,3
0.0215782,0.0933674,0.211078,3
0.056288,0.200209,0.113958,3
0.00146985,0.174304,0.223564,3
0.0524047,0.14667,0.201797,3
0.0396432,0.162927,0.180361,3
0.0323751,0.140024,0.126958,3
0.0114147,0.122476,0.12692,3
0.0304503,0.0900553,0.201028,3
0.0492031,0.0171936,0.203964,3
0.0739926,0.115476,0.191834,3
0.0294584,0.122179,0.161869,3
0.0923604,0.108211,0.204369,3
0.0591749,0.0873595,0.203634,3
0.0560408,0.202259,0.111663,3
0.0243364,0.15393,0.194923,3
0.00782092,0.136118,0.12084,3
0.00380982,0.0593662,0.191441,3
0.0232176,0.0916395,0.111216,3
0.0720475,0.0971425,0.197331,3
0.0796677,0.0888758,0.150486,3
0.0305153,0.11807,0.224883,3
0.0686097,0.16391,0.221183,3
0.0640344,0.199797,0.118333,3
0.0885912,0.209851,0.122139,3
0.0240815,0.089867,0.224709,3
0.0212217,0.147934,0.131859,3
0.0628355,0.000751444,0.141778,3
0.0864232,0.0606341,0.129062,3
0.0648529,0.00111413,0.148433,3
0.0250173,0.0378697,0.130784,3
0.00329671,0.0703956,0.166613,3
0.081907,0.129366,0.137631,3
0.0693358,0.103765,0.181353,3
0.0799114,0.126556,0.161859,3
0.0291401,0.161717,0.202967,3
0.058594,0.205802,0.110918,3
0.0235969,0.0279953,0.180912,3
0.00894659,0.0542879,0.217656,3
0.0736743,0.135369,0.195272,3
0.0372043,0.0974375,0.199138,3
0.012131,0.124101,0.138979,3
0.0996902,0.205681,0.205952,3
0.0109891,0.0152401,0.158727,3
0.0589783,0.200356,0.115784,3
0.0102884,0.0679862,0.131053,3
0.0819707,0.141034,0.204086,3
0.00159939,0.0720871,0.144359,3
0.0016469,0.212131,0.127192,3
0.057928,0.201587,0.116252,3
0.0455738,0.112218,0.155158,3
0.0955477,0.0670479,0.16039,3
0.0224933,0.182386,0.167389,3
0.0914885,0.21315,0.172425,3
0.0196773,0.193177,0.119403,3
0.0560246,0.145342,0.173151,3
0.00377872,0.192487,0.184149,3
0.077093,0.0656872,0.195731,3
0.0939264,0.207262,0.131372,3
0.0315885,0.193525,0.193619,3
0.0574217,0.201649,0.115281,3
0.0202248,0.0830898,0.224579,3
0.0559867,0.147248,0.17799,3
0.0998539,0.0584161,0.203656,3
0.0423771,0.0194708,0.125187,3
0.0712299,0.087083,0.168452,3
0.030778,0.175854,0.211132,3
0.0601998,0.0519349,0.210895,3
0.0823429,0.211569,0.173158,3
0.0791851,0.0595361,0.173069,3
0.0245993,0.0614571,0.142778,3
0.0410188,0.16794,0.195296,3
0.0534412,0.201176,0.111364,3
0.0433712,0.222482,0.175121,3
0.0873153,0.195065,0.116656,3
0.069188,0.187871,0.221483,3
0.0067507,0.100115,0.224725,3
0.0620462,0.200121,0.114847,3
0.0979174,0.0908779,0.2204,3
0.0554325,0.201613,0.116723,3
0.0590032,0.199368,0.111782,3
0.0292384,0.100319,0.167666,3
0.0626727,0.201392,0.111782,3
0.0543701,0.0162286,0.181455,3
0.0411774,0.0515209,0.143328,3
0.091761,0.141697,0.12793,3
0.0664743,0.215771,0.113592,3
0.0127977,0.209643,0.149946,3
0.0763323,0.0608239,0.111902,3
0.0225005,0.181318,0.18562,3
0.0689778,0.113223,0.202221,3
0.0219701,0.121199,0.128141,3
0.0749408,0.152443,0.154558,3
0.00988543,0.14618,0.20578,3
0.0162418,0.184221,0.220643,3
0.0848577,0.0240635,0.147435,3
0.0483171,0.149398,0.207088,3
0.0765862,0.217785,0.115016,3
0.0386555,0.0221838,0.189599,3
0.0413344,0.21212,0.140839,3
0.0438186,0.177247,0.168518,3
0.0604394,0.115579,0.168084,3
0.0959847,0.0299716,0.199307,3
0.0579814,0.203643,0.115401,3
0.0593977,0.198105,0.115695,3
0.0578697,0.196805,0.112261,3
0.0587548,0.201673,0.121506,3
0.0592845,0.203085,0.111392,3
0.0605806,0.206666,0.113873,3
0.0562435,0.200641,0.113964,3
0.0532473,0.201026,0.11564,3
