x coord,y coord,z coord,rank
0.109487,0.160472,0.129083,0
0.0407363,0.122968,0.102667,0
0.0829119,0.130902,0.0244618,0
0.17972,0.142235,0.127817,0
0.0899873,0.200422,0.111302,0
0.223812,0.158778,0.114367,0
0.134436,0.128687,0.116808,0
0.0703075,0.17302,0.00370597,0
0.188311,0.191288,0.0365417,0
0.20056,0.160652,0.018505,0
0.131178,0.22215,0.0572181,0
0.221782,0.217374,0.0780281,0
0.156094,0.151191,0.0441104,0
0.14683,0.224205,0.0738663,0
0.0588496,0.203803,0.0213625,0
0.061185,0.176458,0.0793642,0
0.156078,0.179917,0.123236,0
0.0703309,0.170229,0.053913,0
0.154381,0.128864,0.0711201,0
0.0871553,0.201873,0.0971805,0
0.043021,0.151887,0.00574121,0
0.111611,0.131596,0.0901124,0
0.00372812,0.224912,0.0155814,0
0.17613,0.143862,0.0538529,0
0.128045,0.222802,0.0638353,0
0.0106094,0.1355,0.0210491,0
0.0756601,0.222357,0.091145,0
0.124735,0.126868,0.103081,0
0.186,0.197494,0.002471,0
0.110618,0.17758,0.0942793,0
0.159713,0.213237,0.0405774,0
0.178008,0.18226,0.0372016,0
0.174967,0.221203,0.0202503,0
0.0141354,0.122487,0.0174648,0
0.200397,0.166331,0.0470615,0
0.221759,0.131344,0.100225,0
0.0880115,0.19773,0.100786,0
0.130771,0.140481,0.0263576,0
0.1284,0.197662,0.0879095,0
0.210585,0.15661,0.0850133,0
0.152164,0.194627,0.112223,0
0.153092,0.159985,0.0816351,0
0.126609,0.156505,0.000535727,0
0.143373,0.205303,0.112934,0
0.142652,0.202717,0.119802,0
0.0422223,0.203407,0.0846184,0
0.0125549,0.16524,0.0492598,0
0.194558,0.218168,0.0297774,0
0.101757,0.15055,0.0172327,0
0.203631,0.216401,0.103736,0
0.0747838,0.20061,0.00942091,0
0.145907,0.125693,0.129603,0
0.0414376,0.191127,0.0568544,0
0.116529,0.202476,0.10295,0
0.187298,0.128359,0.0285261,0
0.196616,0.118891,0.0131803,0
0.211676,0.154333,0.0181981,0
0.0124654,0.212901,0.114406,0
0.0013344,0.188834,0.013551,0
0.0252278,0.213045,0.107718,0
0.169139,0.207497,0.0124915,0
0.121936,0.129296,0.0775367,0
0.191768,0.125996,0.0215204,0
0.198025,0.118633,0.0701963,0
0.202162,0.139607,0.0996519,0
0.194587,0.153214,0.0820924,0
0.0739236,0.202658,0.0582609,0
0.0533401,0.211292,0.0539216,0
0.201675,0.222323,0.00865866,0
0.041345,0.151466,0.0279401,0
0.219814,0.194484,0.0572702,0
0.0640488,0.224144,0.0880361,0
0.175009,0.217086,0.0159664,0
0.173472,0.153405,0.0858113,0
0.0940277,0.205199,0.111799,0
0.138321,0.145749,0.075313,0
0.0299567,0.126888,0.0796222,0
0.136521,0.142501,0.0747303,0
0.0231786,0.123486,0.0911752,0
0.168436,0.152581,0.112862,0
0.137505,0.169398,0.0772341,0
0.173849,0.158355,0.0884203,0
0.214824,0.122855,0.0626856,0
0.138271,0.172764,0.0578353,0
0.151947,0.220383,0.00271984,0
0.0827707,0.18917,0.112899,0
0.00833391,0.126129,0.0542093,0
0.0950108,0.224302,0.116485,0
0.164197,0.205981,0.0713227,0
0.107254,0.134127,0.0935116,0
0.164387,0.210036,0.115248,0
0.0624447,0.161709,0.0113882,0
0.197416,0.221459,0.0481154,0
0.080736,0.160366,0.0399635,0
0.20695,0.17283,0.0835524,0
0.191897,0.220103,0.0157278,0
0.150918,0.206904,0.0647843,0
0.190207,0.15222,0.0727739,0
0.101906,0.18007,0.0326021,0
0.0360188,0.186566,0.100423,0
0.104378,0.175756,0.120661,0
0.124677,0.197885,0.120454,0
0.0692128,0.117812,0.0427056,0
0.0239317,0.160039,0.0436573,0
0.202717,0.198062,0.0398319,0
0.0579863,0.150034,0.0166291,0
0.155841,0.120712,0.104747,0
0.0890342,0.154065,0.111681,0
0.132057,0.125084,0.100265,0
0.0256381,0.167998,0.0124018,0
0.0502385,0.132586,0.074376,0
0.1749,0.133249,0.071438,0
0.175602,0.215957,0.00307822,0
0.109894,0.176272,0.0421664,0
0.136913,0.19699,0.0759425,0
0.119992,0.151414,0.0453544,0
0.193321,0.185373,0.0557191,0
0.119938,0.202242,0.0849331,0
0.106292,0.147844,0.0894956,0
0.128894,0.182898,0.0644337,0
0.0939859,0.203963,0.00921368,0
0.0893916,0.173318,0.0298676,0
0.0591573,0.11772,0.0552236,0
0.117455,0.124956,0.060482,0
0.181418,0.185134,0.129348,0
0.107396,0.165603,0.129906,0
0.0921696,0.110117,0.123438,1
0.0888465,0.0305691,0.121977,1
0.163544,0.0706236,0.116299,1
0.0262009,0.0892311,0.168332,1
0.137296,0.0606392,0.209358,1
0.123729,0.0825857,0.172353,1
0.123045,0.0809584,0.119633,1
0.0852468,0.0147322,0.170325,1
0.0456924,0.0544325,0.125568,1
0.212388,0.0102858,0.140849,1
0.139499,0.0439501,0.172824,1
0.190917,0.0782476,0.209576,1
0.0885521,0.0271332,0.221258,1
0.0309121,0.105738,0.142114,1
0.12167,0.063136,0.130338,1
0.0060424,0.0494138,0.168275,1
0.113688,0.0460347,0.148772,1
0.0668445,0.0380318,0.150543,1
0.0324711,0.0433824,0.215733,1
0.0441238,0.0704381,0.125091,1
0.109685,0.0388792,0.141844,1
0.152441,0.0847578,0.136289,1
0.193278,0.0913554,0.114562,1
0.0814866,0.0440401,0.203185,1
0.071682,0.0123703,0.213613,1
0.199821,0.108077,0.21073,1
0.0259101,0.10747,0.186898,1
0.0462222,0.0789995,0.119399,1
0.156374,0.029724,0.165809,1
0.0395523,0.0195585,0.144228,1
0.0164991,0.053391,0.217451,1
0.0761194,0.0903458,0.194326,1
0.119639,0.0671405,0.115335,1
0.028726,0.0068813,0.171513,1
0.0173396,0.034549,0.224664,1
0.167462,0.0584332,0.162257,1
0.0176302,0.0965639,0.210469,1
0.00270189,0.0568981,0.162494,1
0.182202,0.073353,0.171148,1
0.107331,0.0762517,0.135081,1
0.216836,0.0213046,0.151152,1
0.211814,0.0064379,0.156483,1
0.131315,0.0950567,0.199953,1
0.062553,0.0270486,0.127016,1
0.213269,0.0585616,0.157649,1
0.0565565,0.0338504,0.217863,1
0.0191654,0.0224626,0.146949,1
0.0515003,0.109631,0.131905,1
0.169668,0.0946609,0.206212,1
0.13697,0.00196402,0.129201,1
0.136003,0.0939624,0.135848,1
0.190532,0.0537719,0.116625,1
0.152588,0.0538371,0.15043,1
0.0425336,0.0763795,0.154152,1
0.0471095,0.0247892,0.223344,1
0.123874,0.00898342,0.131164,1
0.154461,0.0656263,0.18113,1
0.0548691,0.0745117,0.137006,1
0.0241509,0.023192,0.208108,1
0.194522,0.084439,0.154306,1
0.0444576,0.0803955,0.201257,1
0.129402,0.0448745,0.15459,1
0.0654999,0.067701,0.177399,1
0.0774484,0.0968553,0.17095,1
0.104,0.0771587,0.131995,1
0.0120139,0.0282011,0.171852,1
0.163059,0.028778,0.195425,1
0.151152,0.0515294,0.218784,1
0.0436671,0.018602,0.14526,1
0.154793,0.0165372,0.193945,1
0.0749374,0.0600044,0.203374,1
0.168231,0.0183605,0.163388,1
0.11594,0.115105,0.205837,1
0.159322,0.095971,0.141464,1
0.0828414,0.0816466,0.155733,1
0.19362,0.0315552,0.191353,1
0.144563,0.106437,0.145775,1
0.0210551,0.060787,0.161138,1
0.0752007,0.0823862,0.166038,1
0.13731,0.0246399,0.177154,1
0.0799661,0.0849671,0.168111,1
0.137819,0.0692216,0.167623,1
0.0688777,0.0247457,0.163375,1
0.0984712,0.0409165,0.165703,1
0.0357982,0.0101684,0.133593,1
0.0655267,0.0510536,0.172448,1
0.0746676,0.0216764,0.165105,1
0.0542755,0.0225482,0.13621,1
0.153062,0.0165707,0.125305,1
0.13106,0.0147797,0.209036,1
0.047229,0.069671,0.175637,1
0.0871595,0.087914,0.217047,1
0.0598437,0.101032,0.148323,1
0.128011,0.110025,0.200588,1
0.146449,0.029739,0.216259,1
0.208974,0.0280215,0.175935,1
0.0706443,0.0565974,0.199606,1
0.181821,0.0580145,0.127313,1
0.0699634,0.0969529,0.140194,1
0.0852679,0.0811272,0.163201,1
0.065713,0.00722915,0.159209,1
0.0746618,0.0845449,0.167264,1
0.212324,0.0720447,0.152464,1
0.142633,0.0651111,0.157523,1
0.0888743,0.00986441,0.191472,1
0.197745,0.0976655,0.165534,1
0.096898,0.0328978,0.128897,1
0.121293,0.00890084,0.178353,1
0.0416186,0.0535892,0.134317,1
0.100287,0.0698368,0.180792,1
0.0934794,0.0109793,0.167642,1
0.130097,0.0564411,0.120516,1
0.0544797,0.114932,0.209635,1
0.0699349,0.0781479,0.145404,1
0.101512,0.0665554,0.179407,1
0.0132856,0.00961432,0.197003,1
0.0891232,0.0815601,0.154937,1
0.0695595,0.0951422,0.185427,1
0.0694173,0.0903593,0.204523,1
0.108341,0.00116767,0.218541,1
0.182472,0.113046,0.138186,1
0.125208,0.107925,0.122799,1
0.119132,0.113264,0.176767,1
0.0825063,0.110016,0.13737,1
0.1424,0.0712334,0.116432,1
0.151164,0.114713,0.127306,1
0.00257349,0.143971,0.218986,2
0.0718077,0.195124,0.206996,2
0.00360896,0.166002,0.219249,2
0.00948101,0.171017,0.177119,2
0.0664224,0.185794,0.21899,2
0.114469,0.118061,0.210709,2
0.107698,0.204137,0.134644,2
0.107697,0.129461,0.159638,2
0.0595539,0.213977,0.211083,2
0.0353752,0.181577,0.133291,2
0.0342746,0.193913,0.147539,2
0.0332942,0.187468,0.145451,2
0.0280128,0.194737,0.146106,2
0.0294729,0.188088,0.149367,2
0.204004,0.126984,0.184094,2
0.0717946,0.123442,0.204083,2
0.168004,0.147242,0.191622,2
0.0331385,0.185935,0.151302,2
0.0316659,0.191312,0.152887,2
0.0383652,0.188288,0.148401,2
0.034293,0.188594,0.147892,2
0.0277468,0.12567,0.172662,2
0.104473,0.220345,0.132093,2
0.147066,0.217539,0.159993,2
0.204133,0.216159,0.181601,2
0.0854755,0.122136,0.135951,2
0.0977416,0.190461,0.149601,2
0.0325634,0.192136,0.144452,2
0.153199,0.12152,0.214282,2
0.143936,0.170582,0.196698,2
0.206543,0.208861,0.132919,2
0.00866722,0.125416,0.140712,2
0.0309355,0.189988,0.146004,2
0.0348749,0.186826,0.14414,2
0.0409919,0.145069,0.219132,2
0.0263074,0.191472,0.144504,2
0.0107673,0.197569,0.217947,2
0.0258287,0.187226,0.147097,2
0.0346225,0.184671,0.145433,2
0.154991,0.150092,0.198011,2
0.0315715,0.191713,0.150225,2
0.0351764,0.179941,0.206909,2
0.125344,0.140989,0.149365,2
0.163806,0.210181,0.208948,2
0.0198089,0.138022,0.150052,2
0.135215,0.212218,0.193879,2
0.0823621,0.182613,0.181357,2
0.131937,0.210459,0.16951,2
0.0432776,0.146255,0.156611,2
0.13163,0.210443,0.205362,2
0.0990275,0.127956,0.220678,2
0.0597311,0.200513,0.199078,2
0.0330441,0.187399,0.145861,2
0.093354,0.163787,0.177009,2
0.217831,0.158552,0.206701,2
0.0353356,0.184959,0.149419,2
0.166074,0.138866,0.15277,2
0.0634543,0.160989,0.192974,2
0.0359646,0.188416,0.150106,2
0.0384483,0.190817,0.145286,2
0.0729693,0.119991,0.181317,2
0.0575355,0.173596,0.177163,2
0.128966,0.192098,0.190057,2
0.0297984,0.187854,0.151784,2
0.0109218,0.211973,0.219606,2
0.166786,0.134319,0.193435,2
0.167561,0.192076,0.136596,2
0.0535716,0.166206,0.193571,2
0.0296497,0.189845,0.150418,2
0.20882,0.159219,0.206233,2
0.182577,0.143396,0.21252,2
0.0715499,0.152371,0.159181,2
0.0322547,0.187433,0.146877,2
0.206175,0.11973,0.199148,2
0.0454654,0.196515,0.148783,2
0.216964,0.176878,0.211687,2
0.0328165,0.192002,0.144414,2
0.0325521,0.185961,0.153546,2
0.211349,0.223102,0.190186,2
0.207433,0.13516,0.200433,2
0.180645,0.146895,0.16324,2
0.0381417,0.127004,0.216347,2
0.0347968,0.189184,0.14518,2
0.0640126,0.184488,0.223149,2
0.16469,0.155047,0.159147,2
0.0322019,0.188027,0.149985,2
0.0323898,0.188313,0.148733,2
0.033031,0.188608,0.148254,2
0.0343931,0.191237,0.148449,2
0.168517,0.214431,0.202737,2
0.0378681,0.17784,0.167294,2
0.107704,0.157363,0.206052,2
0.118334,0.172512,0.153288,2
0.0026169,0.159881,0.217541,2
0.101159,0.13321,0.170068,2
0.030997,0.194913,0.146908,2
0.12289,0.200348,0.211545,2
0.196833,0.175898,0.141025,2
0.06031,0.185053,0.199567,2
0.145345,0.199233,0.171382,2
0.00761943,0.133065,0.13584,2
0.17383,0.220431,0.221133,2
0.177569,0.197606,0.168139,2
0.198032,0.195824,0.133693,2
0.0618116,0.160608,0.20987,2
0.0432161,0.151661,0.161737,2
0.0312539,0.189369,0.149262,2
0.159791,0.215624,0.219424,2
0.0312504,0.188258,0.141558,2
0.0387548,0.187966,0.148385,2
0.0303931,0.19214,0.151444,2
0.028726,0.190603,0.151161,2
0.031514,0.190854,0.143718,2
0.0336921,0.184936,0.15943,2
0.0428102,0.192026,0.151387,2
0.171221,0.141317,0.154683,2
0.00673656,0.128447,0.211342,2
0.148321,0.15518,0.156958,2
0.19155,0.185653,0.208788,2
0.132965,0.152494,0.172457,2
0.0214181,0.116495,0.137287,2
0.146315,0.130527,0.138081,2
0.0313728,0.175955,0.143187,2
0.0329438,0.189887,0.150049,2
0.155784,0.0519831,0.106638,3
0.0495015,0.0696331,0.00897872,3
0.0127344,0.0289062,0.0250356,3
0.0623227,0.0937464,0.107906,3
0.04563,0.0179181,0.106225,3
0.0740872,0.0600725,0.0127624,3
0.0438682,0.00723302,0.0431839,3
0.151358,0.0960956,0.0193985,3
0.0245233,0.101434,0.0843688,3
0.114398,0.0548518,0.0437261,3
0.074315,0.0317493,0.0740286,3
0.008611,0.0202638,0.102323,3
0.103523,0.0848889,0.0759352,3
0.028142,0.0974591,0.108337,3
0.183366,0.0488494,0.0509936,3
0.0857159,0.0583192,0.0533871,3
0.118758,0.112757,0.062793,3
0.156688,0.0243985,0.063212,3
0.127561,0.011196,0.0431875,3
0.205072,0.0130755,0.0915297,3
0.180062,0.080694,0.0510492,3
0.090166,0.10667,0.0743895,3
0.0421606,0.0252567,0.108184,3
0.149094,0.0677128,0.105929,3
0.137539,0.0235983,0.00147874,3
0.0165243,0.0517446,0.0892396,3
0.0773623,0.0310799,0.104961,3
0.101482,0.0317631,0.0369198,3
0.0490312,0.0559165,0.0739195,3
0.218938,0.0243817,0.0267855,3
0.223908,0.104995,0.027517,3
0.211638,0.0473345,0.0354084,3
0.167648,0.099165,0.0152021,3
0.199716,0.104201,0.0772722,3
0.18415,0.0481891,0.0569846,3
0.0978793,0.0940098,0.0116249,3
0.166879,0.0126225,0.10218,3
0.20039,0.0523322,0.0786684,3
0.143121,0.0326943,0.0794218,3
0.163447,0.0557423,0.0553563,3
0.164813,0.0242696,0.0284816,3
0.091345,0.0654616,0.0872471,3
0.0624662,0.0751837,0.0119778,3
0.0336578,0.0808474,0.000568051,3
0.00462743,0.066672,0.0573677,3
0.170583,0.0145054,0.00276742,3
0.147334,0.0152302,0.100421,3
0.220903,0.065435,0.0482501,3
0.0431142,0.0857173,0.0646598,3
0.0490634,0.104849,0.0717764,3
0.11284,0.0369303,0.0328167,3
0.174176,0.111423,0.0421514,3
0.123252,0.0722339,0.0572093,3
0.0815447,0.0953186,0.0550386,3
0.180504,0.0113352,0.0970046,3
0.0439833,0.0309698,0.107168,3
0.176633,0.0450086,0.0349404,3
0.214749,0.0163197,0.0811001,3
0.127372,0.0238605,0.0610994,3
0.223978,0.00354056,0.0202233,3
0.138368,0.0125346,0.112519,3
0.0602394,0.0458571,0.0143764,3
0.100268,0.00340043,0.104165,3
0.140118,0.105819,0.0313386,3
0.172464,0.11273,0.0482456,3
0.173359,0.0795653,0.0384728,3
0.180864,0.0603629,0.0156187,3
0.00985831,0.00406105,0.089351,3
0.0622109,0.0480225,0.0682155,3
0.213386,0.0781192,0.103121,3
0.0301941,0.0756077,0.00427374,3
0.219207,0.0144897,0.089193,3
0.036264,0.038886,0.100955,3
0.16493,0.0530522,0.0430474,3
0.101976,0.0546611,0.0362638,3
0.0682114,0.014341,0.0131281,3
0.161206,0.0540836,0.0834399,3
0.138549,0.00119606,0.0645121,3
0.00779619,0.0356383,0.0528445,3
0.207942,0.00279933,0.0153098,3
0.183021,0.0107315,0.0392632,3
0.166852,0.0134864,0.0883206,3
0.0580282,0.0210206,0.0253208,3
0.11197,0.0477385,0.0397267,3
0.0017888,0.101986,0.031501,3
0.116116,0.0978422,0.0712052,3
0.114218,0.0724672,0.0901615,3
0.0422951,0.0247852,0.099124,3
0.116179,0.0550609,0.0474702,3
0.153645,0.0969924,0.0829134,3
0.218611,0.0013344,0.11385,3
0.149761,0.0445154,0.0601736,3
0.150829,0.0975423,0.0450796,3
0.116624,0.0460211,0.0514699,3
0.216103,0.0468029,0.0991364,3
0.175887,0.115485,0.0349346,3
0.0644629,0.0463402,0.0375799,3
0.191146,0.00138359,0.0865624,3
0.167881,0.0266123,0.0295182,3
0.113239,0.106428,0.0382715,3
0.17004,0.0949636,0.0129367,3
0.0133188,0.0986868,0.0553314,3
0.211812,0.104973,0.0061024,3
0.0891552,0.0910361,0.0733879,3
0.0976394,0.0966538,0.00152211,3
0.168619,0.0810644,0.0167719,3
0.137004,0.0107387,0.00815585,3
0.0732419,0.0291996,0.0879406,3
0.200183,0.115668,0.0419664,3
0.144066,0.0847816,0.0934838,3
0.211821,0.027568,0.0661059,3
0.129474,0.0982797,0.0389802,3
0.176952,0.0555314,0.0346473,3
0.210757,0.0207018,0.112683,3
0.186733,0.0560317,0.0622225,3
0.144129,0.079512,0.104648,3
0.117454,0.113694,0.0391507,3
0.154803,0.0955082,0.0338461,3
0.174506,0.108745,0.102525,3
0.0357988,0.00253525,0.085896,3
0.165886,0.102982,0.0715329,3
0.158666,0.0750087,0.0877287,3
0.0226316,0.112566,0.078987,3
0.197391,0.0386878,0.113429,3
