x coord,y coord,z coord,rank
0.179522,0.0570456,0.0835378,0
0.10065,0.0672781,0.0971008,0
0.156712,0.0984416,0.0960118,0
0.166277,0.101344,0.086255,0
0.200654,0.0914011,0.0841748,0
0.151803,0.103098,0.0532226,0
0.125665,0.102862,0.0609785,0
0.192402,0.0695868,0.0521619,0
0.178125,0.0598185,0.0651349,0
0.11469,0.0709433,0.0645399,0
0.105662,0.0813924,0.070976,0
0.112253,0.0704841,0.0857516,0
0.199733,0.0399853,0.110903,0
0.108303,0.112171,0.0774924,0
0.196615,0.0773592,0.0763264,0
0.140953,0.0634422,0.0745371,0
0.101896,0.0698765,0.0841515,0
0.188436,0.104264,0.100466,0
0.166098,0.08974,0.0611664,0
0.123569,0.0821136,0.0637689,0
0.201839,0.100161,0.0558471,0
0.223469,0.0671648,0.0645773,0
0.140183,0.111322,0.0499718,0
0.145952,0.084622,0.109983,0
0.21915,0.112678,0.0512076,0
0.21824,0.0936514,0.11012,0
0.187153,0.0889922,0.103645,0
0.198686,0.098312,0.0684889,0
0.138193,0.0948682,0.0449879,0
0.136212,0.0640499,0.0880925,0
0.172386,0.0862866,0.110978,0
0.143149,0.0894305,0.0576163,0
0.102419,0.11094,0.105139,0
0.0890192,0.0834266,0.0992924,0
0.222606,0.109792,0.10549,0
0.195712,0.0518516,0.111305,0
0.1582,0.0975964,0.0441424,0
0.0998269,0.108406,0.0872431,0
0.217494,0.0497549,0.110918,0
0.205415,0.0725286,0.0810572,0
0.113055,0.0971173,0.0712027,0
0.16066,0.101224,0.108232,0
0.155661,0.0677102,0.105706,0
0.197137,0.087035,0.111334,0
0.110248,0.0860949,0.0971171,0
0.160646,0.0549835,0.0886521,0
0.214788,0.101265,0.071729,0
0.111325,0.0546071,0.106093,0
0.199438,0.0738413,0.105494,0
0.221852,0.0512506,0.084584,0
0.218985,0.0808228,0.10201,0
0.13848,0.0880915,0.0727497,0
0.179032,0.0445005,0.0949357,0
0.142884,0.108286,0.110237,0
0.130508,0.0540327,0.0969876,0
0.105239,0.106594,0.0950916,0
0.196006,0.0666046,0.110926,0
0.163808,0.0401939,0.10794,0
0.209819,0.0990394,0.109764,0
0.194428,0.0652351,0.0767886,0
0.100111,0.0830601,0.109366,0
0.190798,0.0671919,0.0710166,0
0.129824,0.0658493,0.102404,0
0.193306,0.0846855,0.0574017,0
0.174688,0.093968,0.0496014,0
0.215679,0.0999327,0.0573102,0
0.0903699,0.0979159,0.104362,0
0.206657,0.0860675,0.105032,0
0.123521,0.0933969,0.0492184,0
0.148884,0.0757142,0.0956384,0
0.0943244,0.0971792,0.073613,0
0.215019,0.0771945,0.0507914,0
0.192278,0.0877992,0.0823223,0
0.159382,0.0433317,0.09215,0
0.189854,0.0750885,0.0929288,0
0.198149,0.0943784,0.101521,0
0.173597,0.102309,0.0737456,0
0.134796,0.0860434,0.0828827,0
0.1303,0.101214,0.103675,0
0.159841,0.0913529,0.0810349,0
0.1336,0.0825043,0.0491206,0
0.216057,0.0783345,0.0946652,0
0.197406,0.06155,0.0871997,0
0.184318,0.088669,0.0422502,0
0.117301,0.0890702,0.077391,0
0.188152,0.109284,0.0878943,0
0.148693,0.0594631,0.110175,0
0.219472,0.084411,0.0938446,0
0.220435,0.0942698,0.0952712,0
0.136094,0.0788194,0.0688454,0
0.17403,0.105428,0.0578624,0
0.112972,0.0588924,0.0814153,0
0.110826,0.103477,0.0830637,0
0.2228,0.105886,0.111722,0
0.220773,0.10411,0.101432,0
0.127061,0.062687,0.0693798,0
0.162649,0.0685034,0.0802761,0
0.15974,0.0784809,0.0519482,0
0.217825,0.0812281,0.0857209,0
0.202749,0.0943737,0.09742,0
0.216885,0.092815,0.0905649,0
0.195947,0.088195,0.0941323,0
0.205053,0.102304,0.0815766,0
0.0990197,0.0912822,0.0893005,0
0.124915,0.0832979,0.0987156,0
0.154216,0.0640898,0.0611182,0
0.113644,0.110974,0.110796,0
0.201912,0.105741,0.0721803,0
0.142079,0.044484,0.103441,0
0.148655,0.103021,0.081387,0
0.0924941,0.109345,0.0968483,0
0.213567,0.0602654,0.080526,0
0.163113,0.0798431,0.0705213,0
0.125716,0.0785788,0.0875302,0
0.221671,0.0989327,0.0787399,0
0.20083,0.0637163,0.0817984,0
0.21021,0.071782,0.0963312,0
0.197811,0.110862,0.0563994,0
0.216192,0.0535736,0.0965836,0
0.203613,0.0718146,0.0974108,0
0.103422,0.108281,0.0611428,0
0.214414,0.0900075,0.0497191,0
0.210015,0.0848027,0.0676774,0
0.108631,0.0937165,0.0838684,0
0.203934,0.0576783,0.105389,0
0.212681,0.081018,0.112044,0
0.13809,0.0972845,0.127656,1
0.112558,0.0826907,0.14725,1
0.197651,0.0613426,0.130635,1
0.125178,0.0489823,0.121171,1
0.201636,0.103857,0.115571,1
0.100546,0.0955436,0.135059,1
0.217973,0.105548,0.125435,1
0.202033,0.0777865,0.121908,1
0.206201,0.0722855,0.137929,1
0.155359,0.0791127,0.174034,1
0.114698,0.0905597,0.120537,1
0.201277,0.0996057,0.142981,1
0.0938628,0.087571,0.146486,1
0.186218,0.0761305,0.119293,1
0.104954,0.0597458,0.115201,1
0.136106,0.0934345,0.167251,1
0.186115,0.109964,0.116434,1
0.163482,0.0672079,0.130131,1
0.190151,0.0968518,0.159577,1
0.155505,0.0636357,0.149464,1
0.140748,0.0740674,0.113374,1
0.167486,0.063378,0.162575,1
0.155165,0.0814279,0.122504,1
0.167372,0.0550625,0.140329,1
0.11371,0.0791682,0.113079,1
0.16168,0.107711,0.134861,1
0.223534,0.109171,0.179669,1
0.214711,0.0651562,0.150327,1
0.0956446,0.108422,0.142812,1
0.195444,0.0637075,0.129646,1
0.206494,0.106853,0.162945,1
0.106475,0.0804947,0.132129,1
0.189321,0.0803303,0.147912,1
0.217894,0.104493,0.140794,1
0.168937,0.0856772,0.168616,1
0.214451,0.0879601,0.146071,1
0.129019,0.0612338,0.134808,1
0.211643,0.0568509,0.117873,1
0.11841,0.0923051,0.164817,1
0.113039,0.0774465,0.165904,1
0.212452,0.0860196,0.138825,1
0.186881,0.0562298,0.11473,1
0.211868,0.0700009,0.114955,1
0.0952846,0.0771436,0.117203,1
0.122132,0.0926556,0.13551,1
0.123531,0.0707535,0.126663,1
0.194554,0.0954832,0.116532,1
0.151428,0.104406,0.142874,1
0.215332,0.100402,0.15773,1
0.131057,0.0734208,0.152678,1
0.201128,0.0650098,0.129587,1
0.196909,0.0968678,0.174943,1
0.20713,0.105751,0.132747,1
0.214101,0.0713152,0.112785,1
0.12335,0.103661,0.14548,1
0.194086,0.0861275,0.124975,1
0.191285,0.0689672,0.154783,1
0.090604,0.110973,0.126535,1
0.221351,0.112978,0.149798,1
0.116504,0.108698,0.164015,1
0.142518,0.0542293,0.123852,1
0.204564,0.0763567,0.161049,1
0.193071,0.0980599,0.136092,1
0.169888,0.108067,0.185778,1
0.202569,0.0882554,0.170333,1
0.115331,0.0665686,0.134934,1
0.176393,0.0939221,0.149594,1
0.156308,0.102545,0.164629,1
0.150756,0.103947,0.121118,1
0.136807,0.0879854,0.155739,1
0.155017,0.097006,0.175583,1
0.159236,0.0915029,0.154226,1
0.214872,0.0988841,0.128079,1
0.194501,0.108341,0.155345,1
0.168654,0.076412,0.158394,1
0.11471,0.0887489,0.15524,1
0.100511,0.093772,0.120257,1
0.127998,0.0645425,0.1573,1
0.196258,0.0858774,0.139723,1
0.199486,0.0852981,0.130338,1
0.0920392,0.0989102,0.119757,1
0.0946752,0.0771225,0.142546,1
0.152172,0.0542955,0.152946,1
0.142077,0.0805157,0.165647,1
0.148558,0.0759691,0.132634,1
0.0978456,0.107804,0.119496,1
0.210748,0.0968612,0.165435,1
0.0887368,0.109147,0.137635,1
0.216112,0.0982217,0.15372,1
0.196269,0.0709234,0.144637,1
0.194417,0.102073,0.126189,1
0.126183,0.0480332,0.138681,1
0.197915,0.093946,0.124747,1
0.0918634,0.0965461,0.12997,1
0.181954,0.0568207,0.154887,1
0.19502,0.0820755,0.120267,1
0.184661,0.108658,0.133552,1
0.199096,0.0738299,0.138466,1
0.10473,0.108764,0.144297,1
0.217947,0.103488,0.16831,1
0.195622,0.0941265,0.145971,1
0.183964,0.0983625,0.116569,1
0.138903,0.0593483,0.14522,1
0.134232,0.103986,0.174721,1
0.104875,0.0867729,0.140676,1
0.130343,0.0574776,0.112567,1
0.198089,0.051625,0.146519,1
0.154524,0.0423555,0.120454,1
0.168017,0.0736708,0.14822,1
0.163083,0.0815259,0.141346,1
0.203451,0.0608165,0.141351,1
0.126004,0.0696405,0.113184,1
0.184422,0.0390588,0.11938,1
0.197073,0.0909572,0.153246,1
0.194349,0.0596173,0.14085,1
0.100607,0.0798644,0.154873,1
0.11135,0.0995633,0.155064,1
0.117907,0.0807972,0.135703,1
0.106508,0.069582,0.139541,1
0.136669,0.0865648,0.138586,1
0.0862883,0.0916279,0.119065,1
0.219981,0.0775052,0.149584,1
0.119069,0.110852,0.134657,1
0.209831,0.0682116,0.154986,1
0.129192,0.178176,0.0964157,2
0.172152,0.115156,0.0814502,2
0.100018,0.126803,0.0916308,2
0.208824,0.168868,0.108676,2
0.221524,0.1597,0.111094,2
0.216917,0.163221,0.107171,2
0.174524,0.145951,0.107213,2
0.12931,0.124264,0.0721232,2
0.11247,0.128305,0.0859063,2
0.118603,0.168135,0.100091,2
0.194304,0.146997,0.108084,2
0.204461,0.123892,0.0973505,2
0.126103,0.129512,0.106833,2
0.205314,0.153261,0.0865623,2
0.195457,0.124743,0.112264,2
0.133222,0.138324,0.0884725,2
0.183449,0.168649,0.0858004,2
0.154568,0.161846,0.0932486,2
0.176065,0.160194,0.0549379,2
0.196075,0.122955,0.0798399,2
0.0981406,0.122069,0.0631989,2
0.209289,0.154338,0.0535971,2
0.217698,0.126568,0.08427,2
0.104014,0.126474,0.111296,2
0.154771,0.120646,0.0459412,2
0.220379,0.116544,0.0927428,2
0.203192,0.168426,0.0900523,2
0.0956497,0.12247,0.108662,2
0.212,0.14898,0.0715423,2
0.202689,0.164586,0.0794362,2
0.107277,0.153638,0.0807915,2
0.129864,0.165265,0.0952951,2
0.171636,0.133668,0.10033,2
0.125198,0.123051,0.092368,2
0.221012,0.126038,0.103829,2
0.200361,0.116063,0.0584462,2
0.177187,0.145604,0.0511023,2
0.198923,0.114254,0.1036,2
0.152049,0.173292,0.0794579,2
0.123336,0.137742,0.0582101,2
0.19456,0.121719,0.0458965,2
0.198357,0.153167,0.0924199,2
0.133199,0.117166,0.0600677,2
0.198748,0.161181,0.0677946,2
0.20568,0.115868,0.112765,2
0.209808,0.135662,0.059714,2
0.200064,0.12428,0.0545251,2
0.214498,0.114491,0.0815983,2
0.148726,0.167675,0.109851,2
0.207965,0.123049,0.0658921,2
0.195181,0.16483,0.0988068,2
0.134391,0.178726,0.106999,2
0.2238,0.144823,0.0878942,2
0.224653,0.162754,0.0983378,2
0.159385,0.11718,0.102254,2
0.0927557,0.113867,0.0726737,2
0.0972237,0.157771,0.0976712,2
0.125578,0.146533,0.108221,2
0.192593,0.14898,0.0589273,2
0.179366,0.13013,0.0544474,2
0.158778,0.153705,0.0710305,2
0.133538,0.119086,0.0815358,2
0.172815,0.166545,0.0756243,2
0.214204,0.1614,0.0634588,2
0.20262,0.142664,0.0924812,2
0.204592,0.1509,0.0570683,2
0.205332,0.146846,0.0762428,2
0.141901,0.133904,0.0686,2
0.19649,0.173563,0.0761382,2
0.158501,0.116602,0.0567053,2
0.140613,0.14341,0.101445,2
0.106499,0.118111,0.05342,2
0.216792,0.129074,0.0937382,2
0.204536,0.126885,0.0925562,2
0.224072,0.131542,0.0720227,2
0.101612,0.13683,0.0799803,2
0.190632,0.159374,0.106205,2
0.196445,0.132488,0.102564,2
0.2249,0.138664,0.103535,2
0.126091,0.156402,0.0718228,2
0.110419,0.115231,0.0934753,2
0.0920126,0.130038,0.084417,2
0.136778,0.135951,0.108504,2
0.165533,0.163469,0.105699,2
0.206862,0.135449,0.0674863,2
0.202793,0.134648,0.0846165,2
0.156703,0.118299,0.0745363,2
0.146611,0.180058,0.095944,2
0.148886,0.139277,0.0861043,2
0.091233,0.137332,0.10743,2
0.145951,0.127438,0.0529299,2
0.207201,0.176027,0.11215,2
0.199141,0.145149,0.0668296,2
0.194744,0.114656,0.0841675,2
0.119445,0.153166,0.0976563,2
0.100577,0.136294,0.0674782,2
0.207094,0.177888,0.103598,2
0.200552,0.148237,0.0976279,2
0.169735,0.134896,0.0450847,2
0.116775,0.156844,0.107958,2
0.110887,0.148592,0.0934728,2
0.194574,0.139692,0.0581669,2
0.143073,0.123302,0.090065,2
0.194357,0.116835,0.0703302,2
0.129117,0.155642,0.0888784,2
0.216592,0.145345,0.111704,2
0.0944345,0.135697,0.0973439,2
0.21436,0.139569,0.0854148,2
0.16328,0.169955,0.0969299,2
0.141486,0.150108,0.0611641,2
0.197154,0.136656,0.0961095,2
0.101442,0.145092,0.106141,2
0.220541,0.175557,0.0901497,2
0.104731,0.122343,0.0742879,2
0.184544,0.18415,0.0961404,2
0.189617,0.13842,0.0721167,2
0.150063,0.151493,0.0808935,2
0.128455,0.124438,0.0530331,2
0.111087,0.14927,0.0709194,2
0.111026,0.14395,0.0798297,2
0.116509,0.173483,0.0851788,2
0.22055,0.1481,0.0813189,2
0.204876,0.152981,0.0967832,2
0.199916,0.131645,0.113466,2
0.0892061,0.122301,0.0907325,2
0.186051,0.167041,0.113953,2
0.105717,0.135593,0.130556,3
0.216965,0.126873,0.158964,3
0.213348,0.154327,0.12293,3
0.129799,0.146872,0.153491,3
0.123163,0.121235,0.179232,3
0.132941,0.114701,0.154953,3
0.0891281,0.12303,0.118788,3
0.182064,0.146894,0.165983,3
0.224461,0.156133,0.125879,3
0.143196,0.1173,0.118038,3
0.176379,0.177496,0.143735,3
0.221384,0.166076,0.157585,3
0.194358,0.116166,0.124579,3
0.196681,0.144094,0.130922,3
0.205952,0.134393,0.167597,3
0.122181,0.136914,0.117846,3
0.198878,0.134466,0.170293,3
0.126993,0.133486,0.175058,3
0.136304,0.113959,0.135061,3
0.222884,0.134087,0.126199,3
0.207954,0.178703,0.13659,3
0.211791,0.136814,0.162404,3
0.172812,0.124173,0.13659,3
0.21665,0.181382,0.119347,3
0.132942,0.134493,0.144534,3
0.0954113,0.117065,0.151878,3
0.135312,0.165853,0.125163,3
0.181928,0.133484,0.162054,3
0.1403,0.179922,0.13861,3
0.0940548,0.125648,0.146435,3
0.195716,0.152092,0.124826,3
0.141853,0.132888,0.136537,3
0.194626,0.127229,0.16711,3
0.217796,0.139428,0.11565,3
0.173315,0.125313,0.153788,3
0.139348,0.134694,0.118627,3
0.0957011,0.138848,0.116365,3
0.161944,0.117622,0.160681,3
0.183793,0.148561,0.148815,3
0.169992,0.145662,0.132645,3
0.195945,0.162113,0.129343,3
0.108903,0.125305,0.167953,3
0.122213,0.137122,0.164055,3
0.169736,0.142768,0.15626,3
0.109172,0.156614,0.127658,3
0.13609,0.182726,0.122473,3
0.195779,0.141209,0.13406,3
0.197089,0.129728,0.145028,3
0.171285,0.130224,0.125834,3
0.0920004,0.137879,0.138614,3
0.15314,0.168563,0.156788,3
0.192537,0.155583,0.142595,3
0.203115,0.116122,0.131218,3
0.0992275,0.159366,0.131048,3
0.210129,0.115662,0.148748,3
0.10133,0.144852,0.128466,3
0.1793,0.126447,0.179582,3
0.217642,0.158318,0.147698,3
0.139882,0.128806,0.177066,3
0.163791,0.139959,0.122558,3
0.179407,0.173958,0.127936,3
0.142722,0.115598,0.17622,3
0.146847,0.150718,0.12498,3
0.188164,0.162633,0.153375,3
0.150047,0.156116,0.155817,3
0.169781,0.138972,0.17975,3
0.15939,0.134343,0.140605,3
0.210203,0.151802,0.161229,3
0.112657,0.115836,0.156259,3
0.210306,0.124141,0.137384,3
0.12208,0.17781,0.130552,3
0.197498,0.145843,0.131783,3
0.148205,0.162469,0.120501,3
0.201901,0.129627,0.118284,3
0.108793,0.137134,0.119134,3
0.204651,0.123645,0.146042,3
0.183789,0.114561,0.180146,3
0.108236,0.114462,0.122089,3
0.194529,0.150462,0.152647,3
0.147601,0.160666,0.140787,3
0.0971906,0.114704,0.163204,3
0.222247,0.138745,0.151478,3
0.16054,0.1536,0.175059,3
0.105548,0.164707,0.121463,3
0.154651,0.129615,0.120436,3
0.122946,0.164411,0.12001,3
0.217058,0.122972,0.147491,3
0.125103,0.164065,0.157479,3
0.183216,0.183559,0.132241,3
0.121615,0.164881,0.138169,3
0.213656,0.145348,0.138573,3
0.20401,0.119384,0.173895,3
0.114345,0.149022,0.159572,3
0.221108,0.171538,0.136618,3
0.193957,0.123084,0.164808,3
0.124674,0.122437,0.141983,3
0.22232,0.134283,0.13823,3
0.223648,0.125755,0.133937,3
0.182382,0.159763,0.128975,3
0.148055,0.132317,0.162766,3
0.205128,0.116815,0.163285,3
0.196465,0.135064,0.134088,3
0.197844,0.161519,0.11584,3
0.207918,0.164549,0.148316,3
0.145941,0.170322,0.143215,3
0.107582,0.150283,0.136106,3
0.106736,0.122545,0.132223,3
0.119188,0.173753,0.118215,3
0.214437,0.168844,0.119604,3
0.211095,0.171876,0.147184,3
0.09911,0.128295,0.137435,3
0.0903403,0.133215,0.120737,3
0.18524,0.136997,0.150818,3
0.0956516,0.137473,0.150512,3
0.215794,0.122193,0.174211,3
0.119778,0.145104,0.126241,3
0.144651,0.161289,0.165107,3
0.100961,0.114871,0.137299,3
0.19533,0.11379,0.141567,3
0.108385,0.141325,0.155497,3
0.110583,0.128064,0.147852,3
0.156337,0.1252,0.171975,3
0.195471,0.168763,0.122976,3
0.098195,0.160494,0.117132,3
