x coord,y coord,z coord,rank
0.108714,0.0598435,0.152236,0
0.000941518,0.118563,0.135173,0
0.07605,0.0789145,0.151008,0
0.0960657,0.0675702,0.218763,0
0.0159834,0.061402,0.140664,0
0.0622872,0.0561654,0.157713,0
0.190854,0.0492136,0.118533,0
0.211163,0.0940541,0.14835,0
0.141375,0.104581,0.159515,0
0.204197,0.0224145,0.118547,0
0.18887,0.0568123,0.175124,0
0.158606,0.0551944,0.189157,0
0.0614513,0.0523516,0.210497,0
0.16766,0.0882209,0.185191,0
0.0731872,0.0908942,0.127952,0
0.205095,0.11548,0.154114,0
0.173586,0.124825,0.20906,0
0.0480807,0.0502887,0.163606,0
0.137307,0.0310515,0.212566,0
0.0229568,0.0399714,0.128148,0
0.0382539,0.0209604,0.158786,0
0.194018,0.120594,0.145886,0
0.206152,0.0843063,0.123773,0
0.123538,0.0823422,0.221094,0
0.176107,0.026209,0.164555,0
0.0935003,0.0970898,0.192172,0
0.142548,0.0691656,0.211237,0
0.0433479,0.0705347,0.156668,0
0.0891876,0.122446,0.177743,0
0.102451,0.122869,0.212458,0
0.0692593,0.0114287,0.137054,0
0.0138717,0.0387465,0.197663,0
0.007035,0.119853,0.126893,0
0.0364075,0.0808316,0.159817,0
0.104557,0.0209243,0.133828,0
0.124358,0.0802205,0.171982,0
0.188541,0.0720791,0.194325,0
0.21769,0.112895,0.184849,0
0.147719,0.067593,0.149554,0
0.149396,0.122932,0.122852,0
0.114729,0.113744,0.219939,0
0.0943226,0.0595973,0.169861,0
0.0817793,0.0175396,0.188827,0
0.0935497,0.0497512,0.120633,0
0.0545132,0.0288388,0.146156,0
0.198525,0.0907302,0.203282,0
0.169491,0.0839268,0.185999,0
0.205344,0.0409698,0.218384,0
0.0293871,0.047288,0.17464,0
0.0152938,0.0139018,0.191907,0
0.0760208,0.0980357,0.188488,0
0.108467,0.0526537,0.146619,0
0.0332409,0.0734543,0.125466,0
0.143124,0.0894215,0.184181,0
0.224812,0.00419214,0.164507,0
0.154463,0.11983,0.161624,0
0.114761,0.0497193,0.147858,0
0.102795,0.0715325,0.200349,0
0.129148,0.103237,0.140485,0
0.081571,0.0603437,0.115493,0
0.197224,0.000749135,0.149754,0
0.168405,0.0733474,0.207028,0
0.148805,0.120382,0.168391,0
0.126126,0.0463953,0.168413,0
0.208651,0.00718715,0.165549,0
0.0826237,0.071105,0.135869,0
0.137781,0.0299137,0.105036,0
0.0644919,0.0165548,0.221819,0
0.210225,0.087243,0.193553,0
0.193629,0.0604422,0.167349,0
0.193712,0.056852,0.126535,0
0.0482364,0.047569,0.199452,0
0.194282,0.0589641,0.147146,0
0.0878206,0.0177196,0.170928,0
0.169832,0.0709138,0.111538,0
0.16935,0.0289874,0.111377,0
0.107727,0.123679,0.125701,0
0.130235,0.109599,0.222476,0
0.151437,0.0458233,0.105919,0
0.223723,0.0187182,0.183839,0
0.115888,0.0809656,0.211743,0
0.0221026,0.00990582,0.162492,0
0.133385,0.00852773,0.131861,0
0.0172058,0.0843576,0.134352,0
0.173869,0.092416,0.181866,0
0.0222835,0.0705371,0.203898,0
0.174448,0.108194,0.205789,0
0.0791209,0.116141,0.169949,0
0.0708104,0.104511,0.175416,0
0.0474386,0.041749,0.160914,0
0.142833,0.0467969,0.147674,0
0.00226502,0.119497,0.220719,0
0.0624813,0.0184221,0.169818,0
0.0290375,0.0284388,0.189299,0
0.204935,0.0947356,0.154206,0
0.0840108,0.106908,0.135609,0
0.0782709,0.11798,0.172438,0
0.219558,0.0835882,0.161323,0
0.00360427,0.109057,0.159382,0
0.0438213,0.0153577,0.120475,0
0.144418,0.102721,0.198446,0
0.14262,0.0343963,0.164027,0
0.157989,0.101868,0.145888,0
0.0699603,0.00921683,0.192989,0
0.0814826,0.07672,0.155875,0
0.0802017,0.0104532,0.160603,0
0.0342559,0.109651,0.165157,0
0.18958,0.0219389,0.146971,0
0.00721689,0.0656712,0.192505,0
0.218244,0.0649268,0.126261,0
0.093726,0.054114,0.183853,0
0.142112,0.0270657,0.130942,0
0.191625,0.0654985,0.128611,0
0.0221852,0.0570503,0.207935,0
0.176977,0.0371946,0.162385,0
0.142357,0.0550563,0.186943,0
0.12486,0.0372183,0.216388,0
0.218656,0.116028,0.141334,0
0.0353268,0.0295423,0.19201,0
0.170097,0.0899706,0.132044,0
0.0722764,0.0319523,0.223107,0
0.0801086,0.0220039,0.123112,0
0.0451335,0.0284224,0.125322,0
0.117217,0.101784,0.17182,0
0.156404,0.000181784,0.118202,0
0.0925778,0.081027,0.145425,0
0.122071,0.12167,0.110501,0
0.0250407,0.0871783,0.120363,0
0.196729,0.120453,0.20736,0
0.150343,0.114311,0.209403,0
0.103604,0.126108,0.204041,0
0.129085,0.121941,0.175678,0
0.0767394,0.150058,0.215287,1
0.0862077,0.175375,0.170818,1
0.207185,0.132342,0.122448,1
0.17893,0.184855,0.144425,1
0.17511,0.189303,0.113979,1
0.017923,0.139194,0.17393,1
0.159366,0.224606,0.106671,1
0.149358,0.156741,0.144814,1
0.0277701,0.213201,0.190913,1
0.142273,0.141221,0.201675,1
0.144264,0.18327,0.129945,1
0.167574,0.20052,0.137337,1
0.0026428,0.22092,0.176234,1
0.070201,0.153458,0.171531,1
0.224621,0.126942,0.165939,1
0.19998,0.16675,0.142032,1
0.130493,0.141593,0.213602,1
0.0665693,0.169406,0.214869,1
0.118708,0.221321,0.133937,1
0.168743,0.158785,0.213652,1
0.121112,0.1976,0.188048,1
0.104207,0.218387,0.122086,1
0.00674784,0.195612,0.212559,1
0.160544,0.154817,0.165075,1
0.146721,0.200346,0.103897,1
0.192389,0.175119,0.13748,1
0.01567,0.127958,0.144597,1
0.212559,0.213459,0.170983,1
0.216013,0.19452,0.125862,1
0.00853276,0.154301,0.16233,1
0.103787,0.188914,0.13804,1
0.0629288,0.224813,0.220549,1
0.18369,0.214461,0.216653,1
0.023778,0.209405,0.222563,1
0.106572,0.205321,0.123202,1
0.130295,0.151131,0.182571,1
0.209539,0.197588,0.171698,1
0.201579,0.172632,0.13073,1
0.195202,0.179076,0.170355,1
0.164681,0.197218,0.209854,1
0.1456,0.213138,0.162897,1
0.208062,0.208917,0.215903,1
0.0379925,0.204609,0.125683,1
0.0137282,0.140139,0.148104,1
0.0777076,0.148584,0.155539,1
0.177175,0.186073,0.1825,1
0.221191,0.144433,0.184182,1
0.0709847,0.141331,0.122942,1
0.211537,0.161314,0.180111,1
0.0181029,0.182792,0.208683,1
0.0699507,0.22083,0.207635,1
0.0120215,0.134453,0.184708,1
0.190055,0.127535,0.224703,1
0.193781,0.200487,0.121872,1
0.210085,0.14259,0.222474,1
0.048234,0.195118,0.17845,1
0.0309354,0.22273,0.216144,1
0.155484,0.177353,0.205117,1
0.215643,0.221156,0.142517,1
0.086117,0.21515,0.139665,1
0.128098,0.197351,0.217944,1
0.118196,0.180679,0.118269,1
0.127066,0.162253,0.197537,1
0.201927,0.183836,0.162313,1
0.207573,0.161339,0.217772,1
0.0401894,0.141572,0.190541,1
0.222927,0.193638,0.224922,1
0.0462242,0.128145,0.176497,1
0.0957894,0.187719,0.158432,1
0.0521433,0.133048,0.117448,1
0.0636949,0.173863,0.171703,1
0.19209,0.198671,0.121158,1
0.144711,0.191367,0.198472,1
0.115659,0.190247,0.197355,1
0.116285,0.192083,0.112658,1
0.203766,0.165356,0.168083,1
0.0527823,0.129446,0.220504,1
0.0933484,0.169072,0.112369,1
0.0918442,0.174771,0.104975,1
0.00352248,0.173392,0.221795,1
0.0672432,0.194296,0.221731,1
0.057328,0.147036,0.161066,1
0.111457,0.184967,0.135432,1
0.00447543,0.209146,0.169724,1
0.152669,0.20355,0.141609,1
0.153766,0.191088,0.193443,1
0.0550074,0.224972,0.175986,1
0.213891,0.189834,0.122872,1
0.173417,0.173013,0.140201,1
0.0149823,0.219699,0.21294,1
0.135249,0.134337,0.188069,1
0.0770629,0.205439,0.190631,1
0.0320599,0.163998,0.182268,1
0.0795986,0.166719,0.125431,1
0.213756,0.156429,0.200463,1
0.101795,0.223749,0.177552,1
0.161502,0.139906,0.199473,1
0.0754564,0.140286,0.180251,1
0.0283222,0.201183,0.124648,1
0.188016,0.218568,0.16899,1
0.220196,0.193857,0.217215,1
0.0920697,0.17427,0.109156,1
0.0527391,0.161438,0.15099,1
0.215899,0.13705,0.113221,1
0.188492,0.151403,0.136257,1
0.162692,0.134561,0.134156,1
0.197244,0.19785,0.171905,1
0.207494,0.143444,0.173512,1
0.204881,0.188938,0.151793,1
0.195027,0.211094,0.186752,1
0.178003,0.208611,0.180189,1
0.0536593,0.166595,0.201499,1
0.0324401,0.208678,0.104506,1
0.184808,0.129094,0.104387,1
0.115834,0.0841934,0.00999542,2
0.148147,0.0831797,0.0188309,2
0.181293,0.0170695,0.0164794,2
0.214424,0.0467452,0.0480732,2
0.133171,0.0299447,0.0975296,2
0.136043,0.0267865,0.0986278,2
0.128935,0.0274217,0.101873,2
0.0997205,0.0521848,0.0470225,2
0.150705,0.0244114,0.0610333,2
0.154,0.0711626,0.0370164,2
0.135156,0.0272225,0.100639,2
0.135924,0.0321475,0.0951571,2
0.134968,0.0296691,0.0932446,2
0.113595,0.0754809,0.0874879,2
0.147556,0.0339334,0.0316176,2
0.132331,0.0294454,0.102542,2
0.133102,0.0297051,0.103586,2
0.184276,0.0682027,0.0952387,2
0.217984,0.0424012,0.0478292,2
0.133646,0.0316642,0.100715,2
0.140049,0.0929673,0.0736385,2
0.174548,0.0325735,0.0589203,2
0.180719,0.0807411,0.041386,2
0.106096,0.10134,0.0816041,2
0.192968,0.0108939,0.0892586,2
0.135403,0.0283662,0.0979276,2
0.135462,0.0264405,0.099416,2
0.103792,0.0213511,0.0874977,2
0.136549,0.0875757,0.0300454,2
0.137323,0.0292381,0.101189,2
0.125599,0.0385088,0.0708699,2
0.147097,0.00337203,0.0930233,2
0.178698,0.0942164,0.0801401,2
0.140458,0.0214104,0.0977612,2
0.0404671,0.0885396,0.0881593,2
0.133413,0.0261921,0.102711,2
0.114363,0.00645741,0.0929637,2
0.0535275,0.0356663,0.0274351,2
0.128938,0.0280329,0.0999484,2
0.131817,0.0261756,0.100495,2
0.192952,0.0817273,0.0796263,2
0.0341331,0.0208847,0.0111634,2
0.0517587,0.0748661,0.0441299,2
0.15163,0.094481,0.064396,2
0.148601,0.0661251,0.0205329,2
0.117671,0.100971,0.0771716,2
0.076832,0.0725032,0.0584529,2
0.13112,0.0696549,0.0387503,2
0.130786,0.0264571,0.0936575,2
0.136942,0.0282234,0.0968354,2
0.127379,0.0291332,0.0994363,2
0.0890771,0.1004,0.0421109,2
0.0404845,0.0937959,0.06147,2
0.12659,0.0313237,0.100803,2
0.173218,0.0944553,0.0846733,2
0.196989,0.00609239,0.00221359,2
0.136833,0.100893,0.00392632,2
0.127966,0.00940652,0.0438094,2
0.212571,0.0169745,0.0156016,2
0.133757,0.0312017,0.0963622,2
0.0776304,0.0869799,0.102241,2
0.164302,0.0877679,0.00711748,2
0.159047,0.0783679,0.0164848,2
0.134807,0.0263521,0.0970347,2
0.127968,0.00630675,0.0928527,2
0.0363805,0.0418422,0.00719788,2
0.130814,0.0277316,0.102937,2
0.113793,0.100029,0.0171094,2
0.165111,0.0293331,0.0755439,2
0.216752,0.0763732,0.030445,2
0.128892,0.0779611,0.0690333,2
0.0211716,0.0659084,0.0630349,2
0.03428,0.000758922,0.0855217,2
0.000628436,0.054625,0.00458146,2
0.187911,0.0708071,0.0893804,2
0.0875542,0.0512228,0.0961696,2
0.0659976,0.0739393,0.0235709,2
0.134121,0.0314995,0.0998088,2
0.0491964,0.0553917,0.0339687,2
0.00799661,0.0135246,0.00970686,2
0.0606459,0.0018983,0.0618038,2
0.13707,0.0316145,0.0972476,2
0.00885104,0.0695359,0.066544,2
0.0119646,0.048823,0.0916969,2
0.131508,0.00144266,0.049928,2
0.0281825,0.0590948,0.00924126,2
0.126407,0.0484004,0.0196908,2
0.172972,0.0330298,0.0536284,2
0.0392846,0.00316515,0.0930781,2
0.0163479,0.0194933,0.0184823,2
0.207493,0.0432482,0.0258873,2
0.130959,0.0282621,0.0984696,2
0.112877,0.0897249,0.0384523,2
0.0845449,0.054589,0.0629513,2
0.0883109,0.000305685,0.0339232,2
0.138046,0.0251438,0.100297,2
0.0985139,0.0152324,0.0877444,2
0.0236542,0.072857,0.00812422,2
0.00296807,0.0629075,0.0140663,2
0.0967985,0.0260555,0.0779417,2
0.0968805,0.0630125,0.0403678,2
0.133814,0.0320281,0.100238,2
0.219649,0.0486078,0.0903382,2
0.0674146,0.100517,0.0114281,2
0.151528,0.0351452,0.00600344,2
0.129173,0.0276241,0.10146,2
0.0910246,0.0074108,0.00145894,2
0.0147119,0.0483946,0.0575533,2
0.131088,0.0326616,0.0966259,2
0.130681,0.029652,0.0932667,2
0.142416,0.0863844,0.0419844,2
0.129729,0.024219,0.100252,2
0.172296,0.0998323,0.0258405,2
0.211627,0.0505114,0.0199345,2
0.0500448,0.0597125,0.0557655,2
0.134412,0.0210153,0.0987184,2
0.134013,0.0222621,0.0964592,2
0.13558,0.0280976,0.0928096,2
0.136171,0.0279412,0.0963122,2
0.135934,0.0280367,0.0961118,2
0.0186859,0.0915718,0.0113625,2
0.195941,0.0777441,0.0769262,2
0.13691,0.0275815,0.0975771,2
0.163566,0.0321362,0.080342,2
0.130265,0.0258053,0.0941788,2
0.129163,0.0265538,0.0999842,2
0.0686433,0.0867244,0.0742199,2
0.132976,0.0249516,0.0881412,2
0.133245,0.0240647,0.0942292,2
0.131498,0.0302773,0.0906665,2
0.136028,0.0317868,0.0953281,2
0.132669,0.0271828,0.0903563,2
0.218865,0.00663416,0.0961674,2
0.0148418,0.101097,0.0243674,2
0.0410914,0.0239944,0.103566,2
0.209134,0.101701,0.0181418,2
0.127948,0.0293345,0.103194,2
0.200364,0.212376,0.0881808,3
0.0958175,0.154459,0.0841981,3
0.12858,0.135643,0.00362057,3
0.107962,0.111969,0.0893596,3
0.179381,0.187138,0.0451542,3
0.18893,0.138043,0.0500834,3
0.131751,0.137122,0.0753491,3
0.0983231,0.143676,0.0679688,3
0.199902,0.122041,0.0487107,3
0.131826,0.19345,0.0781366,3
0.185782,0.191373,0.0518397,3
0.0751389,0.12116,0.035873,3
0.0286056,0.178707,0.0900813,3
0.100937,0.16752,0.102442,3
0.0375457,0.20029,0.0984952,3
0.192244,0.133229,0.0425152,3
0.116576,0.166823,0.0854463,3
0.0014807,0.142535,0.0597168,3
0.0470295,0.139095,0.0809699,3
0.158227,0.144298,0.00987308,3
0.169945,0.150043,0.101506,3
0.0351984,0.206196,0.0741521,3
0.146668,0.211527,0.0704991,3
0.012254,0.140788,0.016565,3
0.156114,0.118322,0.0264988,3
0.213574,0.119698,0.00133235,3
0.0845327,0.223482,0.0685127,3
0.127482,0.114886,0.0686672,3
0.0815538,0.195573,0.0919381,3
0.207075,0.195997,0.0593154,3
0.00387388,0.195479,0.0191029,3
0.163748,0.103835,0.0809441,3
0.157299,0.181981,0.0671012,3
0.205159,0.186531,0.100976,3
0.224091,0.148869,0.0149808,3
0.0551872,0.2026,0.0586639,3
0.0100391,0.127173,0.0992943,3
0.0206171,0.194813,0.0269032,3
0.107407,0.120938,0.0469422,3
0.0126934,0.194588,0.0765775,3
0.146536,0.14433,0.0288137,3
0.108278,0.149664,0.0896692,3
0.162887,0.19572,0.0595676,3
0.211455,0.113552,0.0922873,3
0.146573,0.194052,0.0089518,3
0.121243,0.144762,0.00390645,3
0.0681479,0.210523,0.0994983,3
0.172694,0.21654,0.022347,3
0.187705,0.194614,0.0491498,3
0.0978711,0.183458,0.01341,3
0.0502432,0.148645,0.0931214,3
0.224576,0.215263,0.034581,3
0.157531,0.106742,0.0946336,3
0.215407,0.159578,0.078409,3
0.0679002,0.1429,0.102202,3
0.0718032,0.188491,0.100515,3
0.0387192,0.2149,0.0910599,3
0.0812491,0.157427,0.00498713,3
0.0673641,0.135345,0.0370564,3
0.0992347,0.143404,0.0493726,3
0.139692,0.131532,0.0299719,3
0.0542772,0.105793,0.00756204,3
0.127083,0.136328,0.0410002,3
0.0288748,0.217936,0.0332106,3
0.193713,0.117472,0.0870922,3
0.176848,0.144833,0.05845,3
0.172931,0.170542,0.102954,3
0.179511,0.16585,0.0572584,3
0.0394264,0.131554,0.0185276,3
0.182939,0.144793,0.00225738,3
0.0543357,0.197302,0.0141966,3
0.111872,0.160379,0.0162921,3
0.100897,0.150943,0.0466896,3
0.202684,0.140027,0.0574283,3
0.12571,0.20341,0.0369554,3
0.0513488,0.210627,0.0214987,3
0.108689,0.215846,0.0697167,3
0.0216223,0.142452,0.0665793,3
0.224939,0.149967,0.0243082,3
0.0026805,0.172403,0.00163142,3
0.133647,0.155014,0.0804075,3
0.0823426,0.193052,0.0857174,3
0.204349,0.202614,0.093979,3
0.081733,0.130514,0.0833263,3
0.211941,0.208108,0.0890136,3
0.182379,0.148992,0.0661829,3
0.163328,0.220188,0.0688422,3
0.198207,0.223665,0.100019,3
0.187288,0.172579,0.0674627,3
0.189893,0.158409,0.0974677,3
0.0153124,0.148919,0.0868824,3
0.109289,0.163396,0.0264419,3
0.0698452,0.156625,0.0770098,3
0.167759,0.164458,0.0899196,3
0.117055,0.168049,0.034828,3
0.0236121,0.116867,0.0495037,3
0.0729751,0.197586,0.0914725,3
0.0494697,0.160035,0.101329,3
0.0413472,0.164967,0.0762252,3
0.102361,0.125303,0.0317907,3
0.0878792,0.135743,0.0366649,3
0.0334933,0.210872,0.0580739,3
0.0113941,0.219008,0.060502,3
0.109452,0.105864,0.0435688,3
0.2017,0.191215,0.0556186,3
0.00538323,0.109465,0.0697042,3
0.0336704,0.218402,0.00354694,3
0.204932,0.218934,0.0218128,3
0.093516,0.198986,0.0451836,3
0.0722803,0.201644,0.0847543,3
0.0551128,0.171108,0.100644,3
0.147998,0.169834,0.0884476,3
0.148236,0.103375,0.0396952,3
0.0778759,0.127543,0.0876621,3
0.0975106,0.116958,0.0501219,3
0.218353,0.166185,0.0421447,3
0.0692866,0.126656,0.0574309,3
