x coord,y coord,z coord,rank
0.216676,0.132231,0.0829125,0
0.0999753,0.121523,0.000256704,0
0.0378914,0.205744,0.0475133,0
0.00336002,0.198546,0.0486219,0
0.128608,0.144588,0.0367223,0
0.136128,0.13563,0.0708563,0
0.185899,0.222409,0.0169167,0
0.0207002,0.147678,0.0946191,0
0.0277264,0.199197,0.104452,0
0.0504964,0.192418,0.015862,0
0.202405,0.13436,0.0155463,0
0.152618,0.130399,0.0875353,0
0.0275392,0.190666,0.00876953,0
0.0710637,0.19297,0.050989,0
0.0254402,0.196824,0.0198662,0
0.0838561,0.21398,0.0937117,0
0.0432051,0.126048,0.0202667,0
0.0928234,0.124851,0.112634,0
0.0400954,0.215881,0.106334,0
0.0500685,0.195604,0.0160446,0
0.0223028,0.168345,0.0167219,0
0.107963,0.215179,0.027969,0
0.0134889,0.204442,0.0607319,0
0.188144,0.158605,0.0565831,0
0.126961,0.18426,0.0764023,0
0.157285,0.199243,0.0234357,0
0.0521798,0.14795,0.0620975,0
0.0502568,0.178396,0.09125,0
0.194339,0.12646,0.116977,0
0.0775541,0.133328,0.0639691,0
0.181274,0.13996,0.05556,0
0.214777,0.138029,0.0300434,0
0.220019,0.219156,0.0726538,0
0.0518496,0.118404,0.0222212,0
0.0666687,0.209167,0.0955653,0
0.0414222,0.150982,0.0544918,0
0.0417665,0.19345,0.0757927,0
0.158662,0.169377,0.0668758,0
0.183568,0.145342,0.0284913,0
0.000578077,0.206693,0.0148322,0
0.0367673,0.131856,0.0534536,0
0.0480714,0.151746,0.000653845,0
0.124482,0.210631,0.105258,0
0.074101,0.130708,0.0103668,0
0.200011,0.125032,0.0605202,0
0.189172,0.13216,0.12124,0
0.180137,0.198829,0.0454766,0
0.206299,0.153141,0.0730131,0
0.0745036,0.209388,0.0133837,0
0.104936,0.212806,0.120511,0
0.221662,0.192658,0.0969676,0
0.160681,0.208638,0.108752,0
0.199127,0.131558,0.120986,0
0.10208,0.155419,0.0265208,0
0.123189,0.146942,0.0489499,0
0.0481483,0.136599,0.0297569,0
0.197506,0.125347,0.121098,0
0.181417,0.216502,0.0306288,0
0.0361996,0.167213,0.0531963,0
0.206994,0.149349,0.0920355,0
0.158478,0.185339,0.065745,0
0.0538321,0.180117,0.00314536,0
0.040722,0.153371,0.116751,0
0.0408829,0.205777,0.0301892,0
0.195599,0.209447,0.0450856,0
0.197129,0.131508,0.120232,0
0.0422679,0.209344,0.0744027,0
0.122547,0.208605,0.00343364,0
0.159036,0.148557,0.0343858,0
0.206196,0.19185,0.00420805,0
0.1956,0.190324,0.100852,0
0.198453,0.129178,0.118298,0
0.0772357,0.198512,0.0613766,0
0.200973,0.128859,0.120882,0
0.125727,0.152037,0.0522987,0
0.103929,0.156497,0.0408833,0
0.139731,0.124762,0.0615433,0
0.040388,0.162256,0.10206,0
0.049741,0.185167,0.0879559,0
0.0660725,0.217932,0.0726314,0
0.126674,0.128047,0.0424602,0
0.0382917,0.195898,0.0229045,0
0.0472956,0.189805,0.0557136,0
0.200813,0.127698,0.117277,0
0.0565059,0.167524,0.11202,0
0.0657262,0.192728,0.0030264,0
0.0847754,0.182804,0.00606447,0
0.115263,0.210906,0.0214092,0
0.178239,0.172611,0.00324955,0
0.158385,0.179564,0.0234454,0
0.0658003,0.172189,0.0347633,0
0.0110567,0.203916,0.0198966,0
0.0853892,0.14768,0.0220716,0
0.18714,0.183641,0.000495466,0
0.152181,0.17798,0.0330183,0
0.0932593,0.194598,0.0620268,0
0.17624,0.15979,0.0516156,0
0.0338258,0.176917,0.00858348,0
0.0214096,0.170815,0.00521811,0
0.0863988,0.166477,0.0803749,0
0.0465223,0.12594,0.0683663,0
0.0482133,0.212883,0.112036,0
0.0810969,0.145229,0.0871991,0
0.00241762,0.217772,0.0837984,0
0.222052,0.177678,0.0399378,0
0.0782093,0.138552,0.031798,0
0.00410659,0.178328,0.0979148,0
0.172952,0.126777,0.0537403,0
0.0891205,0.120972,0.117878,0
0.163049,0.214572,0.0432497,0
0.216798,0.196661,0.096684,0
0.0954776,0.196663,0.0715784,0
0.147854,0.210141,0.0478463,0
0.0166791,0.219591,0.0910897,0
0.186764,0.131843,0.114223,0
0.0960414,0.209303,0.107459,0
0.205478,0.221482,0.118706,0
0.156277,0.2006,0.0275264,0
0.201678,0.167031,0.0639873,0
0.138139,0.124014,0.112917,0
0.187019,0.153646,0.0877496,0
0.0679206,0.140756,0.0614612,0
0.200175,0.126788,0.119313,0
0.0726529,0.20494,0.0836175,0
0.0657868,0.175916,0.0959449,0
0.134386,0.17267,0.10393,0
0.0775275,0.127052,0.0234123,0
0.0827713,0.208491,0.10827,0
0.153468,0.142593,0.0994457,0
0.153567,0.120293,0.00125315,0
0.121315,0.148111,0.086744,0
0.102694,0.122902,0.105691,0
0.20047,0.126701,0.119946,0
0.117546,0.148268,0.118542,0
0.199041,0.129853,0.12064,0
0.19977,0.130579,0.119522,0
0.199122,0.125483,0.120287,0
0.197473,0.0153675,0.198898,1
0.141318,0.105834,0.201732,1
0.022722,0.102566,0.154934,1
0.023909,0.00504606,0.17278,1
0.128295,0.103102,0.136298,1
0.202018,0.0820512,0.144523,1
0.117395,0.00861003,0.121851,1
0.00664036,0.114472,0.123085,1
0.160599,0.116766,0.142343,1
0.108886,0.0132137,0.198029,1
0.129046,0.020891,0.158878,1
0.184072,0.0244284,0.144361,1
0.164166,0.0221982,0.163662,1
0.117909,0.0371265,0.16013,1
0.14532,0.0595877,0.186397,1
0.130122,0.0549808,0.208424,1
0.11475,0.0211444,0.161812,1
0.010228,0.0764916,0.179868,1
0.07558,0.0468009,0.187373,1
0.0137024,0.0146968,0.162345,1
0.170084,0.0123618,0.177688,1
0.106599,0.0185996,0.127068,1
0.205098,0.0958312,0.202523,1
0.140936,0.0372142,0.198872,1
0.0357083,0.0999869,0.15631,1
0.0560997,0.106551,0.181499,1
0.130975,0.0580836,0.18592,1
0.0988537,0.0656622,0.203047,1
0.2241,0.0700179,0.206974,1
0.178583,0.0753391,0.197937,1
0.0626562,0.0661137,0.178516,1
0.118973,0.0254504,0.16766,1
0.0471573,0.0623585,0.155622,1
0.0415071,0.0359805,0.160322,1
0.128021,0.0796115,0.195603,1
0.00421147,0.0508239,0.146366,1
0.208771,0.0746142,0.187718,1
0.0486897,0.0140249,0.220075,1
0.0343294,0.0134516,0.142145,1
0.124883,0.0806204,0.175904,1
0.127507,0.0769468,0.176694,1
0.221863,0.116716,0.159073,1
0.101988,0.0438794,0.196963,1
0.208307,0.0193616,0.177687,1
0.110338,0.00190707,0.135546,1
0.126257,0.114453,0.222883,1
0.0239644,0.0748394,0.188998,1
0.0617123,0.0537502,0.205716,1
0.109576,0.106546,0.199281,1
0.145561,0.0838233,0.172363,1
0.124468,0.0642166,0.217941,1
0.116402,0.0719337,0.207105,1
0.189687,0.0229427,0.141861,1
0.158939,0.10824,0.159342,1
0.125582,0.0323705,0.168108,1
0.150395,0.0385295,0.223719,1
0.0132076,0.101437,0.138226,1
0.107631,0.0834327,0.138904,1
0.0959529,0.0632451,0.195162,1
0.15673,0.0355541,0.187268,1
0.114261,0.0732993,0.214465,1
0.201053,0.0839463,0.196707,1
0.217971,0.0870107,0.124578,1
0.159583,0.0677262,0.173888,1
0.0136692,0.0120575,0.151652,1
0.0828437,0.0148839,0.207089,1
0.000970044,0.00890447,0.220421,1
0.149608,0.0959762,0.185891,1
0.0692228,0.0333655,0.213231,1
0.118213,0.072658,0.21207,1
0.152151,0.102991,0.153374,1
0.146786,0.0801366,0.209058,1
0.0636337,0.0333727,0.147782,1
0.106126,0.0554834,0.216896,1
0.0741386,0.000637435,0.135503,1
0.0674895,0.0737125,0.19642,1
0.0865473,0.0563856,0.166271,1
0.193943,0.00563125,0.136887,1
0.117257,0.11324,0.191378,1
0.0314196,0.0877817,0.197692,1
0.104432,0.011403,0.205601,1
0.0745914,0.051787,0.215562,1
0.0985755,0.0876951,0.203859,1
0.0344035,0.0432178,0.214665,1
0.0256266,0.0959916,0.13588,1
0.132932,0.0305864,0.146808,1
0.179254,0.0570222,0.210996,1
0.0746836,0.00164866,0.168867,1
0.198074,0.0934858,0.13795,1
0.0680352,0.0162297,0.218591,1
0.104983,0.00422865,0.177667,1
0.21414,0.0904985,0.159822,1
0.0265895,0.0125136,0.180357,1
0.170275,0.0351652,0.185289,1
0.014157,0.10156,0.212183,1
0.210272,0.04603,0.206167,1
0.168039,0.0377621,0.223979,1
0.0137206,0.00760725,0.188683,1
0.12028,0.059471,0.178497,1
0.0741141,0.0852695,0.155662,1
0.154511,0.113628,0.126104,1
0.147191,0.101586,0.218582,1
0.2221,0.114085,0.146528,1
0.222955,0.0290635,0.126522,1
0.149698,0.11377,0.123186,1
0.0887992,0.021197,0.121998,1
0.00156147,0.200594,0.215646,2
0.199461,0.130931,0.121975,2
0.192023,0.125821,0.123973,2
0.194141,0.130515,0.125258,2
0.197267,0.12959,0.123568,2
0.133411,0.200489,0.143488,2
0.196511,0.127282,0.125712,2
0.104949,0.148687,0.210008,2
0.0697484,0.162408,0.174922,2
0.131106,0.145076,0.182482,2
0.19697,0.129628,0.123897,2
0.109404,0.183199,0.138975,2
0.201662,0.125758,0.122498,2
0.0264351,0.190639,0.179596,2
0.200255,0.128299,0.121775,2
0.198706,0.131226,0.121785,2
0.19437,0.127556,0.126861,2
0.0637181,0.210936,0.128201,2
0.173267,0.145239,0.204701,2
0.199984,0.133149,0.129052,2
0.117391,0.168527,0.206291,2
0.15147,0.154884,0.15936,2
0.104652,0.168262,0.209024,2
0.0798326,0.177446,0.1643,2
0.00236997,0.186461,0.190937,2
0.200849,0.129309,0.127326,2
0.0399952,0.199841,0.171042,2
0.0833937,0.215698,0.212197,2
0.199461,0.127734,0.122533,2
0.0456249,0.181821,0.184746,2
0.201241,0.126305,0.12632,2
0.0341987,0.147506,0.203263,2
0.0536321,0.163947,0.180038,2
0.0208182,0.222704,0.213303,2
0.17968,0.14435,0.211098,2
0.0309352,0.206687,0.14024,2
0.196617,0.129372,0.123475,2
0.203498,0.162191,0.213194,2
0.125265,0.139451,0.132793,2
0.180478,0.14529,0.140016,2
0.0662889,0.195723,0.219568,2
0.196753,0.128667,0.121896,2
0.127534,0.146475,0.220807,2
0.155736,0.188185,0.21816,2
0.141176,0.207122,0.171157,2
0.193787,0.128552,0.125619,2
0.036433,0.135497,0.174505,2
0.0910836,0.222387,0.169498,2
0.19818,0.177425,0.170725,2
0.135567,0.18928,0.211048,2
0.198354,0.125362,0.122924,2
0.204726,0.128308,0.125292,2
0.184547,0.186269,0.156451,2
0.218271,0.1802,0.188091,2
0.0394882,0.125641,0.142057,2
0.0474794,0.12817,0.169927,2
0.0157065,0.170206,0.193176,2
0.00294652,0.192511,0.22189,2
0.147851,0.152172,0.184784,2
0.0383357,0.123091,0.136821,2
0.0934753,0.137564,0.146604,2
0.105911,0.16942,0.189851,2
0.0217665,0.214923,0.158879,2
0.170621,0.187447,0.161821,2
0.129569,0.131117,0.142314,2
0.0238199,0.123694,0.164995,2
0.210307,0.221721,0.165803,2
0.170543,0.190337,0.166785,2
0.121016,0.195094,0.138899,2
0.182359,0.190564,0.186363,2
0.160312,0.215074,0.180168,2
0.0285997,0.190972,0.173323,2
0.0342343,0.142604,0.145188,2
0.220372,0.178855,0.211475,2
0.203546,0.130356,0.127112,2
0.0678023,0.131174,0.22106,2
0.0432725,0.128781,0.137698,2
0.173426,0.208534,0.123223,2
0.190203,0.13076,0.125218,2
0.145851,0.142239,0.182742,2
0.0748946,0.199054,0.159285,2
0.185735,0.136453,0.176176,2
0.201186,0.134456,0.211026,2
0.135373,0.180523,0.172387,2
0.100959,0.20635,0.180628,2
0.216466,0.180198,0.148417,2
0.13393,0.197629,0.216055,2
0.159277,0.19754,0.177496,2
0.0801305,0.184752,0.15311,2
0.15852,0.153718,0.182695,2
0.171299,0.22281,0.220072,2
0.210587,0.129163,0.143818,2
0.199097,0.133854,0.128393,2
0.0467404,0.209135,0.201356,2
0.166671,0.122565,0.173435,2
0.0958528,0.120527,0.183021,2
0.153708,0.221202,0.12628,2
0.186085,0.21845,0.197145,2
0.132741,0.222966,0.177967,2
0.220698,0.147714,0.123398,2
0.0770404,0.192071,0.128515,2
0.185461,0.163075,0.125998,2
0.16715,0.125829,0.199325,2
0.103176,0.180454,0.215382,2
0.096326,0.217726,0.124575,2
0.117818,0.180324,0.163545,2
0.197854,0.130647,0.122401,2
0.157181,0.169749,0.163813,2
0.141721,0.218905,0.180237,2
0.195958,0.129938,0.127836,2
0.118569,0.195656,0.194376,2
0.108633,0.118286,0.140898,2
0.199463,0.128,0.12699,2
0.0723034,0.137047,0.142824,2
0.0244764,0.211079,0.142023,2
0.19544,0.127485,0.12487,2
0.122733,0.220271,0.125965,2
0.188169,0.214931,0.126553,2
0.0395032,0.17371,0.170064,2
0.146802,0.162696,0.223296,2
0.199728,0.123797,0.123485,2
0.113027,0.176802,0.167964,2
0.130711,0.130732,0.162609,2
0.0973751,0.183009,0.165058,2
0.21809,0.187434,0.166474,2
0.120645,0.138885,0.148978,2
0.00268766,0.159737,0.20038,2
0.172337,0.209229,0.121896,2
0.172812,0.172556,0.145138,2
0.136604,0.131403,0.186891,2
0.0804631,0.153143,0.166652,2
0.197094,0.130693,0.122666,2
0.198252,0.129179,0.126788,2
0.203545,0.13188,0.12155,2
0.141227,0.0566141,0.121082,3
0.113694,0.0434542,0.0590888,3
0.124789,0.0179697,0.0766907,3
0.0279054,0.0178785,0.0580951,3
0.0497325,0.0966469,0.114305,3
0.00127957,0.0320199,0.0243656,3
0.179415,0.077167,0.0623716,3
0.150474,0.0874013,0.0124949,3
0.0994645,0.0362697,0.00858203,3
0.0978802,0.00816816,0.0222335,3
0.221045,0.0536866,0.107134,3
0.19365,0.0249443,0.0906959,3
0.115117,0.110584,0.0562847,3
0.223825,0.0805055,0.0337323,3
0.19847,0.109225,0.097604,3
0.159796,0.0543919,0.0460075,3
0.104597,0.0403592,0.0834985,3
0.0598037,0.104888,0.0320821,3
0.0315287,0.0561909,0.0143113,3
0.125198,0.11277,0.0978831,3
0.210466,0.0208953,0.0180875,3
0.153201,0.062783,0.116027,3
0.155511,0.102018,0.074189,3
0.140862,0.0526271,0.0517318,3
0.13069,0.0825659,0.0311215,3
0.0643386,0.0259933,0.0892772,3
0.218422,0.0971991,0.00102695,3
0.154796,0.00380048,0.110283,3
0.110319,0.0261296,0.034372,3
0.00835465,0.0953817,0.0823025,3
0.176976,0.047274,0.0359028,3
0.0112192,0.0961854,0.0652752,3
0.0222505,0.0443878,0.113675,3
0.219512,0.073655,0.0868174,3
0.0661576,0.0967539,0.0506819,3
0.20318,0.083237,0.058085,3
0.0939629,0.0379507,0.0469093,3
0.0641599,0.0390639,0.0646518,3
0.0337669,0.0346685,0.0675379,3
0.000422688,0.110365,0.0536257,3
0.189752,0.0538497,0.0192178,3
0.21118,0.0112969,0.0839622,3
0.156153,0.101464,0.0972945,3
0.21311,0.0159409,0.00628533,3
0.0171553,0.114718,0.105444,3
0.0693169,0.070568,0.0633559,3
0.104698,0.0600033,0.00842425,3
0.198912,0.0464332,0.055854,3
0.18461,0.0854065,0.0825059,3
0.104874,0.0741749,0.0899808,3
0.105106,0.08975,0.0305447,3
0.0221375,0.0371998,0.0621488,3
0.0740893,0.117128,0.0322925,3
0.00696183,0.0751761,0.0257631,3
0.0241855,0.00936634,0.092424,3
0.022706,0.106364,0.0546568,3
0.124944,0.0541576,0.0283221,3
0.16023,0.106432,0.0993326,3
0.0329219,0.0284997,0.0209724,3
0.0312491,0.0686838,0.0149289,3
0.0898271,0.0858962,0.0924942,3
0.0332302,0.110227,0.0420705,3
0.0645486,0.0872336,0.0790496,3
0.150446,0.106602,0.0207388,3
0.106617,0.0677623,0.0517558,3
0.111053,0.0349603,0.0447205,3
0.0409464,0.105619,0.0656619,3
0.157558,0.0293715,0.07989,3
0.119066,0.0548825,0.0271889,3
0.21361,0.0551929,0.00216324,3
0.0121425,0.0559204,0.0226162,3
0.119557,0.0723737,0.0595419,3
0.185939,0.000307357,0.106974,3
0.0367706,0.112516,0.0655811,3
0.17647,0.000242139,0.0805868,3
0.117464,0.0900313,0.0819156,3
0.178219,0.0845175,0.040528,3
0.117276,0.0438208,0.119936,3
0.0638215,0.0614192,0.0947631,3
0.202188,0.0334425,0.0681165,3
0.217055,0.0620928,0.0130487,3
0.0806708,0.0995065,0.0459913,3
0.00718732,0.105318,0.111086,3
0.160308,0.0178234,0.0399591,3
0.0535366,0.0186843,0.0465979,3
0.187304,0.0339541,0.0678324,3
0.208093,0.101568,0.0965589,3
0.0665503,0.0336147,0.121698,3
0.0128262,0.05707,0.112487,3
0.151932,0.0762158,0.0114539,3
0.0159705,0.087651,0.11198,3
0.0739529,0.0791752,0.0894983,3
0.201544,0.0789882,0.0670973,3
0.124293,0.0419427,0.105752,3
0.211602,0.0259183,0.0257844,3
0.166687,0.017055,0.0306465,3
0.0897014,0.00622345,0.0812642,3
0.0311014,0.0797729,0.103511,3
0.0797368,0.0733388,0.102719,3
0.0633354,0.008661,0.097045,3
0.111295,0.0630908,0.106948,3
0.125881,0.0105161,0.0331773,3
0.152674,0.0967797,0.116986,3
0.0743485,0.0501014,0.112217,3
0.085713,0.0746806,0.111001,3
0.205672,0.0915398,0.0706463,3
0.193178,0.105598,0.0159173,3
0.141394,0.0435054,0.0447468,3
0.222042,0.0226631,0.0289562,3
0.159148,0.0474911,0.115791,3
0.00711678,0.0814073,0.117569,3
0.0779773,0.0464537,0.00175371,3
0.0116621,0.0730003,0.025657,3
0.0793606,0.0158325,0.0790551,3
0.00788111,0.0203635,0.00699989,3
0.217509,0.102571,0.106997,3
0.165873,0.010584,0.115139,3
0.181629,0.0327927,0.113996,3
0.120431,0.0190219,0.0898193,3
0.0807506,0.066321,0.0252443,3
0.169256,0.0665628,0.0728832,3
0.190552,0.0978468,0.106141,3
0.224576,0.0388768,0.116799,3
