x coord,y coord,z coord,rank
0.133101,0.0494974,0.212273,0
0.160296,0.139114,0.16277,0
0.152193,0.169539,0.142115,0
0.182937,0.196005,0.202933,0
0.203497,0.155804,0.201391,0
0.196094,0.153221,0.118148,0
0.160999,0.0628258,0.117627,0
0.195962,0.153765,0.118325,0
0.198561,0.152626,0.115015,0
0.178704,0.148873,0.178548,0
0.129383,0.201962,0.204023,0
0.160659,0.206199,0.218595,0
0.213367,0.224694,0.180215,0
0.200026,0.159725,0.118116,0
0.190251,0.197289,0.1349,0
0.203189,0.15177,0.118315,0
0.174696,0.148822,0.127168,0
0.205277,0.16077,0.114705,0
0.199195,0.157779,0.116609,0
0.132036,0.0480997,0.208155,0
0.174605,0.0807941,0.161218,0
0.170055,0.146837,0.220575,0
0.22098,0.063775,0.158219,0
0.173538,0.00838175,0.216232,0
0.210364,0.0227854,0.216269,0
0.203184,0.155828,0.148211,0
0.18471,0.105606,0.139383,0
0.174975,0.00704425,0.145978,0
0.189815,0.0527461,0.161038,0
0.136929,0.126116,0.220541,0
0.178299,0.0966451,0.167911,0
0.200666,0.130011,0.13578,0
0.136416,0.101798,0.197156,0
0.150864,0.0115429,0.187307,0
0.167433,0.159661,0.199032,0
0.182355,0.144064,0.167773,0
0.153601,0.0210231,0.120122,0
0.199936,0.154584,0.116115,0
0.205939,0.0753068,0.165472,0
0.203706,0.0975475,0.217785,0
0.199362,0.156876,0.11643,0
0.202068,0.156418,0.117984,0
0.180942,0.124306,0.211415,0
0.156872,0.0775826,0.185166,0
0.201694,0.194785,0.159613,0
0.172555,0.0645109,0.200468,0
0.202479,0.159898,0.11613,0
0.206076,0.108299,0.11957,0
0.143057,0.110345,0.153088,0
0.167323,0.126992,0.15289,0
0.219061,0.16369,0.183469,0
0.200474,0.159541,0.117975,0
0.223834,0.0412562,0.215195,0
0.199208,0.152682,0.117359,0
0.183917,0.122251,0.174738,0
0.21317,0.215189,0.156726,0
0.14644,0.195791,0.120733,0
0.179396,0.216283,0.122108,0
0.164533,0.0334386,0.187801,0
0.201831,0.155072,0.114454,0
0.204534,0.156858,0.117221,0
0.195833,0.0240824,0.205201,0
0.155853,0.112024,0.214643,0
0.224631,0.128097,0.166921,0
0.142238,0.224597,0.131574,0
0.203794,0.153921,0.11634,0
0.178439,0.175928,0.118328,0
0.211994,0.0356046,0.14066,0
0.169731,0.143498,0.146579,0
0.141233,0.0212248,0.125294,0
0.125145,0.136733,0.117699,0
0.171252,0.211926,0.190346,0
0.201744,0.15888,0.118903,0
0.146583,0.19393,0.195487,0
0.136543,0.168349,0.120316,0
0.136458,0.119496,0.171789,0
0.200248,0.151292,0.117663,0
0.222246,0.20104,0.175104,0
0.208619,0.16024,0.115275,0
0.17691,0.109152,0.130151,0
0.218902,0.0271377,0.185881,0
0.200817,0.158753,0.116088,0
0.207555,0.0505691,0.132092,0
0.130679,0.169639,0.160814,0
0.193947,0.114304,0.209735,0
0.127939,0.119732,0.16197,0
0.183503,0.169713,0.224119,0
0.193789,0.122108,0.208833,0
0.217631,0.0560729,0.165998,0
0.155925,0.119629,0.1793,0
0.153441,0.0725463,0.210321,0
0.146359,0.0373808,0.124774,0
0.153859,0.0346408,0.194942,0
0.148776,0.0226358,0.184311,0
0.167344,0.0652222,0.11809,0
0.186374,0.17212,0.214785,0
0.167199,0.201431,0.142083,0
0.140768,0.0195757,0.172198,0
0.190358,0.080312,0.124969,0
0.200137,0.156275,0.123557,0
0.150636,0.045225,0.13573,0
0.198523,0.151907,0.117089,0
0.168467,0.130197,0.217034,0
0.202239,0.158448,0.114942,0
0.214058,0.0462759,0.140345,0
0.215808,0.144232,0.145094,0
0.141891,0.0683347,0.187936,0
0.198437,0.15628,0.118612,0
0.189636,0.053616,0.183723,0
0.181782,0.125148,0.169589,0
0.189174,0.122981,0.210299,0
0.201349,0.1546,0.120179,0
0.161341,0.0698505,0.153272,0
0.204888,0.15814,0.116608,0
0.155136,0.0876116,0.166399,0
0.202407,0.156319,0.117109,0
0.213675,0.0136258,0.120063,0
0.200227,0.16222,0.115771,0
0.127515,0.0245927,0.209192,0
0.130011,0.203119,0.191366,0
0.204286,0.154507,0.122342,0
0.195569,0.156475,0.117747,0
0.20504,0.155075,0.118703,0
0.202538,0.154971,0.118834,0
0.203727,0.154344,0.119307,0
0.19655,0.157579,0.115015,0
0.182796,0.142634,0.105068,1
0.180204,0.0736957,0.00124365,1
0.134476,0.0280917,0.104733,1
0.218627,0.135102,0.0350897,1
0.224738,0.0377727,0.0706603,1
0.149261,0.136469,0.0691217,1
0.211733,0.146332,0.0532778,1
0.144088,0.0803481,0.0349671,1
0.157684,0.209299,0.000422316,1
0.146703,0.0837501,0.0348422,1
0.189994,0.0656936,0.104962,1
0.196483,0.194675,0.0800072,1
0.191056,0.187031,0.0821472,1
0.202035,0.0876807,0.0937719,1
0.224363,0.0512759,0.0338436,1
0.185704,0.0481315,0.111056,1
0.173302,0.0934552,0.113026,1
0.146314,0.15049,0.0232234,1
0.143245,0.183208,0.012113,1
0.135038,0.216883,0.0682186,1
0.160697,0.0374439,0.0367231,1
0.158575,0.0253312,0.11173,1
0.155384,0.0144253,0.110411,1
0.217269,0.0609056,0.0598136,1
0.130972,0.107138,0.0812668,1
0.166354,0.187908,0.0324575,1
0.206818,0.0221742,0.0650029,1
0.16454,0.170613,0.103351,1
0.18335,0.00254175,0.0343678,1
0.21974,0.162217,0.00799702,1
0.212111,0.094489,0.0351513,1
0.17864,0.0241856,0.0888124,1
0.168677,0.153103,0.0578416,1
0.203129,0.156312,0.113898,1
0.142549,0.202898,0.0271845,1
0.1415,0.0147069,0.035596,1
0.166056,0.126029,0.0851749,1
0.178691,0.0310173,0.0697836,1
0.201937,0.0865191,0.00192214,1
0.136363,0.188519,0.0694119,1
0.140632,8.61851e-05,0.0412767,1
0.204209,0.141265,0.0568928,1
0.183146,0.113885,0.0317053,1
0.200529,0.133772,0.00887964,1
0.177974,0.113168,0.0432497,1
0.152649,0.138001,0.043937,1
0.160149,0.0968731,0.0753231,1
0.170676,0.0638246,0.0417245,1
0.21847,0.0907002,0.104153,1
0.197254,0.219678,0.0557448,1
0.137941,0.020794,0.0470323,1
0.178612,0.0453162,0.0444692,1
0.184981,0.222742,0.0754353,1
0.162515,0.083843,0.0621393,1
0.202742,0.0212605,0.0644256,1
0.205962,0.128511,0.0896366,1
0.194852,0.143624,0.0174368,1
0.223193,0.00319348,0.106906,1
0.129109,0.0455401,0.0476949,1
0.141707,0.214775,0.09998,1
0.167178,0.100677,0.0587129,1
0.216086,0.2137,0.0780321,1
0.172486,0.0708241,0.00618191,1
0.159643,0.177297,0.00269639,1
0.191808,0.0010558,0.0195232,1
0.199064,0.0834714,0.0902674,1
0.150817,0.0515794,0.0647531,1
0.221517,0.0409534,0.0356646,1
0.19258,0.164011,0.013621,1
0.181642,0.132849,0.0191772,1
0.222198,0.0643963,0.0866391,1
0.216212,0.0258361,0.0630303,1
0.169465,0.0731435,0.102675,1
0.210934,0.157652,0.0841115,1
0.190969,0.123787,0.0717761,1
0.200956,0.164384,0.0687721,1
0.149891,0.193739,0.0263747,1
0.197636,0.170401,0.015477,1
0.215215,0.107573,0.0388151,1
0.171712,0.155198,0.0765957,1
0.173958,0.18142,0.051154,1
0.157612,0.22418,0.0705104,1
0.214158,0.106876,0.0859644,1
0.15091,0.0903598,0.0503683,1
0.21617,0.00279448,0.0229198,1
0.138709,0.147746,0.00248274,1
0.177008,0.125777,0.0868807,1
0.176936,0.0527248,0.113597,1
0.202476,0.0554725,0.0794694,1
0.191391,0.152999,0.0661899,1
0.195557,0.155582,0.113908,1
0.198901,0.0645042,0.101423,1
0.222217,0.134629,0.0486368,1
0.150658,0.181528,0.0619958,1
0.142649,0.0628871,0.0642453,1
0.197408,0.0905515,0.0964802,1
0.139966,0.151777,0.0788249,1
0.184373,0.220978,0.0807898,1
0.165476,0.18085,0.0509467,1
0.157142,0.0444695,0.09625,1
0.220314,0.00176904,0.0111769,1
0.219159,0.0851605,0.0655689,1
0.152126,0.215724,0.0414518,1
0.200887,0.197954,0.0374995,1
0.180675,0.197395,0.0298515,1
0.142784,0.00903752,0.0562205,1
0.203222,0.15378,0.111776,1
0.143504,0.162429,0.0845786,1
0.15321,0.160458,0.103151,1
0.183506,0.0375459,0.0217868,1
0.142047,0.00484856,0.022971,1
0.152728,0.034896,0.0114856,1
0.128662,0.211664,0.109068,1
0.196637,0.153177,0.0813383,1
0.156421,0.204022,0.00130223,1
0.199368,0.158548,0.112106,1
0.203606,0.152434,0.11405,1
0.203289,0.159048,0.113124,1
0.201718,0.157487,0.114187,1
0.202787,0.163364,0.113781,1
0.00732219,0.163771,0.115238,2
0.10402,0.1442,0.114512,2
0.00690322,0.0851266,0.20895,2
0.027896,0.134926,0.11769,2
0.122769,0.203883,0.144452,2
0.0666663,0.123143,0.214282,2
0.0842663,0.161506,0.139691,2
0.0200811,0.176227,0.136355,2
0.0578257,0.155293,0.124371,2
0.0819084,0.134135,0.130708,2
0.0995951,0.152627,0.153834,2
0.102702,0.179986,0.127135,2
0.0829688,0.13276,0.147908,2
0.0387711,0.134656,0.160757,2
0.0498223,0.203027,0.217725,2
0.0941359,0.167109,0.144486,2
0.0516852,0.218245,0.133959,2
0.0257085,0.0274125,0.197161,2
0.064698,0.191897,0.130123,2
0.00125724,0.210894,0.159683,2
0.00906246,0.0163894,0.205268,2
0.0537523,0.080791,0.193046,2
0.0567522,0.12003,0.193222,2
0.0115503,0.0397799,0.114185,2
0.0931832,0.0395223,0.162113,2
0.0311615,0.00415123,0.201508,2
0.0844603,0.115764,0.202234,2
0.0848571,0.0202262,0.132122,2
0.114071,0.0669302,0.159403,2
0.0524256,0.149279,0.171889,2
0.0433681,0.20159,0.129181,2
0.0694395,0.069491,0.132696,2
0.0752957,0.120057,0.202456,2
0.000914922,0.0636566,0.188787,2
0.0370784,0.145843,0.214882,2
0.0676527,0.163566,0.152574,2
0.0617091,0.180413,0.186421,2
0.0169793,0.00240333,0.14804,2
0.0341558,0.173087,0.165201,2
0.0975222,0.0511422,0.222231,2
0.113477,0.139956,0.176584,2
0.0801907,0.179304,0.194973,2
0.1096,0.185636,0.17003,2
0.11755,0.0319471,0.142701,2
0.0927513,0.161228,0.140968,2
0.113651,0.0356735,0.219089,2
0.00628669,0.11029,0.16184,2
0.0769868,0.137681,0.159474,2
0.0217398,0.132138,0.146705,2
0.0381138,0.121883,0.120095,2
0.08445,0.14215,0.204763,2
0.0707689,0.0802697,0.152124,2
0.0168634,0.112883,0.185506,2
0.0334751,0.0358415,0.16929,2
0.109869,0.196148,0.140981,2
0.0490822,0.222948,0.204189,2
0.116386,0.0836615,0.13674,2
0.00231931,0.0983618,0.116471,2
0.0504567,0.0780935,0.140762,2
0.110609,0.154225,0.175559,2
0.0834206,0.17988,0.20101,2
0.117002,0.166243,0.199685,2
0.00745582,0.149695,0.154288,2
0.0480698,0.015322,0.170053,2
0.0673093,0.155141,0.175838,2
0.10567,0.191261,0.181162,2
0.0377157,0.208505,0.204847,2
0.108152,0.122994,0.12621,2
0.0424738,0.0930851,0.163707,2
0.0614124,0.0203292,0.157366,2
0.110746,0.10664,0.139286,2
0.0935483,0.129108,0.175304,2
0.036837,0.00990512,0.2036,2
0.0426987,0.126253,0.116933,2
0.081153,0.140106,0.16682,2
0.108659,0.131928,0.145216,2
0.0778095,0.0108943,0.123345,2
0.052451,0.0624653,0.162166,2
0.103148,0.0632206,0.143746,2
0.0209805,0.0148747,0.153456,2
0.0276384,0.0510833,0.120365,2
0.0898497,0.0872755,0.12016,2
0.12093,0.153027,0.155767,2
0.0252039,0.0427787,0.133338,2
0.0756637,0.101795,0.189814,2
0.0170858,0.20292,0.219701,2
0.052277,0.139699,0.139133,2
0.116986,0.16143,0.172691,2
0.0463312,0.129331,0.192613,2
0.0940978,0.0851347,0.201656,2
0.0842919,0.156698,0.125607,2
0.0165044,0.115264,0.166385,2
0.0469822,0.177102,0.15679,2
0.0755427,0.0441997,0.174573,2
0.0619747,0.00701538,0.182698,2
0.0104855,0.0894171,0.150517,2
0.0372678,0.10916,0.196156,2
0.0734704,0.0630069,0.130743,2
0.0644147,0.168537,0.213452,2
0.11234,0.05611,0.221927,2
0.093166,0.176986,0.178509,2
0.0309909,0.178296,0.181644,2
0.077275,0.187975,0.138208,2
0.0771212,0.204737,0.210107,2
0.0946753,0.178488,0.129013,2
0.0862345,0.0130038,0.169252,2
0.0500694,0.202617,0.128727,2
0.00518471,0.17426,0.13887,2
0.0389058,0.0758615,0.221286,2
0.0128042,0.00799376,0.203146,2
0.0228363,0.0855181,0.133112,2
0.0629468,0.0261614,0.187652,2
0.00551148,0.118413,0.192205,2
0.117561,0.177166,0.156802,2
0.0152841,0.16578,0.13995,2
0.105186,0.223048,0.155491,2
0.105151,0.0336392,0.168139,2
0.113708,0.0974798,0.175699,2
0.0408828,0.00737901,0.200296,2
0.0525195,0.160522,0.131321,2
0.0321229,0.0523375,0.137676,2
0.0856799,0.136101,0.17029,2
0.118758,0.00333697,0.170881,2
0.097933,0.0585362,0.119017,2
0.111764,0.21937,0.214604,2
0.123418,0.00392081,0.214946,2
0.119477,0.200654,0.157689,2
0.0750846,0.208055,0.116249,2
0.0803319,0.00139608,0.0137544,3
0.00346114,0.00970243,0.10326,3
0.113283,0.188631,0.00812236,3
0.027918,0.131474,0.111503,3
0.030355,0.00448168,0.0875129,3
0.0614033,0.0716404,0.0109422,3
0.0851793,0.0132112,0.0301943,3
0.053081,0.0782663,0.0151217,3
0.0856325,0.0324222,0.0835098,3
0.0389156,0.0815551,0.0324526,3
0.0252416,0.0760189,0.0489734,3
0.11804,0.0882462,0.0133624,3
0.0525208,0.125539,0.025098,3
0.0845181,0.0872198,0.0753383,3
0.00488495,0.0954319,0.100459,3
0.0954097,0.0819846,0.0945476,3
0.078285,0.101835,0.0410783,3
0.0105629,0.116117,0.0424112,3
0.0206946,0.0363592,0.0936062,3
0.10857,0.0893505,0.0302599,3
0.0995021,0.0133028,0.0599536,3
0.120911,0.0618591,0.101845,3
0.0639374,0.0728894,0.089353,3
0.00854885,0.0669595,0.0612121,3
0.12199,0.0379653,0.101701,3
0.116921,0.123271,0.0613965,3
0.118562,0.146424,0.0238782,3
0.100844,0.162424,0.0688884,3
0.114223,0.197217,0.0888666,3
0.0829874,0.103883,0.0925035,3
0.0129524,0.173199,0.0636343,3
0.0889178,0.078197,0.0230901,3
0.0153911,0.148646,0.0417627,3
0.0509653,0.0398717,0.0518124,3
0.0739709,0.0866387,0.0351648,3
0.108706,0.165196,0.0441697,3
0.0357397,0.194504,0.0397799,3
0.0808527,0.026413,0.00140384,3
0.124738,0.0615053,0.0694885,3
0.0505382,0.211645,0.0187402,3
0.0429835,0.0610165,0.0751552,3
0.12173,0.0491613,0.026359,3
0.0442158,0.0761691,0.110693,3
0.023882,0.0603885,0.00761388,3
0.0447588,0.0288585,0.0786363,3
0.0917546,0.178042,0.107735,3
0.122017,0.0442322,0.0841592,3
0.0774337,0.132203,0.0497832,3
0.0292339,0.149785,0.0663045,3
0.109938,0.0988356,0.0471499,3
0.0400852,0.171082,0.090814,3
0.0154394,0.207761,0.0294617,3
0.073238,0.123388,0.0685636,3
0.0977506,0.144868,0.0262428,3
0.111667,0.204187,0.0492396,3
0.0831072,0.199082,0.0700226,3
0.033604,0.0453184,0.0105576,3
0.0999143,0.0115375,0.0308881,3
0.0893521,0.209655,0.0963842,3
0.0346377,0.112861,0.0343071,3
0.0121483,0.0474603,0.0468707,3
0.0188023,0.090537,0.107462,3
0.112259,0.202837,0.0379858,3
0.0803026,0.213628,0.00639191,3
0.0431771,0.125648,0.0454573,3
0.0741493,0.135165,0.0935297,3
0.0866319,0.129959,0.0968388,3
0.0171811,0.200153,0.00373863,3
0.0969563,0.0201184,0.0763573,3
0.0283309,0.0513712,0.0399016,3
0.0028477,0.1264,0.0434392,3
0.00178081,0.0760868,0.0679201,3
0.118564,0.0136972,0.0840974,3
0.0892347,0.0704456,0.0136425,3
0.0476219,0.0817651,0.0204276,3
0.0943127,0.0345942,0.065216,3
0.0759444,0.16078,0.0773448,3
0.0716979,0.0658974,0.103256,3
0.0668627,0.0607255,0.00365596,3
0.109623,0.147246,0.00590911,3
0.0868779,0.00261489,0.0236404,3
0.0197044,0.0905079,0.0613196,3
0.049982,0.131986,0.00284624,3
0.0621465,0.108367,0.0363308,3
0.111816,0.0394436,0.103007,3
0.0667981,0.0322861,0.0927312,3
0.069076,0.0210399,0.0948289,3
0.025945,0.0824196,0.0905136,3
0.0817258,0.209234,0.0658018,3
0.0567805,0.0880873,0.0682615,3
0.0507026,0.0293591,0.0539446,3
0.0731641,0.106538,0.00760117,3
0.042398,0.0383992,0.0927433,3
0.0194048,0.164401,0.00262986,3
0.0286153,0.216804,0.0585153,3
0.0408527,0.128421,0.0224228,3
0.0908893,0.00344871,0.0888989,3
0.083721,0.116307,0.0866718,3
0.0634511,0.140443,0.00820302,3
0.029723,0.00104981,0.0931413,3
0.00635984,0.151121,0.0472452,3
0.0860487,0.100784,0.0300793,3
0.0519869,0.183011,0.00937331,3
0.0106961,0.0658882,0.0961947,3
0.0273718,0.145975,0.0778909,3
0.00960616,0.197403,0.0433388,3
0.0228656,0.157506,0.0938902,3
0.0336496,0.223823,0.0316491,3
0.04395,0.178346,0.0161777,3
0.120349,0.0255628,0.0707371,3
0.0131908,0.140145,0.0591536,3
0.0498525,0.222338,0.0101614,3
0.025032,0.171358,0.0671353,3
0.0917828,0.00793106,0.071861,3
0.100746,0.159782,0.0413171,3
0.0538989,0.0727423,0.0185549,3
0.0388628,0.084847,0.0340371,3
0.00290321,0.108062,0.0455075,3
0.0363864,0.0922756,0.0521283,3
0.0407278,0.221903,0.0850313,3
0.0537898,0.0738208,0.0813317,3
0.113189,0.0441998,0.045057,3
0.109927,0.0950002,0.00843356,3
0.0290009,0.13218,0.108429,3
0.121656,0.0804975,0.107728,3
0.123593,0.181092,0.0294311,3
