x coord,y coord,z coord,rank
0.197374,0.188833,0.0907632,0
0.197362,0.145307,0.0537001,0
0.137663,0.127919,0.0993633,0
0.0593956,0.197872,0.115382,0
0.0441471,0.216156,0.113909,0
0.108759,0.199868,0.0181014,0
0.0577864,0.197421,0.114004,0
0.202314,0.136406,0.0928072,0
0.0813292,0.163928,0.103286,0
0.222776,0.155527,0.0254077,0
0.152938,0.180527,0.0836575,0
0.0591213,0.194252,0.114544,0
0.200309,0.141979,0.067787,0
0.154682,0.196516,0.0293021,0
0.0805004,0.132917,0.0656048,0
0.114803,0.152353,0.101762,0
0.000560126,0.170965,0.0829947,0
0.134627,0.211573,0.106021,0
0.0471351,0.191297,0.0473503,0
0.0412581,0.128387,0.0672733,0
0.0200325,0.192621,0.0617282,0
0.103258,0.204884,0.0162285,0
0.0872092,0.129132,0.0171421,0
0.137389,0.170238,0.0777785,0
0.199805,0.216987,0.0385963,0
0.0116436,0.165583,0.0207975,0
0.153322,0.201169,0.0500738,0
0.0614429,0.200505,0.112234,0
0.0250463,0.133503,0.0954087,0
0.172191,0.218021,0.0710053,0
0.0294502,0.215197,0.0997886,0
0.011017,0.221264,0.114143,0
0.0360828,0.207695,0.0626951,0
0.0381583,0.128377,0.0258268,0
0.0120345,0.171896,0.0219204,0
0.0754654,0.135041,0.0188132,0
0.0767757,0.180692,0.0031842,0
0.143142,0.207596,0.017561,0
0.148736,0.180948,0.0183855,0
0.0777453,0.199205,0.0377289,0
0.199083,0.173468,0.099241,0
0.0741159,0.131864,0.109196,0
0.19129,0.223073,0.0692096,0
0.0595584,0.201972,0.113886,0
0.0849565,0.211178,0.0904328,0
0.179022,0.14682,0.037452,0
0.00503298,0.1348,0.0941799,0
0.128184,0.124163,0.00520008,0
0.201519,0.188967,0.0119386,0
0.106049,0.216751,0.0164168,0
0.183707,0.184571,0.0923276,0
0.187143,0.192643,0.078661,0
0.159321,0.152135,0.114162,0
0.0601626,0.206296,0.112926,0
0.127275,0.167545,0.0216345,0
0.0931686,0.141786,0.0679936,0
0.0659166,0.150823,0.0213784,0
0.207701,0.165483,0.0256244,0
0.16626,0.22327,0.0651349,0
0.041366,0.16877,0.00118644,0
0.121344,0.193312,0.0681026,0
0.135683,0.195467,0.027761,0
0.106245,0.146016,0.0993203,0
0.0546713,0.198118,0.113447,0
0.10632,0.169223,0.0639422,0
0.0137912,0.17245,0.0975443,0
0.0610564,0.181528,0.0138759,0
0.0145746,0.19337,0.0517475,0
0.0564726,0.159913,0.00929235,0
0.0144259,0.148495,0.112039,0
0.0350169,0.201126,0.0759273,0
0.219587,0.185658,0.0558989,0
0.15744,0.154566,0.110134,0
0.155482,0.178129,0.0497834,0
0.123044,0.182869,0.0221855,0
0.188246,0.168088,0.00531287,0
0.0677404,0.142903,0.0842089,0
0.12222,0.204026,0.0170103,0
0.121586,0.166035,0.047394,0
0.206735,0.151036,0.0480138,0
4.01621e-05,0.14447,0.111801,0
0.0208684,0.223908,0.051725,0
0.156675,0.203498,0.0794428,0
0.11458,0.198125,0.0216916,0
0.0841706,0.124166,0.0512844,0
0.125252,0.189236,0.0207705,0
0.178243,0.150956,0.0388162,0
0.0552216,0.199191,0.113921,0
0.0943124,0.173873,0.0965556,0
0.10882,0.162774,0.0935279,0
0.0215507,0.193723,0.0124584,0
0.164394,0.171298,0.0644308,0
0.0590671,0.210725,0.0887234,0
0.0552797,0.148043,0.0460241,0
0.014349,0.20232,0.106184,0
0.142965,0.220892,0.0979132,0
0.109455,0.220966,0.0744858,0
0.0341969,0.138562,0.0648384,0
0.0786671,0.219856,0.00771837,0
0.128158,0.208032,0.0464556,0
0.0637741,0.175854,0.0838768,0
0.0618359,0.199632,0.114832,0
0.0128981,0.169168,0.0362757,0
0.0624922,0.140381,0.0456318,0
0.0501059,0.127748,0.0347925,0
0.0900953,0.174605,0.0189011,0
0.20423,0.173562,0.055761,0
0.029834,0.141516,0.084308,0
0.0260581,0.158243,0.0397744,0
0.118298,0.13266,0.0879144,0
0.0623615,0.200716,0.0277737,0
0.194096,0.137456,0.0520613,0
0.114087,0.20787,0.107871,0
0.0669433,0.192114,0.0661071,0
0.00393969,0.200012,0.0688742,0
0.13802,0.158449,0.0488341,0
0.0512939,0.133402,0.0070355,0
0.140052,0.130559,0.00531283,0
0.0128695,0.169863,0.0718231,0
0.190075,0.214819,0.0448062,0
0.0666087,0.177188,0.00644879,0
0.192417,0.220913,0.05476,0
0.221973,0.20349,0.0979793,0
0.0624311,0.199525,0.114266,0
0.148987,0.188521,0.111835,0
0.0269605,0.146174,0.113673,0
0.0582525,0.198949,0.114607,0
0.141365,0.127737,0.0407623,0
0.0584801,0.19909,0.115395,0
0.0591041,0.201863,0.114295,0
0.016402,0.135355,0.0607249,0
0.0582499,0.199468,0.114863,0
0.132673,0.155149,0.102989,0
0.06145,0.198791,0.112456,0
0.0591558,0.198865,0.113589,0
0.104262,0.0255901,0.0319041,1
0.218327,0.0473085,0.0479703,1
0.217459,0.0325732,0.0384041,1
0.0637265,0.0953972,0.0693246,1
0.169379,0.0266065,0.0307378,1
0.153791,0.0360593,0.0149139,1
0.159264,0.0928498,0.0257316,1
0.106087,0.115387,0.0602082,1
0.0157862,0.0770279,0.0916735,1
0.0901252,0.0174377,0.0364338,1
0.0615956,0.0297607,0.0437808,1
0.0655181,0.043243,0.0749797,1
0.126864,0.121025,0.0531148,1
0.0924009,0.0883802,0.0299687,1
0.0630646,0.01029,0.0626122,1
0.0302365,0.0448834,0.0722774,1
0.16324,0.0756181,0.0136251,1
0.178852,0.0675862,0.106566,1
0.0746973,0.054337,0.0641864,1
0.143765,0.0766635,0.081965,1
0.210097,0.0189974,0.0941226,1
0.118945,0.0248042,0.0472226,1
0.152374,0.0765874,0.0947414,1
0.05591,0.113992,0.0470392,1
0.0711636,0.101539,0.0845601,1
0.0936648,0.0346172,0.0360436,1
0.0441478,0.0336069,0.0384023,1
0.165841,0.063704,0.0304772,1
0.165479,0.10531,0.0645517,1
0.0516682,0.0681172,0.0645535,1
0.0999027,0.0721598,0.0914423,1
0.137777,0.0594246,0.0115787,1
0.00753189,0.0788235,0.0390285,1
0.20737,0.0658392,0.059994,1
0.0215788,0.0321124,0.0970433,1
0.1564,0.108867,0.0878642,1
0.029993,0.0291545,0.00642884,1
0.0433831,0.0641465,0.00213892,1
0.0679193,0.013715,0.103533,1
0.133248,0.0108333,0.0703639,1
0.137204,0.0353769,0.0474479,1
0.132351,0.0689685,0.0702107,1
0.088156,0.121141,0.0179149,1
0.0902304,0.0711295,0.0345602,1
0.0185942,0.0123384,0.013465,1
0.00271013,0.0972866,0.0714749,1
0.0940169,0.0947556,0.0174111,1
0.210398,0.040251,0.0601287,1
0.11216,0.0997428,0.0961601,1
0.0990621,0.0434521,0.0359428,1
0.019001,0.0655721,0.104367,1
0.150909,0.112559,0.0872719,1
0.0255264,0.04435,0.0011339,1
0.200673,0.0648525,0.100927,1
0.183421,0.0910998,0.00616537,1
0.00439524,0.0836433,0.000835409,1
0.109139,0.0716221,0.0843689,1
0.0830935,0.0343286,0.0304957,1
0.0297214,0.0323459,0.00980892,1
0.0222044,0.0782452,0.0357307,1
0.200984,0.0162971,0.0631047,1
0.00113057,0.0262869,0.0574495,1
0.0380559,0.0418906,0.0358784,1
0.10394,0.0190878,0.0828324,1
0.103416,0.103729,0.0667916,1
0.130628,0.117142,0.071623,1
0.0154465,0.092961,0.0175929,1
0.0331291,0.0681582,0.0355593,1
0.20882,0.0597405,0.0801723,1
0.135092,0.0970335,0.0976002,1
0.138838,0.0706825,0.0245984,1
0.162225,0.00224588,0.0570123,1
0.162702,0.0210946,0.024008,1
0.0802608,0.119322,0.088224,1
0.0162605,0.0816708,0.0654047,1
0.02133,0.0135417,0.0294385,1
0.136762,0.0543234,0.10688,1
0.0186984,0.00859898,0.0776928,1
0.068994,0.0155699,0.0598003,1
0.213536,0.0923114,0.0127046,1
0.00651935,0.102743,0.013488,1
0.179288,0.0597429,0.097569,1
0.123391,0.00456658,0.0667944,1
0.190595,0.0383174,0.0831272,1
0.0344306,0.110533,0.0979169,1
0.0495113,0.0493708,0.0843171,1
0.202947,0.0281934,0.00393211,1
0.000877265,0.0599797,0.104549,1
0.0836855,0.00634863,0.0922193,1
0.0604572,0.0308703,0.0187764,1
0.173706,0.0420666,0.00603138,1
0.213804,0.0823957,0.0338982,1
0.0259431,0.0538912,0.0333081,1
0.0356611,0.028489,0.0680434,1
0.112668,0.0286713,0.0665793,1
0.159564,0.0917509,0.0941338,1
0.183213,0.0776243,0.050799,1
0.0836361,0.0422345,0.0185244,1
0.164055,0.010758,0.0233237,1
0.00276045,0.0918462,0.0801017,1
0.0681402,0.091164,0.10004,1
0.0802688,0.078308,0.0897034,1
0.0582061,0.0342343,0.0756608,1
0.153203,0.121774,0.0357736,1
0.15988,0.0115833,0.0707197,1
0.180369,0.0400262,0.0983116,1
0.0696158,0.00774493,0.0544635,1
0.0975887,0.0625506,0.0817813,1
0.056275,0.0291892,0.0982891,1
0.221179,0.00887987,0.0826302,1
0.112424,0.054905,0.051059,1
0.093229,0.0118111,0.0886057,1
0.0369524,0.00545066,0.0718478,1
0.00643677,0.109066,0.0132303,1
0.0770999,0.109207,0.0857752,1
0.0520142,0.0828242,0.0469775,1
0.00160103,0.0335151,0.0750486,1
0.0413691,0.0199607,0.0153548,1
0.133503,0.101476,0.0142917,1
0.123283,0.0421554,0.0322076,1
0.133307,0.0122212,0.0780172,1
0.126133,0.0980743,0.0369679,1
0.137635,0.024993,0.0886824,1
0.071266,0.0147764,0.088936,1
0.0437812,0.110855,0.0312796,1
0.114108,0.103758,0.00128482,1
0.208716,0.0458239,0.0880786,1
0.185606,0.0695122,0.100909,1
0.0515671,0.0210997,0.0901544,1
0.208802,0.0227944,0.101356,1
0.056834,0.117464,0.0686271,1
0.175729,0.0125916,0.11183,2
0.211351,0.107805,0.142122,2
0.00643427,0.106969,0.159488,2
0.166323,0.071207,0.209089,2
0.116663,0.0306532,0.169047,2
0.0710773,0.0456193,0.178802,2
0.0322083,0.0669055,0.158808,2
0.159613,0.0659624,0.209276,2
0.199276,0.0975724,0.205175,2
0.147994,0.00998642,0.165612,2
0.163073,0.0731435,0.210445,2
0.0847326,0.0565757,0.193741,2
0.144379,0.0666964,0.136145,2
0.036081,0.0482354,0.181009,2
0.21593,0.113484,0.145732,2
0.213147,0.119001,0.110063,2
0.162852,0.0475564,0.19007,2
0.0675163,0.115483,0.155847,2
0.131968,0.0692731,0.147665,2
0.0579038,0.0857766,0.208356,2
0.00937654,0.00931937,0.180659,2
0.186165,0.0355047,0.147486,2
0.171033,0.0924319,0.192643,2
0.146267,0.0652955,0.217784,2
0.0588565,0.0243398,0.167157,2
0.217561,0.0100813,0.200732,2
0.0893168,0.0100082,0.212046,2
0.118238,0.0852328,0.11634,2
0.134404,0.0569037,0.111793,2
0.133816,0.0880187,0.176042,2
0.186482,0.0151572,0.196317,2
0.00600429,0.0627176,0.203276,2
0.102254,0.10964,0.184238,2
0.199425,0.0960151,0.164418,2
0.184044,0.114822,0.209938,2
0.0859506,0.0363999,0.218652,2
0.188032,0.0958898,0.181461,2
0.113017,0.0233778,0.163541,2
0.0624137,0.0604617,0.214433,2
0.0434124,0.0526232,0.216929,2
0.0328842,0.0196682,0.116111,2
0.00419597,0.00854312,0.17352,2
0.177802,0.00956661,0.185498,2
0.00340186,0.00762226,0.146077,2
0.190638,0.0458609,0.160164,2
0.155355,0.111514,0.198614,2
0.179318,0.116245,0.20933,2
0.086267,0.0754298,0.159677,2
0.0668971,0.0473637,0.120813,2
0.113663,0.0999164,0.17953,2
0.0144647,0.0161731,0.136015,2
0.113544,0.0964871,0.145101,2
0.0594372,0.0174504,0.145916,2
0.145551,0.012327,0.169856,2
0.106237,0.0967004,0.168207,2
0.035385,0.100211,0.224317,2
0.167249,0.0639825,0.182997,2
0.0390178,0.0805412,0.118185,2
0.00254027,0.0462058,0.178829,2
0.0571698,0.00861142,0.213565,2
0.0510747,0.0849175,0.214968,2
0.0528042,0.0230557,0.214241,2
0.222204,0.0192641,0.203706,2
0.128741,0.111428,0.146922,2
0.0235389,0.052524,0.126473,2
0.152521,0.0609269,0.223304,2
0.0489004,0.0230665,0.162293,2
0.0724952,0.047838,0.124908,2
0.171426,0.0811711,0.201301,2
0.210736,0.0121175,0.169471,2
0.0743097,0.0897449,0.159839,2
0.169427,0.100283,0.133828,2
0.170523,0.0824315,0.202442,2
0.00657879,0.105235,0.189241,2
0.145192,0.0613338,0.199296,2
0.0712425,0.0187073,0.170502,2
0.209821,0.000689862,0.173795,2
0.178124,0.0370472,0.179916,2
0.100378,0.0378996,0.166262,2
0.167222,0.112241,0.191257,2
0.202709,0.0751673,0.221467,2
0.209459,0.0773559,0.136982,2
0.0158791,0.0427902,0.210499,2
0.1781,0.0956146,0.224597,2
0.0543275,0.102658,0.135954,2
0.164172,0.0996941,0.14193,2
0.095469,0.108345,0.148899,2
0.0376611,0.0510558,0.175562,2
0.187819,0.0997862,0.168056,2
0.0939461,0.0187875,0.191399,2
0.12235,0.117658,0.219428,2
0.162368,0.0262846,0.190613,2
0.0376653,0.0862476,0.155276,2
0.188756,0.0359335,0.136085,2
0.0611398,0.0901761,0.188245,2
0.210972,0.0800576,0.160289,2
0.217239,0.0492361,0.14665,2
0.0428879,0.0140136,0.216763,2
0.131678,0.0862267,0.108006,2
0.0409126,0.108009,0.111256,2
0.177075,0.0189115,0.117118,2
0.1074,0.0807751,0.143281,2
0.164569,0.0757387,0.220567,2
0.131178,0.109948,0.124361,2
0.0669802,0.0520234,0.128095,2
0.107859,0.102506,0.215476,2
0.100406,0.0641744,0.1096,2
0.215164,0.0483253,0.18481,2
0.146825,0.0511151,0.14938,2
0.133121,0.118193,0.203305,2
0.204187,0.0365969,0.146154,2
0.221375,0.0186614,0.156671,2
0.0963358,0.101777,0.135899,2
0.176576,0.0618067,0.110367,2
0.0318589,0.122025,0.149228,2
0.142229,0.0535142,0.108258,2
0.219078,0.0363705,0.111283,2
0.0462631,0.120246,0.116216,2
0.2025,0.180516,0.128981,3
0.061132,0.197861,0.116403,3
0.164514,0.218326,0.134257,3
0.018401,0.22111,0.138775,3
0.21983,0.211747,0.206282,3
0.0762033,0.169534,0.173939,3
0.00927205,0.135179,0.160577,3
0.0474874,0.204896,0.182994,3
0.192409,0.190089,0.193815,3
0.0962463,0.181235,0.153538,3
0.155737,0.154185,0.194568,3
0.00126522,0.156985,0.188759,3
0.0769387,0.159015,0.18931,3
0.0588058,0.203026,0.118573,3
0.00498016,0.169599,0.221897,3
0.0313127,0.137636,0.213057,3
0.0459135,0.224879,0.150007,3
0.18135,0.132159,0.14509,3
0.0638962,0.197782,0.119045,3
0.0590019,0.202889,0.120773,3
0.0553244,0.203736,0.118782,3
0.0496876,0.134711,0.181666,3
0.0560588,0.203313,0.118861,3
0.0557011,0.178465,0.130381,3
0.133427,0.224205,0.171888,3
0.110514,0.180347,0.164947,3
0.0362851,0.183897,0.208926,3
0.0151831,0.212189,0.184397,3
0.200287,0.202207,0.144913,3
0.000857899,0.157248,0.193201,3
0.0559608,0.197772,0.119534,3
0.101349,0.200891,0.198238,3
0.169308,0.1538,0.130428,3
0.0871027,0.146006,0.197239,3
0.113255,0.205024,0.189797,3
0.192544,0.213122,0.131513,3
0.0562905,0.136287,0.204218,3
0.123547,0.183982,0.221584,3
0.224533,0.161475,0.138707,3
0.0545853,0.199456,0.119131,3
0.0581041,0.199359,0.116948,3
0.0560232,0.206614,0.115965,3
0.037995,0.140941,0.174743,3
0.0917312,0.210207,0.157424,3
0.027013,0.122735,0.197896,3
0.138559,0.147723,0.12338,3
0.0553279,0.177208,0.185354,3
0.219258,0.137389,0.158796,3
0.200204,0.125921,0.188088,3
0.194887,0.129255,0.115774,3
0.0562208,0.198453,0.198842,3
0.146012,0.21871,0.194302,3
0.0588581,0.20011,0.120227,3
0.0561646,0.197462,0.18962,3
0.0858208,0.16071,0.182686,3
0.166911,0.188529,0.133392,3
0.199576,0.206642,0.197609,3
0.0332576,0.171331,0.168761,3
0.0851182,0.159374,0.211429,3
0.0568582,0.200508,0.117176,3
0.175735,0.218909,0.162214,3
0.0578793,0.206653,0.117112,3
0.107709,0.144376,0.133712,3
0.0146365,0.185219,0.176048,3
0.00259464,0.208598,0.169518,3
0.0721461,0.206499,0.143261,3
0.0256196,0.154215,0.216967,3
0.00558049,0.132069,0.206204,3
0.0322644,0.133068,0.197144,3
0.184389,0.128024,0.169119,3
0.0774081,0.204192,0.202319,3
0.143489,0.134357,0.158854,3
0.207333,0.200472,0.195353,3
0.0243429,0.15252,0.221722,3
0.0355134,0.200668,0.130239,3
0.0314537,0.132682,0.199457,3
0.159181,0.194404,0.202399,3
0.0289581,0.216451,0.203039,3
0.060268,0.176101,0.220256,3
0.0351379,0.132266,0.220555,3
0.147145,0.202476,0.134224,3
0.115969,0.211615,0.128892,3
0.0434795,0.134744,0.133792,3
0.132044,0.17424,0.14554,3
0.0461774,0.219696,0.151521,3
0.223752,0.141784,0.199646,3
0.114707,0.149574,0.211223,3
0.176136,0.219748,0.220197,3
0.0581775,0.200114,0.116024,3
0.163902,0.164032,0.152395,3
0.0571292,0.20715,0.117383,3
0.0674836,0.153483,0.141397,3
0.0609568,0.198936,0.11543,3
0.0208441,0.131466,0.148641,3
0.0700288,0.157773,0.159183,3
0.00779723,0.148731,0.203763,3
0.0498196,0.148575,0.121965,3
0.00463524,0.188026,0.184007,3
0.0470256,0.176952,0.161128,3
0.157946,0.126567,0.212916,3
0.0545499,0.213254,0.147485,3
0.063975,0.143993,0.12218,3
0.178878,0.15124,0.124135,3
0.187995,0.224869,0.124273,3
0.184904,0.124258,0.182427,3
0.0238426,0.219585,0.200908,3
0.0598724,0.202493,0.117593,3
0.146557,0.182812,0.164895,3
0.0480582,0.186518,0.170796,3
0.0181084,0.219983,0.138897,3
0.209791,0.167419,0.166257,3
0.0541065,0.202525,0.116316,3
0.0154593,0.208772,0.120627,3
0.0556291,0.123853,0.179146,3
0.0569431,0.199724,0.116377,3
0.0616611,0.201557,0.115969,3
