x coord,y coord,z coord,rank
0.161451,0.181814,0.128932,0
0.0190589,0.191277,0.186013,0
0.0203297,0.191223,0.183501,0
0.0453834,0.181473,0.13992,0
0.0219549,0.192936,0.186447,0
0.21764,0.20203,0.205268,0
0.089616,0.15165,0.216939,0
0.209944,0.165174,0.199776,0
0.0175033,0.190549,0.181594,0
0.162547,0.210119,0.217285,0
0.169759,0.201278,0.197384,0
0.00562576,0.214145,0.193924,0
0.153977,0.183809,0.154589,0
0.021479,0.191173,0.186539,0
0.0202178,0.198505,0.188212,0
0.0192653,0.190518,0.186834,0
0.0196656,0.19309,0.187819,0
0.0549466,0.157492,0.207397,0
0.018833,0.19474,0.190414,0
0.0629173,0.144292,0.182713,0
0.117507,0.160676,0.195376,0
0.205066,0.205811,0.204417,0
0.11376,0.144262,0.185856,0
0.133511,0.217656,0.208661,0
0.158286,0.137727,0.130132,0
0.220785,0.149629,0.194843,0
0.0931349,0.177219,0.184606,0
0.0423507,0.134985,0.159558,0
0.0774736,0.206894,0.127512,0
0.193106,0.176464,0.222743,0
0.0229143,0.188675,0.183394,0
0.199126,0.143656,0.204567,0
0.0387987,0.222043,0.181031,0
0.017839,0.146971,0.222071,0
0.138194,0.222469,0.215676,0
0.204213,0.186048,0.166465,0
0.0157449,0.193056,0.1853,0
0.0195356,0.18885,0.183408,0
0.0284484,0.213214,0.151273,0
0.0216247,0.194932,0.184326,0
0.0324293,0.133169,0.129295,0
0.185584,0.21657,0.149644,0
0.224731,0.216382,0.186089,0
0.172505,0.144966,0.169792,0
0.19682,0.149087,0.178654,0
0.174781,0.206007,0.19531,0
0.0960721,0.175261,0.203656,0
0.0224148,0.195843,0.184762,0
0.0178224,0.186961,0.184133,0
0.191933,0.160324,0.212157,0
0.152804,0.198826,0.188444,0
0.182552,0.181744,0.21317,0
0.172196,0.147742,0.211301,0
0.0679301,0.212938,0.17885,0
0.0238874,0.195698,0.155701,0
0.119065,0.201871,0.12405,0
0.181803,0.203365,0.202775,0
0.103366,0.154363,0.193438,0
0.0035034,0.196006,0.193337,0
0.0081063,0.131567,0.154583,0
0.197065,0.115627,0.222986,0
0.020743,0.188631,0.186199,0
0.0985494,0.186399,0.127832,0
0.00714124,0.166862,0.210098,0
0.074718,0.166335,0.165445,0
0.0196773,0.194995,0.17972,0
0.0162122,0.193016,0.18737,0
0.213789,0.128081,0.177717,0
0.156872,0.182787,0.202895,0
0.0190481,0.195964,0.186617,0
0.195915,0.223142,0.171894,0
0.199873,0.164549,0.124757,0
0.146817,0.139263,0.201502,0
0.187501,0.129779,0.179059,0
0.0122892,0.141473,0.20288,0
0.153098,0.187452,0.138835,0
0.0904673,0.184279,0.146911,0
0.0763386,0.198627,0.204735,0
0.217149,0.207879,0.132828,0
0.210055,0.121285,0.22293,0
0.0279791,0.126191,0.217097,0
0.17552,0.187048,0.165622,0
0.071579,0.204879,0.155147,0
0.0180382,0.191911,0.187546,0
0.0191287,0.198126,0.183633,0
0.082185,0.159449,0.183873,0
0.0190479,0.191484,0.181033,0
0.151593,0.169232,0.13092,0
0.0250813,0.188734,0.18356,0
0.0214197,0.195676,0.1828,0
0.0157151,0.191988,0.184213,0
0.0221708,0.190842,0.185579,0
0.0213975,0.193677,0.187325,0
0.172557,0.119713,0.152934,0
0.17957,0.173674,0.200166,0
0.183148,0.175199,0.172744,0
0.11864,0.118789,0.186714,0
0.122995,0.155194,0.191006,0
0.0225834,0.192795,0.182064,0
0.0339553,0.153028,0.220661,0
0.205604,0.131296,0.128082,0
0.091005,0.122732,0.155036,0
0.0227105,0.191466,0.180609,0
0.0235606,0.19277,0.184288,0
0.0231623,0.195375,0.183816,0
0.015296,0.194237,0.186569,0
0.0219206,0.190444,0.188635,0
0.0210315,0.19474,0.184852,0
0.0961865,0.115039,0.2065,0
0.128855,0.215121,0.128442,0
0.154567,0.121289,0.158026,0
0.0150946,0.196841,0.184319,0
0.00565656,0.151461,0.177124,0
0.0188346,0.192453,0.186439,0
0.13865,0.143112,0.136383,0
0.0190442,0.188304,0.181979,0
0.0140676,0.197596,0.184267,0
0.205236,0.169476,0.150931,0
0.0258181,0.190309,0.183272,0
0.0142183,0.127359,0.167546,0
0.213721,0.183356,0.138149,0
0.00411854,0.140825,0.158998,0
0.00947926,0.125237,0.205415,0
0.205382,0.143002,0.142155,0
0.126736,0.137645,0.127954,0
0.120036,0.131387,0.12439,0
0.126969,0.141898,0.0726161,1
0.192312,0.131507,0.00459837,1
0.147063,0.151578,0.0734878,1
0.170453,0.127202,0.00740809,1
0.161278,0.140149,0.0998977,1
0.157375,0.211842,0.0368987,1
0.0121246,0.155795,0.0669423,1
0.0916487,0.114855,0.0390967,1
0.113961,0.11952,0.0964029,1
0.155449,0.11663,0.111184,1
0.137589,0.153397,0.0571585,1
0.123235,0.156709,0.00169709,1
0.0803083,0.140835,0.109321,1
0.14742,0.178412,0.0255759,1
0.191285,0.220523,0.0688092,1
0.150234,0.186856,0.115802,1
0.159579,0.117269,0.0693626,1
0.220045,0.185029,0.0567747,1
0.118067,0.221272,0.118764,1
0.199716,0.128991,0.0125277,1
0.163995,0.141991,0.0450661,1
0.0270381,0.170292,0.117972,1
0.0788739,0.22473,0.119553,1
0.0801315,0.172812,0.0607927,1
0.0304569,0.148219,0.0685019,1
0.144067,0.154351,0.0866275,1
0.193519,0.152651,0.0773433,1
0.202363,0.151755,0.0510404,1
0.00416064,0.219893,0.101111,1
0.0273107,0.137812,0.0431213,1
0.137029,0.211327,0.0151194,1
0.0525298,0.135928,0.0918447,1
0.0814507,0.122858,0.0876008,1
0.0812678,0.221213,0.088965,1
0.0143446,0.159992,0.0892921,1
0.187738,0.215895,0.065702,1
0.0462501,0.123482,0.0025093,1
0.0357659,0.19852,0.0105943,1
0.0630234,0.18143,0.0766584,1
0.146708,0.123377,0.104527,1
0.0554812,0.19958,0.0489489,1
0.0262992,0.20508,0.0553359,1
0.152841,0.198515,0.078975,1
0.110729,0.191252,0.0775224,1
0.0331749,0.210176,0.118813,1
0.163005,0.149555,0.0794619,1
0.211082,0.188764,0.0712358,1
0.0874078,0.184735,0.049382,1
0.116563,0.191342,0.0823808,1
0.205825,0.216087,0.00812488,1
0.0683298,0.172874,0.0303412,1
0.152366,0.19336,0.00235709,1
0.106755,0.189076,0.0371332,1
0.0771886,0.178015,0.0920629,1
0.0920376,0.210546,0.051371,1
0.0949022,0.171281,0.0303943,1
0.0212586,0.151518,0.0608019,1
0.0407983,0.19992,0.00587831,1
0.118852,0.204985,0.0979251,1
0.0985565,0.199654,0.0587686,1
0.201001,0.187819,0.0651888,1
0.211199,0.214688,0.0445901,1
0.20091,0.144217,0.097604,1
0.164424,0.126288,0.100848,1
0.0506796,0.186195,0.0343945,1
0.121304,0.215199,0.0978729,1
0.0130237,0.20116,0.0667697,1
0.0565919,0.160597,0.0601158,1
0.162433,0.128644,0.0404084,1
0.0567357,0.198764,0.109423,1
0.0191669,0.151349,0.0522616,1
0.208498,0.12476,0.0630341,1
0.0292567,0.13496,0.0865442,1
0.0644227,0.165326,0.0608712,1
0.0475489,0.177334,0.0202667,1
0.0238792,0.223483,0.0118537,1
0.0165444,0.211186,0.00927888,1
0.19035,0.182524,0.00329291,1
0.0899747,0.17835,0.10901,1
0.0804684,0.144188,0.0730797,1
0.0236573,0.134427,0.115849,1
0.178367,0.215017,0.0468895,1
0.00497969,0.130104,0.0387008,1
0.195299,0.219812,0.0626797,1
0.127026,0.196353,0.0198998,1
0.104741,0.200458,0.106034,1
0.151456,0.141282,0.0826452,1
0.0700623,0.169355,0.0248503,1
0.0525041,0.21848,0.0393181,1
0.0307215,0.186491,0.0440115,1
0.184475,0.18529,0.0151418,1
0.167615,0.207538,0.0717606,1
0.15661,0.150354,0.00224065,1
0.0743717,0.186716,0.0520979,1
0.157541,0.202557,0.0834995,1
0.0750103,0.164196,0.0587586,1
0.201293,0.177418,0.080183,1
0.0431487,0.171218,0.00103535,1
0.199709,0.212753,0.10843,1
0.101711,0.175627,0.0636001,1
0.162497,0.1703,0.0702088,1
0.00889888,0.135361,0.0809641,1
0.103448,0.215252,0.089454,1
0.0439945,0.21675,0.0961854,1
0.0963147,0.191888,0.108588,1
0.107709,0.221945,0.0588114,1
0.0447696,0.208553,0.109198,1
0.00513833,0.139856,0.058515,1
0.0620118,0.173967,0.0901015,1
0.162378,0.201628,0.0901368,1
0.0206955,0.132453,0.109096,1
0.00491348,0.168504,0.0246509,1
0.140772,0.133011,0.0503936,1
0.153332,0.214439,0.0256565,1
0.105824,0.122545,0.0285255,1
0.0507445,0.15779,0.090261,1
0.0940671,0.198612,0.0893159,1
0.182984,0.196605,0.0161224,1
0.195179,0.140642,0.0594645,1
0.0681785,0.18603,0.0379437,1
0.0477709,0.12228,0.0920759,1
0.0508783,0.200168,0.0301318,1
0.0187924,0.208249,0.0503367,1
0.167626,0.112737,0.0753004,1
0.137544,0.0211839,0.12223,2
0.153068,0.10302,0.199511,2
0.00981814,0.104275,0.179094,2
0.199161,0.0553948,0.148521,2
0.0911896,0.0385959,0.17636,2
0.106032,0.0502171,0.124986,2
0.180505,0.0396714,0.126818,2
0.206258,0.0860236,0.14827,2
0.149029,0.0886711,0.192993,2
0.208197,0.0831754,0.151766,2
0.140718,0.079642,0.18338,2
0.160412,0.111895,0.144578,2
0.188738,0.0622551,0.130939,2
0.0655366,0.0170678,0.148154,2
0.151156,0.0198449,0.217661,2
0.072849,0.0551313,0.193076,2
0.0619367,0.0588853,0.116821,2
0.00914039,0.0301527,0.115269,2
0.182648,0.0387089,0.208133,2
0.187726,0.110585,0.156794,2
0.163227,0.0983262,0.193829,2
0.128805,0.0607153,0.206395,2
0.0985644,0.0676966,0.123887,2
0.18821,0.00106858,0.121871,2
0.163073,0.0929813,0.210054,2
0.160814,0.107182,0.126091,2
0.0258595,0.00408916,0.180357,2
0.100783,0.0327052,0.219099,2
0.0324786,0.099681,0.148018,2
0.0515563,0.0175489,0.162498,2
0.0608851,0.0542176,0.153402,2
0.0721711,0.0336765,0.214672,2
0.167988,0.0662027,0.156226,2
0.0208469,0.0400162,0.15234,2
0.124252,0.068481,0.167221,2
0.119968,0.0355034,0.177257,2
0.00290481,0.00881457,0.157796,2
0.1557,0.0386568,0.162228,2
0.157317,0.0105978,0.153881,2
0.104191,0.0836297,0.204454,2
0.176242,0.0683491,0.12927,2
0.14546,0.0626484,0.143869,2
0.0948704,0.0824502,0.168684,2
0.0717864,0.0753304,0.207078,2
0.0575385,0.0279861,0.213827,2
0.137255,0.110663,0.131413,2
0.0754595,0.10114,0.215284,2
0.0752301,0.0400251,0.222023,2
0.0340844,0.0262113,0.185375,2
0.118984,0.0894342,0.205573,2
0.0894513,0.0107586,0.204797,2
0.122891,0.0349672,0.133619,2
0.0482862,0.0802594,0.21498,2
0.0601,0.08934,0.197385,2
0.0977416,0.0575654,0.168459,2
0.0428998,0.0941791,0.204383,2
0.189676,0.0528766,0.148378,2
0.212175,0.0615605,0.153461,2
0.0622004,0.0192465,0.136772,2
0.158165,0.107178,0.15073,2
0.133749,0.105888,0.222058,2
0.00100688,0.0583549,0.116119,2
0.0802038,0.0272377,0.174818,2
0.0130597,0.0886304,0.115702,2
0.0230578,0.0264328,0.174026,2
0.0525692,0.105569,0.191257,2
0.093575,0.0777793,0.164163,2
0.121389,0.0562011,0.145673,2
0.00862161,0.0232447,0.198564,2
0.000543202,0.107817,0.201515,2
0.0655997,0.00435371,0.219118,2
0.140717,0.0873515,0.217873,2
0.0234286,0.0393942,0.150995,2
0.223244,0.100317,0.220177,2
0.183667,0.0544632,0.166724,2
0.196718,0.0230204,0.123424,2
0.150095,0.0724698,0.157165,2
0.209849,0.0309758,0.175192,2
0.147566,0.0729251,0.125237,2
0.197053,0.0681365,0.123924,2
0.101157,0.0732844,0.160708,2
0.17615,0.0717326,0.174633,2
0.212313,0.0591942,0.184527,2
0.0089825,0.0491029,0.122341,2
0.200416,0.00783887,0.153614,2
0.0871287,0.0297188,0.204537,2
0.186951,0.0277733,0.186259,2
0.0388528,0.0812427,0.13609,2
0.075442,0.0863146,0.186872,2
0.104322,0.110458,0.163605,2
0.158989,0.0706672,0.20922,2
0.0319955,0.0683373,0.131161,2
0.0455171,0.0309756,0.210938,2
0.0776366,0.00268624,0.221876,2
0.0980332,0.0717026,0.157235,2
0.136259,0.0127067,0.206249,2
0.0808088,0.0322275,0.173226,2
0.0295216,0.0657046,0.168655,2
0.142719,0.0389289,0.213158,2
0.128613,0.0921918,0.175417,2
0.22294,0.0662173,0.170821,2
0.11095,0.106509,0.196275,2
0.163968,0.0480543,0.157804,2
0.0475627,0.0558124,0.146125,2
0.0229482,0.0119892,0.212711,2
0.127159,0.0629678,0.219672,2
0.103084,0.0886234,0.183409,2
0.212184,0.02377,0.148253,2
0.152418,0.104328,0.146277,2
0.0217936,0.0743874,0.137489,2
0.0877109,0.0677087,0.166758,2
0.155613,0.0437027,0.210572,2
0.0518029,0.0275762,0.222256,2
0.191084,0.0227412,0.141807,2
0.0734366,0.00101826,0.206939,2
0.159288,0.0498484,0.172309,2
0.189127,0.0162372,0.153008,2
0.0241398,0.0801483,0.123577,2
0.0886026,0.0782976,0.175302,2
0.0952392,0.0980975,0.124157,2
0.224133,0.0924474,0.220716,2
0.143666,0.0794173,0.194134,2
0.0756513,0.00756385,0.123912,2
0.0706777,0.0827626,0.119726,2
0.124032,0.077173,0.124087,2
0.101079,0.110353,0.197526,2
0.0402491,0.111664,0.196504,2
0.112993,0.0456784,0.0783057,3
0.0135331,0.0294167,0.10296,3
0.055222,0.0663233,0.00621421,3
0.117946,0.0466436,0.0372775,3
0.0269512,0.00260653,0.091898,3
0.13346,0.0775576,0.0683243,3
0.216402,0.0895447,0.0593796,3
0.181525,0.103823,0.0682058,3
0.0478318,0.00652585,0.0488675,3
0.0125227,0.079746,0.0314737,3
0.157354,0.0666102,0.0253284,3
0.198195,0.042475,0.0663997,3
0.195342,0.0186132,0.0294201,3
0.0552082,0.0413288,0.0757771,3
0.126955,0.0382189,0.00743043,3
0.15231,0.0271827,0.0438936,3
0.162519,0.0100002,0.0212818,3
0.0907662,0.0215632,0.0292163,3
0.210697,0.0204736,0.0757754,3
0.0629821,0.0386811,0.0232207,3
0.0364611,0.0705055,0.0179253,3
0.100395,0.00987258,0.0265553,3
0.167711,0.0412863,0.0155111,3
0.216858,0.0301303,0.0244167,3
0.174377,0.0441165,0.0485204,3
0.142513,0.0209434,0.113605,3
0.130274,0.0181832,0.03246,3
0.22092,0.0662019,0.000109126,3
0.0813231,0.0268438,0.0216259,3
0.0203283,0.101685,0.101963,3
0.0511464,0.0949512,0.11302,3
0.0100302,0.012087,0.0734515,3
0.0367791,0.0352163,0.0364361,3
0.0608077,0.0647505,0.0703845,3
0.0806511,0.0415073,0.104787,3
0.0400607,0.0408701,0.0915985,3
0.0570219,0.0798578,0.0994335,3
0.115579,0.0784657,0.011976,3
0.133684,0.0857909,0.099938,3
0.114488,0.0825149,0.0401219,3
0.215263,0.101196,0.0743959,3
0.0831597,0.0354309,0.0529908,3
0.115325,0.00191537,0.0625525,3
0.173936,0.068104,0.0406751,3
0.19983,0.100781,0.00745814,3
0.170194,0.108397,0.0682622,3
0.0182416,0.111822,0.0354179,3
0.202522,0.0608717,0.044316,3
0.0971905,0.014248,0.103396,3
0.167386,0.0838507,0.00405168,3
0.0419242,0.00347835,0.100755,3
0.152131,0.0874608,0.00395453,3
0.0183803,0.097623,0.0895409,3
0.0482916,0.0362452,0.102139,3
0.015894,0.0104942,0.0319013,3
0.0710214,0.0671016,4.71713e-05,3
0.0539761,0.00558704,0.0469274,3
0.13857,0.047724,0.000820379,3
0.115241,0.108449,0.0828701,3
0.131205,0.0740824,0.0236514,3
0.00554115,0.0127325,0.0856476,3
0.207686,0.00607414,0.0493707,3
0.178907,0.0711553,0.0972392,3
0.170673,0.00408585,0.0708484,3
0.125261,0.0515011,0.0939683,3
0.142548,0.0822279,0.0403023,3
0.124461,0.0563228,0.105468,3
0.121168,0.0551868,0.0295133,3
0.0545948,0.0389136,0.00713209,3
0.119446,0.0396835,0.105794,3
0.0197625,0.0994185,0.016873,3
0.0144582,0.0237791,0.00853565,3
0.166591,0.102648,0.071614,3
0.1609,0.0938022,0.026673,3
0.0885174,0.101628,0.0848593,3
0.0288822,0.0319686,0.0221562,3
0.102511,0.0970982,0.014784,3
0.184712,0.0978443,0.0300771,3
0.154382,0.0297208,0.0399482,3
0.0822671,0.0485497,0.000862459,3
0.188523,0.0939472,0.0223354,3
0.122153,0.0022178,0.0749677,3
0.210506,0.0930654,0.0430424,3
0.0997795,0.0839522,0.0451733,3
0.0766458,0.00388972,0.0943272,3
0.0932163,0.0410351,0.000601946,3
0.0485287,0.0237682,0.0623033,3
0.145044,0.033895,0.0368814,3
0.101975,0.0925982,0.104547,3
0.062035,0.10438,0.0309322,3
0.0114982,0.108271,0.0593278,3
0.145868,0.107452,0.0163574,3
0.220363,0.0634539,0.0786465,3
0.133399,0.0961642,0.0096728,3
0.0652392,0.0473905,0.040558,3
0.146736,0.0114858,0.00231068,3
0.0163464,0.0338805,0.0549212,3
0.022223,0.0679836,0.0549465,3
0.100367,0.00871679,0.114124,3
0.196235,0.0114082,0.00718541,3
0.122027,0.0455728,0.0875944,3
0.124834,0.0782577,0.0811728,3
0.208937,0.0723292,0.110642,3
0.0111574,0.0992117,0.0505025,3
0.0886938,0.0684816,0.00927051,3
0.0783894,0.0260824,0.00933029,3
0.0412765,0.0586889,0.0757396,3
0.0883421,0.0719204,0.0316057,3
0.0865687,0.0572524,0.0669101,3
0.11375,0.0519973,0.0127623,3
0.0979346,0.0719382,0.0224773,3
0.029919,0.0278217,0.100581,3
0.000970713,0.0945997,0.00644923,3
0.197019,0.0989873,0.0739989,3
0.148182,0.110101,0.0616251,3
0.0891817,0.0620791,0.0907879,3
0.00980993,0.102234,0.0265798,3
0.109196,0.0171057,0.041093,3
0.106071,0.0477492,0.0659262,3
0.0343455,0.0960819,0.0210887,3
0.0283974,0.056594,0.112644,3
0.0872448,0.0186524,0.0491363,3
0.194221,0.087364,0.0931879,3
