x coord,y coord,z coord,rank
0.0965985,0.168579,0.151068,0
0.107001,0.172018,0.131257,0
0.106121,0.203588,0.0998592,0
0.0223918,0.218185,0.161853,0
0.0637996,0.152303,0.0256616,0
0.10312,0.188263,0.223572,0
0.0740519,0.176135,0.170128,0
0.00736755,0.145248,0.112804,0
0.07965,0.150298,0.215664,0
0.00259074,0.182213,0.0321289,0
0.0330623,0.213653,0.163172,0
0.0590025,0.185088,0.0340557,0
0.0379499,0.19323,0.113395,0
0.0898175,0.217307,0.179973,0
0.0907658,0.113497,0.107454,0
0.00535001,0.114474,0.0277369,0
0.0796304,0.109097,0.11442,0
0.01635,0.217721,0.192342,0
0.104746,0.143204,0.181205,0
0.022395,0.189306,0.219143,0
0.0548408,0.135761,0.0687017,0
0.0822126,0.222829,0.17269,0
0.0443201,0.161482,0.167917,0
0.0896804,0.172232,0.188208,0
0.103729,0.183987,0.0908243,0
0.0334624,0.184204,0.144509,0
0.0244058,0.115858,0.114704,0
0.038899,0.19733,0.158487,0
0.051973,0.153207,0.159162,0
0.00483477,0.223883,0.126562,0
0.108425,0.21202,0.101713,0
0.00011065,0.16834,0.156394,0
0.0570135,0.202063,0.19709,0
0.0629449,0.208501,0.119638,0
0.0359669,0.16259,0.190986,0
8.31057e-05,0.169933,0.110724,0
0.05297,0.194573,0.104446,0
0.0174251,0.184388,0.218432,0
0.105037,0.152803,0.169962,0
0.00599663,0.169513,0.199535,0
0.0609653,0.210042,0.0468309,0
0.101329,0.168919,0.117978,0
0.0911022,0.19319,0.0261563,0
0.00606215,0.192052,0.0471753,0
0.0221657,0.206093,0.137815,0
0.0193042,0.209429,0.045244,0
0.0280369,0.188442,0.141203,0
0.0821812,0.191598,0.144371,0
0.0506194,0.144698,0.155461,0
0.0704631,0.161352,0.16042,0
0.0210494,0.165801,0.196374,0
0.00441,0.197667,0.123382,0
0.110647,0.152874,0.211867,0
0.0651981,0.157248,0.0684552,0
0.0480375,0.122738,0.00984909,0
0.0687567,0.166842,0.0603594,0
0.0185835,0.144942,0.21162,0
0.0603583,0.220299,0.118254,0
0.0799608,0.193177,0.13003,0
0.0617854,0.161971,0.161977,0
0.00183828,0.136663,0.190097,0
0.0682751,0.121046,0.0488801,0
0.0898262,0.160225,0.000457397,0
0.068694,0.13956,0.212207,0
0.00182297,0.161814,0.0494989,0
0.0887751,0.132266,0.21669,0
0.0378388,0.110633,0.192871,0
0.050444,0.209113,0.0120006,0
0.0198909,0.17966,0.0647143,0
0.0915986,0.221737,0.0230593,0
0.0780381,0.12116,0.193217,0
0.0702864,0.180684,0.0356574,0
0.028181,0.15594,0.0840638,0
0.108457,0.180593,0.0514033,0
0.0920259,0.127946,0.190332,0
0.0828136,0.153206,0.118826,0
0.00274204,0.120444,0.0109493,0
0.0907041,0.127348,0.0136096,0
0.0771528,0.138009,0.175331,0
0.0441357,0.150161,0.200585,0
0.00187922,0.188274,0.0498319,0
0.0526159,0.222363,0.000335187,0
0.0186825,0.12578,0.0776168,0
0.0129217,0.128579,0.0981687,0
0.028154,0.198582,0.115868,0
0.0205403,0.218235,0.0873135,0
0.0351625,0.124599,0.167572,0
0.00210539,0.133123,0.194371,0
0.0511056,0.151332,0.0141271,0
0.0726286,0.130079,0.0230927,0
0.0162393,0.145748,0.0682084,0
0.0559397,0.110209,0.01266,0
0.0935525,0.185498,0.0849256,0
0.0576547,0.132187,0.171419,0
0.00687334,0.137481,0.122247,0
0.0539833,0.134394,0.19876,0
0.0505711,0.131278,0.194874,0
0.0662645,0.135721,0.139408,0
0.0717448,0.157335,0.0685616,0
0.0288295,0.164867,0.0713488,0
0.0979675,0.2104,0.0733327,0
0.015301,0.190215,0.108003,0
0.00744839,0.177236,0.0259595,0
0.0606426,0.204067,0.0486534,0
0.0737928,0.128735,0.211717,0
0.10981,0.122936,0.16177,0
0.00488477,0.123034,0.0124465,0
0.00311409,0.170963,0.109915,0
0.00333807,0.129394,0.134282,0
0.0205406,0.123871,0.144874,0
0.0760327,0.128089,0.0715282,0
0.105765,0.169937,0.00975593,0
0.104478,0.195756,0.077105,0
0.0246988,0.224389,0.0178032,0
0.0771685,0.132769,0.188746,0
0.0300201,0.196027,0.0752597,0
0.0971019,0.127221,0.123627,0
0.00334501,0.138351,0.204172,0
0.0834284,0.0169216,0.0991976,1
0.0487993,0.106313,0.107829,1
0.0932105,0.107439,0.00274025,1
0.080578,0.0750742,0.116064,1
0.0321567,0.100634,0.0478013,1
0.0327469,0.0433498,0.0697548,1
0.104953,0.010438,0.108401,1
0.0498861,0.00221173,0.222134,1
0.0614853,0.0408905,0.18299,1
0.107698,0.0612912,0.173514,1
0.0913797,0.0994607,0.18815,1
0.0289859,0.0755708,0.170581,1
0.0786501,0.0957209,0.047533,1
0.0747104,0.0295565,0.148034,1
0.100508,0.0272802,0.081967,1
0.0478865,0.0359827,0.0416253,1
0.0874727,0.0224481,0.100233,1
0.10074,0.0188959,0.22082,1
0.0691245,0.0182867,0.127338,1
0.0496746,0.0154942,0.0803489,1
0.00297004,0.0187631,0.195655,1
0.01226,0.0420783,0.203253,1
0.0153722,0.0767553,0.110518,1
0.0392496,0.0474992,0.213563,1
0.0572867,0.0250165,0.0273211,1
0.0934062,0.0600996,0.0313057,1
0.0377246,0.107613,0.138481,1
0.0171923,0.0573333,0.124861,1
0.0730901,0.063591,0.183024,1
0.00776086,0.0127453,0.0890541,1
0.0770911,0.017953,0.221785,1
0.0655008,0.0958941,0.147403,1
0.103698,0.0747057,0.10458,1
0.0881423,0.040117,0.191558,1
0.0376634,0.105692,0.158625,1
0.0476225,0.017443,0.19091,1
0.000199358,0.0285351,0.0573455,1
0.0898959,0.0184237,0.0357842,1
0.0150734,0.0537989,0.0741773,1
0.00983448,0.0535368,0.0728868,1
0.0715544,0.0240757,0.0549257,1
0.103974,0.00718391,0.0349477,1
0.0640047,0.0963092,0.0617103,1
0.102417,0.108673,0.0657173,1
0.0949289,0.0560295,0.181345,1
0.104404,0.0706429,0.0558169,1
0.0248565,0.0358945,0.0189707,1
0.0405027,0.0584928,0.205581,1
0.0728982,0.0423995,0.194121,1
0.0594011,0.0188645,0.20711,1
0.0179453,0.0258254,0.21148,1
0.0624891,0.0269487,0.121572,1
0.0141425,0.0200682,0.00677577,1
0.0459826,0.0742058,0.0858113,1
0.0717413,0.0844687,0.213075,1
0.0402921,0.033985,0.16619,1
0.0944704,0.0111294,0.218097,1
0.0336665,0.0657703,0.0960623,1
0.0421148,0.00827851,0.0533436,1
0.0358063,0.00675962,0.132443,1
0.0145727,0.0826661,0.163454,1
0.0250299,0.0898068,0.106341,1
0.0987744,0.0673066,0.152493,1
0.0217618,0.0386674,0.030083,1
0.0749029,0.106531,0.121134,1
0.0663058,0.0339392,0.147655,1
0.0926451,0.0726456,0.0558243,1
0.0683348,0.00125484,0.0389758,1
0.0934275,0.101636,0.0850133,1
0.0274808,0.0913575,0.207879,1
0.103332,0.0111427,0.0850541,1
0.0604994,0.0637037,0.0646717,1
0.0992826,0.103863,0.0559888,1
0.00264407,0.0305023,0.0359462,1
0.0145567,0.0282746,0.144155,1
0.0874658,0.00897362,0.0882521,1
0.0520796,0.0391971,0.109847,1
0.0484517,0.058618,0.0119725,1
0.0698445,0.028265,0.0998557,1
0.101083,0.0150089,0.0877734,1
0.015609,0.0109701,0.223414,1
0.000228,0.0221597,0.188869,1
0.0396364,0.0822436,0.0497587,1
0.0608431,0.0921214,0.122287,1
0.0743005,0.0314284,0.0189212,1
0.0595475,0.0505151,0.112802,1
0.0665492,0.055863,0.204179,1
0.0959982,0.0499537,0.1146,1
0.0655969,0.0154561,0.0517863,1
0.067045,0.0606842,0.152643,1
0.10611,0.0590803,0.131344,1
0.0491372,0.0811067,0.21127,1
0.030291,0.0967105,0.167047,1
0.110764,0.0482754,0.0284778,1
0.00506823,0.0561133,0.0217073,1
0.0519725,0.031911,0.0799441,1
0.00651664,0.0895738,0.0980645,1
0.0554516,0.0131668,0.201097,1
0.0473537,0.0906131,0.0952873,1
0.00568399,0.0946117,0.0967233,1
0.00993945,0.0690421,0.0422001,1
0.0777374,0.103359,0.122929,1
0.0284545,0.091916,0.166126,1
0.0478943,0.0252081,0.197176,1
0.0270455,0.00957739,0.114894,1
0.0363681,0.0961734,0.207091,1
0.094811,0.0765703,0.0393597,1
0.0579291,0.0111536,0.00205955,1
0.107396,0.0592508,0.208217,1
0.0664149,0.0285838,0.0935119,1
0.00632493,0.0398504,0.0626974,1
0.00893692,0.0977013,0.0898819,1
0.101879,0.0415328,0.137344,1
0.00561029,0.0127218,0.220608,1
0.0957406,0.0485118,0.201395,1
0.0956506,0.0611686,0.0357655,1
0.0953848,0.0333125,0.0142987,1
0.0629285,0.0167517,0.00953986,1
0.0726249,0.066335,0.0959441,1
0.0781558,0.0608344,0.0590353,1
0.000230462,0.0730475,0.0686199,1
0.0335487,0.0862577,0.177566,1
0.0243231,0.100697,0.148861,1
0.0737529,0.0143114,0.205209,1
0.0441837,0.10039,0.0300424,1
0.058245,0.106335,0.182252,1
0.0208677,0.10865,0.0372487,1
0.129878,0.126409,0.143069,2
0.217035,0.00704425,0.154763,2
0.125593,0.105298,0.0306385,2
0.181419,0.0811679,0.0859897,2
0.176547,0.104993,0.0547189,2
0.220521,0.138566,0.172097,2
0.162127,0.0410849,0.163048,2
0.125432,0.0845879,0.0878915,2
0.1411,0.0621815,0.116044,2
0.180388,0.0428292,0.0388867,2
0.201345,0.0453326,0.115842,2
0.198905,0.127377,0.029002,2
0.196475,0.0712374,0.0434885,2
0.133099,0.0705529,0.123146,2
0.151605,0.0705176,0.154707,2
0.178091,0.0718407,0.0273852,2
0.123457,0.116378,0.0586355,2
0.156504,0.0754392,0.174982,2
0.146594,0.102983,0.137416,2
0.128268,0.00739962,0.0147331,2
0.150609,0.0687962,0.0231574,2
0.19779,0.0522208,0.0132392,2
0.11222,0.10316,0.161164,2
0.193748,0.128184,0.13743,2
0.220789,0.0234924,0.0121734,2
0.163813,0.0109131,0.0254993,2
0.195449,0.137043,0.121842,2
0.220144,0.0781052,0.0596821,2
0.179303,0.00914761,0.0897659,2
0.157931,0.127088,0.181535,2
0.168041,0.130573,0.210428,2
0.197895,0.0922444,0.0436137,2
0.187954,0.00122642,0.0709518,2
0.118512,0.090897,0.175037,2
0.154193,0.0947934,0.0892197,2
0.191838,0.00736011,0.0412381,2
0.195993,0.0746877,0.0724107,2
0.184256,0.124549,0.115577,2
0.123555,0.0428093,0.108404,2
0.177255,0.0286815,0.088462,2
0.113139,0.0635155,0.0189345,2
0.206975,0.0891043,0.21471,2
0.194368,0.0216055,0.209315,2
0.132309,0.0431121,0.148503,2
0.196937,0.0551926,0.141597,2
0.15696,0.0690802,0.17692,2
0.179068,0.0318632,0.200505,2
0.154775,0.0713943,0.0167096,2
0.134567,0.00687813,0.049934,2
0.128532,0.0477549,0.0985411,2
0.223676,0.0417074,0.0308224,2
0.214105,0.0977499,0.0688662,2
0.133831,0.0676325,0.0495493,2
0.148521,0.128833,0.144155,2
0.129024,0.0568339,0.147096,2
0.224924,0.124211,0.196934,2
0.205903,0.0468453,0.211921,2
0.17922,0.0618441,0.109787,2
0.176294,0.000688489,0.176361,2
0.188178,0.068777,0.111106,2
0.156969,0.131518,0.224285,2
0.187074,0.14146,0.145782,2
0.165657,0.0607729,0.0563626,2
0.141601,0.00745188,0.0752413,2
0.189018,0.0310894,0.0463728,2
0.131826,0.0371116,0.09839,2
0.181892,0.0603313,0.0519087,2
0.121343,0.00742169,0.119329,2
0.179391,0.126833,0.194737,2
0.120344,0.0177199,0.0217645,2
0.138597,0.114118,0.198275,2
0.173784,0.0679073,0.0771393,2
0.128184,0.132336,0.0692766,2
0.219104,0.043926,0.216402,2
0.125809,0.104842,0.00521424,2
0.113225,0.084798,0.0548906,2
0.128193,0.0613737,0.165744,2
0.13176,0.124123,0.112266,2
0.146878,0.0350665,0.0648025,2
0.125613,0.0646252,0.0187521,2
0.123203,0.0282981,0.104259,2
0.138316,0.0742273,0.123264,2
0.139512,0.0550299,0.0868167,2
0.222938,0.0571241,0.118789,2
0.16079,0.0414197,0.162264,2
0.176938,0.0583585,0.05355,2
0.212212,0.0524334,0.00994278,2
0.139473,0.105379,0.142611,2
0.141342,0.0407522,0.0706313,2
0.173967,0.0565282,0.106815,2
0.219059,0.00462985,0.0791548,2
0.150819,0.103368,0.15111,2
0.114004,0.143848,0.0286288,2
0.163406,0.141414,0.202161,2
0.14842,0.124586,0.0172926,2
0.138341,0.112975,0.0745899,2
0.128877,0.0989842,0.0346969,2
0.207348,0.150239,0.147808,2
0.195492,0.0952066,0.190455,2
0.201733,0.0251461,0.217091,2
0.196145,0.133844,0.0609206,2
0.1427,0.123117,0.21609,2
0.15403,0.124701,0.0176473,2
0.206976,0.060228,0.169288,2
0.136609,0.148583,0.15045,2
0.210118,0.131928,0.033138,2
0.204978,0.12496,0.0939424,2
0.187817,0.093253,0.134196,2
0.154532,0.129966,0.0157408,2
0.212148,0.123269,0.0504581,2
0.195297,0.110273,0.119371,2
0.149318,0.13342,0.0888944,2
0.19021,0.124487,0.130643,2
0.126246,0.00326185,0.140729,2
0.147645,0.052964,0.191133,2
0.199544,0.119576,0.118017,2
0.186565,0.115824,0.0354151,2
0.115542,0.151218,0.0972217,2
0.148847,0.113351,0.0711933,2
0.136858,0.136948,0.158276,2
0.174252,0.113462,0.129274,2
0.133713,0.0222076,0.131531,2
0.170343,0.00808969,0.128396,2
0.136429,0.105364,0.029461,2
0.194633,0.133026,0.11471,2
0.200479,0.148928,0.170225,2
0.118428,0.022815,0.157777,2
0.164254,0.182057,0.223804,3
0.207754,0.217865,0.138336,3
0.11819,0.187545,0.224853,3
0.204556,0.222437,0.128516,3
0.173712,0.210575,0.217709,3
0.12216,0.154823,0.0248689,3
0.156936,0.200442,0.162765,3
0.186039,0.201948,0.179995,3
0.127639,0.2137,0.17779,3
0.166093,0.206574,0.116771,3
0.160309,0.202406,0.163515,3
0.218798,0.187317,0.00702937,3
0.16006,0.202038,0.157495,3
0.154001,0.200197,0.160433,3
0.144207,0.21193,0.161917,3
0.158488,0.198443,0.157654,3
0.155881,0.206504,0.124345,3
0.13433,0.197956,0.12492,3
0.156633,0.201544,0.15629,3
0.197236,0.164487,0.190043,3
0.154466,0.199282,0.15678,3
0.20495,0.217283,0.123673,3
0.168114,0.153174,0.00472691,3
0.17251,0.160109,0.219572,3
0.199398,0.212608,0.0597784,3
0.161635,0.204437,0.162273,3
0.164604,0.199089,0.15699,3
0.198905,0.16421,0.0284956,3
0.124579,0.203487,0.142171,3
0.172544,0.206855,0.14864,3
0.128893,0.178384,0.00750151,3
0.1595,0.15512,0.0933563,3
0.113185,0.224579,0.149418,3
0.16061,0.199195,0.159033,3
0.118827,0.185834,0.10429,3
0.187956,0.194689,0.0458278,3
0.16423,0.195003,0.00251387,3
0.160602,0.207046,0.160645,3
0.114023,0.206598,0.0392445,3
0.111982,0.20808,0.0198382,3
0.168488,0.179756,0.091748,3
0.182814,0.208609,0.00288988,3
0.218339,0.201709,0.0221867,3
0.197193,0.176483,0.197071,3
0.120009,0.193995,0.139994,3
0.213061,0.163984,0.0389057,3
0.154814,0.197622,0.16188,3
0.15649,0.204435,0.160033,3
0.176267,0.192349,0.180807,3
0.160476,0.205471,0.155862,3
0.12229,0.204981,0.0238818,3
0.180436,0.222373,0.0152302,3
0.157723,0.20256,0.154682,3
0.222989,0.166517,0.131818,3
0.12281,0.163921,0.0230722,3
0.159591,0.155518,0.21979,3
0.161155,0.207726,0.155218,3
0.203071,0.21646,0.145801,3
0.198245,0.18696,0.119038,3
0.199169,0.180787,0.0978146,3
0.150767,0.173651,0.120218,3
0.180139,0.184828,0.182531,3
0.160973,0.199826,0.157971,3
0.155652,0.205922,0.158408,3
0.116637,0.191102,0.217692,3
0.164375,0.213662,0.19424,3
0.181827,0.222785,0.0211613,3
0.157387,0.205559,0.157183,3
0.156954,0.202383,0.155975,3
0.130379,0.218181,0.0996785,3
0.145324,0.163584,0.16829,3
0.156559,0.207238,0.0482393,3
0.146787,0.219297,0.0316251,3
0.208519,0.170656,0.021888,3
0.127263,0.168548,0.124399,3
0.158443,0.15996,0.176721,3
0.161598,0.199685,0.159893,3
0.157378,0.203832,0.159708,3
0.16057,0.169444,0.211901,3
0.160554,0.198193,0.156664,3
0.155768,0.201679,0.161388,3
0.136496,0.185095,0.0554197,3
0.167528,0.170728,0.220996,3
0.158376,0.202138,0.161058,3
0.133529,0.160687,0.163596,3
0.111913,0.224245,0.014826,3
0.166284,0.20534,0.0126633,3
0.155848,0.171096,0.186028,3
0.156955,0.18112,0.0135251,3
0.200704,0.167785,0.121326,3
0.195618,0.217127,0.151363,3
0.210845,0.186752,0.153588,3
0.167756,0.159302,0.118412,3
0.12161,0.195497,0.152992,3
0.154123,0.184014,0.0471539,3
0.202915,0.223223,0.0239164,3
0.145608,0.214832,0.0217755,3
0.191459,0.162306,0.174016,3
0.156709,0.201484,0.162725,3
0.16811,0.153294,0.10259,3
0.158835,0.205329,0.158336,3
0.159687,0.204773,0.152171,3
0.20363,0.200432,0.204011,3
0.162224,0.202058,0.157323,3
0.158701,0.19947,0.159295,3
0.162336,0.201154,0.159678,3
0.133137,0.165711,0.21833,3
0.159253,0.197985,0.161445,3
0.16047,0.20447,0.151378,3
0.161876,0.211289,0.181752,3
0.159416,0.203241,0.162004,3
0.163872,0.204294,0.155501,3
0.156395,0.20465,0.155577,3
0.13261,0.205725,0.173281,3
0.158324,0.187152,0.0196335,3
0.162802,0.206286,0.159277,3
0.195075,0.1981,0.194333,3
0.158312,0.203319,0.1613,3
0.153555,0.201616,0.15419,3
0.161355,0.204333,0.160758,3
0.128454,0.16843,0.038473,3
0.142866,0.152749,0.0318032,3
0.193571,0.166437,0.0360381,3
0.144841,0.189381,0.00801725,3
0.118149,0.190192,0.156579,3
0.113793,0.215707,0.131908,3
0.112661,0.166567,0.0612757,3
0.219518,0.152153,0.15779,3
