x coord,y coord,z coord,rank
0.154746,0.196231,0.103511,0
0.0662973,0.210193,0.109439,0
0.00489679,0.162595,0.104435,0
0.0709394,0.135546,0.0774279,0
0.124743,0.157541,0.0632793,0
0.175595,0.178427,0.087211,0
0.187665,0.122801,0.119954,0
0.141835,0.163189,0.00649342,0
0.00143525,0.212777,0.0794999,0
0.0284831,0.165867,0.0555393,0
0.177236,0.135245,0.0696559,0
0.198575,0.158896,0.0369686,0
0.185764,0.136492,0.0610783,0
0.0341739,0.207635,0.0198687,0
0.112452,0.145044,0.0786713,0
0.0275192,0.21949,0.104045,0
0.0260103,0.13931,0.0405061,0
0.149965,0.185588,0.0762153,0
0.172073,0.157736,0.0494497,0
0.168825,0.145021,0.108952,0
0.0820075,0.196993,0.0672613,0
0.186152,0.122373,0.120746,0
0.082657,0.128993,0.0603911,0
0.210777,0.137316,0.0490112,0
0.218417,0.139108,0.115527,0
0.0198996,0.17833,0.000615271,0
0.21602,0.138564,0.10786,0
0.0758548,0.176751,0.0985103,0
0.213488,0.216798,0.0650022,0
0.116554,0.218688,0.0787574,0
0.173048,0.132651,0.103529,0
0.0945028,0.199055,0.11919,0
0.198927,0.152754,0.0435093,0
0.00920696,0.156238,0.118824,0
0.211397,0.127759,0.107103,0
0.0394492,0.119422,0.00661156,0
0.205986,0.196826,0.0836656,0
0.0912017,0.174233,0.0956559,0
0.206138,0.216955,0.0604579,0
0.052031,0.216509,0.0736485,0
0.0559229,0.158815,0.0556746,0
0.183177,0.124549,0.120302,0
0.181088,0.208755,0.074285,0
0.191785,0.217151,0.0784522,0
0.12017,0.154181,0.106754,0
0.204298,0.177271,0.0718639,0
0.0842001,0.204824,0.111152,0
0.223771,0.156282,0.010821,0
0.166948,0.177821,0.0845503,0
0.0522596,0.201472,0.0719337,0
0.219772,0.220778,0.0332126,0
0.184306,0.122726,0.121164,0
0.0296655,0.130519,0.0620041,0
0.0791211,0.173999,0.0934996,0
0.0880604,0.161223,0.0303217,0
0.139639,0.201307,0.0838144,0
0.166597,0.118455,0.00628707,0
0.12469,0.170127,0.0971437,0
0.029747,0.171487,0.075669,0
0.0377663,0.217659,0.0989528,0
0.192477,0.162449,0.0298693,0
0.00390795,0.204708,0.0336742,0
0.0739804,0.158531,0.0932741,0
0.158141,0.214422,0.0389297,0
0.116502,0.222838,0.0923267,0
0.136886,0.172679,0.0866115,0
0.136471,0.132581,0.0447061,0
0.157237,0.181951,0.0455871,0
0.0529311,0.198102,0.10441,0
0.178075,0.155807,0.0448779,0
0.118033,0.156103,0.0892106,0
0.18697,0.147166,0.0438626,0
0.190187,0.209001,0.121303,0
0.04868,0.223914,0.100996,0
0.217107,0.170146,0.0308975,0
0.182243,0.12168,0.120243,0
0.14725,0.175917,0.116023,0
0.00908633,0.213781,0.0925526,0
0.0772116,0.172306,0.102165,0
0.121594,0.120728,0.0173887,0
0.0303154,0.123896,0.0127439,0
0.0504717,0.215454,0.0352899,0
0.0793205,0.212303,0.077188,0
0.216047,0.205396,0.0737302,0
0.066999,0.20635,0.0201711,0
0.0539774,0.173741,0.0918308,0
0.0745156,0.189067,0.0191851,0
0.211965,0.188791,0.066085,0
0.0535429,0.120361,0.102869,0
0.198869,0.142853,0.0662888,0
0.134441,0.121672,0.0997315,0
0.105227,0.191709,0.0655239,0
0.180824,0.203878,0.0025063,0
0.208855,0.209662,0.0683191,0
0.146554,0.223176,0.0672317,0
0.080354,0.151345,0.0612794,0
0.00224221,0.123129,0.100875,0
0.0613398,0.215579,0.117399,0
0.0811625,0.160191,0.0944355,0
0.0857379,0.192963,0.0360447,0
0.161719,0.130908,0.0700359,0
0.131771,0.200332,0.0157962,0
0.0135919,0.148174,0.0411905,0
0.178017,0.131782,0.0289699,0
0.216379,0.1829,0.0725604,0
0.103812,0.210739,0.096639,0
0.0210677,0.141735,0.0378559,0
0.193221,0.13293,0.0756322,0
0.20146,0.210481,0.0952435,0
0.222707,0.130277,0.0473206,0
0.17216,0.160792,0.0691307,0
0.107164,0.169904,0.0526252,0
0.108379,0.12141,0.118949,0
0.131237,0.158119,0.014178,0
0.0303404,0.210705,0.0951689,0
0.0740721,0.176923,0.0525746,0
0.157262,0.207142,0.0973412,0
0.124205,0.208868,0.0832414,0
0.220058,0.174,0.0608863,0
0.135218,0.205286,0.113937,0
0.162707,0.163854,0.0706382,0
0.0256292,0.143062,0.0430157,0
0.0693408,0.194103,0.10815,0
0.0526562,0.223607,0.107724,0
0.0386158,0.198963,0.103298,0
0.215852,0.0187402,0.20269,1
0.156048,0.074841,0.174196,1
0.124067,0.0511966,0.147371,1
0.0964524,0.0894705,0.170229,1
0.112089,0.0548717,0.21709,1
0.101239,0.0735188,0.203932,1
0.04781,0.0178064,0.133532,1
0.100445,0.0460985,0.158911,1
0.00918202,0.109842,0.146161,1
0.0583676,0.0887331,0.144147,1
0.118816,0.0362346,0.213485,1
0.210411,0.0354508,0.16492,1
0.183859,0.116879,0.130261,1
0.0972664,0.095626,0.19466,1
0.0352739,0.0803465,0.181757,1
0.0455517,0.0042773,0.122643,1
0.117128,0.103051,0.145691,1
0.00936777,0.0204743,0.13947,1
0.192859,0.0527907,0.222578,1
0.137505,0.106337,0.191392,1
0.125795,0.00837083,0.188737,1
0.177224,0.110796,0.142707,1
0.201257,0.0790878,0.137683,1
0.213462,0.0909473,0.180656,1
0.143112,0.0791778,0.128889,1
0.0823422,0.0810389,0.134022,1
0.0683931,0.0991873,0.173199,1
0.16488,0.094474,0.17403,1
0.117297,0.0584206,0.179256,1
0.0542323,0.0805298,0.152979,1
0.0618417,0.070388,0.214627,1
0.189729,0.00180677,0.186552,1
0.166905,0.0526773,0.124187,1
0.066033,0.105917,0.174622,1
0.115505,0.0255934,0.137288,1
0.0809373,0.0581581,0.189033,1
0.160342,0.0304295,0.182013,1
0.058122,0.0078326,0.204917,1
0.139542,0.0765599,0.125964,1
0.162938,0.0562726,0.140903,1
0.208682,0.0532728,0.151227,1
0.175505,0.115966,0.2011,1
0.19854,0.112962,0.160114,1
0.206433,0.0481116,0.142398,1
0.214002,0.0405972,0.196477,1
0.140296,0.0763156,0.137154,1
0.144417,0.0967252,0.170036,1
0.077594,0.0364424,0.155578,1
0.0888162,0.0727918,0.169486,1
0.218671,0.0497608,0.167153,1
0.18495,0.107602,0.146521,1
0.0847264,0.0351386,0.175275,1
0.202396,0.104592,0.167462,1
0.143774,0.0145279,0.150007,1
0.0669386,0.109293,0.156524,1
0.1502,0.053592,0.136991,1
0.133057,0.0311004,0.141542,1
0.12188,0.0716862,0.205684,1
0.00209878,0.0713175,0.196112,1
0.101047,0.0273927,0.138424,1
0.120938,0.103014,0.139611,1
0.067936,0.0724727,0.212134,1
0.189662,0.0599303,0.20523,1
0.133371,0.0823927,0.133166,1
0.101493,0.00492586,0.15479,1
0.0717171,0.010745,0.131471,1
0.111308,0.0634797,0.16157,1
0.118245,0.0625779,0.172664,1
0.138523,0.0339334,0.177524,1
0.0363952,0.0515383,0.190763,1
0.195511,0.0467353,0.208945,1
0.11911,0.0254022,0.171452,1
0.090367,0.0553673,0.167245,1
0.0314983,0.0504254,0.151984,1
0.116221,0.0597689,0.152581,1
0.0286584,0.0617419,0.148261,1
0.00806317,0.043639,0.217841,1
0.141756,0.0113981,0.157919,1
0.158821,0.0480431,0.190402,1
0.129961,0.10409,0.174641,1
0.0598923,0.0710112,0.152768,1
0.210743,0.0396279,0.161187,1
0.149506,0.0393321,0.145483,1
0.116451,0.013112,0.179625,1
0.134519,0.0500314,0.124852,1
0.00312067,0.0700949,0.133857,1
0.1853,0.114036,0.137858,1
0.00802128,0.102552,0.150221,1
0.224895,0.0942214,0.189847,1
0.0297766,0.113058,0.222273,1
0.0353029,0.0826324,0.177852,1
0.192822,0.0188164,0.148362,1
0.059501,0.000838921,0.185594,1
0.0762522,0.100818,0.190684,1
0.0256479,0.000295504,0.190601,1
0.216124,0.042108,0.213439,1
0.0732872,0.0310453,0.128383,1
0.0054761,0.0736707,0.224805,1
0.188746,0.0469584,0.171203,1
0.223127,0.0125104,0.174491,1
0.0888697,0.0227155,0.224084,1
0.125654,0.106758,0.174749,1
0.068376,0.0713239,0.158598,1
0.126267,0.0892246,0.222484,1
0.145561,0.0666003,0.201284,1
0.0576972,0.0419992,0.155884,1
0.184956,0.115807,0.122376,1
0.183549,0.117188,0.121796,1
0.0210033,0.143111,0.222105,2
0.184146,0.11952,0.126754,2
0.0862083,0.135528,0.149076,2
0.163957,0.129203,0.147223,2
0.184822,0.120635,0.124773,2
0.0360356,0.145483,0.17174,2
0.209536,0.145705,0.220709,2
0.0935325,0.13054,0.196692,2
0.0910336,0.191232,0.175291,2
0.0675445,0.119933,0.207246,2
0.0646451,0.130115,0.195957,2
0.18237,0.125676,0.158875,2
0.186721,0.123492,0.124441,2
0.0623623,0.212997,0.195973,2
0.00056619,0.221262,0.217272,2
0.185115,0.120317,0.126556,2
0.213264,0.127645,0.170653,2
0.0363019,0.192535,0.175618,2
0.13308,0.119273,0.181652,2
0.0773911,0.15523,0.163696,2
0.186269,0.123926,0.130793,2
0.177286,0.184448,0.179508,2
0.103493,0.220967,0.171312,2
0.174183,0.134102,0.144207,2
0.0437656,0.185452,0.167462,2
0.181543,0.121043,0.12887,2
0.0964786,0.124714,0.157246,2
0.0731938,0.214399,0.152956,2
0.185669,0.119317,0.125244,2
0.0376367,0.21895,0.131626,2
0.182826,0.119136,0.121917,2
0.191856,0.122612,0.185047,2
0.223787,0.1601,0.178326,2
0.0377286,0.207144,0.208059,2
0.151936,0.184073,0.182361,2
0.18769,0.121383,0.130433,2
0.180182,0.124489,0.12414,2
0.174809,0.1414,0.18672,2
0.131292,0.20297,0.131555,2
0.127791,0.177205,0.208373,2
0.190436,0.174809,0.184668,2
0.182842,0.125108,0.121621,2
0.142267,0.139733,0.179744,2
0.131188,0.224484,0.220561,2
0.11968,0.134468,0.162276,2
0.108258,0.20137,0.200363,2
0.137559,0.199028,0.146691,2
0.174811,0.208992,0.154857,2
0.174865,0.148677,0.147721,2
0.18721,0.151382,0.126817,2
0.189256,0.122084,0.127909,2
0.13291,0.174441,0.203226,2
0.0795508,0.179694,0.185549,2
0.223171,0.159438,0.211317,2
0.141063,0.125961,0.202369,2
0.168256,0.172676,0.124271,2
0.077601,0.202639,0.156677,2
0.188806,0.122675,0.129482,2
0.138211,0.127102,0.177285,2
0.108239,0.188069,0.213158,2
0.215195,0.12642,0.198627,2
0.180909,0.121687,0.125334,2
0.182621,0.124612,0.127252,2
0.180728,0.128943,0.171417,2
0.183901,0.214564,0.143934,2
0.204675,0.15343,0.221023,2
0.0735141,0.224538,0.130764,2
0.164245,0.165038,0.140821,2
0.16349,0.211525,0.17823,2
0.0164419,0.209887,0.128688,2
0.148967,0.165646,0.154392,2
0.216036,0.188868,0.196951,2
0.186405,0.120959,0.125264,2
0.209672,0.212314,0.222822,2
0.100615,0.192808,0.184598,2
0.116115,0.133285,0.173233,2
0.0350017,0.12643,0.185804,2
0.146119,0.151108,0.202892,2
0.123896,0.181765,0.187498,2
0.186813,0.126624,0.124848,2
0.186371,0.11968,0.123995,2
0.136096,0.198483,0.175542,2
0.10433,0.157522,0.200448,2
0.170508,0.161256,0.195355,2
0.125376,0.129645,0.18713,2
0.203194,0.18866,0.149442,2
0.0975916,0.202448,0.174439,2
0.184418,0.126393,0.18633,2
0.212845,0.120119,0.213614,2
0.217007,0.186798,0.196588,2
0.163236,0.156113,0.162002,2
0.0331727,0.15834,0.222507,2
0.0919558,0.199508,0.217403,2
0.0214768,0.217625,0.215757,2
0.149493,0.175146,0.215036,2
0.163511,0.155938,0.205619,2
0.112534,0.186914,0.166164,2
0.0767134,0.191255,0.180051,2
0.118957,0.200585,0.145012,2
0.176207,0.194411,0.211702,2
0.0206621,0.169468,0.127911,2
0.121596,0.163674,0.121472,2
0.219138,0.178706,0.169166,2
0.116932,0.122648,0.191107,2
0.187234,0.123527,0.122105,2
0.19115,0.165465,0.191938,2
0.199409,0.133687,0.191247,2
0.0819647,0.202269,0.222439,2
0.221913,0.13862,0.152233,2
0.0343772,0.137324,0.17111,2
0.0659273,0.196564,0.178762,2
0.18582,0.119024,0.123806,2
0.0173373,0.156154,0.212571,2
0.0444238,0.174339,0.198435,2
0.058608,0.169521,0.142369,2
0.151538,0.197731,0.203964,2
0.218279,0.14351,0.149593,2
0.00570224,0.181165,0.20369,2
0.152264,0.136127,0.129169,2
0.162021,0.187064,0.171219,2
0.143134,0.215451,0.193065,2
0.0420885,0.132485,0.223841,2
0.186269,0.119294,0.125456,2
0.0829456,0.128325,0.150263,2
0.0353848,0.17817,0.128974,2
0.183986,0.12039,0.127472,2
0.102349,0.176079,0.14281,2
0.187962,0.122144,0.125673,2
0.188068,0.12406,0.122981,2
0.188499,0.120872,0.123071,2
0.190942,0.130739,0.185059,2
0.188481,0.119618,0.124825,2
0.183953,0.123407,0.127771,2
0.142475,0.145692,0.192632,2
0.0909516,0.132646,0.211595,2
0.0641999,0.125555,0.198851,2
0.18895,0.123333,0.126436,2
0.182899,0.122816,0.124839,2
0.118716,0.119284,0.131053,2
0.188629,0.127042,0.124834,2
0.185942,0.123441,0.129098,2
0.190434,0.120817,0.126557,2
0.183048,0.119425,0.126044,2
0.186266,0.121396,0.122705,2
0.180641,0.118777,0.125287,2
0.211596,0.119021,0.12174,2
0.129473,0.162254,0.121575,2
0.0783239,0.0828907,0.0317547,3
0.178625,0.0284862,0.0218621,3
0.0601344,0.0778101,0.0900482,3
0.0949454,0.0429458,0.0771155,3
0.0710603,0.0278177,0.119543,3
0.11511,0.103435,0.0181438,3
0.0408093,0.0512646,0.0199698,3
0.0500746,0.104265,0.0770494,3
0.111472,0.081629,0.0489813,3
0.0373872,0.0880042,0.0362955,3
0.129038,0.0233113,0.082692,3
0.0560901,0.0902867,0.058392,3
0.178163,0.069822,0.0594218,3
0.113326,0.0368608,0.0817916,3
0.0656118,0.0618446,0.0724453,3
0.0234187,0.0825134,0.0778188,3
0.192435,0.0294108,0.0429401,3
0.082243,0.109257,0.00439292,3
0.00375373,0.0249352,0.0255891,3
0.0719338,0.068726,0.0484161,3
0.169535,0.0582962,0.120135,3
0.16254,0.093514,0.00924934,3
0.191368,0.0385724,0.0519905,3
0.204275,0.0856391,0.0160286,3
0.150245,0.0820882,0.0773124,3
0.143417,0.068959,0.0711078,3
0.217992,0.0668443,0.00250348,3
0.0341176,0.0585691,0.0119569,3
0.157527,0.0607244,0.00500554,3
0.0176296,0.0144295,0.103413,3
0.143417,0.0158075,0.0748402,3
0.0347692,0.0365003,0.00311656,3
0.119514,0.000712263,0.0596239,3
0.180377,0.0120987,0.0865471,3
0.0670946,0.0243396,0.0940536,3
0.0898719,0.00685017,0.0490482,3
0.18085,0.0170881,0.0482519,3
0.160262,0.0117838,0.121498,3
0.0344188,0.0750011,0.0646475,3
0.185278,0.0801597,0.0579289,3
0.0466603,0.104149,0.0800135,3
0.183126,0.0156164,0.107235,3
0.148675,0.0722474,0.100379,3
0.0793323,0.110891,0.0807506,3
0.0435549,0.00929613,0.0603721,3
0.046914,0.0132187,0.0302814,3
0.0949868,0.0460092,0.0624707,3
0.0525738,0.0573236,0.0319341,3
0.0211909,0.0640795,0.0308235,3
0.115805,0.0240406,0.104396,3
0.150204,0.0989397,0.0440494,3
0.195705,0.0870898,0.0509438,3
0.0851697,0.113037,0.0959942,3
0.197633,0.0730708,0.0920733,3
0.0729449,0.00915827,0.0301984,3
0.13046,0.10125,0.0676883,3
0.14179,0.113707,0.0643685,3
0.129654,0.0155963,0.0485228,3
0.21885,0.0362502,0.0385995,3
0.0919773,0.0521447,0.0837652,3
0.0885423,0.0813212,0.0517642,3
0.218939,0.0271493,0.0297244,3
0.032295,0.101328,0.0426905,3
0.126195,0.021163,0.02475,3
0.191062,0.0433033,0.0569305,3
0.0197611,0.0758547,0.0522465,3
0.0644903,0.0979187,0.0161967,3
0.222574,0.0105808,0.0218532,3
0.176802,0.0757879,0.0986895,3
0.0898527,0.081458,0.1184,3
0.172501,0.0827219,0.0861472,3
0.0524474,0.097507,0.0676442,3
0.172768,0.104393,0.0708874,3
0.172273,0.0386225,0.104037,3
0.173863,0.0168452,0.00871289,3
0.143315,0.0367822,0.0667833,3
0.19892,0.0785062,0.0873005,3
0.11749,0.0891563,0.0921972,3
0.113989,0.0864068,0.0908566,3
0.128055,0.0595996,0.0121881,3
0.178635,0.116681,0.118341,3
0.131306,0.0702708,0.0049725,3
0.133336,0.0416982,0.00667166,3
0.163794,0.0368921,0.013506,3
0.034783,0.02869,0.0162288,3
0.190872,0.0857611,0.0400779,3
0.0169035,0.0855104,0.115502,3
0.221993,0.0658652,0.0801515,3
0.00144606,0.0908803,0.0364952,3
0.0746186,0.0748127,0.0200638,3
0.025446,0.112011,0.00656427,3
0.159407,0.0229455,0.00545009,3
0.12245,0.0631757,0.03487,3
0.14599,0.0931493,0.116901,3
0.211999,0.00453371,0.004602,3
0.101992,0.0337638,0.0744435,3
0.182009,0.0460853,0.109488,3
0.116491,0.11157,0.0658739,3
0.158216,0.0423289,0.0887855,3
0.139617,0.0311152,0.0311308,3
0.170496,0.00748884,0.0228896,3
0.155099,0.0512599,0.0915321,3
0.206588,0.0378562,0.0735706,3
0.1403,0.000565791,0.0824128,3
0.0757702,0.00712422,0.0539207,3
0.210277,0.041624,0.0534614,3
0.20393,0.0771346,0.0569227,3
0.209815,0.0435637,0.0197093,3
0.182187,0.0126266,0.0102214,3
0.188212,0.0216553,0.105714,3
0.123817,0.0637711,0.00827535,3
0.156529,0.0636689,0.051606,3
0.0263771,0.0963736,0.0871893,3
0.0170904,0.100178,0.104421,3
0.0643736,0.0935851,0.0157735,3
0.218629,0.0785044,0.103801,3
0.149743,0.0541329,0.120521,3
0.184144,0.117384,0.0689383,3
0.211026,0.115616,0.0910893,3
0.0257425,0.117406,0.00735604,3
