x coord,y coord,z coord,rank
0.208225,0.0153711,0.0953766,0
0.141165,0.0776122,0.138251,0
0.141743,0.08497,0.139903,0
0.140246,0.0801261,0.138823,0
0.144448,0.0837447,0.136579,0
0.156998,0.0603068,0.100003,0
0.156078,0.0862564,0.214459,0
0.169826,0.0923781,0.0290809,0
0.144589,0.0830032,0.131244,0
0.168841,0.000300146,0.188208,0
0.15542,0.0152287,0.128812,0
0.144919,0.0839409,0.139766,0
0.144402,0.0816681,0.136267,0
0.186201,0.0154197,0.0752168,0
0.143479,0.0785346,0.138412,0
0.162496,0.0708588,0.0545832,0
0.139288,0.0851077,0.153385,0
0.19355,0.0477297,0.0536563,0
0.149723,0.00295592,0.214975,0
0.142162,0.0845371,0.141523,0
0.143398,0.0831795,0.141426,0
0.164899,0.00308236,0.0965098,0
0.14352,0.0752471,0.134308,0
0.143814,0.0818368,0.138606,0
0.16945,0.0442261,0.13924,0
0.143452,0.0801881,0.133597,0
0.154437,0.0770963,0.0848054,0
0.140493,0.0825463,0.144685,0
0.16867,0.0245272,0.126003,0
0.207648,0.0206412,0.210023,0
0.154069,0.0883975,0.046384,0
0.177817,0.0121934,0.0935192,0
0.145741,0.0408493,0.117064,0
0.156308,1.49481e-06,0.175365,0
0.196694,0.0624442,0.148928,0
0.138507,0.0327759,0.0719129,0
0.222414,0.00323157,0.040736,0
0.142464,0.082717,0.142603,0
0.223891,0.0443002,0.0991917,0
0.141818,0.0790883,0.131282,0
0.144552,0.082244,0.140724,0
0.211136,0.0312883,0.0554985,0
0.142589,0.0794624,0.141104,0
0.190203,0.0483511,0.138657,0
0.215439,0.049853,0.180102,0
0.189317,0.0544587,0.163404,0
0.14487,0.0820663,0.139269,0
0.146871,0.0856881,0.139309,0
0.1469,0.039662,0.202737,0
0.140838,0.0852037,0.133497,0
0.205027,0.0117492,0.105896,0
0.153503,0.0314521,0.0481578,0
0.138228,0.0883104,0.143727,0
0.145963,0.0797817,0.140183,0
0.143643,0.000335968,0.0503542,0
0.139938,0.0832008,0.138976,0
0.142035,0.0792245,0.138301,0
0.157971,0.00829926,0.0134771,0
0.146105,0.0811228,0.134568,0
0.14675,0.0810764,0.137539,0
0.16988,0.0848265,0.0511938,0
0.160828,0.0761878,0.0696247,0
0.214054,0.0957037,0.136059,0
0.144755,0.0802037,0.136672,0
0.147432,0.0817597,0.144833,0
0.199479,0.0798229,0.0526375,0
0.209166,0.0196142,0.174734,0
0.147508,0.0489475,0.00222947,0
0.199052,0.074523,0.053936,0
0.207127,0.0440925,0.0520817,0
0.185608,0.0568357,0.0607628,0
0.152622,0.0696853,0.158475,0
0.159666,0.0927046,0.184385,0
0.203599,0.0261048,0.0138059,0
0.139378,0.0792015,0.135915,0
0.141995,0.0867428,0.141218,0
0.209397,0.0294088,0.0288235,0
0.141468,0.0855098,0.141274,0
0.210486,0.0498428,0.042245,0
0.143141,0.0835179,0.141803,0
0.224146,0.0558479,0.0935167,0
0.162992,0.00238893,0.178242,0
0.140082,0.084371,0.144049,0
0.212946,0.0851618,0.143894,0
0.208955,0.0680718,0.218943,0
0.189065,0.0135925,0.0641882,0
0.146407,0.0865173,0.139405,0
0.197319,0.0292049,0.0469038,0
0.144974,0.0322307,0.0322732,0
0.180567,0.0642579,0.0843356,0
0.138744,0.0154661,0.108009,0
0.224565,0.0127179,0.057334,0
0.200107,0.0274282,0.0149995,0
0.203493,0.0694193,0.0272936,0
0.141405,0.0779781,0.133769,0
0.209519,0.00973429,0.199881,0
0.181532,0.0203211,0.0509804,0
0.20537,0.0540487,0.109343,0
0.195457,0.0578458,0.211442,0
0.1393,0.0811158,0.139256,0
0.212628,0.022828,0.158935,0
0.162098,0.0626922,0.0995477,0
0.214673,0.016295,0.187849,0
0.144325,0.0818098,0.137651,0
0.198956,0.0487767,0.0402146,0
0.143047,0.0825184,0.139685,0
0.140967,0.0786117,0.135583,0
0.176042,0.0131977,0.185925,0
0.162953,0.0425835,0.129015,0
0.142537,0.0852145,0.143475,0
0.141892,0.0888631,0.135466,0
0.141819,0.0843582,0.143156,0
0.143875,0.0871354,0.137624,0
0.175562,0.00424374,0.0941453,0
0.142025,0.062607,0.152775,0
0.144968,0.0824373,0.139243,0
0.186167,0.0179515,0.0750777,0
0.148057,0.0819002,0.136253,0
0.141715,0.0879188,0.136882,0
0.144778,0.0855082,0.135915,0
0.191231,0.0771257,0.132021,0
0.14994,0.0165801,0.01792,0
0.159217,0.0862698,0.105981,0
0.138379,0.0767986,0.135811,0
0.029771,0.157762,0.199596,1
0.0722559,0.201646,0.00952837,1
0.0745237,0.124492,0.0474096,1
0.0970247,0.110021,0.199193,1
0.0317503,0.181457,0.0433868,1
0.102999,0.113933,0.0258743,1
0.0908266,0.153468,0.128201,1
0.0948078,0.13193,0.216704,1
0.0404771,0.223483,0.149622,1
0.100069,0.186529,0.0557967,1
0.0152066,0.138769,0.135759,1
0.0358118,0.195441,0.0734231,1
0.0756087,0.207566,0.0674448,1
0.0730214,0.140653,0.0622109,1
0.0168094,0.128578,0.112718,1
0.00575911,0.136128,0.158419,1
0.0467265,0.116225,0.0553299,1
0.0715313,0.143107,0.128845,1
0.0575799,0.11683,0.0934849,1
0.0514057,0.184696,0.0945039,1
0.065381,0.121593,0.0861254,1
0.103098,0.144087,0.135345,1
0.08064,0.199429,0.168353,1
0.062411,0.106983,0.0373188,1
0.104403,0.198207,0.0352138,1
0.0988739,0.2081,0.107804,1
0.0494844,0.133845,0.0856071,1
0.0960234,0.161305,0.16342,1
0.0463543,0.189522,0.0980702,1
0.00287743,0.179425,0.116987,1
0.0307558,0.130418,0.0176679,1
0.0118497,0.153923,0.122819,1
0.0681362,0.179245,0.201694,1
0.0419241,0.105848,0.0960704,1
0.0358526,0.123154,0.162999,1
0.0135752,0.179969,0.0760833,1
0.100057,0.16747,0.0430526,1
0.0875834,0.217388,0.0724972,1
0.00431195,0.181432,0.116719,1
0.0270628,0.206237,0.0647332,1
0.00315821,0.142694,0.136313,1
0.00546626,0.181176,0.11232,1
0.0430436,0.144653,0.205897,1
0.00479944,0.122454,0.105092,1
0.0625139,0.199624,0.052954,1
0.0734027,0.149172,0.0467637,1
0.0990176,0.216375,0.0699227,1
0.0157788,0.20905,0.124479,1
0.0631292,0.222524,0.0508186,1
0.0672246,0.162856,0.0118532,1
0.0455276,0.20387,0.143983,1
0.0447121,0.120638,0.181729,1
0.00513944,0.152879,0.0435523,1
0.0632194,0.112628,0.200659,1
0.0988233,0.110191,0.108055,1
0.0241461,0.111383,0.00592102,1
0.0539289,0.219482,0.124847,1
0.00821937,0.127702,0.221979,1
0.0565973,0.142478,0.119333,1
0.0486911,0.201744,0.125219,1
0.0986196,0.100736,0.222947,1
0.0308111,0.13696,0.207699,1
0.0657654,0.153714,0.0204327,1
0.094834,0.104959,0.0990656,1
0.0935051,0.165135,0.0309857,1
0.0243405,0.110954,0.011945,1
0.0962158,0.14198,0.124324,1
0.064032,0.173645,0.217384,1
0.101252,0.100827,0.100719,1
0.050743,0.19083,0.15743,1
0.0602421,0.143045,0.125558,1
0.0420659,0.204232,0.0130793,1
0.0661869,0.172324,0.154628,1
0.0778216,0.189964,0.142009,1
0.10302,0.101298,0.161066,1
0.0368581,0.179355,0.152204,1
0.0359929,0.223537,0.177688,1
0.0820471,0.222031,0.054534,1
0.0183047,0.16437,0.113792,1
0.0560355,0.191031,0.222719,1
0.0614643,0.218439,0.0295716,1
0.0896805,0.105198,0.100721,1
0.0275117,0.106287,0.132197,1
0.0489336,0.135138,0.031656,1
0.0248721,0.174612,0.00751948,1
0.0511677,0.187512,0.183712,1
0.0423441,0.150057,0.117757,1
0.0392308,0.106589,0.0729857,1
0.0612565,0.16399,0.00048641,1
0.0451119,0.22313,0.126411,1
0.0732474,0.125442,0.221155,1
0.0338826,0.185004,0.109513,1
0.0223714,0.160342,0.1634,1
0.0115316,0.151584,0.0897428,1
0.00882926,0.177176,0.143643,1
0.0962249,0.107679,0.174284,1
0.089902,0.148498,0.180572,1
0.00389491,0.125831,0.106048,1
0.084225,0.116663,0.178318,1
0.00830007,0.190272,0.0280102,1
0.0682742,0.207236,0.131391,1
0.0393768,0.209568,0.192395,1
0.0322269,0.102812,0.099343,1
0.00928704,0.194312,0.198803,1
0.0558953,0.168514,0.181188,1
0.0273749,0.101665,0.134255,1
0.0581461,0.200345,0.103312,1
0.0147132,0.21854,0.079162,1
0.03655,0.102624,0.00213683,1
0.0169977,0.173014,0.0388448,1
0.0219599,0.218757,0.101001,1
0.027782,0.138171,0.164642,1
0.100481,0.108514,0.106941,1
0.0961879,0.19311,0.0204053,1
0.023775,0.138628,0.0665103,1
0.0237579,0.170759,0.0230817,1
0.0720014,0.223018,0.0806148,1
0.09407,0.130817,0.12995,1
0.0885418,0.170774,0.172003,1
0.100299,0.169034,0.172323,1
0.0496329,0.10505,0.0524791,1
0.0504377,0.146358,0.17525,1
0.0574586,0.212133,0.0581713,1
0.0812776,0.166484,0.125852,1
0.0185615,0.175614,0.0912959,1
0.0541478,0.186273,0.192817,1
0.0551136,0.115841,0.0132952,1
0.0587262,0.130712,0.164506,1
0.0900976,0.107695,0.0792702,1
0.0592932,0.105916,0.0619643,1
0.0521984,0.120153,0.0517659,1
0.10464,0.0846651,0.0337483,2
0.0555069,0.0217897,0.205283,2
0.115111,0.0620596,0.0875107,2
0.0859034,0.0579556,0.0168397,2
0.0164607,0.0605055,0.215954,2
0.120225,0.0617262,0.139342,2
0.0050415,0.0101678,0.0538882,2
0.0644333,0.0740818,0.207979,2
0.108864,0.00293019,0.054264,2
0.083047,0.0362227,0.105423,2
0.0261989,0.00907786,0.211902,2
0.0627993,0.064998,0.127175,2
0.0907182,0.011791,0.22035,2
0.0780303,0.0918376,0.125853,2
0.0594375,0.0973198,0.00921142,2
0.0488638,0.0648212,0.221983,2
0.00257597,0.0879792,0.0557628,2
0.112581,0.0110613,0.0815309,2
0.0615894,0.0444032,0.0157629,2
0.0152422,0.0657625,0.207937,2
0.0617409,0.0060634,0.149174,2
0.0551423,0.0184223,0.0375786,2
0.0517456,0.0402016,0.0446937,2
0.0424552,0.0594047,0.0598657,2
0.091789,0.071105,0.03347,2
0.083057,0.039787,0.0761814,2
0.0834572,0.0569582,0.208479,2
0.132574,0.0148325,0.184131,2
0.0075804,0.0781334,0.0286967,2
0.0447068,0.0278149,0.203577,2
0.111005,0.0536262,0.00188894,2
0.131272,0.0407755,0.0311722,2
0.103126,0.0134824,0.0893681,2
0.0834658,0.0377455,0.213844,2
0.0719873,0.0212438,0.221423,2
0.0217635,0.0978466,0.140572,2
0.06055,0.0712161,0.123362,2
0.00462447,0.0115989,0.124991,2
0.0868455,0.0233341,0.133028,2
0.0577198,0.040157,0.137995,2
0.128392,0.0399507,0.117003,2
0.0573215,0.00731651,0.0944325,2
0.117788,0.0067896,0.142158,2
0.0322193,0.0492393,0.222183,2
0.0831956,0.0648006,0.221026,2
0.0958649,0.0382582,0.028528,2
0.116681,0.0139347,0.0415943,2
0.0179035,0.075644,0.121007,2
0.137995,0.0859235,0.140738,2
0.11716,0.0886565,0.0437946,2
0.106278,0.0952304,0.141754,2
0.0207954,0.085298,0.0629318,2
0.00113544,0.0613529,0.0270994,2
0.0875355,0.00437265,0.144642,2
0.0375468,0.0534763,0.01743,2
0.024971,0.0846704,0.175157,2
0.112539,0.0196834,0.0775169,2
0.0351642,0.0705787,0.0906477,2
0.0124595,0.0429065,0.18547,2
0.0913016,0.0739564,0.0463172,2
0.063059,0.0712221,0.20194,2
0.0866497,0.0464383,0.129684,2
0.107082,0.0320523,0.218404,2
0.0282942,0.0294284,0.0981887,2
0.0233278,0.0763633,0.049199,2
0.0728395,0.0714554,0.0300199,2
0.0713692,0.0772427,0.103997,2
0.0685259,0.0311569,0.183748,2
0.0440404,0.0878561,0.00341797,2
0.0411366,0.0283811,0.116427,2
0.0288834,0.000353622,0.0833539,2
0.0785757,0.0950162,0.0176213,2
0.0349761,0.0588965,0.0470198,2
0.133543,0.0426887,0.133997,2
0.0273489,0.0327419,0.00902731,2
0.0447581,0.044972,0.128743,2
0.116852,0.0128888,0.109074,2
0.0980994,0.0134583,0.0519098,2
0.0168943,0.0570087,0.0347976,2
0.0184442,0.0778221,0.00126315,2
0.0848132,0.0257661,0.0985265,2
0.111282,0.0933401,0.0851749,2
0.0721861,0.0960742,0.0850927,2
0.0842753,0.0407184,0.0936032,2
0.038849,0.0341051,0.00184701,2
0.113728,0.0930399,0.186958,2
0.0306438,0.0937289,0.0878181,2
0.129083,0.031661,0.040514,2
0.0749354,0.0541697,0.0316904,2
0.0451047,0.0432238,0.0675715,2
0.0478244,0.0310109,0.18099,2
0.0157089,0.0685328,0.0484184,2
0.0636305,0.0519542,0.0941627,2
0.0966892,0.0364306,0.00467002,2
0.077451,0.0743544,0.201263,2
0.124019,0.0416324,0.170237,2
0.0785181,0.0781188,0.0623534,2
0.0556343,0.0382587,0.126879,2
0.13539,0.0703798,0.0467728,2
0.117728,0.0707402,0.217233,2
0.0652,0.0112469,0.0169755,2
0.0300355,0.0642833,0.135723,2
0.0381744,0.0823891,0.0367873,2
0.0415979,0.0348448,0.213349,2
0.0667295,0.0117862,0.0259395,2
0.0402761,0.01145,0.0808386,2
0.0807645,0.0549762,0.0466398,2
0.0169528,0.0629019,0.0585028,2
0.0600457,0.0500576,0.0200768,2
0.12061,0.0747489,0.0481466,2
0.123015,0.021766,0.18197,2
0.0601407,0.0775781,0.0388433,2
0.07125,0.0551439,0.170565,2
0.0223785,0.08909,0.0229629,2
0.131983,0.095686,0.214022,2
0.135875,0.082782,0.142103,2
0.138061,0.0842099,0.141115,2
0.135271,0.0821057,0.139832,2
0.137199,0.0958634,0.145448,2
0.137074,0.0419832,0.103407,2
0.215632,0.122378,0.117275,3
0.205573,0.214504,0.0678549,3
0.201381,0.167646,0.136423,3
0.114011,0.200525,0.158274,3
0.203583,0.223289,0.16024,3
0.133547,0.163717,0.159348,3
0.195356,0.178056,0.118004,3
0.171782,0.146491,0.094647,3
0.166748,0.206496,0.00447218,3
0.120962,0.224657,0.137657,3
0.180315,0.203724,0.00730212,3
0.111191,0.197548,0.0595504,3
0.212156,0.167584,0.17549,3
0.113697,0.116195,0.165746,3
0.165731,0.182766,0.0942905,3
0.21718,0.163084,0.012008,3
0.198805,0.137237,0.0916865,3
0.208584,0.142059,0.159304,3
0.185117,0.220445,0.139956,3
0.224432,0.142268,0.142942,3
0.14216,0.134223,0.0475059,3
0.165811,0.181572,0.0854848,3
0.136757,0.119012,0.199759,3
0.224722,0.104492,0.193904,3
0.160243,0.108917,0.172538,3
0.15376,0.0996286,0.0273127,3
0.217594,0.153932,0.0193193,3
0.128442,0.172786,0.119191,3
0.117155,0.210037,0.169762,3
0.186065,0.198774,0.162513,3
0.186096,0.217517,0.172339,3
0.217522,0.172511,0.118427,3
0.11481,0.167387,0.0609708,3
0.191436,0.117799,0.126123,3
0.105668,0.153467,0.175622,3
0.168425,0.122974,0.156861,3
0.132276,0.173725,0.179429,3
0.182895,0.149593,0.2004,3
0.193879,0.173903,0.00484296,3
0.152359,0.188978,0.109361,3
0.155742,0.107918,0.0567702,3
0.173798,0.21913,0.153736,3
0.190196,0.205933,0.135709,3
0.166394,0.107013,0.173127,3
0.176761,0.197576,0.128433,3
0.19811,0.211347,0.0861485,3
0.141082,0.104689,0.192926,3
0.223916,0.187322,0.130973,3
0.113592,0.195984,0.0500271,3
0.137242,0.186043,0.110623,3
0.211265,0.193054,0.0499741,3
0.204294,0.172546,0.171312,3
0.108717,0.186007,0.179814,3
0.107916,0.142172,0.0791594,3
0.208708,0.170515,0.034363,3
0.205262,0.189015,0.110757,3
0.17406,0.113861,0.124375,3
0.187101,0.129291,0.0143203,3
0.185647,0.130625,0.165811,3
0.117639,0.14126,0.0260012,3
0.165808,0.209117,0.108551,3
0.204119,0.155846,0.167944,3
0.142453,0.213071,0.0583191,3
0.165319,0.151632,0.104059,3
0.180808,0.218767,0.0010141,3
0.1865,0.204432,0.0110888,3
0.114647,0.183875,0.0941365,3
0.221655,0.204192,0.0689467,3
0.211184,0.122747,0.219693,3
0.200588,0.167606,0.018721,3
0.106386,0.164664,0.117738,3
0.136903,0.125947,0.154884,3
0.218808,0.114405,0.137621,3
0.186937,0.157989,0.129575,3
0.176896,0.200708,0.00459959,3
0.188202,0.16273,0.0825277,3
0.197141,0.147931,0.169442,3
0.217042,0.18554,0.126504,3
0.163703,0.17596,0.198027,3
0.200456,0.106939,0.135793,3
0.204809,0.206042,0.147102,3
0.219146,0.129176,0.0660199,3
0.203751,0.207432,0.144335,3
0.172492,0.166228,0.0629624,3
0.168969,0.140925,0.180461,3
0.195141,0.155667,0.129419,3
0.222708,0.193352,0.0408752,3
0.220022,0.111465,0.223454,3
0.172817,0.171612,0.0183527,3
0.167681,0.17295,0.214615,3
0.136469,0.177102,0.158631,3
0.200584,0.161956,0.214275,3
0.201886,0.220078,0.180017,3
0.15731,0.221109,0.1896,3
0.124357,0.190788,0.0593874,3
0.143647,0.177081,0.18589,3
0.223712,0.187335,0.0487345,3
0.172838,0.194158,0.0726897,3
0.146206,0.19683,0.104908,3
0.19705,0.107006,0.0365683,3
0.207396,0.166317,0.210341,3
0.18418,0.197987,0.0102461,3
0.194558,0.119075,0.0503,3
0.165072,0.18179,0.124914,3
0.11288,0.169667,0.155069,3
0.136489,0.177552,0.199632,3
0.150528,0.103445,0.0927679,3
0.133347,0.139862,0.109777,3
0.122886,0.218794,0.218062,3
0.213105,0.217756,0.0886895,3
0.135922,0.167987,0.134747,3
0.207505,0.131632,0.123172,3
0.214091,0.163904,0.00224411,3
0.21086,0.180891,0.124259,3
0.176251,0.20262,0.194726,3
0.172415,0.117489,0.104166,3
0.157769,0.140108,0.0337182,3
0.11768,0.218511,0.00178084,3
0.12277,0.166745,0.0370919,3
0.214456,0.135174,0.0988866,3
0.17756,0.223785,0.207107,3
0.123973,0.21854,0.165816,3
0.109701,0.15517,0.0131163,3
0.109491,0.109429,0.0684974,3
0.109472,0.149862,0.0130588,3
