x coord,y coord,z coord,rank
0.17354,0.179581,0.172889,0
0.0268497,0.191528,0.189357,0
0.0265726,0.190272,0.188088,0
0.0417424,0.18559,0.167589,0
0.0262593,0.192539,0.191188,0
0.139106,0.216213,0.125958,0
0.215376,0.178694,0.175375,0
0.219703,0.126277,0.182766,0
0.023401,0.191062,0.187221,0
0.198245,0.198115,0.169601,0
0.168441,0.211965,0.200024,0
0.0147228,0.209211,0.1859,0
0.168287,0.222998,0.178288,0
0.0270168,0.19197,0.189197,0
0.0268711,0.196643,0.191442,0
0.0244288,0.190578,0.190662,0
0.0212644,0.192409,0.193474,0
0.0798887,0.129753,0.203936,0
0.0253345,0.194075,0.193561,0
0.0776342,0.171733,0.169596,0
0.157359,0.158675,0.164948,0
0.135411,0.185218,0.187482,0
0.0825032,0.118338,0.186046,0
0.203283,0.217333,0.22435,0
0.198648,0.129531,0.167567,0
0.112234,0.189046,0.177043,0
0.163557,0.19427,0.209356,0
0.00324437,0.128925,0.17813,0
0.055646,0.185526,0.154548,0
0.187786,0.152561,0.187648,0
0.0301796,0.190169,0.18886,0
0.126603,0.160467,0.178461,0
0.0364816,0.22466,0.175177,0
0.0413335,0.148554,0.219859,0
0.196215,0.148771,0.191466,0
0.213891,0.218502,0.129963,0
0.0217954,0.191567,0.189437,0
0.0261361,0.189849,0.188907,0
0.0133548,0.188428,0.165411,0
0.0267487,0.193928,0.190016,0
0.0322928,0.185858,0.117865,0
0.143381,0.151914,0.161208,0
0.128986,0.209265,0.204571,0
0.193683,0.146879,0.216987,0
0.210395,0.188052,0.188246,0
0.208843,0.203832,0.171958,0
0.00518639,0.163635,0.197679,0
0.0298409,0.198146,0.189677,0
0.0234834,0.187412,0.190005,0
0.160087,0.124541,0.184504,0
0.222753,0.151408,0.159252,0
0.186363,0.119647,0.207885,0
0.143286,0.197074,0.199814,0
0.0376144,0.177874,0.184143,0
0.0142334,0.222425,0.145741,0
0.0829855,0.160914,0.189309,0
0.193808,0.220233,0.223283,0
0.0937258,0.212149,0.135332,0
0.0266223,0.199723,0.193502,0
0.00861523,0.13658,0.178578,0
0.19843,0.165908,0.223787,0
0.0265086,0.18836,0.191479,0
0.059313,0.202776,0.123315,0
0.0460316,0.21771,0.221197,0
0.0932927,0.137862,0.167269,0
0.0264555,0.195587,0.18386,0
0.0238675,0.192561,0.192503,0
0.16856,0.168548,0.219506,0
0.202888,0.166878,0.205697,0
0.0240467,0.195885,0.190037,0
0.0419883,0.134905,0.158019,0
0.21247,0.140023,0.216584,0
0.200862,0.131135,0.171682,0
0.164083,0.145829,0.198915,0
0.0464741,0.139863,0.190034,0
0.0823671,0.166197,0.205547,0
0.203402,0.192887,0.1935,0
0.0419489,0.212008,0.224356,0
0.172728,0.137725,0.215457,0
0.0862955,0.128047,0.171952,0
0.224568,0.134642,0.204236,0
0.172299,0.183639,0.151451,0
0.100846,0.201424,0.169643,0
0.0250848,0.194579,0.191146,0
0.0254945,0.198612,0.186973,0
0.0829369,0.210823,0.151012,0
0.0263761,0.190769,0.183481,0
0.196431,0.187438,0.130437,0
0.0198648,0.189986,0.190616,0
0.0227617,0.192855,0.195535,0
0.024363,0.193614,0.189679,0
0.0300473,0.188672,0.190056,0
0.0280434,0.195315,0.188962,0
0.168377,0.142919,0.12935,0
0.12244,0.153706,0.126921,0
0.179234,0.219715,0.163568,0
0.207852,0.14267,0.216658,0
0.211288,0.136852,0.165037,0
0.0293348,0.192774,0.186724,0
0.0167759,0.169747,0.178124,0
0.160173,0.138045,0.20798,0
0.0055837,0.186455,0.129952,0
0.0271874,0.192719,0.186213,0
0.0319266,0.192658,0.186891,0
0.028117,0.196481,0.185804,0
0.0205017,0.194175,0.192389,0
0.0292235,0.19296,0.192193,0
0.0267685,0.193637,0.187806,0
0.120491,0.17971,0.118439,0
0.147969,0.126599,0.142742,0
0.223111,0.129718,0.131135,0
0.0225896,0.195407,0.187692,0
0.00804421,0.192735,0.211694,0
0.0257536,0.191969,0.189906,0
0.0528436,0.146916,0.166383,0
0.025466,0.188631,0.185309,0
0.029803,0.193463,0.194222,0
0.218858,0.173178,0.130744,0
0.0206115,0.2017,0.187576,0
0.00376571,0.147407,0.156524,0
0.10545,0.180744,0.173788,0
0.0110954,0.125865,0.175022,0
0.098175,0.186268,0.0411935,1
0.209772,0.125455,0.0288481,1
0.110116,0.128009,0.0915547,1
0.154003,0.123135,0.0135862,1
0.170802,0.125399,0.0942005,1
0.170672,0.206832,0.039496,1
0.103533,0.180272,0.0706819,1
0.186628,0.14019,0.0904632,1
0.123068,0.197947,0.0962737,1
0.215087,0.113033,0.0557719,1
0.13771,0.145053,0.0557337,1
0.118299,0.119623,0.0468099,1
0.184664,0.125405,0.0717527,1
0.137664,0.200433,0.0447592,1
0.183559,0.197964,0.0383798,1
0.157934,0.200588,0.0738142,1
0.146811,0.126229,0.000140116,1
0.210712,0.160177,0.0936278,1
0.196372,0.157533,0.116295,1
0.166169,0.130491,0.024764,1
0.121206,0.183429,0.0743669,1
0.128095,0.118574,0.090007,1
0.0232228,0.119242,0.0745998,1
0.12704,0.215293,0.108123,1
0.217937,0.182752,0.114775,1
0.109123,0.177588,0.0894862,1
0.0170056,0.120391,0.0541954,1
0.191369,0.137676,0.0786764,1
0.048483,0.134405,0.0368094,1
0.0741954,0.140362,0.0336113,1
0.141398,0.217508,0.0118697,1
0.0544718,0.202029,0.00719517,1
0.0739962,0.136002,0.0724287,1
0.0167,0.163257,0.0446071,1
0.101689,0.220387,0.028763,1
0.208079,0.220291,0.0665832,1
0.0189708,0.181284,0.0851693,1
0.0939039,0.209906,0.00515216,1
0.0543646,0.179766,0.0360868,1
0.146808,0.170956,0.109495,1
0.0702734,0.170791,0.0961424,1
0.0821776,0.188399,0.0916458,1
0.128348,0.196705,0.089991,1
0.117662,0.132292,0.107085,1
0.0563863,0.164143,0.0196704,1
0.0155892,0.165601,0.0867578,1
0.0878819,0.217749,0.117129,1
0.00273611,0.188789,0.00254446,1
0.0541758,0.222717,0.025314,1
0.211927,0.2206,0.0864959,1
0.0386708,0.222882,0.0673761,1
0.138018,0.208082,0.0136386,1
0.0390588,0.153516,0.105667,1
0.00843335,0.126575,0.089205,1
0.108754,0.196288,0.055281,1
0.0402539,0.196268,0.0497874,1
0.209168,0.161996,0.117119,1
0.0516766,0.174774,0.0172432,1
0.181455,0.192249,0.0932073,1
0.114003,0.19633,0.0834399,1
0.200267,0.207924,0.00684872,1
0.210712,0.209311,0.0298152,1
0.171728,0.120562,0.109795,1
0.188973,0.177267,0.0626997,1
0.0406812,0.146757,0.0136319,1
0.133323,0.215062,0.0731313,1
0.0251703,0.215495,0.0229377,1
0.0589303,0.202641,0.0725718,1
0.173572,0.134023,0.0212876,1
0.0723729,0.187073,0.0726048,1
0.0627346,0.179788,0.081986,1
0.0681667,0.145749,0.0846439,1
0.00621015,0.16122,0.0390056,1
0.085828,0.116995,0.0342281,1
0.0398849,0.21833,0.0428315,1
0.0446286,0.195186,0.0497931,1
0.0639632,0.17448,0.00756286,1
0.170981,0.157835,0.0113865,1
0.0879595,0.18764,0.0184562,1
0.067255,0.211085,0.00595363,1
0.0609048,0.152975,0.0749366,1
0.191455,0.217814,0.0274303,1
0.0270179,0.17465,0.0385476,1
0.11051,0.221813,0.097934,1
0.167433,0.201831,0.00201603,1
0.128165,0.198966,0.0908367,1
0.149804,0.141338,0.115673,1
0.0650714,0.154528,0.0605295,1
0.0687529,0.208264,0.102074,1
0.0209722,0.208245,0.0906658,1
0.161362,0.212752,0.0612747,1
0.163765,0.198925,0.0777451,1
0.15133,0.162235,0.0102875,1
0.215652,0.145201,0.0506491,1
0.179652,0.212577,0.0628799,1
0.021059,0.133993,0.100093,1
0.168865,0.213242,0.0758343,1
0.0426876,0.194727,0.0776012,1
0.17992,0.215128,0.106791,1
0.114897,0.132841,0.0619826,1
0.0147077,0.139696,0.102303,1
0.125735,0.12405,0.0667448,1
0.139148,0.218724,0.0509119,1
0.0292893,0.127177,0.0667447,1
0.181486,0.120717,0.0169989,1
0.165721,0.214573,0.0711369,1
0.00204302,0.120391,0.0235832,1
0.0561529,0.158291,0.0988977,1
0.100201,0.152738,0.0544591,1
0.164765,0.221941,0.0554045,1
0.0197708,0.200499,0.0979606,1
0.00808217,0.166778,0.0457687,1
0.159091,0.128871,0.0538384,1
0.207646,0.196462,0.0166868,1
0.129709,0.163055,0.0182561,1
0.0853394,0.164054,0.0306334,1
0.117049,0.179158,0.0897118,1
0.175455,0.16348,0.0335512,1
0.201613,0.149017,0.0708139,1
0.0218473,0.20734,0.0378599,1
0.195489,0.215524,0.0695477,1
0.193544,0.143142,0.10912,1
0.0498733,0.219578,0.106429,1
0.0149573,0.122512,0.0165178,1
0.192527,0.115897,0.0561337,1
0.0231547,0.162842,0.114524,1
0.211013,0.223415,0.115397,1
0.0444508,0.114934,0.101578,1
0.195424,0.113022,0.029746,1
0.0862576,0.0685979,0.0163368,2
0.0793811,0.0672484,0.115949,2
0.0480859,0.0108885,0.0762356,2
0.0137993,0.0874943,0.0589343,2
0.083655,0.0688793,0.00724965,2
0.0944771,0.0213102,0.00936718,2
0.0849408,0.0981119,0.102944,2
0.0425279,0.0210816,0.0463289,2
0.119304,0.102066,0.0224787,2
0.106572,0.0396419,0.0905615,2
0.00630707,0.0980624,0.0422687,2
0.0451391,0.0451854,0.0936834,2
0.143101,0.0595812,0.00874049,2
0.0754858,0.0685533,0.0596474,2
0.101055,0.0408817,0.0739561,2
0.102028,0.018113,0.0206413,2
0.0987793,0.0171621,0.0478893,2
0.085377,0.0024416,0.00108665,2
0.0569328,0.0747332,0.00957537,2
0.119755,0.0362625,0.0145983,2
0.100847,0.10076,0.112429,2
0.139521,0.0694435,0.116498,2
0.0041718,0.103714,0.0862097,2
0.124809,0.00581878,0.0961037,2
0.0288488,0.0231633,0.11479,2
0.0458363,0.0654247,0.0255545,2
0.0606226,0.0296248,0.0396055,2
0.202572,0.0423901,0.040536,2
0.0567649,0.103919,0.052407,2
0.100043,0.00123809,0.0193482,2
0.155239,0.0270554,0.0668028,2
0.099232,0.0261581,0.0773124,2
0.0458981,0.111517,0.0686877,2
0.0614298,0.0539259,0.0160414,2
0.195744,0.0961853,0.106519,2
0.149435,0.0535333,0.0356666,2
0.0342763,0.0416724,0.0672867,2
0.221964,0.0954717,0.0684541,2
0.0328845,0.00517662,0.115651,2
0.0587445,0.0908969,0.00633028,2
0.11053,0.036577,0.094447,2
0.101826,0.0855394,0.07044,2
0.100236,0.111961,0.0901287,2
0.0914644,0.0604453,0.0435381,2
0.182793,0.0302885,0.0260919,2
0.181326,0.0823895,0.0422341,2
0.0665088,0.0379267,0.00846225,2
0.0484446,0.0393932,0.0180616,2
0.0981052,0.0811209,0.0652015,2
0.153944,0.079543,0.103399,2
0.139887,0.0525935,0.114569,2
0.0195066,0.0190014,0.0560158,2
0.142819,0.104233,0.058762,2
0.0751893,0.0714301,0.0356258,2
0.0669819,0.0575906,0.0467142,2
0.152165,0.0759377,0.0181594,2
0.104343,0.0303162,0.0814468,2
0.0931835,0.0311039,0.0227613,2
0.167412,0.0133179,0.0828061,2
0.0993837,0.099482,0.0853533,2
0.213215,0.0758793,0.0832745,2
0.21949,0.0532837,0.0543805,2
0.02373,0.0146106,0.0837168,2
0.10019,0.0765618,0.0236792,2
0.174001,0.0985772,0.101913,2
0.115345,0.0412216,0.00914055,2
0.082216,0.00779794,0.0529274,2
0.0705328,0.0703321,0.0659983,2
0.0268473,0.00278687,0.012244,2
0.0779181,0.0365729,0.099522,2
0.0235125,0.0910636,0.0938779,2
0.129347,0.0812226,0.0178046,2
0.140757,0.0913799,0.0423019,2
0.0815752,0.0195536,0.0931256,2
0.201719,0.0253609,0.0870781,2
0.0365231,0.072231,0.0404345,2
0.137935,0.0969747,0.0684119,2
0.156837,0.0963102,0.0103351,2
0.19311,0.0609285,0.115158,2
0.0798242,0.00375034,0.0530009,2
0.15187,0.106499,0.0764768,2
0.20973,0.0497447,0.0784763,2
0.0961558,0.111835,0.104383,2
0.147605,0.0511124,0.0379117,2
0.1572,0.0258992,0.101524,2
0.0316273,0.0730436,0.0677404,2
0.00316284,0.0481853,0.059169,2
0.175461,0.0929771,0.0519751,2
0.219003,0.109486,0.115901,2
0.0696347,0.0359442,0.0537424,2
0.0575216,0.0508225,0.0615561,2
0.0770741,0.0347419,0.076008,2
0.0444446,0.10175,0.0922092,2
0.0586715,0.050143,0.0205375,2
0.0225562,0.0901332,0.0289329,2
0.214367,0.0504092,0.0051019,2
0.0172588,0.0336998,0.0763131,2
0.139437,0.0181762,0.00394066,2
0.110824,0.00512896,0.043529,2
0.20237,0.0204707,0.0295583,2
0.138327,0.0639059,0.0100819,2
0.067829,0.0893961,0.0192456,2
0.108182,0.00685315,0.0176623,2
0.156002,0.0122494,0.107638,2
0.0666226,0.0357864,0.0352902,2
0.215701,0.036746,0.0681261,2
0.121414,0.0108353,0.0481024,2
0.131192,0.0564057,0.00438266,2
0.0616809,0.0347213,0.0511832,2
0.194709,0.0968974,0.0439542,2
0.219078,0.0671112,0.062621,2
0.160047,0.0368052,0.00247195,2
0.0102125,0.0767605,0.0752678,2
0.0878144,0.00703288,0.0509733,2
0.0910076,0.00120276,0.0639526,2
0.148518,0.0885937,0.0665528,2
0.118499,0.0248301,0.0987725,2
0.0724173,0.0126311,0.0837571,2
0.114106,0.101209,0.0428635,2
0.0936536,0.073157,0.053625,2
0.0610058,0.0429353,0.0911881,2
0.154349,0.112365,0.0552062,2
0.0978859,0.00639157,0.133441,3
0.122773,0.104137,0.202828,3
0.0790428,0.107137,0.203233,3
0.217867,0.111011,0.210993,3
0.0120806,0.111552,0.129784,3
0.130587,0.0991527,0.130085,3
0.0264205,0.101619,0.134421,3
0.0450133,0.108664,0.155017,3
0.0901586,0.0477651,0.209186,3
0.0464147,0.0654613,0.22354,3
0.0414968,0.0790757,0.171226,3
0.122347,0.0268635,0.125063,3
0.169002,0.0573602,0.140625,3
0.0534549,0.0634288,0.216615,3
0.178244,0.0481461,0.151488,3
0.100551,0.0766111,0.181256,3
0.214678,0.0626507,0.206869,3
0.00917029,0.0206923,0.223219,3
0.00786774,0.094093,0.199779,3
0.168297,0.0514602,0.14183,3
0.210743,0.0500118,0.164327,3
0.130273,0.0664051,0.120867,3
0.152501,0.0792776,0.19678,3
0.135126,0.0154251,0.15417,3
0.21432,0.109007,0.128849,3
0.115319,0.0644379,0.201959,3
0.114917,0.0582353,0.167916,3
0.204029,0.0879498,0.155452,3
0.17722,0.101343,0.173206,3
0.136274,0.0227484,0.197738,3
0.0176415,0.0613873,0.180101,3
0.17304,0.0499127,0.135521,3
0.145367,0.0144542,0.202657,3
0.051147,0.0263801,0.193571,3
0.0833822,0.109596,0.183649,3
0.0460868,0.0374891,0.179168,3
0.0311947,0.00470072,0.217564,3
0.200247,0.0350097,0.188399,3
0.103111,0.0700947,0.186871,3
0.0321652,0.0645678,0.151757,3
0.0504456,0.0733928,0.184992,3
0.207722,0.0206338,0.194779,3
0.104129,0.040312,0.160583,3
0.181917,0.024354,0.163167,3
0.215324,0.0997004,0.192566,3
0.19008,0.0733392,0.157951,3
0.129383,0.0717121,0.178385,3
0.0941729,0.0538632,0.201422,3
0.0209244,0.0138772,0.120814,3
0.154905,0.0435476,0.165909,3
0.0130317,0.0339622,0.118314,3
0.222454,0.0151242,0.181248,3
0.185457,0.073802,0.190484,3
0.191693,0.0418739,0.122135,3
0.186798,0.0631807,0.202411,3
0.0441267,0.0409133,0.162492,3
0.00405956,0.0340933,0.149939,3
0.126621,0.000437761,0.209654,3
0.0594706,0.0530858,0.185622,3
0.0177807,0.108814,0.207067,3
0.0884558,0.101321,0.198365,3
0.174515,0.0229977,0.14544,3
0.0267229,0.108792,0.199427,3
0.0505841,0.0117274,0.177398,3
0.0520797,0.0362724,0.159255,3
0.105968,0.105469,0.199359,3
0.0209179,0.00351859,0.200942,3
0.133738,0.0388938,0.161419,3
0.154701,0.09763,0.217507,3
0.122934,0.0919589,0.144015,3
0.169014,0.0637543,0.118322,3
0.0520653,0.0313491,0.191725,3
0.220769,0.0576166,0.170877,3
0.136017,0.0394929,0.132053,3
0.0812634,0.00689874,0.147676,3
0.0358284,0.0524716,0.207435,3
0.137643,0.0943717,0.157043,3
0.0859274,0.0945835,0.156264,3
0.0255794,0.105525,0.178429,3
0.138657,0.105814,0.202297,3
0.0283817,0.0998358,0.203038,3
0.095067,0.032442,0.192407,3
0.0689199,0.0321585,0.142337,3
0.138036,0.0979098,0.142533,3
0.0916328,0.0183994,0.215583,3
0.0566685,0.0891914,0.137252,3
0.00348457,0.0798391,0.197737,3
0.0995564,0.0990111,0.180654,3
0.0618133,0.0830676,0.19195,3
0.112726,0.103597,0.18177,3
0.135168,0.00233387,0.177457,3
0.178834,0.0463361,0.154568,3
0.0532094,0.0326836,0.2095,3
0.147998,0.00531687,0.141721,3
0.132327,0.0723112,0.183929,3
0.155036,0.0945054,0.132676,3
0.17322,0.0383069,0.159194,3
0.223067,0.0397031,0.137222,3
0.107552,0.0434271,0.196972,3
0.0770352,0.0730835,0.157865,3
0.00440055,0.0437731,0.182627,3
0.162849,0.0189134,0.199067,3
0.016759,0.018927,0.120752,3
0.0961789,0.0370224,0.214385,3
0.169239,0.11194,0.21177,3
0.135621,0.0209567,0.123081,3
0.0790861,0.0290956,0.179915,3
0.113601,0.0822988,0.216772,3
0.174081,0.0876834,0.133852,3
0.181471,0.0987192,0.153479,3
0.213117,0.0480982,0.218355,3
0.172703,0.0492865,0.131783,3
0.105202,0.0785541,0.118838,3
0.0170354,0.0104517,0.158516,3
0.099914,0.0155985,0.168105,3
0.0383333,0.0936036,0.136753,3
0.224443,0.0218638,0.173312,3
0.155112,0.0969703,0.128242,3
0.162525,0.107739,0.196921,3
0.219927,0.106158,0.128428,3
0.138813,0.114842,0.138733,3
0.213693,0.108706,0.172003,3
0.163002,0.0953177,0.122875,3
0.0213214,0.00102759,0.154916,3
0.100013,0.0634638,0.163218,3
0.185528,0.111811,0.121696,3
0.0738101,0.114866,0.120226,3
