x coord,y coord,z coord,rank
0.15971,0.0195859,0.0460378,0
0.198287,0.0297781,0.0596008,0
0.165846,0.0609416,0.0585118,0
0.162994,0.0638439,0.048755,0
0.150065,0.0539011,0.0466748,0
0.167472,0.065598,0.0157628,0
0.179212,0.0653624,0.0235187,0
0.157148,0.0320868,0.0147021,0
0.160025,0.0223185,0.0276349,0
0.186259,0.0334433,0.0270801,0
0.193498,0.0438924,0.033476,0
0.188032,0.0329841,0.0482516,0
0.155919,0.00249536,0.0734031,0
0.191195,0.0746715,0.0399924,0
0.156413,0.0398592,0.0388264,0
0.171704,0.0259824,0.0370371,0
0.197033,0.0323765,0.0466515,0
0.157877,0.0667642,0.0629658,0
0.163031,0.05224,0.0237067,0
0.180419,0.0446136,0.0262689,0
0.150203,0.0626613,0.0183873,0
0.152515,0.029705,0.0271175,0
0.172024,0.0738219,0.0124718,0
0.169652,0.047122,0.0724828,0
0.153301,0.075178,0.0137076,0
0.15191,0.0561514,0.0726199,0
0.158128,0.0514922,0.0661453,0
0.156084,0.060812,0.0309889,0
0.172868,0.0573682,0.00751811,0
0.173759,0.0265499,0.0505925,0
0.16139,0.0487866,0.0734783,0
0.17074,0.0519305,0.0201163,0
0.196543,0.0734397,0.0676391,0
0.212926,0.0459086,0.0616951,0
0.149185,0.0722923,0.0679902,0
0.14938,0.0143516,0.0738046,0
0.165356,0.0600964,0.00664244,0
0.199134,0.0709059,0.0497431,0
0.153482,0.0122441,0.0734179,0
0.150609,0.0350286,0.0435572,0
0.187436,0.0596173,0.0337027,0
0.164614,0.063724,0.0707317,0
0.166185,0.0302504,0.068206,0
0.148724,0.049535,0.0738343,0
0.189616,0.0486753,0.0596171,0
0.164606,0.0174727,0.0511521,0
0.148984,0.0637654,0.034229,0
0.188747,0.0171071,0.0685926,0
0.149899,0.0363413,0.0679941,0
0.152347,0.0137707,0.047084,0
0.149099,0.0433228,0.0645099,0
0.172767,0.0505915,0.0352497,0
0.159831,0.00700052,0.0574357,0
0.170862,0.0707861,0.0727365,0
0.176572,0.0165327,0.0595031,0
0.193858,0.069094,0.0575916,0
0.156522,0.0291448,0.0734257,0
0.163686,0.00271397,0.0704404,0
0.14887,0.0615394,0.0722636,0
0.148902,0.0277753,0.0392886,0
0.198876,0.0455601,0.0718657,0
0.157443,0.0296919,0.0335166,0
0.176956,0.0283493,0.0649036,0
0.156989,0.0471855,0.019942,0
0.160834,0.056468,0.0121235,0
0.153709,0.0624327,0.0198102,0
0.21086,0.0604159,0.0668619,0
0.15073,0.0485675,0.0675323,0
0.180441,0.0559647,0.0117354,0
0.168542,0.0382142,0.0581384,0
0.205544,0.0596792,0.036113,0
0.153779,0.0396945,0.0132914,0
0.157167,0.0502992,0.0448223,0
0.165003,0.00584171,0.05465,0
0.157611,0.0375885,0.0554288,0
0.148724,0.0568784,0.0640209,0
0.161104,0.0648085,0.0362456,0
0.174448,0.0485434,0.0453827,0
0.176683,0.0637139,0.0661746,0
0.164857,0.0538529,0.0435349,0
0.175029,0.0450043,0.0116408,0
0.153654,0.0408345,0.0571652,0
0.148723,0.0240499,0.0496997,0
0.1587,0.051169,0.00476026,0
0.184387,0.0515702,0.039891,0
0.157929,0.0717837,0.0503943,0
0.168615,0.0219631,0.0726752,0
0.150886,0.046911,0.0563446,0
0.152687,0.0567698,0.0577712,0
0.17384,0.0413999,0.0313454,0
0.160987,0.067928,0.0204027,0
0.187474,0.0213924,0.0439153,0
0.189169,0.0659765,0.0455637,0
0.1532,0.0683856,0.074222,0
0.151345,0.0666096,0.0639323,0
0.178411,0.025187,0.0318798,0
0.164008,0.0310436,0.0427761,0
0.164898,0.0409809,0.0144683,0
0.149494,0.0437281,0.0482208,0
0.155441,0.0568737,0.05992,0
0.151831,0.055315,0.0531454,0
0.149402,0.050695,0.0566323,0
0.148767,0.0648041,0.0440766,0
0.200047,0.0537822,0.0518005,0
0.179639,0.0458158,0.0612951,0
0.166658,0.0265898,0.0236182,0
0.186984,0.0734743,0.0732964,0
0.150199,0.0682412,0.0346803,0
0.171219,0.00698402,0.0659409,0
0.168645,0.0655212,0.043887,0
0.207863,0.0718454,0.0593483,0
0.151475,0.0228056,0.043026,0
0.163871,0.0423431,0.0330213,0
0.179198,0.0410788,0.0500302,0
0.15303,0.0614327,0.0412398,0
0.155736,0.0262163,0.0442984,0
0.151128,0.034282,0.0588312,0
0.149694,0.0733622,0.0189396,0
0.151766,0.0161061,0.0590836,0
0.148763,0.0343146,0.0599108,0
0.195516,0.0707811,0.023683,0
0.151583,0.0525075,0.0122594,0
0.151106,0.0473027,0.0301774,0
0.19091,0.0562165,0.0463684,0
0.15043,0.0201783,0.0678893,0
0.149853,0.043518,0.0745439,0
0.172949,0.0597845,0.0901559,1
0.187789,0.0451907,0.10975,1
0.156252,0.0238828,0.0931347,1
0.17948,0.0115024,0.0836707,1
0.150171,0.0663574,0.0780706,1
0.19843,0.0581241,0.0975586,1
0.153438,0.0680483,0.0879354,1
0.148736,0.0402865,0.0844077,1
0.154949,0.0347855,0.100429,1
0.16628,0.0416127,0.136534,1
0.186208,0.0530597,0.0830373,1
0.150138,0.0621057,0.105481,1
0.206136,0.050071,0.108986,1
0.158307,0.0386305,0.0817929,1
0.194114,0.0222458,0.0777007,1
0.173844,0.0559345,0.129751,1
0.158338,0.0724638,0.0789343,1
0.163766,0.0297482,0.0926315,1
0.157569,0.0593518,0.122077,1
0.166228,0.026176,0.111964,1
0.171764,0.0365674,0.0758739,1
0.162654,0.0259182,0.125075,1
0.166354,0.0439279,0.085004,1
0.16268,0.0175517,0.102829,1
0.186932,0.0416682,0.0755792,1
0.164297,0.0702105,0.0973607,1
0.152518,0.0716713,0.142169,1
0.153832,0.0276562,0.112827,1
0.203868,0.0709221,0.105312,1
0.14878,0.0262075,0.0921461,1
0.150729,0.0693531,0.125445,1
0.192748,0.0429947,0.0946293,1
0.157715,0.0428303,0.110412,1
0.153439,0.066993,0.103294,1
0.162283,0.0481772,0.131116,1
0.153865,0.0504601,0.108571,1
0.177346,0.0237338,0.0973076,1
0.151275,0.0193509,0.0803733,1
0.183647,0.0548051,0.127317,1
0.187422,0.0399465,0.128404,1
0.150288,0.0485196,0.101325,1
0.158202,0.01877,0.0772295,1
0.150042,0.0325009,0.0774548,1
0.204326,0.0396436,0.0797034,1
0.181298,0.0551556,0.0980099,1
0.180453,0.0332535,0.0891635,1
0.149108,0.0579832,0.0790324,1
0.167614,0.066906,0.105374,1
0.15373,0.062902,0.12023,1
0.176298,0.0359208,0.115178,1
0.150106,0.02755,0.092087,1
0.149568,0.0593678,0.137443,1
0.148819,0.0682514,0.0952471,1
0.15153,0.0338152,0.0752848,1
0.180576,0.0661606,0.10798,1
0.156863,0.0486275,0.0874751,1
0.157353,0.0314672,0.117283,1
0.210574,0.0734726,0.0890351,1
0.149344,0.0754775,0.112298,1
0.184938,0.0711983,0.126515,1
0.171008,0.0167293,0.0863517,1
0.155183,0.0388567,0.123549,1
0.157045,0.0605599,0.0985924,1
0.16202,0.0705667,0.148278,1
0.155476,0.0507554,0.132833,1
0.185789,0.0290686,0.0974342,1
0.16043,0.0564221,0.112094,1
0.165975,0.0650452,0.127129,1
0.167859,0.066447,0.0836182,1
0.173521,0.0504854,0.118239,1
0.166404,0.059506,0.138083,1
0.165056,0.0540029,0.116726,1
0.149645,0.0613841,0.0905785,1
0.149088,0.0708408,0.117845,1
0.162343,0.038912,0.120894,1
0.186208,0.0512489,0.11774,1
0.198443,0.056272,0.082757,1
0.177902,0.0270828,0.1198,1
0.149451,0.0483773,0.102223,1
0.148715,0.0477981,0.092838,1
0.208518,0.0614102,0.0822573,1
0.205079,0.0396225,0.105046,1
0.167375,0.0167954,0.115446,1
0.171223,0.0430157,0.128147,1
0.168678,0.0384691,0.0951337,1
0.201359,0.0703036,0.0819961,1
0.151182,0.0593612,0.127935,1
0.213337,0.071647,0.100135,1
0.149565,0.0607217,0.11622,1
0.148753,0.0334234,0.107137,1
0.149057,0.0645728,0.0886886,1
0.178909,0.0105534,0.101181,1
0.14872,0.0564459,0.087247,1
0.208755,0.0591266,0.0924705,1
0.159177,0.0193099,0.117387,1
0.149229,0.0445755,0.0827674,1
0.158629,0.0711575,0.0960523,1
0.149856,0.0363299,0.100966,1
0.194367,0.0712641,0.106797,1
0.153426,0.0659878,0.13081,1
0.148771,0.0566265,0.108471,1
0.158766,0.0608625,0.0790689,1
0.17255,0.0218886,0.10772,1
0.174717,0.0664859,0.137221,1
0.194204,0.049273,0.103176,1
0.176656,0.0200179,0.0750674,1
0.156186,0.0141451,0.109019,1
0.166567,0.00485553,0.0829541,1
0.16252,0.0361708,0.11072,1
0.163896,0.0440259,0.103846,1
0.155355,0.0233567,0.103851,1
0.178983,0.0321405,0.0756838,1
0.158667,0.00157891,0.0818798,1
0.14958,0.0534572,0.115746,1
0.149009,0.0221172,0.10335,1
0.198365,0.0423644,0.117373,1
0.18872,0.0621437,0.117564,1
0.183998,0.0432972,0.0982032,1
0.192709,0.032082,0.102041,1
0.17358,0.0490291,0.101086,1
0.217398,0.0541279,0.0815653,1
0.152153,0.0400052,0.112084,1
0.18325,0.073352,0.0971574,1
0.151073,0.0307116,0.117486,1
0.177275,0.140676,0.0589157,2
0.161439,0.0776564,0.0439502,2
0.198965,0.0893027,0.0541308,2
0.150984,0.131368,0.0711758,2
0.153028,0.1222,0.0735942,2
0.149046,0.125721,0.0696711,2
0.160868,0.108451,0.069713,2
0.177206,0.086764,0.0346232,2
0.187891,0.0908047,0.0484063,2
0.183532,0.130635,0.0625909,2
0.148968,0.109497,0.0705837,2
0.150502,0.0863919,0.0598505,2
0.178956,0.0920123,0.0693329,2
0.155067,0.115761,0.0491428,2
0.148787,0.0872429,0.0747638,2
0.175225,0.100824,0.0509725,2
0.158873,0.131149,0.0483004,2
0.166552,0.124346,0.0557486,2
0.160499,0.122694,0.0174782,2
0.149419,0.0854555,0.0423399,2
0.200999,0.0845689,0.0257391,2
0.154511,0.116838,0.0160971,2
0.151913,0.0890681,0.04677,2
0.194974,0.0889743,0.0737959,2
0.166482,0.0833136,0.00847451,2
0.152753,0.0790438,0.0552428,2
0.150347,0.130926,0.0525523,2
0.20387,0.0849699,0.0711624,2
0.154168,0.111529,0.0339548,2
0.150291,0.127086,0.0419362,2
0.192038,0.116138,0.0432914,2
0.17693,0.127765,0.0577951,2
0.161593,0.0960034,0.0630919,2
0.179495,0.0855513,0.054868,2
0.149139,0.0885379,0.0663285,2
0.15583,0.0785626,0.0209462,2
0.160251,0.108104,0.0136023,2
0.156041,0.0767543,0.0660998,2
0.167389,0.135792,0.0419579,2
0.180568,0.100242,0.0207101,2
0.156777,0.0840825,0.00838878,2
0.149761,0.115667,0.0549199,2
0.175205,0.0796658,0.0225677,2
0.15608,0.123681,0.0303348,2
0.148787,0.0783679,0.075265,2
0.154446,0.0981623,0.0222542,2
0.149982,0.0867802,0.0170653,2
0.149673,0.0769908,0.0440983,2
0.168588,0.130175,0.0723512,2
0.154701,0.0855493,0.0284323,2
0.148794,0.12733,0.0613068,2
0.174617,0.141226,0.0694987,2
0.152794,0.107323,0.0503942,2
0.152642,0.125254,0.0608378,2
0.165004,0.0796801,0.0647536,2
0.207537,0.0763674,0.0352541,2
0.202036,0.120271,0.0601712,2
0.179242,0.109033,0.0707209,2
0.157127,0.11148,0.0214273,2
0.159751,0.0926296,0.0169876,2
0.165192,0.116205,0.0335305,2
0.175038,0.0815855,0.0440358,2
0.161279,0.129045,0.0381243,2
0.151554,0.1239,0.0259588,2
0.150287,0.105164,0.0549811,2
0.150494,0.1134,0.0195575,2
0.150589,0.109346,0.0388233,2
0.171295,0.0964037,0.0311,2
0.156433,0.136063,0.0386382,2
0.165256,0.0791023,0.0192052,2
0.171821,0.10591,0.0639454,2
0.192767,0.0806106,0.01592,2
0.153572,0.0915739,0.0562382,2
0.148775,0.0893852,0.0550562,2
0.149272,0.0940421,0.0345227,2
0.197287,0.0993296,0.0424803,2
0.157476,0.121874,0.0687047,2
0.148743,0.0951527,0.0648025,2
0.149246,0.101164,0.0660348,2
0.178948,0.118902,0.0343228,2
0.189427,0.0777309,0.0559753,2
0.208554,0.0925382,0.046917,2
0.173498,0.0984513,0.0710043,2
0.163192,0.125969,0.0681989,2
0.150769,0.0979485,0.0299863,2
0.150316,0.0971476,0.0471165,2
0.165843,0.0807988,0.0370363,2
0.169404,0.142558,0.058444,2
0.16854,0.101777,0.0486043,2
0.209689,0.0998323,0.0699297,2
0.169647,0.0899382,0.0154702,2
0.154802,0.138527,0.0746498,2
0.14871,0.107649,0.0293296,2
0.148829,0.0771558,0.0466674,2
0.182948,0.115666,0.0601563,2
0.198397,0.0987936,0.0299782,2
0.15078,0.140388,0.0660976,2
0.148726,0.110737,0.0601279,2
0.162069,0.0973964,0.00757386,2
0.184771,0.119344,0.0704577,2
0.189108,0.111092,0.0559728,2
0.149112,0.102192,0.0207072,2
0.170788,0.0858017,0.052565,2
0.148935,0.0793347,0.0328302,2
0.177313,0.118142,0.0513784,2
0.153598,0.107845,0.0742041,2
0.205417,0.0981971,0.0598439,2
0.150531,0.102069,0.0479148,2
0.163829,0.132455,0.0594299,2
0.171462,0.112608,0.0236641,2
0.156322,0.0991562,0.0586095,2
0.197476,0.107592,0.0686406,2
0.15315,0.138057,0.0526497,2
0.19437,0.0848435,0.0367879,2
0.158646,0.14665,0.0586404,2
0.157659,0.10092,0.0346971,2
0.168087,0.113993,0.0433935,2
0.177664,0.0869379,0.0155331,2
0.18894,0.111721,0.0335069,2
0.188997,0.10645,0.0423297,2
0.184943,0.135983,0.0476788,2
0.149372,0.1106,0.0438189,2
0.155133,0.115481,0.0592832,2
0.155887,0.0941448,0.075966,2
0.212646,0.0848006,0.0532325,2
0.15835,0.129541,0.0764532,2
0.193433,0.0980932,0.0930562,3
0.153538,0.0893725,0.121464,3
0.151466,0.116827,0.0854298,3
0.17693,0.109372,0.115991,3
0.180642,0.0837346,0.141732,3
0.175326,0.0772012,0.117453,3
0.212809,0.0855299,0.0812876,3
0.159145,0.109394,0.128483,3
0.149229,0.118633,0.0883789,3
0.170725,0.0798003,0.0805383,3
0.160414,0.139996,0.106235,3
0.153044,0.128576,0.120085,3
0.148918,0.0786661,0.0870786,3
0.156415,0.106594,0.093422,3
0.154983,0.0968926,0.130097,3
0.181273,0.0994138,0.0803457,3
0.149822,0.096966,0.132793,3
0.178468,0.0959857,0.137558,3
0.173724,0.0764591,0.0975605,3
0.149303,0.0965866,0.0886994,3
0.154694,0.141203,0.09909,3
0.151297,0.0993145,0.124904,3
0.161279,0.0866731,0.0990903,3
0.15181,0.143882,0.0818469,3
0.17533,0.0969933,0.107033,3
0.204168,0.0795653,0.114378,3
0.1742,0.128353,0.0876628,3
0.159209,0.0959841,0.124554,3
0.171947,0.142422,0.10111,3
0.205864,0.0881477,0.108935,3
0.148764,0.114592,0.0873263,3
0.171312,0.0953883,0.0990367,3
0.148859,0.0897286,0.12961,3
0.151683,0.101928,0.0781499,3
0.16116,0.087813,0.116288,3
0.172352,0.0971944,0.0811273,3
0.203803,0.101348,0.0788653,3
0.16423,0.0801221,0.123181,3
0.158799,0.111061,0.111315,3
0.161988,0.108162,0.0951454,3
0.149408,0.124613,0.0918427,3
0.190704,0.0878049,0.130453,3
0.181247,0.0996218,0.126555,3
0.162065,0.105268,0.11876,3
0.190486,0.119114,0.0901584,3
0.173829,0.145226,0.0849729,3
0.148764,0.103709,0.09656,3
0.149581,0.0922283,0.107528,3
0.161658,0.0927241,0.0883337,3
0.208601,0.100379,0.101114,3
0.16703,0.131063,0.119288,3
0.157139,0.118083,0.105095,3
0.15538,0.0786223,0.0937181,3
0.199836,0.121866,0.0935484,3
0.154404,0.0781619,0.111248,3
0.197605,0.107352,0.0909658,3
0.159768,0.0889471,0.142082,3
0.153475,0.120818,0.110198,3
0.172114,0.0913057,0.139566,3
0.163667,0.102459,0.0850577,3
0.159729,0.136458,0.0904364,3
0.170959,0.0780984,0.13872,3
0.169308,0.113218,0.0874798,3
0.157947,0.125133,0.115875,3
0.168139,0.118616,0.118317,3
0.162046,0.101472,0.14225,3
0.165009,0.0968433,0.103105,3
0.151128,0.114302,0.123729,3
0.187716,0.0783364,0.118759,3
0.154368,0.0866414,0.0998843,3
0.181308,0.140309,0.093052,3
0.149656,0.108343,0.0942828,3
0.168784,0.124969,0.0830012,3
0.150202,0.0921273,0.0807844,3
0.190773,0.0996343,0.0816337,3
0.14877,0.0861446,0.108542,3
0.158799,0.0770612,0.142646,3
0.191239,0.0769621,0.0845885,3
0.149113,0.112962,0.115147,3
0.16902,0.123166,0.103287,3
0.202056,0.077204,0.125704,3
0.152374,0.101245,0.113978,3
0.164632,0.1161,0.137559,3
0.193557,0.127207,0.0839627,3
0.166506,0.0921146,0.0829364,3
0.1808,0.126911,0.0825099,3
0.151852,0.0854717,0.109991,3
0.179529,0.126565,0.119979,3
0.158917,0.146059,0.0947409,3
0.181587,0.127381,0.100669,3
0.151505,0.107848,0.101073,3
0.150445,0.0818838,0.136395,3
0.186472,0.111522,0.122072,3
0.152258,0.134038,0.099118,3
0.156871,0.0855843,0.127308,3
0.179772,0.0849367,0.104483,3
0.152936,0.0967831,0.10073,3
0.149284,0.0882549,0.0964367,3
0.159115,0.122263,0.0914752,3
0.168829,0.0948168,0.125266,3
0.148768,0.079315,0.125785,3
0.1495,0.0975636,0.0965881,3
0.148723,0.124019,0.0783398,3
0.150891,0.127049,0.110816,3
0.169646,0.132822,0.105715,3
0.1918,0.112783,0.0986059,3
0.192521,0.0850454,0.0947234,3
0.183126,0.136253,0.0807153,3
0.153861,0.131344,0.0821043,3
0.15429,0.134376,0.109684,3
0.1999,0.0907945,0.099935,3
0.21094,0.0957152,0.0832368,3
0.158517,0.0995417,0.113273,3
0.203879,0.0999286,0.113056,3
0.153688,0.0846926,0.136711,3
0.182782,0.107604,0.0887412,3
0.170166,0.123789,0.127607,3
0.198006,0.0773709,0.0997985,3
0.149299,0.0762903,0.104067,3
0.191091,0.103825,0.117997,3
0.189348,0.0905644,0.110352,3
0.16595,0.0877002,0.134475,3
0.148776,0.131263,0.0854761,3
0.200934,0.122994,0.0796325,3
