x coord,y coord,z coord,rank
0.0263849,0.0966454,0.0927959,0
0.0643976,0.126806,0.117395,0
0.0881704,0.136969,0.0409064,0
0.0256758,0.00687796,0.0683473,0
0.0876044,0.200457,0.102198,0
0.0487024,0.076945,0.104002,0
0.0785851,0.0225328,0.0730589,0
0.069529,0.186799,0.00884762,0
0.0925959,0.1209,0.00061999,0
0.0935287,0.0811049,0.0852629,0
0.0244105,0.1031,0.0543367,0
0.0692694,0.0400242,0.0426615,0
0.0271051,0.0184309,0.0848592,0
0.00361171,0.108096,0.0265068,0
0.0578354,0.192944,0.0197882,0
0.066799,0.189167,0.0798161,0
0.0631984,0.0249736,0.0393384,0
0.0719748,0.156275,0.0631893,0
0.0197158,0.0503726,0.0425748,0
0.0869908,0.208435,0.112175,0
0.0304323,0.14224,0.00455818,0
0.063376,0.0238818,0.012488,0
0.00569894,0.215181,0.0218839,0
0.100189,0.0603878,0.0365831,0
0.0287216,0.0394371,0.095844,0
0.0110668,0.136813,0.0146132,0
0.0645835,0.223011,0.0886502,0
0.0346715,0.0708507,0.00628449,0
0.054065,0.0531353,0.0626082,0
0.101846,0.174718,0.0814509,0
0.0132649,0.00192659,0.0709629,0
0.097194,0.00065478,0.0978104,0
0.0486034,0.0464011,0.0137205,0
0.0253192,0.122575,0.0187061,0
0.0384165,0.0401587,0.112272,0
0.0896316,0.100399,0.0384676,0
0.0720186,0.187332,0.111343,0
0.0475459,0.0995797,0.0744303,0
0.0402011,0.0858976,0.0871351,0
0.00680495,0.0622629,0.0427666,0
0.0202429,0.0663366,0.0164803,0
0.0578274,0.0657979,0.0125319,0
0.0815312,0.0728544,0.0860901,0
0.10835,0.0418525,0.0470596,0
0.0478431,0.0652702,0.0772073,0
0.0288824,0.205455,0.0899271,0
0.0041269,0.15598,0.0571945,0
0.0320475,0.194535,0.140952,0
0.0983982,0.149346,0.0325676,0
0.0836861,0.0331173,0.102712,0
0.0822829,0.192881,0.0150263,0
0.0164616,0.0545367,0.0728759,0
0.0427762,0.193994,0.0508146,0
0.0468258,0.0203605,0.114952,0
0.0981488,0.100178,0.0727977,0
0.0817203,0.0649302,0.050759,0
0.0527164,0.0995255,0.107999,0
0.016816,0.21132,0.12197,0
0.00457785,0.192646,0.0182941,0
0.0311752,0.207231,0.102073,0
0.057471,0.121251,0.0449742,0
0.00131362,0.024304,0.0937308,0
0.0751036,0.0229769,0.0678587,0
0.0123572,0.102545,0.0946478,0
0.0421732,0.00169501,0.0344543,0
0.0806581,0.0516842,0.00821091,0
0.0809264,0.194436,0.0656264,0
0.0377721,0.190921,0.0409561,0
0.0508901,0.0135854,0.119265,0
0.0419615,0.153355,0.0244854,0
0.0587697,0.090945,0.112363,0
0.0486605,0.206287,0.0829438,0
0.018935,0.0252176,0.028939,0
0.0445429,0.0853261,0.00126384,0
0.094141,0.20135,0.0966719,0
0.0359919,0.172108,0.134324,0
0.0303602,0.112731,0.0735574,0
0.105847,0.134147,0.0400377,0
0.0204554,0.145311,0.0883056,0
0.0515671,0.194811,0.137151,0
0.0295905,0.189355,0.142895,0
0.0822029,0.131432,0.126402,0
0.101704,0.214229,0.132173,0
0.103108,0.185074,0.108759,0
0.108858,0.110571,0.0321209,0
0.0894602,0.207294,0.115797,0
0.00572566,0.117227,0.0577982,0
0.102868,0.221398,0.107541,0
0.0494632,0.163572,0.142551,0
0.105356,0.135145,0.0997494,0
0.0388629,0.0578543,0.130416,0
0.0713568,0.1502,6.99016e-05,0
0.0828921,0.0164016,0.113263,0
0.0922077,0.159311,0.0362254,0
0.0840334,0.0995186,0.137928,0
0.0426948,0.0184628,0.126065,0
0.0326642,0.0104653,0.128301,0
0.0787962,0.103518,0.135772,0
0.0868398,0.175913,0.0123178,0
0.0345473,0.175497,0.10456,0
0.0776789,0.0191939,0.135979,0
0.0633706,0.0841333,0.130925,0
0.0796286,0.116995,0.0405967,0
0.0233833,0.160479,0.0422015,0
0.0582201,0.118521,0.113246,0
0.0647134,0.153587,0.0145416,0
0.0633185,0.0273009,0.135336,0
0.0976029,0.139135,0.111896,0
0.0947181,0.174763,0.119537,0
0.0115916,0.169434,0.0214184,0
0.0563304,0.150626,0.097913,0
0.0467349,0.0914147,0.127335,0
0.0671588,0.0246637,0.134548,0
0.0948119,0.169262,0.0267084,0
0.0240605,0.102593,0.136744,0
0.0273227,0.0520678,0.129645,0
0.0284302,0.118627,0.116703,0
0.103257,0.0517639,0.120109,0
0.0887724,0.152609,0.0836267,0
0.0789146,0.117189,0.121928,0
0.105697,0.217858,0.00709273,0
0.0856104,0.180412,0.0104427,0
0.0541226,0.0185727,0.142767,0
0.0493913,0.107173,0.141465,0
0.105444,0.0605148,0.0510236,0
0.0339499,0.186263,0.142108,0
0.088881,0.0211266,0.139864,0
0.0666085,0.211282,0.215452,1
0.0936584,0.146992,0.178952,1
0.0758892,0.189859,0.221241,1
0.0229402,0.0697345,0.168105,1
0.0108315,0.16849,0.182413,1
0.00490874,0.176418,0.22148,1
0.0837673,0.196024,0.223317,1
0.0992181,0.00709703,0.183642,1
0.00089949,0.145477,0.219427,1
0.0685146,0.127557,0.174905,1
0.0335961,0.18617,0.147945,1
0.0331759,0.119415,0.205362,1
0.0704891,0.0459092,0.212094,1
0.0253833,0.189321,0.144683,1
0.042392,0.179904,0.171544,1
0.0182507,0.0384113,0.166052,1
0.0383675,0.190457,0.149328,1
0.0675515,0.125257,0.212032,1
0.0277508,0.0603713,0.218181,1
0.0307132,0.191235,0.144045,1
0.104661,0.0434731,0.151469,1
0.0372697,0.190453,0.152137,1
0.0948964,0.107269,0.222155,1
0.0836293,0.0371606,0.20738,1
0.0738312,0.0248871,0.208919,1
0.0344686,0.189028,0.145895,1
0.0358111,0.112223,0.199221,1
0.03971,0.151884,0.158094,1
0.0534208,0.158714,0.196018,1
0.0554927,0.0117188,0.150086,1
0.0216597,0.0459349,0.216455,1
0.0569619,0.0938952,0.192961,1
0.000121082,0.126565,0.162311,1
0.0309039,0.0117451,0.169506,1
0.00906413,0.0249578,0.22387,1
0.0558537,0.187902,0.195072,1
0.0188356,0.10274,0.216247,1
0.0123743,0.0547326,0.160021,1
0.0925184,0.198337,0.210121,1
0.0355788,0.18838,0.144119,1
0.0993527,0.135044,0.173862,1
0.00628152,0.156632,0.21963,1
0.09821,0.166225,0.194097,1
0.0268726,0.180547,0.17061,1
0.0304993,0.19248,0.147234,1
0.0510702,0.0218734,0.222672,1
0.0170043,0.0279342,0.144927,1
0.0336531,0.192948,0.148203,1
0.0350558,0.189675,0.145663,1
0.0369643,0.189428,0.145165,1
0.0644087,0.172789,0.222061,1
0.0324503,0.193502,0.149944,1
0.0369459,0.133608,0.207006,1
0.0318358,0.093195,0.149627,1
0.030394,0.0400536,0.211362,1
0.0330906,0.186198,0.146688,1
0.0332382,0.191506,0.147722,1
0.0294123,0.187866,0.145463,1
0.0216575,0.0278139,0.208342,1
0.0670888,0.139789,0.163315,1
0.0551158,0.0846255,0.205553,1
0.032601,0.188556,0.146142,1
0.0663361,0.0781867,0.17051,1
0.0718064,0.0903996,0.168887,1
0.0507932,0.157487,0.208223,1
0.0199447,0.0166547,0.177078,1
0.0103838,0.212446,0.224651,1
0.0454338,0.172211,0.171838,1
0.0293018,0.192516,0.150176,1
0.0302232,0.189373,0.148966,1
0.0809391,0.0619355,0.205713,1
0.0388194,0.188714,0.149361,1
0.0564039,0.160839,0.212855,1
0.0326558,0.192275,0.148217,1
0.0843624,0.0911054,0.15069,1
0.0830596,0.168614,0.183971,1
0.0333437,0.189243,0.147362,1
0.0322063,0.0665099,0.155261,1
0.0837655,0.0774397,0.158152,1
0.059641,0.207264,0.193817,1
0.0945289,0.0679123,0.168317,1
0.043819,0.152937,0.160733,1
0.0546807,0.0270629,0.162349,1
0.109001,0.0267162,0.158254,1
0.0965237,0.152824,0.193254,1
0.0679902,0.0601662,0.174738,1
0.0333464,0.190942,0.145622,1
0.017231,0.151488,0.147036,1
0.0303402,0.169374,0.196862,1
0.0349883,0.19002,0.14429,1
0.0558481,0.0734134,0.169185,1
0.0887527,0.098554,0.211612,1
0.0362996,0.190789,0.146982,1
0.0316303,0.191257,0.149774,1
0.0403116,0.188581,0.144906,1
0.0144137,0.179715,0.221552,1
0.0732632,0.0542275,0.190466,1
0.0355708,0.187936,0.149139,1
0.0121798,0.136331,0.221645,1
0.063898,0.0737641,0.164305,1
0.0328116,0.187625,0.145037,1
0.0973186,0.0731359,0.164635,1
0.0329998,0.190264,0.146216,1
0.0332028,0.186576,0.151869,1
0.0895791,0.00970506,0.197685,1
0.0189454,0.126715,0.147787,1
0.0318796,0.18725,0.146445,1
0.103098,0.160765,0.157981,1
0.0260544,0.144765,0.173068,1
0.0965859,0.0663976,0.185833,1
0.0839343,0.0109682,0.174536,1
0.029103,0.18719,0.149774,1
0.0539307,0.113132,0.199597,1
0.0739208,0.080454,0.148979,1
0.0373651,0.182464,0.147605,1
0.0134147,0.0197734,0.206031,1
0.105751,0.0910042,0.162371,1
0.0701802,0.0978149,0.19497,1
0.0655859,0.0931613,0.216006,1
0.100908,0.00933275,0.212356,1
0.0342708,0.193906,0.145591,1
0.030342,0.188185,0.143744,1
0.182248,0.0560861,0.108417,2
0.20007,0.0882729,0.103492,2
0.162136,0.0760318,0.119909,2
0.22197,0.0206132,0.108291,2
0.119753,0.0598964,0.101034,2
0.117306,0.133172,0.211682,2
0.112613,0.218099,0.141448,2
0.219222,0.0519949,0.110477,2
0.224164,0.00920925,0.122751,2
0.179635,0.0583556,0.111907,2
0.135276,0.00873845,0.118838,2
0.158849,0.0628587,0.123486,2
0.150299,0.0230916,0.115416,2
0.141008,0.200315,0.105906,2
0.200562,0.135727,0.170347,2
0.146414,0.0615458,0.105064,2
0.185514,0.134266,0.202565,2
0.143221,0.0751707,0.122261,2
0.114703,0.0943136,0.118126,2
0.181567,0.0343459,0.108096,2
0.175382,0.114033,0.142233,2
0.118543,0.0723123,0.1978,2
0.129683,0.110376,0.11477,2
0.157124,0.216227,0.151886,2
0.193116,0.214145,0.168302,2
0.179392,0.18514,0.119557,2
0.11853,0.0205637,0.162759,2
0.204811,0.10206,0.166223,2
0.148361,0.224151,0.127495,2
0.131318,0.174211,0.204343,2
0.204433,0.202731,0.137739,2
0.12679,0.0624446,0.156476,2
0.191641,0.0775598,0.148347,2
0.134663,0.0814292,0.124942,2
0.211402,0.0328237,0.152429,2
0.152292,0.0397139,0.213253,2
0.134551,0.11129,0.1919,2
0.137052,0.0199366,0.197507,2
0.14866,0.0139206,0.117916,2
0.160926,0.144245,0.197329,2
0.146417,0.0709596,0.168806,2
0.128552,0.021357,0.187188,2
0.121855,0.14572,0.149269,2
0.167694,0.212664,0.203601,2
0.148995,0.115426,0.146819,2
0.132401,0.219588,0.188288,2
0.19269,0.0302941,0.195233,2
0.144881,0.205885,0.177275,2
0.153379,0.100638,0.139934,2
0.133283,0.216169,0.219095,2
0.191873,0.0189751,0.159479,2
0.146166,0.0156703,0.208188,2
0.159445,0.0544433,0.222759,2
0.154709,0.0166908,0.193349,2
0.224949,0.161983,0.203052,2
0.118377,0.0512269,0.158922,2
0.162791,0.130096,0.16341,2
0.191894,0.0961681,0.137893,2
0.150971,0.0536592,0.175007,2
0.127256,0.0087713,0.115732,2
0.140088,0.12934,0.130766,2
0.149563,0.0590787,0.138313,2
0.125445,0.192749,0.185656,2
0.136716,0.123915,0.211203,2
0.126723,0.0876687,0.136205,2
0.1672,0.119547,0.18531,2
0.167235,0.199027,0.137629,2
0.140468,0.0097106,0.128953,2
0.180234,0.100293,0.21462,2
0.193519,0.162828,0.196839,2
0.166457,0.164069,0.218402,2
0.213411,0.0462323,0.158468,2
0.123942,0.10736,0.204255,2
0.12546,0.186233,0.140626,2
0.215391,0.0175903,0.145012,2
0.198532,0.191883,0.222333,2
0.203816,0.0254575,0.140285,2
0.191378,0.089161,0.156938,2
0.220015,0.218031,0.184153,2
0.196793,0.136508,0.212471,2
0.176222,0.130864,0.169002,2
0.163184,0.0506182,0.152806,2
0.136794,0.04224,0.133472,2
0.161507,0.0171966,0.159275,2
0.146556,0.143654,0.159456,2
0.142998,0.105543,0.181087,2
0.210584,0.0917708,0.197751,2
0.131472,0.0895562,0.130896,2
0.116334,0.0319299,0.144647,2
0.153261,0.224342,0.203913,2
0.119428,0.0566735,0.131099,2
0.198136,0.0761226,0.209111,2
0.110641,0.070369,0.131307,2
0.14955,0.0336735,0.168407,2
0.207122,0.0111861,0.167799,2
0.207252,0.108021,0.19234,2
0.118295,0.0651716,0.175596,2
0.199331,0.185442,0.150775,2
0.165615,0.0541693,0.215426,2
0.138457,0.203182,0.166751,2
0.162611,0.115781,0.101201,2
0.175786,0.2159,0.216273,2
0.174549,0.20038,0.168573,2
0.19164,0.190501,0.128403,2
0.118829,0.120312,0.104254,2
0.160055,0.111337,0.103798,2
0.151347,0.193261,0.106107,2
0.162247,0.21399,0.213813,2
0.16897,0.15885,0.102174,2
0.193241,0.136134,0.108619,2
0.149469,0.162695,0.113302,2
0.116177,0.205021,0.100485,2
0.13963,0.208892,0.109273,2
0.161142,0.203418,0.10482,2
0.177681,0.00247628,0.101658,2
0.152827,0.123152,0.165919,2
0.130663,0.119845,0.119448,2
0.136841,0.137176,0.154531,2
0.197466,0.18937,0.198076,2
0.131021,0.134773,0.156794,2
0.186219,0.153287,0.126268,2
0.139949,0.12749,0.147063,2
0.212866,0.159639,0.107997,2
0.15234,0.123224,0.215332,2
0.113952,0.154015,0.133785,2
0.115319,0.195642,0.154432,2
0.110589,0.0857631,0.111094,2
0.12595,0.127653,0.102825,2
0.126083,0.0726535,0.101315,2
0.1816,0.0159662,0.100333,2
0.15263,0.0167236,0.0883371,3
0.216849,0.118432,0.0447489,3
0.126079,0.18254,0.0574922,3
0.112519,0.197697,0.0871743,3
0.175704,0.184633,0.0601357,3
0.126022,0.149599,0.0518932,3
0.142905,0.182523,0.0806081,3
0.161757,0.105036,0.0195169,3
0.179245,0.212678,0.00470566,3
0.131611,0.0594445,0.0286829,3
0.167618,0.140298,0.0805711,3
0.201029,0.211873,0.0513044,3
0.128102,0.117044,0.0664087,3
0.182042,0.119809,0.0483889,3
0.174204,0.053917,0.0386948,3
0.192369,0.142197,0.0759648,3
0.133551,0.19814,0.0757646,3
0.16169,0.0133329,0.0632929,3
0.141981,0.00876836,0.0395309,3
0.203795,0.0024381,0.0679926,3
0.172564,0.0726627,0.04292,3
0.18707,0.224638,0.0240783,3
0.203523,0.174611,0.0782628,3
0.201293,0.220944,0.0418544,3
0.137892,0.0167366,0.000336838,3
0.160205,0.219362,0.0782374,3
0.164952,0.224493,0.0147196,3
0.147922,0.166059,0.0686452,3
0.219575,0.122684,0.0499469,3
0.21748,0.0172857,0.0176464,3
0.198909,0.096623,0.070097,3
0.221828,0.0626388,0.0612231,3
0.174782,0.0948454,0.00899147,3
0.195438,0.102954,0.0792704,3
0.194589,0.0357846,0.0439748,3
0.184908,0.168621,0.0970969,3
0.141245,0.147845,0.06273,3
0.213034,0.0486801,0.0950652,3
0.141072,0.0442399,0.0760481,3
0.171049,0.0404249,0.0569793,3
0.154874,0.0199377,0.0231286,3
0.153782,0.150576,0.0718802,3
0.132299,0.136904,0.0724191,3
0.178761,0.151389,0.0912376,3
0.174878,0.218857,0.0177279,3
0.157154,0.0101078,0.00106319,3
0.203768,0.190049,0.0745052,3
0.22038,0.0565622,0.0381614,3
0.221638,0.22242,0.00255695,3
0.191839,0.158458,0.076687,3
0.12582,0.0318725,0.0437959,3
0.194206,0.123657,0.0320406,3
0.129396,0.0779951,0.0623584,3
0.123817,0.113284,0.0841212,3
0.109925,0.106859,0.00037871,3
0.164137,0.217259,0.0104488,3
0.161648,0.0296869,0.0414508,3
0.222615,0.0170698,0.0860667,3
0.133198,0.0225874,0.058829,3
0.212442,0.00799121,0.0185079,3
0.217889,0.161947,0.0179665,3
0.200699,0.126656,0.0239108,3
0.196267,0.111567,0.0221902,3
0.13415,0.110823,0.0387054,3
0.178541,0.125247,0.0431826,3
0.161655,0.0826408,0.0345793,3
0.176928,0.0517789,0.0265988,3
0.215748,0.221581,0.0964691,3
0.211168,0.214352,0.0505362,3
0.205061,0.0757311,0.0934664,3
0.120302,0.137129,0.0655078,3
0.212534,0.020444,0.0849852,3
0.131926,0.146784,0.0161563,3
0.171988,0.0522822,0.0430148,3
0.160176,0.175069,0.082091,3
0.191808,0.163164,0.0689111,3
0.170246,0.0554553,0.0871073,3
0.140143,0.00391244,0.0550338,3
0.113571,0.0708758,0.0684518,3
0.198257,0.00405103,0.0264897,3
0.183477,0.00782836,0.0446791,3
0.174057,0.0047099,0.100019,3
0.121631,0.15391,0.0289245,3
0.111189,0.0452005,0.0306131,3
0.222385,0.119802,0.0804567,3
0.143329,0.0839914,0.0708274,3
0.157002,0.0231466,0.0991079,3
0.188405,0.155939,0.0485038,3
0.154663,0.0567256,0.0771261,3
0.145757,0.0996538,0.0863136,3
0.180018,0.215792,0.0136505,3
0.141894,0.0448507,0.0644851,3
0.155971,0.100167,0.0285159,3
0.180395,0.124079,0.0406357,3
0.177739,0.174728,0.0436508,3
0.163862,0.216235,0.0378243,3
0.174801,0.203378,0.00578977,3
0.181599,0.201765,0.0617458,3
0.158508,0.0257728,0.0215138,3
0.12949,0.12871,0.0998471,3
0.163958,0.101591,0.0161516,3
0.128967,0.220568,0.0584568,3
0.211086,0.108782,0.0114921,3
0.170946,0.136075,0.0523945,3
0.111369,0.0351581,0.0486583,3
0.182348,0.0703599,0.00279849,3
0.134609,0.00570486,0.00981036,3
0.158557,0.126757,0.093792,3
0.197115,0.124255,0.0606631,3
0.136722,0.0777602,0.0938149,3
0.22442,0.0408803,0.0711878,3
0.146585,0.100268,0.0435415,3
0.178127,0.0585438,0.0438347,3
0.148225,0.218905,0.0717584,3
0.191162,0.046185,0.0362226,3
0.149661,0.147171,0.0497941,3
0.223047,0.221323,0.0843499,3
0.128515,0.0835145,0.0263757,3
0.133777,0.212087,0.0575054,3
0.203358,0.145802,0.0303565,3
0.162268,0.098881,0.0645365,3
