x coord,y coord,z coord,rank
0.175153,0.0940204,0.108052,0
0.176396,0.0888428,0.108382,0
0.163705,0.0100421,0.0266162,0
0.150381,0.0184587,0.0415086,0
0.178663,0.0916224,0.107836,0
0.214273,0.0770073,0.111303,0
0.196914,0.0968144,0.0458126,0
0.175222,0.0912904,0.110033,0
0.165916,0.038894,0.0457504,0
0.178764,0.0893624,0.108614,0
0.123179,0.0196027,0.0244544,0
0.179292,0.041274,0.133668,0
0.128134,0.0307549,0.141828,0
0.153062,0.081707,0.0620937,0
0.17631,0.0941047,0.111072,0
0.202154,0.0223507,0.0780978,0
0.214607,0.0594194,0.0721204,0
0.147771,0.0711795,0.0659301,0
0.174955,0.0865549,0.108718,0
0.195405,0.0542379,0.0681789,0
0.220887,0.0669239,0.168932,0
0.154096,0.0699168,0.212573,0
0.152282,0.0206326,0.0437023,0
0.214322,0.0121675,0.164623,0
0.190643,0.0858478,0.223459,0
0.146054,0.0492361,0.132769,0
0.161167,0.0891179,0.14663,0
0.158355,0.0218578,0.120894,0
0.180305,0.0938868,0.107017,0
0.175049,0.0885332,0.114775,0
0.189194,0.00684576,0.21939,0
0.175551,0.0934092,0.108149,0
0.137111,0.0284681,0.196609,0
0.175449,0.0963236,0.111315,0
0.135696,0.0264706,0.0781702,0
0.151543,0.0257349,0.0262992,0
0.148158,0.0779201,0.0236482,0
0.127226,0.0897123,0.196278,0
0.158174,0.0427635,0.134098,0
0.171363,0.0945742,0.109523,0
0.159382,0.0491809,0.211269,0
0.173546,0.0852983,0.106822,0
0.178764,0.0904733,0.109488,0
0.197979,0.0980124,0.0714924,0
0.179189,0.0867798,0.110251,0
0.173851,0.0910179,0.105517,0
0.19236,0.000675783,0.00792291,0
0.178435,0.0904751,0.10656,0
0.203077,0.0760851,0.181026,0
0.124175,0.0185841,0.0178931,0
0.145272,0.0545737,0.0242696,0
0.172652,0.0893893,0.110284,0
0.12371,0.0632627,0.142972,0
0.16888,0.0483141,0.109418,0
0.17468,0.0897512,0.109342,0
0.203301,0.0788012,0.168267,0
0.160274,0.0655784,0.0310724,0
0.135157,0.00761153,0.113911,0
0.190773,0.0276145,0.142614,0
0.215396,0.00365874,0.137131,0
0.174581,0.0880779,0.104743,0
0.140518,0.0595355,0.0810952,0
0.133499,0.0528871,0.158828,0
0.177263,0.0897035,0.108956,0
0.150054,0.0406388,0.0419341,0
0.152877,0.0125475,0.0102811,0
0.155586,0.0447151,0.155799,0
0.126324,0.0709834,0.168135,0
0.172818,0.0454503,0.0951313,0
0.197592,0.080855,0.159485,0
0.15016,0.0649745,0.101289,0
0.172612,0.0100709,0.0300789,0
0.175695,0.0500905,0.0269502,0
0.222162,0.0593332,0.0580221,0
0.139276,0.0525288,0.0530353,0
0.185059,0.0632817,0.0597492,0
0.131256,0.0879515,0.221385,0
0.146106,0.0508941,0.160938,0
0.194513,0.0430631,0.109417,0
0.144671,0.0695205,0.189267,0
0.189217,0.0792555,0.12371,0
0.17252,0.0864338,0.107717,0
0.128793,0.00133802,0.129328,0
0.146591,0.0554957,0.125488,0
0.123316,0.0284826,0.114071,0
0.151774,0.0757668,0.0076455,0
0.216281,0.0187009,0.0541842,0
0.14586,0.00492196,0.0395058,0
0.218642,0.0854321,0.0966026,0
0.182114,0.0319618,0.0520962,0
0.205699,0.0955967,0.159097,0
0.123756,0.0643023,0.0953757,0
0.139084,0.0688807,0.0967072,0
0.194413,0.0899683,0.162692,0
0.179062,0.0939771,0.113186,0
0.174644,0.0894689,0.11131,0
0.168248,0.0147354,0.101057,0
0.168053,0.0122053,0.104998,0
0.177797,0.0921456,0.114823,0
0.177776,0.0885849,0.111301,0
0.177684,0.0938545,0.115965,0
0.170047,0.0876332,0.120671,0
0.221313,0.0838214,0.153949,0
0.178603,0.0907272,0.111024,0
0.174602,0.0922523,0.112152,0
0.18682,0.0508569,0.101681,0
0.174437,0.091153,0.111782,0
0.172311,0.0881611,0.110158,0
0.175893,0.0880922,0.11078,0
0.176276,0.0893032,0.113783,0
0.137445,0.0798929,0.0953905,0
0.173534,0.0888043,0.111105,0
0.177057,0.093338,0.108489,0
0.131501,0.0289436,0.108592,0
0.176495,0.0934732,0.114631,0
0.174993,0.0901502,0.113563,0
0.172262,0.0941021,0.112497,0
0.178688,0.0874726,0.111042,0
0.176328,0.0919818,0.109764,0
0.223216,0.0348438,0.180644,0
0.171588,0.0841393,0.109989,0
0.176689,0.0894602,0.105876,0
0.174912,0.0253353,0.14077,0
0.194262,0.0686696,0.110874,0
0.178298,0.0899133,0.11042,0
0.125585,0.0259777,0.00221963,0
0.125528,0.0972195,0.0200824,0
0.00517895,0.116809,0.0167484,1
0.0391078,0.123275,0.0734307,1
0.0948733,0.1301,0.0314932,1
0.0481164,0.179125,0.213579,1
0.0465199,0.156647,0.0705902,1
0.0286248,0.12514,0.220954,1
0.0456093,0.168667,0.0949198,1
0.0561148,0.215178,0.126353,1
0.0204398,0.141636,0.20266,1
0.02244,0.123358,0.0332894,1
0.0635973,0.165095,0.0837349,1
0.0708594,0.170058,0.224796,1
0.0804073,0.205663,0.088995,1
0.0446044,0.123529,0.133171,1
0.0436742,0.190347,0.128002,1
0.0139043,0.201116,0.0160367,1
0.0880328,0.120771,0.15822,1
0.099258,0.165322,0.0642257,1
0.0940757,0.174799,0.20086,1
0.0649508,0.209479,0.0300165,1
0.0755582,0.222045,0.195432,1
0.0522405,0.219464,0.199156,1
0.0906745,0.15603,0.0327347,1
0.0224536,0.133165,0.220512,1
0.0998331,0.162165,0.215796,1
0.0192031,0.203699,0.175142,1
0.0326812,0.137364,0.112672,1
0.034226,0.209423,0.175031,1
0.044554,0.170744,0.0377737,1
0.102149,0.190125,0.0345238,1
0.0677467,0.13168,0.202435,1
0.0520642,0.124837,0.0816148,1
0.0244372,0.184881,0.172374,1
0.100127,0.212083,0.120376,1
0.0799751,0.205957,0.206569,1
0.0590869,0.129988,0.208881,1
0.0256418,0.139274,0.0445115,1
0.0927955,0.123613,0.13038,1
0.0577974,0.170661,0.0918576,1
0.00555063,0.159994,0.214915,1
0.00576368,0.224198,0.0340186,1
0.0283631,0.12043,0.212419,1
0.0591453,0.164865,0.118353,1
0.103356,0.143469,0.124107,1
0.0221724,0.124295,0.178985,1
0.0513765,0.165285,0.053299,1
0.0958983,0.224009,0.19065,1
0.0576644,0.205386,0.161033,1
0.0732328,0.160112,0.0173356,1
0.0743283,0.189801,0.0522044,1
0.0762885,0.154721,0.0808645,1
0.0144249,0.209626,0.165716,1
0.103682,0.129985,0.222903,1
0.0649493,0.145629,0.0856752,1
0.00636746,0.191031,0.193745,1
0.0237336,0.185892,0.0166206,1
0.102561,0.185575,0.173575,1
0.0207818,0.161118,0.097475,1
0.02319,0.214594,0.0640999,1
0.11015,0.161021,0.0646552,1
0.0753036,0.159799,0.221669,1
0.0952113,0.131288,0.159031,1
0.0562142,0.133916,0.135204,1
0.0492972,0.202732,0.00967006,1
0.0157083,0.184319,0.0699803,1
0.0604839,0.182726,0.217322,1
0.049467,0.113641,0.15669,1
0.0125521,0.157828,0.0303592,1
0.0887549,0.113389,0.0265322,1
0.100157,0.191791,0.0583056,1
0.106588,0.19163,0.197767,1
0.0370022,0.10821,0.0154243,1
0.0523322,0.195775,0.167365,1
0.0191257,0.138959,0.123088,1
0.0142844,0.106504,0.0349413,1
0.0555084,0.15375,0.0399652,1
0.0584223,0.105577,0.152982,1
0.103645,0.113463,0.178509,1
0.0165349,0.215444,0.160503,1
0.0358026,0.224112,0.0417862,1
0.0113907,0.120351,0.130458,1
0.000797286,0.170226,0.183773,1
0.0934905,0.170625,0.207409,1
0.0698526,0.112337,0.197384,1
0.0600642,0.190913,0.00100947,1
0.0565274,0.179372,0.0893249,1
0.0287887,0.137795,0.146562,1
0.0313944,0.216032,0.156724,1
0.0597805,0.107597,0.00830229,1
0.0477976,0.196814,0.212363,1
0.0157539,0.207156,0.0554664,1
0.0827661,0.204738,0.0455391,1
0.0784444,0.187811,0.0508401,1
0.0957066,0.147111,0.189308,1
0.054984,0.111065,0.0152932,1
0.0632352,0.212793,0.149485,1
0.0564678,0.199946,0.0572896,1
0.0565061,0.126286,0.027373,1
0.0743019,0.166114,0.0754279,1
0.0439816,0.170855,0.130395,1
0.0940007,0.183653,0.0365567,1
0.0977749,0.168675,0.129043,1
0.0693817,0.176162,0.12967,1
0.000877045,0.122443,0.198708,1
0.0512385,0.212591,0.0505155,1
0.0218489,0.18388,0.117909,1
0.0152601,0.178465,0.128458,1
0.10581,0.133929,0.121575,1
0.104742,0.217415,0.107899,1
0.0670789,0.190046,0.106676,1
0.014312,0.207112,0.0260239,1
0.109077,0.10611,0.0187737,1
0.0535194,0.144184,0.0701587,1
0.0431001,0.112126,0.109718,1
0.0969206,0.191737,0.0614977,1
0.055586,0.173886,0.0647974,1
0.0118256,0.144641,0.00242286,1
0.0347357,0.17043,0.10647,1
0.0197249,0.208079,0.127907,1
0.0969579,0.182925,0.000455289,1
0.0458001,0.128102,0.0463357,1
0.0118977,0.111254,0.109118,1
0.104851,0.188208,0.114792,1
0.0913397,0.187239,0.0518064,1
0.0534094,0.118282,0.0450359,1
0.108106,0.111874,0.183803,1
0.0829354,0.104982,0.180525,1
0.0890709,0.103255,0.174417,1
0.0903577,0.103176,0.0350238,1
0.0668133,0.0113466,0.214038,2
0.00596896,0.04751,0.162045,2
0.0954521,0.0912804,0.0975235,2
0.107162,0.0207188,0.194909,2
0.0780015,0.0246125,0.0901173,2
0.116032,0.0839655,0.209817,2
0.112511,0.0976138,0.131473,2
0.00695352,0.0619182,0.182239,2
0.0950746,0.051524,0.105611,2
0.059536,0.0701519,0.188363,2
0.0467013,0.0334494,0.207842,2
0.0322803,0.0490294,0.0885251,2
0.0198499,0.0849106,0.0362508,2
0.10744,0.0118736,0.0980692,2
0.0893918,0.06173,0.0513824,2
0.0971123,0.0140371,0.000609535,2
0.106578,0.0335906,0.15703,2
0.00340745,0.0845186,0.218525,2
0.0551586,0.0820513,0.0615379,2
0.0567286,0.0115065,0.161802,2
0.0472259,0.0164616,0.100952,2
0.0598548,0.0879066,0.0158307,2
0.0278456,0.0753204,0.0432393,2
0.0639997,0.00148906,0.0182222,2
0.107444,0.0127735,0.0612327,2
0.044285,0.0512074,0.220425,2
0.0479485,0.0297813,0.0545168,2
0.0207827,0.091994,0.098582,2
0.0310837,0.0702352,0.150056,2
0.0202286,0.0625136,0.224485,2
0.0955982,0.0226325,0.112331,2
0.0735979,0.0718118,0.141333,2
0.0783714,0.0835001,0.0177963,2
0.106349,0.0373473,0.211294,2
0.0661375,0.0204857,0.204762,2
0.0660087,0.0526519,0.195607,2
0.0763744,0.0618546,0.20145,2
0.110956,0.0787309,0.0804325,2
0.0931556,0.0385213,0.190401,2
0.0565565,0.0484514,0.0212859,2
0.100532,0.0797888,0.203187,2
0.0999567,0.0189454,0.0635615,2
0.0990795,0.00779526,0.0268352,2
0.0410368,0.0608171,0.113999,2
0.0328863,0.0870108,0.10653,2
0.0803058,0.0468781,0.0243483,2
0.0839006,0.0809365,0.220579,2
0.0268032,0.00208024,0.00421052,2
0.0695547,0.0115567,0.171759,2
0.0837027,0.0546487,0.0642323,2
0.0893581,0.00360786,0.156962,2
0.0379819,0.00777288,0.0657465,2
0.0484998,0.00467108,0.14575,2
0.0486388,0.0473841,0.145301,2
0.0266322,0.0947037,0.188539,2
0.0222648,0.0282173,0.0293955,2
0.0911845,0.102377,0.0229104,2
0.0667886,0.000953442,0.0845075,2
0.0768097,0.0846283,0.116545,2
0.11774,0.00448514,0.121586,2
0.0568985,0.0259784,0.0800006,2
0.0573588,0.0253432,0.0415713,2
0.0618797,0.0997853,0.205082,2
0.113505,0.0997854,0.0646351,2
0.0970584,0.0596123,0.0210209,2
0.107375,0.0447139,0.218505,2
0.0103486,0.0383569,0.0544177,2
0.0411437,0.0249957,0.171986,2
0.035945,0.0882948,0.00213523,2
0.0633804,0.0277196,0.189338,2
0.00128444,0.0896284,0.137494,2
0.0360356,0.036932,0.157019,2
0.0225185,0.074741,0.082368,2
0.000228444,0.0164859,0.190005,2
0.0788831,0.0653552,0.180239,2
0.00100085,0.0430296,0.0385412,2
0.0214845,0.102315,0.00337892,2
0.0508125,0.0496662,0.0107473,2
0.115804,0.0384871,0.203198,2
0.115909,0.0613773,0.0368036,2
0.0783089,0.0827057,0.180481,2
0.10396,0.0383937,0.00394138,2
0.0176466,0.00797786,0.00134433,2
0.0806993,0.0694148,0.0285556,2
0.0978584,0.0901031,0.179992,2
0.0386079,0.0350643,0.156666,2
0.113826,0.0651605,0.0427768,2
0.013198,0.0589274,0.140154,2
0.0609313,0.0104016,0.0319196,2
0.0721652,0.0432955,0.110384,2
0.0633428,0.0371134,0.0647999,2
0.100901,0.0460899,0.179789,2
0.0576719,0.0133798,0.202515,2
0.0931562,0.087186,0.202477,2
0.0675262,0.0844225,0.0424486,2
0.0746812,0.0784079,0.165327,2
0.0763344,0.0820992,0.0919086,2
0.113145,0.069462,0.091843,2
0.111988,0.0150074,0.0535324,2
0.076611,0.059219,0.220671,2
0.0655901,0.0432182,0.12435,2
0.0138921,0.0677187,0.036309,2
0.0802965,0.0571731,0.202399,2
0.10876,0.0188533,0.175487,2
0.0217755,0.0399072,0.156746,2
0.0282515,0.0771675,0.0756577,2
0.116041,0.100723,0.00684258,2
0.0267166,0.032054,0.147166,2
0.0738234,0.0840408,0.141523,2
0.00565318,0.0499225,0.0147291,2
0.0157812,0.0686467,0.0375444,2
0.0575781,0.020207,0.1351,2
0.0743826,0.0547771,0.0524683,2
0.0659488,0.0291285,0.0640428,2
0.0323583,0.08106,0.190866,2
0.0205972,0.0354881,0.146653,2
0.0319612,0.0250716,0.111114,2
0.0333719,0.0765943,0.109504,2
0.0886727,0.0946174,0.132412,2
0.0259924,0.082077,0.064815,2
0.117779,0.0379544,0.0871519,2
0.223194,0.204602,0.0513769,3
0.196936,0.194804,0.083265,3
0.207264,0.224469,0.00203128,3
0.178312,0.157108,0.0782874,3
0.188104,0.223922,0.113827,3
0.159964,0.171235,0.076206,3
0.198006,0.108791,0.101352,3
0.176948,0.193502,0.116608,3
0.199556,0.148662,0.0502848,3
0.188958,0.111488,0.0836394,3
0.170395,0.136525,0.104691,3
0.161237,0.166092,0.117027,3
0.138917,0.112141,0.079312,3
0.174732,0.167117,0.035488,3
0.222985,0.121856,0.078256,3
0.13863,0.196174,0.0666948,3
0.188611,0.18071,0.107589,3
0.185772,0.189406,0.0467017,3
0.199587,0.157081,0.125182,3
0.113044,0.145603,0.118857,3
0.122692,0.115297,0.132704,3
0.173587,0.220086,0.0368606,3
0.151077,0.137166,0.0645964,3
0.151268,0.169135,0.149971,3
0.170235,0.12264,0.157284,3
0.164465,0.220219,0.0202,3
0.201578,0.114508,0.160698,3
0.195794,0.179721,0.00433664,3
0.133977,0.133708,0.165583,3
0.141621,0.128599,0.0848034,3
0.159069,0.1389,0.0825196,3
0.136524,0.196892,0.206165,3
0.171962,0.212898,0.0674635,3
0.185766,0.138025,0.0787759,3
0.137629,0.171737,0.187683,3
0.214182,0.129023,0.100263,3
0.207381,0.161994,0.065288,3
0.19148,0.174861,0.15224,3
0.19613,0.191019,0.056568,3
0.148635,0.192214,0.0429022,3
0.162058,0.133725,0.107335,3
0.219144,0.18658,0.0178206,3
0.184272,0.174256,0.0721397,3
0.21869,0.149609,0.160692,3
0.147253,0.126148,0.12486,3
0.15267,0.170146,0.0032394,3
0.216698,0.204235,0.0357998,3
0.117901,0.116962,0.135793,3
0.19546,0.13164,0.0423698,3
0.152487,0.141602,0.075285,3
0.140961,0.158648,0.178031,3
0.118664,0.180034,0.183398,3
0.122533,0.170277,0.0123416,3
0.170871,0.123743,0.168425,3
0.224734,0.162455,0.0125056,3
0.15404,0.176037,0.120195,3
0.136357,0.219125,0.151476,3
0.119986,0.165542,0.209267,3
0.202777,0.205706,0.0552795,3
0.147576,0.15216,0.0302273,3
0.144409,0.194375,0.214157,3
0.192448,0.104418,0.141839,3
0.200694,0.150455,0.124278,3
0.121464,0.113219,0.0013257,3
0.190423,0.127702,0.0592545,3
0.179165,0.215162,0.126913,3
0.197994,0.185352,0.0798511,3
0.146921,0.139571,0.0357456,3
0.208605,0.14188,0.0895121,3
0.190607,0.153975,0.0763895,3
0.134319,0.22092,0.0262298,3
0.1797,0.17847,0.0159961,3
0.172573,0.128574,0.182486,3
0.203938,0.171474,0.214413,3
0.19249,0.173713,0.192387,3
0.221439,0.222664,0.22304,3
0.122729,0.220199,0.0637149,3
0.185433,0.152697,0.124575,3
0.21549,0.143506,0.107808,3
0.165086,0.223599,0.0798761,3
0.141889,0.138545,0.132447,3
0.186269,0.113941,0.00936633,3
0.194136,0.142258,0.06272,3
0.180865,0.11681,0.120976,3
0.171715,0.206546,0.0288209,3
0.121409,0.202061,0.126598,3
0.208012,0.186032,0.184389,3
0.118036,0.220709,0.0436266,3
0.120965,0.125015,0.0243995,3
0.182063,0.164047,0.178534,3
0.115391,0.148444,0.224456,3
0.168002,0.135289,0.215415,3
0.194417,0.217244,0.0504712,3
0.175838,0.167356,0.137289,3
0.189055,0.187205,0.068175,3
0.165693,0.129982,0.182453,3
0.131045,0.144615,0.165848,3
0.187032,0.153068,0.182845,3
0.131044,0.128183,0.0687795,3
0.193876,0.203836,0.159485,3
0.1586,0.188831,0.152821,3
0.1748,0.198314,0.00924576,3
0.149206,0.209754,0.0321951,3
0.131857,0.185591,0.137668,3
0.147664,0.129152,0.120808,3
0.152882,0.211971,0.154197,3
0.19714,0.218801,0.0917478,3
0.134109,0.105858,0.0640012,3
0.121051,0.143023,0.0152701,3
0.135331,0.127971,0.0515645,3
0.191184,0.168918,0.221081,3
0.142165,0.205211,0.0941406,3
0.192643,0.221829,0.200458,3
0.11852,0.187448,0.21395,3
0.183104,0.149626,0.1378,3
0.158449,0.210256,0.187032,3
0.184318,0.183942,0.0375725,3
0.179433,0.205173,0.00460958,3
0.191987,0.115323,0.0330597,3
0.180411,0.132093,0.00520256,3
0.115818,0.146417,0.0352687,3
0.117909,0.149204,0.00810095,3
0.116487,0.149838,0.0158507,3
