x coord,y coord,z coord,rank
0.13289,0.097212,0.164217,0
0.0966298,0.149309,0.175745,0
0.109677,0.181416,0.195423,0
0.0726556,0.15924,0.217098,0
0.083886,0.167607,0.222652,0
0.134179,0.068646,0.160124,0
0.142846,0.00697486,0.200292,0
0.0376433,0.194974,0.189351,0
0.0647303,0.2122,0.145702,0
0.0575854,0.196355,0.189689,0
0.138867,0.0058747,0.130567,0
0.0374248,0.22119,0.157514,0
0.129763,0.025118,0.175962,0
0.0166824,0.138554,0.133772,0
0.0662874,0.221091,0.222137,0
0.128637,0.0107029,0.127271,0
0.132859,0.0517739,0.211288,0
0.091426,0.205045,0.169463,0
0.141688,0.00773073,0.159652,0
0.141572,0.100393,0.134437,0
0.138346,0.0939277,0.138171,0
0.0292523,0.216955,0.177931,0
0.142471,0.0921222,0.131246,0
0.126086,0.204648,0.210935,0
0.13077,0.122345,0.189557,0
0.139794,0.17139,0.168133,0
0.137139,0.210798,0.153279,0
0.141291,0.0921635,0.134623,0
0.0194877,0.224087,0.171485,0
0.100649,0.222401,0.161554,0
0.0550294,0.116349,0.214361,0
0.0468535,0.150569,0.20098,0
0.00499734,0.113906,0.134599,0
0.0747133,0.115082,0.174402,0
0.143046,0.104399,0.135116,0
0.0771562,0.187924,0.139568,0
0.0442269,0.104717,0.194781,0
0.0554806,0.0901148,0.187788,0
0.101098,0.187134,0.127981,0
0.0577846,0.115787,0.147854,0
0.00113557,0.173892,0.146557,0
0.108864,0.124411,0.153822,0
0.0740918,0.000575472,0.159802,0
0.00998008,0.161572,0.143341,0
0.0819865,0.0538812,0.169023,0
0.0266416,0.0774091,0.147944,0
0.0815642,0.182029,0.21364,0
0.0786851,0.028894,0.205629,0
0.036584,0.0370892,0.155742,0
0.0923072,0.000738789,0.183746,0
0.0995653,0.202135,0.216515,0
0.129616,0.00246785,0.158244,0
0.0623598,0.137191,0.139817,0
0.125577,0.0338447,0.166341,0
0.0128238,0.185832,0.185504,0
0.0258399,0.0166886,0.199806,0
0.0214125,0.112116,0.137367,0
0.106959,0.193575,0.161868,0
0.0060334,0.0252448,0.203067,0
0.125959,0.156963,0.129227,0
0.0465274,0.0681845,0.173168,0
0.10028,0.0689207,0.197746,0
0.0301638,0.1406,0.180647,0
0.0121406,0.132767,0.21816,0
0.0747056,0.224119,0.223143,0
0.0275512,0.179037,0.164764,0
0.0262472,0.0358663,0.213851,0
0.0937058,0.0975016,0.18286,0
0.0911029,0.109582,0.157294,0
0.0368138,0.174315,0.162662,0
0.0447806,0.0344584,0.16471,0
0.0946649,0.0508445,0.183026,0
0.059512,0.136681,0.144455,0
0.114937,0.0926622,0.200272,0
0.00902253,0.157748,0.210323,0
0.122537,0.179901,0.132904,0
0.0866611,0.0666667,0.127005,0
0.0775339,0.0833524,0.180278,0
0.0867331,0.0629618,0.190878,0
0.0674897,0.160488,0.212886,0
0.0210887,0.19486,0.170298,0
0.0979067,0.206482,0.153295,0
0.0111639,0.166504,0.151873,0
0.0786774,0.0887397,0.220226,0
0.0377408,0.147994,0.158851,0
0.0602923,0.163107,0.200859,0
0.0955857,0.0942684,0.203503,0
0.0428677,0.107944,0.174972,0
0.064503,0.0857601,0.131947,0
0.0910258,0.0918695,0.200162,0
0.100895,0.197732,0.190085,0
0.0473968,0.158505,0.129401,0
0.0580813,0.0221265,0.130497,0
0.0806357,0.0723999,0.177852,0
0.126963,0.131582,0.223085,0
0.109156,0.0464521,0.212037,0
0.117174,0.188736,0.195661,0
0.117582,0.154391,0.198901,0
0.0193398,0.0990114,0.171163,0
0.00636612,0.133332,0.209101,0
0.116854,0.148688,0.186508,0
0.037891,0.142233,0.203899,0
0.0397797,0.144964,0.198943,0
0.0831759,0.0466489,0.134217,0
0.0779238,0.119455,0.159261,0
0.123523,0.172982,0.130981,0
0.00521832,0.203288,0.151869,0
0.0113304,0.0919312,0.188639,0
0.11834,0.120771,0.217026,0
0.049716,0.219209,0.135155,0
0.0239406,0.222846,0.166953,0
0.00930516,0.174008,0.207231,0
0.00858882,0.197909,0.177616,0
0.0797021,0.0848291,0.184414,0
0.0467975,0.0633969,0.162179,0
0.00789082,0.143564,0.181688,0
0.123314,0.149588,0.136362,0
0.0956693,0.0969331,0.204304,0
0.1142,0.12041,0.143472,0
0.088782,0.0636749,0.173184,0
0.0565659,0.100659,0.150573,0
0.103899,0.0692131,0.197078,0
0.0897535,0.084636,0.219162,0
0.0634533,0.0846062,0.166272,0
0.128323,0.154758,0.130375,0
0.0224117,0.165791,0.127189,0
0.139024,0.0976339,0.132365,0
0.14276,0.0935104,0.13484,0
0.0510133,0.102025,0.0496997,1
0.0288954,0.057802,0.0580215,1
0.0143566,0.0623243,0.0199858,1
0.0170793,0.0869758,0.0986237,1
0.0812075,0.0701856,0.103227,1
0.104487,0.120407,0.114798,1
0.0136431,0.0997996,0.0178442,1
0.0843655,0.21856,0.0130266,1
0.0150975,0.0628333,0.025175,1
0.099299,0.0283014,0.00476652,1
0.0173131,0.058135,0.074108,1
0.0474062,0.206228,0.0800764,1
0.0351853,0.220748,0.113626,1
0.0607788,0.00644373,0.0930683,1
0.100595,0.171331,0.0528983,1
0.0671284,0.131019,0.113129,1
0.0315322,0.00401635,0.0671415,1
0.0976286,0.0184813,0.00939423,1
0.0107157,0.149611,0.00402265,1
0.0895464,0.0942717,0.0667448,1
0.0283294,0.0494537,0.119275,1
0.0942421,0.0116444,0.0718642,1
0.0963737,0.0711701,0.0954279,1
0.00748918,0.153199,0.0660804,1
0.0616781,0.170732,0.00576046,1
0.0772687,0.136623,0.0465609,1
0.0814498,0.0219987,0.0830536,1
0.0390576,0.177885,0.0324548,1
0.0203566,0.190372,0.0791742,1
0.0133005,0.187629,0.0928045,1
0.0659288,0.0368227,0.0839736,1
0.0886662,0.169821,0.0875353,1
0.0959233,0.1164,0.0807529,1
0.0659057,0.13351,0.106334,1
0.0670467,0.138136,0.0307847,1
0.0543952,0.164249,0.0908303,1
0.103245,0.202817,0.0199847,1
0.0736803,0.0193387,0.0799764,1
0.00877229,0.184405,0.0964144,1
0.0212073,0.223732,0.0903284,1
0.0492166,0.0834656,0.0960954,1
0.00824935,0.186374,0.0971353,1
0.0117553,0.0779873,0.00329679,1
0.0924609,0.0887289,0.0368244,1
0.0561654,0.174358,0.116219,1
0.0989261,0.203527,0.00358682,1
0.100897,0.0206686,0.119245,1
0.0468961,0.0442378,0.0260531,1
0.0936661,0.154206,0.0348705,1
0.0196925,0.195563,0.0348549,1
0.0046467,0.00398256,0.0682487,1
0.0876924,0.130318,0.0980511,1
0.090843,0.195954,0.0292335,1
0.018528,0.0701297,0.0275624,1
0.0170566,0.0888984,0.0177623,1
0.0940778,0.0771097,0.043388,1
0.0634798,0.215197,0.112394,1
0.062829,0.187672,0.0507482,1
0.0399048,0.0384825,0.0868431,1
0.0674888,0.0859247,0.0420931,1
0.00968069,0.065909,0.0340784,1
0.019515,0.105529,0.110406,1
0.0641227,0.0864733,0.0960264,1
0.0695736,0.139341,0.101155,1
0.0226106,0.011113,0.0537177,1
0.0102137,0.131777,0.0119399,1
0.0465235,0.0585668,0.00415333,1
0.0527111,0.0601282,0.0135424,1
0.0490064,0.210052,0.0595509,1
0.0709426,0.0585224,0.0558915,1
0.0349899,0.20771,0.122078,1
0.0509848,0.160831,0.0410229,1
0.0729377,0.0770766,0.109038,1
0.0739121,0.0617512,0.0566138,1
0.0818516,0.124631,0.0509688,1
0.0357756,0.026272,0.115662,1
0.0798165,0.19605,0.0421829,1
0.100687,0.136114,0.0237584,1
0.0947796,0.135247,0.0576339,1
0.0644926,0.0283852,0.122865,1
0.0508902,0.211096,0.0488921,1
0.0715017,0.168416,0.0181619,1
0.0234193,0.0688253,0.10297,1
0.0961565,0.196904,0.0527245,1
0.0271672,0.133853,0.103457,1
0.0592498,0.0186001,0.0862264,1
0.0394716,0.139208,0.0920528,1
0.0754244,0.212829,0.0855968,1
0.0374807,0.144361,0.017277,1
0.00224434,0.0971009,0.00982768,1
0.0828888,0.0389407,0.0474359,1
0.0836534,0.0851143,0.124743,1
0.0477488,0.160205,0.0941531,1
0.0585799,0.0668061,0.0426979,1
0.0107964,0.00984576,0.12345,1
0.0606793,0.0603739,0.0735195,1
0.0276067,0.0863158,0.0998496,1
0.0593563,0.015247,0.113238,1
0.071518,0.0148266,0.0418461,1
0.0461787,0.161963,0.0124028,1
0.0144621,0.0779331,0.00163,1
0.0243746,0.126168,0.085121,1
0.0893769,0.213784,0.0719937,1
0.0225761,0.0753952,0.0383832,1
0.104457,0.145815,0.0700301,1
0.0656421,0.147022,0.10511,1
0.103805,0.0357476,0.118916,1
0.00125239,0.128511,0.0889577,1
0.0427857,0.171747,0.0905022,1
0.0409802,0.123043,0.0849683,1
0.0114531,0.119799,0.105905,1
0.0617782,0.0926195,0.0321991,1
0.0158748,0.00155063,0.123822,1
0.0930962,0.223019,0.0776503,1
0.0670791,0.118251,0.0762561,1
0.0211615,0.120253,0.0563728,1
0.020627,0.0612178,0.0614724,1
0.0736689,0.103873,0.10064,1
0.0097819,0.113807,0.0584397,1
0.100599,0.00981361,0.0764265,1
0.0623553,0.115303,0.0425228,1
0.0886077,0.11449,0.0274207,1
0.0583157,0.0997549,0.0227961,1
0.0372451,0.102132,0.113401,1
0.0507215,0.105378,0.124249,1
0.144377,0.167023,0.118444,2
0.149258,0.0259905,0.0752513,2
0.171389,0.0238408,0.102143,2
0.114042,0.0820122,0.0904449,2
0.123585,0.147908,0.0274271,2
0.154759,0.185612,0.118478,2
0.204222,0.103448,0.0608647,2
0.144762,0.0320622,0.0120573,2
0.201706,0.0502863,0.0670835,2
0.174066,0.0408471,0.103922,2
0.173263,0.0346393,0.120894,2
0.139225,0.216479,0.115168,2
0.179036,0.000151525,0.0862812,2
0.193483,0.0331453,0.018174,2
0.198032,0.0439362,0.0478936,2
0.185253,0.0560678,0.0532645,2
0.18979,0.0121362,0.0610854,2
0.201493,0.213066,0.110363,2
0.185663,0.21572,0.100114,2
0.207041,0.0857666,0.0698476,2
0.170572,0.0577735,0.0614077,2
0.185227,0.0499933,0.00578654,2
0.124171,0.0861567,0.00579054,2
0.179436,0.041972,0.0941439,2
0.191209,0.201551,0.0241725,2
0.201246,0.128066,0.0651193,2
0.130639,0.045623,0.030697,2
0.172171,0.0548591,0.0615088,2
0.156595,0.027238,0.0858143,2
0.208937,0.0310244,0.0856823,2
0.18339,0.180137,0.012712,2
0.151016,0.0737158,0.0783913,2
0.190694,0.167844,0.121245,2
0.169431,0.00913308,0.0735735,2
0.21955,0.0983146,0.0766871,2
0.213223,0.0152952,0.055682,2
0.200848,0.0586323,0.0802919,2
0.156684,0.0265117,0.0243295,2
0.198509,0.0718739,0.0525442,2
0.15876,0.121881,0.00111673,2
0.136952,0.0336522,0.0501718,2
0.207414,0.214578,0.0968906,2
0.187214,0.153025,0.0863452,2
0.150138,0.148465,0.0366415,2
0.164008,0.0835983,0.0513339,2
0.134574,0.218764,0.0433671,2
0.182294,0.172973,0.0767649,2
0.19833,0.133656,0.114103,2
0.174717,0.0270065,0.0996142,2
0.140694,0.159464,0.0953856,2
0.212982,0.15985,0.0181946,2
0.152631,0.0598048,0.0359489,2
0.118474,0.0553167,0.0562046,2
0.188762,0.0394471,0.0475508,2
0.206967,0.114384,0.119185,2
0.134736,0.00300309,0.0646713,2
0.129957,0.196871,0.0146518,2
0.174197,0.0732105,0.107153,2
0.155827,0.201937,0.0157048,2
0.219282,0.160336,0.0647348,2
0.184232,0.22358,0.0415206,2
0.175122,0.151131,0.050784,2
0.192147,0.0652107,0.0733507,2
0.190015,0.148849,0.0820222,2
0.150465,0.121221,0.0775663,2
0.155194,0.179342,0.0984028,2
0.190231,0.155971,0.107286,2
0.126353,0.0652345,0.00693589,2
0.137879,0.0202505,0.0407565,2
0.141267,0.172067,0.0365176,2
0.149971,0.05991,0.0246137,2
0.173355,0.0451072,0.031938,2
0.151767,0.193464,0.0114337,2
0.214216,0.149765,0.0491023,2
0.140984,0.210556,0.0924268,2
0.169669,0.0361976,0.110043,2
0.168737,0.0401561,0.0739748,2
0.168596,0.169249,0.106211,2
0.184757,0.173393,0.0821093,2
0.189434,0.184415,0.0107459,2
0.181809,0.0620353,0.037844,2
0.132109,0.211243,0.037448,2
0.18507,0.143871,0.0858399,2
0.215731,0.178517,0.0356742,2
0.168758,0.128542,0.0301571,2
0.188319,0.0745421,0.0799282,2
0.158194,0.0949165,0.0985884,2
0.166395,0.182826,0.0765033,2
0.161757,0.136294,0.0561634,2
0.203182,0.141949,0.00989815,2
0.143509,0.192855,0.0973773,2
0.15188,0.202265,0.101536,2
0.207836,0.154203,0.0558848,2
0.200363,0.134869,0.00545829,2
0.140445,0.0884001,0.117578,2
0.223194,0.0444048,0.0858592,2
0.173677,0.176185,0.0318973,2
0.196621,0.179311,0.0741568,2
0.163974,0.192186,0.00674087,2
0.151398,0.00348543,0.0895077,2
0.211416,0.156992,0.0177955,2
0.209837,0.192188,0.0975665,2
0.186547,0.120983,0.104088,2
0.167685,0.097948,0.0878575,2
0.109842,0.103885,0.0406046,2
0.106349,0.0984979,0.0287714,2
0.223794,0.194552,0.00949703,2
0.185677,0.115846,0.122208,2
0.1215,0.0873887,0.0838733,2
0.148044,0.206232,0.0939883,2
0.109305,0.0874995,0.0351257,2
0.182897,0.131324,0.0450176,2
0.118253,0.0170579,0.110194,2
0.120103,0.085788,0.0390678,2
0.122713,0.00682942,0.0398502,2
0.104612,0.207046,0.11111,2
0.121314,0.219409,0.0510744,2
0.119819,0.162129,0.0198259,2
0.11115,0.08715,0.097335,2
0.183114,0.122223,0.118913,2
0.12483,0.209852,0.100077,2
0.117642,0.21506,0.0753964,2
0.116565,0.157299,0.0285205,2
0.105265,0.0333576,0.0826404,2
0.106421,0.218003,0.121874,2
0.167696,0.0394493,0.214682,3
0.185839,0.0931333,0.165681,3
0.149016,0.102685,0.140803,3
0.148623,0.0978182,0.137518,3
0.196231,0.11823,0.202136,3
0.147037,0.0982716,0.134842,3
0.152248,0.100457,0.134759,3
0.148259,0.0942615,0.132752,3
0.219826,0.0778318,0.182107,3
0.178346,0.187538,0.207496,3
0.144525,0.077298,0.215132,3
0.202625,0.0109784,0.191312,3
0.177986,0.201449,0.171263,3
0.149218,0.0909454,0.137774,3
0.211104,0.0600843,0.224678,3
0.147418,0.0930225,0.138079,3
0.150067,0.203161,0.186018,3
0.149686,0.096395,0.135905,3
0.18681,0.159696,0.220818,3
0.197046,0.0161492,0.202799,3
0.158073,0.220569,0.163038,3
0.166734,0.141516,0.169891,3
0.191814,0.16737,0.181938,3
0.195826,0.121574,0.206694,3
0.222986,0.182753,0.216152,3
0.201282,0.0215232,0.172762,3
0.224649,0.101517,0.126094,3
0.149075,0.100482,0.133317,3
0.183615,0.124128,0.125357,3
0.219856,0.129508,0.195628,3
0.196053,0.136654,0.173096,3
0.208097,0.00589325,0.155454,3
0.214628,0.177693,0.214236,3
0.152071,0.0976366,0.137474,3
0.214052,0.198891,0.209614,3
0.220978,0.178622,0.172539,3
0.146207,0.11021,0.152026,3
0.168911,0.154767,0.18361,3
0.145104,0.0969491,0.133885,3
0.152439,0.156464,0.205957,3
0.214741,0.145744,0.177624,3
0.202199,0.0116798,0.202675,3
0.210995,0.172706,0.147202,3
0.157465,0.0357705,0.147094,3
0.179108,0.185756,0.167369,3
0.144431,0.0962889,0.135665,3
0.14811,0.0918339,0.137551,3
0.198229,0.21551,0.145576,3
0.152451,0.0931053,0.135535,3
0.146633,0.0951286,0.130571,3
0.150522,0.0999804,0.134046,3
0.224347,0.0675671,0.183522,3
0.150058,0.0952117,0.138787,3
0.186686,0.152158,0.206454,3
0.158626,0.0365861,0.12769,3
0.222222,0.0906323,0.150098,3
0.192876,0.00366283,0.208946,3
0.146332,0.094675,0.135743,3
0.148204,0.0984202,0.136072,3
0.144501,0.0964501,0.1303,3
0.219339,0.076702,0.220517,3
0.151548,0.0980631,0.133365,3
0.15635,0.219659,0.127705,3
0.148051,0.101144,0.13263,3
0.222457,0.170728,0.211851,3
0.149375,0.090588,0.135869,3
0.171806,0.0528493,0.143722,3
0.148579,0.101586,0.138821,3
0.144455,0.0962953,0.135726,3
0.14842,0.100466,0.133544,3
0.163848,0.0496851,0.191518,3
0.218535,0.0316424,0.142788,3
0.146034,0.0891816,0.135993,3
0.20266,0.00116177,0.164552,3
0.217078,0.011123,0.150649,3
0.191824,0.00720405,0.128476,3
0.150713,0.0943559,0.130215,3
0.215712,0.177222,0.159724,3
0.151052,0.0169144,0.148207,3
0.146791,0.101134,0.13696,3
0.143755,0.137894,0.140311,3
0.211729,0.202562,0.132929,3
0.190741,0.120805,0.144457,3
0.145515,0.0252073,0.21846,3
0.157708,0.0454114,0.153674,3
0.144227,0.0914067,0.135864,3
0.191477,0.00868132,0.135661,3
0.150395,0.0675668,0.217798,3
0.181549,0.060161,0.131234,3
0.21241,0.0159974,0.170424,3
0.221735,0.00526315,0.13531,3
0.16609,0.0483934,0.194453,3
0.145284,0.0906111,0.136009,3
0.193692,0.0996419,0.19179,3
0.15177,0.130816,0.167256,3
0.215608,0.0843467,0.128425,3
0.149183,0.0717765,0.205338,3
0.150246,0.097717,0.137592,3
0.143866,0.0935169,0.139424,3
0.155739,0.100556,0.133672,3
0.181836,0.0853825,0.125979,3
0.149449,0.0989472,0.139999,3
0.150705,0.097269,0.135878,3
0.151063,0.0925148,0.134588,3
0.186402,0.0585846,0.128909,3
0.146432,0.0997853,0.136222,3
0.143898,0.0975745,0.134163,3
0.184501,0.0571087,0.217728,3
0.145616,0.0986834,0.135145,3
0.144407,0.101806,0.139563,3
0.185364,0.042951,0.183333,3
0.14598,0.0970827,0.134343,3
0.14719,0.0942132,0.132485,3
0.175977,0.0531282,0.144744,3
0.150943,0.0944457,0.131224,3
0.148293,0.102667,0.131809,3
0.15211,0.100809,0.139202,3
0.146946,0.102025,0.141398,3
0.144552,0.10011,0.193684,3
0.145326,0.0929682,0.132585,3
0.144589,0.0974154,0.140204,3
0.143418,0.0957911,0.135316,3
