x coord,y coord,z coord,rank
0.0182321,0.207647,0.0557578,0
0.020034,0.192292,0.181934,0
0.0187341,0.191004,0.182321,0
0.0466058,0.180078,0.130689,0
0.0150879,0.192349,0.184141,0
0.0382864,0.211122,0.0304471,0
0.073712,0.170691,0.212972,0
0.0568992,0.19851,0.0335014,0
0.0182831,0.193137,0.184741,0
0.0860765,0.204453,0.0874371,0
0.0489652,0.15761,0.0875049,0
0.0125116,0.216313,0.196679,0
0.00315291,0.182323,0.0105942,0
0.0152924,0.195841,0.178467,0
0.0172145,0.188059,0.181458,0
0.0193267,0.189729,0.178601,0
0.0230983,0.193006,0.180965,0
0.0466344,0.166738,0.194504,0
0.0172408,0.191996,0.181085,0
0.0580045,0.13514,0.187082,0
0.0231173,0.130642,0.11311,0
0.0682509,0.167037,0.0944763,0
0.00102607,0.146243,0.060001,0
0.0527696,0.207877,0.115354,0
0.0879073,0.142503,0.15197,0
0.0498802,0.219244,0.115181,0
0.0832471,0.18367,0.186054,0
0.0549217,0.137469,0.152724,0
0.0847444,0.213971,0.118524,0
0.00842802,0.129343,0.082757,0
0.0180277,0.196177,0.185973,0
0.0350927,0.157985,0.0033716,0
0.0396018,0.22123,0.182973,0
0.00993176,0.146396,0.21948,0
0.0698036,0.157595,0.0727202,0
0.0775317,0.190175,0.0661251,0
0.0207783,0.188239,0.182024,0
0.0187415,0.193051,0.18375,0
0.0320986,0.22092,0.145295,0
0.0147634,0.189597,0.185619,0
0.0974014,0.190041,0.0642027,0
0.0267081,0.182416,0.0421371,0
0.0567021,0.21423,0.0381024,0
0.0647291,0.186997,0.0462523,0
0.0884455,0.224484,0.0547282,0
0.00265223,0.145692,0.118645,0
0.0434992,0.132136,0.220402,0
0.0150284,0.190145,0.187693,0
0.0187172,0.195378,0.184776,0
0.0855328,0.132114,0.06953,0
0.0958186,0.175268,0.121169,0
0.00237389,0.214034,0.0118122,0
0.023474,0.219901,0.023448,0
0.078289,0.224532,0.177032,0
0.0284931,0.185667,0.160032,0
0.0497852,0.187476,0.0223851,0
0.0688973,0.161059,0.074724,0
0.0983214,0.208746,0.0989513,0
0.0138067,0.203912,0.200621,0
0.0119787,0.134516,0.14658,0
0.0132418,0.136835,0.0541706,0
0.0138877,0.194485,0.185411,0
0.0149559,0.150553,0.0749377,0
0.0247767,0.149885,0.203895,0
0.0849222,0.183578,0.186874,0
0.0212541,0.190527,0.184658,0
0.0209577,0.191556,0.183795,0
0.0348565,0.199894,0.114365,0
0.0634551,0.163602,0.0450875,0
0.0155291,0.19349,0.182231,0
0.00451556,0.194288,0.0662706,0
0.0509287,0.174653,0.0366007,0
0.0935336,0.200609,0.0506496,0
0.0528677,0.204226,0.00999703,0
0.000856513,0.142095,0.207135,0
0.0315146,0.148865,0.0503358,0
0.079812,0.194456,0.153602,0
0.0877055,0.194213,0.197771,0
0.0914305,0.214184,0.10221,0
0.0863032,0.215498,0.049897,0
0.0795616,0.180413,0.0907394,0
0.0733396,0.169919,0.0506951,0
0.0618873,0.206105,0.150338,0
0.0190065,0.195427,0.1824,0
0.0189979,0.189791,0.182096,0
0.0818322,0.142233,0.194797,0
0.0139185,0.194548,0.185479,0
0.085507,0.16631,0.06399,0
0.0170536,0.197755,0.18363,0
0.0125756,0.18418,0.190622,0
0.0185628,0.190904,0.180367,0
0.0169548,0.198422,0.182082,0
0.0194212,0.194524,0.180334,0
0.0504929,0.190615,0.130125,0
0.000611119,0.200524,0.0633342,0
0.0674086,0.212638,0.0511436,0
0.0602885,0.19679,0.0783606,0
0.0301475,0.181421,0.0151769,0
0.0192753,0.191808,0.187679,0
0.0397316,0.147475,0.215246,0
0.0111891,0.173763,0.0941793,0
0.0916868,0.218183,0.0831057,0
0.0186064,0.191903,0.183646,0
0.0148353,0.192729,0.187865,0
0.0164359,0.193827,0.18047,0
0.0241773,0.188267,0.182179,0
0.0199124,0.195913,0.181872,0
0.0169872,0.187247,0.180066,0
0.0732899,0.146085,0.0940689,0
0.0446019,0.15317,0.0478082,0
0.00363103,0.219026,0.0915564,0
0.0231864,0.193997,0.182267,0
0.0100354,0.137749,0.156673,0
0.01897,0.191914,0.182212,0
0.0202923,0.165863,0.0450383,0
0.0203034,0.198657,0.183559,0
0.0217101,0.187314,0.178957,0
0.07196,0.169578,0.057462,0
0.0147366,0.192375,0.18523,0
0.0150556,0.135418,0.190511,0
0.0682943,0.223601,0.126672,0
0.000165894,0.142171,0.15504,0
0.029464,0.160201,0.124663,0
0.0784545,0.156266,0.0936836,0
0.0971306,0.201035,0.111213,0
0.0970846,0.129542,0.0404268,0
0.121601,0.15443,0.0772153,1
0.186249,0.132888,0.000870341,1
0.159329,0.159551,0.0671632,1
0.176016,0.12858,0.0143921,1
0.159265,0.144347,0.100958,1
0.15301,0.201292,0.0362186,1
0.157527,0.11267,0.0746169,1
0.12125,0.111034,0.083188,1
0.11729,0.13128,0.103835,1
0.156596,0.123952,0.10434,1
0.137366,0.156091,0.0575727,1
0.124121,0.169445,0.0131417,1
0.17899,0.113346,0.0724311,1
0.150674,0.171065,0.0191866,1
0.195232,0.222261,0.0790922,1
0.147729,0.183251,0.130489,1
0.164328,0.126115,0.0695934,1
0.213689,0.193306,0.0444125,1
0.116143,0.215329,0.11923,1
0.211046,0.129437,0.00607319,1
0.17853,0.128504,0.0353064,1
0.167936,0.11957,0.129298,1
0.113976,0.116278,0.202747,1
0.136617,0.114578,0.127807,1
0.189903,0.114467,0.157992,1
0.155308,0.14605,0.0859677,1
0.192837,0.131639,0.0798426,1
0.207939,0.155316,0.0432958,1
0.160954,0.114684,0.15145,1
0.127217,0.138067,0.136238,1
0.13691,0.202846,0.0150934,1
0.119129,0.126476,0.133398,1
0.215627,0.158018,0.155637,1
0.212406,0.183589,0.145909,1
0.200162,0.189588,0.131584,1
0.183509,0.216053,0.0652717,1
0.135242,0.14366,0.143591,1
0.160252,0.12369,0.164507,1
0.129773,0.208737,0.135426,1
0.139223,0.116997,0.0961004,1
0.202576,0.138305,0.127242,1
0.125125,0.148509,0.198611,1
0.161535,0.200102,0.0768622,1
0.109499,0.21199,0.0688569,1
0.14059,0.109453,0.193379,1
0.152083,0.136904,0.0624537,1
0.211326,0.176213,0.0566703,1
0.169831,0.176183,0.18701,1
0.127087,0.191502,0.0797237,1
0.195973,0.212287,0.0180491,1
0.18155,0.171573,0.209101,1
0.157406,0.177851,0.000283778,1
0.109658,0.190015,0.035777,1
0.156988,0.123589,0.165943,1
0.148702,0.179511,0.105175,1
0.16492,0.203482,0.165502,1
0.199904,0.114082,0.224895,1
0.199277,0.20394,0.12259,1
0.126314,0.109019,0.222882,1
0.146611,0.188752,0.134727,1
0.184356,0.170036,0.084867,1
0.201269,0.206327,0.0489639,1
0.193535,0.149082,0.0864811,1
0.154526,0.110218,0.114594,1
0.17487,0.127819,0.170166,1
0.117322,0.215042,0.106184,1
0.138178,0.13976,0.190486,1
0.196773,0.165393,0.127297,1
0.158765,0.126375,0.046508,1
0.193459,0.216791,0.164742,1
0.154314,0.194933,0.204286,1
0.212835,0.128678,0.0740997,1
0.218095,0.126877,0.179552,1
0.114858,0.116304,0.0164835,1
0.110626,0.166289,0.195891,1
0.174693,0.215398,0.200023,1
0.130301,0.19204,0.125971,1
0.19599,0.190123,0.00868277,1
0.173398,0.140797,0.208591,1
0.178381,0.187647,0.209295,1
0.172429,0.194424,0.206108,1
0.173995,0.2093,0.0533116,1
0.189961,0.139607,0.210229,1
0.191395,0.190966,0.0473043,1
0.111949,0.180017,0.0265665,1
0.105294,0.18639,0.110214,1
0.138231,0.150285,0.0915843,1
0.184479,0.208132,0.196295,1
0.189173,0.148038,0.184928,1
0.176638,0.151767,0.164887,1
0.193337,0.177749,0.00210784,1
0.168996,0.21169,0.0715781,1
0.158364,0.146398,0.00641605,1
0.219882,0.22065,0.190767,1
0.148524,0.198116,0.0902164,1
0.177281,0.224098,0.136542,1
0.212778,0.157766,0.081836,1
0.207281,0.198732,0.144256,1
0.206304,0.205383,0.108963,1
0.169405,0.112329,0.149639,1
0.19503,0.175435,0.0736438,1
0.139749,0.215869,0.204674,1
0.149424,0.12332,0.14931,1
0.186802,0.118642,0.220611,1
0.192798,0.186345,0.212024,1
0.111655,0.180923,0.129379,1
0.215908,0.166205,0.195986,1
0.148466,0.132798,0.110961,1
0.124894,0.224138,0.209534,1
0.162181,0.193622,0.0984086,1
0.114432,0.129807,0.190315,1
0.205402,0.196889,0.197708,1
0.134664,0.134364,0.0492205,1
0.135148,0.220517,0.0395646,1
0.17235,0.112306,0.06054,1
0.113429,0.149487,0.194945,1
0.152842,0.192197,0.1513,1
0.185138,0.206639,0.0117167,1
0.191126,0.139006,0.0541757,1
0.168975,0.195042,0.171419,1
0.16294,0.209668,0.206576,1
0.196048,0.154427,0.210175,1
0.212317,0.209744,0.215231,1
0.164388,0.117274,0.0801229,1
0.169101,0.170352,0.129637,1
0.126411,0.179136,0.205746,1
0.107798,0.173588,0.0471081,1
0.14845,0.0153117,0.131521,2
0.164425,0.10194,0.184644,2
0.180679,0.0788649,0.105728,2
0.203136,0.0363995,0.157583,2
0.113182,0.0402653,0.0852664,2
0.114851,0.0444009,0.127997,2
0.18628,0.0211082,0.128101,2
0.205822,0.0777667,0.140774,2
0.152234,0.0839829,0.216974,2
0.199549,0.0769451,0.158895,2
0.133994,0.0728666,0.179434,2
0.114659,0.0287742,0.0514328,2
0.176426,0.0901971,0.116658,2
0.200586,0.0852548,0.0685118,2
0.168248,0.0213881,0.196191,2
0.111252,0.0577331,0.0117126,2
0.221188,0.0814036,0.105001,2
0.132726,0.0706014,0.0708353,2
0.164581,0.0355893,0.204738,2
0.12112,0.0612926,0.0860453,2
0.158869,0.10231,0.213408,2
0.133759,0.0533494,0.197102,2
0.194103,0.00102608,0.0234157,2
0.205769,0.00556486,0.121429,2
0.161196,0.0867646,0.200702,2
0.113236,0.0814893,0.0583429,2
0.162293,0.0150016,0.00957355,2
0.123551,0.0616014,0.143231,2
0.126395,0.0906987,0.00553487,2
0.21808,0.0978081,0.0587314,2
0.145498,0.101292,0.0217996,2
0.113694,0.0753022,0.111093,2
0.164908,0.0749987,0.154641,2
0.141592,0.036379,0.0268511,2
0.121744,0.0672104,0.161518,2
0.110616,0.0455711,0.189098,2
0.204623,0.092029,0.0342847,2
0.148368,0.0362737,0.16492,2
0.164706,0.0133342,0.146035,2
0.101002,0.0845254,0.170876,2
0.169501,0.0591629,0.136819,2
0.160729,0.050519,0.131505,2
0.123922,0.00530031,0.066596,2
0.190087,0.0846959,0.0347068,2
0.144996,0.0292674,0.0455042,2
0.185667,0.0879019,0.0158149,2
0.111801,0.0883208,0.162609,2
0.154113,0.0975969,0.0215077,2
0.110687,0.104151,0.160902,2
0.11259,0.0841026,0.206585,2
0.12483,0.0293975,0.0788453,2
0.11654,0.0292241,0.139809,2
0.126053,0.0658762,0.0231425,2
0.122117,0.0612541,0.0961999,2
0.13936,0.0843314,0.0477451,2
0.129949,0.0568184,0.0962263,2
0.17778,0.0520369,0.140626,2
0.199227,0.0378086,0.149178,2
0.171755,0.00101053,0.0668534,2
0.121098,0.0612734,0.0840166,2
0.102923,0.0120783,0.107854,2
0.167456,0.0695692,0.101889,2
0.203775,0.0258534,0.0477004,2
0.141652,0.0724501,0.022247,2
0.145123,0.04965,0.00229047,2
0.15939,0.0895404,0.000750646,2
0.176595,0.0812983,0.019485,2
0.103645,0.067204,0.145784,2
0.203293,0.0731466,0.0309043,2
0.213938,0.10354,0.00754269,2
0.180835,0.0551642,0.0287911,2
0.167802,0.0987596,0.221328,2
0.127143,0.0014495,0.0664148,2
0.22312,0.0882046,0.217226,2
0.182667,0.051618,0.154882,2
0.19844,0.0167435,0.123778,2
0.137967,0.0719593,0.146976,2
0.205675,0.0362645,0.173166,2
0.14501,0.0827468,0.111637,2
0.198393,0.0690716,0.125213,2
0.117118,0.0877966,0.163196,2
0.191875,0.0719305,0.172694,2
0.219678,0.0544585,0.19347,2
0.221576,0.0824162,0.0604519,2
0.206697,0.00210101,0.15043,2
0.114718,0.0762713,0.0391628,2
0.180012,0.0301448,0.183425,2
0.108358,0.0978268,0.107088,2
0.104857,0.0882526,0.0045822,2
0.223105,0.0714665,0.00155544,2
0.145382,0.0827014,0.216162,2
0.127253,0.0302752,0.0420015,2
0.133136,0.00672832,0.112961,2
0.174965,0.0421528,0.0195645,2
0.221763,0.0333144,0.0227384,2
0.133188,0.0216288,0.192498,2
0.178637,0.0346051,0.0172068,2
0.221062,0.0313802,0.0651671,2
0.14544,0.0436243,0.218001,2
0.112063,0.0889925,0.176583,2
0.215248,0.0588737,0.176081,2
0.10761,0.0915241,0.196332,2
0.181138,0.0424386,0.143948,2
0.144803,0.00104091,0.00568984,2
0.162589,0.0399396,0.0416327,2
0.118857,0.0575739,0.208643,2
0.119235,0.0972024,0.172307,2
0.21281,0.0150566,0.142931,2
0.106138,0.0100485,0.102386,2
0.126942,0.032125,0.0116801,2
0.195508,0.00741709,0.0242986,2
0.135394,0.0374135,0.212535,2
0.19073,0.0338273,0.0668283,2
0.195258,0.014412,0.138548,2
0.155294,0.0757143,0.0346113,2
0.156209,0.047872,0.182203,2
0.211095,0.0126837,0.162606,2
0.185241,0.0980587,0.0543647,2
0.216889,0.0711663,0.0628488,2
0.152822,0.0805542,0.0711435,2
0.211634,0.0868836,0.224604,2
0.144033,0.0628141,0.207117,2
0.128784,0.0537998,0.0424738,2
0.104445,0.0760646,0.105219,2
0.19186,0.107565,0.219515,2
0.0257094,0.0953512,0.198939,3
0.000290303,0.0236029,0.105909,3
0.0435001,0.0632243,0.00837209,3
0.0515612,0.0708671,0.129728,3
0.0117486,0.00765799,0.0944966,3
0.0678735,0.00100133,0.138993,3
0.0791846,0.0801669,0.111822,3
0.0869555,0.0585144,0.176,3
0.0400178,0.00409815,0.049241,3
0.0132679,0.0806775,0.0169122,3
0.0170352,0.0707632,0.113413,3
0.068442,0.0175044,0.197506,3
0.05474,0.0146166,0.220737,3
0.0536642,0.0431573,0.0840948,3
0.074002,0.0702966,0.182528,3
0.014934,0.0729927,0.126765,3
0.0336593,0.00907037,0.209226,3
0.0997408,0.0161491,0.027386,3
0.0192889,0.0693191,0.144279,3
0.0487262,0.0497163,0.0251342,3
0.0261665,0.0642793,0.0173173,3
0.0985978,0.0203156,0.0288081,3
0.0334792,0.0671448,0.164855,3
0.0913336,0.0297484,0.167314,3
0.100502,0.0583896,0.151115,3
0.0896456,0.010073,0.214319,3
0.0498877,0.039709,0.203489,3
0.0321536,0.0691064,0.123968,3
0.0879771,0.0186632,0.0220814,3
0.0200776,0.0910137,0.102949,3
0.0426258,0.115034,0.125562,3
0.00551663,0.00122144,0.0768503,3
0.0256558,0.0350763,0.031083,3
0.0732446,0.0811266,0.0530022,3
0.0549694,0.0464346,0.106358,3
0.0520218,0.0379577,0.103249,3
0.0659151,0.0815969,0.109777,3
0.083711,0.0906984,0.187321,3
0.0373254,0.0745226,0.150697,3
0.0848121,0.0217589,0.205518,3
0.00321449,0.0312168,0.118176,3
0.0743116,0.0348142,0.0391347,3
0.0319723,0.0409144,0.150903,3
0.0459319,0.00775715,0.220723,3
0.0081631,0.107412,0.202117,3
0.0281767,0.0262507,0.205285,3
0.0114079,0.124012,0.0341218,3
0.0325116,0.115635,0.133206,3
0.00892164,0.11964,0.0383308,3
0.0349249,0.105651,0.189001,3
0.0517069,0.00644251,0.0955336,3
0.0234528,0.0348881,0.165136,3
0.0166154,0.099688,0.087762,3
0.0387915,0.0366778,0.102132,3
0.0109737,0.0134607,0.0384191,3
0.0698763,0.0666748,0.0229651,3
0.0391995,0.00686396,0.0439774,3
0.0213394,0.0809209,0.111025,3
0.0885252,0.0319593,0.168886,3
0.00451575,0.0666589,0.129266,3
0.000638204,0.0121586,0.0865886,3
0.0374658,0.0125335,0.128095,3
0.0452463,0.108,0.20343,3
0.0953376,0.0630453,0.171256,3
0.0721354,0.0838296,0.20356,3
0.0551695,0.0736851,0.205535,3
0.0876688,0.00352184,0.209001,3
0.0225154,0.024277,0.200021,3
0.0503222,0.0326935,0.0249383,3
0.0670445,0.0476497,0.215908,3
0.0104355,0.0878735,0.00992546,3
0.0140253,0.0376306,0.00726709,3
0.0991903,0.108213,0.201861,3
0.054917,0.00976147,0.222484,3
0.0852992,0.108452,0.0914064,3
0.0222895,0.029461,0.0233939,3
0.0775428,0.0895825,0.196165,3
0.0204374,0.0724083,0.126191,3
0.00533847,0.00283833,0.149523,3
0.0797651,0.0440307,0.0152922,3
0.0228171,0.0472832,0.163371,3
0.0652037,0.0319288,0.21112,3
0.0548761,0.0625299,0.144724,3
0.0183947,0.119304,0.170555,3
0.0912308,0.00691029,0.0872243,3
0.0746254,0.0375591,0.0113839,3
0.0529681,0.0181076,0.0609165,3
0.0744003,0.0199881,0.163762,3
0.0306464,0.101626,0.151483,3
0.0620149,0.121285,0.0359374,3
1.59953e-05,0.107409,0.0564128,3
0.0274015,0.00495346,0.188876,3
0.0963594,0.0642422,0.12557,3
0.00247641,0.0325006,0.115288,3
0.0681145,0.028626,0.0367033,3
0.0499275,0.0763533,0.111241,3
0.00158326,0.0550585,0.0599984,3
0.0143643,0.0688175,0.064748,3
0.080081,0.0379964,0.22473,3
0.071567,0.0372786,0.189934,3
0.0493195,0.00327584,0.14109,3
0.0852782,0.0353351,0.168958,3
0.000854362,0.0939244,0.186094,3
0.0153164,0.0922338,0.0592646,3
0.0992492,0.0664579,0.00868679,3
0.0760644,0.0340758,0.0115833,3
0.0299722,0.040746,0.0607473,3
0.0888788,0.073544,0.0482196,3
0.0816965,0.0629506,0.0644719,3
0.060165,0.122742,0.0923838,3
0.0828701,0.0759753,0.0325245,3
0.0250728,0.0236324,0.102681,3
0.00301708,0.093574,0.0226543,3
0.0369199,0.11786,0.00784933,3
0.076009,0.126125,0.0821451,3
0.0986831,0.108659,0.0316931,3
0.00779705,0.0954959,0.0409794,3
0.0793978,0.0231127,0.051001,3
0.0995268,0.120007,0.207242,3
0.0419221,0.100003,0.00846724,3
0.03132,0.125786,0.0774594,3
0.100624,0.0769735,0.210618,3
