x coord,y coord,z coord,rank
0.151255,0.0195872,0.0460378,0
0.185618,0.0297781,0.0596008,0
0.15646,0.0609416,0.0585118,0
0.154016,0.0638439,0.048755,0
0.144054,0.0539011,0.0466748,0
0.157869,0.065598,0.0157641,0
0.168261,0.0653624,0.02352,0
0.149159,0.0320868,0.0147034,0
0.151517,0.0223185,0.0276349,0
0.174625,0.0334433,0.0270814,0
0.181224,0.0438924,0.033476,0
0.176235,0.0329841,0.0482516,0
0.148179,0.00249568,0.0734031,0
0.179119,0.0746715,0.0399924,0
0.148568,0.0398592,0.0388264,0
0.161577,0.0259837,0.0370371,0
0.184465,0.0323765,0.0466515,0
0.149748,0.0667642,0.0629658,0
0.154049,0.05224,0.023708,0
0.169345,0.0446136,0.0262689,0
0.144124,0.0626613,0.0183886,0
0.145608,0.0297063,0.0271188,0
0.161858,0.0738219,0.0124718,0
0.159772,0.047122,0.0724828,0
0.146176,0.075178,0.0137076,0
0.149234,0.0561514,0.0726199,0
0.149954,0.0514922,0.0661453,0
0.14831,0.060812,0.0309889,0
0.162605,0.0573682,0.00751908,0
0.163393,0.0265499,0.0505925,0
0.152658,0.0487866,0.0734783,0
0.160726,0.0519305,0.0201163,0
0.184015,0.0734397,0.0676391,0
0.199156,0.0459112,0.0617055,0
0.145255,0.0722923,0.0679902,0
0.143761,0.0143516,0.0738046,0
0.156038,0.0600964,0.00664244,0
0.186398,0.0709059,0.0497431,0
0.146307,0.0122454,0.0734179,0
0.144352,0.0350286,0.0435572,0
0.175693,0.0596173,0.0337027,0
0.1554,0.063724,0.0707317,0
0.156753,0.0302517,0.068206,0
0.143898,0.049535,0.0738343,0
0.177677,0.0486779,0.0596171,0
0.155393,0.017474,0.0511521,0
0.14487,0.0637654,0.034229,0
0.176885,0.0171071,0.0685926,0
0.143963,0.0363413,0.0679941,0
0.145488,0.0137714,0.047084,0
0.145089,0.0433228,0.0645099,0
0.162515,0.0505915,0.0352497,0
0.151356,0.00700052,0.0574357,0
0.160833,0.0707861,0.0727365,0
0.165898,0.0165327,0.0595057,0
0.181554,0.069094,0.0575916,0
0.148658,0.0291461,0.0734257,0
0.154606,0.00271462,0.0704404,0
0.144617,0.0615394,0.0722636,0
0.143712,0.0277766,0.0392886,0
0.18616,0.0455601,0.0718657,0
0.149399,0.0296919,0.0335166,0
0.166241,0.0283493,0.0649036,0
0.149031,0.0471855,0.0199433,0
0.152192,0.056468,0.0121248,0
0.146478,0.0624327,0.0198102,0
0.197238,0.0604159,0.0668619,0
0.144415,0.0485675,0.0675323,0
0.169366,0.0559647,0.0117354,0
0.1588,0.0382142,0.0581384,0
0.192312,0.0596792,0.036113,0
0.146529,0.0396945,0.0132914,0
0.149174,0.0502992,0.0448223,0
0.155735,0.00584204,0.05465,0
0.149532,0.0375885,0.0554288,0
0.143975,0.0568784,0.0640209,0
0.152419,0.0648085,0.0362456,0
0.164005,0.0485434,0.0453827,0
0.165998,0.0637139,0.0661746,0
0.155607,0.0538529,0.0435349,0
0.164521,0.0450043,0.0116414,0
0.146436,0.0408345,0.0571652,0
0.143921,0.0240499,0.0496997,0
0.150423,0.051169,0.00476058,0
0.172927,0.0515702,0.039891,0
0.149789,0.0717837,0.0503943,0
0.158865,0.0219631,0.0726752,0
0.147847,0.046911,0.0563446,0
0.150242,0.0567698,0.0577712,0
0.163466,0.0414025,0.0313454,0
0.152319,0.067928,0.020404,0
0.175727,0.0213924,0.0439153,0
0.177272,0.0659765,0.0455637,0
0.150895,0.0683856,0.074222,0
0.148481,0.0666096,0.0639323,0
0.167543,0.025187,0.0318798,0
0.154881,0.0310449,0.0427761,0
0.155646,0.0409809,0.014469,0
0.145785,0.0437281,0.0482208,0
0.147802,0.0568737,0.05992,0
0.14513,0.055315,0.053148,0
0.143756,0.050695,0.0566323,0
0.144352,0.0648041,0.0440766,0
0.187238,0.0537822,0.0518005,0
0.168643,0.0458132,0.0612872,0
0.157163,0.0265898,0.0236182,0
0.175282,0.0734743,0.0732964,0
0.144117,0.0682412,0.0346803,0
0.16115,0.00698402,0.0659409,0
0.158893,0.0655212,0.043887,0
0.194458,0.0718454,0.0593483,0
0.14489,0.0228069,0.043026,0
0.154764,0.0423431,0.0330213,0
0.16825,0.0410788,0.0500302,0
0.145979,0.0614327,0.0412398,0
0.148034,0.0262163,0.0442984,0
0.144668,0.034282,0.0588312,0
0.143876,0.0733622,0.0189409,0
0.145089,0.0161061,0.0590836,0
0.14429,0.0343146,0.0599108,0
0.183073,0.0707811,0.0236843,0
0.144967,0.0525075,0.0122607,0
0.144654,0.0473027,0.0301774,0
0.178858,0.0562165,0.0463684,0
0.144242,0.0201783,0.0678893,0
0.146354,0.043518,0.0745439,0
0.162676,0.0597845,0.0901559,1
0.176013,0.0451907,0.10975,1
0.148442,0.0238841,0.0931347,1
0.168502,0.0115031,0.0836707,1
0.144102,0.0663574,0.0780706,1
0.18575,0.0581267,0.0975586,1
0.146275,0.0680483,0.0879354,1
0.144197,0.0402865,0.0844077,1
0.147422,0.0347855,0.100429,1
0.156835,0.0416127,0.136534,1
0.174578,0.0530597,0.0830373,1
0.14409,0.0621057,0.105481,1
0.192859,0.050071,0.108986,1
0.150099,0.0386305,0.0817929,1
0.181788,0.0222458,0.0777007,1
0.16347,0.0559345,0.129751,1
0.150125,0.0724638,0.0789343,1
0.154673,0.0297495,0.0926315,1
0.149502,0.0593518,0.122077,1
0.156789,0.0261773,0.111964,1
0.16163,0.0365674,0.0758739,1
0.153725,0.0259195,0.125075,1
0.1569,0.0439279,0.085004,1
0.153748,0.017553,0.102829,1
0.175236,0.0416682,0.0755792,1
0.155127,0.0702105,0.0973607,1
0.145608,0.0716713,0.142169,1
0.146571,0.0276562,0.112827,1
0.190762,0.0709221,0.105312,1
0.143789,0.0262075,0.0921461,1
0.144423,0.0693531,0.125445,1
0.180537,0.0429947,0.0946293,1
0.149619,0.0428303,0.110412,1
0.146276,0.066993,0.103294,1
0.153413,0.0481772,0.131116,1
0.146596,0.0504601,0.108571,1
0.166589,0.0237338,0.0973076,1
0.144759,0.0193509,0.0803733,1
0.172258,0.0548051,0.127317,1
0.17568,0.0399465,0.128404,1
0.147008,0.0485196,0.101325,1
0.150016,0.0187713,0.0772295,1
0.146644,0.0325009,0.0774548,1
0.191186,0.0396436,0.0797034,1
0.170139,0.0551556,0.0980099,1
0.169377,0.0332535,0.0891635,1
0.143691,0.0579832,0.0790324,1
0.157991,0.066906,0.105374,1
0.14649,0.062902,0.12023,1
0.165654,0.0359208,0.115178,1
0.144066,0.0275513,0.092087,1
0.143828,0.0593678,0.137443,1
0.14448,0.0682514,0.0952471,1
0.144926,0.0338152,0.0752848,1
0.169487,0.0661606,0.10798,1
0.148932,0.0486275,0.0874751,1
0.149324,0.0314672,0.117283,1
0.196972,0.0734726,0.0890351,1
0.145543,0.0754775,0.112298,1
0.173425,0.0711983,0.126515,1
0.160961,0.0167293,0.0863517,1
0.147603,0.0388567,0.123549,1
0.149078,0.0605599,0.0985924,1
0.15319,0.0705667,0.148278,1
0.147831,0.0507554,0.132833,1
0.174196,0.0290686,0.0974342,1
0.151856,0.0564221,0.112094,1
0.156573,0.0650452,0.127129,1
0.158205,0.066447,0.0836182,1
0.163183,0.0504854,0.118239,1
0.156943,0.059506,0.138083,1
0.15578,0.0540029,0.116726,1
0.146034,0.0613841,0.0905785,1
0.143685,0.0708408,0.117845,1
0.153464,0.038912,0.120894,1
0.174576,0.0512489,0.11774,1
0.185761,0.056272,0.082757,1
0.167086,0.0270841,0.1198,1
0.143771,0.0483773,0.102223,1
0.144044,0.0477981,0.092838,1
0.195065,0.0614102,0.0822573,1
0.191882,0.0396225,0.105046,1
0.157785,0.0167954,0.115446,1
0.161154,0.0430157,0.128147,1
0.158921,0.0384691,0.0951337,1
0.188447,0.0703036,0.0819961,1
0.1447,0.0593612,0.127935,1
0.199539,0.071647,0.100135,1
0.145908,0.0607217,0.11622,1
0.143853,0.0334234,0.107137,1
0.143683,0.0645728,0.0886886,1
0.167989,0.010554,0.101181,1
0.143952,0.0564459,0.087247,1
0.195285,0.0591292,0.0924705,1
0.150814,0.0193112,0.117387,1
0.143708,0.0445755,0.0827674,1
0.150365,0.0711575,0.0960523,1
0.143945,0.0363299,0.100966,1
0.182021,0.0712641,0.106797,1
0.146266,0.0659878,0.13081,1
0.143805,0.0566265,0.108471,1
0.150477,0.0608625,0.0790689,1
0.162324,0.0218899,0.10772,1
0.164246,0.0664859,0.137221,1
0.181869,0.049273,0.103176,1
0.165973,0.0200192,0.0750674,1
0.14839,0.0141458,0.109019,1
0.157083,0.00485553,0.0829541,1
0.153615,0.0361708,0.11072,1
0.154784,0.0440259,0.103846,1
0.147738,0.023358,0.103851,1
0.168054,0.0321405,0.0756838,1
0.150394,0.00157956,0.0818798,1
0.143823,0.0534572,0.115746,1
0.143682,0.0221172,0.10335,1
0.18569,0.0423644,0.117373,1
0.176861,0.0621463,0.117564,1
0.172574,0.0432972,0.0982032,1
0.1805,0.032082,0.102041,1
0.163235,0.0490317,0.101086,1
0.203319,0.0541279,0.0815653,1
0.145353,0.0400052,0.112084,1
0.171899,0.073352,0.0971574,1
0.144628,0.0307116,0.117486,1
0.166527,0.140676,0.0589157,2
0.1527,0.0776564,0.0439502,2
0.186242,0.0893027,0.0541308,2
0.144577,0.131368,0.0711758,2
0.145973,0.1222,0.0735942,2
0.144987,0.125721,0.0696711,2
0.15222,0.108451,0.069713,2
0.166464,0.086764,0.0346232,2
0.176108,0.0908047,0.0484063,2
0.172154,0.130635,0.0625909,2
0.143695,0.109497,0.0705837,2
0.144289,0.0863919,0.0598505,2
0.168031,0.0920123,0.0693329,2
0.14751,0.115761,0.0491454,2
0.143799,0.0872429,0.0747638,2
0.164696,0.100824,0.0509725,2
0.150564,0.131149,0.0483004,2
0.157071,0.124346,0.0557486,2
0.151911,0.122694,0.0174795,2
0.143758,0.0854555,0.0423399,2
0.188116,0.0845689,0.0257404,2
0.147083,0.116838,0.0160971,2
0.145185,0.0890681,0.04677,2
0.182576,0.0889743,0.0737959,2
0.15701,0.0832771,0.00847972,2
0.150327,0.0790438,0.0552428,2
0.144196,0.130926,0.0525523,2
0.190763,0.0849699,0.0711624,2
0.146822,0.111524,0.0339678,2
0.144166,0.127086,0.0419362,2
0.179888,0.116138,0.0432914,2
0.166217,0.127765,0.0577951,2
0.152831,0.0960504,0.062998,2
0.168517,0.0855513,0.054868,2
0.145174,0.0885379,0.0663285,2
0.148109,0.0785626,0.0209462,2
0.151705,0.108104,0.0136023,2
0.148276,0.0767543,0.0660998,2
0.157796,0.135792,0.0419579,2
0.16948,0.100242,0.0207101,2
0.148863,0.0841243,0.00838487,2
0.143902,0.115667,0.0549199,2
0.164678,0.0796658,0.0225677,2
0.148308,0.123681,0.0303361,2
0.144393,0.0783679,0.075265,2
0.147033,0.0981623,0.0222555,2
0.144007,0.0867802,0.0170666,2
0.146077,0.0769908,0.0440983,2
0.158841,0.130175,0.0723512,2
0.147229,0.0855493,0.0284336,2
0.143768,0.12733,0.0613068,2
0.164155,0.141226,0.0694987,2
0.145806,0.107323,0.0503942,2
0.145699,0.125254,0.0608378,2
0.155735,0.0796801,0.0647536,2
0.194156,0.0763674,0.0352567,2
0.189072,0.120271,0.0601712,2
0.168287,0.109033,0.0707209,2
0.149144,0.11148,0.0214273,2
0.151289,0.0926296,0.0169889,2
0.155897,0.116205,0.0335305,2
0.16453,0.0815855,0.0440358,2
0.152565,0.129045,0.0381243,2
0.144946,0.1239,0.0259588,2
0.144167,0.105164,0.0549811,2
0.144276,0.1134,0.0195588,2
0.144334,0.109346,0.0388259,2
0.161216,0.0964037,0.0311,2
0.148585,0.136063,0.0386382,2
0.155951,0.0791023,0.0192052,2
0.16168,0.10591,0.0639454,2
0.180555,0.0806106,0.01592,2
0.146374,0.0915739,0.0562382,2
0.144342,0.0893852,0.0550562,2
0.145413,0.0940421,0.0345227,2
0.184698,0.0993296,0.0424803,2
0.149424,0.121874,0.0687047,2
0.143863,0.0951058,0.0648964,2
0.145363,0.101164,0.0660348,2
0.168024,0.118902,0.0343228,2
0.177504,0.0777309,0.0559753,2
0.195099,0.0925382,0.046917,2
0.163161,0.0984513,0.0710043,2
0.154183,0.125969,0.0681989,2
0.144444,0.0979485,0.0299863,2
0.144185,0.0971476,0.0471165,2
0.156458,0.0807988,0.0370363,2
0.159556,0.142558,0.058444,2
0.158798,0.101777,0.0486043,2
0.196152,0.0998323,0.0699297,2
0.159766,0.0899382,0.0154715,2
0.147307,0.138527,0.0746498,2
0.144019,0.107649,0.0293296,2
0.143726,0.0771558,0.0466674,2
0.171626,0.115666,0.0601563,2
0.18572,0.0987936,0.0299782,2
0.144447,0.140388,0.0660976,2
0.144113,0.110737,0.0601279,2
0.153232,0.0973964,0.00757516,2
0.173273,0.119344,0.0704577,2
0.177214,0.111092,0.0559728,2
0.143688,0.102192,0.0207085,2
0.160769,0.0858017,0.052565,2
0.143709,0.0793347,0.0328302,2
0.166559,0.118142,0.0513784,2
0.146395,0.107845,0.0742041,2
0.192195,0.0981971,0.0598439,2
0.147354,0.102069,0.0479148,2
0.154727,0.132455,0.0594299,2
0.161363,0.112608,0.0236641,2
0.148497,0.0991562,0.0586095,2
0.184873,0.107592,0.0686406,2
0.146066,0.138057,0.0526497,2
0.182024,0.0848435,0.0367879,2
0.150377,0.14665,0.0586404,2
0.149572,0.10092,0.0346997,2
0.158402,0.113993,0.0433935,2
0.166873,0.0869379,0.0155331,2
0.177061,0.111726,0.0334939,2
0.177112,0.10645,0.0423297,2
0.17343,0.135983,0.0476788,2
0.145591,0.1106,0.0438189,2
0.147563,0.115481,0.0592832,2
0.148154,0.0941448,0.075966,2
0.198896,0.0848006,0.0532325,2
0.150136,0.129541,0.0764532,2
0.181165,0.0980932,0.0930562,3
0.146347,0.0893725,0.121464,3
0.144889,0.116827,0.0854298,3
0.166217,0.109372,0.115991,3
0.169545,0.0837346,0.141732,3
0.164785,0.0772012,0.117453,3
0.199048,0.0855299,0.0812876,3
0.150786,0.109394,0.128483,3
0.145339,0.118633,0.0883789,3
0.160714,0.0798003,0.0805383,3
0.151841,0.139996,0.106235,3
0.145986,0.128576,0.120085,3
0.143703,0.0786661,0.0870786,3
0.148572,0.106594,0.093422,3
0.147447,0.0968926,0.130097,3
0.170114,0.0994138,0.0803457,3
0.143925,0.096966,0.132793,3
0.167593,0.0959857,0.137558,3
0.163362,0.0764591,0.0975605,3
0.145468,0.0965866,0.0886994,3
0.147224,0.141203,0.09909,3
0.144775,0.0993145,0.124904,3
0.152565,0.0866731,0.0990903,3
0.145117,0.143882,0.0818469,3
0.16479,0.0969933,0.107033,3
0.191039,0.0795653,0.114378,3
0.163785,0.128353,0.0876628,3
0.150841,0.0959841,0.124554,3
0.161788,0.142422,0.10111,3
0.192608,0.0881477,0.108935,3
0.143809,0.114592,0.0873263,3
0.16123,0.0953883,0.0990367,3
0.143732,0.0897286,0.12961,3
0.148931,0.101928,0.0781499,3
0.152465,0.087813,0.116288,3
0.162148,0.0971944,0.0811273,3
0.190702,0.101348,0.0788653,3
0.155071,0.0801221,0.123181,3
0.150503,0.111061,0.111315,3
0.153163,0.108162,0.0951454,3
0.143762,0.124613,0.0918427,3
0.17867,0.0878049,0.130453,3
0.17009,0.0996218,0.126555,3
0.153227,0.105268,0.11876,3
0.178472,0.119114,0.0901584,3
0.163455,0.145226,0.0849729,3
0.143813,0.103709,0.09656,3
0.143823,0.0922283,0.107528,3
0.152885,0.0927241,0.0883337,3
0.195144,0.100379,0.101114,3
0.157485,0.131063,0.119288,3
0.149153,0.118083,0.105095,3
0.147754,0.0786223,0.0937181,3
0.187043,0.121866,0.0935484,3
0.147001,0.0781619,0.111248,3
0.184991,0.107352,0.0909658,3
0.151305,0.0889471,0.142082,3
0.146303,0.120818,0.110198,3
0.161936,0.0913057,0.139566,3
0.154588,0.102459,0.0850577,3
0.15127,0.136458,0.0904364,3
0.160921,0.0780984,0.13872,3
0.15947,0.113218,0.0874798,3
0.149807,0.125133,0.115875,3
0.158451,0.118616,0.118317,3
0.153211,0.101472,0.14225,3
0.15574,0.0968433,0.103105,3
0.144667,0.114302,0.123729,3
0.175949,0.0783364,0.118759,3
0.146972,0.0866414,0.0998843,3
0.170147,0.140309,0.093052,3
0.143863,0.108343,0.0942828,3
0.159012,0.124969,0.0830012,3
0.14412,0.0921273,0.0807844,3
0.178732,0.0996343,0.0816337,3
0.14434,0.0861446,0.108542,3
0.150503,0.0770612,0.142646,3
0.179158,0.0769621,0.0845885,3
0.143696,0.112962,0.115147,3
0.159218,0.123166,0.103287,3
0.18909,0.077204,0.125704,3
0.145503,0.101245,0.113978,3
0.155414,0.1161,0.137559,3
0.181276,0.127207,0.0839627,3
0.157032,0.0921146,0.0829364,3
0.169689,0.126911,0.0825099,3
0.145146,0.0854717,0.109991,3
0.168546,0.126565,0.119979,3
0.1506,0.146059,0.0947409,3
0.170398,0.127381,0.100669,3
0.144915,0.107848,0.101073,3
0.144253,0.0818838,0.136395,3
0.174819,0.111522,0.122072,3
0.145423,0.134038,0.099118,3
0.148936,0.0855843,0.127308,3
0.168762,0.0849367,0.104483,3
0.145905,0.0967831,0.10073,3
0.145432,0.0882549,0.0964367,3
0.150765,0.122263,0.0914752,3
0.159051,0.0948168,0.125266,3
0.144356,0.079315,0.125785,3
0.1438,0.0975636,0.0965881,3
0.143953,0.124019,0.0783398,3
0.144522,0.127049,0.110816,3
0.159767,0.132822,0.105715,3
0.179671,0.112783,0.0986059,3
0.180329,0.0850454,0.0947234,3
0.171787,0.136253,0.0807153,3
0.146593,0.131344,0.0821043,3
0.146918,0.134376,0.109684,3
0.187103,0.0907945,0.099935,3
0.197311,0.0957152,0.0832368,3
0.150274,0.0995365,0.113278,3
0.190773,0.0999338,0.113051,3
0.146462,0.0846926,0.136711,3
0.171475,0.107604,0.0887412,3
0.160223,0.123789,0.127607,3
0.18536,0.0773709,0.0997985,3
0.143734,0.0762903,0.104067,3
0.179023,0.103825,0.117997,3
0.177434,0.0905644,0.110352,3
0.156551,0.0877002,0.134475,3
0.143789,0.131263,0.0854761,3
0.188055,0.122994,0.0796325,3
