x coord,y coord,z coord,rank
0.224454,0.0968846,0.0234238,0
0.197679,0.108598,0.0637575,0
0.180588,0.206791,0.00298311,0
0.129112,0.0925795,0.0399924,0
0.211799,0.217722,0.0528983,0
0.208039,0.180829,0.0585649,0
0.164666,0.0627199,0.10111,0
0.167739,0.0592241,0.10038,0
0.133932,0.210576,0.0578449,0
0.161724,0.0655259,0.095209,0
0.156418,0.0315594,0.096194,0
0.13211,0.189881,0.00574338,0
0.170586,0.0646861,0.0961623,0
0.143347,0.0219489,0.0707987,0
0.178234,0.0939811,0.0806337,0
0.17078,0.209688,0.0673994,0
0.191367,0.0718023,0.0425353,0
0.167461,0.0609244,0.100443,0
0.193853,0.187299,0.0590485,0
0.207112,0.175304,0.0915685,0
0.12693,0.103519,0.101448,0
0.218363,0.136243,0.0490526,0
0.136548,0.218743,0.0221721,0
0.170689,0.125364,0.0880566,0
0.168553,0.0638381,0.0970163,0
0.214902,0.194317,0.0813199,0
0.205858,0.224082,0.00743505,0
0.195109,0.177183,0.0846875,0
0.173681,0.179735,0.0460908,0
0.144398,0.0574117,0.0960928,0
0.180308,0.0629815,0.00325875,0
0.134194,0.177331,0.0168864,0
0.167508,0.0626541,0.100655,0
0.15277,0.0778273,0.0508841,0
0.195137,0.0240165,0.0481882,0
0.191235,0.190638,0.0264049,0
0.167408,0.0644395,0.0987632,0
0.164639,0.0695353,0.0978418,0
0.155923,0.0525675,0.076813,0
0.190783,0.0779035,0.0139529,0
0.193982,0.0194016,0.0171105,0
0.130594,0.101689,0.00871858,0
0.175802,0.102272,0.0456628,0
0.170841,0.0639109,0.0938004,0
0.156061,0.00335771,0.0573307,0
0.169535,0.065439,0.0971065,0
0.136708,0.151448,0.0346709,0
0.1626,0.0661671,0.0977195,0
0.164526,0.0665568,0.102242,0
0.169472,0.0637759,0.095312,0
0.164511,0.0577443,0.0963537,0
0.167445,0.0652389,0.0920967,0
0.165562,0.0729088,0.0155008,0
0.147663,0.13209,0.013931,0
0.178308,0.0606013,0.0662437,0
0.170812,0.0627098,0.097071,0
0.213243,0.0111433,0.0156313,0
0.197534,0.133704,0.0797657,0
0.13503,0.140829,0.0188615,0
0.167706,0.0630561,0.100425,0
0.164023,0.0680246,0.0999631,0
0.128228,0.105836,0.0821639,0
0.170237,0.0684209,0.0995571,0
0.167084,0.0626175,0.0731672,0
0.146825,0.0601393,0.0724078,0
0.164817,0.064902,0.0995533,0
0.168833,0.0586432,0.0992407,0
0.195087,0.137648,0.0521074,0
0.136062,0.0237365,0.0872346,0
0.137941,0.0709443,0.0639101,0
0.212379,0.0667272,0.0577187,0
0.174302,0.207082,0.0723883,0
0.170771,0.220777,0.0825347,0
0.222109,0.0480614,0.0426596,0
0.207752,0.196625,0.0863759,0
0.144254,0.0853891,0.0854552,0
0.22199,0.199739,0.0509948,0
0.194852,0.206469,0.045056,0
0.162978,0.0657008,0.0955518,0
0.155391,0.146362,0.0640353,0
0.143123,0.152463,0.0520548,0
0.138114,0.163788,0.0678299,0
0.173116,0.0486007,0.0248148,0
0.166292,0.060751,0.0986394,0
0.213264,0.2216,0.0468071,0
0.172467,0.0671267,0.0914134,0
0.216907,0.0775893,0.0489906,0
0.193647,0.0413499,0.0238686,0
0.167042,0.0684686,0.0994692,0
0.159191,0.00166186,0.00541191,0
0.175136,0.189674,0.0953911,0
0.16721,0.17795,0.0616365,0
0.206153,0.214009,0.0931945,0
0.166761,0.0673571,0.0972958,0
0.166257,0.061594,0.100216,0
0.171826,0.0633837,0.102296,0
0.157553,0.079189,0.0477334,0
0.125637,0.109654,0.0289131,0
0.145981,0.201728,0.0479085,0
0.149077,0.181536,0.0740248,0
0.176588,0.123087,0.0315029,0
0.167934,0.121094,0.00170984,0
0.135688,0.0424897,0.0705866,0
0.199535,0.127294,0.0864761,0
0.166062,0.0607721,0.0977082,0
0.168987,0.0646603,0.0963436,0
0.170666,0.0685397,0.101495,0
0.165502,0.058574,0.0535788,0
0.199742,0.0793578,0.00319324,0
0.174212,0.0469505,0.08093,0
0.201215,0.125681,0.0626459,0
0.166271,0.0644538,0.101058,0
0.194756,0.0911218,0.0367718,0
0.16795,0.0678402,0.0993321,0
0.160902,0.089197,0.0371458,0
0.1677,0.0655073,0.0961119,0
0.136006,0.026681,0.0511066,0
0.135492,0.138681,0.0701167,0
0.173965,0.135773,0.0438154,0
0.163585,0.0628095,0.0985868,0
0.169109,0.0640179,0.0998067,0
0.167798,0.0681655,0.0937485,0
0.163282,0.065703,0.091608,0
0.165767,0.0715135,0.102276,0
0.165993,0.0605561,0.102375,0
0.122901,0.144662,0.188316,1
0.121761,0.0115799,0.200525,1
0.0429819,0.0956187,0.21135,1
0.0974177,0.16144,0.14461,1
0.032018,0.0917399,0.127241,1
0.0244852,0.200849,0.12718,1
0.0326871,0.106259,0.221899,1
0.0449294,0.122235,0.135976,1
0.047476,0.150094,0.183129,1
0.0898809,0.116168,0.19694,1
0.0874777,0.123747,0.128919,1
0.0374844,0.116733,0.193957,1
0.0937898,0.199595,0.177825,1
0.026086,0.182695,0.205481,1
0.00361252,0.0867534,0.224241,1
0.12164,0.0243539,0.191259,1
0.0877256,0.0406791,0.136159,1
0.044552,0.0842003,0.174656,1
0.074823,0.0936632,0.197919,1
0.0205433,0.0553267,0.12104,1
0.0388209,0.114322,0.187604,1
0.0958348,0.100874,0.193242,1
0.030736,0.105007,0.166465,1
0.030112,0.13448,0.150449,1
0.0211432,0.0534163,0.20345,1
0.0616684,0.178125,0.185345,1
0.0860731,0.028191,0.132508,1
0.0166708,0.209272,0.191988,1
0.0930973,0.223906,0.155344,1
0.0672564,0.018527,0.173565,1
0.0376155,0.0455278,0.222794,1
0.0863246,0.189875,0.178199,1
0.0542476,0.137109,0.152907,1
0.0930971,0.112774,0.172817,1
0.123986,0.0462014,0.157986,1
0.0648746,0.00818294,0.162308,1
0.0361681,0.0575182,0.127508,1
0.0491048,0.185379,0.128768,1
0.0994648,0.0744382,0.120571,1
0.0662395,0.0933319,0.192351,1
0.0821169,0.0751279,0.182415,1
0.0948846,0.184011,0.224698,1
0.0361043,0.0918767,0.149543,1
0.111275,0.0597221,0.173382,1
0.0638844,0.172926,0.145125,1
0.105601,0.0368686,0.150237,1
0.0475622,0.187385,0.150977,1
0.0878026,0.163521,0.15862,1
0.0382554,0.197271,0.12953,1
0.0672472,0.0689193,0.172355,1
0.0185536,0.00458172,0.188219,1
0.0316514,0.142008,0.22453,1
0.0871251,0.0692929,0.175705,1
0.00361799,0.217294,0.139925,1
0.0398773,0.198023,0.215741,1
0.103508,0.0333396,0.221994,1
0.0519154,0.00267821,0.17423,1
0.0587375,0.0861698,0.138687,1
0.118363,0.0715203,0.177033,1
0.02372,0.188737,0.195254,1
0.0630361,0.0787972,0.182633,1
0.0759571,0.117089,0.168614,1
0.0536522,0.224334,0.196078,1
0.0896604,0.107427,0.215428,1
0.0563506,0.0106676,0.188241,1
0.0972425,0.124619,0.159781,1
0.103363,0.147544,0.197241,1
0.102374,0.191444,0.161702,1
0.0157222,0.0237147,0.215563,1
0.0363136,0.174859,0.205547,1
0.0183539,0.17041,0.17042,1
0.0420763,0.173571,0.223614,1
0.0450744,0.122395,0.154342,1
0.00949832,0.200539,0.120746,1
0.031377,0.0442523,0.201653,1
0.0298838,0.0119865,0.131241,1
0.0608946,0.182009,0.208462,1
0.0979126,0.12414,0.172176,1
0.0389691,0.017198,0.11757,1
0.0928088,0.156556,0.205469,1
0.0411329,0.171778,0.215933,1
0.0969969,0.0441906,0.173536,1
0.0150751,0.119246,0.193933,1
0.0170163,0.148432,0.12614,1
0.0411116,0.022162,0.160941,1
0.00911183,0.218833,0.204162,1
0.0347581,0.152951,0.161774,1
0.0533329,0.149651,0.201132,1
0.060626,0.184813,0.196867,1
0.0653801,0.163311,0.168107,1
0.120086,0.0954773,0.214361,1
0.0649821,0.0410152,0.174277,1
0.0872402,0.0773758,0.195467,1
0.0773687,0.150857,0.147489,1
0.0178152,0.0228183,0.199489,1
0.0666974,0.0932404,0.149355,1
0.0735446,0.0620069,0.183171,1
0.00548826,0.0786791,0.222308,1
0.113208,0.174847,0.153089,1
0.102901,0.215102,0.126628,1
0.0892341,0.168294,0.201919,1
0.0854092,0.168139,0.162248,1
0.115596,0.0986303,0.222947,1
0.0238963,0.0680983,0.167256,1
0.0993603,0.0800372,0.213559,1
0.00736127,0.0657388,0.212972,1
0.0140253,0.188447,0.133867,1
0.11931,0.16996,0.145403,1
0.00667221,0.222432,0.115546,1
0.00885317,0.102944,0.149412,1
0.0480149,0.0985515,0.125121,1
0.114732,0.0716186,0.171158,1
0.092984,0.102552,0.125033,1
0.102142,0.175507,0.183486,1
0.0576759,0.0471037,0.114622,1
0.023323,0.0178622,0.123245,1
0.0321485,0.118821,0.15218,1
0.00455682,0.102233,0.166598,1
0.120269,0.0671861,0.135715,1
0.0456741,0.0950731,0.137247,1
0.0241336,0.106376,0.152966,1
0.184353,0.079129,0.196853,2
0.191344,0.0173377,0.129306,2
0.207944,0.0170189,0.130368,2
0.161732,0.104181,0.15209,2
0.194895,0.0682815,0.109286,2
0.135899,0.0642685,0.116792,2
0.142844,0.157789,0.110947,2
0.130091,0.0837949,0.16267,2
0.208025,0.0232529,0.205788,2
0.158662,0.0836829,0.175969,2
0.220931,0.211052,0.120834,2
0.131472,0.223433,0.212203,2
0.215258,0.126831,0.103138,2
0.161706,0.17131,0.178969,2
0.183526,0.00745801,0.161226,2
0.164075,0.0958396,0.175675,2
0.162487,0.169089,0.174372,2
0.148384,0.00400991,0.115819,2
0.175687,0.116322,0.132909,2
0.171955,0.194456,0.224709,2
0.209332,0.136958,0.209866,2
0.150764,0.2099,0.211363,2
0.139277,0.204332,0.19177,2
0.202911,0.140376,0.169202,2
0.216956,0.0703482,0.129526,2
0.139106,0.181579,0.212281,2
0.161261,0.219479,0.200485,2
0.200725,0.191713,0.191026,2
0.131084,0.213997,0.216003,2
0.216881,0.211514,0.186998,2
0.144486,0.100716,0.217903,2
0.14202,0.0280641,0.205924,2
0.186215,0.0310279,0.159811,2
0.146287,0.0257534,0.166971,2
0.223241,0.162669,0.194886,2
0.159347,0.0304517,0.116401,2
0.207237,0.110448,0.145907,2
0.161945,0.195071,0.196906,2
0.208522,0.172318,0.21412,2
0.14474,0.125648,0.170934,2
0.198957,0.0112934,0.158271,2
0.170629,0.217407,0.139193,2
0.199537,0.114858,0.119448,2
0.138728,0.0674765,0.158367,2
0.131549,0.00351577,0.135756,2
0.172469,0.0535013,0.198124,2
0.209808,0.0556686,0.194056,2
0.161367,0.206742,0.13846,2
0.207664,0.186897,0.19399,2
0.194929,0.0816244,0.196379,2
0.132522,0.101886,0.21491,2
0.140141,0.0034696,0.14213,2
0.151947,0.147459,0.203092,2
0.188713,0.0684279,0.199121,2
0.210357,0.0790604,0.154948,2
0.212478,0.0172347,0.17645,2
0.171615,0.177067,0.123266,2
0.139231,0.171071,0.119795,2
0.184802,0.172834,0.14509,2
0.180418,0.19889,0.144504,2
0.149662,0.0519303,0.177558,2
0.140365,0.135898,0.106404,2
0.175301,0.224957,0.123516,2
0.220333,0.14517,0.188119,2
0.194819,0.125126,0.153338,2
0.139979,0.081887,0.214093,2
0.139647,0.0197786,0.135191,2
0.158442,0.107405,0.208361,2
0.149781,0.00115769,0.147857,2
0.18209,0.0186733,0.205752,2
0.141188,0.169889,0.12658,2
0.203965,0.117165,0.116675,2
0.189078,0.215629,0.169625,2
0.158114,0.0366122,0.109205,2
0.180648,0.113716,0.135844,2
0.192647,0.178557,0.165118,2
0.195161,0.157096,0.142312,2
0.127907,0.219759,0.198522,2
0.213296,0.190322,0.162879,2
0.153443,0.198352,0.1123,2
0.205316,0.17553,0.186571,2
0.211119,0.182042,0.203634,2
0.162297,0.149101,0.156834,2
0.191732,0.0587035,0.188859,2
0.17742,0.155742,0.154758,2
0.178782,0.184185,0.175589,2
0.212338,0.0519333,0.116182,2
0.222241,0.206139,0.201463,2
0.14081,0.164135,0.121124,2
0.128567,0.0915091,0.173317,2
0.207587,0.0601207,0.137446,2
0.223222,0.212671,0.195717,2
0.202783,0.181651,0.219479,2
0.138149,0.211815,0.198456,2
0.153396,0.0410099,0.157122,2
0.161837,0.16805,0.221855,2
0.128632,0.11547,0.138834,2
0.166833,0.0641829,0.103991,2
0.21584,0.0399329,0.123435,2
0.181264,0.0589021,0.207355,2
0.144396,0.115703,0.145036,2
0.190117,0.191282,0.179344,2
0.158965,0.193313,0.131699,2
0.205005,0.153257,0.174037,2
0.135497,0.0656166,0.124787,2
0.190249,0.178624,0.159726,2
0.181941,0.00508279,0.217073,2
0.218881,0.0277775,0.155009,2
0.198411,0.159657,0.143472,2
0.140538,0.0987676,0.219956,2
0.215046,0.145108,0.161967,2
0.147314,0.217588,0.1389,2
0.200705,0.0172194,0.172584,2
0.151869,0.090302,0.151126,2
0.170238,0.0728666,0.172363,2
0.167894,0.0590362,0.104761,2
0.200206,0.0854001,0.11,2
0.210402,0.0155655,0.133541,2
0.215961,0.0620806,0.128094,2
0.176245,0.10389,0.120026,2
0.214426,0.0746769,0.150074,2
0.1352,0.0805937,0.216015,2
0.132471,0.070013,0.211344,2
0.12798,0.070315,0.211111,2
0.167035,0.0648327,0.103053,2
0.125536,0.0676227,0.192789,2
0.0251199,0.143266,0.0676116,3
0.00535457,0.0948295,0.103636,3
0.00734403,0.104417,0.0484425,3
0.08382,0.189909,0.0855122,3
0.0397979,0.148416,0.0483258,3
0.0387921,0.0347991,0.0994806,3
0.117166,0.127435,0.0660409,3
0.023607,0.0894939,0.0318882,3
0.0442314,0.0290999,0.0867522,3
0.0236301,0.189745,0.049219,3
0.0852668,0.0814077,0.0790664,3
0.121369,0.103709,0.0998701,3
0.113889,0.0190757,0.0159083,3
0.0656731,0.0911006,0.0637644,3
0.03637,0.0561195,0.066285,3
0.00348354,0.160084,0.0560488,3
0.0121392,0.215124,0.0954812,3
0.0065396,0.21386,0.103059,3
0.0350729,0.157686,0.102677,3
0.06841,0.222257,0.0919465,3
0.0504255,0.182948,0.0508217,3
0.0950151,0.160359,0.0889853,3
0.0983032,0.178108,0.0628275,3
0.0372855,0.114969,0.0052058,3
0.0133059,0.219237,0.0971088,3
0.0588677,0.00527975,0.0677499,3
0.0483791,0.14866,0.0325978,3
0.123277,0.0749252,0.110135,3
0.0586462,0.167694,0.0196798,3
0.100945,0.121676,0.0697499,3
0.0980347,0.0128241,0.0597342,3
0.0914559,0.0935349,0.0468429,3
0.0253508,0.194971,0.0395515,3
0.114297,0.0990665,0.00489993,3
0.0858958,0.106601,0.0595783,3
0.0254314,0.17684,0.0488782,3
0.00130046,0.11969,0.027963,3
0.059774,0.153246,0.0119304,3
0.123167,0.103803,0.0971397,3
0.0679629,0.169349,0.0352184,3
0.0729541,0.0741482,0.103532,3
0.0964513,0.144559,0.022416,3
0.0321185,0.00455625,0.0324286,3
0.0856758,0.176627,0.092371,3
0.0431771,0.0266444,0.0871016,3
0.122795,0.17363,0.0154558,3
0.0957386,0.11399,0.0471972,3
0.101626,0.00489289,0.0349645,3
0.0803945,0.211437,0.111964,3
0.113426,0.161496,0.0770737,3
0.0680151,0.0642545,0.0181213,3
0.0959265,0.0226923,0.0785496,3
0.0269496,0.145962,0.0270567,3
0.0834398,0.0776158,0.108794,3
0.0702452,0.000184707,0.107646,3
0.0372618,0.162397,0.112083,3
0.0887867,0.129102,0.0812833,3
0.0395369,0.0504355,0.0870604,3
0.0467949,0.117011,0.0681954,3
0.0402906,0.208988,0.0670932,3
0.0370658,0.210468,0.0396534,3
0.104673,0.145432,0.0884163,3
0.0571923,0.206635,0.0530889,3
0.0553601,0.0233418,0.080878,3
0.0791184,0.0776284,0.000938193,3
0.0122093,0.190577,0.0190016,3
0.123388,0.125882,0.0935192,3
0.0471894,0.0676702,0.0768157,3
0.116063,0.00259681,0.046755,3
0.106733,0.0616552,0.0574706,3
0.123714,0.0690723,0.0611431,3
0.0483853,0.0643192,0.101265,3
0.0139999,0.215737,0.0302105,3
0.113188,0.0058069,0.0924979,3
0.0575031,0.0323994,0.017836,3
0.0915098,0.201487,0.0953447,3
0.0791176,0.0532704,0.0805718,3
0.0795365,0.103359,0.0167247,3
0.0537117,0.213844,0.0267928,3
0.013352,0.170917,0.00364414,3
0.032251,0.0664074,0.104442,3
0.0943075,0.187541,0.0502693,3
0.0346276,0.223379,0.00856142,3
0.0499163,0.178944,0.0826776,3
0.0638411,0.12362,0.0252499,3
0.0632624,0.184379,0.103345,3
0.0317539,0.0362352,0.0743503,3
0.0509938,0.0894929,0.0280385,3
0.0937748,0.172887,0.0971381,3
0.0711399,0.0352817,0.0822129,3
0.0204192,0.033361,0.0920119,3
0.0306844,0.218025,0.00493508,3
0.015355,0.103923,0.0965176,3
0.0652958,0.0255886,0.0513083,3
0.0604013,0.00328354,0.0297177,3
0.0769287,0.0326593,0.100431,3
0.0242352,0.0314233,0.0725993,3
0.120863,0.00772634,0.0849714,3
0.0820308,0.148905,0.0856143,3
0.0808946,0.0588748,0.00727531,3
0.0131833,0.20398,0.0609687,3
0.108107,0.0677941,0.00348948,3
0.102277,0.0981368,0.0534475,3
0.0778422,0.179296,0.0227954,3
0.0728886,0.19671,0.0185583,3
0.0140129,0.0904188,0.0206145,3
0.110148,0.0265847,0.0922731,3
0.0984945,0.177928,0.00222489,3
0.0951667,0.0399481,0.026575,3
0.0842956,0.0082903,0.0868242,3
0.0803025,0.028076,0.0362907,3
0.0233339,0.0505913,0.00443419,3
0.0931187,0.199925,0.0351738,3
0.00659863,0.128198,0.0278278,3
0.0454668,0.163581,0.0688831,3
0.0748984,0.161535,0.0934996,3
0.116707,0.0512896,0.0159851,3
0.100663,0.174663,0.0925724,3
0.0986404,0.177199,0.00520899,3
0.000807796,0.166493,0.0912872,3
0.0153246,0.135947,0.0715299,3
0.110697,0.0963031,0.063307,3
0.114802,0.0587888,0.0499455,3
0.120459,0.144576,0.107279,3
0.0619414,0.175402,0.106347,3
0.110422,0.202221,0.111391,3
0.121592,0.124713,0.0810767,3
0.057852,0.224818,0.110337,3
