x coord,y coord,z coord,rank
0.0829973,0.125015,0.108141,0
0.0132002,0.123349,0.0620054,0
0.0820473,0.00289951,0.078641,0
0.0826645,0.0829719,0.22399,0
0.0940759,0.0409177,0.100469,0
0.00013891,0.0803349,0.06391,0
0.0796776,0.12608,0.125904,0
0.0990517,0.0297385,0.0752194,0
0.0672933,0.0665402,0.0137908,0
0.0618677,0.0601764,0.0682222,0
0.0943649,0.0584091,0.0281967,0
0.000777822,0.0569848,0.0258666,0
0.0160781,0.00831543,0.1151,0
0.0459955,0.0741361,0.00352431,0
0.00662369,0.0280485,0.0303969,0
0.017444,0.0709278,0.073499,0
0.076513,0.125097,0.0612846,0
0.0691853,0.0871117,0.116579,0
0.0622539,0.0556301,0.0647578,0
0.104653,0.0363929,0.124419,0
0.0598417,0.0182925,0.141777,0
0.0735512,0.0418089,0.171519,0
0.0902791,0.11441,0.0288835,0
0.00571435,0.0268874,0.156964,0
0.0303926,0.0198672,0.000246413,0
0.0760742,0.0317507,0.126748,0
0.0853875,0.0599754,0.144708,0
0.00882859,0.021292,0.166139,0
0.0176343,0.121698,0.00731734,0
0.026763,0.10183,0.0888867,0
0.0826117,0.121819,0.0365821,0
0.0515155,0.0489112,0.044098,0
0.0769606,0.0213072,0.0171456,0
0.0712834,0.113134,0.16831,0
0.0346409,0.0949986,0.0183261,0
0.0454166,0.0243604,0.123578,0
0.0565671,0.0295307,0.0348143,0
0.0683785,0.0380552,0.0252886,0
0.0134002,0.0414889,0.00804498,0
0.0215185,0.0174751,0.191786,0
0.0624668,0.0021995,0.0915673,0
0.0450883,0.0203683,0.210595,0
0.0349621,0.0769292,0.14656,0
0.0935639,0.0450749,0.0320896,0
0.0213131,0.00630285,0.106003,0
0.0989827,0.0183402,0.135166,0
0.0408216,0.0420866,0.124886,0
0.0919074,0.0821826,0.154752,0
0.0493609,0.068852,0.0792241,0
0.100036,0.00514971,0.171363,0
0.0947621,0.00888301,0.204425,0
0.0531873,0.00709455,0.0566028,0
0.087159,0.113433,0.165117,0
0.0542435,0.113447,0.117256,0
0.0418752,0.10682,0.0589186,0
0.0640523,0.032041,0.142568,0
0.0187989,0.0751693,0.105449,0
0.0829685,0.103141,0.0388608,0
0.00593601,0.0145328,0.189516,0
0.0123745,0.0869007,0.0949228,0
0.0438437,0.0350225,0.108511,0
0.0598713,0.118653,0.214799,0
0.0013951,0.114582,0.210805,0
0.0973117,0.0386844,0.217633,0
0.0923424,0.0443246,0.144034,0
0.0524613,0.051861,0.195027,0
0.0993887,0.0340479,0.224496,0
0.00837187,0.0347673,0.180842,0
0.0867618,0.0966059,0.20531,0
0.0109846,0.106132,0.162479,0
0.0251838,0.0575865,0.0569154,0
0.0702042,0.0728737,0.0180415,0
0.00452839,0.0807965,0.129259,0
0.0343277,0.0637209,0.205438,0
0.00105189,0.102647,0.127524,0
0.00855584,0.115933,0.116175,0
0.0797741,0.0745796,0.2171,0
0.083871,0.0682972,0.0112027,0
0.0561588,0.0570704,0.151735,0
0.00590571,0.00660073,0.21039,0
0.0441121,0.0336727,0.135685,0
0.0754425,0.00500711,0.139169,0
0.0548788,0.0647983,0.11867,0
0.0807504,0.0360018,0.199504,0
0.0930253,0.0201819,0.0782247,0
0.0841275,0.0131873,0.0706669,0
0.0239718,0.0435045,0.00450815,0
0.0224088,0.117107,0.146122,0
0.0748964,0.0224593,0.0834429,0
0.0149795,0.00560378,0.0506178,0
0.0874869,0.0051329,0.189951,0
0.00226489,0.0940697,0.0494552,0
0.0823008,0.0187538,0.0287518,0
0.0669234,0.108648,0.193129,0
0.0315166,0.0467793,0.221352,0
0.0225006,0.0609761,0.158208,0
0.0752547,0.0462193,0.197356,0
0.0545382,0.0289656,0.221358,0
0.0423085,0.11005,0.0378689,0
0.0611547,0.0738991,0.200516,0
0.0150226,0.057965,0.0927624,0
0.000705977,0.00544295,0.175882,0
0.0734912,0.0865812,0.0637049,0
0.076351,0.0305762,0.0639797,0
0.03598,0.11482,0.00879359,0
0.0113335,0.000401569,0.179318,0
0.0856188,0.0350436,0.164086,0
0.00439386,0.0845207,0.14321,0
0.0555498,0.00293663,0.0537747,0
0.0524452,0.105454,0.0350112,0
0.00572044,0.109742,0.215244,0
0.0160105,0.0608173,0.0616016,0
0.0620212,0.0582159,0.209611,0
0.0796347,0.0162054,0.162727,0
0.0347586,0.0619665,0.188773,0
0.0747241,0.00522368,0.0437034,0
0.0285551,0.00768157,0.197889,0
0.0282046,0.0700859,0.113347,0
0.0763662,0.124837,0.209202,0
0.00295984,0.120935,0.0827778,0
0.074292,0.115652,0.145284,0
0.0194557,0.124586,0.163998,0
0.0183231,0.158755,0.200064,1
0.0210476,0.129718,0.120659,1
0.0633635,0.142326,0.161428,1
0.0375779,0.13264,0.0225391,1
0.0276474,0.143468,0.213438,1
0.0233584,0.159851,0.209228,1
0.104862,0.131302,0.0918759,1
0.0425555,0.193749,0.1351,1
0.00662652,0.154476,0.221757,1
0.0290282,0.127737,0.0431407,1
0.0460073,0.189012,0.134025,1
0.0476595,0.191008,0.139003,1
0.0163667,0.19082,0.0904882,1
0.0909747,0.214577,0.161031,1
0.013833,0.135963,0.165429,1
0.0508915,0.22496,0.116534,1
0.0447762,0.190439,0.13925,1
0.0855315,0.173387,0.101735,1
0.028712,0.129536,0.0596275,1
0.0492915,0.191907,0.140902,1
0.092535,0.15026,0.0954645,1
0.0403442,0.189328,0.131993,1
0.0688396,0.186034,0.0263167,1
0.0654206,0.134869,0.170895,1
0.0545277,0.129666,0.0643523,1
0.0422994,0.190977,0.137077,1
0.00537098,0.200189,0.110436,1
0.0278385,0.160982,0.141055,1
0.0411421,0.19233,0.0974007,1
0.0831021,0.19505,0.152273,1
0.0915964,0.204436,0.0231197,1
0.051975,0.183367,0.0302702,1
0.0501362,0.136709,0.0535614,1
0.00343866,0.166871,0.103352,1
0.0274367,0.165945,0.0516423,1
0.00998552,0.217268,0.148488,1
0.0412378,0.218279,0.20484,1
0.074889,0.180352,0.0950896,1
0.0724641,0.193563,0.109777,1
0.043245,0.185662,0.138111,1
0.100672,0.19461,0.148565,1
0.0480855,0.221965,0.0182224,1
0.082778,0.164542,0.136893,1
0.0833912,0.207883,0.204318,1
0.04362,0.194723,0.13694,1
0.0972101,0.16964,0.194289,1
0.0110265,0.150821,0.17724,1
0.0438018,0.190736,0.136148,1
0.0430901,0.189655,0.13678,1
0.0426283,0.189632,0.137694,1
0.0851204,0.185317,0.216842,1
0.0397914,0.18998,0.138959,1
0.015761,0.157447,0.116651,1
0.0673287,0.191619,0.0207486,1
0.0436254,0.158384,0.0759326,1
0.0457106,0.188959,0.133089,1
0.0432298,0.19405,0.132812,1
0.0438165,0.195923,0.137017,1
0.0451529,0.168889,0.0121042,1
0.0409611,0.190763,0.137005,1
0.0154516,0.15394,0.0443986,1
0.0409293,0.191389,0.138764,1
0.00766159,0.21184,0.0996574,1
0.0949718,0.149401,0.0517945,1
0.0355525,0.219108,0.172175,1
0.0677272,0.158476,0.0312795,1
0.0443797,0.216612,0.0937513,1
0.0821799,0.165074,0.154086,1
0.0382944,0.189565,0.137894,1
0.0381225,0.193534,0.140734,1
0.0546579,0.221903,0.0248167,1
0.042611,0.191085,0.135013,1
0.0778767,0.136967,0.178511,1
0.0434019,0.193858,0.140275,1
0.0570892,0.159211,0.118251,1
0.0167046,0.222672,0.182492,1
0.0443155,0.189061,0.133511,1
0.00445317,0.185411,0.0583957,1
0.102568,0.148068,0.102561,1
0.0607784,0.171725,0.141299,1
0.0102702,0.144243,0.0515936,1
0.0234809,0.216709,0.186839,1
0.0497574,0.217351,0.200274,1
0.045601,0.187007,0.13369,1
0.0562803,0.161629,0.040185,1
0.0937072,0.152988,0.19899,1
0.0466764,0.192504,0.13324,1
0.0304907,0.126915,0.158773,1
0.0110758,0.203163,0.118472,1
0.0423995,0.192567,0.138835,1
0.0590511,0.178369,0.0258438,1
0.0696322,0.221146,0.0145084,1
0.0468338,0.194801,0.135258,1
0.0456553,0.18774,0.130611,1
0.0457668,0.192942,0.138655,1
0.0776236,0.152889,0.124932,1
0.0590321,0.167717,0.0575543,1
0.0460314,0.187435,0.138817,1
0.0452318,0.192097,0.130433,1
0.0631145,0.173004,0.0701761,1
0.0457378,0.187761,0.133084,1
0.0168347,0.161301,0.140764,1
0.0824411,0.128916,0.00786221,1
0.040499,0.188605,0.139724,1
0.00446053,0.22387,0.05031,1
0.0148406,0.201098,0.211739,1
0.0437794,0.192981,0.132686,1
0.0206849,0.195917,0.0693285,1
0.0142925,0.176996,0.0981552,1
0.10229,0.19877,0.16886,1
0.0564286,0.168286,0.115482,1
0.0422663,0.190804,0.136952,1
0.0203533,0.140811,0.0960927,1
0.0684716,0.172647,0.0898329,1
0.0469808,0.195601,0.137884,1
0.00206945,0.142199,0.0968259,1
0.048371,0.128829,0.130728,1
0.000348511,0.208781,0.158957,1
0.0816639,0.160864,0.198768,1
0.083219,0.138215,0.15126,1
0.0444619,0.192945,0.131061,1
0.0872555,0.141319,0.108211,1
0.0317975,0.135194,0.183645,1
0.0633971,0.127091,0.121883,1
0.0654136,0.128697,0.0506011,1
0.103761,0.137799,0.0184167,1
0.103874,0.170305,0.0302055,1
0.207423,0.0165875,0.136921,2
0.136776,0.057629,0.124594,2
0.214817,0.0678917,0.115258,2
0.122783,0.0508279,0.00122765,2
0.114542,0.0692554,0.00498878,2
0.157024,0.00292383,0.0539726,2
0.152225,0.00806355,0.077634,2
0.123745,0.0535066,0.115783,2
0.14864,0.00236276,8.00984e-05,2
0.111886,0.00673683,0.187676,2
0.152317,0.0627106,0.139699,2
0.219029,0.106509,0.168707,2
0.121034,0.0154345,0.165171,2
0.179248,0.0347655,0.113027,2
0.11911,0.010588,0.0902466,2
0.176372,0.0180449,0.0827373,2
0.222869,0.0825748,0.13642,2
0.158192,0.0785339,0.217041,2
0.165672,0.0419009,0.124407,2
0.115987,0.0491211,0.035629,2
0.157454,0.0423252,0.0924386,2
0.181239,0.0306663,0.056811,2
0.114043,0.000247919,0.0366469,2
0.110396,0.0747008,0.00307648,2
0.189856,0.0096426,0.103444,2
0.125837,0.0498325,0.136301,2
0.165701,0.0380153,0.0264129,2
0.222784,0.0574085,0.210294,2
0.224104,0.0559027,0.192563,2
0.188052,0.0730164,0.0989661,2
0.120631,0.0877735,0.187686,2
0.178099,0.00445613,0.0384082,2
0.162739,0.104394,0.199184,2
0.201761,0.000832518,0.197868,2
0.11736,0.0320197,0.161917,2
0.195534,0.0496116,0.182385,2
0.158011,0.000988094,0.17075,2
0.129082,0.100957,0.10716,2
0.188184,0.0976641,0.0700268,2
0.119625,0.0522869,0.158652,2
0.189059,0.0668459,0.172059,2
0.192079,0.079469,0.141564,2
0.176286,0.060842,0.127126,2
0.164085,0.0641766,0.0517176,2
0.120065,0.0919952,0.154274,2
0.177048,0.0479181,0.0117517,2
0.177031,0.0513196,0.20391,2
0.117794,0.0780745,0.194416,2
0.140564,0.0849127,0.219674,2
0.118701,0.014653,0.154613,2
0.194317,0.0325684,0.21613,2
0.150147,0.0137082,0.118827,2
0.175078,0.0835495,0.140933,2
0.136366,0.0366046,0.218288,2
0.117134,0.058397,0.0113409,2
0.118085,0.0324075,0.170862,2
0.157974,0.0581293,0.0423671,2
0.114854,0.107269,0.125258,2
0.143104,0.108453,0.0901727,2
0.134969,0.0289974,0.0735677,2
0.207439,0.0239347,0.0476138,2
0.106427,0.0358234,0.168601,2
0.11876,0.0402079,0.0483253,2
0.14793,0.0269263,0.131758,2
0.124779,0.0633214,0.00625071,2
0.217701,0.0629076,0.0130291,2
0.114573,0.0756139,0.0749337,2
0.202423,0.108967,0.219233,2
0.161727,0.0886449,0.217795,2
0.181632,0.0683401,0.0935257,2
0.112404,0.0182451,0.0279063,2
0.183729,0.089686,0.107668,2
0.157559,0.0499807,0.0787167,2
0.156152,0.0164229,0.00126967,2
0.204134,0.0542033,0.21196,2
0.126548,0.100524,0.00940094,2
0.132147,0.0873962,0.0555897,2
0.145345,0.034637,0.0212504,2
0.209035,0.0868774,0.0942199,2
0.188563,0.0750399,0.0767595,2
0.153461,0.0191468,0.193127,2
0.216501,0.0398527,0.111823,2
0.208957,0.10133,0.0764773,2
0.202028,0.101904,0.179385,2
0.138625,0.0388991,0.0815734,2
0.170713,0.10902,0.188378,2
0.165605,0.00678424,0.0854632,2
0.137989,0.0687611,0.0976278,2
0.217066,0.0166929,0.119102,2
0.18807,0.0239305,0.154898,2
0.150248,0.094218,0.0973867,2
0.203826,0.0799762,0.122896,2
0.215048,0.0333906,0.088891,2
0.151707,0.0883587,0.0888143,2
0.223564,0.0774203,0.195373,2
0.194267,0.0773005,0.171116,2
0.206416,0.0520951,0.0512547,2
0.179082,0.068108,0.0634224,2
0.115249,0.095778,0.220848,2
0.215717,0.0965044,0.161632,2
0.141394,0.0677205,0.00500851,2
0.109112,0.044272,0.0686913,2
0.178547,0.102271,0.13695,2
0.134216,0.0420778,0.0606307,2
0.11209,0.0347743,0.211014,2
0.153705,0.0393583,0.0452382,2
0.21528,0.101268,0.060537,2
0.116193,0.0408063,0.0032027,2
0.175755,0.0987742,0.221113,2
0.219634,0.00205277,0.128606,2
0.209281,0.00672537,0.132475,2
0.121139,0.0185148,0.191208,2
0.183983,0.0104399,0.124321,2
0.207305,0.0927384,0.186705,2
0.181953,0.0278912,0.21634,2
0.181067,0.0909705,0.176307,2
0.193904,0.085815,0.118562,2
0.197375,0.0902573,0.206328,2
0.16409,0.0518299,0.157347,2
0.142344,0.0664904,0.135449,2
0.172629,0.040535,0.122722,2
0.173632,0.0393495,0.130741,2
0.125931,0.0984434,0.14478,2
0.106738,0.106677,0.197217,2
0.117917,0.109191,0.0120576,2
0.209357,0.132583,0.0769326,3
0.192934,0.111741,0.162612,3
0.158317,0.111437,0.139455,3
0.211366,0.139095,0.00114517,3
0.157819,0.199732,0.101379,3
0.172377,0.16114,0.0400679,3
0.195518,0.186762,0.0999171,3
0.146739,0.183605,0.118607,3
0.107706,0.14013,0.0117272,3
0.203242,0.157468,0.140048,3
0.152974,0.163906,0.0940161,3
0.162233,0.124672,0.131642,3
0.146983,0.181385,0.138719,3
0.223212,0.128831,0.0502471,3
0.167571,0.118276,0.0850091,3
0.196297,0.193559,0.117699,3
0.21114,0.144735,0.181167,3
0.194615,0.141237,0.103734,3
0.134392,0.133153,0.199424,3
0.2167,0.211681,0.167598,3
0.201843,0.113382,0.139744,3
0.119409,0.134619,0.0147394,3
0.219716,0.206737,0.121456,3
0.221605,0.151998,0.034639,3
0.219606,0.160422,0.0915921,3
0.221125,0.182201,0.030743,3
0.194383,0.200192,0.0748767,3
0.175605,0.137199,0.139221,3
0.181897,0.18192,0.00659825,3
0.136556,0.191064,0.0817475,3
0.209317,0.186978,0.153885,3
0.186752,0.178784,0.0264162,3
0.198557,0.21739,0.028564,3
0.148306,0.158375,0.194328,3
0.192992,0.115773,0.183155,3
0.146786,0.176609,0.185079,3
0.192701,0.191846,0.210704,3
0.120579,0.208894,0.126735,3
0.208044,0.142629,0.0317591,3
0.122695,0.186275,0.0262776,3
0.142296,0.153329,0.210761,3
0.198696,0.218894,0.0619458,3
0.173552,0.186586,0.0166267,3
0.165904,0.201892,0.00507095,3
0.146575,0.169163,0.219595,3
0.116187,0.131931,0.122335,3
0.162237,0.14638,0.147778,3
0.13252,0.185789,0.218777,3
0.170449,0.204675,0.0177761,3
0.184089,0.216264,0.174685,3
0.209879,0.210116,0.169552,3
0.19407,0.203186,0.0836424,3
0.145667,0.203378,0.176455,3
0.219524,0.155195,0.0643992,3
0.199999,0.168033,0.183337,3
0.108635,0.179918,0.0164654,3
0.181698,0.11486,0.0472069,3
0.125236,0.18743,0.141407,3
0.207688,0.164152,0.203734,3
0.17235,0.220059,0.00891771,3
0.146906,0.145803,0.138675,3
0.199942,0.198875,0.0888324,3
0.189874,0.12392,0.0166632,3
0.171325,0.162583,0.176483,3
0.143464,0.172871,0.18637,3
0.179648,0.193343,0.150413,3
0.157963,0.130391,0.0624066,3
0.132781,0.192676,0.222578,3
0.20292,0.178985,0.119357,3
0.154257,0.199048,0.163634,3
0.132776,0.122654,0.116243,3
0.223722,0.18603,0.202263,3
0.199445,0.200892,0.00378206,3
0.164425,0.14644,0.202753,3
0.153507,0.218926,0.0339343,3
0.194769,0.217155,0.158289,3
0.114342,0.214975,0.126488,3
0.134827,0.133956,0.0704732,3
0.11919,0.152674,0.172983,3
0.159913,0.134811,0.0922872,3
0.223158,0.223494,0.131361,3
0.144253,0.1926,0.222862,3
0.18177,0.136063,0.184466,3
0.220165,0.155221,0.127703,3
0.16246,0.131939,0.0966515,3
0.145644,0.210291,0.13017,3
0.148913,0.184231,0.189032,3
0.168495,0.17506,0.0134174,3
0.146142,0.161893,0.0106754,3
0.1706,0.220052,0.198934,3
0.216663,0.178744,0.0856671,3
0.204458,0.149173,0.0700418,3
0.161587,0.222832,0.0195135,3
0.110758,0.201333,0.111216,3
0.143193,0.130481,0.155923,3
0.156961,0.170306,0.0490531,3
0.106242,0.1651,0.0564809,3
0.122001,0.17719,0.0695039,3
0.214184,0.142947,0.146222,3
0.153302,0.138136,0.0715428,3
0.201117,0.19064,0.170816,3
0.19545,0.13649,0.124983,3
0.125857,0.18935,0.0305739,3
0.152307,0.193444,0.0756157,3
0.139978,0.125102,0.193987,3
0.135906,0.179087,0.0163758,3
0.197015,0.208078,0.189559,3
0.107524,0.182586,0.173319,3
0.18444,0.193014,0.0644033,3
0.116797,0.138658,0.221292,3
0.143817,0.222195,0.081816,3
0.115553,0.216351,0.066469,3
0.119771,0.116195,0.0973939,3
0.178343,0.114583,0.169375,3
0.107774,0.174555,0.0192636,3
0.207641,0.130383,0.107129,3
0.123209,0.125509,0.0819323,3
0.137724,0.136695,0.0395619,3
0.145602,0.193887,0.0749732,3
0.117991,0.194828,0.0539311,3
0.212188,0.115047,0.0547476,3
0.141877,0.159806,0.020098,3
0.15888,0.118591,0.0853063,3
0.193731,0.115135,0.087022,3
0.111924,0.224762,0.144183,3
0.139932,0.112622,0.127894,3
