x coord,y coord,z coord,rank
0.109921,0.187462,0.180528,0
0.0382394,0.215583,0.104011,0
0.0545593,0.1406,0.021933,0
0.057531,0.144539,0.112319,0
0.0551111,0.165817,0.156659,0
0.0352724,0.17799,0.00681924,0
0.113538,0.219118,0.168492,0
0.122292,0.144513,0.0384752,0
0.028854,0.209312,0.033083,0
0.105464,0.154932,0.0743949,0
0.011335,0.164599,0.0688016,0
0.111165,0.160467,0.136795,0
0.0595927,0.135164,0.027846,0
0.0608806,0.220568,0.138045,0
0.0969849,0.121714,0.153492,0
0.0269231,0.144118,0.00382839,0
0.014051,0.168871,0.0671943,0
0.042992,0.210368,0.105819,0
0.0386235,0.208108,0.0198608,0
0.0429758,0.156145,0.144316,0
0.110554,0.20902,0.141175,0
0.0504476,0.124141,0.175529,0
0.0638799,0.193518,0.20051,0
0.00991307,0.124615,0.126067,0
0.116789,0.210763,0.0358259,0
0.0599653,0.19635,0.135708,0
0.000336752,0.170966,0.165122,0
0.0500282,0.153696,0.092541,0
0.0136682,0.188992,0.135911,0
0.0597205,0.171075,0.00663017,0
0.0155616,0.153081,0.0542175,0
0.0643975,0.167441,0.0400545,0
0.0938325,0.144052,0.0692377,0
0.095541,0.119505,0.00114651,0
0.0907609,0.165482,0.119041,0
0.0121696,0.20037,0.0451204,0
0.0763866,0.154887,0.158987,0
0.0345955,0.212441,0.147969,0
0.0392058,0.120508,0.0550557,0
0.0699749,0.164,0.150547,0
0.0827564,0.132531,0.0977331,0
0.108755,0.207888,0.0771967,0
0.00527014,0.175023,0.0596645,0
0.103349,0.177707,0.117023,0
0.0441754,0.141431,0.0560834,0
0.0654721,0.152269,0.0363248,0
0.0827844,0.214531,0.0144802,0
0.101779,0.134531,0.0868869,0
0.088815,0.143191,0.150197,0
0.00610774,0.181849,0.0164106,0
0.0508552,0.164151,0.0753623,0
0.016085,0.18577,0.212317,0
0.085821,0.191591,0.13262,0
0.0726243,0.155732,0.0820914,0
0.0562919,0.131298,0.0502189,0
0.123795,0.219159,0.163606,0
0.115514,0.138877,0.120578,0
0.120376,0.184515,0.0213107,0
0.0910728,0.188573,0.0391427,0
0.0640887,0.138818,0.102048,0
0.0673833,0.122004,0.221903,0
0.0881277,0.173308,0.11615,0
0.108116,0.143507,0.206603,0
0.00103368,0.129013,0.0376017,0
0.118359,0.166095,0.0100688,0
0.00687226,0.203812,0.213803,0
0.123089,0.132886,0.160699,0
0.0822209,0.120513,0.178587,0
0.060611,0.146706,0.148187,0
0.0247832,0.142992,0.158918,0
0.00535679,0.147333,0.15645,0
0.125563,0.200324,0.207272,0
0.0875061,0.2052,0.136354,0
0.12198,0.194816,0.142086,0
0.117234,0.20924,0.0696163,0
0.0720609,0.216996,0.0432258,0
0.0608878,0.147725,0.0158582,0
0.0746498,0.190905,0.21033,0
0.105873,0.201105,0.127341,0
0.0961586,0.222261,0.208277,0
0.0778857,0.159285,0.166625,0
0.11168,0.145438,0.185389,0
0.108825,0.122774,0.109082,0
0.0398339,0.196546,0.182947,0
0.0569292,0.167881,0.16385,0
0.0341547,0.184679,0.223006,0
0.0522701,0.166381,0.116339,0
0.0440623,0.166826,0.178624,0
0.106075,0.219648,0.165222,0
0.0681692,0.182818,0.195045,0
0.0345992,0.180631,0.0873418,0
0.0411861,0.207038,0.134714,0
0.112329,0.183946,0.164724,0
0.0312635,0.197752,0.208326,0
0.0668245,0.130132,0.0891152,0
0.0861287,0.128195,0.178771,0
0.0376696,0.155188,0.0266929,0
0.0964281,0.122579,0.190621,0
0.0734022,0.143566,0.119344,0
0.101548,0.216522,0.0956007,0
0.0211936,0.187069,0.113148,0
0.123573,0.127777,0.21783,0
0.0198357,0.223729,0.0119474,0
0.00921688,0.177029,0.0493933,0
0.12516,0.139564,0.0441466,0
0.038655,0.135555,0.081225,0
0.119636,0.13522,0.0975969,0
0.030013,0.143221,0.0724754,0
0.0950664,0.209326,0.143078,0
0.0470593,0.180409,0.204183,0
0.00280914,0.119281,0.122338,0
0.100329,0.178594,0.115892,0
0.0282021,0.130818,0.13884,0
0.0626339,0.151493,0.175723,0
0.00465136,0.121154,0.128324,0
0.00194698,0.164688,0.15495,0
0.116396,0.150417,0.0811502,0
0.118533,0.183165,0.125325,0
0.000390879,0.131508,0.154001,0
0.0613956,0.133839,0.219618,0
0.124244,0.216044,0.0850456,0
0.15988,0.0805821,0.0916934,1
0.195771,0.00573766,0.0120769,1
0.142684,0.088742,0.103734,1
0.194096,0.109897,0.0645531,1
0.133933,0.102213,0.0631292,1
0.138924,0.015821,0.13045,1
0.191139,0.098954,0.117352,1
0.134681,0.101408,0.0611143,1
0.14102,0.0482717,0.216966,1
0.21189,0.0800804,0.0694767,1
0.179419,0.10106,0.0951552,1
0.154624,0.0201354,0.192678,1
0.181454,0.0413507,0.123863,1
0.181795,0.0563414,0.12062,1
0.199885,0.0563396,0.00653386,1
0.15493,0.0442734,0.0841299,1
0.192128,0.0282773,0.0817861,1
0.142497,0.0743916,0.0334847,1
0.158222,0.000600842,0.0970424,1
0.221491,0.108893,0.177464,1
0.152426,0.0792366,0.05987,1
0.218707,0.0565435,0.1034,1
0.162361,0.00539521,0.121152,1
0.22395,0.0409805,0.00719015,1
0.21086,0.121661,0.0767224,1
0.190606,0.0800126,0.136997,1
0.19199,0.0508396,0.0206187,1
0.126924,0.043112,0.119718,1
0.191344,0.0249141,0.179021,1
0.212215,0.0633789,0.187049,1
0.143823,0.0849948,0.038405,1
0.219268,0.101685,0.210984,1
0.174035,0.0534638,0.179378,1
0.129085,0.0555869,0.0117346,1
0.128491,0.0754476,0.0917073,1
0.197075,0.0287801,0.0290338,1
0.156912,0.083897,0.179245,1
0.160302,0.00316227,0.0434536,1
0.161003,0.0818438,0.12029,1
0.148285,0.0704141,0.102735,1
0.158369,0.0692359,0.00160169,1
0.215915,0.00636965,0.212539,1
0.179245,0.124594,0.156761,1
0.202768,0.117245,0.00245435,1
0.148342,0.120494,0.0837746,1
0.160408,0.11048,0.0418904,1
0.182592,0.0441111,0.0710855,1
0.199293,0.0921495,0.109896,1
0.164033,0.00674429,0.0730009,1
0.171429,0.0155407,0.148782,1
0.215238,0.00615821,0.0688739,1
0.13391,0.0457995,0.0100082,1
0.219008,0.119723,0.222583,1
0.145588,0.109359,0.0581442,1
0.180403,0.0202836,0.0180978,1
0.151703,0.0166343,0.212169,1
0.166304,0.0997769,0.0197077,1
0.178802,0.106113,0.0973802,1
0.130187,0.0747297,0.131226,1
0.194142,0.108673,0.195285,1
0.214176,0.0338407,0.0774833,1
0.217627,0.0127825,0.218165,1
0.167491,0.106638,0.214771,1
0.183226,0.123414,0.161515,1
0.143442,0.109832,0.0267446,1
0.21897,0.099949,0.0576166,1
0.180639,0.0987137,0.120215,1
0.132925,0.0182541,0.0763574,1
0.1842,0.0388997,0.111108,1
0.146831,0.0525887,0.140638,1
0.148102,0.0627358,0.107359,1
0.131265,0.0988611,0.0575031,1
0.187709,0.00297486,0.0462306,1
0.133835,0.0116625,0.0808808,1
0.166359,0.0565712,0.0785436,1
0.141249,0.00401767,0.169168,1
0.182461,0.114048,0.151845,1
0.201205,0.0421035,0.17509,1
0.203447,0.103224,0.0239956,1
0.17947,0.0304128,0.189429,1
0.203761,0.084948,0.168506,1
0.161193,0.0948632,0.200577,1
0.157223,0.0393115,0.0477134,1
0.212555,0.110438,0.077644,1
0.178584,0.0987265,0.095133,1
0.173501,0.0828715,0.183703,1
0.177913,0.0800929,0.210322,1
0.19313,0.0692047,0.0579815,1
0.14373,0.0665372,0.125122,1
0.20594,0.0784226,0.135307,1
0.141366,0.0363004,0.0339041,1
0.217557,0.0253076,0.0240648,1
0.198183,0.104452,0.0759534,1
0.136292,0.122625,0.1621,1
0.189082,0.0865827,0.00769604,1
0.145548,0.0295793,0.0232484,1
0.126249,0.125522,0.177412,1
0.127874,0.0654619,0.115119,1
0.137492,0.0101543,0.0969527,1
0.197644,0.00898173,0.0206436,1
0.192182,0.016145,0.0501599,1
0.151515,0.0737767,0.0248446,1
0.147282,0.0480744,0.121209,1
0.168819,0.0140027,0.198824,1
0.155075,0.0144494,0.16316,1
0.204176,0.0392283,0.0414478,1
0.175036,0.0766134,0.136136,1
0.203332,0.112113,0.140512,1
0.180121,0.0363169,0.199103,1
0.200399,0.123277,0.177483,1
0.162464,0.0134562,0.102992,1
0.13983,0.0117609,0.146915,1
0.146652,0.0595924,0.211054,1
0.172793,0.113838,0.182508,1
0.155723,0.0648141,0.222436,1
0.186957,0.00613686,0.13748,1
0.152956,0.051326,0.00736798,1
0.210098,0.086719,0.152048,1
0.179652,0.035588,0.197742,1
0.200657,0.0317228,0.0233738,1
0.160319,0.0967501,0.0718904,1
0.214722,0.0440517,0.105503,1
0.133195,0.0636721,0.171402,1
0.134182,0.120965,0.150076,1
0.191569,0.124765,0.114641,1
0.131382,0.119955,0.0792241,1
0.210924,0.128163,0.00641469,1
0.129314,0.0684477,0.113725,1
0.161902,0.128881,0.0570427,1
0.207182,0.158546,0.115029,2
0.206998,0.156485,0.115702,2
0.206357,0.155671,0.116697,2
0.206998,0.158009,0.109834,2
0.220341,0.165026,0.119356,2
0.206349,0.154386,0.114522,2
0.206501,0.159834,0.112751,2
0.207249,0.151687,0.116189,2
0.208866,0.158682,0.117151,2
0.202653,0.153512,0.1207,2
0.162202,0.194877,0.176182,2
0.178577,0.157597,0.130024,2
0.209763,0.149621,0.112256,2
0.207654,0.156563,0.106081,2
0.146577,0.218115,0.106662,2
0.188533,0.185716,0.153159,2
0.158178,0.145117,0.0498906,2
0.131499,0.157454,0.220946,2
0.202424,0.157941,0.129248,2
0.210293,0.154657,0.114868,2
0.141295,0.13933,0.150416,2
0.207902,0.156777,0.119664,2
0.209015,0.154004,0.115155,2
0.209304,0.15389,0.113359,2
0.192459,0.156525,0.0976889,2
0.126489,0.166365,0.213955,2
0.202898,0.153965,0.112971,2
0.142894,0.166922,0.0343022,2
0.137786,0.216035,0.0664741,2
0.168647,0.212741,0.0247369,2
0.207075,0.153637,0.121314,2
0.159352,0.207601,0.015784,2
0.1333,0.206547,0.0225883,2
0.224871,0.207241,0.055738,2
0.195722,0.162617,0.223253,2
0.198321,0.1365,0.136343,2
0.127977,0.190204,0.169761,2
0.138362,0.187873,0.162847,2
0.214161,0.145794,0.0586553,2
0.206276,0.152726,0.116399,2
0.200694,0.137095,0.0673117,2
0.2081,0.158368,0.114978,2
0.1768,0.201951,0.155891,2
0.224651,0.224666,0.187831,2
0.212111,0.203913,0.0657494,2
0.168453,0.216507,0.0219374,2
0.176336,0.208762,0.16539,2
0.2031,0.153031,0.218845,2
0.20784,0.157721,0.121128,2
0.205953,0.219353,0.189515,2
0.151339,0.178315,0.0923379,2
0.151184,0.148279,0.137081,2
0.179809,0.146478,0.177203,2
0.186743,0.193911,0.126521,2
0.204433,0.157521,0.115696,2
0.197642,0.151287,0.115503,2
0.163963,0.158088,0.0756582,2
0.174946,0.213596,0.0669581,2
0.206628,0.152651,0.093909,2
0.202526,0.158059,0.110987,2
0.203688,0.153151,0.115978,2
0.174753,0.15943,0.0162065,2
0.184564,0.194175,0.146868,2
0.222285,0.141383,0.0114131,2
0.159236,0.223659,0.194627,2
0.19009,0.192228,0.16644,2
0.172492,0.175577,0.0164765,2
0.207518,0.191547,0.0232177,2
0.176125,0.159718,0.0253391,2
0.205955,0.218268,0.188007,2
0.153672,0.146719,0.186415,2
0.175321,0.187372,0.0712434,2
0.205072,0.15057,0.115699,2
0.202357,0.151896,0.11578,2
0.198585,0.224055,0.0867791,2
0.188829,0.145297,0.157182,2
0.186306,0.14501,0.0208353,2
0.138393,0.178489,0.00482144,2
0.200501,0.157614,0.155686,2
0.212134,0.15799,0.117814,2
0.145518,0.158789,0.0356642,2
0.191791,0.1901,0.0975111,2
0.207162,0.156771,0.115961,2
0.165515,0.159783,0.135925,2
0.194702,0.181413,0.0885891,2
0.204826,0.153018,0.116791,2
0.201267,0.131496,0.209099,2
0.203152,0.155634,0.119158,2
0.205849,0.157125,0.118877,2
0.154256,0.182993,0.0237406,2
0.14244,0.160188,0.163738,2
0.220938,0.133549,0.0713556,2
0.132214,0.202295,0.0322646,2
0.151307,0.206429,0.0409489,2
0.181116,0.167238,0.127406,2
0.209111,0.155769,0.110908,2
0.222593,0.151198,0.0673028,2
0.205617,0.153903,0.115091,2
0.207959,0.157425,0.115523,2
0.165439,0.209298,0.104729,2
0.217071,0.171557,0.0156561,2
0.201517,0.155487,0.113748,2
0.149796,0.222281,0.0877559,2
0.204756,0.153442,0.11115,2
0.200069,0.152331,0.113766,2
0.224031,0.201109,0.131237,2
0.202447,0.153763,0.115108,2
0.195901,0.189535,0.185607,2
0.146103,0.219929,0.188737,2
0.137009,0.168073,0.152023,2
0.203866,0.150225,0.115894,2
0.206491,0.159828,0.117968,2
0.204909,0.151254,0.115467,2
0.191005,0.214974,0.108512,2
0.20534,0.152704,0.117542,2
0.196182,0.16429,0.223724,2
0.211406,0.222705,0.152226,2
0.137635,0.158301,0.0746697,2
0.163011,0.131108,0.154428,2
0.128309,0.134501,0.0698508,2
0.128068,0.208382,0.00864924,2
0.130011,0.223225,0.149105,2
0.13004,0.213464,0.0095982,2
0.127095,0.199208,0.0278034,2
0.119288,0.0362833,0.0162327,3
0.0666794,0.0869695,0.21008,3
0.091344,0.0252082,0.17048,3
0.009816,0.0315732,0.126522,3
0.125441,0.0240205,0.0804062,3
0.0364981,0.0994398,0.0674495,3
0.0987078,0.0600445,0.0408616,3
0.0478855,0.0861027,0.0637736,3
0.0949014,0.0422132,0.0783539,3
0.0392932,0.0892712,0.129765,3
0.025236,0.0696404,0.0601214,3
0.0762448,0.105499,0.0193052,3
0.0138132,0.0709198,0.127726,3
0.104164,0.0913554,0.0374104,3
0.0297935,0.0883305,0.049071,3
0.0628322,0.0585329,0.0814226,3
0.00711768,0.0386747,0.0106152,3
0.0937753,0.0262939,0.16727,3
0.00524323,0.0357252,0.066614,3
0.112576,0.0975466,0.0377305,3
0.0232244,0.0933835,0.155701,3
0.0387719,0.00442085,0.203757,3
0.0584327,0.0804886,0.0796023,3
0.00885693,0.0819098,0.0534116,3
0.0706911,0.0540792,0.210043,3
0.0855053,0.100183,0.191162,3
0.0552239,0.0417039,0.220833,3
0.00743935,0.0342796,0.124273,3
0.0450543,0.0453952,0.142739,3
0.0136027,0.00468038,0.182067,3
0.122496,0.0675773,0.126621,3
0.0489631,0.0719598,0.0419009,3
0.118559,0.0399678,0.159252,3
0.125542,0.113747,0.13085,3
0.0361588,0.0849324,0.141303,3
0.0502018,0.0941269,0.0342479,3
0.00718412,0.0599301,0.171178,3
0.118298,0.079362,0.13474,3
0.120872,0.031758,0.218313,3
0.106089,0.0898253,0.0146564,3
0.0152667,0.0232967,0.0528012,3
0.0443501,0.0461108,0.144064,3
0.0613119,0.0887253,0.118575,3
0.07654,0.0906261,0.208358,3
0.0511441,0.0495681,0.105053,3
0.114363,0.0181154,0.206628,3
0.110447,0.0758374,0.0613734,3
0.0810134,0.108099,0.133904,3
0.121911,0.0312669,0.175575,3
0.112231,0.0930984,0.029383,3
0.0527054,0.0876369,0.100099,3
0.0392435,0.0386826,0.210544,3
0.0190057,0.0307471,0.165191,3
0.0598523,0.116298,0.180899,3
0.0311221,0.0623532,0.11411,3
0.00683086,0.0938712,0.144525,3
0.0537446,0.0517719,0.0685517,3
0.0597888,0.000657077,0.0476741,3
0.0161264,0.0108875,0.13618,3
0.0559645,0.0263455,0.191128,3
0.0176975,0.0207001,0.0508895,3
0.12478,0.11651,0.210904,3
0.0172959,0.105838,0.159915,3
0.0619594,0.0395215,0.130528,3
0.0438347,0.106347,0.030531,3
0.0955743,0.0318495,0.0961973,3
0.0173031,0.0139454,0.195831,3
0.00183701,0.00704361,0.172927,3
0.0644441,0.11384,0.166506,3
0.0216575,0.0738444,0.023267,3
0.105604,0.0789036,0.118429,3
0.0105618,0.111231,0.0210056,3
0.089978,0.0247147,0.0893318,3
0.118386,0.0775134,0.00527213,3
0.0435954,0.070136,0.0544196,3
0.0792868,0.0447457,0.104333,3
0.0473813,0.00327411,0.129996,3
0.0434466,0.00500743,0.0778711,3
0.070825,0.0895531,0.0106102,3
0.11347,0.0132297,0.0428141,3
0.0987449,0.0134418,0.000288939,3
0.0657873,0.0769382,0.059634,3
0.0333654,0.062556,0.0387937,3
0.104303,0.0621527,0.131711,3
0.0924006,0.0393462,0.122818,3
0.0362422,0.052822,0.0917182,3
0.0470811,0.00239512,0.12353,3
0.0611602,0.110299,0.118213,3
0.100642,0.0117154,0.149432,3
0.0369608,0.0742252,0.0687001,3
0.00221266,0.0490174,0.0234166,3
0.113775,0.0762484,0.0559261,3
0.0489427,0.00935762,0.0670941,3
0.016525,0.082949,0.00997549,3
0.0349528,0.114553,0.204206,3
0.0909145,0.0488733,0.164489,3
0.109782,0.0406165,0.116144,3
0.111668,0.0256525,0.189136,3
0.0625905,0.096236,0.0646164,3
0.0489543,0.0542496,0.0972743,3
0.0520843,0.0147498,0.131859,3
0.0788898,0.114363,0.0861334,3
0.0972058,0.0804736,0.0924517,3
0.00784744,0.0891439,0.0854276,3
0.0906408,0.102659,0.15465,3
0.0840107,0.11015,0.214394,3
0.12186,0.0407564,0.192417,3
0.0270609,0.0823942,0.219428,3
0.00465995,0.0279086,0.172375,3
0.058463,0.101516,0.169236,3
0.0945336,0.0701411,0.182555,3
0.123195,0.0560064,0.209869,3
0.0246673,0.0963024,0.152242,3
0.0881596,0.102882,0.0246483,3
0.0247061,0.0113308,0.221181,3
0.0824616,0.113921,0.0286477,3
0.0706275,0.0704709,0.0265831,3
0.0476089,0.0528316,0.00231693,3
0.0227065,0.03023,0.103382,3
0.111043,0.0176323,0.112537,3
0.00442009,0.0694778,0.206982,3
0.02228,0.104527,0.17595,3
0.0233236,0.00343367,0.102116,3
0.118622,0.0712369,0.141843,3
0.101293,0.0893521,0.0953763,3
0.0506831,0.115481,0.113148,3
