x coord,y coord,z coord,rank
0.131721,0.115725,0.135014,0
0.177268,0.120281,0.180657,0
0.117599,0.0167098,0.171843,0
0.0900085,0.078164,0.218606,0
0.0751124,0.108856,0.152044,0
0.16288,0.108579,0.143817,0
0.187818,0.109137,0.166015,0
0.2161,0.104562,0.173594,0
0.157146,0.0639131,0.143489,0
0.106004,0.0101148,0.179742,0
0.139108,0.0494674,0.124969,0
0.210688,0.00754861,0.138348,0
0.112261,0.10617,0.20223,0
0.12947,0.0937131,0.137888,0
0.181322,0.0392249,0.127522,0
0.132226,0.0734646,0.134134,0
0.169464,0.0539386,0.158717,0
0.19298,0.0919504,0.205483,0
0.179909,0.0838324,0.182961,0
0.106448,0.0400198,0.128409,0
0.055656,0.0152673,0.146291,0
0.0705791,0.0446635,0.173609,0
0.18226,0.0275142,0.214851,0
0.0195419,0.0308705,0.153234,0
0.210596,0.0862794,0.194798,0
0.0732241,0.0228848,0.123705,0
0.0897097,0.0554849,0.149112,0
0.00293413,0.0211132,0.168464,0
0.182733,0.00380441,0.128294,0
0.122429,0.0235337,0.195064,0
0.203357,0.0073299,0.146127,0
0.218018,0.00357776,0.138759,0
0.17892,0.0925783,0.22495,0
0.0676182,0.119622,0.166797,0
0.113767,0.0378732,0.209847,0
0.0469059,0.0260878,0.133189,0
0.179084,0.100044,0.14232,0
0.211548,0.0975714,0.160373,0
0.112107,0.0938804,0.22302,0
0.013582,0.0175125,0.184078,0
0.188488,0.076908,0.173294,0
0.05371,0.0165973,0.214158,0
0.0354948,0.0734796,0.148628,0
0.220345,0.0736388,0.196082,0
0.149484,0.0777466,0.210024,0
0.0980916,0.0220625,0.135129,0
0.0399347,0.0393051,0.127327,0
0.0927263,0.0806088,0.150446,0
0.181533,0.0259935,0.160623,0
0.100758,0.00457575,0.167082,0
0.0915303,0.0121299,0.208655,0
0.174091,0.10916,0.190375,0
0.0875838,0.11539,0.165367,0
0.207695,0.106194,0.172126,0
0.163828,0.0167096,0.194118,0
0.0563911,0.0329307,0.145318,0
0.198573,0.0532036,0.217055,0
0.158231,0.0917008,0.22265,0
0.0101233,0.0143779,0.184693,0
0.201508,0.111845,0.222888,0
0.15078,0.0207959,0.138981,0
0.224993,0.086947,0.132702,0
0.00661569,0.113702,0.206567,0
0.0988073,0.040177,0.212242,0
0.0990077,0.0443728,0.142097,0
0.053436,0.0582239,0.187052,0
0.101952,0.0375555,0.219756,0
0.0054573,0.0398882,0.16886,0
0.0894412,0.102402,0.201502,0
0.00977669,0.096669,0.162327,0
0.0994174,0.0338714,0.159634,0
0.105733,0.107302,0.12981,0
0.14009,0.116216,0.193568,0
0.0370342,0.0654933,0.203664,0
0.000221867,0.106376,0.126751,0
0.114778,0.0274984,0.16599,0
0.0844751,0.0790705,0.217987,0
0.134508,0.0441428,0.214981,0
0.0576706,0.0596351,0.15181,0
0.00242712,0.00118745,0.211107,0
0.0423298,0.0305381,0.135863,0
0.0661753,0.0117064,0.134283,0
0.162897,0.0884422,0.140137,0
0.0831939,0.0399006,0.199069,0
0.200412,0.0423668,0.21162,0
0.11576,0.0175329,0.161092,0
0.14291,0.0863384,0.218635,0
0.0530297,0.0552633,0.129432,0
0.124342,0.0849481,0.202865,0
0.173503,0.0500267,0.203618,0
0.0886357,0.00606354,0.191823,0
0.118174,0.0863605,0.158213,0
0.171618,0.0612666,0.129737,0
0.0668224,0.118843,0.190389,0
0.0271033,0.0469992,0.220172,0
0.0208553,0.0595152,0.160375,0
0.0756269,0.0398942,0.195761,0
0.0425768,0.0254257,0.223072,0
0.18632,0.0863487,0.142771,0
0.0599204,0.0742857,0.196518,0
0.189242,0.0690468,0.175582,0
0.0074517,0.00150833,0.177179,0
0.118687,0.0598392,0.163206,0
0.166751,0.00209748,0.17211,0
0.1992,0.0457431,0.190614,0
0.00483115,0.000199511,0.175852,0
0.0790754,0.0263907,0.152355,0
0.0104926,0.0803964,0.144171,0
0.117476,0.0282972,0.164017,0
0.20444,0.0099158,0.201387,0
0.0124571,0.104649,0.215535,0
0.164561,0.107762,0.20687,0
0.0698644,0.0537701,0.212272,0
0.0799142,0.00967096,0.167506,0
0.0432376,0.0711021,0.185063,0
0.118612,0.0840441,0.189922,0
0.0296627,0.0026875,0.197619,0
0.218173,0.0590645,0.194147,0
0.223955,0.0616697,0.197225,0
0.119529,0.0562651,0.141894,0
0.00870822,0.158196,0.192839,1
0.119096,0.224581,0.146077,1
0.0594532,0.142872,0.164675,1
0.121189,0.139245,0.217231,1
0.0288648,0.14224,0.210996,1
0.0237223,0.153519,0.207855,1
0.1085,0.179755,0.165547,1
0.0470254,0.186773,0.13515,1
0.00642969,0.154893,0.221841,1
0.202572,0.20582,0.18724,1
0.0406123,0.188929,0.140581,1
0.0454804,0.191847,0.134952,1
0.214357,0.200475,0.127671,1
0.0873585,0.218109,0.164752,1
0.0156726,0.145852,0.164935,1
0.19908,0.138829,0.12817,1
0.0429951,0.194657,0.130286,1
0.19692,0.187845,0.163191,1
0.21676,0.14538,0.154994,1
0.0373276,0.188779,0.132344,1
0.152811,0.131859,0.153499,1
0.0475661,0.191509,0.138882,1
0.16976,0.223991,0.190089,1
0.0749878,0.132062,0.175133,1
0.139757,0.189015,0.18152,1
0.0451571,0.192114,0.135112,1
0.151004,0.21622,0.12477,1
0.0273128,0.161357,0.140315,1
0.223013,0.158383,0.12807,1
0.0811072,0.19723,0.152504,1
0.180036,0.132482,0.185753,1
0.14561,0.19506,0.213509,1
0.219833,0.223338,0.127876,1
0.122219,0.158579,0.172008,1
0.0767687,0.125398,0.129556,1
0.00785407,0.218718,0.146236,1
0.038188,0.212206,0.202458,1
0.196657,0.2224,0.158623,1
0.157193,0.143697,0.199905,1
0.0441442,0.191362,0.132222,1
0.0994045,0.19474,0.146902,1
0.211452,0.185589,0.202561,1
0.0803996,0.165824,0.136994,1
0.088586,0.208655,0.205985,1
0.0470393,0.190134,0.135999,1
0.1059,0.169416,0.203927,1
0.0103165,0.152861,0.17466,1
0.0439479,0.188868,0.134476,1
0.0436306,0.192912,0.135614,1
0.0418981,0.192633,0.13544,1
0.0743573,0.188293,0.215723,1
0.0476118,0.194789,0.133864,1
0.151685,0.200773,0.16192,1
0.128722,0.18511,0.213899,1
0.180155,0.190932,0.150788,1
0.0396465,0.188865,0.140041,1
0.0450768,0.190849,0.135337,1
0.0422792,0.193196,0.133383,1
0.136764,0.168184,0.190451,1
0.0489073,0.18818,0.132738,1
0.168152,0.167276,0.177509,1
0.0473108,0.192063,0.134487,1
0.143511,0.141764,0.137015,1
0.205331,0.15916,0.199312,1
0.0327862,0.216694,0.18036,1
0.131237,0.187946,0.14773,1
0.201133,0.165813,0.181802,1
0.0882882,0.163992,0.15429,1
0.0469774,0.191106,0.138689,1
0.0454101,0.191924,0.13728,1
0.144828,0.200907,0.177088,1
0.050622,0.195332,0.135618,1
0.0782279,0.136287,0.184432,1
0.0452703,0.188946,0.134472,1
0.209542,0.214195,0.176274,1
0.0210737,0.21923,0.178481,1
0.0443165,0.19314,0.136907,1
0.185291,0.217428,0.173411,1
0.122184,0.18417,0.214558,1
0.0613409,0.16822,0.139296,1
0.157552,0.147112,0.144046,1
0.0217676,0.220598,0.187821,1
0.0502583,0.215665,0.204535,1
0.0447872,0.191605,0.136858,1
0.135386,0.170154,0.216924,1
0.0949678,0.157141,0.200059,1
0.039885,0.191674,0.140978,1
0.0287596,0.126704,0.155105,1
0.141857,0.154791,0.210589,1
0.0440387,0.189708,0.135372,1
0.194827,0.122811,0.138577,1
0.189029,0.201137,0.215916,1
0.0470378,0.191765,0.135625,1
0.0422405,0.194198,0.140097,1
0.0457504,0.189125,0.131285,1
0.0565175,0.127201,0.217226,1
0.151983,0.174253,0.182698,1
0.0394952,0.188002,0.135682,1
0.0405408,0.189688,0.136541,1
0.152676,0.162046,0.190997,1
0.0416815,0.193369,0.13332,1
0.0162448,0.167327,0.141658,1
0.207371,0.185234,0.157233,1
0.0441112,0.191611,0.133384,1
0.179859,0.138906,0.147516,1
0.0167342,0.192076,0.211068,1
0.0459112,0.192105,0.138606,1
0.205699,0.210687,0.164648,1
0.13331,0.135484,0.202949,1
0.103357,0.202519,0.167952,1
0.213843,0.149801,0.179628,1
0.0443731,0.187264,0.138864,1
0.140516,0.179264,0.144776,1
0.166764,0.126113,0.129373,1
0.0430578,0.186365,0.133741,1
0.196674,0.172071,0.134908,1
0.0455579,0.125723,0.133181,1
0.0061571,0.210003,0.154531,1
0.0806245,0.162281,0.199415,1
0.0857905,0.127588,0.15235,1
0.0452385,0.198813,0.136205,1
0.0150407,0.128119,0.163718,1
0.0322816,0.140658,0.180835,1
0.0800038,0.123207,0.208256,1
0.0186479,0.122017,0.142814,1
0.193716,0.122503,0.17706,1
0.19177,0.114752,0.0936244,2
0.125779,0.119014,0.0818465,2
0.21973,0.069714,0.113668,2
0.119482,0.0479191,0.00345625,2
0.120827,0.0658313,0.00437541,2
0.159738,0.00524219,0.0615154,2
0.152945,0.0136988,0.0741485,2
0.122546,0.0583518,0.112985,2
0.144899,0.000655882,0.0129835,2
0.215636,0.120562,0.0534268,2
0.122796,0.107717,0.0847979,2
0.175112,0.107786,0.0440532,2
0.170851,0.114848,0.0882739,2
0.179368,0.0335177,0.115976,2
0.117688,0.0144918,0.0888612,2
0.180758,0.0153825,0.0790242,2
0.0234954,0.0802606,0.111404,2
0.0685467,0.002841,0.0393272,2
0.0116524,0.0681574,0.0584939,2
0.113431,0.0448607,0.0346767,2
0.165327,0.0397088,0.0938428,2
0.185172,0.0272229,0.0560961,2
0.112774,0.000276964,0.0329276,2
0.116517,0.0778884,0.00758951,2
0.190366,0.01032,0.106828,2
0.0509958,0.111386,0.0429866,2
0.167251,0.0395931,0.0300588,2
0.0513675,0.00378006,0.0578533,2
0.0294829,0.116163,0.0112139,2
0.18433,0.070601,0.101282,2
0.0816805,0.0324281,0.0614162,2
0.180327,0.0041799,0.0457151,2
0.0750474,0.0828177,0.0552198,2
0.0156102,0.0530624,0.0880953,2
0.0450141,0.105874,0.0371768,2
0.0792747,0.0271115,0.0251865,2
0.00608922,0.0831498,0.0495948,2
0.128446,0.0836537,0.116559,2
0.184324,0.101165,0.0730116,2
0.00707453,0.00741882,0.0477784,2
0.072447,0.0207959,0.0827674,2
0.0221519,0.0520719,0.000920965,2
0.0870487,0.0150837,0.0726236,2
0.161447,0.0652672,0.0509872,2
0.092579,0.0192385,0.0858154,2
0.173799,0.0457233,0.0174339,2
0.153051,0.036442,0.120114,2
0.0876433,0.0660807,0.00224599,2
0.0808129,0.114859,0.0161792,2
0.0629834,0.0739142,0.0125566,2
0.0242764,0.0604798,0.0611679,2
0.137494,0.00881999,0.114181,2
0.0400603,0.0324581,0.106795,2
0.011892,0.0886313,0.102612,2
0.114705,0.0584083,0.0175668,2
0.0786014,0.105317,0.0423009,2
0.153499,0.0662116,0.0453971,2
0.0235153,0.0753218,0.10451,2
0.144626,0.115072,0.0877366,2
0.144194,0.0393479,0.0785151,2
0.211117,0.0240247,0.0472378,2
0.0388608,0.113796,0.059566,2
0.118556,0.0418439,0.0519481,2
0.0541934,0.114429,0.113598,2
0.126758,0.066902,0.00308958,2
0.2231,0.0688852,0.0169034,2
0.114259,0.0778297,0.0736492,2
0.047367,0.00548761,0.0600956,2
0.0528645,0.0672985,0.0764879,2
0.18347,0.0787963,0.101069,2
0.120059,0.00921292,0.0252262,2
0.185952,0.0853729,0.110523,2
0.156011,0.049795,0.0874391,2
0.149004,0.0176467,0.0032558,2
0.0213206,0.00371003,0.113285,2
0.125416,0.102104,0.00334427,2
0.127541,0.0963034,0.0485089,2
0.148122,0.0386265,0.0219599,2
0.207703,0.0891166,0.105989,2
0.190439,0.0778555,0.0712232,2
0.0932845,0.0412623,0.0292942,2
0.217818,0.0350642,0.113493,2
0.210545,0.106401,0.0717279,2
0.0586211,0.00164286,0.0844763,2
0.134962,0.0436137,0.0876266,2
0.0075112,0.0439335,0.00844977,2
0.169757,0.00247066,0.0846195,2
0.138289,0.0631783,0.0874812,2
0.217652,0.0215736,0.114751,2
0.0734009,0.0378711,0.0277993,2
0.145964,0.101624,0.103168,2
0.0543521,0.0310062,0.0319821,2
0.217614,0.0301843,0.0885262,2
0.14974,0.0870889,0.0901164,2
0.0390554,0.0961938,0.0168546,2
0.0789931,0.0190038,0.0173926,2
0.203147,0.0500368,0.0541054,2
0.177066,0.0722419,0.0670556,2
0.0554359,0.0493895,0.0417226,2
0.0371943,0.101852,0.0855796,2
0.141735,0.0717981,0.00500875,2
0.106537,0.0491277,0.0654527,2
0.0254373,0.0116629,0.00525381,2
0.142461,0.0445925,0.0661299,2
0.0915838,0.111109,0.024034,2
0.167347,0.0448622,0.0488287,2
0.216525,0.0963105,0.0638629,2
0.115376,0.0492537,0.01083,2
0.0557823,0.0516854,0.0657697,2
0.0771328,0.0832141,0.122833,2
0.00378898,0.0782597,0.0739936,2
0.0087093,0.0289729,0.025457,2
0.0444298,0.0622249,0.00334922,2
0.0138276,0.00430476,0.11205,2
0.00901642,0.0456833,0.0171563,2
0.105109,0.0560132,0.0355014,2
0.195635,0.0837405,0.107461,2
0.0633367,0.0583139,0.0766077,2
0.0684035,0.0609234,0.0140137,2
0.0978203,0.0306485,0.0798555,2
0.172544,0.0482506,0.121886,2
0.000772588,0.0698871,0.0629426,2
0.0949893,0.040478,0.0964763,2
0.0769005,0.0050871,0.0846691,2
0.116794,0.103525,0.0123901,2
0.196922,0.0857808,0.115155,2
0.00727198,0.115277,0.0754868,2
0.00605404,0.0814651,0.118291,2
0.210087,0.143536,0.0770457,3
0.0994172,0.170727,0.0257064,3
0.101766,0.147951,0.0216871,3
0.216923,0.137829,0.00281856,3
0.167169,0.207675,0.0971592,3
0.17519,0.157386,0.0375322,3
0.199317,0.191949,0.109647,3
0.147981,0.177213,0.120639,3
0.105111,0.143693,0.00932328,3
0.0609918,0.13369,0.0478912,3
0.153931,0.160366,0.0876429,3
0.0591951,0.128233,0.123515,3
0.0819116,0.141446,0.102075,3
0.221273,0.137142,0.0487544,3
0.116148,0.133366,0.0899478,3
0.1938,0.1897,0.117946,3
0.00463657,0.150942,0.100171,3
0.200117,0.127439,0.115564,3
0.0688909,0.175482,0.0856055,3
0.024877,0.142715,0.0967388,3
0.0516367,0.171565,0.119062,3
0.114575,0.140375,0.0164075,3
0.109044,0.205646,0.113957,3
0.223674,0.149038,0.0360605,3
0.223518,0.162517,0.0922875,3
0.22282,0.174984,0.0301443,3
0.190909,0.196286,0.0689024,3
0.0235877,0.176424,0.0994519,3
0.176913,0.185559,0.00588969,3
0.134887,0.18885,0.0838936,3
0.0137475,0.199856,0.0675665,3
0.186353,0.17873,0.0240743,3
0.196229,0.21728,0.0319299,3
0.00971621,0.217969,0.0505416,3
0.0123441,0.122909,0.0654104,3
0.0686311,0.176231,0.0668364,3
0.0650633,0.164683,0.055717,3
0.0638025,0.219566,0.00689174,3
0.206526,0.148712,0.0266226,3
0.114457,0.180716,0.0239981,3
0.0610442,0.182788,0.0291299,3
0.200675,0.218866,0.0641032,3
0.169694,0.177459,0.0108921,3
0.164723,0.20342,0.001526,3
0.00921558,0.206303,0.11384,3
0.113149,0.12616,0.10964,3
0.0624491,0.17051,0.0470753,3
0.00597834,0.142649,0.0578381,3
0.168001,0.200663,0.0180232,3
0.10057,0.150475,0.100051,3
0.000254085,0.180701,0.0514738,3
0.190139,0.206507,0.0852715,3
0.0702819,0.156181,0.123833,3
0.21649,0.150875,0.0635191,3
0.0539433,0.220221,0.0283993,3
0.102431,0.176354,0.0135249,3
0.0460875,0.214714,0.0975612,3
0.0659179,0.160808,0.0341697,3
0.0979852,0.14695,0.0496747,3
0.172489,0.216452,0.0141857,3
0.000150733,0.213799,0.108081,3
0.196607,0.202378,0.0903759,3
0.195125,0.124737,0.0154614,3
0.0107108,0.146606,0.0457182,3
0.0452466,0.169294,0.0136625,3
0.0435543,0.162289,0.0754739,3
0.150073,0.132212,0.0535339,3
0.0672591,0.191183,0.028383,3
0.196629,0.168323,0.119264,3
0.0173918,0.150752,0.115361,3
0.119675,0.124344,0.117067,3
0.0476956,0.21669,0.0126413,3
0.200401,0.198976,0.00190356,3
0.0797426,0.197487,0.109487,3
0.151122,0.224624,0.0421573,3
0.0798455,0.17206,0.0919293,3
0.0277103,0.166566,0.052471,3
0.132499,0.131202,0.0674824,3
0.00106313,0.166855,0.101664,3
0.161196,0.136438,0.0868856,3
0.0553642,0.13551,0.0464547,3
0.0464219,0.18037,0.0313633,3
0.100035,0.20672,0.0201406,3
0.0342141,0.19282,0.0929613,3
0.162628,0.13165,0.0973932,3
0.00773845,0.192604,0.11602,3
0.0619361,0.121719,0.0545968,3
0.168585,0.174447,0.00831007,3
0.146424,0.159014,0.0144153,3
0.0660932,0.18541,0.030421,3
0.213295,0.176781,0.0827105,3
0.2043,0.150968,0.0730707,3
0.159656,0.218579,0.0120547,3
0.111984,0.207664,0.110339,3
0.0955096,0.152049,0.105411,3
0.157412,0.168638,0.0476955,3
0.103501,0.167675,0.0583916,3
0.130846,0.176967,0.0655793,3
0.0256223,0.128404,0.0644201,3
0.15411,0.134891,0.0727883,3
0.0786142,0.179395,0.102346,3
0.0462071,0.223733,0.114677,3
0.128019,0.190584,0.0333353,3
0.157863,0.19968,0.0822168,3
0.0140756,0.193184,0.0859953,3
0.139884,0.178845,0.0104168,3
0.033264,0.126219,0.0341211,3
0.0355159,0.13579,0.0211461,3
0.189235,0.193034,0.0567528,3
0.0188936,0.131753,0.115546,3
0.148265,0.222222,0.0906181,3
0.11486,0.215905,0.0641189,3
0.0881737,0.131012,0.116377,3
0.0831087,0.125326,0.0363613,3
0.108043,0.174676,0.0228257,3
0.210982,0.138253,0.105595,3
0.0763957,0.150075,0.123946,3
0.142981,0.137974,0.0388047,3
0.149786,0.200064,0.0725431,3
0.117632,0.192402,0.0520011,3
0.0155455,0.126257,0.00712754,3
0.147117,0.16274,0.019141,3
0.0721358,0.128864,0.059107,3
0.00688128,0.123103,0.111609,3
0.128851,0.19993,0.123667,3
0.166005,0.120941,0.0818434,3
