x coord,y coord,z coord,rank
0.0851559,0.074453,0.0417992,0
0.177433,0.082704,0.0967557,0
0.17116,0.0911053,0.0615477,0
0.136295,0.0486802,0.0406566,0
0.186615,0.102611,0.0705623,0
0.0243357,0.0954187,0.0225484,0
0.178165,0.066999,0.0770542,0
0.15509,0.0407923,0.0985225,0
0.00913802,0.0287029,0.0856969,0
0.130931,0.0483628,0.00995332,0
0.207921,0.00730439,0.0370682,0
0.0938375,0.0727192,0.100646,0
0.00715196,0.0865582,0.0594286,0
0.172939,0.0773723,0.101931,0
0.180743,0.102512,0.0386682,0
0.169247,0.0774888,0.101534,0
0.201242,0.0656608,0.0572498,0
0.176609,0.074362,0.101627,0
0.10242,0.00191208,0.102275,0
0.157667,0.0603114,0.0277455,0
0.0525461,0.0155729,0.0751633,0
0.100892,0.102251,0.00890207,0
0.117382,0.042872,0.0128634,0
0.0247572,0.0343606,0.0924954,0
0.078732,0.0200359,0.0854376,0
0.0518237,0.0318257,0.00652171,0
0.00476979,0.0688415,0.0645112,0
0.0257935,0.0488864,0.079222,0
0.0624647,0.0179678,0.0104704,0
0.129557,0.0620009,0.0215684,0
0.133151,0.064107,0.0227309,0
0.0306269,0.0408723,0.0422313,0
0.0707277,0.00354056,0.0256151,0
0.0534945,0.0964655,0.0881175,0
0.197768,0.101291,0.0807406,0
0.114245,0.0167694,0.0253727,0
0.092777,0.0230441,0.0659283,0
0.104018,0.0412403,0.050501,0
0.094252,0.0783292,0.0339324,0
0.0996717,0.0146005,0.012529,0
0.147839,0.0551863,0.0884729,0
0.0963113,0.0771852,0.0711121,0
0.0878369,0.0290301,0.000752497,0
0.184969,0.0779496,0.00528348,0
0.126755,0.0288725,0.0405385,0
0.150991,0.0424963,0.0922694,0
0.13073,0.0954756,0.0240087,0
0.0442239,0.0207941,0.0902758,0
0.0451662,0.0271588,0.00990614,0
0.0647108,0.0446852,0.0811317,0
0.199119,0.08181,0.0371172,0
0.0336419,0.05618,0.0248205,0
0.0949147,0.0508717,0.0235804,0
0.0166132,0.0883741,0.0843882,0
0.152218,0.0175854,0.0864904,0
0.0533124,0.0665921,0.0316562,0
0.184542,0.0387252,0.00891977,0
0.000203838,0.00504121,0.0321419,0
0.169653,0.0750117,0.0990954,0
0.076302,0.0867382,0.01412,0
0.172015,0.0609333,0.0081437,0
0.0697523,0.0738642,0.0875949,0
0.177026,0.0550053,0.0415941,0
0.0549395,0.00413381,0.0290693,0
0.145293,0.0547746,0.058511,0
0.135422,0.0700295,0.0184984,0
0.0845243,0.0354553,0.021011,0
0.0646848,0.00572492,0.0603438,0
0.0668988,0.0430558,0.0499676,0
0.0577088,0.00712328,0.0844335,0
0.177674,0.0571208,0.0785182,0
0.224772,0.0945984,0.0682017,0
0.161463,0.101281,0.0841909,0
0.224949,0.053748,0.00771121,0
0.13817,0.0434673,0.0509898,0
0.0212463,0.0773211,0.0723245,0
0.00227739,0.0482049,0.0713558,0
0.174332,0.0765653,0.0985042,0
0.0640777,0.0260806,0.0664699,0
0.0451118,0.0266322,0.062573,0
0.0580641,0.0632802,0.0391671,0
0.0770438,0.095205,0.0554195,0
0.186522,0.0776245,0.0607288,0
0.112989,0.0120951,0.0256301,0
0.0735313,0.0617711,0.0191034,0
0.174067,0.0772229,0.102309,0
0.137783,0.0100538,0.00706126,0
0.169141,0.0251299,0.00793199,0
0.170122,0.0754341,0.100151,0
0.143285,0.0891757,0.00499154,0
0.212735,0.0131952,0.0280941,0
0.000171758,0.0675992,0.0693881,0
0.125515,0.0988897,0.0313153,0
0.133548,0.0916656,0.0944977,0
0.0160749,0.0899493,0.0827405,0
0.101879,0.0926067,0.00579094,0
0.136334,0.0635086,0.0912464,0
0.0956358,0.109582,0.167097,1
0.211606,0.161933,0.2052,1
0.130956,0.164273,0.127504,1
0.0722733,0.168732,0.173028,1
0.191926,0.184867,0.117571,1
0.0362578,0.128508,0.167782,1
0.0534682,0.204815,0.173033,1
0.183792,0.110371,0.129763,1
0.0815469,0.12381,0.124,1
0.194648,0.142335,0.14503,1
0.119568,0.181155,0.141334,1
0.0495584,0.107932,0.214713,1
0.0117527,0.217804,0.130996,1
0.102973,0.190561,0.128209,1
0.0619244,0.110401,0.132491,1
0.165084,0.117282,0.128638,1
0.222416,0.111632,0.14466,1
0.202209,0.138324,0.131381,1
0.0551794,0.214966,0.127988,1
0.0266549,0.171389,0.224786,1
0.0190567,0.171496,0.214142,1
0.036455,0.166392,0.1628,1
0.0102164,0.114912,0.123149,1
0.174087,0.110798,0.202658,1
0.133336,0.12792,0.217796,1
0.0016646,0.123103,0.177943,1
0.0417326,0.145616,0.178565,1
0.0102967,0.223916,0.216219,1
0.0729855,0.143558,0.170141,1
0.193148,0.167171,0.19892,1
0.0675235,0.196953,0.153205,1
0.18029,0.176774,0.204814,1
0.043586,0.17127,0.16225,1
0.136832,0.128374,0.221402,1
0.115381,0.147804,0.216078,1
0.205915,0.21407,0.154668,1
0.17981,0.219644,0.121324,1
0.0717648,0.194734,0.130498,1
0.0697602,0.124309,0.192822,1
0.0117103,0.178042,0.140618,1
0.192967,0.163694,0.192225,1
0.0939872,0.134164,0.214333,1
0.174922,0.170394,0.219368,1
0.174759,0.15864,0.214185,1
0.0208358,0.194862,0.166118,1
0.148956,0.143229,0.124553,1
0.205541,0.149705,0.205626,1
0.074648,0.196302,0.171939,1
0.221715,0.224142,0.223854,1
0.163333,0.159002,0.212975,1
0.173554,0.182762,0.149255,1
0.112726,0.22399,0.149616,1
0.141304,0.120196,0.179782,1
0.0921678,0.187266,0.130175,1
0.0860437,0.202902,0.131162,1
0.208591,0.220875,0.198751,1
0.11387,0.179692,0.204614,1
0.122075,0.142882,0.190119,1
0.17521,0.17079,0.166418,1
0.0633876,0.111532,0.218104,1
0.206599,0.193043,0.155789,1
0.0975291,0.111907,0.115929,1
0.0437863,0.197047,0.152634,1
0.156366,0.162772,0.179833,1
0.210017,0.147231,0.155935,1
0.030521,0.123228,0.133845,1
0.0806324,0.127438,0.200856,1
0.0144172,0.188713,0.20186,1
0.16071,0.206471,0.173194,1
0.0739506,0.201366,0.141741,1
0.0467251,0.185825,0.208934,1
0.0345933,0.13636,0.181151,1
0.0847774,0.129019,0.146857,1
0.146611,0.139512,0.120825,1
0.166944,0.186742,0.213084,1
0.174648,0.137774,0.166833,1
0.0590062,0.145453,0.18712,1
0.0467826,0.173256,0.138363,1
0.0834579,0.163942,0.187099,1
0.103967,0.211611,0.197143,1
0.012982,0.140707,0.173213,1
0.217646,0.208137,0.200812,1
0.173334,0.18872,0.130633,1
0.0328349,0.106797,0.174597,1
0.148111,0.14642,0.185667,1
0.0515082,0.207727,0.142169,1
0.00473676,0.144278,0.151862,1
0.0624433,0.122149,0.137153,1
0.0230569,0.161716,0.211378,1
0.0555727,0.179513,0.201048,1
0.212017,0.164624,0.181598,1
0.164463,0.138108,0.178127,1
0.197995,0.184574,0.189638,1
0.0551848,0.163166,0.155788,1
0.15703,0.199169,0.197205,1
0.0920008,0.193105,0.118582,1
0.190102,0.18813,0.212725,1
0.0857231,0.122889,0.220371,1
0.139914,0.140439,0.1278,1
0.0590367,0.147576,0.139189,1
0.131697,0.201492,0.20069,1
0.0925338,0.165676,0.143822,1
0.015277,0.165968,0.131059,1
0.105279,0.14787,0.214776,1
0.180206,0.193668,0.165577,1
0.0738399,0.20097,0.168338,1
0.0188984,0.223387,0.13024,1
0.180261,0.222905,0.193884,1
0.20846,0.206933,0.149239,1
0.129255,0.211024,0.160139,1
0.156304,0.172762,0.157871,1
0.0602389,0.109779,0.165611,1
0.0443728,0.19823,0.18273,1
0.144166,0.224738,0.146458,1
0.175768,0.141363,0.207074,1
0.0385364,0.114262,0.212876,1
0.00463084,0.147602,0.141834,1
0.0709611,0.117834,0.185045,1
0.103247,0.173004,0.157421,1
0.182217,0.137444,0.161194,1
0.19886,0.146654,0.207226,1
0.152952,0.178763,0.21013,1
0.165121,0.129952,0.147501,1
0.0217278,0.106792,0.198906,1
0.126405,0.103843,0.195696,1
0.143119,0.212652,0.11668,1
0.107905,0.103665,0.116601,1
0.120676,0.0399228,0.219037,2
0.137351,0.0333843,0.212149,2
0.171337,0.0778063,0.103775,2
0.0103151,0.068086,0.132649,2
0.171979,0.0821947,0.104399,2
0.169814,0.0819872,0.105253,2
0.209635,0.00634195,0.200746,2
0.210671,0.07032,0.136336,2
0.191864,0.0247726,0.192465,2
0.213835,0.0260077,0.163551,2
0.0629586,0.0617624,0.156374,2
0.165839,0.00394885,0.173634,2
0.203317,0.0680024,0.10989,2
0.206606,0.0652192,0.112681,2
0.149451,0.0357664,0.130166,2
0.202469,0.100046,0.153983,2
0.0726812,0.0552771,0.160031,2
0.17338,0.0825564,0.106414,2
0.162653,0.0809428,0.214962,2
0.0300183,0.0519747,0.164765,2
0.176672,0.0785968,0.104901,2
0.0528329,0.0839786,0.111077,2
0.106967,0.0492072,0.126737,2
0.0837199,0.100467,0.141794,2
0.202682,0.0795083,0.187369,2
0.0400771,0.0832967,0.16718,2
0.144784,0.097044,0.215496,2
0.129527,0.00541261,0.160402,2
0.00748809,0.0970057,0.144153,2
0.0524206,0.0274413,0.171917,2
0.173048,0.080344,0.102913,2
0.0975962,0.102106,0.166416,2
0.166431,0.0407746,0.224348,2
0.133472,0.0114426,0.121534,2
0.0798855,0.0664275,0.208912,2
0.0198486,0.0882425,0.188265,2
0.0344088,0.00808486,0.209931,2
0.0328049,0.100821,0.189937,2
0.0144996,0.0601416,0.172943,2
0.0216796,0.0717141,0.206909,2
0.0727268,0.0496424,0.178464,2
0.104327,0.0716069,0.210795,2
0.0190511,0.0877541,0.211063,2
0.117818,0.00965047,0.130227,2
0.173392,0.0798231,0.104818,2
0.152052,0.00173822,0.154356,2
0.131567,0.0876348,0.119877,2
0.200763,0.0454972,0.127737,2
0.0601209,0.0150488,0.164385,2
0.192007,0.0538009,0.198085,2
0.12537,0.0539037,0.154477,2
0.136483,0.0136224,0.131066,2
0.060849,0.00790274,0.184466,2
0.116565,0.0296775,0.127995,2
0.186036,0.091577,0.103936,2
0.194305,0.0260074,0.169357,2
0.0561986,0.0651186,0.116133,2
0.089698,0.0961889,0.181107,2
0.174264,0.0755056,0.108191,2
0.0805935,0.00175202,0.175469,2
0.157735,0.0491118,0.147873,2
0.171035,0.0772065,0.105911,2
0.0113632,0.0836347,0.178649,2
0.146545,0.0184382,0.115322,2
0.125012,0.0121296,0.156844,2
0.0939637,0.0385786,0.207201,2
0.164135,0.0120847,0.117468,2
0.00544266,0.0127237,0.174132,2
0.130439,0.074672,0.197559,2
0.122371,0.0259017,0.218751,2
0.143977,0.0926889,0.195581,2
0.172616,0.0771327,0.10433,2
0.174926,0.078293,0.102835,2
0.059311,0.0692229,0.131167,2
0.0713617,0.0663417,0.176373,2
0.0956927,0.0977926,0.109102,2
0.171615,0.0749833,0.104602,2
0.21971,0.083548,0.173584,2
0.175573,0.0785871,0.102307,2
0.16906,0.0794168,0.102598,2
0.0414684,0.0999572,0.14654,2
0.173244,0.0745717,0.108995,2
0.102509,0.0384125,0.210098,2
0.221737,0.0328705,0.121778,2
0.112199,0.0222279,0.17152,2
0.0771403,0.0163818,0.172913,2
0.100533,0.0846609,0.201196,2
0.0273098,0.0199757,0.157728,2
0.173575,0.0737613,0.106846,2
0.0987787,0.0675333,0.14085,2
0.214046,0.0349132,0.182961,2
0.0274814,0.0148196,0.168115,2
0.0145066,0.0606127,0.213907,2
0.101088,0.0171628,0.114804,2
0.173044,0.0764655,0.109447,2
0.00983729,0.0887659,0.181605,2
0.0312635,0.0762612,0.103964,2
0.142475,0.0735634,0.217109,2
0.222192,0.0213671,0.109578,2
0.126714,0.0597813,0.209394,2
0.217526,0.019642,0.119066,2
0.172593,0.0769002,0.110295,2
0.0386081,0.0142871,0.211277,2
0.0726641,0.100353,0.145757,2
0.0625732,0.0703802,0.222839,2
0.0325357,0.00780518,0.219573,2
0.186565,0.0405089,0.221405,2
0.186558,0.0985238,0.10588,2
0.0987922,0.0457085,0.174756,2
0.176046,0.0230089,0.173731,2
0.0427438,0.0305181,0.19897,2
0.168253,0.074665,0.156001,2
0.217971,0.0353037,0.137965,2
0.174979,0.0740509,0.105692,2
0.0654386,0.00220001,0.174687,2
0.0762579,0.0660789,0.123429,2
0.211663,0.0719747,0.139559,2
0.118755,0.043394,0.119977,2
0.155202,0.0141938,0.213527,2
0.223741,0.0486276,0.167549,2
0.153414,0.0986846,0.163691,2
0.0146883,2.83544e-05,0.192304,2
0.174745,0.0732217,0.107179,2
0.174867,0.0765877,0.104207,2
0.0869167,0.0886886,0.103382,2
0.171952,0.0741755,0.10646,2
0.177603,0.0777215,0.105176,2
0.0468717,0.00912673,0.113747,2
0.0134685,0.0581713,0.217702,2
0.123664,0.0641226,0.115501,2
0.176872,0.0778607,0.103249,2
0.173767,0.0797808,0.103496,2
0.0303322,0.0371123,0.122208,2
0.175834,0.0777802,0.105839,2
0.169822,0.0739779,0.105009,2
0.035824,0.095753,0.150355,2
0.0631915,0.0685428,0.160231,2
0.173394,0.0829764,0.103836,2
0.173239,0.0728386,0.103818,2
0.111248,0.0935768,0.157251,2
0.0397327,0.0967262,0.106935,2
0.169574,0.0781223,0.105562,2
0.170436,0.077484,0.110612,2
0.175117,0.0772649,0.109541,2
0.174252,0.0769283,0.107706,2
0.171587,0.0767039,0.107629,2
0.154802,0.100175,0.116555,2
0.172172,0.0743628,0.105815,2
0.0350249,0.0291156,0.10512,2
0.177151,0.0792395,0.102484,2
0.174344,0.0751218,0.102429,2
0.0647399,0.142501,0.105988,3
0.110361,0.223614,0.109614,3
0.16991,0.181406,0.0547277,3
0.105699,0.188853,0.0254821,3
0.0922378,0.169211,0.0984762,3
0.133619,0.188717,0.0995819,3
0.119637,0.110104,0.0226521,3
0.168599,0.216086,0.0935513,3
0.200005,0.113995,0.023617,3
0.134172,0.104787,0.0125192,3
0.0166388,0.217952,0.0267018,3
0.0421759,0.191679,0.10079,3
0.210084,0.212124,0.0188668,3
0.203264,0.150423,0.0156787,3
0.205333,0.215763,0.00676469,3
0.108086,0.142882,0.0919185,3
2.46539e-05,0.188782,0.0505762,3
0.096929,0.213771,0.0742927,3
0.0453187,0.165627,0.0832116,3
0.0570254,0.161104,0.0646493,3
0.0601674,0.160365,0.0704901,3
0.127589,0.134484,0.0146251,3
0.0386563,0.181931,0.0113083,3
0.070916,0.107833,0.00859137,3
0.0136637,0.213886,0.0638449,3
0.0169054,0.173641,0.0304914,3
0.115496,0.192688,0.051728,3
0.183051,0.150277,0.00428261,3
0.0812226,0.116616,0.0551984,3
0.0953789,0.112678,0.0467342,3
0.168491,0.129914,0.0568494,3
0.136692,0.115841,0.111012,3
0.0981916,0.205363,0.0170666,3
0.160918,0.174983,0.06617,3
0.0136791,0.160697,0.0560484,3
0.181628,0.209615,0.111265,3
0.159385,0.128211,0.00248027,3
0.0588264,0.180106,0.0225603,3
0.139503,0.11616,0.112048,3
0.102951,0.214919,0.0053421,3
0.0940498,0.107204,0.0181725,3
0.12481,0.106016,0.0317783,3
0.00228026,0.109323,0.0454096,3
0.0909893,0.107067,0.0703116,3
0.0396814,0.147433,0.0544583,3
0.219195,0.165558,0.0577097,3
0.193078,0.193748,0.0835636,3
0.0727163,0.163237,0.108938,3
0.197338,0.213477,0.0369554,3
0.203559,0.154742,0.112262,3
0.183313,0.132851,0.0966221,3
0.147345,0.12494,0.0637791,3
0.223086,0.144893,0.0455633,3
0.0689187,0.133321,0.102893,3
0.18884,0.15643,0.02428,3
0.0372282,0.219387,0.0721929,3
0.0344445,0.122246,0.0300274,3
0.0113827,0.151719,0.0858148,3
0.181491,0.113756,0.00465078,3
0.0553957,0.180438,0.0476502,3
0.0154427,0.177739,0.0684787,3
0.189031,0.184568,0.0899869,3
0.109737,0.207595,0.0899391,3
0.174633,0.219426,0.0997839,3
0.171997,0.212962,0.0350775,3
0.00084907,0.178234,0.0285519,3
0.208616,0.13995,0.0289366,3
0.206809,0.186372,0.0601904,3
0.191449,0.175836,0.082554,3
0.223176,0.148624,0.062518,3
0.0212,0.15665,0.052414,3
0.207403,0.202229,0.0163369,3
0.0135162,0.203104,0.0570683,3
0.124335,0.166125,0.0427581,3
0.127662,0.148163,0.0414718,3
0.0107764,0.1405,0.0797713,3
0.0978121,0.214463,0.0478581,3
0.0416981,0.166146,0.00561002,3
0.039011,0.122639,0.0865076,3
0.0134242,0.200134,0.0495661,3
0.221302,0.123152,0.0528542,3
0.139795,0.150594,0.0208039,3
0.079173,0.179903,0.0804805,3
0.0659194,0.219064,0.0858631,3
0.119739,0.163832,0.0284473,3
0.00417233,0.192317,0.0258529,3
0.104589,0.167217,0.00211869,3
0.147429,0.198608,0.0410562,3
0.182573,0.198033,0.0990223,3
0.159073,0.180639,0.109844,3
0.14795,0.179507,0.0733563,3
0.00579833,0.221547,0.0137515,3
0.178624,0.222694,0.0906079,3
0.0865312,0.175886,0.101747,3
0.175886,0.15613,0.0733783,3
0.221946,0.122722,0.053067,3
0.218317,0.109038,0.0324711,3
0.0895943,0.185839,0.00800678,3
0.0584533,0.116922,0.044804,3
0.0284585,0.133883,0.00772859,3
0.0377622,0.180477,0.0512823,3
0.220381,0.195175,0.0290152,3
0.165898,0.185861,0.0984865,3
0.0709417,0.191253,0.0271236,3
0.0878082,0.176136,0.022278,3
0.0442623,0.19605,0.0715552,3
0.20243,0.219321,0.0884382,3
0.138831,0.195895,0.0562806,3
0.16202,0.209059,0.0332257,3
0.142596,0.106472,0.00477967,3
0.218163,0.170917,0.0259169,3
0.16801,0.183066,0.0767198,3
0.0895749,0.108105,0.114554,3
0.0135222,0.150038,0.0312781,3
0.00325935,0.158726,0.00117941,3
0.218038,0.141856,0.0710062,3
0.120988,0.20416,0.0373627,3
0.112321,0.134675,0.00976553,3
0.218636,0.148146,0.103674,3
0.0194317,0.208942,0.00413113,3
0.0654673,0.136841,0.0529108,3
0.126792,0.106483,0.061982,3
0.126064,0.107611,0.0703036,3
0.0784225,0.119717,0.10861,3
0.137133,0.114593,0.115243,3
