x coord,y coord,z coord,rank
0.127511,0.0864602,0.177767,0
0.0920461,0.217263,0.133655,0
0.0520361,0.124387,0.209323,0
0.110274,0.136274,0.191673,0
0.0589569,0.124808,0.122846,0
0.127272,0.0272743,0.138913,0
0.131709,0.0495282,0.203285,0
0.133532,0.0803929,0.198227,0
0.132538,0.0211894,0.180533,0
0.0158311,0.16862,0.163157,0
0.0374499,0.122856,0.222338,0
0.130492,0.0899783,0.186461,0
0.135066,0.172971,0.133707,0
0.133523,0.199375,0.220491,0
0.119006,0.209359,0.189134,0
0.133969,0.172981,0.173085,0
0.133686,0.210817,0.13206,0
0.125422,0.156905,0.140882,0
0.0657298,0.180474,0.141945,0
0.12181,0.0288386,0.17338,0
0.0876255,0.197703,0.1287,0
0.0429403,0.106367,0.151397,0
0.0424483,0.103406,0.184629,0
0.0247425,0.180571,0.123033,0
0.0826211,0.0578051,0.125598,0
0.0411548,0.139818,0.170357,0
0.0453211,0.00728758,0.131734,0
0.0395641,0.0498554,0.211763,0
0.0790351,0.187032,0.212982,0
0.0546618,0.0717028,0.151832,0
0.0276266,0.154119,0.216671,0
0.0210749,0.156562,0.166744,0
0.0456371,0.194013,0.2227,0
0.0208512,0.0203706,0.197815,0
0.0650885,0.019851,0.20971,0
0.0422488,0.209559,0.183977,0
0.13373,0.10376,0.157146,0
0.0856358,0.213396,0.160033,0
0.0961036,0.203661,0.217581,0
0.0145837,0.0425107,0.176283,0
0.00765867,0.104349,0.13823,0
0.0352934,0.195089,0.193453,0
0.0924176,0.139216,0.176522,0
0.0698528,0.147498,0.209222,0
0.122913,0.078229,0.1882,0
0.122422,0.0585363,0.221993,0
0.0849548,0.0709672,0.196522,0
0.10591,0.0259248,0.186396,0
0.0267622,0.00849468,0.183281,0
0.0647627,0.0943191,0.194896,0
0.0262332,0.100908,0.17057,0
0.0709443,0.0737473,0.191172,0
0.0538553,0.139613,0.2086,0
0.054093,0.0782005,0.199322,0
0.0379623,0.0884248,0.136974,0
0.0920339,0.214746,0.188556,0
0.0265868,0.0253146,0.224096,0
0.0456929,0.0435192,0.159605,0
0.0623787,0.197518,0.190414,0
0.0621117,0.172296,0.186645,0
0.0613661,0.0892576,0.216657,0
0.0533518,0.0342926,0.203991,0
0.0451323,0.090505,0.133673,0
0.093757,0.159893,0.1535,0
0.10166,0.0863446,0.155218,0
0.00864989,0.220523,0.21601,0
0.103324,0.0211708,0.183151,0
0.125447,0.0588956,0.152736,0
0.0474599,0.203354,0.211276,0
0.0164797,0.164686,0.194704,0
0.0703184,0.00365558,0.220912,0
0.0966146,0.155507,0.197375,0
0.0474549,0.199359,0.153447,0
0.0734464,0.129199,0.123607,0
0.0124413,0.175819,0.121336,0
0.0880738,0.136317,0.190012,0
0.0531808,0.154794,0.13918,0
0.045697,0.0124863,0.137043,0
0.0376799,0.0830011,0.135052,0
0.060213,0.210568,0.147219,0
0.00729397,0.138443,0.167687,0
0.0286669,0.167518,0.197462,0
0.0250108,0.0789533,0.162763,0
0.0712594,0.0219559,0.16506,0
0.06699,0.0745999,0.222369,0
0.108744,0.215841,0.161126,0
0.019087,0.0795004,0.182358,0
0.00238382,0.0652674,0.218239,0
0.0588374,0.139208,0.209004,0
0.0312612,0.0134848,0.181147,0
0.01835,0.0425401,0.123564,0
0.00329163,0.130344,0.167713,0
0.0328067,0.217278,0.167871,0
0.0314972,0.159825,0.187935,0
0.0310812,0.224767,0.173923,0
0.106411,0.194728,0.205059,0
0.0438843,0.085918,0.219704,0
0.0454604,0.214975,0.168833,0
0.0331709,0.00685614,0.174778,0
0.0769097,0.145966,0.185537,0
0.0198494,0.118118,0.140788,0
0.0717092,0.00213325,0.195418,0
0.116974,0.187976,0.138326,0
0.0876589,0.143608,0.145142,0
0.010519,0.0333063,0.130932,0
0.116844,0.14735,0.187446,0
0.098485,0.12975,0.1962,0
0.0199071,0.000840543,0.215442,0
0.0693555,0.217058,0.125923,0
0.0481127,0.162099,0.161911,0
0.0109895,0.106554,0.184922,0
0.0817779,0.154322,0.185263,0
0.0875845,0.124605,0.157231,0
0.0794764,0.0587498,0.212115,0
0.0516496,0.0637361,0.2013,0
0.0487145,0.203527,0.175343,0
0.0254698,0.00837728,0.157459,0
0.0407734,0.200216,0.143801,0
0.0723533,0.0681906,0.175882,0
0.0773227,0.218731,0.156645,0
0.0528558,0.186437,0.147503,0
0.00673616,0.177326,0.145964,0
0.014211,0.167363,0.192702,0
0.0956358,0.139689,0.124,0
0.135482,0.120146,0.128347,0
0.0854498,0.0418595,0.100118,1
0.0180194,0.121674,0.0193668,1
0.0428408,0.0853467,0.0976423,1
0.0913944,0.121174,0.0975052,1
0.0546397,0.220451,0.103054,1
0.114809,0.0277633,0.116225,1
0.0924518,0.0477627,0.096707,1
0.0494947,0.0568991,0.00274773,1
0.0968598,0.171285,0.0860936,1
0.0736479,0.00201252,0.00562562,1
0.0224548,0.0419329,0.085427,1
0.113227,0.167135,0.0640649,1
0.0521844,0.124587,0.0396845,1
0.0705754,0.153768,0.119145,1
0.046246,0.125848,0.109057,1
0.0730401,0.192812,0.0463318,1
0.000894331,0.0578953,0.089026,1
0.0741071,0.00314677,0.0318861,1
0.107455,0.0888207,0.094462,1
0.0962,0.13545,0.115922,1
0.102281,0.0468528,0.107104,1
0.0164083,0.165515,0.0613475,1
0.058651,0.194256,0.019623,1
0.0290182,0.0536249,0.102729,1
0.00134509,0.193422,0.0505806,1
0.0950577,0.00495515,0.0449213,1
0.0212318,0.0963942,0.028988,1
0.097504,0.182878,0.0490016,1
0.0332102,0.180512,0.00372712,1
0.0417121,0.169754,0.0708684,1
0.0426413,0.113962,0.0377708,1
0.0396527,0.116613,0.0665951,1
0.014544,0.0418465,0.057872,1
0.0448323,0.0563028,0.0674264,1
0.0038927,0.187183,0.0651362,1
0.0146492,0.0582822,0.0052212,1
0.0282171,0.0692223,0.11188,1
0.0549356,0.0880203,0.0715245,1
0.0715603,0.00319863,0.0628475,1
0.0893036,0.0267066,0.0621062,1
0.0121662,0.152218,0.052242,1
0.054967,0.00329033,0.0603716,1
0.061854,0.203571,0.0224713,1
0.00561842,0.0475862,0.00545084,1
0.0534312,0.146604,0.0872311,1
0.0650186,0.0544737,0.051319,1
0.105504,0.184233,0.0452782,1
0.104244,0.106388,0.00207652,1
0.103926,0.0768977,0.11497,1
0.112844,0.154812,0.118758,1
0.0834182,0.0754032,0.00388342,1
0.0991494,0.182803,0.062999,1
0.0239429,0.224779,0.0756605,1
0.0373581,0.206472,0.0565307,1
0.00528232,0.0128402,0.0148512,1
0.0417413,0.190955,0.0974871,1
0.00269692,0.0487884,0.0244391,1
0.00754393,0.19955,0.055531,1
0.0561915,0.159591,0.0493936,1
0.00476971,0.141965,0.117769,1
0.0937122,0.102421,0.0297298,1
0.0290281,0.0289248,0.0422872,1
0.0492394,0.0778068,0.0680938,1
0.0355172,0.0811427,0.0851538,1
0.00440453,0.199394,0.0582473,1
0.0432481,0.0526805,0.0100877,1
0.102542,0.0211888,0.05024,1
0.00761895,0.101903,0.101526,1
0.00373554,0.199543,0.0613614,1
0.0688499,0.173212,0.114239,1
0.0843844,0.201433,0.0116461,1
0.00503869,0.221445,0.0392645,1
0.0751116,0.108779,0.038539,1
0.0711484,0.0454442,0.0364524,1
0.0626687,0.061416,0.114798,1
0.00211814,0.0891883,0.0520189,1
0.100479,0.047746,0.000214129,1
0.00253461,0.155088,0.0496759,1
0.0679134,0.191358,0.0664227,1
0.00329705,0.0962867,0.00754005,1
0.0391492,0.150806,0.0231266,1
0.0338825,0.206279,0.0246831,1
0.106542,0.0289289,0.116232,1
0.0769073,0.207192,0.0850631,1
0.0577948,0.0529069,0.113278,1
0.106603,0.0426219,0.0190508,1
0.113774,0.161631,0.0121695,1
0.060676,0.133537,0.0730996,1
0.0390212,0.136408,0.0521901,1
0.0146075,0.086955,0.0221935,1
0.068479,0.16034,0.111516,1
0.0740042,0.00375491,0.0907411,1
0.0221512,0.14517,0.0444922,1
0.0121973,0.0741785,0.102636,1
0.0359811,0.199359,0.0359255,1
0.00986605,0.126003,0.0843349,1
0.0246453,0.217757,0.0965526,1
0.0991373,0.108811,0.102822,1
0.00302806,0.0645787,0.05877,1
0.00632484,0.20237,0.0700681,1
0.0226619,0.0317207,0.0652108,1
0.0516574,0.199714,0.0345638,1
0.0718148,0.118412,0.0671173,1
0.0580759,0.0622381,0.06011,1
0.0688472,0.102515,0.0855772,1
0.0406675,0.203812,0.0854791,1
0.0140832,0.184391,0.0880599,1
0.0580767,0.0370393,0.115391,1
0.0858757,0.139692,0.0333164,1
0.0631445,0.1703,0.0869771,1
0.0674848,0.157921,0.0407225,1
0.0521166,0.0192585,0.0453093,1
0.0705239,0.138416,0.0492086,1
0.0320039,0.209216,0.107498,1
0.0770947,0.106842,0.102239,1
0.0976867,0.117303,0.117476,1
0.0746392,0.16841,0.00327142,1
0.0258243,0.00201168,0.0498905,1
0.0862223,0.177759,0.028459,1
0.109216,0.123489,0.0194267,1
0.0317192,0.0331553,0.109032,1
0.0801381,0.0346946,0.0920828,1
0.0765914,0.157706,0.0440449,1
0.0263065,0.15051,0.0561625,1
0.108006,0.162067,0.0606793,1
0.109623,0.175008,0.0139726,1
0.00927568,0.0994803,0.114127,1
0.113812,0.175134,0.0612841,1
0.113714,0.0624951,0.0251966,1
0.160119,0.118005,0.126582,2
0.154563,0.11764,0.125936,2
0.154944,0.115151,0.129059,2
0.154115,0.116367,0.12755,2
0.152885,0.112988,0.130933,2
0.152838,0.112158,0.126816,2
0.213379,0.134196,0.127532,2
0.149782,0.118058,0.124387,2
0.146807,0.118703,0.125469,2
0.151696,0.120583,0.131293,2
0.171361,0.0720291,0.148692,2
0.149567,0.115236,0.126886,2
0.149307,0.123538,0.129429,2
0.155636,0.100159,0.158709,2
0.152819,0.115266,0.128559,2
0.162312,0.0890867,0.144803,2
0.149888,0.118749,0.123232,2
0.152572,0.119432,0.128014,2
0.157426,0.119206,0.12846,2
0.154248,0.12033,0.134496,2
0.14762,0.124033,0.129046,2
0.148497,0.115156,0.121804,2
0.158766,0.223876,0.196954,2
0.156991,0.120869,0.123316,2
0.170608,0.047974,0.218686,2
0.153749,0.189496,0.124128,2
0.181112,0.180483,0.187062,2
0.158102,0.120195,0.122462,2
0.186418,0.192464,0.179495,2
0.158691,0.076459,0.18689,2
0.153078,0.119511,0.127881,2
0.220494,0.0414795,0.194953,2
0.143767,0.0710611,0.208839,2
0.151268,0.123528,0.12764,2
0.171462,0.071573,0.129489,2
0.177301,0.170367,0.216769,2
0.1925,0.13304,0.211004,2
0.145488,0.137136,0.128865,2
0.165634,0.0133264,0.194536,2
0.208606,0.0734652,0.157928,2
0.151026,0.122048,0.12683,2
0.155168,0.115424,0.125058,2
0.200269,0.107145,0.18204,2
0.177327,0.0633367,0.214455,2
0.208147,0.205683,0.136118,2
0.147336,0.116907,0.127229,2
0.143564,0.199604,0.187833,2
0.155679,0.157847,0.142453,2
0.20816,0.149991,0.170363,2
0.155834,0.119964,0.123202,2
0.202419,0.202882,0.184239,2
0.149681,0.120297,0.128846,2
0.150202,0.113922,0.129352,2
0.153314,0.118323,0.124042,2
0.150023,0.11661,0.130607,2
0.145546,0.120635,0.121696,2
0.209533,0.00292629,0.22307,2
0.151897,0.114477,0.127977,2
0.215913,0.0592963,0.212073,2
0.154147,0.122834,0.130093,2
0.221819,0.0604073,0.143292,2
0.198213,0.0317382,0.20975,2
0.220802,0.106705,0.156853,2
0.154059,0.0753403,0.186467,2
0.154466,0.119755,0.122068,2
0.141617,0.094687,0.126736,2
0.15254,0.119131,0.131482,2
0.187349,0.197481,0.211595,2
0.154171,0.114122,0.126832,2
0.155342,0.124688,0.124762,2
0.2173,0.222705,0.183571,2
0.156088,0.117217,0.127871,2
0.203699,0.183852,0.168746,2
0.156863,0.115621,0.12775,2
0.224646,0.175912,0.185111,2
0.13998,0.0597589,0.205992,2
0.195655,0.0188562,0.129363,2
0.155458,0.119022,0.127389,2
0.184127,0.0772297,0.141951,2
0.214909,0.0112369,0.216243,2
0.155294,0.124587,0.128603,2
0.219479,0.0818861,0.14746,2
0.142911,0.208195,0.17067,2
0.150771,0.121048,0.125142,2
0.183617,0.161741,0.194666,2
0.15925,0.0660286,0.154126,2
0.151397,0.112022,0.185642,2
0.150128,0.119911,0.12498,2
0.145484,0.153808,0.207107,2
0.16727,0.173611,0.153166,2
0.138193,0.0538111,0.173461,2
0.185274,0.102953,0.159907,2
0.15345,0.117308,0.132549,2
0.159384,0.116677,0.127633,2
0.138083,0.0227217,0.21952,2
0.1603,0.000942892,0.179481,2
0.156793,0.121459,0.125051,2
0.152647,0.114974,0.130444,2
0.157327,0.0178244,0.186447,2
0.164216,0.21969,0.22197,2
0.140722,0.0736627,0.181935,2
0.150936,0.152618,0.156888,2
0.204198,0.00613515,0.192286,2
0.154827,0.119462,0.126342,2
0.14597,0.120492,0.129205,2
0.143202,0.0564574,0.191572,2
0.140324,0.0539551,0.207378,2
0.184372,0.110837,0.133634,2
0.154376,0.114816,0.132185,2
0.145654,0.157458,0.174015,2
0.144334,0.115808,0.222414,2
0.173567,0.0149307,0.161052,2
0.199876,0.163652,0.166993,2
0.209933,0.153021,0.220829,2
0.196051,0.00412503,0.170193,2
0.145636,0.115703,0.179347,2
0.151677,0.122141,0.126693,2
0.204289,0.0848978,0.150649,2
0.153911,0.118531,0.129042,2
0.156713,0.119083,0.125764,2
0.206815,0.0586533,0.175102,2
0.149758,0.122892,0.124172,2
0.147433,0.0834178,3.15234e-05,3
0.175146,0.124871,0.0646853,3
0.168012,0.0597418,0.102596,3
0.19055,0.211216,0.00983528,3
0.17098,0.108492,0.0389362,3
0.177005,0.105514,0.0883538,3
0.120845,0.175365,0.000573058,3
0.200918,0.110632,0.0216667,3
0.211907,0.0366752,0.110355,3
0.213612,0.0693893,0.0758795,3
0.151137,0.0650738,0.0881002,3
0.163627,0.0210325,0.105769,3
0.22463,0.181277,0.0243737,3
0.168642,0.167964,0.110372,3
0.193451,0.211609,0.0618189,3
0.141186,0.200137,0.0947707,3
0.201692,0.119256,0.0395853,3
0.171136,0.00453825,0.0176238,3
0.191678,0.0932815,0.00565784,3
0.137647,0.100121,0.107591,3
0.151824,0.0943173,0.0912195,3
0.204501,0.220993,0.0105636,3
0.210823,0.129119,0.0663357,3
0.201247,0.216061,0.0390649,3
0.136971,0.195139,0.0143772,3
0.121174,0.139215,0.0216902,3
0.159095,0.221652,0.108353,3
0.188824,0.142333,0.00114761,3
0.214432,0.043427,0.00590127,3
0.162068,0.0760836,0.109346,3
0.154594,0.0538089,0.00789713,3
0.130503,0.106772,0.0681116,3
0.129072,0.20502,0.0948156,3
0.19904,0.202162,0.048377,3
0.134736,0.00655594,0.0104343,3
0.13065,0.193629,0.0725424,3
0.137975,0.146329,0.00119109,3
0.144059,0.102164,0.108906,3
0.194378,0.0713026,0.0311264,3
0.188464,0.0464219,0.0790451,3
0.139653,0.00506641,0.0940984,3
0.14233,0.0673889,0.0888333,3
0.177378,0.0145896,0.0842308,3
0.222467,0.201416,0.0462051,3
0.174866,0.0694901,0.0476819,3
0.215187,0.00531235,0.0569096,3
0.201505,0.029198,0.0279539,3
0.221718,0.0534119,0.0322556,3
0.185111,0.0514522,0.100194,3
0.120828,0.128294,0.0339507,3
0.155152,0.140496,0.0790365,3
0.170584,0.155975,0.0465576,3
0.187352,0.12487,0.106629,3
0.165569,0.181012,0.0587734,3
0.161139,0.125544,0.0749741,3
0.215687,0.197616,0.0965312,3
0.216501,0.149373,0.0248157,3
0.16555,0.140526,0.0193828,3
0.176473,0.0221394,0.0526039,3
0.21322,0.0284752,0.0597642,3
0.159042,0.0881542,0.045315,3
0.223897,0.212068,0.0935899,3
0.199236,0.131659,0.0472569,3
0.215546,0.207152,0.0326715,3
0.18509,0.174175,0.0731983,3
0.200481,0.127485,0.0790775,3
0.16493,0.204152,0.0677772,3
0.17115,0.130457,0.0304892,3
0.224987,0.0872638,0.0159735,3
0.136621,0.224422,0.0854054,3
0.125064,0.149244,0.0555974,3
0.145799,0.138463,0.0176095,3
0.221906,0.0742476,0.0816833,3
0.209147,0.218948,0.0455463,3
0.19567,0.223878,0.0600551,3
0.166126,0.221675,0.115738,3
0.176794,0.122919,0.108751,3
0.15088,0.0742125,0.0551786,3
0.223145,0.19749,0.113186,3
0.177155,0.175313,0.0726453,3
0.160198,0.0775842,0.113605,3
0.217316,0.0300815,0.108236,3
0.177343,0.0151311,0.0408867,3
0.135298,0.133255,0.00129253,3
0.214055,0.207765,0.114395,3
0.200172,0.21419,0.0949171,3
0.155728,0.16565,0.0777459,3
0.182903,0.0821662,0.11152,3
0.169752,0.114445,0.100758,3
0.204327,0.128091,0.117406,3
0.218197,0.179719,0.00545987,3
0.203215,0.0529539,0.105597,3
0.191366,0.201374,0.0471173,3
0.180121,0.0427363,0.027531,3
0.157163,0.00697138,0.0587602,3
0.148073,0.176778,0.0656896,3
0.192313,0.0222203,0.0777589,3
0.179298,0.178627,0.0193404,3
0.181777,0.0878253,0.0677671,3
0.176027,0.0533722,0.0467025,3
0.158777,0.0833517,0.0863036,3
0.199345,0.122909,0.0253969,3
0.193352,0.157385,0.0595333,3
0.131224,0.153832,0.0947135,3
0.219575,0.0856953,0.00337716,3
0.150097,0.120862,0.118659,3
0.120208,0.0604289,0.013018,3
0.116961,0.0800042,0.073293,3
0.17442,0.0840423,0.0223925,3
0.126095,0.0844613,0.0623084,3
0.189046,0.0874217,0.0412476,3
0.11753,0.110928,0.00323731,3
0.127521,0.0485757,0.00880624,3
0.115488,0.0854686,0.0828575,3
0.147877,0.0173653,0.0160673,3
0.115622,0.0353091,0.0484381,3
0.15911,0.0226209,0.0820606,3
0.205609,0.0440929,0.106542,3
0.120133,0.0314596,0.079491,3
0.158613,0.124098,0.117905,3
0.154575,0.119857,0.116623,3
0.151494,0.118061,0.120699,3
0.15174,0.114164,0.120283,3
0.155812,0.115041,0.120324,3
