x coord,y coord,z coord,rank
0.222188,0.118007,0.0788007,0
0.118156,0.122832,0.00801908,0
0.0434924,0.210683,0.0409329,0
0.0126866,0.207485,0.0442333,0
0.127312,0.142836,0.0340112,0
0.139043,0.129854,0.0596851,0
0.162679,0.218559,0.00517062,0
0.029331,0.152818,0.115019,0
0.0307219,0.197454,0.107384,0
0.0546439,0.196788,0.0111602,0
0.194071,0.134179,0.0255537,0
0.147735,0.126364,0.0927084,0
0.0263295,0.206334,0.0135601,0
0.0754429,0.188762,0.0543952,0
0.0321313,0.20096,0.00230343,0
0.0808994,0.224181,0.085925,0
0.0432315,0.124573,0.0199953,0
0.197671,0.131962,0.120003,0
0.0487291,0.205599,0.0949498,0
0.0399648,0.205459,0.00970326,0
0.0282463,0.180787,0.0157249,0
0.108449,0.224945,0.0385265,0
0.00483001,0.190365,0.0603669,0
0.180944,0.160848,0.0581722,0
0.114287,0.168878,0.0720284,0
0.161687,0.209618,0.00744345,0
0.056583,0.15544,0.0562177,0
0.04922,0.181896,0.0883255,0
0.201077,0.129174,0.116564,0
0.0836533,0.130907,0.0443728,0
0.169938,0.140947,0.0499513,0
0.21397,0.121761,0.0260079,0
0.216369,0.222079,0.0775429,0
0.0501037,0.124912,0.0350966,0
0.0391148,0.213981,0.0859823,0
0.0424547,0.156156,0.0618053,0
0.0504509,0.177669,0.0619632,0
0.166296,0.168709,0.0635995,0
0.176283,0.136986,0.0250798,0
0.00583277,0.203767,0.00796665,0
0.0349278,0.128121,0.0537041,0
0.0534248,0.133147,0.00278007,0
0.118142,0.210242,0.107858,0
0.0604848,0.133147,0.0279332,0
0.200025,0.133805,0.118965,0
0.194618,0.130999,0.120661,0
0.172431,0.186164,0.0769977,0
0.209637,0.163439,0.0642336,0
0.0705756,0.222247,0.0160869,0
0.200828,0.132969,0.120804,0
0.21957,0.188884,0.112641,0
0.165405,0.213788,0.107975,0
0.0430641,0.133002,0.0509341,0
0.0991648,0.164575,0.0403837,0
0.127541,0.147071,0.058976,0
0.0524143,0.139814,0.0311324,0
0.205216,0.132886,0.119157,0
0.186266,0.210742,0.0198907,0
0.0374064,0.167442,0.0677431,0
0.206162,0.161897,0.102251,0
0.153186,0.175725,0.0707628,0
0.0580771,0.172038,0.00938362,0
0.0286649,0.150445,0.104958,0
0.026325,0.204836,0.0381107,0
0.20855,0.207983,0.0406813,0
0.0999979,0.121534,0.0486787,0
0.0307041,0.218476,0.0789001,0
0.117899,0.212222,0.00163083,0
0.15127,0.1597,0.0191757,0
0.199703,0.197012,0.00311498,0
0.203594,0.179179,0.103911,0
0.19316,0.128642,0.120543,0
0.0899383,0.198936,0.0807096,0
0.167678,0.203091,0.0924179,0
0.113714,0.149387,0.0534468,0
0.10776,0.134685,0.0354682,0
0.136492,0.118824,0.0536845,0
0.0374176,0.172798,0.0945093,0
0.0443213,0.183403,0.0881536,0
0.0765762,0.21953,0.0676108,0
0.138032,0.126866,0.0482687,0
0.0362863,0.190705,0.0222644,0
0.0616803,0.183727,0.0719596,0
0.213564,0.133607,0.111459,0
0.0518369,0.158255,0.0978479,0
0.0680506,0.184329,0.00752273,0
0.0843669,0.181444,0.00524983,0
0.112046,0.223219,0.0146559,0
0.163969,0.172184,0.00162754,0
0.154071,0.183494,0.0196643,0
0.0752968,0.184568,0.0321347,0
0.000627981,0.197436,0.0302346,0
0.0648625,0.135168,0.0239664,0
0.184856,0.177134,0.00871195,0
0.154168,0.172752,0.0300384,0
0.0946144,0.184409,0.0619893,0
0.197907,0.140843,0.0706299,0
0.00922966,0.192102,0.0113728,0
0.014216,0.171835,0.0182924,0
0.0871944,0.164216,0.0856993,0
0.0708239,0.126043,0.0685943,0
0.0428614,0.201693,0.106074,0
0.0909791,0.135694,0.0700052,0
0.000837967,0.215148,0.0785448,0
0.217974,0.189855,0.0338416,0
0.074601,0.129842,0.0476798,0
0.00138286,0.182771,0.10516,0
0.167505,0.126238,0.0389671,0
0.195232,0.132565,0.11937,0
0.168703,0.190078,0.027815,0
0.211357,0.199825,0.0985769,0
0.0923297,0.186843,0.085072,0
0.155509,0.193672,0.0622259,0
0.0066408,0.214726,0.0799024,0
0.199541,0.128613,0.119706,0
0.0862747,0.207932,0.103775,0
0.198307,0.124633,0.119815,0
0.146131,0.218989,0.0368185,0
0.210265,0.17841,0.0712125,0
0.124881,0.125625,0.11024,0
0.191853,0.143424,0.0757805,0
0.058606,0.150339,0.0546829,0
0.0675855,0.212957,0.110557,0
0.0691443,0.192051,0.0658619,0
0.0776522,0.175561,0.0846923,0
0.144185,0.19547,0.101301,0
0.0778978,0.134954,0.0308358,0
0.0786324,0.194673,0.102868,0
0.145401,0.146928,0.0877071,0
0.161223,0.122,0.000774533,0
0.122452,0.161248,0.0872882,0
0.100999,0.124547,0.116249,0
0.196197,0.129744,0.11743,0
0.123672,0.150557,0.102688,0
0.0998445,0.190054,0.121139,0
0.194352,0.127392,0.121255,0
0.194815,0.0193163,0.193269,1
0.140043,0.105387,0.190686,1
0.0121668,0.110334,0.156346,1
0.0143971,0.00371451,0.160218,1
0.12667,0.103879,0.125394,1
0.206334,0.0828967,0.152605,1
0.0476674,0.0451753,0.127154,1
0.00675065,0.110056,0.121916,1
0.149105,0.0729172,0.131016,1
0.114994,0.00327592,0.187931,1
0.127411,0.0161643,0.149662,1
0.184561,0.0321593,0.152222,1
0.167213,0.00983357,0.162124,1
0.113631,0.0555979,0.166065,1
0.158948,0.0620975,0.185793,1
0.131528,0.0460832,0.195778,1
0.119356,0.0205589,0.174654,1
0.0102803,0.0878088,0.184644,1
0.0791056,0.0430341,0.203098,1
0.00253761,0.0328293,0.156635,1
0.173763,0.0118704,0.166711,1
0.0599613,0.117305,0.204038,1
0.202336,0.086794,0.202561,1
0.130627,0.0535958,0.201325,1
0.0456583,0.0901764,0.157703,1
0.0532891,0.108845,0.186907,1
0.110664,0.0431691,0.186864,1
0.0893546,0.0622444,0.194019,1
0.213306,0.0710918,0.1995,1
0.185033,0.0526526,0.198895,1
0.0605038,0.0824408,0.171874,1
0.115329,0.0283543,0.165287,1
0.0606619,0.0555947,0.149543,1
0.0397858,0.0284034,0.157152,1
0.128171,0.0907188,0.203494,1
0.00497892,0.0505357,0.14191,1
0.214762,0.0802825,0.189369,1
0.0489968,0.0171623,0.223159,1
0.0571254,0.0211684,0.148447,1
0.125651,0.0714261,0.181853,1
0.129565,0.0736843,0.165172,1
0.222604,0.11624,0.152413,1
0.105522,0.0447166,0.184508,1
0.209077,0.0281131,0.182285,1
0.108092,0.00454161,0.145961,1
0.143136,0.0978955,0.22499,1
0.0162033,0.0810466,0.184849,1
0.0621263,0.0638648,0.211084,1
0.142804,0.103419,0.206121,1
0.137755,0.0774589,0.169154,1
0.123804,0.0625858,0.221356,1
0.116806,0.0658921,0.212973,1
0.182397,0.0384488,0.125315,1
0.162428,0.11528,0.159332,1
0.131187,0.021519,0.154376,1
0.134079,0.0613669,0.223526,1
0.00315162,0.0784952,0.124561,1
0.0829237,0.0963808,0.145622,1
0.0810249,0.0670696,0.214802,1
0.16238,0.0445436,0.192774,1
0.114802,0.060453,0.212418,1
0.17978,0.0853333,0.191621,1
0.154644,0.116026,0.127953,1
0.161347,0.0661858,0.179809,1
0.00380468,0.0131249,0.137452,1
0.0842391,0.0149141,0.21572,1
0.0145099,0.01709,0.221794,1
0.140788,0.0894407,0.212239,1
0.0610456,0.0413719,0.217615,1
0.115156,0.0623543,0.192799,1
0.14746,0.115272,0.143977,1
0.136156,0.0670974,0.210853,1
0.0818225,0.043878,0.145698,1
0.114515,0.0555674,0.207535,1
0.0622099,0.00942319,0.158461,1
0.0709346,0.0749128,0.203665,1
0.0968839,0.056462,0.157861,1
0.200623,0.00868008,0.136253,1
0.0916725,0.0042344,0.150246,1
0.0193945,0.0870797,0.188949,1
0.11113,0.0216201,0.194538,1
0.0548326,0.0519454,0.22072,1
0.0927628,0.0804948,0.217513,1
0.0246714,0.0470171,0.219224,1
0.0273532,0.08203,0.140755,1
0.135478,0.0192176,0.143852,1
0.177194,0.0794797,0.213404,1
0.072556,0.00661583,0.178833,1
0.199903,0.0890293,0.124787,1
0.0792099,0.0311933,0.216302,1
0.113947,0.0042984,0.176863,1
0.209568,0.0990801,0.161368,1
0.0244653,0.0109123,0.179193,1
0.166061,0.0283259,0.165616,1
0.0126844,0.113475,0.214661,1
0.207938,0.056467,0.202546,1
0.168773,0.0359535,0.214184,1
0.01575,0.0171034,0.184511,1
0.113849,0.0709781,0.187176,1
0.0560807,0.0968384,0.153272,1
0.14569,0.11157,0.12588,1
0.147959,0.0909457,0.22164,1
0.219873,0.111902,0.153065,1
0.214377,0.0065494,0.130781,1
0.0221575,0.0982586,0.129724,1
0.151159,0.0597884,0.131127,1
0.085707,0.0819351,0.129297,1
0.0132022,0.0548152,0.122844,1
0.105828,0.0726558,0.121947,1
0.00529998,0.187728,0.218751,2
0.198842,0.129022,0.123917,2
0.199391,0.13059,0.129285,2
0.112114,0.13321,0.183937,2
0.196749,0.130106,0.122637,2
0.143761,0.19643,0.150645,2
0.188347,0.141303,0.126384,2
0.104732,0.149569,0.204765,2
0.0659468,0.159076,0.166258,2
0.137356,0.153019,0.171407,2
0.204202,0.126647,0.123925,2
0.0207501,0.118425,0.126215,2
0.201048,0.130492,0.123262,2
0.0352237,0.187741,0.170044,2
0.202554,0.129924,0.124217,2
0.147566,0.129076,0.148267,2
0.194659,0.133418,0.121879,2
0.199085,0.124516,0.124653,2
0.164566,0.146762,0.196806,2
0.201177,0.129575,0.125819,2
0.114639,0.166832,0.216313,2
0.137875,0.153738,0.167457,2
0.103758,0.163848,0.198967,2
0.100811,0.16998,0.170276,2
0.0083432,0.1778,0.193882,2
0.202728,0.133475,0.126218,2
0.0588276,0.177687,0.163738,2
0.0856199,0.21534,0.219425,2
0.20032,0.126522,0.122709,2
0.0562651,0.176729,0.190521,2
0.207419,0.131667,0.125933,2
0.0300819,0.153088,0.206754,2
0.0333333,0.16439,0.167825,2
0.0280026,0.21986,0.210344,2
0.17265,0.146764,0.193652,2
0.00744911,0.219589,0.12633,2
0.195447,0.132316,0.12242,2
0.19488,0.163368,0.215149,2
0.12624,0.126779,0.138618,2
0.163741,0.132458,0.133417,2
0.0433402,0.186331,0.213926,2
0.196905,0.124848,0.123751,2
0.125289,0.147676,0.215763,2
0.160408,0.181975,0.216784,2
0.149952,0.216707,0.161523,2
0.197499,0.13318,0.127037,2
0.0439627,0.134778,0.188574,2
0.0804925,0.218368,0.171207,2
0.204014,0.181287,0.172253,2
0.129188,0.196162,0.220138,2
0.20098,0.132071,0.126013,2
0.199224,0.131097,0.123756,2
0.193463,0.185428,0.150052,2
0.217315,0.182962,0.182097,2
0.0428349,0.128679,0.141996,2
0.0360049,0.119357,0.174551,2
0.00849756,0.166586,0.181311,2
0.012617,0.175592,0.22358,2
0.157438,0.157743,0.183073,2
0.0306484,0.118722,0.125664,2
0.115876,0.125016,0.149686,2
0.102008,0.178507,0.197041,2
0.0333089,0.208755,0.171071,2
0.169302,0.196468,0.16675,2
0.138414,0.138352,0.14142,2
0.0161947,0.119632,0.173931,2
0.224688,0.217528,0.176946,2
0.171789,0.188248,0.170581,2
0.117926,0.190984,0.133406,2
0.181739,0.172793,0.19551,2
0.149454,0.214307,0.191926,2
0.0233015,0.189149,0.191456,2
0.0202619,0.146293,0.144116,2
0.221641,0.171964,0.209667,2
0.197575,0.127808,0.123595,2
0.201746,0.126792,0.121852,2
0.0491558,0.128769,0.135855,2
0.197808,0.129486,0.124673,2
0.201945,0.12805,0.123391,2
0.168861,0.149071,0.196805,2
0.077426,0.196719,0.137456,2
0.192276,0.12905,0.177463,2
0.212921,0.13454,0.209476,2
0.117795,0.181754,0.168604,2
0.0876437,0.199291,0.157656,2
0.21428,0.186034,0.153443,2
0.137672,0.190714,0.21937,2
0.146714,0.213377,0.190883,2
0.0745277,0.182367,0.169334,2
0.150828,0.16679,0.171653,2
0.170521,0.218854,0.224712,2
0.198376,0.138037,0.145822,2
0.194787,0.134445,0.121742,2
0.0500905,0.205741,0.195817,2
0.148261,0.133576,0.176515,2
0.0901965,0.120649,0.196587,2
0.146607,0.219909,0.133545,2
0.199052,0.222801,0.190323,2
0.135486,0.222741,0.18239,2
0.203767,0.129824,0.12223,2
0.0787273,0.181274,0.133182,2
0.174296,0.163604,0.135101,2
0.160365,0.120016,0.186626,2
0.102866,0.186734,0.218138,2
0.0953104,0.198739,0.125241,2
0.107751,0.181765,0.153845,2
0.198937,0.134738,0.121672,2
0.166569,0.16147,0.157689,2
0.131282,0.220488,0.183592,2
0.203942,0.132907,0.124509,2
0.140296,0.188971,0.184243,2
0.104192,0.123801,0.142133,2
0.112347,0.207072,0.142709,2
0.0665073,0.136037,0.146817,2
0.025059,0.207993,0.14521,2
0.200644,0.128779,0.125579,2
0.110233,0.22014,0.122676,2
0.184934,0.211564,0.149772,2
0.0263652,0.177511,0.17665,2
0.152126,0.170898,0.219756,2
0.199884,0.128297,0.121741,2
0.122486,0.161326,0.159882,2
0.11344,0.125209,0.171602,2
0.119178,0.188833,0.149802,2
0.201791,0.177209,0.170321,2
0.119065,0.148253,0.144244,2
0.0151369,0.15678,0.188255,2
0.185618,0.206231,0.122133,2
0.170716,0.168255,0.147156,2
0.128995,0.137235,0.192811,2
0.0688636,0.154488,0.163494,2
0.202827,0.128505,0.122577,2
0.196224,0.124871,0.123542,2
0.201051,0.129939,0.128962,2
0.00801416,0.122796,0.125479,2
0.196966,0.130261,0.125936,2
0.211438,0.223064,0.122215,2
0.0140302,0.129691,0.124818,2
0.106891,0.0322979,0.119468,3
0.0941396,0.0468862,0.0619319,3
0.132333,0.0108314,0.0747633,3
0.0147621,0.000723766,0.0640639,3
0.0471296,0.111381,0.113731,3
0.0147067,0.0105494,0.0102749,3
0.165046,0.094947,0.0492388,3
0.153613,0.0774924,0.0171787,3
0.0981361,0.0308334,0.0152438,3
0.105008,0.0190582,0.0203573,3
0.211775,0.0526822,0.103175,3
0.200805,0.00367826,0.086171,3
0.117302,0.0996258,0.0337809,3
0.220465,0.0820794,0.0106693,3
0.205357,0.0936158,0.0770617,3
0.173441,0.0503072,0.0396886,3
0.0863193,0.0411078,0.0884107,3
0.0681943,0.0965757,0.0204438,3
0.0360519,0.0589238,0.0187571,3
0.117816,0.108613,0.104212,3
0.216163,0.0119146,0.0213762,3
0.0933635,0.0603757,0.0280376,3
0.144499,0.111375,0.0772456,3
0.134836,0.0501778,0.0566523,3
0.133682,0.0771463,0.0167052,3
0.0540657,0.0389141,0.0921725,3
0.217512,0.0902292,0.0024348,3
0.146231,0.0093824,0.100692,3
0.103797,0.0225741,0.0384224,3
0.00703153,0.106933,0.0785658,3
0.181325,0.0497237,0.032165,3
0.0166789,0.103236,0.0724784,3
0.0390409,0.0495021,0.120212,3
0.21431,0.0657546,0.078352,3
0.0664337,0.10507,0.0453724,3
0.217299,0.0921002,0.0594405,3
0.0842018,0.0418774,0.0465323,3
0.0653802,0.0294875,0.0604713,3
0.0335432,0.0298389,0.06845,3
0.0217476,0.113244,0.0545599,3
0.189765,0.0555878,0.0412132,3
0.213389,0.0103585,0.0806177,3
0.157077,0.105762,0.0975544,3
0.221862,0.0268647,0.00789068,3
0.164935,0.0564873,0.05557,3
0.0829765,0.0805174,0.0670127,3
0.110821,0.0439552,0.00285277,3
0.21644,0.0603545,0.0597307,3
0.189706,0.0801643,0.0900067,3
0.103555,0.0791,0.0873307,3
0.0833738,0.0881246,0.0372203,3
0.024476,0.0243449,0.073088,3
0.196724,0.0955244,0.0973441,3
0.0123795,0.0769521,0.00619828,3
0.0182812,0.0114636,0.0997375,3
0.0257839,0.110583,0.0452717,3
0.105316,0.0446144,0.036956,3
0.141232,0.098963,0.0996836,3
0.0626785,0.0270167,0.0191574,3
0.0240851,0.0717197,0.00754865,3
0.0901083,0.0867616,0.097284,3
0.0429809,0.0969097,0.0342462,3
0.0683255,0.0856962,0.0829929,3
0.153712,0.117435,0.0250424,3
0.0967376,0.0709614,0.0522645,3
0.121613,0.0275848,0.0442342,3
0.0372764,0.108307,0.0705004,3
0.149845,0.0327446,0.086226,3
0.102816,0.0698672,0.0182972,3
0.208818,0.0455963,0.00628193,3
0.0091406,0.0349163,0.0135795,3
0.123435,0.0741784,0.0461839,3
0.176062,0.0116858,0.111333,3
0.0706008,0.107572,0.11877,3
0.175918,0.00289067,0.088699,3
0.114579,0.096533,0.0837536,3
0.175021,0.0738031,0.0368812,3
0.11713,0.0417786,0.116356,3
0.0886595,0.0458427,0.096101,3
0.187968,0.04576,0.0465555,3
0.209141,0.0632138,0.00028054,3
0.0687562,0.0956033,0.0582561,3
0.17188,0.022636,0.119108,3
0.159088,0.0136027,0.0447875,3
0.0557474,0.0242645,0.053965,3
0.186403,0.024666,0.0800357,3
0.196548,0.104434,0.0903547,3
0.210999,0.0494446,0.110339,3
0.191565,0.115968,0.0471188,3
0.159971,0.0775836,0.0110228,3
0.109869,0.00771417,0.0901209,3
0.069143,0.0811751,0.0706717,3
0.18625,0.0833241,0.0695422,3
0.121648,0.0360265,0.104208,3
0.208656,0.030025,0.0260874,3
0.1737,0.0160109,0.0287311,3
0.0788152,0.0132788,0.077653,3
0.0404993,0.0898229,0.101658,3
0.0717103,0.0806925,0.105032,3
0.0569538,0.00667821,0.103575,3
0.114758,0.0364445,0.121533,3
0.123229,0.0194937,0.0173514,3
0.151154,0.109715,0.115383,3
0.0664757,0.056001,0.11597,3
0.112997,0.112729,0.110844,3
0.217968,0.0890164,0.0640895,3
0.187382,0.109195,0.0106551,3
0.13493,0.024074,0.0412676,3
0.224233,0.0214887,0.0331065,3
0.156149,0.055495,0.116824,3
0.220651,0.103997,0.114475,3
0.0687001,0.0593551,0.00423579,3
0.00801856,0.0717006,0.0382764,3
0.0792027,0.0114085,0.0746288,3
0.0164889,0.0124484,0.0103641,3
0.217313,0.111821,0.104427,3
0.166597,0.0165903,0.11725,3
