x coord,y coord,z coord,rank
0.202537,0.159983,0.0902319,0
0.0639622,0.119759,0.0158996,0
0.0266787,0.196258,0.0611283,0
0.0153469,0.180897,0.0569825,0
0.130816,0.148127,0.0417949,0
0.13035,0.147656,0.0934971,0
0.217616,0.219796,0.0402231,0
0.00403414,0.137468,0.0537591,0
0.0216172,0.202554,0.0986416,0
0.0439098,0.185517,0.0254362,0
0.219038,0.134715,0.00452674,0
0.162438,0.138359,0.0771347,0
0.0303456,0.158688,0.00110197,0
0.0628141,0.202979,0.0442699,0
0.0110007,0.187603,0.0541492,0
0.0896677,0.190157,0.11039,0
0.0425043,0.130205,0.0223507,0
0.0535761,0.148796,0.11711,0
0.207804,0.16209,0.107743,0
0.0695841,0.173568,0.0282585,0
0.00874333,0.142725,0.0169635,0
0.108223,0.194797,0.00636292,0
0.0308709,0.217387,0.0616731,0
0.20141,0.153386,0.0545434,0
0.152306,0.215027,0.0851447,0
0.148089,0.177491,0.0543573,0
0.0443743,0.132436,0.0740775,0
0.0536917,0.180692,0.0920414,0
0.16782,0.224021,0.111768,0
0.0635879,0.139274,0.0998138,0
0.204005,0.137987,0.0667794,0
0.216422,0.170551,0.0380758,0
0.222619,0.201544,0.0631451,0
0.196324,0.133298,0.119991,0
0.121534,0.199529,0.111384,0
0.0388796,0.140956,0.0393809,0
0.0249153,0.224993,0.103217,0
0.143476,0.170389,0.0734118,0
0.198117,0.162062,0.0352801,0
0.0130194,0.212738,0.0283354,0
0.0411494,0.138517,0.0533491,0
0.038498,0.189488,0.00453693,0
0.137174,0.211402,0.10002,0
0.10129,0.124542,0.0256584,0
0.216591,0.14276,0.0878365,0
0.195602,0.129105,0.119922,0
0.195508,0.223993,0.0176236,0
0.202569,0.130705,0.0921342,0
0.0839492,0.172729,0.00744992,0
0.0895402,0.222228,0.0757528,0
0.222479,0.202359,0.0676279,0
0.151885,0.197578,0.109879,0
0.200313,0.126695,0.120928,0
0.105866,0.138586,0.0007995,0
0.114844,0.150253,0.0304309,0
0.0397934,0.129478,0.0253728,0
0.0138156,0.13693,0.0574723,0
0.171592,0.221824,0.0521363,0
0.0336722,0.167002,0.0240942,0
0.209343,0.126956,0.070506,0
0.169076,0.204854,0.0557103,0
0.0453747,0.196207,0.0093581,0
0.0736642,0.213629,0.119171,0
0.0704121,0.207845,0.0142463,0
0.169888,0.212218,0.0541026,0
0.198011,0.120253,0.0970273,0
0.0658631,0.192352,0.0667244,0
0.131932,0.201333,0.0135054,0
0.174547,0.12625,0.064782,0
0.219249,0.181552,0.0188627,0
0.179544,0.21253,0.0947283,0
0.139982,0.121032,0.0852076,0
0.051219,0.196207,0.0225108,0
0.0429578,0.121401,0.0554396,0
0.149837,0.153968,0.0488144,0
0.0963134,0.199996,0.0520008,0
0.146326,0.136215,0.0769234,0
0.0461637,0.141177,0.116999,0
0.0589032,0.179493,0.0922644,0
0.0446947,0.191949,0.0811036,0
0.103885,0.130148,0.0307717,0
0.0415177,0.206072,0.0247082,0
0.018007,0.201426,0.0232328,0
0.194468,0.221693,0.0800182,0
0.111448,0.132719,0.10099,0
0.0608756,0.210258,0.0241317,0
0.0844085,0.185502,0.00829872,0
0.120412,0.180015,0.0354948,0
0.206529,0.172992,0.0130577,0
0.166824,0.171499,0.0313874,0
0.0468641,0.147451,0.0400054,0
0.0324182,0.216831,0.000617672,0
0.128268,0.171271,0.0174663,0
0.191905,0.197097,0.0158816,0
0.149505,0.189061,0.0401374,0
0.0941688,0.216263,0.0636307,0
0.133818,0.199625,0.0139101,0
0.082612,0.146134,0.00182736,0
0.0366868,0.170479,0.0180174,0
0.0848389,0.170993,0.0697127,0
0.00200768,0.125703,0.0681399,0
0.0913181,0.189574,0.120369,0
0.124022,0.16481,0.121377,0
0.00602309,0.223012,0.0944421,0
0.219838,0.153339,0.0522137,0
0.0854839,0.156042,0.000770106,0
0.00955043,0.169435,0.0834251,0
0.183668,0.127572,0.0832599,0
0.126139,0.149094,0.113685,0
0.151837,0.186462,0.0742479,0
0.218864,0.188282,0.0906127,0
0.0984906,0.214861,0.0431167,0
0.13241,0.206945,0.0191157,0
0.0362867,0.220689,0.113363,0
0.199053,0.128517,0.120524,0
0.116665,0.214576,0.115141,0
0.193942,0.218436,0.111844,0
0.176041,0.164033,0.00815167,0
0.184318,0.143995,0.0482119,0
0.164534,0.121277,0.117972,0
0.177343,0.174086,0.11163,0
0.0875795,0.120956,0.0782989,0
0.199461,0.12792,0.118187,0
0.0794644,0.219615,0.120879,0
0.199428,0.125069,0.121525,0
0.114591,0.12729,0.109658,0
0.195167,0.127612,0.120247,0
0.0904688,0.213845,0.119662,0
0.1978,0.125692,0.118626,0
0.199002,0.120962,0.119505,0
0.118132,0.121551,0.0859815,0
0.105193,0.118347,0.0856403,0
0.0424575,0.176535,0.11881,0
0.193784,0.127429,0.119358,0
0.191907,0.12984,0.118967,0
0.0571616,0.213261,0.120721,0
0.197004,0.121739,0.120301,0
0.192572,0.133216,0.120997,0
0.202781,0.00745453,0.210174,1
0.145474,0.109252,0.224913,1
0.0458148,0.08924,0.152852,1
0.041953,0.0247686,0.198531,1
0.131566,0.101519,0.158093,1
0.0818308,0.0770496,0.127501,1
0.138787,0.0373384,0.127133,1
0.197397,0.0185209,0.131812,1
0.186807,0.0922785,0.130667,1
0.0944428,0.0327278,0.222197,1
0.129367,0.0281119,0.17822,1
0.186314,0.00835763,0.127573,1
0.158344,0.0469779,0.166895,1
0.123004,0.000208543,0.146545,1
0.117664,0.0577527,0.186582,1
0.125962,0.0739503,0.216972,1
0.109339,0.0267803,0.138355,1
0.0101642,0.053646,0.170241,1
0.0700151,0.05586,0.156387,1
0.0433694,0.0204226,0.170429,1
0.161886,0.0130333,0.199416,1
0.0898483,0.0181939,0.137416,1
0.210736,0.114267,0.20263,1
0.161373,0.00495949,0.19426,1
0.177959,0.102235,0.123891,1
0.061725,0.101943,0.170672,1
0.172792,0.0858767,0.184617,1
0.115326,0.071849,0.220172,1
0.198893,0.0678159,0.222013,1
0.111951,0.116143,0.143125,1
0.0663739,0.033459,0.192248,1
0.131281,0.0199671,0.171042,1
0.0201491,0.0758985,0.16777,1
0.04493,0.0511517,0.166688,1
0.126926,0.0572707,0.179508,1
0.0225906,0.0513955,0.155274,1
0.196844,0.0631181,0.184176,1
0.0480848,0.00762004,0.214705,1
0.0112407,0.00199003,0.129489,1
0.125556,0.0963205,0.164075,1
0.121706,0.0853219,0.201248,1
0.210601,0.116589,0.17086,1
0.094957,0.0435438,0.221604,1
0.206456,0.0017981,0.168585,1
0.173642,0.00652781,0.126961,1
0.117413,0.107211,0.138488,1
0.0393972,0.0626417,0.197366,1
0.0609922,0.0337462,0.194389,1
0.0428682,0.112748,0.18586,1
0.161302,0.0960631,0.178472,1
0.129031,0.0648365,0.213492,1
0.115272,0.0895314,0.206771,1
0.201361,0.00713807,0.175948,1
0.151334,0.088631,0.159926,1
0.111605,0.0514022,0.196017,1
0.18285,0.00727811,0.218258,1
0.203323,0.10049,0.16701,1
0.157037,0.0575191,0.125481,1
0.127797,0.0560461,0.156679,1
0.145221,0.0176471,0.176135,1
0.118569,0.093589,0.208435,1
0.206593,0.0810573,0.206844,1
0.212676,0.0529827,0.144814,1
0.156095,0.0706876,0.162072,1
0.0361145,0.00757982,0.183749,1
0.0801744,0.0145917,0.189597,1
0.0261249,0.00745871,0.204905,1
0.166648,0.107329,0.131638,1
0.0854968,0.0174089,0.204563,1
0.118533,0.094074,0.198555,1
0.162857,0.085943,0.173451,1
0.168077,0.106125,0.205522,1
0.0272743,0.0123529,0.151926,1
0.0892564,0.0555756,0.21418,1
0.117375,0.0479485,0.127478,1
0.0606047,0.071437,0.181968,1
0.0646981,0.0545586,0.182362,1
0.180628,0.000889354,0.138155,1
0.127441,0.0736093,0.205128,1
0.0555153,0.0891731,0.21519,1
0.0933459,0.00872797,0.22387,1
0.114377,0.049967,0.205615,1
0.110133,0.10212,0.176542,1
0.0538066,0.0356176,0.205595,1
0.214004,0.110321,0.14005,1
0.128068,0.0535939,0.152289,1
0.183257,0.0123201,0.206028,1
0.0789341,0.00828431,0.148939,1
0.194429,0.102907,0.164433,1
0.0455702,0.0141647,0.222503,1
0.0870447,0.0212777,0.179178,1
0.223314,0.0733465,0.156788,1
0.0322686,0.0129689,0.181462,1
0.178185,0.0482095,0.224991,1
0.0170907,0.077738,0.207235,1
0.214939,0.0251408,0.213411,1
0.167708,0.0419165,0.200135,1
0.00925809,0.011424,0.19726,1
0.132752,0.0365678,0.160847,1
0.110193,0.0621451,0.160428,1
0.193455,0.0798734,0.128457,1
0.0138831,0.117106,0.153041,1
0.005795,0.224391,0.210622,2
0.193876,0.124913,0.124812,2
0.200306,0.129436,0.122981,2
0.193778,0.12762,0.127706,2
0.196357,0.126099,0.123361,2
0.111013,0.205781,0.131333,2
0.222898,0.120692,0.135849,2
0.104827,0.146301,0.220587,2
0.0767487,0.168677,0.195282,2
0.118056,0.129455,0.204662,2
0.105041,0.143762,0.150156,2
0.12837,0.169314,0.174537,2
0.192753,0.129385,0.123939,2
0.00848144,0.197011,0.197754,2
0.0613438,0.164326,0.121587,2
0.194609,0.124424,0.124988,2
0.190946,0.126535,0.122885,2
0.055992,0.206959,0.163505,2
0.196441,0.140353,0.221486,2
0.189247,0.125344,0.128347,2
0.123511,0.171918,0.186318,2
0.178508,0.156987,0.143232,2
0.104885,0.179596,0.222388,2
0.19677,0.124875,0.127422,2
0.00966564,0.203871,0.185247,2
0.194698,0.126734,0.125913,2
0.0025957,0.205505,0.185618,2
0.0789176,0.216499,0.197702,2
0.194626,0.127359,0.123937,2
0.0244382,0.19204,0.17333,2
0.194147,0.124518,0.12774,2
0.042436,0.136339,0.196286,2
0.0948431,0.163667,0.201097,2
0.00604529,0.22158,0.218684,2
0.187466,0.14011,0.211094,2
0.0763232,0.180997,0.169973,2
0.196168,0.1268,0.123282,2
0.220723,0.159816,0.209298,2
0.195122,0.129836,0.127778,2
0.213827,0.171094,0.153328,2
0.112183,0.214489,0.219154,2
0.191107,0.128409,0.123954,2
0.132451,0.144334,0.219098,2
0.146478,0.200626,0.220949,2
0.192387,0.122339,0.127464,2
0.169775,0.118597,0.124739,2
0.02231,0.135709,0.146057,2
0.112245,0.219539,0.166069,2
0.186863,0.169551,0.1676,2
0.149382,0.177735,0.194698,2
0.189689,0.130567,0.124872,2
0.14409,0.12056,0.211216,2
0.161916,0.185445,0.167039,2
0.220212,0.174673,0.200101,2
0.0362902,0.123027,0.137856,2
0.0707423,0.145543,0.160538,2
0.0303029,0.177617,0.216708,2
0.0340066,0.222925,0.212177,2
0.130995,0.140152,0.186336,2
0.0537566,0.136386,0.157929,2
0.0481667,0.161278,0.139073,2
0.113691,0.151367,0.175215,2
0.00142336,0.222654,0.134682,2
0.175919,0.176436,0.159369,2
0.198015,0.123142,0.126273,2
0.0379525,0.132598,0.147392,2
0.180338,0.219915,0.143476,2
0.169142,0.18755,0.15766,2
0.128982,0.206153,0.147828,2
0.183524,0.223909,0.16812,2
0.182457,0.215992,0.156345,2
0.0391106,0.194232,0.137808,2
0.0612214,0.134329,0.148603,2
0.217852,0.192668,0.215136,2
0.0224996,0.123619,0.125882,2
0.0834575,0.158843,0.194926,2
0.0295368,0.121872,0.145291,2
0.18326,0.220335,0.184982,2
0.165742,0.120758,0.195831,2
0.100358,0.131258,0.154599,2
0.0697629,0.203916,0.20295,2
0.172677,0.151268,0.173596,2
0.177472,0.135782,0.215522,2
0.170184,0.177285,0.178137,2
0.127586,0.220751,0.223537,2
0.220665,0.168004,0.1382,2
0.125399,0.209176,0.207566,2
0.185704,0.169136,0.147384,2
0.169615,0.134151,0.122996,2
0.171887,0.126217,0.206767,2
0.171948,0.20639,0.208345,2
0.0245295,0.214793,0.132535,2
0.0659449,0.186061,0.140506,2
0.0400796,0.215914,0.212421,2
0.0640688,0.15899,0.141049,2
0.10711,0.120235,0.155891,2
0.196741,0.128199,0.129628,2
0.161062,0.20951,0.212094,2
0.129763,0.222989,0.17025,2
0.214561,0.176827,0.147155,2
0.194493,0.121971,0.126804,2
0.194318,0.125943,0.126335,2
0.181228,0.137287,0.224032,2
0.10474,0.165367,0.211649,2
0.0988796,0.194467,0.123468,2
0.134978,0.176523,0.184953,2
0.1953,0.127491,0.124171,2
0.138892,0.18716,0.17802,2
0.160054,0.198673,0.172604,2
0.00471161,0.123821,0.123991,2
0.0751062,0.208759,0.214788,2
0.194277,0.13477,0.125477,2
0.195011,0.1265,0.127751,2
0.0844402,0.140555,0.135654,2
0.0247984,0.216363,0.133243,2
0.205462,0.139054,0.141391,2
0.147836,0.20121,0.132493,2
0.0929766,0.148073,0.218582,2
0.0656818,0.165858,0.15678,2
0.135749,0.146002,0.219612,2
0.193111,0.128541,0.123924,2
0.0965548,0.209675,0.181753,2
0.165331,0.141731,0.144654,2
0.0545902,0.169676,0.196068,2
0.158294,0.207999,0.158874,2
0.123438,0.120704,0.159116,2
0.0222591,0.16537,0.224818,2
0.14616,0.21472,0.121798,2
0.176995,0.181138,0.140816,2
0.151855,0.119149,0.175304,2
0.1034,0.150731,0.173154,2
0.197563,0.12406,0.123973,2
0.0382103,0.192937,0.152671,2
0.0447216,0.148402,0.166296,2
0.193018,0.126323,0.123361,2
0.123481,0.187653,0.190219,2
0.195753,0.1225,0.126032,2
0.19285,0.123171,0.125106,2
0.195698,0.127739,0.121656,2
0.127303,0.0229878,0.100778,3
0.152126,0.0368224,0.0526546,3
0.109663,0.0320251,0.07993,3
0.0542328,0.051983,0.0459544,3
0.054945,0.0671852,0.115461,3
0.032405,0.0739801,0.0526968,3
0.208156,0.0415859,0.0886224,3
0.145519,0.104769,0.00413376,3
0.10223,0.0471653,0.00476821,3
0.0836099,0.0136445,0.02597,3
0.210629,0.0556568,0.115063,3
0.179224,0.0675141,0.0996422,3
0.0979778,0.0167756,0.0894746,3
0.219121,0.076418,0.0799236,3
0.0554037,0.105133,0.0012737,3
0.129863,0.0618161,0.0563159,3
0.141137,0.0390157,0.07358,3
0.138248,0.116923,0.00218468,3
0.0225169,0.0500162,0.00534213,3
0.0769347,0.111869,0.00742522,3
0.200518,0.0406852,0.0168668,3
0.155464,0.0700188,0.0865354,3
0.178314,0.0840666,0.068307,3
0.154614,0.0589938,0.0418636,3
0.12473,0.0934004,0.060004,3
0.0843927,0.0011865,0.0841679,3
0.220246,0.111148,0.00180431,3
0.19824,0.0733529,0.1159,3
0.123186,0.0329203,0.0258307,3
0.010761,0.0722765,0.0900027,3
0.168205,0.0422791,0.0433133,3
0.000335836,0.0819768,0.050676,3
0.0112192,0.0339026,0.100676,3
0.219948,0.0894732,0.104089,3
0.0660462,0.0798787,0.0615371,3
0.175513,0.0646879,0.0585719,3
0.114767,0.0323251,0.0467754,3
0.0617734,0.058187,0.0730696,3
0.0341399,0.04427,0.0660697,3
0.0448625,0.104547,0.0518707,3
0.189877,0.0504815,0.0248345,3
0.206741,0.0128495,0.090545,3
0.154435,0.0946486,0.098104,3
0.195656,0.00628961,0.0342046,3
0.0236306,0.0853754,0.066384,3
0.0420167,0.0507199,0.0559351,3
0.0924499,0.0921089,0.030954,3
0.163952,0.0194608,0.0503229,3
0.17336,0.0951007,0.0672024,3
0.10759,0.0643205,0.0952563,3
0.148638,0.092816,0.016811,3
0.0179288,0.0639296,0.0394959,3
0.0226034,0.107876,0.00262034,3
0.00185869,0.0705869,0.0653122,3
0.0359932,0.00516937,0.0778,3
0.0165836,0.0979116,0.0733762,3
0.161208,0.0730554,0.0108185,3
0.11492,0.00364528,0.114969,3
0.0265631,0.0314409,0.0246236,3
0.0456667,0.0632993,0.0297216,3
0.0893833,0.0844237,0.082818,3
0.0832168,0.0722694,0.0657186,3
0.0579657,0.089015,0.0707359,3
0.144066,0.085348,0.0100742,3
0.126197,0.0613332,0.0505848,3
0.0886441,0.0477539,0.0469114,3
0.0456713,0.102578,0.0568814,3
0.17297,0.0226354,0.0672336,3
0.15468,0.0249076,0.0450271,3
0.222974,0.0740041,0.0185593,3
0.0182582,0.097638,0.0406755,3
0.111911,0.0686924,0.0863118,3
0.205706,0.0243589,0.0982968,3
0.0262017,0.0694864,0.0946571,3
0.177571,0.00649676,0.0643514,3
0.12336,0.07724,0.0782699,3
0.184613,0.105952,0.0477771,3
0.142097,0.10821,0.115847,3
0.0139377,0.0921831,0.0913767,3
0.219038,0.0089973,0.11125,3
0.216906,0.0602313,0.0392281,3
0.104109,0.10752,0.0212044,3
0.0376848,0.0699658,0.0837151,3
0.162755,0.0240436,0.0274921,3
0.0491055,0.00749696,0.0318361,3
0.188885,0.0517187,0.0412123,3
0.220277,0.0935552,0.110776,3
0.104251,0.0106077,0.110977,3
0.0113514,0.062185,0.0913281,3
0.134239,0.075857,0.0136258,3
0.00694869,0.0258052,0.0842137,3
0.182748,0.110021,0.0879223,3
0.217898,0.0718587,0.0599158,3
0.129607,0.0537835,0.108418,3
0.219274,0.0175388,0.0212098,3
0.152657,0.0213886,0.0373382,3
0.110317,0.00703243,0.0877445,3
0.0128864,0.059858,0.107342,3
0.0974086,0.0591931,0.0986885,3
0.0784014,0.0133405,0.0825246,3
0.122224,0.0439594,0.0769777,3
0.132325,0.0703009,0.0655563,3
0.155743,0.07057,0.12005,3
0.0899726,0.0384305,0.104902,3
0.0844941,0.0586288,0.0737821,3
0.181247,0.0968976,0.0827742,3
0.204771,0.0983996,0.0264422,3
0.154841,0.0816631,0.0544764,3
0.21132,0.0237205,0.0197268,3
0.165319,0.0311633,0.113582,3
0.0234697,0.0471985,0.0926741,3
0.0964076,0.0206278,0.0137456,3
0.0166895,0.0769017,4.05885e-05,3
0.0790056,0.0220671,0.0894031,3
0.0097229,0.036358,0.000693256,3
0.218862,0.0869768,0.108235,3
0.162615,0.00391393,0.113434,3
0.201143,0.0530828,0.103897,3
0.141643,0.0416596,0.0899006,3
0.0555115,0.0782139,0.019661,3
0.177817,0.0866465,0.107593,3
