x coord,y coord,z coord,rank
0.157714,0.187537,0.128536,0
0.0226426,0.193263,0.184488,0
0.0210195,0.19228,0.186007,0
0.044773,0.182163,0.14454,0
0.0170904,0.192353,0.186314,0
0.220412,0.198163,0.200324,0
0.0975669,0.142128,0.206897,0
0.216897,0.17057,0.194577,0
0.0218105,0.194002,0.188773,0
0.162338,0.210354,0.22266,0
0.170625,0.204866,0.210021,0
0.00214731,0.213169,0.192572,0
0.154546,0.179607,0.156283,0
0.017936,0.195975,0.181336,0
0.019554,0.189433,0.184976,0
0.0222176,0.191001,0.18107,0
0.0286498,0.193422,0.182907,0
0.0591038,0.152869,0.213843,0
0.0190567,0.192351,0.184378,0
0.0653715,0.148866,0.180528,0
0.120443,0.165516,0.194956,0
0.204791,0.210281,0.207737,0
0.113405,0.151414,0.183578,0
0.138561,0.213801,0.208784,0
0.163197,0.140201,0.139726,0
0.223242,0.141332,0.194263,0
0.0980229,0.173949,0.183796,0
0.0360663,0.133744,0.162975,0
0.0738456,0.203328,0.132011,0
0.193336,0.171507,0.22184,0
0.0200636,0.19624,0.188699,0
0.20528,0.156163,0.192156,0
0.0384034,0.22246,0.18006,0
0.0217734,0.14725,0.223395,0
0.136671,0.224478,0.220619,0
0.202679,0.179725,0.177587,0
0.0241181,0.189012,0.185239,0
0.0213646,0.194683,0.187181,0
0.0266314,0.209387,0.154255,0
0.0170189,0.189233,0.188406,0
0.0324022,0.141941,0.127372,0
0.189735,0.211905,0.156193,0
0.222038,0.21425,0.183748,0
0.170434,0.141571,0.172242,0
0.200646,0.149618,0.175515,0
0.169603,0.204585,0.195951,0
0.0809036,0.17333,0.202624,0
0.0169418,0.189314,0.19029,0
0.0216368,0.195237,0.1877,0
0.19292,0.170666,0.213135,0
0.142958,0.201046,0.179593,0
0.184571,0.178887,0.215121,0
0.171584,0.151211,0.212655,0
0.0627512,0.207142,0.17976,0
0.0215871,0.20069,0.153485,0
0.0473846,0.119865,0.195304,0
0.185287,0.197261,0.203341,0
0.0999278,0.148283,0.192242,0
0.00252459,0.192345,0.190449,0
0.00616339,0.130211,0.158566,0
0.19955,0.119591,0.224707,0
0.0165862,0.195388,0.187777,0
0.0920038,0.189135,0.127072,0
0.00167607,0.17536,0.213196,0
0.0696738,0.157767,0.154801,0
0.0235216,0.190367,0.188754,0
0.0240796,0.191876,0.185821,0
0.211639,0.128681,0.176797,0
0.158113,0.176672,0.20223,0
0.0177827,0.192586,0.184908,0
0.197144,0.218109,0.175473,0
0.0981706,0.119766,0.198464,0
0.15114,0.139013,0.207009,0
0.193817,0.130751,0.18351,0
0.0179875,0.141212,0.200748,0
0.156302,0.186806,0.140861,0
0.0957947,0.179188,0.143572,0
0.0706545,0.200837,0.208221,0
0.223915,0.20985,0.137952,0
0.215254,0.124942,0.221859,0
0.0202298,0.123212,0.215449,0
0.180812,0.178856,0.165655,0
0.0764237,0.204267,0.157551,0
0.0223444,0.195377,0.18411,0
0.0216647,0.189231,0.185588,0
0.0823568,0.16805,0.178412,0
0.0157389,0.19522,0.189769,0
0.153011,0.16401,0.143773,0
0.0217022,0.196051,0.186122,0
0.0253997,0.19516,0.177609,0
0.0186939,0.18972,0.181934,0
0.01942,0.200124,0.184607,0
0.0211567,0.193906,0.18254,0
0.11899,0.214602,0.118506,0
0.178567,0.174661,0.195636,0
0.189813,0.17468,0.165625,0
0.107685,0.123474,0.183366,0
0.120862,0.159481,0.187851,0
0.0207905,0.192255,0.191302,0
0.0310913,0.155818,0.21361,0
0.207124,0.127773,0.128481,0
0.201422,0.164124,0.123483,0
0.02053,0.192536,0.187312,0
0.0164787,0.192838,0.19214,0
0.01822,0.192847,0.184074,0
0.0266584,0.189028,0.184986,0
0.0222694,0.196202,0.184081,0
0.0191911,0.187393,0.183516,0
0.116724,0.128127,0.11868,0
0.128455,0.218331,0.124998,0
0.15195,0.120122,0.154796,0
0.0253926,0.193878,0.185593,0
0.00337419,0.158348,0.187318,0
0.0219199,0.192383,0.184513,0
0.140401,0.142863,0.132818,0
0.0228934,0.198475,0.187145,0
0.0222601,0.189645,0.182167,0
0.207738,0.159394,0.160607,0
0.0200963,0.190584,0.187913,0
0.0121563,0.131353,0.166085,0
0.214419,0.18325,0.134254,0
0.00616612,0.140036,0.160983,0
0.113431,0.206737,0.123091,0
0.200255,0.135511,0.135434,0
0.130206,0.143129,0.124981,0
0.0066945,0.120096,0.212854,0
0.129641,0.135626,0.0703189,1
0.195483,0.13072,0.00768203,1
0.140894,0.147666,0.0765242,1
0.167663,0.12651,0.00391964,1
0.162383,0.137974,0.0993278,1
0.159606,0.217077,0.0373309,1
0.0109416,0.158261,0.0629342,1
0.169433,0.109936,0.0720436,1
0.112295,0.113661,0.0927128,1
0.155295,0.112843,0.114569,1
0.137691,0.152061,0.0569347,1
0.122793,0.15034,0.00911682,1
0.146055,0.110561,0.0136344,1
0.145795,0.182084,0.0287728,1
0.189374,0.216555,0.0630978,1
0.151462,0.188753,0.108497,1
0.157204,0.112981,0.0693092,1
0.223249,0.180892,0.0629193,1
0.212117,0.110582,0.0814112,1
0.193921,0.128867,0.0154022,1
0.156778,0.148827,0.0499538,1
0.0258247,0.175337,0.114627,1
0.0841545,0.224677,0.11599,1
0.084014,0.174042,0.0624009,1
0.0353289,0.139104,0.0798944,1
0.13819,0.158095,0.0870574,1
0.19385,0.16315,0.0760733,1
0.1996,0.150014,0.05488,1
0.00442491,0.214353,0.105888,1
0.0187134,0.130112,0.0407398,1
0.137092,0.215589,0.0151193,1
0.04216,0.130844,0.0907362,1
0.0841691,0.121224,0.0903322,1
0.076038,0.222748,0.0918784,1
0.0159212,0.153113,0.0868545,1
0.190964,0.21665,0.0659876,1
0.0509153,0.126294,0.00768895,1
0.0389205,0.207026,0.00783226,1
0.0643909,0.173775,0.0757593,1
0.15033,0.126615,0.108671,1
0.0495244,0.193054,0.0478934,1
0.0388404,0.20765,0.0508658,1
0.148812,0.198183,0.0808165,1
0.111844,0.181065,0.082296,1
0.024462,0.21996,0.113235,1
0.168571,0.155853,0.0879552,1
0.211032,0.195058,0.0785767,1
0.0884865,0.193952,0.0420285,1
0.110815,0.191071,0.0832613,1
0.210756,0.217991,0.0212116,1
0.0658836,0.174228,0.0193368,1
0.149847,0.201114,0.00338985,1
0.105304,0.18862,0.0378197,1
0.0760537,0.176834,0.0927272,1
0.0948434,0.208118,0.0520536,1
0.0884555,0.170115,0.0220342,1
0.0156825,0.153204,0.0656086,1
0.0344165,0.197814,0.00427769,1
0.129191,0.203277,0.0973793,1
0.101108,0.199118,0.0628638,1
0.209191,0.196704,0.0551872,1
0.216181,0.218878,0.0423925,1
0.204606,0.141793,0.103194,1
0.168988,0.134472,0.094113,1
0.050606,0.192072,0.0332615,1
0.123297,0.215133,0.0937146,1
0.0173116,0.204772,0.0668548,1
0.0536987,0.159416,0.0677442,1
0.164222,0.129687,0.0373462,1
0.0677107,0.198553,0.10693,1
0.0225759,0.158751,0.0520925,1
0.206335,0.122796,0.0575014,1
0.0282249,0.139544,0.0910974,1
0.0623743,0.16683,0.0535822,1
0.0464188,0.172248,0.0191554,1
0.0241032,0.224682,0.00606126,1
0.0236014,0.209724,0.0198218,1
0.187118,0.178415,0.000846356,1
0.0870183,0.179818,0.102941,1
0.07794,0.150226,0.0748509,1
0.0339465,0.128481,0.113649,1
0.180541,0.217875,0.0436596,1
0.00313991,0.13529,0.038777,1
0.196086,0.215831,0.0708917,1
0.134561,0.204495,0.0165584,1
0.108549,0.200199,0.103488,1
0.158259,0.137153,0.0782111,1
0.0727106,0.160595,0.0149587,1
0.0504062,0.220637,0.0399229,1
0.0327218,0.188523,0.044949,1
0.180454,0.18971,0.023427,1
0.166962,0.20549,0.0718077,1
0.155733,0.152333,0.000152384,1
0.0726904,0.184987,0.0449907,1
0.162206,0.204184,0.0801604,1
0.0770258,0.1681,0.0521054,1
0.195545,0.187218,0.079383,1
0.0471756,0.177832,0.000140802,1
0.196412,0.21644,0.108156,1
0.103887,0.168413,0.0633108,1
0.146277,0.167751,0.0686043,1
0.0175508,0.138363,0.0800688,1
0.109459,0.215818,0.08307,1
0.0410463,0.209776,0.0866417,1
0.0918125,0.194635,0.107778,1
0.117365,0.220707,0.0608678,1
0.0407924,0.208495,0.106108,1
0.00713503,0.136639,0.0577828,1
0.0588363,0.177405,0.0879635,1
0.161951,0.205732,0.0852469,1
0.0196798,0.133668,0.107865,1
0.00894634,0.161594,0.0316789,1
0.143821,0.132328,0.0509765,1
0.162381,0.211444,0.018617,1
0.109425,0.129483,0.0269137,1
0.0516227,0.157876,0.0916399,1
0.0980339,0.195665,0.0902348,1
0.181906,0.191242,0.0184179,1
0.197178,0.141422,0.0621328,1
0.0738506,0.179917,0.0402854,1
0.0415635,0.122036,0.0919191,1
0.0570757,0.194571,0.0300241,1
0.0193377,0.20809,0.0482655,1
0.0812456,0.133125,0.117144,1
0.101154,0.113611,0.164963,2
0.147815,0.103371,0.207125,2
0.0151546,0.109446,0.175589,2
0.197,0.0648763,0.143952,2
0.0938772,0.039397,0.179808,2
0.101621,0.0531146,0.123479,2
0.177597,0.0489613,0.12617,2
0.206727,0.0897366,0.15262,2
0.146989,0.0903912,0.181256,2
0.212271,0.0867175,0.147599,2
0.144222,0.0832252,0.185708,2
0.159592,0.109501,0.141986,2
0.194884,0.0482637,0.138079,2
0.0736822,0.023936,0.151761,2
0.142618,0.0190648,0.2216,2
0.0734885,0.0640572,0.194643,2
0.0679262,0.0501268,0.1196,2
0.0925377,0.112856,0.156556,2
0.191685,0.0402744,0.209834,2
0.186658,0.108631,0.156202,2
0.165009,0.0965498,0.183838,2
0.126343,0.0643719,0.210933,2
0.0996594,0.0694366,0.123046,2
0.179431,0.00439902,0.122089,2
0.16408,0.0961438,0.214744,2
0.157266,0.100973,0.124482,2
0.0250882,0.00364765,0.176095,2
0.111147,0.0300622,0.216025,2
0.0333939,0.098713,0.146289,2
0.0401281,0.0163302,0.161877,2
0.0639304,0.0500564,0.157768,2
0.0759148,0.0349143,0.21701,2
0.16954,0.0618188,0.157008,2
0.0203621,0.036227,0.146463,2
0.125515,0.0691079,0.170076,2
0.124645,0.0304686,0.171337,2
0.00168717,0.0146405,0.161933,2
0.159335,0.0398364,0.16086,2
0.153621,0.0092283,0.157805,2
0.105912,0.0869231,0.201384,2
0.179531,0.0729565,0.125499,2
0.137813,0.0686976,0.150037,2
0.0914569,0.0807958,0.167148,2
0.0686356,0.0682172,0.212629,2
0.0582244,0.0371611,0.210249,2
0.137566,0.108703,0.133213,2
0.0635792,0.0975886,0.222,2
0.0790909,0.0358814,0.224534,2
0.039873,0.0272002,0.178198,2
0.122245,0.0921209,0.20507,2
0.0903718,0.0143951,0.20275,2
0.126069,0.0378332,0.130531,2
0.0448421,0.0835288,0.219722,2
0.0543525,0.0920574,0.194234,2
0.0989438,0.0547142,0.167134,2
0.0417489,0.0872368,0.204922,2
0.196134,0.0535416,0.152145,2
0.218348,0.0731527,0.155759,2
0.0745279,0.0226316,0.141029,2
0.151971,0.104956,0.149835,2
0.137464,0.10433,0.22165,2
0.0971671,0.00843416,0.119685,2
0.0763152,0.0258868,0.177475,2
0.00887458,0.0924485,0.11805,2
0.0228325,0.022191,0.178461,2
0.0614831,0.105549,0.192289,2
0.0862682,0.0718715,0.164856,2
0.130252,0.0506781,0.145629,2
0.00113827,0.0217331,0.195077,2
0.00489477,0.10801,0.201214,2
0.0757995,0.00283963,0.218217,2
0.0946914,0.112629,0.205787,2
0.0186537,0.0388034,0.151389,2
0.222917,0.105031,0.213933,2
0.18418,0.0558902,0.172692,2
0.195874,0.0261684,0.12322,2
0.156152,0.0727445,0.162274,2
0.211939,0.0283303,0.176208,2
0.148847,0.0680168,0.132031,2
0.196447,0.0676841,0.123259,2
0.091423,0.0666796,0.159671,2
0.168288,0.0716441,0.175614,2
0.208622,0.061553,0.180079,2
0.0118913,0.0578608,0.12434,2
0.197333,0.0106113,0.155195,2
0.0882992,0.0337112,0.204024,2
0.190419,0.0265857,0.187675,2
0.0396795,0.0846582,0.128813,2
0.0713196,0.0841368,0.186621,2
0.116741,0.0447703,0.119294,2
0.165859,0.064754,0.205698,2
0.0319538,0.0678386,0.1347,2
0.0432002,0.026642,0.214569,2
0.0714111,0.00896062,0.214891,2
0.096647,0.0784985,0.16093,2
0.137788,0.00823998,0.213118,2
0.075543,0.0332785,0.176744,2
0.0275424,0.064986,0.170559,2
0.141613,0.0365685,0.210355,2
0.136752,0.0939632,0.174829,2
0.223202,0.0698998,0.168178,2
0.108913,0.101575,0.193042,2
0.155413,0.0508567,0.164871,2
0.0616573,0.0490447,0.147029,2
0.0175955,0.0134408,0.21446,2
0.131284,0.0656827,0.224704,2
0.0951689,0.0842002,0.188999,2
0.211898,0.0281431,0.150905,2
0.15502,0.0953474,0.145256,2
0.0251495,0.0750887,0.142968,2
0.0950637,0.0670958,0.159095,2
0.165468,0.046863,0.209974,2
0.0509467,0.0338671,0.22236,2
0.189,0.026956,0.143379,2
0.0758543,0.00726061,0.211893,2
0.160798,0.050859,0.167224,2
0.178054,0.018036,0.148319,2
0.0277642,0.0848119,0.128656,2
0.089317,0.088061,0.174261,2
0.103265,0.107066,0.130331,2
0.219231,0.0965686,0.218728,2
0.143645,0.0879569,0.187082,2
0.180129,0.117885,0.146535,2
0.127179,0.0816451,0.212487,2
0.109298,0.0378981,0.0759039,3
0.0204362,0.0322997,0.101356,3
0.0610447,0.0678722,0.0135163,3
0.112609,0.0431563,0.0346563,3
0.0345405,6.76226e-05,0.0905833,3
0.123818,0.0760625,0.0668749,3
0.216232,0.0987535,0.057828,3
0.17984,0.106639,0.0750805,3
0.052733,0.00767948,0.0481566,3
0.0121504,0.0792545,0.0387677,3
0.158384,0.0620553,0.0206863,3
0.201926,0.046799,0.0661867,3
0.195237,0.0316589,0.0318417,3
0.0559905,0.0404119,0.071611,3
0.126937,0.0412311,0.00531675,3
0.147118,0.0208765,0.0446285,3
0.171384,0.0144718,0.02909,3
0.0866762,0.0239901,0.0301818,3
0.201577,0.0150196,0.0810803,3
0.0701308,0.0332058,0.0223087,3
0.0416057,0.0736169,0.0182313,3
0.101024,0.0048569,0.0254464,3
0.16224,0.044647,0.0146709,3
0.214407,0.0285393,0.0252552,3
0.174095,0.0450706,0.0629877,3
0.0037396,0.0542397,0.109506,3
0.131782,0.0121287,0.0276842,3
0.219828,0.0635696,0.000941461,3
0.077893,0.0309885,0.0214249,3
0.0204804,0.107067,0.101576,3
0.0554066,0.0849175,0.106756,3
0.0178343,0.0187061,0.0716167,3
0.0423712,0.035305,0.0391711,3
0.0546051,0.0565646,0.0790687,3
0.093496,0.0390409,0.104002,3
0.0339235,0.0420649,0.0862255,3
0.0525814,0.0789926,0.0942392,3
0.120932,0.0735755,0.0156535,3
0.14636,0.0797841,0.0963611,3
0.114426,0.0856289,0.0405676,3
0.0802474,0.0887235,0.114749,3
0.0875395,0.0357504,0.0599038,3
0.109503,0.00215449,0.0610159,3
0.170492,0.0745823,0.0466211,3
0.19279,0.0994064,0.00739731,3
0.164754,0.105522,0.0672108,3
0.0215463,0.105807,0.0361867,3
0.202137,0.0547327,0.0510205,3
0.0946397,0.0149512,0.101477,3
0.162816,0.0851078,0.00366899,3
0.0370544,0.00844352,0.103385,3
0.148465,0.0864259,0.00629915,3
0.0192415,0.0965666,0.0903019,3
0.0532094,0.0363053,0.101692,3
0.018353,0.00900708,0.0286457,3
0.0716084,0.0673202,0.0115422,3
0.0603693,0.00499872,0.0489197,3
0.135327,0.046787,0.0023602,3
0.112239,0.107137,0.0826831,3
0.125999,0.074902,0.0243587,3
0.0085901,0.0130555,0.0853056,3
0.209643,0.00381635,0.0502072,3
0.184624,0.0719409,0.0949137,3
0.170133,0.00562333,0.0728463,3
0.122,0.0483383,0.0921254,3
0.144143,0.0811792,0.0365879,3
0.125997,0.0535721,0.109793,3
0.118645,0.0497459,0.0327452,3
0.0567023,0.0419813,0.00183115,3
0.0888979,0.107521,0.0384656,3
0.124278,0.0849629,0.11451,3
0.0146701,0.0168532,0.0164311,3
0.164459,0.0987398,0.0769837,3
0.164303,0.0918991,0.0292679,3
0.0901265,0.0982092,0.0815835,3
0.0321508,0.0332075,0.0214821,3
0.096338,0.087498,0.0139275,3
0.184752,0.102347,0.0370472,3
0.159113,0.0298624,0.0376143,3
0.083655,0.0503546,0.00655496,3
0.187219,0.0990444,0.01633,3
0.121182,0.00599199,0.0787606,3
0.213442,0.0935861,0.047391,3
0.0929998,0.0851986,0.0386335,3
0.0693496,0.0023775,0.0978752,3
0.102336,0.0431252,0.00634184,3
0.0463093,0.0266034,0.0630023,3
0.146795,0.0326709,0.0418526,3
0.0961149,0.10124,0.101282,3
0.0620451,0.0959273,0.0284299,3
0.0172213,0.108803,0.0608655,3
0.0795449,0.0108408,0.116368,3
0.221457,0.046261,0.088409,3
0.136884,0.098888,0.0172714,3
0.0638377,0.056804,0.0425148,3
0.138951,0.00973325,0.00133476,3
0.0237263,0.0232912,0.0523821,3
0.0261528,0.0675673,0.0500465,3
0.0124512,0.0291503,0.115523,3
0.19732,0.0165547,0.000792117,3
0.122757,0.038564,0.0889887,3
0.120849,0.0820835,0.0863774,3
0.202831,0.0677963,0.113442,3
0.00909057,0.102594,0.0460578,3
0.0834229,0.0694937,0.00953445,3
0.0795567,0.0221804,0.00802819,3
0.0469068,0.0676686,0.08324,3
0.0880008,0.0711001,0.0234191,3
0.0890017,0.054405,0.0681288,3
0.114986,0.0491299,0.0132728,3
0.10554,0.0699298,0.0173651,3
0.0323658,0.0298968,0.0995307,3
0.000110272,0.0951178,0.00165537,3
0.132347,0.0241072,0.117145,3
0.143408,0.108759,0.0550913,3
0.0815415,0.0550832,0.083569,3
0.0107343,0.105596,0.0194024,3
0.106473,0.0112791,0.0359463,3
0.102456,0.051461,0.0561756,3
0.0306037,0.0941027,0.0274147,3
0.0323339,0.0488107,0.105788,3
0.0911753,0.0163804,0.048219,3
0.200999,0.0916172,0.0869188,3
0.146937,0.0280621,0.114376,3
0.0244951,0.105205,0.0202614,3
0.19524,0.105847,0.0767507,3
