x coord,y coord,z coord,rank
0.0952871,0.222843,0.0967876,0
0.101313,0.213358,0.0751759,0
0.100003,0.183316,0.0703341,0
0.209426,0.221224,0.0173039,0
0.210617,0.097818,0.0629236,0
0.150712,0.188723,0.0255236,0
0.15663,0.16216,0.0515283,0
0.185965,0.148119,0.0749897,0
0.125626,0.108029,0.10707,0
0.210963,0.107614,0.0937204,0
0.200469,0.204728,0.0341706,0
0.190614,0.116847,0.103396,0
0.17691,0.112257,0.104316,0
0.219734,0.116946,0.0741156,0
0.221268,0.185413,0.0510994,0
0.200973,0.168548,0.0835358,0
0.223288,0.174854,0.034031,0
0.138411,0.0555371,0.113899,0
0.201004,0.0107656,0.0616037,0
0.108009,0.0362173,0.0857271,0
0.145008,0.196636,0.0948963,0
0.196382,0.211362,0.112185,0
0.131741,0.121445,0.0397072,0
0.151729,0.0930435,0.0767095,0
0.197251,0.0909233,0.104855,0
0.138666,0.0747752,0.0199277,0
0.141407,0.0114699,0.0906834,0
0.184288,0.221366,0.0270846,0
0.169517,0.121073,0.105383,0
0.188453,0.163602,0.0241115,0
0.105945,0.0513023,0.0955234,0
0.0976371,0.142444,0.0278632,0
0.219231,0.224261,0.0136913,0
0.187756,0.215483,0.0826712,0
0.127437,0.160055,0.0483879,0
0.196908,0.150174,0.0487696,0
0.163464,0.0180311,0.101206,0
0.141867,0.0407783,0.058174,0
0.170275,0.0909601,0.00219262,0
0.180385,0.176264,0.10556,0
0.220424,0.146494,0.0724996,0
0.165315,0.0274065,0.0738009,0
0.174742,0.199696,0.00563707,0
0.107854,0.215243,0.0858794,0
0.199416,0.170958,0.0732005,0
0.164516,0.170134,0.016561,0
0.109017,0.170262,0.0348045,0
0.11729,0.112508,0.0474365,0
0.162348,0.189858,0.0818042,0
0.184187,0.059757,0.0071405,0
0.204285,0.038673,0.0344425,0
0.111757,0.131183,0.10095,0
0.103091,0.203801,0.000735946,0
0.106037,0.128684,0.101508,0
0.188998,0.0311513,0.0665727,0
0.181491,0.199105,0.0779231,0
0.096824,0.200712,0.0503568,0
0.183725,0.0831582,0.0790403,0
0.116343,0.138838,0.0180562,0
0.215694,0.133876,0.0216028,0
0.199663,0.0740826,0.0268145,0
0.178628,0.199226,0.0915894,0
0.120628,0.142118,0.0131771,0
0.136463,0.132506,0.00667088,0
0.1265,0.0975198,0.0777835,0
0.110821,0.121556,0.0456692,0
0.165814,0.187491,0.037875,0
0.114345,0.190048,0.0184105,0
0.124272,0.199248,0.0920181,0
0.187044,0.169052,0.0983292,0
0.140104,0.0305037,0.00335128,0
0.212222,0.0301932,0.0280372,0
0.105969,0.166388,0.0221759,0
0.183991,0.197076,0.0228174,0
0.201414,0.0671956,0.0912853,0
0.17963,0.0669677,0.0755051,0
0.203158,0.118639,0.0543286,0
0.165386,0.0385443,0.112274,0
0.200576,0.106282,0.00276056,0
0.163504,0.0724791,0.10056,0
0.180682,0.141765,0.0339014,0
0.121795,0.184746,0.0462247,0
0.182519,0.204912,0.087038,0
0.180048,0.0262709,0.0856806,0
0.141471,0.184873,0.0696695,0
0.103647,0.162488,0.0871769,0
0.189403,0.15354,0.0704029,0
0.134977,0.171894,0.068885,0
0.218228,0.195878,0.0165415,0
0.138839,0.0865846,0.0127352,0
0.211439,0.0207669,0.0809984,0
0.161408,0.194512,0.0749532,0
0.113209,0.133947,0.0961512,0
0.184056,0.0403569,0.0398207,0
0.186989,0.193678,0.0520727,0
0.101607,0.194442,0.107426,0
0.127865,0.190273,0.11254,0
0.109446,0.18592,0.0948764,0
0.101557,0.0717164,0.0846519,0
0.106696,0.0403019,0.054445,0
0.121113,0.0482184,0.0318421,0
0.107665,0.0601829,0.0266927,0
0.105564,0.0835879,0.00771521,0
0.206588,0.0437838,0.0877915,0
0.173655,0.0366256,0.018713,0
0.183254,0.104467,0.0654484,0
0.192108,0.0372331,0.0536735,0
0.199673,0.0404063,0.07187,0
0.159616,0.113493,0.0877733,0
0.0969489,0.107873,0.0691844,0
0.201564,0.00172944,0.0776987,0
0.167828,0.00595622,0.0861235,0
0.223503,0.0301964,0.00085062,0
0.135836,0.0656657,0.0799787,0
0.105032,0.0881206,0.0647687,0
0.129072,0.0494914,0.0706014,0
0.145777,0.134288,0.011851,0
0.156063,0.0726331,0.0162791,0
0.196919,0.0706431,0.0778856,0
0.165106,0.0970778,0.0455138,0
0.176003,0.0170432,0.0166797,0
0.12082,0.0608571,0.0613251,0
0.167011,0.20799,0.11386,0
0.0941073,0.0770113,0.0748594,0
0.0550313,0.205595,0.107927,1
0.0863796,0.0445854,0.0761433,1
0.0599023,0.105812,0.0390087,1
0.0344493,0.0177544,0.071226,1
0.0557538,0.19352,0.114783,1
0.0492594,0.00372739,0.0135996,1
0.03592,0.0642001,0.00751026,1
0.0534866,0.194782,0.108533,1
0.0556661,0.193323,0.114315,1
0.0798075,0.105681,0.049474,1
0.0096342,0.153363,0.103361,1
0.0191678,0.0888489,0.0748365,1
0.0498468,0.196639,0.112677,1
0.052134,0.19196,0.113023,1
0.0868993,0.0454207,0.0746291,1
0.0576641,0.200869,0.114238,1
0.0530281,0.196601,0.114967,1
0.0103708,0.00704979,0.00518478,1
0.00428196,0.00505872,0.0319565,1
0.0591639,0.059544,0.00561116,1
0.00327977,0.0728572,0.015356,1
0.0527639,0.19347,0.114723,1
0.0176412,0.0930739,0.0939156,1
0.0323876,0.136677,0.104725,1
0.0725603,0.174998,0.0462397,1
0.00032589,0.175397,0.0573143,1
0.0252261,0.198365,0.0269144,1
0.0567256,0.186486,0.0394744,1
0.0565304,0.200067,0.108912,1
0.0702182,0.101968,0.0533592,1
0.064212,0.132529,0.0793091,1
0.0844357,0.0530028,0.00218972,1
0.090375,0.0617635,0.00701561,1
0.0334615,0.164502,0.019866,1
0.0285425,0.210469,0.0500382,1
0.0466425,0.190859,0.00394852,1
0.050606,0.198431,0.10966,1
0.0144416,0.0069147,0.00596474,1
0.0531787,0.198431,0.110633,1
0.0260176,0.219584,0.0977242,1
0.0248409,0.0700527,0.0382941,1
0.0845115,0.0996851,0.0942442,1
0.0132501,0.180427,0.0626671,1
0.08655,0.0644884,0.0796025,1
0.0340677,0.161081,0.105081,1
0.029324,0.0494801,0.0614606,1
0.0577363,0.196502,0.108398,1
0.057993,0.197755,0.108268,1
0.0647015,0.0164642,0.082958,1
0.00636311,0.202496,0.100624,1
0.086466,0.123398,0.0193421,1
0.0529429,0.195355,0.110672,1
0.0531016,0.195063,0.11059,1
0.0563417,0.192448,0.110451,1
0.00707546,0.166599,0.0430564,1
0.0697589,0.124583,0.0867164,1
0.0285957,0.123964,0.0991563,1
0.0348386,0.0615871,0.0423494,1
0.0545404,0.0030393,0.114491,1
0.0530467,0.194466,0.112651,1
0.0290108,0.0113901,0.00950796,1
0.0182232,0.0806019,0.0126353,1
0.00884552,0.00462349,0.103422,1
0.051124,0.0718358,0.108941,1
0.0540853,0.191639,0.109438,1
0.0366155,0.0434458,0.109875,1
0.0549224,0.208741,0.0474334,1
0.0587693,0.191519,0.109239,1
0.0559308,0.197744,0.10809,1
0.0424796,0.0342068,0.0940458,1
0.0515861,0.193385,0.112992,1
0.0628678,0.186508,0.0035153,1
0.0565051,0.194025,0.110851,1
0.0858964,0.179879,0.0242645,1
0.0120258,0.0108646,0.0180768,1
0.00187829,0.216582,0.108093,1
0.0437611,0.186814,0.000189034,1
0.033092,0.151061,0.0416807,1
0.0932704,0.079542,0.0469018,1
0.042197,0.124199,0.0269078,1
0.0445497,0.0361074,0.0936868,1
0.000986433,0.0387963,0.0766038,1
0.0565989,0.197538,0.105895,1
0.0718241,0.120374,0.0639356,1
0.0490108,0.0700196,0.0651637,1
0.0549697,0.194582,0.108553,1
0.0584327,0.194078,0.111496,1
0.0674782,0.143461,0.0289859,1
0.0330401,0.00244047,0.0188187,1
0.0239446,0.0531691,0.0403452,1
0.0665858,0.0507503,0.093325,1
0.0700692,0.00210192,0.08122,1
0.0359225,0.0180266,0.0805911,1
0.022684,0.052033,0.0770756,1
0.00479166,0.181765,0.0461389,1
0.0557478,0.196712,0.107646,1
0.0254823,0.0803629,0.0126736,1
0.0574198,0.136641,0.00261873,1
0.0772394,0.016978,0.101826,1
0.0839784,0.188077,0.0978768,1
0.0491376,0.19661,0.110099,1
0.0365587,0.0333781,0.0682201,1
0.0547851,0.0450478,0.00280469,1
0.0274083,0.0713504,0.0827016,1
0.0557793,0.193188,0.106936,1
0.0420921,0.219252,0.0108497,1
0.0110118,0.0825809,0.0282108,1
0.054321,0.194033,0.107556,1
0.019797,0.153886,0.0426748,1
0.0733612,0.168296,0.00940402,1
0.078379,0.0922707,0.0301084,1
0.00953906,0.154431,0.0936519,1
0.00862154,0.141997,0.036208,1
0.0109311,0.0226865,0.0917725,1
0.0269869,0.122665,0.102751,1
0.0184445,0.102784,0.0746827,1
0.0490735,0.120504,0.0452695,1
0.0512128,0.185319,0.0643457,1
0.0524296,0.113951,0.0294548,1
0.0178152,0.0263886,0.0942136,1
0.0148304,0.149178,0.0995847,1
0.0552644,0.193103,0.108826,1
0.0832449,0.181828,0.0869908,1
0.0526017,0.194542,0.112086,1
0.0163829,0.142479,0.105153,1
0.057595,0.197993,0.106601,1
0.0881142,0.144365,0.0537489,1
0.10069,0.176106,0.120444,2
0.0648744,0.136871,0.150527,2
0.0227717,0.15633,0.18902,2
0.100649,0.189967,0.129028,2
0.0575695,0.163025,0.146979,2
0.00818605,0.196101,0.1316,2
0.104991,0.180145,0.172292,2
0.0553756,0.157327,0.172003,2
0.0894875,0.202131,0.130589,2
0.10569,0.146694,0.125932,2
0.0068319,0.196591,0.157628,2
0.036978,0.147328,0.168862,2
0.08856,0.208368,0.202224,2
0.0268363,0.158482,0.159443,2
0.117449,0.161409,0.189872,2
0.0409102,0.15827,0.17856,2
0.107055,0.207192,0.193564,2
0.0247511,0.187776,0.191002,2
0.0855795,0.13602,0.162242,2
0.111937,0.140592,0.14224,2
0.115485,0.189332,0.134118,2
0.0366502,0.170036,0.224754,2
0.0944025,0.172488,0.126066,2
0.00953414,0.183515,0.218405,2
0.0665387,0.181332,0.192588,2
0.105024,0.21328,0.13471,2
0.0099474,0.219463,0.134409,2
0.10691,0.203033,0.16364,2
0.0887011,0.219694,0.117457,2
0.0173383,0.0432417,0.178969,2
0.0629845,0.143836,0.147852,2
0.055883,0.0497922,0.17177,2
4.54491e-05,0.177057,0.127678,2
0.0569672,0.0768502,0.196049,2
0.0901138,0.0610064,0.13828,2
0.00233454,0.00221942,0.150998,2
0.0172477,0.0165874,0.219156,2
0.0397135,0.0759632,0.164936,2
0.0700203,0.0432709,0.177798,2
0.110908,0.00437096,0.174841,2
0.0753536,0.210107,0.184853,2
0.0796472,0.0184728,0.175005,2
0.016918,0.157762,0.199846,2
0.0537392,0.102564,0.153035,2
0.063751,0.00791373,0.12332,2
0.0115309,0.0964677,0.224669,2
0.0250638,0.0293217,0.137664,2
0.0768482,0.0845385,0.186627,2
0.051285,0.0468944,0.194989,2
0.000185591,0.0221915,0.16887,2
0.0306604,0.108381,0.171706,2
0.0291047,0.112486,0.129906,2
0.0476939,0.063952,0.134996,2
0.0178908,0.102486,0.196863,2
0.095799,0.159687,0.179504,2
0.0189153,0.0814835,0.133635,2
0.036811,0.102818,0.15305,2
0.0264688,0.164144,0.162627,2
0.075762,0.21946,0.181249,2
0.0378849,0.13732,0.143462,2
0.039666,0.0591371,0.142403,2
0.0780014,0.190882,0.21962,2
0.0239431,0.0358114,0.206987,2
0.104871,0.0809471,0.121207,2
0.0902301,0.207595,0.117146,2
0.0085289,0.163287,0.21283,2
0.00181431,0.102409,0.17777,2
0.0766293,0.141259,0.177923,2
0.0204452,0.0797511,0.188126,2
0.00796735,0.141094,0.164907,2
0.0458206,0.174691,0.18943,2
0.0348895,0.199988,0.17473,2
0.0422281,0.222749,0.180184,2
0.0964507,0.070594,0.18507,2
0.066704,0.0401203,0.163764,2
0.09477,0.049333,0.202554,2
0.0839819,0.156031,0.149818,2
0.0515179,0.171318,0.179199,2
0.0252054,0.0999526,0.22072,2
0.0350782,0.0876603,0.165047,2
0.0628352,0.180866,0.199852,2
0.0879281,0.0983803,0.200521,2
0.0204582,0.161413,0.135061,2
0.0512892,0.0115363,0.150307,2
0.0808629,0.130944,0.16158,2
0.0361277,0.162025,0.164928,2
0.0980413,0.0577167,0.160101,2
0.0350546,0.209241,0.221937,2
0.0543716,0.0599634,0.181517,2
0.00948045,0.105517,0.151274,2
0.10323,0.0558129,0.189026,2
0.0275079,0.143164,0.137373,2
0.066218,0.210555,0.195335,2
0.0783021,0.1574,0.212073,2
0.0880929,0.121407,0.223956,2
0.0184569,0.024814,0.216326,2
0.0585368,0.013801,0.168811,2
0.066853,0.207238,0.195978,2
0.0910046,0.195927,0.132133,2
0.094192,0.159655,0.11645,2
0.0403582,0.220977,0.214896,2
0.0699362,0.0401103,0.19921,2
0.0949829,0.024616,0.118709,2
0.0688616,0.147647,0.169355,2
0.0646122,0.197746,0.202014,2
5.96643e-05,0.0504221,0.149414,2
0.0208435,0.203819,0.160584,2
0.00922857,0.107146,0.144034,2
0.055902,0.152512,0.151958,2
0.0646175,0.159394,0.161296,2
0.112109,0.0257493,0.13798,2
0.050495,0.222891,0.118939,2
0.0628771,0.0734409,0.172578,2
0.038095,0.174968,0.193945,2
0.018251,0.0952501,0.212553,2
0.0688288,0.10939,0.215035,2
0.00369798,0.209555,0.137431,2
0.0780188,0.108324,0.212046,2
0.0398718,0.0528996,0.15422,2
0.0301988,0.0523227,0.189824,2
0.0114482,0.122207,0.207194,2
0.0542308,0.19174,0.116258,2
0.110891,0.0434265,0.224759,2
0.185494,0.152352,0.140116,3
0.216116,0.218197,0.123623,3
0.161374,0.154042,0.138259,3
0.164184,0.151321,0.124581,3
0.198973,0.211445,0.215356,3
0.223218,0.145074,0.120421,3
0.130327,0.174714,0.133742,3
0.179636,0.122816,0.126025,3
0.162951,0.00817001,0.211521,3
0.125721,0.124392,0.132557,3
0.12307,0.20793,0.119363,3
0.220962,0.0632902,0.122361,3
0.224272,0.111397,0.177031,3
0.222723,0.205025,0.152722,3
0.206477,0.218399,0.132196,3
0.132843,0.102202,0.184875,3
0.202254,0.0245542,0.178967,3
0.193596,0.128321,0.163538,3
0.1683,0.0406472,0.171096,3
0.190469,0.154292,0.177972,3
0.156095,0.193103,0.162462,3
0.177138,0.0986056,0.167438,3
0.194635,0.14534,0.223763,3
0.159643,0.145778,0.193787,3
0.175488,0.108943,0.141551,3
0.1422,0.0122992,0.147581,3
0.17703,0.191936,0.125947,3
0.168879,0.109216,0.124018,3
0.15514,0.169046,0.203582,3
0.215459,0.0663436,0.128928,3
0.158767,0.167407,0.115951,3
0.138381,0.127269,0.126508,3
0.154777,0.122545,0.136815,3
0.15778,0.162965,0.160697,3
0.224211,0.127723,0.131331,3
0.126377,0.0255541,0.133931,3
0.197477,0.033119,0.223564,3
0.132406,0.102326,0.200773,3
0.206442,0.224251,0.12505,3
0.215827,0.0218868,0.187827,3
0.210499,0.0019307,0.178742,3
0.179517,0.0217012,0.203914,3
0.145677,0.0629169,0.168191,3
0.202014,0.145032,0.220366,3
0.147445,0.0790262,0.145602,3
0.172079,0.0447078,0.153543,3
0.120926,0.15286,0.171579,3
0.183588,0.182756,0.165413,3
0.125445,0.0892907,0.162654,3
0.176788,0.196838,0.116827,3
0.203184,0.215595,0.186341,3
0.156079,0.178565,0.180702,3
0.206889,0.109717,0.195357,3
0.152652,0.0375511,0.166738,3
0.147291,0.194363,0.147141,3
0.168916,0.100838,0.145823,3
0.122989,0.0991049,0.208463,3
0.138905,0.224332,0.205986,3
0.1254,0.106209,0.223817,3
0.166813,0.188572,0.189897,3
0.152263,0.0212698,0.204005,3
0.168799,0.1426,0.126666,3
0.132983,0.0528667,0.117171,3
0.217444,0.0145112,0.203661,3
0.183081,0.0315939,0.184562,3
0.185417,0.207519,0.185992,3
0.160852,0.178683,0.197872,3
0.13537,0.0282979,0.128685,3
0.204923,0.22436,0.194259,3
0.214551,0.0471926,0.198832,3
0.150182,0.107501,0.131863,3
0.168924,0.183419,0.194071,3
0.213558,0.1169,0.150082,3
0.199683,0.0233127,0.155347,3
0.208601,0.0921622,0.190191,3
0.155349,0.211204,0.221667,3
0.223098,0.107917,0.149678,3
0.200926,0.0622028,0.212739,3
0.153607,0.0648247,0.128844,3
0.212782,0.222673,0.129012,3
0.151135,0.207841,0.172193,3
0.155876,0.148822,0.212355,3
0.204566,0.0397734,0.141274,3
0.144476,0.0307568,0.146435,3
0.216905,0.165615,0.143953,3
0.205664,0.15227,0.223265,3
0.147376,0.0931233,0.156083,3
0.186417,0.0551708,0.132778,3
0.167565,0.160554,0.208353,3
0.154092,0.113944,0.202698,3
0.181878,0.173826,0.197215,3
0.122825,0.222779,0.180195,3
0.213186,0.172711,0.115575,3
0.158199,0.00718378,0.140373,3
0.183995,0.08789,0.133419,3
0.124981,0.22334,0.135439,3
0.144637,0.0642306,0.205415,3
0.198083,0.211717,0.120818,3
0.187813,0.106112,0.145256,3
0.222764,0.00791555,0.213666,3
0.173628,0.0622586,0.185496,3
0.213835,0.15461,0.178593,3
0.120849,0.141567,0.127858,3
0.220935,0.139946,0.209125,3
0.222365,0.163587,0.139259,3
0.20394,0.0599262,0.192969,3
0.195586,0.0349654,0.17944,3
0.200455,0.204716,0.138351,3
0.14475,0.127148,0.121713,3
0.149644,0.222516,0.151476,3
0.149442,0.0575026,0.2212,3
0.200374,0.21175,0.209962,3
0.224356,0.144107,0.116925,3
0.14373,0.0941664,0.207918,3
0.125608,0.0463453,0.18512,3
0.191564,0.105019,0.136009,3
0.157971,0.0210138,0.124546,3
0.190583,0.111589,0.159868,3
0.210318,0.0241717,0.125644,3
0.182899,0.168962,0.165,3
0.182965,0.174448,0.127086,3
0.149288,0.142157,0.164873,3
0.179458,0.187632,0.133756,3
0.13011,0.207597,0.146812,3
0.122089,0.212418,0.120701,3
0.121124,0.0063242,0.139722,3
