x coord,y coord,z coord,rank
0.170098,0.0570456,0.0835378,0
0.103875,0.0672781,0.0971008,0
0.150234,0.0984416,0.0960118,0
0.158521,0.101344,0.086255,0
0.210694,0.0914011,0.0841748,0
0.146005,0.103098,0.0532226,0
0.123924,0.102862,0.0609785,0
0.181454,0.0695868,0.0521619,0
0.168873,0.0598185,0.0651349,0
0.114948,0.0709433,0.0645399,0
0.10776,0.0813924,0.070976,0
0.112986,0.0704841,0.0857516,0
0.187953,0.0399853,0.110903,0
0.109838,0.112171,0.0774924,0
0.185187,0.0773592,0.0763264,0
0.136747,0.0634422,0.0745371,0
0.104832,0.0698765,0.0841515,0
0.177948,0.104264,0.100466,0
0.158363,0.08974,0.0611664,0
0.122193,0.0821136,0.0637689,0
0.212386,0.100161,0.0558471,0
0.211918,0.0671648,0.0645773,0
0.136094,0.111322,0.0499718,0
0.140997,0.084622,0.109983,0
0.205277,0.112678,0.0512076,0
0.218554,0.0936514,0.11012,0
0.176816,0.0889922,0.103645,0
0.187023,0.098312,0.0684889,0
0.134407,0.0948682,0.0449879,0
0.132736,0.0640499,0.0880925,0
0.163848,0.0862866,0.110978,0
0.138608,0.0894305,0.0576163,0
0.105238,0.11094,0.105139,0
0.0953206,0.0834213,0.0992715,0
0.2149,0.109792,0.10549,0
0.20273,0.0518516,0.111305,0
0.151515,0.0975964,0.0441424,0
0.103244,0.108406,0.0872431,0
0.203793,0.0497523,0.110918,0
0.217294,0.0725286,0.0810572,0
0.113628,0.0971173,0.0712027,0
0.153645,0.101224,0.108232,0
0.149327,0.0677102,0.105706,0
0.197672,0.087035,0.111334,0
0.111385,0.0860949,0.0971171,0
0.153633,0.0549809,0.0886521,0
0.208881,0.101265,0.071729,0
0.112243,0.0546071,0.106093,0
0.2089,0.0738413,0.105494,0
0.213443,0.0512506,0.084584,0
0.212077,0.0808228,0.10201,0
0.134652,0.0880915,0.0727497,0
0.169669,0.0445005,0.0949357,0
0.138384,0.108286,0.110237,0
0.12795,0.0540327,0.0969876,0
0.107426,0.106594,0.0950916,0
0.184645,0.0666046,0.110926,0
0.156375,0.0401939,0.10794,0
0.205238,0.0990394,0.109764,0
0.198026,0.0652351,0.0767886,0
0.103466,0.0830601,0.109366,0
0.180035,0.0671919,0.0710166,0
0.127383,0.0658493,0.102404,0
0.182255,0.0846855,0.0574017,0
0.165861,0.093968,0.0495988,0
0.202169,0.0999327,0.0573102,0
0.096266,0.0979159,0.104362,0
0.218953,0.0860675,0.105032,0
0.122151,0.0933969,0.0492184,0
0.143504,0.0757142,0.0956384,0
0.0991284,0.0971792,0.073613,0
0.201578,0.0771945,0.0507914,0
0.181343,0.0877992,0.0823223,0
0.15254,0.0433317,0.09215,0
0.179201,0.0750885,0.0929288,0
0.198045,0.0943784,0.101521,0
0.164907,0.102309,0.0737456,0
0.131545,0.0860434,0.0828827,0
0.127777,0.101214,0.103675,0
0.152937,0.0913529,0.0810349,0
0.130542,0.0825043,0.0491206,0
0.202506,0.0783345,0.0946652,0
0.197755,0.06155,0.0871997,0
0.174317,0.088669,0.0422502,0
0.117058,0.0890702,0.077391,0
0.177698,0.109284,0.0878943,0
0.14334,0.0594631,0.110175,0
0.215877,0.084411,0.0938446,0
0.222754,0.0942698,0.0952712,0
0.132637,0.0788194,0.0688454,0
0.165286,0.105428,0.0578624,0
0.11356,0.0588924,0.0814153,0
0.111846,0.103477,0.0830637,0
0.223731,0.105886,0.111722,0
0.223539,0.10411,0.101432,0
0.125081,0.062687,0.0693798,0
0.155366,0.0685034,0.0802761,0
0.152849,0.0784809,0.0519482,0
0.224211,0.0812281,0.0857209,0
0.190634,0.0943737,0.09742,0
0.218492,0.092815,0.0905649,0
0.20317,0.088195,0.0941323,0
0.201968,0.102304,0.0815766,0
0.102635,0.0912822,0.0893005,0
0.123306,0.0833031,0.0987313,0
0.148082,0.0640898,0.0611182,0
0.114102,0.110974,0.110796,0
0.212492,0.105741,0.0721803,0
0.137702,0.044484,0.103441,0
0.143309,0.103021,0.081387,0
0.0977861,0.109345,0.0968483,0
0.222241,0.0602654,0.080526,0
0.155769,0.0798431,0.0705213,0
0.123968,0.0785788,0.0875302,0
0.207536,0.0989327,0.0787399,0
0.188928,0.0637163,0.0817984,0
0.223572,0.071782,0.0963312,0
0.206381,0.110862,0.0563994,0
0.219247,0.0535736,0.0965836,0
0.201044,0.0718146,0.0974108,0
0.106009,0.108281,0.0611428,0
0.221252,0.0900075,0.0497191,0
0.223322,0.0848027,0.0676774,0
0.110098,0.0937165,0.0838684,0
0.21529,0.0576783,0.105389,0
0.217266,0.081018,0.112044,0
0.134324,0.0972845,0.127656,1
0.113228,0.0826907,0.14725,1
0.186105,0.0613426,0.130635,1
0.12352,0.0489823,0.121171,1
0.212101,0.103857,0.115571,1
0.103798,0.0955436,0.135059,1
0.204223,0.105548,0.125435,1
0.200075,0.0777865,0.121908,1
0.193708,0.0722855,0.137929,1
0.149066,0.0791127,0.174034,1
0.114949,0.0905597,0.120537,1
0.211591,0.0996057,0.142981,1
0.0987904,0.087571,0.146486,1
0.175991,0.0761305,0.119293,1
0.107203,0.0597458,0.115201,1
0.13265,0.0934345,0.167251,1
0.175902,0.109964,0.116434,1
0.15609,0.0672079,0.130131,1
0.179463,0.0968518,0.159577,1
0.149192,0.0636357,0.149464,1
0.13657,0.0740674,0.113374,1
0.159572,0.063378,0.162575,1
0.148899,0.0814279,0.122504,1
0.159473,0.0550599,0.140329,1
0.114154,0.0791682,0.113079,1
0.154529,0.107711,0.134861,1
0.211858,0.109171,0.179669,1
0.201304,0.0651562,0.150327,1
0.100099,0.108422,0.142812,1
0.19738,0.0637075,0.129646,1
0.218729,0.106853,0.162945,1
0.108395,0.0804947,0.132129,1
0.17873,0.0803303,0.147912,1
0.204152,0.104493,0.140794,1
0.160838,0.0856772,0.168616,1
0.201072,0.0879601,0.146071,1
0.126709,0.0612338,0.134808,1
0.224599,0.0568509,0.117873,1
0.11796,0.0923051,0.164817,1
0.113613,0.0774465,0.165904,1
0.213281,0.0860196,0.138825,1
0.176578,0.0562298,0.11473,1
0.214742,0.0700009,0.114955,1
0.0998353,0.0771436,0.117203,1
0.12101,0.0926556,0.13551,1
0.122161,0.0707535,0.126663,1
0.199979,0.0954832,0.116532,1
0.145685,0.104406,0.142874,1
0.201858,0.100402,0.15773,1
0.12841,0.0734208,0.152678,1
0.211372,0.0650098,0.129587,1
0.204889,0.0968678,0.174943,1
0.203359,0.105751,0.132747,1
0.221614,0.0713152,0.112785,1
0.122015,0.103661,0.14548,1
0.182945,0.0861275,0.124975,1
0.180467,0.0689672,0.154783,1
0.0964379,0.110973,0.126535,1
0.22006,0.112978,0.149798,1
0.116412,0.108698,0.164015,1
0.138073,0.0542293,0.123852,1
0.192249,0.0763567,0.161049,1
0.182047,0.0980599,0.136092,1
0.161666,0.108067,0.185778,1
0.190475,0.0882554,0.170333,1
0.115466,0.0665686,0.134934,1
0.167352,0.0939221,0.149594,1
0.149884,0.102545,0.164629,1
0.145109,0.103947,0.121118,1
0.13324,0.0879854,0.155739,1
0.148772,0.097006,0.175583,1
0.152414,0.0915029,0.154226,1
0.221284,0.0988841,0.128079,1
0.199801,0.108341,0.155345,1
0.160589,0.076412,0.158394,1
0.114962,0.0887489,0.15524,1
0.10377,0.093772,0.120257,1
0.12586,0.0645425,0.1573,1
0.203762,0.0858774,0.139723,1
0.198675,0.0852981,0.130338,1
0.0974613,0.0989102,0.119757,1
0.0993826,0.0771225,0.142546,1
0.146325,0.0542955,0.152946,1
0.1377,0.0805157,0.165647,1
0.143226,0.0759691,0.132634,1
0.10175,0.107804,0.119496,1
0.224261,0.0968612,0.165435,1
0.0951206,0.109147,0.137635,1
0.223245,0.0982217,0.15372,1
0.197436,0.0709234,0.144637,1
0.199505,0.102073,0.126189,1
0.124354,0.0480332,0.138681,1
0.197956,0.093946,0.124747,1
0.0973332,0.0965461,0.12997,1
0.172234,0.0568181,0.154887,1
0.201275,0.0820755,0.120267,1
0.174619,0.108658,0.133552,1
0.208379,0.0738299,0.138466,1
0.107035,0.108764,0.144297,1
0.204198,0.103488,0.16831,1
0.197359,0.0941265,0.145971,1
0.174004,0.0983625,0.116569,1
0.135007,0.0593483,0.14522,1
0.131071,0.103986,0.174721,1
0.107145,0.0867729,0.140676,1
0.127814,0.0574776,0.112567,1
0.186495,0.051625,0.146519,1
0.148347,0.0423555,0.120454,1
0.160034,0.0736708,0.14822,1
0.155745,0.0815259,0.141346,1
0.19126,0.0608165,0.141351,1
0.124202,0.0696405,0.113184,1
0.174408,0.0390588,0.11938,1
0.205183,0.0909572,0.153246,1
0.199045,0.0596173,0.14085,1
0.103846,0.0798644,0.154873,1
0.11226,0.0995633,0.155064,1
0.117554,0.0807972,0.135703,1
0.108422,0.069582,0.139541,1
0.133123,0.0865596,0.138586,1
0.0934476,0.0916279,0.119065,1
0.215273,0.0775052,0.149584,1
0.118503,0.110852,0.134657,1
0.22309,0.0682116,0.154986,1
0.126854,0.178176,0.0964157,2
0.163641,0.115156,0.0814502,2
0.103394,0.126803,0.0916308,2
0.221788,0.168868,0.108676,2
0.207404,0.1597,0.111094,2
0.210489,0.163221,0.107171,2
0.165718,0.145951,0.107213,2
0.126951,0.124264,0.0721232,2
0.11316,0.128305,0.0859063,2
0.118119,0.168135,0.100091,2
0.198581,0.146997,0.108084,2
0.21601,0.123892,0.0973505,2
0.124287,0.129512,0.106833,2
0.192917,0.153261,0.0865623,2
0.197366,0.124743,0.112264,2
0.130225,0.138324,0.0884725,2
0.17355,0.168649,0.0858004,2
0.148384,0.161846,0.0932486,2
0.167067,0.160194,0.0549379,2
0.203428,0.122955,0.0798399,2
0.10197,0.122069,0.0631989,2
0.19646,0.154338,0.0535971,2
0.217623,0.126568,0.08427,2
0.10647,0.126474,0.111296,2
0.148561,0.120682,0.0459386,2
0.221728,0.116544,0.0927428,2
0.214281,0.168426,0.0900523,2
0.100104,0.12247,0.108662,2
0.198882,0.148991,0.0715267,2
0.213586,0.164586,0.0794362,2
0.109026,0.153638,0.0807915,2
0.127417,0.165265,0.0952951,2
0.163194,0.133626,0.100408,2
0.12354,0.123051,0.092368,2
0.21365,0.126038,0.103829,2
0.188512,0.116063,0.0584462,2
0.168051,0.145604,0.0511023,2
0.187233,0.114254,0.1036,2
0.146216,0.173292,0.0794579,2
0.122,0.137742,0.0582101,2
0.183364,0.121683,0.0458965,2
0.207242,0.153167,0.0924199,2
0.130203,0.117166,0.0600677,2
0.187078,0.161181,0.0677946,2
0.202383,0.115868,0.112765,2
0.196924,0.135662,0.059714,2
0.209828,0.12428,0.0545251,2
0.220669,0.114491,0.0815983,2
0.143366,0.167675,0.109851,2
0.195279,0.123049,0.0658921,2
0.197419,0.16483,0.0988068,2
0.131202,0.178726,0.106999,2
0.209445,0.144823,0.0878942,2
0.210836,0.162754,0.0983378,2
0.152542,0.11718,0.102254,2
0.0979794,0.113867,0.0726737,2
0.101279,0.157771,0.0976712,2
0.123852,0.146533,0.108221,2
0.181623,0.14898,0.0589273,2
0.169962,0.13013,0.0544474,2
0.152017,0.153705,0.0710305,2
0.130487,0.119086,0.0815358,2
0.164221,0.166545,0.0756243,2
0.221498,0.1614,0.0634588,2
0.213489,0.142664,0.0924812,2
0.216188,0.1509,0.0570657,2
0.217189,0.146846,0.0762428,2
0.137551,0.133904,0.0686,2
0.185075,0.173563,0.0761382,2
0.151775,0.116602,0.0567053,2
0.136455,0.14341,0.101445,2
0.108418,0.118111,0.05342,2
0.203166,0.129074,0.0937382,2
0.20163,0.126885,0.0925562,2
0.217553,0.131542,0.0720227,2
0.10461,0.13683,0.0799803,2
0.17989,0.159374,0.106205,2
0.197468,0.13253,0.102486,2
0.216714,0.138664,0.103535,2
0.124276,0.156402,0.0718228,2
0.111515,0.115231,0.0934753,2
0.0974413,0.130038,0.084417,2
0.133212,0.135951,0.108504,2
0.157874,0.163469,0.105699,2
0.219222,0.135449,0.0674863,2
0.213724,0.134648,0.0846165,2
0.150225,0.118299,0.0745363,2
0.141561,0.180058,0.095944,2
0.143506,0.139277,0.0861043,2
0.0968887,0.137332,0.10743,2
0.140997,0.127438,0.0529299,2
0.194598,0.176027,0.11215,2
0.198508,0.145149,0.0668296,2
0.197613,0.114656,0.0841675,2
0.118804,0.153166,0.0976563,2
0.103822,0.136294,0.0674782,2
0.219528,0.177888,0.103598,2
0.199234,0.148237,0.0976279,2
0.161533,0.134896,0.0450821,2
0.116635,0.156844,0.107958,2
0.111893,0.148592,0.0934728,2
0.200074,0.139692,0.0581669,2
0.138546,0.123302,0.090065,2
0.198243,0.116835,0.0703302,2
0.126794,0.155642,0.0888784,2
0.202986,0.145345,0.111704,2
0.0992113,0.135697,0.0973439,2
0.213376,0.139569,0.0854148,2
0.155916,0.169955,0.0969299,2
0.137199,0.150108,0.0611641,2
0.185664,0.136656,0.0961095,2
0.104481,0.145092,0.106141,2
0.206523,0.175557,0.0901497,2
0.107035,0.122343,0.0742879,2
0.174516,0.18415,0.0961404,2
0.17899,0.13842,0.0721167,2
0.144512,0.151493,0.0808935,2
0.126241,0.124438,0.0530331,2
0.112052,0.149259,0.0709351,2
0.112005,0.14395,0.0798297,2
0.116417,0.173483,0.0851788,2
0.220895,0.1481,0.0813189,2
0.192527,0.152981,0.0967832,2
0.188117,0.131645,0.113466,2
0.095453,0.122301,0.0907325,2
0.175843,0.167041,0.113953,2
0.107801,0.135593,0.130556,3
0.203318,0.126873,0.158964,3
0.222506,0.154327,0.12293,3
0.127359,0.146872,0.153491,3
0.121856,0.121235,0.179232,3
0.129986,0.114701,0.154953,3
0.0954013,0.12303,0.118788,3
0.172331,0.146894,0.165983,3
0.216364,0.156133,0.125879,3
0.138648,0.1173,0.118038,3
0.167339,0.177496,0.143735,3
0.207277,0.166076,0.157585,3
0.198168,0.116166,0.124579,3
0.185244,0.144094,0.130922,3
0.193486,0.134393,0.167597,3
0.121052,0.136914,0.117846,3
0.208058,0.134466,0.170293,3
0.125026,0.133486,0.175058,3
0.132813,0.113959,0.135061,3
0.218589,0.134087,0.126199,3
0.195269,0.178703,0.13659,3
0.224411,0.136814,0.162404,3
0.164219,0.124173,0.13659,3
0.218746,0.181382,0.119347,3
0.129987,0.134493,0.144534,3
0.0999267,0.117065,0.151878,3
0.131978,0.165853,0.125163,3
0.172215,0.133484,0.162054,3
0.136192,0.179922,0.13861,3
0.0989271,0.125648,0.146435,3
0.19737,0.152092,0.124826,3
0.137511,0.132888,0.136537,3
0.197688,0.127229,0.16711,3
0.22048,0.139428,0.11565,3
0.16466,0.125313,0.153788,3
0.135383,0.134694,0.118627,3
0.100142,0.138848,0.116365,3
0.154757,0.117622,0.160681,3
0.173854,0.148561,0.148815,3
0.161756,0.145662,0.132645,3
0.203189,0.162113,0.129343,3
0.110315,0.125305,0.167953,3
0.121078,0.137122,0.164055,3
0.161534,0.142768,0.15626,3
0.110529,0.156614,0.127658,3
0.132634,0.182726,0.122473,3
0.197372,0.141209,0.13406,3
0.205192,0.129728,0.145028,3
0.162884,0.130224,0.125834,3
0.0974358,0.137879,0.138614,3
0.147156,0.168563,0.156788,3
0.181574,0.155583,0.142595,3
0.190959,0.116122,0.131218,3
0.102795,0.159366,0.131048,3
0.197211,0.115662,0.148748,3
0.104397,0.144852,0.128466,3
0.169903,0.126447,0.179582,3
0.203926,0.158318,0.147698,3
0.135835,0.128806,0.177066,3
0.156359,0.139959,0.122558,3
0.169997,0.173958,0.127936,3
0.138249,0.115598,0.17622,3
0.141763,0.150718,0.12498,3
0.17771,0.162633,0.153375,3
0.144501,0.156116,0.155817,3
0.161572,0.138972,0.17975,3
0.152547,0.134343,0.140605,3
0.223565,0.151802,0.161229,3
0.113307,0.115836,0.156259,3
0.197367,0.124141,0.137384,3
0.120965,0.17781,0.130552,3
0.205876,0.145843,0.131783,3
0.142921,0.162469,0.120501,3
0.212481,0.129627,0.118284,3
0.110226,0.137134,0.119134,3
0.201704,0.123645,0.146042,3
0.17385,0.114561,0.180146,3
0.109785,0.114462,0.122089,3
0.199961,0.150462,0.152647,3
0.142406,0.160666,0.140787,3
0.101254,0.114704,0.163204,3
0.213064,0.138745,0.151478,3
0.153539,0.1536,0.175059,3
0.107668,0.164707,0.121463,3
0.148454,0.129615,0.120436,3
0.12168,0.164411,0.12001,3
0.218302,0.122972,0.147491,3
0.123458,0.164065,0.157479,3
0.173346,0.183559,0.132241,3
0.120582,0.164881,0.138169,3
0.222138,0.145348,0.138573,3
0.215394,0.119384,0.173895,3
0.114664,0.149022,0.159572,3
0.214161,0.171538,0.136618,3
0.18283,0.123084,0.164808,3
0.123106,0.122437,0.141983,3
0.208118,0.134283,0.13823,3
0.217916,0.125755,0.133937,3
0.172614,0.159763,0.128975,3
0.142793,0.132317,0.162766,3
0.202016,0.116815,0.163285,3
0.204135,0.135064,0.134088,3
0.197919,0.161519,0.11584,3
0.220607,0.164549,0.148316,3
0.140987,0.170322,0.143215,3
0.109269,0.150283,0.136106,3
0.108601,0.122545,0.132223,3
0.118595,0.173753,0.118215,3
0.201058,0.168844,0.119604,3
0.198072,0.171876,0.147184,3
0.102699,0.128295,0.137435,3
0.0962507,0.133215,0.120737,3
0.175129,0.137008,0.150807,3
0.100105,0.137463,0.150522,3
0.202271,0.122193,0.174211,3
0.119082,0.145104,0.126241,3
0.13989,0.161289,0.165107,3
0.104117,0.114871,0.137299,3
0.201956,0.11379,0.141567,3
0.1099,0.141325,0.155497,3
0.111652,0.128064,0.147852,3
0.149907,0.1252,0.171975,3
0.197378,0.168763,0.122976,3
0.10201,0.160494,0.117132,3
