x coord,y coord,z coord,rank
0.135292,0.111644,0.0263305,0
0.129426,0.0281217,0.0986324,0
0.138988,0.222013,0.0955869,0
0.206429,0.0842711,0.0711471,0
0.129452,0.0294924,0.103476,0
0.144298,0.0050317,0.0845683,0
0.199521,0.00778342,0.00106258,0
0.147833,0.202774,0.0430241,0
0.21673,0.0229197,0.00339987,0
0.138725,0.161201,0.0281355,0
0.223634,0.0906768,0.0328508,0
0.146939,0.13013,0.0525206,0
0.13319,0.163712,0.011606,0
0.181566,0.101106,0.0457208,0
0.144148,0.0515981,0.0763064,0
0.133171,0.0256545,0.10419,0
0.127194,0.0633731,0.0193487,0
0.195644,0.0782736,0.0826789,0
0.126658,0.0615721,0.017323,0
0.130699,0.0286402,0.104172,0
0.159088,0.0426524,0.0780082,0
0.17753,0.0510897,0.0878481,0
0.131818,0.0977367,0.0092569,0
0.18524,0.159324,0.018988,0
0.176468,0.049505,0.0883406,0
0.139546,0.0738262,0.042777,0
0.188573,0.178483,0.00293137,0
0.198217,0.0642907,0.0856384,0
0.133708,0.0298554,0.101433,0
0.169539,0.0901627,0.0890467,0
0.187249,0.0366485,0.0810881,0
0.136085,0.0848794,0.00732175,0
0.192653,0.110124,0.0336511,0
0.129575,0.0248051,0.0977952,0
0.180815,0.141264,0.0493683,0
0.139064,0.128958,0.0187084,0
0.13862,0.138669,0.0739914,0
0.179857,0.208709,0.0306336,0
0.222516,0.120743,0.0625367,0
0.128528,0.0370639,0.104193,0
0.151902,0.0870051,0.0915612,0
0.170125,0.200195,0.09121,0
0.140425,0.151068,0.0916322,0
0.169843,0.086429,0.0169897,0
0.212657,0.0189933,0.0830269,0
0.188848,0.0509601,0.0788647,0
0.143776,0.124296,0.0562193,0
0.185029,0.00343199,0.0119183,0
0.143572,0.0754514,0.00147135,0
0.213206,0.0430998,0.00331739,0
0.162567,0.0546394,0.0214613,0
0.185241,0.156022,0.0942861,0
0.129237,0.0325409,0.101963,0
0.139979,0.219859,0.0200907,0
0.216419,0.129213,0.0748703,0
0.166183,0.038726,0.0660177,0
0.153479,0.148927,0.0405734,0
0.163961,0.0563714,0.00954946,0
0.149646,0.0162675,0.0571391,0
0.20419,0.213969,0.100345,0
0.178884,0.150046,0.104037,0
0.135015,0.0270194,0.0282094,0
0.183534,0.163973,0.00759085,0
0.207892,0.143964,0.0377751,0
0.159289,0.00830411,0.10369,0
0.150481,0.200012,0.0600708,0
0.215241,0.145284,0.102605,0
0.181012,0.0800689,0.0359753,0
0.131439,0.209272,0.00361361,0
0.194967,0.220128,0.0263547,0
0.195916,0.0738573,0.094086,0
0.15057,0.0588156,0.0825747,0
0.130362,0.134302,0.0440443,0
0.126991,0.0314999,0.102019,0
0.135844,0.153316,0.0809933,0
0.203894,0.0304813,0.0450685,0
0.192232,0.121482,0.0971062,0
0.158354,0.0263116,0.0751695,0
0.145828,0.152274,0.0888577,0
0.142028,0.11021,0.0636492,0
0.216187,0.0940977,0.0492443,0
0.141656,0.20504,0.0725195,0
0.147509,0.00814273,0.0957986,0
0.129978,0.0336396,0.103962,0
0.140072,0.16433,0.045943,0
0.188094,0.0515781,0.0519448,0
0.213313,0.152726,0.00939157,0
0.184013,0.128664,0.0419808,0
0.152039,0.0449034,0.0666282,0
0.157526,0.0685022,0.0144493,0
0.130126,0.104242,0.0497949,0
0.140186,0.0357339,0.0952545,0
0.195073,0.146618,0.0264508,0
0.140883,0.0372307,0.0735551,0
0.211074,0.175103,0.0231025,0
0.198842,0.168771,0.0832768,0
0.164307,0.0848462,0.0703924,0
0.21657,0.171323,0.0279218,0
0.14036,0.134237,0.013785,0
0.127944,0.086692,0.0109474,0
0.165731,0.0152171,0.000996984,0
0.145717,0.164039,0.0687263,0
0.16551,0.158857,0.0646018,0
0.172393,0.0517936,0.00772383,0
0.145634,0.0725959,0.0164905,0
0.190249,0.0414475,0.101005,0
0.208304,0.156198,0.0150758,0
0.128285,0.0239944,0.0995341,0
0.216317,0.220802,0.077061,0
0.209585,0.163981,0.0374423,0
0.151089,0.0715093,0.072547,0
0.145117,0.117404,0.000954137,0
0.153319,0.13269,0.0711813,0
0.14123,0.112664,0.00899869,0
0.131331,0.0261057,0.102091,0
0.183194,0.0819803,0.00385686,0
0.157275,0.0185714,0.021471,0
0.217113,0.126302,0.10275,0
0.18685,0.0781184,0.089331,0
0.127287,0.0297061,0.102413,0
0.129395,0.0289351,0.102103,0
0.157905,0.174138,0.0970924,0
0.127426,0.0292687,0.101345,0
0.131898,0.0291796,0.0968898,0
0.130804,0.0259232,0.100446,0
0.0184742,0.156796,0.20026,1
0.0944483,0.0432588,0.114107,1
0.102423,0.159371,0.172202,1
0.0546431,0.00961582,0.209618,1
0.0954517,0.0983081,0.220929,1
0.12137,0.173084,0.146456,1
0.0205238,0.0252487,0.189466,1
0.0957879,0.105089,0.207951,1
0.124966,0.137176,0.149481,1
0.099788,0.20018,0.135144,1
0.0277629,0.0486234,0.143415,1
0.0742118,0.0514837,0.152858,1
0.116883,0.184926,0.163068,1
0.0930964,0.182743,0.205182,1
0.105733,0.0626824,0.142784,1
0.056543,0.032028,0.174568,1
0.0835507,0.173318,0.224726,1
0.0542056,0.198948,0.126643,1
0.0435119,0.141432,0.163127,1
0.110984,0.149938,0.195767,1
0.108336,0.141909,0.141228,1
0.125011,0.0262221,0.107968,1
0.0590806,0.20125,0.125601,1
0.101003,0.0286348,0.206203,1
0.0110104,0.169546,0.142539,1
0.0151279,0.177308,0.206317,1
0.107291,0.192128,0.17306,1
0.0762788,0.0422969,0.160241,1
0.111922,0.0777731,0.111641,1
0.116453,0.120665,0.153852,1
0.0556587,0.0492796,0.198254,1
0.0791032,0.167645,0.175835,1
0.11547,0.185325,0.141784,1
0.11325,0.0869864,0.182475,1
0.0199505,0.161467,0.129916,1
0.0679731,0.0074933,0.216981,1
0.0156928,0.0236179,0.139323,1
0.0621902,0.13272,0.181411,1
0.0575366,0.0425072,0.202986,1
0.108415,0.0792248,0.18555,1
0.10733,0.0793164,0.172852,1
0.00128775,0.0436971,0.131523,1
0.0559308,0.193434,0.135747,1
0.0836705,0.212278,0.192817,1
0.115666,0.0269803,0.127492,1
0.0303988,0.00964211,0.172151,1
0.0544971,0.0737606,0.189386,1
0.0321114,0.108972,0.152365,1
0.109267,0.0694535,0.176638,1
0.0579175,0.169517,0.152501,1
0.0583326,0.0114632,0.136626,1
0.0756646,0.211871,0.154554,1
0.0167007,0.116162,0.152553,1
0.0569864,0.200222,0.14539,1
0.0486539,0.180303,0.180546,1
0.0019666,0.143356,0.214671,1
0.0637942,0.176601,0.131869,1
0.052284,0.168746,0.187551,1
0.0440456,0.212898,0.128005,1
0.0416056,0.194687,0.130809,1
0.0977278,0.171964,0.166055,1
0.00678837,0.0671733,0.177705,1
0.00321394,0.160318,0.126445,1
0.0334677,0.0804676,0.209533,1
0.0540189,0.0125508,0.140658,1
0.123789,0.149187,0.121288,1
0.0319001,0.0505805,0.145683,1
0.094481,0.0562011,0.163954,1
0.0213249,0.14662,0.165956,1
0.0573749,0.00495025,0.171763,1
0.0188454,0.224478,0.122302,1
0.0144555,0.191172,0.216889,1
0.10472,0.0502686,0.145376,1
0.108003,0.0465027,0.144529,1
0.00211756,0.16375,0.219754,1
0.0351801,0.0181668,0.175571,1
0.0429261,0.0197949,0.191901,1
0.000105472,0.0886477,0.179159,1
0.108254,0.159776,0.208121,1
0.112887,0.020832,0.145402,1
0.0498415,0.0426462,0.123205,1
0.0990254,0.164511,0.130753,1
0.0406954,0.0962864,0.206427,1
0.0641405,0.0547803,0.151473,1
0.105673,0.00129244,0.157112,1
0.0605933,0.151565,0.150636,1
0.0259025,0.220716,0.168534,1
0.0863958,0.0642784,0.201123,1
0.0884214,0.0291055,0.19666,1
0.050281,0.188482,0.115094,1
0.048366,0.214325,0.221081,1
0.0097735,0.154881,0.162707,1
0.0903814,0.103332,0.152392,1
0.111386,0.152753,0.115751,1
0.119937,0.0747453,0.216731,1
0.000665101,0.0648779,0.152278,1
0.0306179,0.123087,0.177647,1
0.0775991,0.0675033,0.150388,1
0.109851,0.211293,0.1696,1
0.00701476,0.0199072,0.181974,1
0.0289715,0.0146471,0.169205,1
0.104351,0.00273001,0.155248,1
0.11032,0.0288721,0.116777,1
0.0524202,0.186466,0.137783,1
0.0891762,0.0538389,0.206559,1
0.0197578,0.149458,0.199808,1
0.0439746,0.0962838,0.133734,1
0.0161731,0.218614,0.115261,1
0.0492726,0.0224529,0.117259,1
0.00676666,0.13323,0.199921,1
0.0455104,0.220084,0.219623,1
0.0823066,0.162865,0.213782,1
0.0708334,0.192365,0.164418,1
0.100138,0.121254,0.167876,1
0.061097,0.119569,0.201284,1
0.089775,0.0954718,0.109773,1
0.121229,0.199206,0.168006,1
0.12446,0.0329903,0.109974,1
0.0291897,0.186839,0.112,1
0.0611155,0.0375336,0.106746,1
0.124816,0.0249768,0.107805,1
0.0186532,0.0356225,0.108958,1
0.125718,0.177128,0.132229,1
0.125513,0.0287814,0.110311,1
0.125343,0.0454512,0.219964,1
0.125941,0.0317155,0.102243,2
0.0234508,0.210449,0.0595807,2
0.122332,0.00445813,0.0528315,2
0.0411487,0.120367,0.0222696,2
0.11975,0.220172,0.000406325,2
0.0286059,0.118596,0.0538009,2
0.0636057,0.166471,0.0531819,2
0.126255,0.0239352,0.0991933,2
0.123326,0.174674,0.068987,2
0.0423432,0.0950085,0.050361,2
0.0154251,0.209294,0.081742,2
0.0270384,0.164221,0.006184,2
0.0743704,0.205523,0.00975045,2
0.0446113,0.11295,0.0392641,2
0.105417,0.100781,0.102118,2
0.0903551,0.177497,0.0649191,2
0.0188611,0.150396,0.0419529,2
0.0625228,0.210459,0.0737453,2
0.0249833,0.211856,0.059906,2
0.122482,0.0303767,0.102894,2
0.0998013,0.112521,0.0185615,2
0.0839344,0.143722,0.0284854,2
0.0894875,0.172843,0.0538959,2
0.0420065,0.161346,0.0956753,2
0.0937561,0.175305,0.0568898,2
0.040555,0.172698,0.0416028,2
0.114165,0.115661,0.0863234,2
0.0131707,0.204569,0.0971869,2
0.11799,0.0264275,0.101914,2
0.106396,0.137381,0.0907272,2
0.00243372,0.140352,0.0929045,2
0.0794566,0.186833,0.0396867,2
0.0934246,0.214649,0.0593636,2
0.123144,0.0277045,0.103382,2
0.123663,0.0278045,0.102526,2
0.0433279,0.146209,0.0959162,2
0.108488,0.136818,0.0441628,2
0.0607553,0.145645,0.0925445,2
0.00412376,0.166081,0.0980603,2
0.08678,0.0948101,0.0208569,2
0.0353798,0.103167,0.0635531,2
0.0902316,0.0987294,0.0513646,2
0.100113,0.050046,0.0132059,2
0.110102,0.196035,0.0353806,2
0.0871107,0.181765,0.102439,2
0.0311622,0.00343463,0.0768285,2
0.0926795,0.195794,0.0854426,2
0.00326551,0.130033,0.0666307,2
0.0631277,0.0342193,0.0939831,2
0.0642671,0.155855,0.0469012,2
0.014242,0.0597155,0.0580929,2
0.0199609,0.0962744,0.0974322,2
0.00606416,0.0828543,0.0726284,2
0.0509469,0.0231761,0.0800546,2
0.0672209,0.150412,0.0858271,2
0.00604052,0.141695,0.103574,2
0.00607118,0.201447,0.0555321,2
0.00659412,0.195121,0.0736153,2
0.0142778,0.140215,0.0559082,2
0.04088,0.144479,0.0683067,2
0.119254,0.105759,0.0070198,2
0.118288,0.0183164,0.0152995,2
0.0961833,0.188505,0.0577063,2
0.122945,0.0850698,0.0989587,2
0.0585286,0.142915,0.0121865,2
0.117325,0.0151271,0.00538268,2
0.0694664,0.0863889,0.0164907,2
0.072074,0.0267401,0.0717257,2
0.0171807,0.157534,0.0659637,2
0.0810835,0.00218895,0.0411408,2
0.0497908,0.0433236,0.0401146,2
0.0183045,0.20619,0.0359265,2
0.101605,0.0682089,0.0315464,2
0.0683951,0.193836,0.0591229,2
0.107716,0.217828,0.0434966,2
0.0258381,0.0250902,0.0838042,2
0.0339225,0.221881,0.0842922,2
0.0298645,0.0333951,0.0877742,2
0.125576,0.0282509,0.103122,2
0.0771628,0.0790153,0.0346185,2
0.00336483,0.103295,0.00897075,2
0.117518,0.205055,0.0571095,2
0.124504,0.025483,0.104632,2
0.0386396,0.00395407,0.0441867,2
0.0744117,0.0257146,0.0786509,2
0.0580549,0.0531831,0.022508,2
0.040365,0.153557,0.0782193,2
0.0445293,0.0262523,0.0560658,2
0.0259401,0.190877,0.0560737,2
0.120723,0.0888723,0.0123226,2
0.0329223,0.10077,0.0339259,2
0.0690141,0.0575698,0.02602,2
0.0171962,0.0824308,0.0879278,2
0.120395,0.108695,0.0131236,2
0.0855104,0.0968015,0.02639,2
0.117446,0.0497975,0.0143212,2
0.0502042,0.0308808,0.0545087,2
0.00236544,0.0214093,0.042448,2
0.0314261,0.195098,0.0213813,2
0.11127,0.0147885,0.0832849,2
0.00825898,0.0030046,0.0494459,2
0.113599,0.0536515,0.0574899,2
0.108079,0.177198,0.0145151,2
0.0275373,0.0900088,0.0741861,2
0.120244,0.0992821,0.0454818,2
0.0839289,0.0257156,0.0652914,2
0.0180247,0.0642513,0.0168794,2
0.0175792,0.18038,0.0767744,2
0.0356731,0.036779,0.054791,2
0.0557953,0.201377,0.103571,2
0.087395,0.22397,0.0713415,2
0.0463795,0.0133631,0.0428146,2
0.0738765,0.0883143,0.0420434,2
0.0574308,0.109058,0.0667671,2
0.0720225,0.0527266,0.011092,2
0.125083,0.0257674,0.104687,2
0.0379131,0.192641,0.0234772,2
0.0152394,0.0598539,0.102896,2
0.0240404,0.0273301,0.0555871,2
0.0595251,0.0506024,0.0102592,2
0.010623,0.199315,0.103478,2
0.0822043,0.0713251,0.036874,2
0.123943,0.0250864,0.104306,2
0.12644,0.026654,0.105665,2
0.126189,0.029256,0.0990372,2
0.126315,0.0265225,0.103302,2
0.191756,0.22106,0.110077,3
0.137258,0.0725334,0.190266,3
0.206677,0.0520662,0.215121,3
0.136602,0.131826,0.164419,3
0.128068,0.0277548,0.106497,3
0.13178,0.0237689,0.107642,3
0.133363,0.0275353,0.108422,3
0.133294,0.169847,0.175088,3
0.209735,0.211463,0.107343,3
0.128552,0.031137,0.106449,3
0.173085,0.0269329,0.199909,3
0.17385,0.0899895,0.108714,3
0.133224,0.14651,0.208612,3
0.206334,0.108424,0.178281,3
0.155121,0.211531,0.153962,3
0.187946,0.037351,0.204128,3
0.168763,0.166485,0.118914,3
0.170355,0.119784,0.155807,3
0.219413,0.211781,0.161101,3
0.21621,0.106114,0.218836,3
0.162033,0.0664083,0.130297,3
0.184161,0.202606,0.159394,3
0.146404,0.199239,0.19546,3
0.221393,0.203624,0.192825,3
0.216749,0.131266,0.119171,3
0.168258,0.12992,0.161172,3
0.140218,0.177524,0.178422,3
0.203148,0.189768,0.128722,3
0.211193,0.17715,0.169487,3
0.212372,0.198045,0.127991,3
0.222337,0.191966,0.184403,3
0.166506,0.133763,0.128056,3
0.154958,0.0379308,0.116649,3
0.165755,0.11665,0.150593,3
0.171987,0.0881666,0.126553,3
0.222283,0.00395271,0.160758,3
0.221791,0.219035,0.191097,3
0.206729,0.186843,0.213414,3
0.129727,0.174782,0.216574,3
0.168338,0.157819,0.197145,3
0.196911,0.0733317,0.106971,3
0.127874,0.170295,0.172488,3
0.186428,0.054368,0.175333,3
0.190909,0.063906,0.19456,3
0.224101,0.172379,0.19948,3
0.172238,0.0895689,0.184698,3
0.13481,0.0832853,0.138399,3
0.172242,0.219312,0.111633,3
0.221749,0.00769469,0.132523,3
0.164453,0.1204,0.146754,3
0.187517,0.0140861,0.173154,3
0.1642,0.0297848,0.140937,3
0.156536,0.0112813,0.224988,3
0.224065,0.0473322,0.223111,3
0.156417,0.200665,0.141423,3
0.218693,0.00814686,0.150144,3
0.193984,0.109149,0.125608,3
0.166337,0.116905,0.147124,3
0.205152,0.209817,0.144526,3
0.208442,0.182654,0.158774,3
0.175017,0.0867335,0.147744,3
0.192193,0.14114,0.205086,3
0.166284,0.15586,0.195577,3
0.153183,0.133174,0.126621,3
0.172907,0.19128,0.156853,3
0.152824,0.0114217,0.169017,3
0.126928,0.082881,0.19897,3
0.127828,0.128288,0.165333,3
0.132859,0.1523,0.164272,3
0.15243,0.120185,0.199822,3
0.177537,0.139352,0.214889,3
0.133187,0.0229299,0.105389,3
0.160681,0.113515,0.150883,3
0.197129,0.0130675,0.119198,3
0.129433,0.146929,0.220652,3
0.150488,0.0257887,0.127123,3
0.174939,0.199423,0.107539,3
0.179468,0.07607,0.109328,3
0.135042,0.0488538,0.193381,3
0.157854,0.159949,0.211289,3
0.220333,0.0150852,0.169972,3
0.178511,0.16537,0.15361,3
0.129166,0.125219,0.140212,3
0.194476,0.155441,0.154677,3
0.154274,0.102421,0.138173,3
0.169314,0.0349011,0.214611,3
0.161082,0.126621,0.188489,3
0.168815,0.143664,0.141543,3
0.175571,0.195901,0.115552,3
0.129951,0.0287005,0.108548,3
0.160744,0.157072,0.140462,3
0.133249,0.0283165,0.104539,3
0.202591,0.206533,0.127721,3
0.14017,0.102299,0.131904,3
0.156039,0.134688,0.179676,3
0.216728,0.183546,0.14637,3
0.173692,0.0941998,0.158358,3
0.205046,0.14897,0.185253,3
0.166825,0.0349954,0.182133,3
0.126843,0.030146,0.105626,3
0.205972,0.0277433,0.168681,3
0.12764,0.0544672,0.199433,3
0.191168,0.177146,0.137319,3
0.140132,0.0621802,0.221339,3
0.135372,0.0253674,0.104951,3
0.158668,0.0688959,0.152573,3
0.197024,0.195358,0.140218,3
0.178809,0.0538253,0.125311,3
0.195136,0.000236649,0.154447,3
0.127605,0.20981,0.136362,3
0.192475,0.0936515,0.212679,3
0.127337,0.0261616,0.106105,3
0.127295,0.212981,0.107613,3
0.129319,0.0296806,0.108763,3
0.152234,0.159962,0.106261,3
0.127836,0.0264949,0.10577,3
0.22361,0.103731,0.129126,3
0.142804,0.00399117,0.115131,3
0.193897,0.107455,0.110896,3
0.128661,0.192326,0.223558,3
0.127211,0.031166,0.106732,3
0.128109,0.138363,0.104787,3
0.127116,0.0274905,0.104632,3
0.128472,0.0277459,0.104694,3
