x coord,y coord,z coord,rank
0.19952,0.0570456,0.0835378,0
0.222084,0.0975964,0.0441424,0
0.178986,0.0771945,0.0507914,0
0.178003,0.0989327,0.0787399,0
0.117819,0.0672781,0.0971008,0
0.166244,0.102862,0.0609785,0
0.145849,0.0709433,0.0645399,0
0.188762,0.0695868,0.0521619,0
0.200963,0.0598185,0.0651349,0
0.128144,0.0813924,0.070976,0
0.178784,0.0783345,0.0946652,0
0.141173,0.0704841,0.0857516,0
0.184438,0.0399853,0.110903,0
0.178483,0.0900075,0.0497191,0
0.186122,0.0773592,0.0763264,0
0.185698,0.0914011,0.0841748,0
0.193153,0.0634422,0.0745371,0
0.191629,0.104264,0.100466,0
0.120425,0.0698765,0.0841515,0
0.179654,0.0848027,0.0676774,0
0.209539,0.0718146,0.0974108,0
0.162427,0.0821136,0.0637689,0
0.178871,0.0999327,0.0573102,0
0.188414,0.0948682,0.0449879,0
0.184975,0.0640499,0.0880925,0
0.218179,0.0936514,0.11012,0
0.19264,0.0889922,0.103645,0
0.184987,0.098312,0.0684889,0
0.121501,0.11094,0.105139,0
0.0916868,0.0834511,0.0993907,0
0.20743,0.0862866,0.110978,0
0.179591,0.071782,0.0963312,0
0.116092,0.108406,0.0872431,0
0.142722,0.0971173,0.0712027,0
0.206396,0.109792,0.10549,0
0.195,0.0518516,0.111305,0
0.181786,0.0725286,0.0810572,0
0.13726,0.0860949,0.0971171,0
0.219626,0.0984416,0.0960118,0
0.220059,0.0798431,0.0705213,0
0.177765,0.0512506,0.084584,0
0.178531,0.0497672,0.110918,0
0.14386,0.110974,0.110796,0
0.223081,0.087035,0.111334,0
0.13937,0.0546071,0.106093,0
0.188899,0.0880915,0.0727497,0
0.204761,0.101265,0.071729,0
0.196473,0.108286,0.110237,0
0.174937,0.0540327,0.0969876,0
0.1273,0.106594,0.0950916,0
0.205316,0.0808228,0.10201,0
0.184488,0.100161,0.0558471,0
0.200026,0.0445005,0.0949357,0
0.116665,0.0830601,0.109366,0
0.217893,0.0677102,0.105706,0
0.173704,0.0658493,0.102404,0
0.186476,0.0666046,0.110926,0
0.0949479,0.0979159,0.104362,0
0.20543,0.0990394,0.109764,0
0.209843,0.0652351,0.0767886,0
0.162348,0.0933969,0.0492184,0
0.189874,0.0671919,0.0710166,0
0.10405,0.0971792,0.073613,0
0.188177,0.0846855,0.0574017,0
0.204719,0.093968,0.0496137,0
0.178188,0.0535736,0.0965836,0
0.224011,0.0433317,0.09215,0
0.223924,0.0549958,0.0886521,0
0.224598,0.0784809,0.0519482,0
0.206229,0.103021,0.081387,0
0.181055,0.0860675,0.105032,0
0.206297,0.0594631,0.110175,0
0.188847,0.0877992,0.0823223,0
0.182493,0.0860434,0.0828827,0
0.190575,0.0750885,0.0929288,0
0.21959,0.0943784,0.101521,0
0.205983,0.102309,0.0737456,0
0.174568,0.101214,0.103675,0
0.133439,0.112171,0.0774924,0
0.220768,0.0685034,0.0802761,0
0.201678,0.084622,0.109983,0
0.189785,0.110862,0.0563994,0
0.222034,0.06155,0.0871997,0
0.195027,0.088669,0.0422502,0
0.180389,0.0825043,0.0491206,0
0.191866,0.109284,0.0878943,0
0.206618,0.0757142,0.0956384,0
0.215562,0.084411,0.0938446,0
0.220238,0.0942698,0.0952712,0
0.150821,0.0890702,0.077391,0
0.205479,0.105428,0.0578624,0
0.223907,0.101224,0.108232,0
0.178298,0.112678,0.0512076,0
0.22151,0.105886,0.111722,0
0.224328,0.10411,0.101432,0
0.219021,0.0401939,0.10794,0
0.211509,0.103098,0.0532226,0
0.184765,0.0788194,0.0688454,0
0.212564,0.0812281,0.0857209,0
0.182983,0.0943737,0.09742,0
0.142574,0.0588924,0.0814153,0
0.194267,0.088195,0.0941323,0
0.20814,0.102304,0.0815766,0
0.13839,0.103477,0.0830637,0
0.168768,0.062687,0.0693798,0
0.182768,0.0576783,0.105389,0
0.177763,0.0671648,0.0645773,0
0.215508,0.0640898,0.0611182,0
0.19183,0.111322,0.0499718,0
0.114347,0.0912822,0.0893005,0
0.178642,0.0602654,0.080526,0
0.164873,0.0832733,0.0986419,0
0.178103,0.092815,0.0905649,0
0.184404,0.105741,0.0721803,0
0.195086,0.044484,0.103441,0
0.183879,0.0637163,0.0817984,0
0.22476,0.0913529,0.0810349,0
0.215435,0.101344,0.086255,0
0.215676,0.08974,0.0611664,0
0.0999198,0.109345,0.0968483,0
0.187204,0.0738413,0.105494,0
0.166325,0.0785788,0.0875302,0
0.19693,0.0894305,0.0576163,0
0.134087,0.0937165,0.0838684,0
0.123603,0.108281,0.0611428,0
0.223443,0.081018,0.112044,0
0.188216,0.0972845,0.127656,1
0.14177,0.0826907,0.14725,1
0.187704,0.0738299,0.138466,1
0.165367,0.0489823,0.121171,1
0.219501,0.0672079,0.130131,1
0.11759,0.0955436,0.135059,1
0.20975,0.103947,0.121118,1
0.178933,0.100402,0.15773,1
0.185548,0.0613426,0.130635,1
0.179698,0.0682116,0.154986,1
0.145887,0.0905597,0.120537,1
0.178488,0.104493,0.140794,1
0.103006,0.087571,0.146486,1
0.218962,0.102545,0.164629,1
0.126724,0.0597458,0.115201,1
0.184774,0.0934345,0.167251,1
0.185026,0.0996057,0.142981,1
0.217398,0.0791127,0.174034,1
0.211514,0.0777865,0.121908,1
0.179413,0.0968612,0.165435,1
0.192817,0.0740674,0.113374,1
0.181577,0.0722855,0.137929,1
0.21683,0.097006,0.175583,1
0.1934,0.0761305,0.119293,1
0.143992,0.0791682,0.113079,1
0.1935,0.109964,0.116434,1
0.190354,0.0968518,0.159577,1
0.213752,0.063378,0.162575,1
0.10702,0.108422,0.142812,1
0.216014,0.0423555,0.120454,1
0.213904,0.0550748,0.140329,1
0.129799,0.0804947,0.132129,1
0.218689,0.0637075,0.129646,1
0.190955,0.0803303,0.147912,1
0.2118,0.0856772,0.168616,1
0.215504,0.0860196,0.138825,1
0.172278,0.0612338,0.134808,1
0.192866,0.0562298,0.11473,1
0.152901,0.0923051,0.164817,1
0.142706,0.0774465,0.165904,1
0.220295,0.0700009,0.114955,1
0.201355,0.0954832,0.116532,1
0.206066,0.0759691,0.132634,1
0.106205,0.0771436,0.117203,1
0.159797,0.0926556,0.13551,1
0.16236,0.0707535,0.126663,1
0.206638,0.105751,0.132747,1
0.217074,0.0814279,0.122504,1
0.187671,0.0861275,0.124975,1
0.175906,0.0734208,0.152678,1
0.178461,0.103488,0.16831,1
0.189543,0.0689672,0.154783,1
0.182218,0.0763567,0.161049,1
0.188326,0.0980599,0.136092,1
0.162015,0.103661,0.14548,1
0.210874,0.104406,0.142874,1
0.220115,0.0815259,0.141346,1
0.184674,0.103857,0.115571,1
0.210552,0.108067,0.185778,1
0.14931,0.108698,0.164015,1
0.195845,0.0542293,0.123852,1
0.183079,0.0882554,0.170333,1
0.202809,0.0939221,0.149594,1
0.217019,0.0988841,0.128079,1
0.201886,0.108341,0.155345,1
0.147069,0.0665686,0.134934,1
0.212172,0.076412,0.158394,1
0.193252,0.0858774,0.139723,1
0.21613,0.0852981,0.130338,1
0.185994,0.0879854,0.155739,1
0.178529,0.0713152,0.112785,1
0.18118,0.106853,0.162945,1
0.191216,0.0909572,0.153246,1
0.179143,0.0568509,0.117873,1
0.214862,0.0982217,0.15372,1
0.145895,0.0887489,0.15524,1
0.117517,0.093772,0.120257,1
0.170451,0.0645425,0.1573,1
0.223139,0.0709234,0.144637,1
0.202807,0.102073,0.126189,1
0.0988512,0.0989102,0.119757,1
0.104856,0.0771225,0.142546,1
0.177803,0.0775052,0.149584,1
0.195087,0.0805157,0.165647,1
0.178461,0.105548,0.125435,1
0.111814,0.107804,0.119496,1
0.220338,0.093946,0.124747,1
0.0910159,0.109147,0.137635,1
0.223768,0.0915029,0.154226,1
0.197162,0.056833,0.154887,1
0.179119,0.0879601,0.146071,1
0.167178,0.0480332,0.138681,1
0.197905,0.0820755,0.120267,1
0.0984512,0.0965461,0.12997,1
0.212109,0.0542955,0.152946,1
0.194731,0.108658,0.133552,1
0.185204,0.0650098,0.129587,1
0.222284,0.107711,0.134861,1
0.126241,0.108764,0.144297,1
0.217641,0.0636357,0.149464,1
0.219808,0.0941265,0.145971,1
0.19533,0.0983625,0.116569,1
0.18964,0.0593483,0.14522,1
0.181509,0.103986,0.174721,1
0.126544,0.0867729,0.140676,1
0.17464,0.0574776,0.112567,1
0.185303,0.051625,0.146519,1
0.213026,0.0736708,0.14822,1
0.182681,0.0608165,0.141351,1
0.194927,0.0390588,0.11938,1
0.179064,0.0651562,0.150327,1
0.166869,0.0696405,0.113184,1
0.191665,0.0968678,0.174943,1
0.204584,0.0596173,0.14085,1
0.177763,0.109171,0.179669,1
0.117713,0.0798644,0.154873,1
0.13943,0.0995633,0.155064,1
0.151942,0.0807972,0.135703,1
0.129859,0.069582,0.139541,1
0.185761,0.0865894,0.138586,1
0.0849107,0.0916279,0.119065,1
0.209416,0.112978,0.149798,1
0.15411,0.110852,0.134657,1
0.0954748,0.110973,0.126535,1
0.183691,0.164586,0.0794362,2
0.207704,0.115156,0.0814502,2
0.182386,0.123892,0.0973505,2
0.223019,0.153705,0.0710305,2
0.172801,0.124264,0.0721232,2
0.204917,0.163221,0.107171,2
0.204908,0.145951,0.107213,2
0.22258,0.116602,0.0567053,2
0.17866,0.129074,0.0937382,2
0.14159,0.128305,0.0859063,2
0.206511,0.146997,0.108084,2
0.153257,0.168135,0.100091,2
0.167035,0.129512,0.106833,2
0.181898,0.153261,0.0865623,2
0.218831,0.124743,0.112264,2
0.224013,0.11718,0.102254,2
0.195785,0.168649,0.0858004,2
0.179723,0.138324,0.0884725,2
0.203172,0.160194,0.0549379,2
0.201676,0.127438,0.0529299,2
0.210008,0.1481,0.0813189,2
0.180493,0.154338,0.0535971,2
0.188843,0.153167,0.0924199,2
0.112462,0.122069,0.0631989,2
0.124812,0.126474,0.111296,2
0.221013,0.116544,0.0927428,2
0.178533,0.1614,0.0634588,2
0.107023,0.12247,0.108662,2
0.17971,0.148931,0.0716161,2
0.131406,0.153638,0.0807915,2
0.173774,0.165265,0.0952951,2
0.165387,0.123051,0.092368,2
0.208349,0.133864,0.0999612,2
0.211917,0.173292,0.0794579,2
0.205833,0.126038,0.103829,2
0.184114,0.116063,0.0584462,2
0.201954,0.145604,0.0511023,2
0.193782,0.122955,0.0798399,2
0.216495,0.163469,0.105699,2
0.219617,0.118299,0.0745363,2
0.187374,0.121891,0.0458965,2
0.184348,0.131645,0.113466,2
0.162004,0.137742,0.0582101,2
0.184953,0.161181,0.0677946,2
0.207627,0.115868,0.112765,2
0.180351,0.135662,0.059714,2
0.179697,0.117166,0.0600677,2
0.181794,0.178726,0.106999,2
0.216421,0.120474,0.0459535,2
0.180944,0.123049,0.0658921,2
0.217003,0.16483,0.0988068,2
0.181802,0.146846,0.0762428,2
0.18375,0.142664,0.0924812,2
0.206364,0.167675,0.109851,2
0.177852,0.144823,0.0878942,2
0.182293,0.1509,0.0570806,2
0.110479,0.157771,0.0976712,2
0.166085,0.146533,0.108221,2
0.188646,0.14898,0.0589273,2
0.199691,0.13013,0.0544474,2
0.17778,0.162754,0.0983378,2
0.180294,0.119086,0.0815358,2
0.206911,0.166545,0.0756243,2
0.194778,0.133904,0.0686,2
0.210754,0.134896,0.045097,2
0.190749,0.13842,0.0721167,2
0.219814,0.169955,0.0969299,2
0.208602,0.151493,0.0808935,2
0.186195,0.173563,0.0761382,2
0.180078,0.168868,0.108676,2
0.116476,0.126803,0.0916308,2
0.202793,0.180058,0.095944,2
0.100503,0.113867,0.0726737,2
0.208593,0.126885,0.0925562,2
0.207798,0.131542,0.0720227,2
0.192584,0.14341,0.101445,2
0.190009,0.159374,0.106205,2
0.223999,0.132292,0.102933,2
0.20731,0.138664,0.103535,2
0.178122,0.175557,0.0901497,2
0.129822,0.118111,0.05342,2
0.183628,0.134648,0.0846165,2
0.11985,0.13683,0.0799803,2
0.167023,0.156402,0.0718228,2
0.137624,0.115231,0.0934753,2
0.0987941,0.130038,0.084417,2
0.185962,0.135951,0.108504,2
0.178014,0.126568,0.08427,2
0.172585,0.178176,0.0964157,2
0.178698,0.145345,0.111704,2
0.183285,0.168426,0.0900523,2
0.181192,0.176027,0.11215,2
0.216952,0.145149,0.0668296,2
0.213592,0.114656,0.0841675,2
0.0969442,0.137332,0.10743,2
0.178003,0.1597,0.111094,2
0.154839,0.153166,0.0976563,2
0.213939,0.148237,0.0976279,2
0.117652,0.136294,0.0674782,2
0.180965,0.135449,0.0674863,2
0.216092,0.161846,0.0932486,2
0.201023,0.139692,0.0581669,2
0.149806,0.156844,0.107958,2
0.208409,0.116835,0.0703302,2
0.138517,0.148592,0.0934728,2
0.172442,0.155642,0.0888784,2
0.182097,0.152981,0.0967832,2
0.213792,0.139569,0.0854148,2
0.104289,0.135697,0.0973439,2
0.180844,0.177888,0.103598,2
0.185816,0.136656,0.0961095,2
0.19407,0.150108,0.0611641,2
0.119486,0.145092,0.106141,2
0.206618,0.139277,0.0861043,2
0.194822,0.18415,0.0961404,2
0.126243,0.122343,0.0742879,2
0.171261,0.124438,0.0530331,2
0.138909,0.149319,0.0708456,2
0.217781,0.114491,0.0815983,2
0.184847,0.114254,0.1036,2
0.138782,0.14395,0.0798297,2
0.149315,0.173483,0.0851788,2
0.186407,0.12428,0.0545251,2
0.0921309,0.122301,0.0907325,2
0.196789,0.123302,0.090065,2
0.19355,0.167041,0.113953,2
0.128263,0.135593,0.130556,3
0.197009,0.1173,0.118038,3
0.196468,0.11379,0.141567,3
0.173673,0.146872,0.153491,3
0.161697,0.121235,0.179232,3
0.179244,0.114701,0.154953,3
0.0919284,0.12303,0.118788,3
0.224022,0.134343,0.140605,3
0.22187,0.117622,0.160681,3
0.179133,0.168844,0.119604,3
0.190377,0.145843,0.131783,3
0.133302,0.114462,0.122089,3
0.191266,0.129728,0.145028,3
0.208559,0.156116,0.155817,3
0.208769,0.116166,0.124579,3
0.159875,0.136914,0.117846,3
0.18271,0.119384,0.173895,3
0.168638,0.133486,0.175058,3
0.186097,0.144094,0.130922,3
0.181667,0.134393,0.167597,3
0.203188,0.150718,0.12498,3
0.178833,0.122193,0.174211,3
0.208428,0.134087,0.126199,3
0.180932,0.178703,0.13659,3
0.179246,0.134493,0.144534,3
0.106498,0.117065,0.151878,3
0.183398,0.165853,0.125163,3
0.206912,0.124173,0.13659,3
0.192041,0.179922,0.13861,3
0.103459,0.125648,0.146435,3
0.216236,0.129615,0.120436,3
0.194699,0.132888,0.136537,3
0.195484,0.114561,0.180146,3
0.197191,0.133484,0.162054,3
0.220293,0.152092,0.124826,3
0.19041,0.134694,0.118627,3
0.107139,0.138848,0.116365,3
0.212562,0.127229,0.16711,3
0.177741,0.138745,0.151478,3
0.112581,0.160494,0.117132,3
0.178024,0.166076,0.157585,3
0.134622,0.125305,0.167953,3
0.15994,0.137122,0.164055,3
0.137919,0.128064,0.147852,3
0.135149,0.156614,0.127658,3
0.184756,0.182726,0.122473,3
0.179582,0.151802,0.161229,3
0.218424,0.139428,0.11565,3
0.206318,0.125313,0.153788,3
0.0987502,0.137879,0.138614,3
0.195481,0.148561,0.148815,3
0.210415,0.145662,0.132645,3
0.19706,0.146894,0.165983,3
0.11478,0.159366,0.131048,3
0.224091,0.1536,0.175059,3
0.119247,0.144852,0.128466,3
0.220642,0.141209,0.13406,3
0.178623,0.126873,0.158964,3
0.191331,0.128806,0.177066,3
0.188681,0.155583,0.142595,3
0.182824,0.116122,0.131218,3
0.196183,0.115598,0.17622,3
0.180251,0.115662,0.148748,3
0.199743,0.126447,0.179582,3
0.201667,0.170322,0.143215,3
0.199638,0.173958,0.127936,3
0.184391,0.129627,0.118284,3
0.191847,0.162633,0.153375,3
0.14197,0.115836,0.156259,3
0.187974,0.134466,0.170293,3
0.159711,0.17781,0.130552,3
0.180185,0.124141,0.137384,3
0.208775,0.130224,0.125834,3
0.180466,0.164549,0.148316,3
0.134413,0.137134,0.119134,3
0.210755,0.142768,0.15626,3
0.208485,0.123645,0.146042,3
0.17863,0.145348,0.138573,3
0.219039,0.139959,0.122558,3
0.201296,0.150462,0.152647,3
0.11041,0.114704,0.163204,3
0.205236,0.132317,0.162766,3
0.21372,0.168563,0.156788,3
0.127928,0.164707,0.121463,3
0.178711,0.154327,0.12293,3
0.161288,0.164411,0.12001,3
0.192679,0.135064,0.134088,3
0.165228,0.164065,0.157479,3
0.177767,0.171538,0.136618,3
0.158856,0.164881,0.138169,3
0.219024,0.1252,0.171975,3
0.196,0.183559,0.132241,3
0.145212,0.149022,0.159572,3
0.178053,0.122972,0.147491,3
0.18774,0.123084,0.164808,3
0.164437,0.122437,0.141983,3
0.20446,0.160666,0.140787,3
0.210694,0.138972,0.17975,3
0.208023,0.125755,0.133937,3
0.17813,0.181382,0.119347,3
0.207107,0.156133,0.125879,3
0.196769,0.159763,0.128975,3
0.208062,0.116815,0.163285,3
0.179097,0.136814,0.162404,3
0.178516,0.158318,0.147698,3
0.132004,0.150283,0.136106,3
0.130316,0.122545,0.132223,3
0.154358,0.173753,0.118215,3
0.220532,0.161519,0.11584,3
0.199471,0.161289,0.165107,3
0.114565,0.128295,0.137435,3
0.094851,0.133215,0.120737,3
0.202818,0.177496,0.143735,3
0.107029,0.137522,0.150463,3
0.179964,0.171876,0.147184,3
0.155434,0.145104,0.126241,3
0.194231,0.136948,0.150867,3
0.118456,0.114871,0.137299,3
0.205486,0.162469,0.120501,3
0.133615,0.141325,0.155497,3
0.194166,0.162113,0.129343,3
0.185133,0.113959,0.135061,3
0.218849,0.168763,0.122976,3
0.177935,0.134283,0.13823,3
