x coord,y coord,z coord,rank
0.145509,0.0195881,0.0460378,0
0.176862,0.0297781,0.0596008,0
0.15005,0.0609416,0.0585118,0
0.147896,0.0638439,0.048755,0
0.140055,0.0539011,0.0466748,0
0.151303,0.065598,0.0157651,0
0.160732,0.0653624,0.023521,0
0.143747,0.0320868,0.0147043,0
0.145733,0.0223185,0.0276349,0
0.166608,0.0334433,0.0270824,0
0.172751,0.0438924,0.033476,0
0.168102,0.0329841,0.0482516,0
0.142944,0.00249591,0.0734031,0
0.170787,0.0746715,0.0399924,0
0.143258,0.0398592,0.0388264,0
0.154638,0.0259846,0.0370371,0
0.175782,0.0323765,0.0466515,0
0.144236,0.0667642,0.0629658,0
0.147926,0.05224,0.0237089,0
0.161729,0.0446136,0.0262689,0
0.140076,0.0626613,0.0183895,0
0.140968,0.0297072,0.0271198,0
0.154891,0.0738219,0.0124718,0
0.153009,0.047122,0.0724828,0
0.14138,0.075178,0.0137076,0
0.147616,0.0561514,0.0726199,0
0.144409,0.0514922,0.0661453,0
0.143051,0.060812,0.0309889,0
0.155568,0.0573682,0.00751978,0
0.156282,0.0265499,0.0505925,0
0.146715,0.0487866,0.0734783,0
0.153867,0.0519305,0.0201163,0
0.175361,0.0734397,0.0676391,0
0.189615,0.045913,0.061713,0
0.142743,0.0722923,0.0679902,0
0.140042,0.0143516,0.0738046,0
0.149676,0.0600964,0.00664244,0
0.177594,0.0709059,0.0497431,0
0.141477,0.0122463,0.0734179,0
0.140176,0.0350286,0.0435572,0
0.167599,0.0596173,0.0337027,0
0.149112,0.063724,0.0707317,0
0.15031,0.0302527,0.068206,0
0.140745,0.049535,0.0738343,0
0.169442,0.0486798,0.0596171,0
0.149107,0.0174749,0.0511521,0
0.142226,0.0637654,0.034229,0
0.168706,0.0171071,0.0685926,0
0.140017,0.0363413,0.0679941,0
0.140882,0.0137719,0.047084,0
0.142519,0.0433228,0.0645099,0
0.155487,0.0505915,0.0352497,0
0.145596,0.00700052,0.0574357,0
0.153964,0.0707861,0.0727365,0
0.158567,0.0165327,0.0595076,0
0.17306,0.069094,0.0575916,0
0.143334,0.029147,0.0734257,0
0.148414,0.00271509,0.0704404,0
0.141874,0.0615394,0.0722636,0
0.140298,0.0277775,0.0392886,0
0.17737,0.0455601,0.0718657,0
0.143946,0.0296919,0.0335166,0
0.158881,0.0283493,0.0649036,0
0.14364,0.0471855,0.0199442,0
0.146314,0.056468,0.0121257,0
0.141607,0.0624327,0.0198102,0
0.187801,0.0604159,0.0668619,0
0.140199,0.0485675,0.0675323,0
0.161749,0.0559647,0.0117354,0
0.152136,0.0382142,0.0581384,0
0.183155,0.0596792,0.036113,0
0.141644,0.0396945,0.0132914,0
0.143759,0.0502992,0.0448223,0
0.149408,0.00584227,0.05465,0
0.144055,0.0375885,0.0554288,0
0.140877,0.0568784,0.0640209,0
0.146509,0.0648085,0.0362456,0
0.15684,0.0485434,0.0453827,0
0.158659,0.0637139,0.0661746,0
0.149294,0.0538529,0.0435349,0
0.15731,0.0450043,0.0116419,0
0.141574,0.0408345,0.0571652,0
0.140785,0.0240499,0.0496997,0
0.144804,0.051169,0.00476082,0
0.165035,0.0515702,0.039891,0
0.144269,0.0717837,0.0503943,0
0.152195,0.0219631,0.0726752,0
0.14597,0.046911,0.0563446,0
0.148789,0.0567698,0.0577712,0
0.15635,0.0414044,0.0313454,0
0.146422,0.067928,0.0204049,0
0.16763,0.0213924,0.0439153,0
0.169067,0.0659765,0.0455637,0
0.149543,0.0683856,0.074222,0
0.14673,0.0666096,0.0639323,0
0.160074,0.025187,0.0318798,0
0.148655,0.0310458,0.0427761,0
0.14933,0.0409809,0.0144695,0
0.14343,0.0437281,0.0482208,0
0.14264,0.0568737,0.05992,0
0.140639,0.055315,0.0531498,0
0.140019,0.050695,0.0566323,0
0.141493,0.0648041,0.0440766,0
0.178383,0.0537822,0.0518005,0
0.161083,0.0458113,0.0612816,0
0.150675,0.0265898,0.0236182,0
0.167217,0.0734743,0.0732964,0
0.140068,0.0682412,0.0346803,0
0.154251,0.00698402,0.0659409,0
0.152221,0.0655212,0.043887,0
0.185177,0.0718454,0.0593483,0
0.140481,0.0228078,0.043026,0
0.148553,0.0423431,0.0330213,0
0.160723,0.0410788,0.0500302,0
0.141237,0.0614327,0.0412398,0
0.142826,0.0262163,0.0442984,0
0.140348,0.034282,0.0588312,0
0.140015,0.0733622,0.0189418,0
0.140613,0.0161061,0.0590836,0
0.14139,0.0343146,0.0599108,0
0.174479,0.0707811,0.0236852,0
0.140535,0.0525075,0.0122616,0
0.140339,0.0473027,0.0301774,0
0.170543,0.0562165,0.0463684,0
0.140116,0.0201783,0.0678893,0
0.14415,0.043518,0.0745439,0
0.155633,0.0597845,0.0901559,1
0.167895,0.0451907,0.10975,1
0.143158,0.0238851,0.0931347,1
0.160955,0.0115035,0.0836707,1
0.140061,0.0663574,0.0780706,1
0.176987,0.0581286,0.0975586,1
0.141453,0.0680483,0.0879354,1
0.141249,0.0402865,0.0844077,1
0.142338,0.0347855,0.100429,1
0.150382,0.0416127,0.136534,1
0.166564,0.0530597,0.0830373,1
0.140064,0.0621057,0.105481,1
0.18367,0.050071,0.108986,1
0.144531,0.0386305,0.0817929,1
0.173278,0.0222458,0.0777007,1
0.156353,0.0559345,0.129751,1
0.144553,0.0724638,0.0789343,1
0.148473,0.0297504,0.0926315,1
0.144033,0.0593518,0.122077,1
0.150341,0.0261782,0.111964,1
0.154685,0.0365674,0.0758739,1
0.147642,0.0259205,0.125075,1
0.150442,0.0439279,0.085004,1
0.147662,0.0175539,0.102829,1
0.167175,0.0416682,0.0755792,1
0.148871,0.0702105,0.0973607,1
0.140966,0.0716713,0.142169,1
0.141678,0.0276562,0.112827,1
0.181695,0.0709221,0.105312,1
0.140519,0.0262075,0.0921461,1
0.140214,0.0693531,0.125445,1
0.17211,0.0429947,0.0946293,1
0.144129,0.0428303,0.110412,1
0.141453,0.066993,0.103294,1
0.147371,0.0481772,0.131116,1
0.141698,0.0504601,0.108571,1
0.159199,0.0237338,0.0973076,1
0.140399,0.0193509,0.0803733,1
0.164417,0.0548051,0.127317,1
0.167587,0.0399465,0.128404,1
0.14496,0.0485196,0.101325,1
0.144463,0.0187722,0.0772295,1
0.144511,0.0325009,0.0774548,1
0.182094,0.0396436,0.0797034,1
0.162461,0.0551556,0.0980099,1
0.161759,0.0332535,0.0891635,1
0.140116,0.0579832,0.0790324,1
0.151412,0.066906,0.105374,1
0.141612,0.062902,0.12023,1
0.158345,0.0359208,0.115178,1
0.140047,0.0275522,0.092087,1
0.140022,0.0593678,0.137443,1
0.141675,0.0682514,0.0952471,1
0.140502,0.0338152,0.0752848,1
0.161861,0.0661606,0.10798,1
0.143561,0.0486275,0.0874751,1
0.143882,0.0314672,0.117283,1
0.187551,0.0734726,0.0890351,1
0.143123,0.0754775,0.112298,1
0.165495,0.0711983,0.126515,1
0.154079,0.0167293,0.0863517,1
0.142482,0.0388567,0.123549,1
0.143682,0.0605599,0.0985924,1
0.147177,0.0705667,0.148278,1
0.142663,0.0507554,0.132833,1
0.16621,0.0290686,0.0974342,1
0.146026,0.0564221,0.112094,1
0.15015,0.0650452,0.127129,1
0.151603,0.066447,0.0836182,1
0.156092,0.0504854,0.118239,1
0.15048,0.059506,0.138083,1
0.149449,0.0540029,0.116726,1
0.14375,0.0613841,0.0905785,1
0.140121,0.0708408,0.117845,1
0.147415,0.038912,0.120894,1
0.166562,0.0512489,0.11774,1
0.176997,0.056272,0.082757,1
0.159654,0.027085,0.1198,1
0.140008,0.0483773,0.102223,1
0.141002,0.0477981,0.092838,1
0.185751,0.0614102,0.0822573,1
0.18275,0.0396225,0.105046,1
0.151229,0.0167954,0.115446,1
0.154255,0.0430157,0.128147,1
0.152247,0.0384691,0.0951337,1
0.179519,0.0703036,0.0819961,1
0.140365,0.0593612,0.127935,1
0.189977,0.071647,0.100135,1
0.143591,0.0607217,0.11622,1
0.140648,0.0334234,0.107137,1
0.14014,0.0645728,0.0886886,1
0.160482,0.0105545,0.101181,1
0.14084,0.0564459,0.087247,1
0.185958,0.059131,0.0924705,1
0.145134,0.0193121,0.117387,1
0.140059,0.0445755,0.0827674,1
0.144756,0.0711575,0.0960523,1
0.140017,0.0363299,0.100966,1
0.173496,0.0712641,0.106797,1
0.141446,0.0659878,0.13081,1
0.140553,0.0566265,0.108471,1
0.14485,0.0608625,0.0790689,1
0.155313,0.0218908,0.10772,1
0.15706,0.0664859,0.137221,1
0.173353,0.049273,0.103176,1
0.158636,0.0200201,0.0750674,1
0.143115,0.0141462,0.109019,1
0.150603,0.00485553,0.0829541,1
0.147547,0.0361708,0.11072,1
0.14857,0.0440259,0.103846,1
0.14259,0.023359,0.103851,1
0.160542,0.0321405,0.0756838,1
0.144779,0.00158003,0.0818798,1
0.140004,0.0534572,0.115746,1
0.140172,0.0221172,0.10335,1
0.176931,0.0423644,0.117373,1
0.168685,0.0621482,0.117564,1
0.164708,0.0432972,0.0982032,1
0.172073,0.032082,0.102041,1
0.15614,0.0490335,0.101086,1
0.193556,0.0541279,0.0815653,1
0.14079,0.0400052,0.112084,1
0.164085,0.073352,0.0971574,1
0.140319,0.0307116,0.117486,1
0.159143,0.140676,0.0589157,2
0.146752,0.0776564,0.0439502,2
0.177448,0.0893027,0.0541308,2
0.140295,0.131368,0.0711758,2
0.141229,0.1222,0.0735942,2
0.142381,0.125721,0.0696711,2
0.146336,0.108451,0.069713,2
0.159086,0.086764,0.0346232,2
0.167985,0.0908047,0.0484063,2
0.164321,0.130635,0.0625909,2
0.140223,0.109497,0.0705837,2
0.140145,0.0863919,0.0598505,2
0.160521,0.0920123,0.0693329,2
0.142407,0.115761,0.0491472,2
0.140531,0.0872429,0.0747638,2
0.15747,0.100824,0.0509725,2
0.144923,0.131149,0.0483004,2
0.150593,0.124346,0.0557486,2
0.14607,0.122694,0.0174804,2
0.140009,0.0854555,0.0423399,2
0.179207,0.0845689,0.0257414,2
0.142072,0.116838,0.0160971,2
0.140674,0.0890681,0.04677,2
0.174015,0.0889743,0.0737959,2
0.150539,0.083251,0.00848345,2
0.148888,0.0790438,0.0552428,2
0.140097,0.130926,0.0525523,2
0.181696,0.0849699,0.0711624,2
0.141869,0.11152,0.0339771,2
0.140086,0.127086,0.0419362,2
0.171504,0.116138,0.0432914,2
0.158859,0.127765,0.0577951,2
0.146867,0.0960839,0.062931,2
0.160969,0.0855513,0.054868,2
0.142636,0.0885379,0.0663285,2
0.142889,0.0785626,0.0209462,2
0.145895,0.108104,0.0136023,2
0.143023,0.0767543,0.0660998,2
0.151238,0.135792,0.0419579,2
0.161854,0.100242,0.0207101,2
0.143505,0.0841541,0.00838207,2
0.140011,0.115667,0.0549199,2
0.157453,0.0796658,0.0225677,2
0.143051,0.123681,0.030337,2
0.141549,0.0783679,0.075265,2
0.142033,0.0981623,0.0222564,2
0.140033,0.0867802,0.0170676,2
0.143803,0.0769908,0.0440983,2
0.152173,0.130175,0.0723512,2
0.142187,0.0855493,0.0284346,2
0.140471,0.12733,0.0613068,2
0.156976,0.141226,0.0694987,2
0.141109,0.107323,0.0503942,2
0.141035,0.125254,0.0608378,2
0.149409,0.0796801,0.0647536,2
0.184893,0.0763674,0.0352586,2
0.180106,0.120271,0.0601712,2
0.160756,0.109033,0.0707209,2
0.143736,0.11148,0.0214273,2
0.145538,0.0926296,0.0169899,2
0.149551,0.116205,0.0335305,2
0.157318,0.0815855,0.0440358,2
0.146634,0.129045,0.0381243,2
0.14052,0.1239,0.0259588,2
0.140089,0.105164,0.0549811,2
0.140128,0.1134,0.0195597,2
0.140162,0.109346,0.0388277,2
0.15431,0.0964037,0.0311,2
0.143272,0.136063,0.0386382,2
0.149598,0.0791023,0.0192052,2
0.154731,0.10591,0.0639454,2
0.172126,0.0806106,0.01592,2
0.141527,0.0915739,0.0562382,2
0.141469,0.0893852,0.0550562,2
0.142951,0.0940421,0.0345227,2
0.176,0.0993296,0.0424803,2
0.143967,0.121874,0.0687047,2
0.140672,0.0950722,0.0649634,2
0.142884,0.101164,0.0660348,2
0.160515,0.118902,0.0343228,2
0.169281,0.0777309,0.0559753,2
0.185782,0.0925382,0.046917,2
0.156072,0.0984513,0.0710043,2
0.148043,0.125969,0.0681989,2
0.140221,0.0979485,0.0299863,2
0.140101,0.0971476,0.0471165,2
0.150048,0.0807988,0.0370363,2
0.152815,0.142558,0.058444,2
0.152133,0.101777,0.0486043,2
0.186776,0.0998323,0.0699297,2
0.153003,0.0899382,0.0154724,2
0.142247,0.138527,0.0746498,2
0.140963,0.107649,0.0293296,2
0.140375,0.0771558,0.0466674,2
0.163832,0.115666,0.0601563,2
0.176959,0.0987936,0.0299782,2
0.140219,0.140388,0.0660976,2
0.141112,0.110737,0.0601279,2
0.147213,0.0973964,0.00757609,2
0.165354,0.119344,0.0704577,2
0.169013,0.111092,0.0559728,2
0.140107,0.102192,0.0207094,2
0.153906,0.0858017,0.052565,2
0.140271,0.0793347,0.0328302,2
0.159171,0.118142,0.0513784,2
0.141544,0.107845,0.0742041,2
0.183045,0.0981971,0.0598439,2
0.145379,0.102069,0.0479148,2
0.14852,0.132455,0.0594299,2
0.154444,0.112608,0.0236641,2
0.143201,0.0991562,0.0586095,2
0.176164,0.107592,0.0686406,2
0.1413,0.138057,0.0526497,2
0.173499,0.0848435,0.0367879,2
0.144765,0.14665,0.0586404,2
0.14409,0.10092,0.0347016,2
0.151779,0.113993,0.0433935,2
0.15946,0.0869379,0.0155331,2
0.16887,0.11173,0.0334846,2
0.168917,0.10645,0.0423297,2
0.1655,0.135983,0.0476788,2
0.143186,0.1106,0.0438189,2
0.142449,0.115481,0.0592832,2
0.142924,0.0941448,0.075966,2
0.189369,0.0848006,0.0532325,2
0.144562,0.129541,0.0764532,2
0.172696,0.0980932,0.0930562,3
0.141506,0.0893725,0.121464,3
0.140485,0.116827,0.0854298,3
0.158858,0.109372,0.115991,3
0.161913,0.0837346,0.141732,3
0.15755,0.0772012,0.117453,3
0.189513,0.0855299,0.0812876,3
0.145109,0.109394,0.128483,3
0.142855,0.118633,0.0883789,3
0.153857,0.0798003,0.0805383,3
0.146011,0.139996,0.106235,3
0.141239,0.128576,0.120085,3
0.140272,0.0786661,0.0870786,3
0.143264,0.106594,0.093422,3
0.142357,0.0968926,0.130097,3
0.162437,0.0994138,0.0803457,3
0.140007,0.096966,0.132793,3
0.16012,0.0959857,0.137558,3
0.156255,0.0764591,0.0975605,3
0.143024,0.0965866,0.0886994,3
0.142182,0.141203,0.09909,3
0.140412,0.0993145,0.124904,3
0.146634,0.0866731,0.0990903,3
0.14063,0.143882,0.0818469,3
0.157555,0.0969933,0.107033,3
0.181956,0.0795653,0.114378,3
0.156639,0.128353,0.0876628,3
0.145158,0.0959841,0.124554,3
0.154827,0.142422,0.10111,3
0.183434,0.0881477,0.108935,3
0.140564,0.114592,0.0873263,3
0.154323,0.0953883,0.0990367,3
0.140364,0.0897286,0.12961,3
0.147259,0.101928,0.0781499,3
0.146548,0.087813,0.116288,3
0.155153,0.0971944,0.0811273,3
0.181639,0.101348,0.0788653,3
0.148822,0.0801221,0.123181,3
0.144871,0.111061,0.111315,3
0.147153,0.108162,0.0951454,3
0.140023,0.124613,0.0918427,3
0.170368,0.0878049,0.130453,3
0.162416,0.0996218,0.126555,3
0.147208,0.105268,0.11876,3
0.170184,0.119114,0.0901584,3
0.15634,0.145226,0.0849729,3
0.140571,0.103709,0.09656,3
0.140005,0.0922283,0.107528,3
0.146912,0.0927241,0.0883337,3
0.185825,0.100379,0.101114,3
0.150962,0.131063,0.119288,3
0.143744,0.118083,0.105095,3
0.1426,0.0786223,0.0937181,3
0.1782,0.121866,0.0935484,3
0.142007,0.0781619,0.111248,3
0.176275,0.107352,0.0909658,3
0.145554,0.0889471,0.142082,3
0.141474,0.120818,0.110198,3
0.154961,0.0913057,0.139566,3
0.148396,0.102459,0.0850577,3
0.145522,0.136458,0.0904364,3
0.154045,0.0780984,0.13872,3
0.152737,0.113218,0.0874798,3
0.144287,0.125133,0.115875,3
0.151826,0.118616,0.118317,3
0.147194,0.101472,0.14225,3
0.149413,0.0968433,0.103105,3
0.140347,0.114302,0.123729,3
0.167838,0.0783364,0.118759,3
0.141983,0.0866414,0.0998843,3
0.162469,0.140309,0.093052,3
0.14002,0.108343,0.0942828,3
0.152327,0.124969,0.0830012,3
0.14007,0.0921273,0.0807844,3
0.170426,0.0996343,0.0816337,3
0.14147,0.0861446,0.108542,3
0.144872,0.0770612,0.142646,3
0.170822,0.0769621,0.0845885,3
0.140122,0.112962,0.115147,3
0.152511,0.123166,0.103287,3
0.180122,0.077204,0.125704,3
0.140889,0.101245,0.113978,3
0.149124,0.1161,0.137559,3
0.172799,0.127207,0.0839627,3
0.150558,0.0921146,0.0829364,3
0.162047,0.126911,0.0825099,3
0.140651,0.0854717,0.109991,3
0.160995,0.126565,0.119979,3
0.144953,0.146059,0.0947409,3
0.162699,0.127381,0.100669,3
0.140503,0.107848,0.101073,3
0.140125,0.0818838,0.136395,3
0.166789,0.111522,0.122072,3
0.140835,0.134038,0.099118,3
0.143562,0.0855843,0.127308,3
0.161191,0.0849367,0.104483,3
0.141176,0.0967831,0.10073,3
0.142975,0.0882549,0.0964367,3
0.145095,0.122263,0.0914752,3
0.152361,0.0948168,0.125266,3
0.141499,0.079315,0.125785,3
0.140023,0.0975636,0.0965881,3
0.14084,0.124019,0.0783398,3
0.140268,0.127049,0.110816,3
0.153004,0.132822,0.105715,3
0.171302,0.112783,0.0986059,3
0.171915,0.0850454,0.0947234,3
0.163981,0.136253,0.0807153,3
0.141696,0.131344,0.0821043,3
0.141946,0.134376,0.109684,3
0.178256,0.0907945,0.099935,3
0.187871,0.0957152,0.0832368,3
0.14468,0.0995327,0.113282,3
0.181705,0.0999375,0.113047,3
0.141595,0.0846926,0.136711,3
0.163692,0.107604,0.0887412,3
0.153415,0.123789,0.127607,3
0.176621,0.0773709,0.0997985,3
0.140052,0.0762903,0.104067,3
0.170696,0.103825,0.117997,3
0.169217,0.0905644,0.110352,3
0.150131,0.0877002,0.134475,3
0.140521,0.131263,0.0854761,3
0.17915,0.122994,0.0796325,3
