x coord,y coord,z coord,rank
0.0549547,0.0807433,0.0398252,0
0.0184693,0.0855467,0.181998,0
0.109915,0.0105602,0.0308422,0
0.0747729,0.104629,0.147097,0
0.047193,0.0185864,0.113269,0
0.0492885,0.0148409,0.168827,0
0.0942017,0.0846843,0.0464576,0
0.0796502,0.0496756,0.00125218,0
0.109092,0.0577855,0.205255,0
0.0757642,0.0584998,0.212846,0
0.0776689,0.000225633,0.0460568,0
0.0592894,0.0413439,0.0992782,0
0.0594815,0.0899028,0.146811,0
0.0591091,0.00247465,0.150463,0
0.0410449,0.0939519,0.166628,0
0.0967674,0.0291492,0.107077,0
0.0689263,0.0429957,0.0910518,0
0.00150284,0.0573072,0.0965689,0
0.10791,0.106931,0.00299445,0
0.0720871,0.0423704,0.176187,0
0.0555846,0.0806443,0.0891114,0
0.0299882,0.0636861,0.00648554,0
0.0710532,0.0364502,0.14661,0
0.072495,0.0614678,0.124886,0
0.102544,0.00624602,0.0644388,0
0.0886713,0.0265309,0.0183171,0
0.0955517,0.0835587,0.176356,0
0.0511722,0.0821636,0.149572,0
0.0136852,0.0854647,0.136475,0
0.0997355,0.0375893,0.154149,0
0.0159035,0.0225521,0.030432,0
0.107444,0.051037,0.113787,0
0.0603604,0.062024,0.220727,0
0.0540969,0.102464,0.0165718,0
0.0484718,0.0950704,0.167163,0
0.111116,0.0456508,0.157078,0
0.00738972,0.0265773,0.0464135,0
0.0256871,0.0559383,0.203647,0
0.00748075,0.0516648,0.136552,0
0.0129724,0.104352,0.0632465,0
0.00498032,0.0254354,0.178471,0
0.0819574,0.023235,0.0298604,0
0.0456312,0.0547386,0.12413,0
0.0161629,0.00422856,0.209016,0
0.0962274,0.10676,0.151003,0
0.0270373,0.027501,0.099268,0
0.0532257,0.053724,0.216963,0
0.111799,0.0900172,0.110105,0
0.00510968,0.0083804,0.0193168,0
0.0721625,0.0706712,0.0575433,0
0.00393315,0.075226,0.12117,0
0.0405193,0.066047,0.189252,0
0.0787957,0.0229361,0.0988061,0
0.0835528,0.0377808,0.0689978,0
0.0790567,0.0877211,0.213164,0
0.111074,0.0371328,0.13606,0
0.0958192,0.104647,0.185685,0
0.0540206,0.0658561,0.128519,0
0.0330901,0.0999218,0.0690112,0
0.0125361,0.103804,0.0912188,0
0.064998,0.0443141,0.150869,0
0.0389486,0.0532873,0.091893,0
0.111569,0.0266171,0.0830301,0
0.0452113,0.051621,0.12441,0
0.033204,0.0644748,0.191862,0
0.0778821,0.00663291,0.127839,0
0.088176,0.0251953,0.0235515,0
0.0560315,0.0393657,0.123901,0
0.0891373,0.0827122,0.0081323,0
0.00861693,0.0365853,0.11689,0
0.0998318,0.0551149,0.0100141,0
0.0506019,0.00464037,0.19405,0
0.0555014,0.0815149,0.213891,0
0.0658423,0.107985,0.0323581,0
0.0500418,0.0578527,0.0525604,0
0.00884032,0.0950499,0.144677,0
0.0849432,0.0681538,0.0722615,0
0.106863,0.037182,0.203281,0
0.0398766,0.00124789,0.158951,0
0.0766339,0.092175,0.0496546,0
0.0831497,0.108604,0.139649,0
0.0274795,0.0900425,0.217231,0
0.00346185,0.11245,0.184361,0
0.0979508,0.0295287,0.105018,0
0.0619553,0.080139,0.192277,0
0.0546601,0.0999499,0.0824072,0
0.0252869,0.100041,0.0237522,0
0.0268532,0.0544451,0.202013,0
0.0919045,0.0860134,0.122972,0
0.0128448,0.0523573,0.10501,0
0.077276,0.0691905,0.0355421,0
0.0050479,0.0575351,0.0920537,0
0.0289376,0.101722,0.201724,0
0.0566127,0.0882726,0.0344801,0
0.0363077,0.0418939,0.120849,0
0.0366483,0.107216,0.208062,0
0.0594258,0.0405652,0.145281,0
0.0846943,0.00175347,0.152946,0
0.0429323,0.106981,0.0944776,0
0.103199,0.056944,0.0760361,0
0.0226366,0.0812194,0.0673401,0
0.076339,0.0754996,0.177098,0
0.0202561,0.0272312,0.0802456,0
0.0405202,0.0226226,0.100932,0
0.0821997,0.0484357,0.0582432,0
0.0346838,0.0702397,0.181726,0
0.038751,0.0393368,0.109612,0
0.0346459,0.00849493,0.0141314,0
0.028536,0.0310809,0.0498822,0
0.0899005,0.0919906,0.179114,0
0.0616331,0.110982,0.107768,0
0.0704551,0.083484,0.0859637,0
0.0567433,0.0436597,0.078508,0
0.0107062,0.0196648,0.0882555,0
0.0785696,0.0119737,0.0663276,0
0.0226996,0.0245144,0.0319463,0
0.08679,0.0718461,0.0123331,0
0.000521708,0.0169585,0.0992078,0
0.0317349,0.0607548,0.132971,0
0.108224,0.0250398,0.21682,0
0.110434,0.0936018,0.0770314,0
0.0194504,0.110998,0.0963343,0
0.111915,0.0675159,0.0018908,0
0.0876138,0.112538,0.141233,0
0.194325,0.097385,0.089331,1
0.221507,0.0843072,0.0581194,1
0.148311,0.0758311,0.137731,1
0.172799,0.0284433,0.0829448,1
0.16238,0.0995594,0.0257116,1
0.158116,0.0590965,0.0591599,1
0.112586,0.095981,0.0764146,1
0.219172,0.106081,0.180617,1
0.216465,0.0390888,0.222392,1
0.219695,0.0290523,0.110201,1
0.187527,0.104364,0.105935,1
0.153709,0.0946171,0.0791982,1
0.168876,0.101465,0.09033,1
0.212627,0.111381,0.0581787,1
0.154956,0.0920514,0.149264,1
0.194717,0.0557466,0.0187338,1
0.200602,0.0749009,0.15277,1
0.192256,0.0671313,0.00209072,1
0.165008,0.101407,0.186586,1
0.211113,0.090143,0.164083,1
0.202643,0.0512276,0.191706,1
0.164325,0.0386623,0.0529815,1
0.20508,0.060644,0.0612915,1
0.127711,0.04225,0.167529,1
0.126344,0.105281,0.0860773,1
0.190565,0.0883845,0.133776,1
0.169756,0.0379648,0.21467,1
0.198852,0.00349074,0.150742,1
0.191472,0.0359978,0.134992,1
0.153878,0.075674,0.080307,1
0.132622,0.0500263,0.22424,1
0.118382,0.100875,0.0357212,1
0.129131,0.00130919,0.0301087,1
0.190614,0.0710646,0.0149171,1
0.160094,0.0634527,0.0653707,1
0.163923,0.111621,0.0905813,1
0.208576,0.0762131,0.118911,1
0.174566,0.028257,0.154985,1
0.172053,0.0751718,0.0223988,1
0.165874,0.0568424,0.157752,1
0.223585,0.033998,0.192472,1
0.211974,0.074841,0.0890659,1
0.180461,0.0921989,0.0941221,1
0.142877,0.0943261,0.111748,1
0.132098,0.0211377,0.0472175,1
0.207116,0.0387393,0.122112,1
0.16907,0.0184521,0.154525,1
0.182611,0.0220122,0.195896,1
0.186991,0.0363766,0.0276644,1
0.166733,0.0669919,0.160041,1
0.209159,0.0746035,0.0960112,1
0.175424,0.0938324,0.129852,1
0.214389,0.0417749,0.171896,1
0.149309,0.0102476,0.10959,1
0.156755,0.0838565,0.196359,1
0.198024,0.0897458,0.0865208,1
0.188298,0.0641141,0.0178256,1
0.166766,0.0583775,0.0609858,1
0.177278,0.0725838,0.0321576,1
0.122502,0.058722,0.221504,1
0.197036,0.0207333,0.177763,1
0.170266,0.0824501,0.0660901,1
0.148802,0.111176,0.0680472,1
0.147407,0.0470105,0.0600668,1
0.176105,0.108647,0.156217,1
0.13638,0.0272866,0.0502191,1
0.150414,0.0658831,0.0358497,1
0.208866,0.0856706,0.153127,1
0.183376,0.108385,0.215036,1
0.157473,0.106291,0.0649945,1
0.152472,0.0368022,0.223481,1
0.186124,0.0494997,0.121703,1
0.112929,0.0772948,0.0542466,1
0.189497,0.0438468,0.218238,1
0.203051,0.0529758,0.11934,1
0.188468,0.0814719,0.180265,1
0.172852,0.0188279,0.185246,1
0.134634,0.102165,0.0863266,1
0.134442,0.00995138,0.0426112,1
0.215658,0.0310138,0.128592,1
0.142832,0.0564156,0.172681,1
0.177086,0.0776596,0.110539,1
0.12042,0.0534999,0.0259285,1
0.122147,0.0556739,0.115366,1
0.119513,0.0170174,0.148439,1
0.224898,0.0383254,0.164873,1
0.215271,0.0996553,0.179261,1
0.141031,0.103397,0.13084,1
0.158798,0.00191506,0.0561408,1
0.137879,0.0386719,0.125529,1
0.145812,0.0885588,0.149049,1
0.131689,0.0785252,0.113027,1
0.121226,0.0575888,0.111991,1
0.15064,0.0928868,0.0794663,1
0.199012,0.104426,0.0383585,1
0.1215,0.0405627,0.202842,1
0.126638,0.00534115,0.118025,1
0.127177,0.0868986,0.13204,1
0.120203,0.0786276,0.160346,1
0.174308,0.0658808,0.0547743,1
0.116831,0.0264086,0.210354,1
0.200017,0.0649378,0.0740738,1
0.122739,0.0314316,0.0614106,1
0.210437,0.0383185,0.0993059,1
0.2181,0.0774578,0.0747566,1
0.124561,0.108228,0.191836,1
0.199715,0.0517289,0.0537708,1
0.204268,0.0190941,0.00596376,1
0.223422,0.00927022,0.0809204,1
0.199038,0.019217,0.0888609,1
0.129251,0.0244731,0.0451186,1
0.150714,0.0785207,0.108068,1
0.116128,0.103403,0.164216,1
0.188162,0.0759534,0.0440475,1
0.155277,0.0908287,0.0343881,1
0.151317,0.104475,0.0598033,1
0.190253,0.0676913,0.0325061,1
0.137661,0.0408496,0.113978,1
0.222395,0.0833007,0.0732022,1
0.135864,0.0613109,0.0658996,1
0.121601,0.0781607,0.0606708,1
0.0818286,0.161798,0.127422,2
0.107775,0.191176,0.170858,2
0.125874,0.180827,0.21201,2
0.117345,0.181362,0.172326,2
0.0632334,0.160519,0.0492542,2
0.1241,0.209246,0.212639,2
0.122394,0.122422,0.0417382,2
0.122314,0.217523,0.132435,2
0.0700141,0.118519,0.0932033,2
0.000388366,0.17289,0.0579866,2
0.062737,0.120247,0.0928348,2
0.1181,0.133642,0.0486795,2
0.0490403,0.124637,0.0548076,2
0.0813065,0.192796,0.17002,2
0.1118,0.149572,0.161244,2
0.0179465,0.173321,0.125098,2
0.0243683,0.19258,0.188995,2
0.0607947,0.198621,0.114607,2
0.0713869,0.126279,0.0633024,2
0.0264784,0.116388,0.0997769,2
0.00809508,0.185245,0.0998178,2
0.061564,0.12079,0.103697,2
0.0296015,0.169502,0.0114663,2
0.0460804,0.170354,0.046601,2
0.111386,0.193122,0.0993345,2
0.0835751,0.132678,0.123935,2
0.0268442,0.185099,0.0749556,2
0.0976114,0.182174,0.141759,2
0.0468227,0.137172,0.0169968,2
0.0104184,0.194226,0.065323,2
0.0566711,0.209177,0.206079,2
0.0122179,0.199415,0.0808707,2
0.0968488,0.143321,0.152181,2
0.0558776,0.159372,0.045226,2
0.0756061,0.130903,0.215969,2
0.061079,0.219184,0.129101,2
0.0272207,0.117696,0.182471,2
0.026221,0.175111,0.00943959,2
0.127073,0.187932,0.206102,2
0.0967139,0.16885,0.191567,2
0.0900741,0.115084,0.0050422,2
0.108872,0.163142,0.00320238,2
0.0216154,0.131408,0.194593,2
0.0631211,0.1806,0.0506444,2
0.0393309,0.219884,0.0899399,2
0.0967865,0.124757,0.0919251,2
0.0281441,0.186791,0.0761929,2
0.0226891,0.175609,0.0880732,2
0.0235705,0.131846,0.0907397,2
0.0601301,0.127565,0.0184467,2
0.105674,0.168729,0.0973912,2
0.103801,0.1266,0.211604,2
0.0513485,0.201946,0.161909,2
0.081299,0.194475,0.0864099,2
0.0770237,0.139703,0.0456549,2
0.045616,0.159826,0.0346358,2
0.0191888,0.21752,0.166323,2
0.107846,0.194742,0.146569,2
0.0262022,0.18467,0.0162571,2
0.0482399,0.136986,0.0382325,2
0.0355518,0.210638,0.144204,2
0.000326288,0.210689,0.18173,2
0.0537812,0.223652,0.019224,2
0.08047,0.215294,0.000644973,2
0.0434624,0.141094,0.131319,2
0.0210007,0.143614,0.0867149,2
0.128444,0.224113,0.212288,2
0.0580144,0.204477,0.122262,2
0.0805565,0.209686,0.134253,2
0.0709672,0.185492,0.1184,2
0.0307572,0.134194,0.0733163,2
0.0217972,0.117141,0.00059924,2
0.0766973,0.139993,0.179537,2
0.0646208,0.162693,0.210369,2
0.0542414,0.113656,0.133638,2
0.0102099,0.166985,0.190707,2
0.0681888,0.170114,0.0557718,2
0.0356791,0.210289,0.145384,2
0.026173,0.180569,0.0505048,2
0.0558913,0.12803,0.10093,2
0.0444466,0.148406,0.171204,2
0.0856641,0.173788,0.202031,2
0.0636576,0.121736,0.164766,2
0.0201631,0.177332,0.207525,2
0.0660411,0.217492,0.0382854,2
0.107917,0.113836,0.14612,2
0.102692,0.18645,0.208841,2
0.0977927,0.115621,0.0304962,2
0.0148517,0.175369,0.0986121,2
0.0908082,0.146874,0.14253,2
0.110448,0.149117,0.181844,2
0.0843702,0.15402,0.213436,2
0.0294624,0.157685,0.164383,2
0.0332053,0.152705,0.149604,2
0.0972978,0.123799,0.078226,2
0.0211266,0.114925,0.0514132,2
0.00481142,0.118872,0.0921564,2
0.0795083,0.162774,0.0142013,2
0.0253586,0.152344,0.195126,2
0.0964591,0.182428,0.137369,2
0.0336309,0.147693,0.056134,2
0.104961,0.162472,0.168652,2
0.0796717,0.192533,0.18278,2
0.00818408,0.163441,0.0667299,2
0.0644363,0.118242,0.081406,2
0.0249374,0.132993,0.209998,2
0.0526901,0.150243,0.145727,2
0.0870203,0.121389,0.202472,2
0.0872599,0.203382,0.165993,2
0.0747639,0.116588,0.176899,2
0.0573956,0.117482,0.105581,2
0.0135923,0.205051,0.140411,2
0.0714495,0.168649,0.0220715,2
0.0359394,0.163207,0.106343,2
0.108069,0.196178,0.0611231,2
0.0535223,0.195268,0.0796035,2
0.0626763,0.129346,0.134677,2
0.075219,0.15392,0.0803675,2
0.0929043,0.157349,0.0936702,2
0.0394236,0.223733,0.0139473,2
0.00823244,0.11636,0.054347,2
0.015083,0.123688,0.0974025,2
0.190742,0.17143,0.124992,3
0.186442,0.173894,0.118368,3
0.178617,0.147215,0.116644,3
0.139629,0.135205,0.0171074,3
0.187124,0.179268,0.118574,3
0.158781,0.149355,0.224093,3
0.190893,0.177584,0.121809,3
0.147117,0.205034,0.0387572,3
0.166171,0.1638,0.0981368,3
0.190075,0.169555,0.122527,3
0.186452,0.160317,0.0436581,3
0.208328,0.148611,0.194412,3
0.188545,0.178942,0.119777,3
0.190928,0.173302,0.121668,3
0.188729,0.173181,0.122603,3
0.167114,0.209582,0.0109674,3
0.20013,0.202911,0.0207585,3
0.183138,0.177069,0.123846,3
0.192965,0.224984,0.176357,3
0.194402,0.17845,0.12197,3
0.155552,0.155557,0.041199,3
0.14408,0.133858,0.0974662,3
0.132452,0.113734,0.152283,3
0.187894,0.120387,0.222105,3
0.184784,0.17577,0.118828,3
0.205784,0.185564,0.217809,3
0.147506,0.221433,0.171468,3
0.186767,0.174314,0.118192,3
0.192172,0.180512,0.125096,3
0.187089,0.17471,0.119092,3
0.192158,0.174132,0.118203,3
0.184186,0.138042,0.0400209,3
0.19079,0.17766,0.120878,3
0.207814,0.166746,0.108139,3
0.173441,0.182906,0.202906,3
0.14343,0.139063,0.036409,3
0.170229,0.186498,0.107952,3
0.184683,0.118506,0.111514,3
0.192764,0.175607,0.119979,3
0.161415,0.214466,0.0302223,3
0.219627,0.120484,0.0743288,3
0.162183,0.141741,0.199158,3
0.184129,0.171861,0.118985,3
0.187053,0.171447,0.124712,3
0.211509,0.169975,0.0278383,3
0.202745,0.183004,0.118282,3
0.159189,0.220447,0.118277,3
0.222855,0.215391,0.0841963,3
0.18683,0.178972,0.125423,3
0.15653,0.185522,0.0612432,3
0.193538,0.191383,0.0709092,3
0.182675,0.185142,0.0184136,3
0.175572,0.198723,0.0650595,3
0.170829,0.194843,0.0664456,3
0.197792,0.217379,0.0083906,3
0.174212,0.196102,0.0363875,3
0.191611,0.175722,0.120709,3
0.203171,0.178554,0.112299,3
0.163001,0.220129,0.0470274,3
0.169831,0.224588,0.0687315,3
0.221095,0.214543,0.0668932,3
0.147077,0.191922,0.159868,3
0.15369,0.163128,0.152804,3
0.219561,0.123537,0.138493,3
0.220755,0.209917,0.0469875,3
0.193695,0.174225,0.118488,3
0.191481,0.171995,0.12281,3
0.210484,0.206644,0.090496,3
0.180176,0.21112,0.0165186,3
0.209935,0.162559,0.219075,3
0.222337,0.200527,0.00494572,3
0.185366,0.179939,0.0215992,3
0.129267,0.130068,0.0385027,3
0.208379,0.150231,0.0473837,3
0.188845,0.173808,0.123284,3
0.193671,0.176024,0.117298,3
0.209799,0.1994,0.0119047,3
0.190622,0.171358,0.124498,3
0.19543,0.139844,0.0178158,3
0.187846,0.175187,0.121239,3
0.185762,0.176271,0.123026,3
0.210401,0.118499,0.0677515,3
0.191059,0.178193,0.121683,3
0.173673,0.196456,0.0512436,3
0.203717,0.189783,0.209711,3
0.1704,0.193836,0.066057,3
0.142554,0.188518,0.026971,3
0.192374,0.145617,0.0187629,3
0.183577,0.171843,0.125013,3
0.195032,0.199864,0.198306,3
0.213979,0.156935,0.206944,3
0.155916,0.189719,0.0618127,3
0.162561,0.173902,0.0517996,3
0.19935,0.215792,0.0406632,3
0.185103,0.179021,0.126575,3
0.189637,0.176779,0.12048,3
0.177922,0.169666,0.157585,3
0.182321,0.174252,0.12305,3
0.214425,0.192741,0.168343,3
0.190422,0.174858,0.121031,3
0.16041,0.16437,0.0309466,3
0.193637,0.17688,0.117686,3
0.162391,0.158262,0.0372617,3
0.187242,0.16967,0.119703,3
0.19114,0.136943,0.21252,3
0.165251,0.116628,0.181693,3
0.187712,0.175112,0.121237,3
0.186612,0.175302,0.11655,3
0.187192,0.176744,0.122751,3
0.141943,0.133702,0.108018,3
0.194153,0.17451,0.124013,3
0.179051,0.211954,0.123781,3
0.150886,0.210738,0.0222048,3
0.178803,0.207238,0.188152,3
0.131584,0.138172,0.0371919,3
0.191626,0.177794,0.120478,3
0.192655,0.177069,0.124242,3
0.149417,0.192248,0.169329,3
0.171481,0.206136,0.13632,3
0.156917,0.186687,0.181155,3
0.139068,0.174786,0.190289,3
0.179154,0.169477,0.105844,3
0.208469,0.118247,0.166124,3
0.17205,0.210855,0.217756,3
0.200292,0.127105,0.21397,3
0.140802,0.154569,0.185622,3
0.135726,0.138793,0.0812489,3
0.134195,0.14505,0.104603,3
0.139628,0.134136,0.0516331,3
0.131167,0.131641,0.173192,3
0.150118,0.11719,0.0968037,3
0.137481,0.187234,0.0564714,3
0.13174,0.194602,0.223666,3
