x coord,y coord,z coord,rank
0.175463,0.0769188,0.0998347,0
0.173931,0.0784764,0.0996068,0
0.11051,0.075322,0.0791456,0
0.131882,0.0601548,0.0396316,0
0.163517,0.085316,0.0525869,0
0.0242256,0.0809439,0.0148471,0
0.197886,0.0625446,0.0902302,0
0.166947,0.0759669,0.101484,0
0.0327336,0.00902714,0.0451868,0
0.16519,0.0559222,0.0496584,0
0.213526,0.0154825,0.0567316,0
0.0899285,0.051662,0.0945972,0
0.0108486,0.0966914,0.0623796,0
0.168995,0.0700384,0.098969,0
0.174143,0.0981191,0.013301,0
0.173779,0.0727236,0.100264,0
0.197191,0.0676151,0.0523071,0
0.101646,0.0955079,0.0976015,0
0.104935,0.0104003,0.0986941,0
0.144772,0.0985152,0.0144582,0
0.128295,0.0918053,0.0834441,0
0.110768,0.0900519,0.00597127,0
0.105603,0.0488722,0.0045539,0
0.194318,0.0990903,0.0581134,0
0.172826,0.07573,0.101244,0
0.0417817,0.0125443,0.0200435,0
0.0233194,0.0595756,0.0758631,0
0.0035624,0.0326228,0.0623504,0
0.0630921,0.0205773,0.0244077,0
0.139012,0.0639538,0.0462141,0
0.149609,0.0636395,0.0160131,0
0.0467036,0.0571069,0.056878,0
0.170179,0.0785971,0.100775,0
0.132631,0.0688732,0.0943345,0
0.103032,0.0525948,0.0943427,0
0.0989606,0.0256336,0.0437987,0
0.0739851,0.00706967,0.0818454,0
0.121832,0.0385183,0.0708997,0
0.116215,0.0694479,0.0471684,0
0.129639,0.035035,0.00317314,0
0.163157,0.0302124,0.0650181,0
0.107536,0.085318,0.044301,0
0.116419,0.0525705,0.0153523,0
0.180658,0.0709938,0.0307166,0
0.136473,0.0182052,0.0460015,0
0.172349,0.0735913,0.097195,0
0.104804,0.0931897,0.00642551,0
0.199882,0.102437,0.0147058,0
0.0443827,0.0296078,0.0387378,0
0.171046,0.076391,0.101077,0
0.164385,0.0924536,0.0417035,0
0.0227858,0.0768603,0.00569988,0
0.119248,0.0582941,0.0214367,0
0.000221635,0.0706824,0.0816871,0
0.160362,0.032282,0.0795279,0
0.0651256,0.0874544,0.0480818,0
0.19384,0.0295369,0.000707164,0
0.0263273,0.0213629,0.0491794,0
0.040591,0.00803399,0.0757791,0
0.173131,0.0734907,0.100231,0
0.112219,0.0761676,0.0210576,0
0.048414,0.0793794,0.0925783,0
0.174277,0.0728471,0.0981674,0
0.0927486,0.0222897,0.0445302,0
0.141829,0.0575272,0.0655712,0
0.081554,0.0947734,0.0336479,0
0.0745134,0.0734431,0.00200073,0
0.0587078,0.0187427,0.0749406,0
0.0908788,0.0188887,0.0618131,0
0.0843136,0.0197372,0.0778988,0
0.188946,0.0599804,0.0716471,0
0.188109,0.0869257,0.0659857,0
0.143344,0.088021,0.0757999,0
0.224068,0.0518526,0.00907917,0
0.131094,0.030379,0.0186203,0
0.0332989,0.0799159,0.0762062,0
0.0132977,0.0560186,0.0758141,0
0.0306344,0.100638,0.102137,0
0.0571488,0.00777809,0.0152285,0
0.0504938,0.0105297,0.0689143,0
0.0540149,0.0562646,0.0528311,0
0.169191,0.0749781,0.0963398,0
0.183963,0.0653177,0.0488893,0
0.169305,0.0731358,0.098442,0
0.0696016,0.062358,0.00784507,0
0.219374,0.0852423,0.0884524,0
0.131022,0.0940614,0.085029,0
0.177571,0.0305357,0.00263937,0
0.171837,0.0696646,0.0992431,0
0.211926,0.0484836,0.0911995,0
0.175354,0.00997342,0.0307115,0
0.0135622,0.0498898,0.0730342,0
0.0945468,0.0672486,0.0327799,0
0.169972,0.0716279,0.101317,0
0.172413,0.0758732,0.100901,0
0.100843,0.0952674,0.00820469,0
0.147701,0.0978716,0.0115344,0
0.0654985,0.0195297,0.0647903,0
0.0161086,0.0272185,0.0814104,0
0.111627,0.0088064,0.0275779,0
0.059708,0.0212263,0.0385676,0
0.0328257,0.0905522,0.0765136,0
0.177677,0.0713449,0.100368,0
0.0907299,0.0209022,0.0642939,0
0.120846,0.0163902,0.0338468,0
0.17028,0.0678797,0.101791,0
0.182949,0.0663787,0.015265,0
0.104714,0.12122,0.174163,1
0.196436,0.164822,0.220723,1
0.196167,0.127933,0.160742,1
0.0827404,0.167874,0.161049,1
0.200787,0.173399,0.131051,1
0.0587379,0.134356,0.141706,1
0.00835801,0.216416,0.152682,1
0.019636,0.105492,0.141362,1
0.0701975,0.132591,0.143487,1
0.224172,0.126295,0.154387,1
0.108812,0.162002,0.137236,1
0.0650119,0.118924,0.137337,1
0.0389947,0.20769,0.176042,1
0.0778699,0.186443,0.168915,1
0.220795,0.157066,0.123466,1
0.172596,0.136816,0.138639,1
0.217667,0.126187,0.155494,1
0.217429,0.121331,0.123831,1
0.205601,0.160469,0.128735,1
0.0296982,0.15089,0.199089,1
0.000140338,0.153164,0.203921,1
0.0669306,0.148273,0.154541,1
0.00398304,0.111674,0.137168,1
0.183115,0.131719,0.164366,1
0.142817,0.141726,0.221295,1
0.0667296,0.179612,0.13046,1
0.0723523,0.176316,0.18682,1
0.00126043,0.220487,0.219875,1
0.0789249,0.169815,0.165945,1
0.201357,0.173386,0.197699,1
0.146636,0.173705,0.127592,1
0.148947,0.181688,0.222771,1
0.0474128,0.160587,0.159422,1
0.132253,0.127088,0.183265,1
0.124473,0.13234,0.217785,1
0.211944,0.213304,0.170835,1
0.179804,0.214865,0.13807,1
0.0641686,0.21795,0.130007,1
0.0595033,0.113497,0.17865,1
0.165438,0.172564,0.118811,1
0.197227,0.169309,0.205887,1
0.0944697,0.150288,0.218017,1
0.179378,0.181166,0.137072,1
0.1913,0.168209,0.210142,1
0.0360078,0.222894,0.159982,1
0.153276,0.105565,0.122397,1
0.207325,0.123076,0.207598,1
0.0763769,0.185757,0.170435,1
0.192944,0.177267,0.223036,1
0.174266,0.16037,0.204244,1
0.200534,0.212749,0.155016,1
0.0644315,0.196204,0.177805,1
0.154369,0.118227,0.16511,1
0.0602223,0.197185,0.133308,1
0.0199629,0.168452,0.126823,1
0.201878,0.218925,0.189347,1
0.117105,0.151756,0.216644,1
0.168211,0.21687,0.116277,1
0.168243,0.150554,0.191394,1
0.0481047,0.137439,0.211743,1
0.203819,0.212804,0.154339,1
0.0899957,0.113858,0.133662,1
0.0466855,0.205915,0.167563,1
0.146449,0.146084,0.195437,1
0.213317,0.146298,0.166297,1
0.091482,0.107557,0.218019,1
0.0883151,0.134317,0.218186,1
0.0022808,0.194968,0.147294,1
0.165709,0.212533,0.156833,1
0.0613931,0.194474,0.1714,1
0.0253723,0.180654,0.195194,1
0.0410018,0.151613,0.19535,1
0.112754,0.144865,0.120592,1
0.129866,0.126417,0.144954,1
0.170889,0.191216,0.20634,1
0.180956,0.146229,0.161577,1
0.0594062,0.158292,0.193794,1
0.106958,0.103818,0.162023,1
0.102805,0.142624,0.195246,1
0.100166,0.193448,0.19984,1
0.022052,0.149245,0.186764,1
0.213367,0.20878,0.198234,1
0.0238438,0.166429,0.134103,1
0.0197027,0.104216,0.164819,1
0.151836,0.143755,0.187623,1
0.0375393,0.21461,0.177531,1
0.0144212,0.146602,0.154645,1
0.0867434,0.10369,0.202204,1
0.0354753,0.196066,0.207227,1
0.0591288,0.173879,0.190232,1
0.211924,0.170268,0.186226,1
0.164866,0.161321,0.16566,1
0.203387,0.187842,0.153605,1
0.0448,0.115986,0.148399,1
0.163134,0.208956,0.175648,1
0.144762,0.106588,0.200654,1
0.208536,0.18128,0.219503,1
0.111025,0.143637,0.217361,1
0.0777796,0.105884,0.19791,1
0.0712264,0.125077,0.164104,1
0.117556,0.221735,0.216525,1
0.0909571,0.164663,0.14884,1
0.204092,0.103645,0.151491,1
0.144303,0.15299,0.207607,1
0.192876,0.199932,0.17277,1
0.0928874,0.20545,0.190148,1
0.017419,0.213823,0.131101,1
0.158401,0.209389,0.179712,1
0.206164,0.201326,0.185928,1
0.139908,0.2175,0.189923,1
0.150373,0.176727,0.184987,1
0.128115,0.119208,0.132046,1
0.0775041,0.200329,0.184534,1
0.130127,0.208363,0.158881,1
0.16667,0.16256,0.218413,1
0.0399414,0.107353,0.203527,1
0.00828404,0.139262,0.146345,1
0.104076,0.145751,0.199663,1
0.0911574,0.146408,0.191103,1
0.173926,0.15253,0.165851,1
0.168294,0.126208,0.21448,1
0.145987,0.194247,0.219437,1
0.184015,0.166986,0.138178,1
0.0704421,0.155638,0.136276,1
0.0917405,0.136718,0.126895,1
0.161649,0.140059,0.222546,1
0.168694,0.119363,0.121839,1
0.00267083,0.129988,0.131049,1
0.0278694,0.193333,0.125098,1
0.0112173,0.112837,0.116324,1
0.14274,0.0516625,0.212423,2
0.17791,0.0285927,0.185183,2
0.159072,0.0666512,0.106191,2
0.0216445,0.0829738,0.108592,2
0.174884,0.0289114,0.108185,2
0.170758,0.0704551,0.104251,2
0.163169,0.00365911,0.203537,2
0.220474,0.0924842,0.17102,2
0.197001,0.024139,0.209772,2
0.195901,0.0453621,0.200593,2
0.0710788,0.0673701,0.140611,2
0.143053,0.0151098,0.142938,2
0.222098,0.0847483,0.116099,2
0.216988,0.0805775,0.111446,2
0.158412,0.0263092,0.141627,2
0.174845,0.0750712,0.106982,2
0.0574615,0.0641943,0.11598,2
0.0941484,0.0858842,0.131009,2
0.148473,0.0762429,0.188517,2
0.0214136,0.0724886,0.1647,2
0.167779,0.0715014,0.102802,2
0.0541837,0.0739449,0.113477,2
0.10065,0.0656364,0.122916,2
0.0946501,0.0907658,0.151567,2
0.207401,0.0790288,0.141269,2
0.0411032,0.0880984,0.149464,2
0.174002,0.0684773,0.102407,2
0.0836844,0.026878,0.177943,2
0.173331,0.0725816,0.103986,2
0.0325811,0.041595,0.211371,2
0.177182,0.0698502,0.105682,2
0.110151,0.0773241,0.194873,2
0.173086,0.037433,0.202762,2
0.13936,0.00864734,0.138319,2
0.0842816,0.0817854,0.196701,2
0.000586968,0.102554,0.180768,2
0.0249255,0.0366979,0.216735,2
0.048646,0.0889912,0.214253,2
0.012872,0.0685988,0.166266,2
0.0201743,0.0554651,0.204881,2
0.130842,0.037439,0.169874,2
0.0984897,0.0737209,0.224428,2
0.0343362,0.072178,0.198854,2
0.125003,0.0299208,0.138603,2
0.114123,0.0686523,0.123977,2
0.158369,0.0161397,0.187277,2
0.157588,0.0769659,0.144604,2
0.192575,0.0651668,0.125002,2
0.0536701,0.0171302,0.163308,2
0.192689,0.0629252,0.2167,2
0.137499,0.0706435,0.153698,2
0.135791,0.0140176,0.131409,2
0.0727543,0.00946642,0.214904,2
0.142276,0.0423344,0.148935,2
0.193328,0.0864538,0.120544,2
0.208643,0.0117461,0.204169,2
0.0280257,0.0971283,0.110653,2
0.0373854,0.0182002,0.105063,2
0.0413722,0.0858751,0.211463,2
0.063341,0.00546648,0.191632,2
0.153872,0.0493787,0.160895,2
0.101415,0.0982722,0.189287,2
0.0152574,0.0810694,0.180072,2
0.139319,0.0379465,0.167858,2
0.102866,0.0368771,0.150613,2
0.0929551,0.0649506,0.204262,2
0.155702,0.00143109,0.123532,2
0.0210979,0.007729,0.174247,2
0.134461,0.0460259,0.182858,2
0.142391,0.0236558,0.222692,2
0.132092,0.0723267,0.202133,2
0.112587,0.0923193,0.189088,2
0.00549328,0.0832045,0.179541,2
0.0789257,0.0874374,0.114851,2
0.0700036,0.0672429,0.1751,2
0.103568,0.074759,0.122416,2
0.129089,0.061304,0.118843,2
0.171471,0.0696369,0.107264,2
0.0356149,0.0974278,0.193786,2
0.0590425,0.101658,0.105468,2
0.0605071,0.0914247,0.207567,2
0.175366,0.0726048,0.106184,2
0.0900388,0.0228081,0.194144,2
0.211308,0.0420709,0.167579,2
0.11645,0.000652059,0.167487,2
0.0596432,0.0070554,0.195884,2
0.167274,0.0717367,0.103427,2
0.0406954,0.00729468,0.16302,2
0.0684366,0.0836994,0.133233,2
0.108077,0.0756153,0.151563,2
0.223068,0.0436619,0.168045,2
0.0110234,0.0279958,0.194444,2
0.00104267,0.0757196,0.216832,2
0.0452169,0.0914104,0.148654,2
0.143028,0.100886,0.128017,2
0.0381782,0.0889022,0.186385,2
0.0360251,0.0786413,0.126131,2
0.134938,0.0519554,0.17503,2
0.220046,0.000938911,0.114216,2
0.143826,0.061036,0.207909,2
0.175847,0.0300043,0.12537,2
0.0942232,0.0798458,0.111451,2
0.0183444,0.0331713,0.214948,2
0.0602587,0.0971753,0.142201,2
0.170648,0.0731432,0.105082,2
0.00847735,0.0259529,0.223338,2
0.185316,0.0253788,0.219754,2
0.176241,0.0186245,0.117486,2
0.106709,0.0334531,0.183986,2
0.164949,0.0267521,0.136425,2
0.0586734,0.0151044,0.203974,2
0.217177,0.0757412,0.182061,2
0.220707,0.0285334,0.150212,2
0.0949086,0.000238047,0.103685,2
0.0999005,0.0222413,0.1731,2
0.0951865,0.0765593,0.115255,2
0.171173,0.0674848,0.104208,2
0.148387,0.0333954,0.125438,2
0.175311,0.0114288,0.198385,2
0.191023,0.0548132,0.175872,2
0.173723,0.0913352,0.209177,2
0.000385957,0.0441452,0.178691,2
0.169587,0.0719257,0.104993,2
0.169576,0.0741059,0.103603,2
0.174379,0.0771462,0.103578,2
0.173804,0.0712913,0.103179,2
0.164998,0.072358,0.1029,2
0.0412224,0.0167941,0.105823,2
0.00404011,0.0920124,0.18112,2
0.169847,0.0760885,0.103809,2
0.172582,0.0746847,0.107031,2
0.168183,0.0766971,0.106584,2
0.0671135,0.0173028,0.105327,2
0.17181,0.0727103,0.105978,2
0.174323,0.0759615,0.103,2
0.169415,0.0719784,0.105555,2
0.0692029,0.0206606,0.106261,2
0.17042,0.0764942,0.104786,2
0.16997,0.0771331,0.106023,2
0.170482,0.0737357,0.104064,2
0.168665,0.0714233,0.103244,2
0.0536574,0.116898,0.105353,3
0.124498,0.216468,0.109835,3
0.153895,0.168859,0.071074,3
0.099735,0.212427,0.0113992,3
0.0873922,0.163761,0.115135,3
0.0810876,0.193916,0.108291,3
0.1214,0.1128,0.036581,3
0.192395,0.187896,0.0963458,3
0.151055,0.118943,0.1135,3
0.0973024,0.132733,0.00890466,3
0.015954,0.219379,0.021551,3
0.135305,0.110445,0.111153,3
0.217767,0.20382,0.00242519,3
0.180683,0.145131,0.033431,3
0.203918,0.198019,0.0154614,3
0.0394992,0.194496,0.102728,3
0.00381737,0.204339,0.0655604,3
0.067118,0.223176,0.0843605,3
0.041709,0.163155,0.0895945,3
0.0613963,0.184834,0.0723353,3
0.0588559,0.168043,0.0638233,3
0.124851,0.147882,0.114704,3
0.0587425,0.211764,0.0285716,3
0.0597515,0.110009,0.00455686,3
0.0246511,0.205245,0.0936655,3
0.0778299,0.158467,0.049046,3
0.136127,0.180274,0.0861878,3
0.177956,0.140539,0.00355513,3
0.0736437,0.133518,0.0433816,3
0.0971553,0.115833,0.0544823,3
0.171271,0.127588,0.0484171,3
0.141988,0.139585,0.0996619,3
0.0742973,0.20202,0.00201982,3
0.154666,0.185056,0.0603371,3
0.00203983,0.172553,0.0810905,3
0.0165351,0.180223,0.110688,3
0.143464,0.11724,0.0183712,3
0.059138,0.171169,0.0110748,3
0.130626,0.112401,0.105816,3
0.0890932,0.20076,0.00762884,3
0.104793,0.107919,0.0217006,3
0.113182,0.1211,0.0279671,3
0.00771465,0.123217,0.0725752,3
0.159028,0.126113,0.0822453,3
0.0776872,0.112688,0.0895035,3
0.19292,0.164468,0.0782283,3
0.180114,0.191773,0.0995123,3
0.174382,0.124111,0.0726064,3
0.178007,0.215077,0.0646787,3
0.0994457,0.18194,0.105302,3
0.192384,0.165305,0.0803924,3
0.145098,0.139337,0.0646415,3
0.0598905,0.106787,0.0180195,3
0.133824,0.157661,0.100986,3
0.177778,0.154444,0.0380633,3
0.0603848,0.215382,0.0826798,3
0.0275134,0.111693,0.0267401,3
0.200469,0.194178,0.102678,3
0.179432,0.1147,0.0411665,3
0.0240016,0.186976,0.0542954,3
0.00697587,0.201396,0.0860115,3
0.218713,0.182112,0.101023,3
0.0924732,0.219451,0.0776987,3
0.191382,0.21241,0.0826044,3
0.184082,0.208301,0.00470654,3
0.000299546,0.185211,0.0258748,3
0.21234,0.124296,0.0120527,3
0.220082,0.201787,0.0682388,3
0.185836,0.186318,0.0794201,3
0.215757,0.144727,0.0591356,3
0.0735937,0.136409,0.061712,3
0.182929,0.181063,0.0166984,3
0.0133293,0.211975,0.0480798,3
0.148712,0.155249,0.0550217,3
0.133597,0.14354,0.0338667,3
0.0361467,0.177194,0.08497,3
0.111541,0.208451,0.0190808,3
0.0481219,0.16859,0.0396317,3
0.0425812,0.152567,0.0665647,3
0.00980829,0.18739,0.0306658,3
0.215892,0.145381,0.0262384,3
0.124594,0.162882,0.030709,3
0.0643628,0.195289,0.0507258,3
0.0626882,0.209357,0.0870265,3
0.0990558,0.150521,0.0268415,3
0.0180883,0.194494,0.0523389,3
0.113908,0.16977,0.0030449,3
0.156023,0.192302,0.0430051,3
0.151367,0.221206,0.0964004,3
0.170602,0.179872,0.100468,3
0.125306,0.124227,0.0295264,3
0.0118335,0.221111,0.0071318,3
0.154094,0.222203,0.105676,3
0.0982337,0.141739,0.104929,3
0.171559,0.145863,0.0757661,3
0.193827,0.158983,0.0278511,3
0.220205,0.119406,0.00578454,3
0.0861939,0.158402,0.000306344,3
0.0665797,0.128069,0.0584058,3
0.0530166,0.121808,0.0228809,3
0.0208296,0.188344,0.0571557,3
0.217761,0.192498,0.0383541,3
0.114943,0.204278,0.109722,3
0.073646,0.186227,0.0259026,3
0.0829143,0.183182,0.00856157,3
0.0637603,0.194264,0.100789,3
0.179602,0.223662,0.0782835,3
0.125411,0.189857,0.0367502,3
0.176532,0.219805,0.0427388,3
0.167039,0.131888,0.0142428,3
0.206111,0.195385,0.018955,3
0.177485,0.157797,0.0727051,3
0.12636,0.208472,0.0896019,3
0.00681439,0.142881,0.011562,3
0.0129833,0.160225,0.0221901,3
0.17208,0.147505,0.0826633,3
0.0999307,0.210938,0.0622803,3
0.108855,0.182013,0.0363841,3
0.0857358,0.122137,0.0399845,3
0.012426,0.214592,0.0310704,3
0.0488219,0.134789,0.0589393,3
0.114324,0.103858,0.00319358,3
