x coord,y coord,z coord,rank
0.181164,0.0570456,0.0835378,0
0.124922,0.0672781,0.0971008,0
0.169538,0.0984416,0.0960118,0
0.174684,0.101344,0.086255,0
0.209518,0.0914011,0.0841748,0
0.166746,0.103098,0.0532226,0
0.148986,0.102862,0.0609785,0
0.186811,0.0695868,0.0521619,0
0.180501,0.0598185,0.0651349,0
0.139595,0.0709433,0.0645399,0
0.1306,0.0813924,0.070976,0
0.137308,0.0704841,0.0857516,0
0.189792,0.0399853,0.110903,0
0.133398,0.112171,0.0774924,0
0.188534,0.0773592,0.0763264,0
0.159963,0.0634422,0.0745371,0
0.126388,0.0698765,0.0841515,0
0.185137,0.104264,0.100466,0
0.174624,0.08974,0.0611664,0
0.147293,0.0821136,0.0637689,0
0.208778,0.100161,0.0558471,0
0.199483,0.0671648,0.0645773,0
0.159454,0.111322,0.0499718,0
0.163185,0.084622,0.109983,0
0.196976,0.112678,0.0512076,0
0.218138,0.0936514,0.11012,0
0.184569,0.0889922,0.103645,0
0.189382,0.098312,0.0684889,0
0.15816,0.0948682,0.0449879,0
0.156798,0.0640499,0.0880925,0
0.177755,0.0862866,0.110978,0
0.161433,0.0894305,0.0576163,0
0.126973,0.11094,0.105139,0
0.108728,0.0834028,0.099172,0
0.219674,0.109792,0.10549,0
0.213786,0.0518516,0.111305,0
0.170397,0.0975964,0.0441424,0
0.123954,0.108406,0.0872431,0
0.196408,0.0497158,0.110918,0
0.2068,0.0725286,0.0810572,0
0.138083,0.0971173,0.0712027,0
0.171723,0.101224,0.108232,0
0.168943,0.0677102,0.105706,0
0.222152,0.087035,0.111334,0
0.135333,0.0860949,0.0971171,0
0.171723,0.0549444,0.0886521,0
0.221043,0.101265,0.071729,0
0.136407,0.0546071,0.106093,0
0.210345,0.0738413,0.105494,0
0.200035,0.0512506,0.084584,0
0.22024,0.0808228,0.10201,0
0.15833,0.0880915,0.0727497,0
0.180916,0.0445005,0.0949357,0
0.161254,0.108286,0.110237,0
0.152705,0.0540327,0.0969876,0
0.130167,0.106594,0.0950916,0
0.188307,0.0666046,0.110926,0
0.173404,0.0401939,0.10794,0
0.222194,0.0990394,0.109764,0
0.218332,0.0652351,0.0767886,0
0.124239,0.0830601,0.109366,0
0.186142,0.0671919,0.0710166,0
0.152159,0.0658493,0.102404,0
0.187176,0.0846855,0.0574017,0
0.178868,0.093968,0.0495833,0
0.195764,0.0999327,0.0573102,0
0.11093,0.0979159,0.104362,0
0.206174,0.0860675,0.105032,0
0.147277,0.0933969,0.0492184,0
0.164984,0.0757142,0.0956384,0
0.116721,0.0971792,0.073613,0
0.195536,0.0771945,0.0507914,0
0.18677,0.0877992,0.0823223,0
0.171023,0.0433317,0.09215,0
0.185735,0.0750885,0.0929288,0
0.222934,0.0943784,0.101521,0
0.178338,0.102309,0.0737456,0
0.155792,0.0860434,0.0828827,0
0.15255,0.101214,0.103675,0
0.171269,0.0913529,0.0810349,0
0.154927,0.0825043,0.0491206,0
0.195904,0.0783345,0.0946652,0
0.222384,0.06155,0.0871997,0
0.183328,0.088669,0.0422502,0
0.142011,0.0890702,0.077391,0
0.184991,0.109284,0.0878943,0
0.164867,0.0594631,0.110175,0
0.216677,0.084411,0.0938446,0
0.220568,0.0942698,0.0952712,0
0.156713,0.0788194,0.0688454,0
0.178544,0.105428,0.0578624,0
0.138026,0.0588924,0.0814153,0
0.13591,0.103477,0.0830637,0
0.223,0.105886,0.111722,0
0.217095,0.10411,0.101432,0
0.150079,0.062687,0.0693798,0
0.172815,0.0685034,0.0802761,0
0.171223,0.0784809,0.0519482,0
0.218316,0.0812281,0.0857209,0
0.190976,0.0943737,0.09742,0
0.20185,0.092815,0.0905649,0
0.213505,0.088195,0.0941323,0
0.22368,0.102304,0.0815766,0
0.122912,0.0912822,0.0893005,0
0.148362,0.0833215,0.0988124,0
0.168127,0.0640898,0.0611182,0
0.138646,0.110974,0.110796,0
0.208741,0.105741,0.0721803,0
0.160708,0.044484,0.103441,0
0.164836,0.103021,0.081387,0
0.114164,0.109345,0.0968483,0
0.203145,0.0602654,0.080526,0
0.17306,0.0798431,0.0705213,0
0.149003,0.0785788,0.0875302,0
0.197845,0.0989327,0.0787399,0
0.190227,0.0637163,0.0817984,0
0.204539,0.071782,0.0963312,0
0.211622,0.110862,0.0563994,0
0.202101,0.0535736,0.0965836,0
0.224245,0.0718146,0.0974108,0
0.128175,0.108281,0.0611428,0
0.20279,0.0900075,0.0497191,0
0.204625,0.0848027,0.0676774,0
0.133726,0.0937165,0.0838684,0
0.20757,0.0576783,0.105389,0
0.217357,0.081018,0.112044,0
0.158045,0.0972845,0.127656,1
0.13762,0.0826907,0.14725,1
0.188965,0.0613426,0.130635,1
0.148612,0.0489823,0.121171,1
0.208892,0.103857,0.115571,1
0.124783,0.0955436,0.135059,1
0.196564,0.105548,0.125435,1
0.224906,0.0777865,0.121908,1
0.192286,0.0722855,0.137929,1
0.16878,0.0791127,0.174034,1
0.139653,0.0905597,0.120537,1
0.209115,0.0996057,0.142981,1
0.116068,0.087571,0.146486,1
0.184173,0.0761305,0.119293,1
0.129861,0.0597458,0.115201,1
0.15669,0.0934345,0.167251,1
0.184101,0.109964,0.116434,1
0.173252,0.0672079,0.130131,1
0.185869,0.0968518,0.159577,1
0.168867,0.0636357,0.149464,1
0.159865,0.0740674,0.113374,1
0.175312,0.063378,0.162575,1
0.168664,0.0814279,0.122504,1
0.175259,0.0550234,0.140329,1
0.13872,0.0791682,0.113079,1
0.172268,0.107711,0.134861,1
0.199462,0.109171,0.179669,1
0.195409,0.0651562,0.150327,1
0.118573,0.108422,0.142812,1
0.220442,0.0637075,0.129646,1
0.206265,0.106853,0.162945,1
0.131506,0.0804947,0.132129,1
0.185513,0.0803303,0.147912,1
0.196542,0.104493,0.140794,1
0.176038,0.0856772,0.168616,1
0.195321,0.0879601,0.146071,1
0.151573,0.0612338,0.134808,1
0.20393,0.0568509,0.117873,1
0.142984,0.0923051,0.164817,1
0.138096,0.0774465,0.165904,1
0.216758,0.0860196,0.138825,1
0.184436,0.0562298,0.11473,1
0.217027,0.0700009,0.114955,1
0.118052,0.0771436,0.117203,1
0.14613,0.0926556,0.13551,1
0.147275,0.0707535,0.126663,1
0.215949,0.0954832,0.116532,1
0.166503,0.104406,0.142874,1
0.195655,0.100402,0.15773,1
0.153098,0.0734208,0.152678,1
0.209214,0.0650098,0.129587,1
0.212466,0.0968678,0.174943,1
0.222974,0.105751,0.132747,1
0.202924,0.0713152,0.112785,1
0.147096,0.103661,0.14548,1
0.187506,0.0861275,0.124975,1
0.186326,0.0689672,0.154783,1
0.111246,0.110973,0.126535,1
0.218843,0.112978,0.149798,1
0.14128,0.108698,0.164015,1
0.161011,0.0542293,0.123852,1
0.191682,0.0763567,0.161049,1
0.187083,0.0980599,0.136092,1
0.176526,0.108067,0.185778,1
0.190904,0.0882554,0.170333,1
0.14018,0.0665686,0.134934,1
0.179705,0.0939221,0.149594,1
0.169314,0.102545,0.164629,1
0.166096,0.103947,0.121118,1
0.157176,0.0879854,0.155739,1
0.168579,0.097006,0.175583,1
0.170933,0.0915029,0.154226,1
0.217827,0.0988841,0.128079,1
0.216104,0.108341,0.155345,1
0.175918,0.076412,0.158394,1
0.139625,0.0887489,0.15524,1
0.124737,0.093772,0.120257,1
0.1508,0.0645425,0.1573,1
0.213125,0.0858774,0.139723,1
0.223754,0.0852981,0.130338,1
0.11346,0.0989102,0.119757,1
0.117247,0.0771225,0.142546,1
0.166933,0.0542955,0.152946,1
0.160716,0.0805157,0.165647,1
0.164777,0.0759691,0.132634,1
0.121419,0.107804,0.119496,1
0.204317,0.0968612,0.165435,1
0.108291,0.109147,0.137635,1
0.218043,0.0982217,0.15372,1
0.221381,0.0709234,0.144637,1
0.21641,0.102073,0.126189,1
0.149381,0.0480332,0.138681,1
0.222742,0.093946,0.124747,1
0.113215,0.0965461,0.12997,1
0.18228,0.0567816,0.154887,1
0.214842,0.0820755,0.120267,1
0.183478,0.108658,0.133552,1
0.210608,0.0738299,0.138466,1
0.129558,0.108764,0.144297,1
0.19658,0.103488,0.16831,1
0.2207,0.0941265,0.145971,1
0.183173,0.0983625,0.116569,1
0.158635,0.0593483,0.14522,1
0.1554,0.103986,0.174721,1
0.129732,0.0867729,0.140676,1
0.152568,0.0574776,0.112567,1
0.189123,0.051625,0.146519,1
0.168297,0.0423555,0.120454,1
0.175595,0.0736708,0.14822,1
0.173021,0.0815259,0.141346,1
0.191238,0.0608165,0.141351,1
0.149273,0.0696405,0.113184,1
0.18338,0.0390588,0.11938,1
0.212288,0.0909572,0.153246,1
0.216906,0.0596173,0.14085,1
0.124839,0.0798644,0.154873,1
0.136459,0.0995633,0.155064,1
0.142507,0.0807972,0.135703,1
0.131523,0.069582,0.139541,1
0.157099,0.0865098,0.138586,1
0.104049,0.0916279,0.119065,1
0.200706,0.0775052,0.149584,1
0.143508,0.110852,0.134657,1
0.204719,0.0682116,0.154986,1
0.151704,0.178176,0.0964157,2
0.177667,0.115156,0.0814502,2
0.124143,0.126803,0.0916308,2
0.205148,0.168868,0.108676,2
0.197799,0.1597,0.111094,2
0.220619,0.163221,0.107171,2
0.178785,0.145951,0.107213,2
0.151806,0.124264,0.0721232,2
0.137517,0.128305,0.0859063,2
0.143143,0.168135,0.100091,2
0.217476,0.146997,0.108084,2
0.207285,0.123892,0.0973505,2
0.149325,0.129512,0.106833,2
0.19196,0.153261,0.0865623,2
0.220466,0.124743,0.112264,2
0.154656,0.138324,0.0884725,2
0.182952,0.168649,0.0858004,2
0.168336,0.161846,0.0932486,2
0.17953,0.160194,0.0549379,2
0.213331,0.122955,0.0798399,2
0.121812,0.122069,0.0631989,2
0.193454,0.154338,0.0535971,2
0.201531,0.126568,0.08427,2
0.128831,0.126474,0.111296,2
0.168432,0.121037,0.0459104,2
0.220866,0.116544,0.0927428,2
0.207994,0.168426,0.0900523,2
0.118563,0.12247,0.108662,2
0.194431,0.149055,0.0713904,2
0.20827,0.164586,0.0794362,2
0.132349,0.153638,0.0807915,2
0.152184,0.165265,0.0952951,2
0.177377,0.133133,0.101332,2
0.148594,0.123051,0.092368,2
0.219914,0.126038,0.103829,2
0.190026,0.116063,0.0584462,2
0.180048,0.145604,0.0511023,2
0.189479,0.114254,0.1036,2
0.166887,0.173292,0.0794579,2
0.147118,0.137742,0.0582101,2
0.187714,0.121328,0.0458965,2
0.211176,0.153167,0.0924199,2
0.154667,0.117166,0.0600677,2
0.189405,0.161181,0.0677946,2
0.223473,0.115868,0.112765,2
0.193636,0.135662,0.059714,2
0.209908,0.12428,0.0545251,2
0.217756,0.114491,0.0815983,2
0.164914,0.167675,0.109851,2
0.192962,0.123049,0.0658921,2
0.220064,0.16483,0.0988068,2
0.155528,0.178726,0.106999,2
0.198566,0.144823,0.0878942,2
0.199076,0.162754,0.0983378,2
0.171018,0.11718,0.102254,2
0.114511,0.113867,0.0726737,2
0.120647,0.157771,0.0976712,2
0.148911,0.146533,0.108221,2
0.186881,0.14898,0.0589273,2
0.181067,0.13013,0.0544474,2
0.170686,0.153705,0.0710305,2
0.154912,0.119086,0.0815358,2
0.177977,0.166545,0.0756243,2
0.202877,0.1614,0.0634588,2
0.208313,0.142664,0.0924812,2
0.20724,0.1509,0.0570292,2
0.206839,0.146846,0.0762428,2
0.160583,0.133904,0.0686,2
0.188494,0.173563,0.0761382,2
0.17057,0.116602,0.0567053,2
0.159774,0.14341,0.101445,2
0.13148,0.118111,0.05342,2
0.196149,0.129074,0.0937382,2
0.223866,0.126885,0.0925562,2
0.219202,0.131542,0.0720227,2
0.126088,0.13683,0.0799803,2
0.186047,0.159374,0.106205,2
0.221571,0.133023,0.101562,2
0.219353,0.138664,0.103535,2
0.149335,0.156402,0.0718228,2
0.135564,0.115231,0.0934753,2
0.113431,0.130038,0.084417,2
0.157195,0.135951,0.108504,2
0.174296,0.163469,0.105699,2
0.206067,0.135449,0.0674863,2
0.208207,0.134648,0.0846165,2
0.169544,0.118299,0.0745363,2
0.163593,0.180058,0.095944,2
0.164977,0.139277,0.0861043,2
0.112191,0.137332,0.10743,2
0.16318,0.127438,0.0529299,2
0.192674,0.176027,0.11215,2
0.22354,0.145149,0.0668296,2
0.219258,0.114656,0.0841675,2
0.143889,0.153166,0.0976563,2
0.12481,0.136294,0.0674782,2
0.205977,0.177888,0.103598,2
0.224343,0.148237,0.0976279,2
0.17645,0.134896,0.0450455,2
0.141488,0.156844,0.107958,2
0.135984,0.148592,0.0934728,2
0.215861,0.139692,0.0581669,2
0.161357,0.123302,0.090065,2
0.217962,0.116835,0.0703302,2
0.151622,0.155642,0.0888784,2
0.19609,0.145345,0.111704,2
0.116857,0.135697,0.0973439,2
0.216636,0.139569,0.0854148,2
0.173128,0.169955,0.0969299,2
0.160317,0.150108,0.0611641,2
0.188767,0.136656,0.0961095,2
0.125875,0.145092,0.106141,2
0.197455,0.175557,0.0901497,2
0.129562,0.122343,0.0742879,2
0.183421,0.18415,0.0961404,2
0.185643,0.13842,0.0721167,2
0.165712,0.151493,0.0808935,2
0.151128,0.124438,0.0530331,2
0.136183,0.149195,0.0710713,2
0.136106,0.14395,0.0798297,2
0.141274,0.173483,0.0851788,2
0.218713,0.1481,0.0813189,2
0.19179,0.152981,0.0967832,2
0.189856,0.131645,0.113466,2
0.109014,0.122301,0.0907325,2
0.184097,0.167041,0.113953,2
0.130677,0.135593,0.130556,3
0.196235,0.126873,0.158964,3
0.203227,0.154327,0.12293,3
0.152169,0.146872,0.153491,3
0.146992,0.121235,0.179232,3
0.154483,0.114701,0.154953,3
0.108868,0.12303,0.118788,3
0.182331,0.146894,0.165983,3
0.219397,0.156133,0.125879,3
0.161463,0.1173,0.118038,3
0.179704,0.177496,0.143735,3
0.19776,0.166076,0.157585,3
0.218076,0.116166,0.124579,3
0.18857,0.144094,0.130922,3
0.192196,0.134393,0.167597,3
0.146141,0.136914,0.117846,3
0.210766,0.134466,0.170293,3
0.150015,0.133486,0.175058,3
0.156859,0.113959,0.135061,3
0.21904,0.134087,0.126199,3
0.192964,0.178703,0.13659,3
0.203865,0.136814,0.162404,3
0.177984,0.124173,0.13659,3
0.201924,0.181382,0.119347,3
0.154486,0.134493,0.144534,3
0.118252,0.117065,0.151878,3
0.15616,0.165853,0.125163,3
0.182237,0.133484,0.162054,3
0.159549,0.179922,0.13861,3
0.116376,0.125648,0.146435,3
0.220802,0.152092,0.124826,3
0.160558,0.132888,0.136537,3
0.219016,0.127229,0.16711,3
0.217622,0.139428,0.11565,3
0.178201,0.125313,0.153788,3
0.158939,0.134694,0.118627,3
0.118635,0.138848,0.116365,3
0.172416,0.117622,0.160681,3
0.183094,0.148561,0.148815,3
0.176587,0.145662,0.132645,3
0.213493,0.162113,0.129343,3
0.133999,0.125305,0.167953,3
0.146181,0.137122,0.164055,3
0.176442,0.142768,0.15626,3
0.134264,0.156614,0.127658,3
0.156699,0.182726,0.122473,3
0.220858,0.141209,0.13406,3
0.212283,0.129728,0.145028,3
0.177234,0.130224,0.125834,3
0.113384,0.137879,0.138614,3
0.167499,0.168563,0.156788,3
0.186855,0.155583,0.142595,3
0.191128,0.116122,0.131218,3
0.123147,0.159366,0.131048,3
0.193753,0.115662,0.148748,3
0.125734,0.144852,0.128466,3
0.181061,0.126447,0.179582,3
0.196452,0.158318,0.147698,3
0.159297,0.128806,0.177066,3
0.173407,0.139959,0.122558,3
0.181111,0.173958,0.127936,3
0.161119,0.115598,0.17622,3
0.163731,0.150718,0.12498,3
0.184998,0.162633,0.153375,3
0.165668,0.156116,0.155817,3
0.176477,0.138972,0.17975,3
0.171022,0.134343,0.140605,3
0.204538,0.151802,0.161229,3
0.137735,0.115836,0.156259,3
0.193835,0.124141,0.137384,3
0.146107,0.17781,0.130552,3
0.211897,0.145843,0.131783,3
0.164592,0.162469,0.120501,3
0.208735,0.129627,0.118284,3
0.133904,0.137134,0.119134,3
0.223829,0.123645,0.146042,3
0.183103,0.114561,0.180146,3
0.133317,0.114462,0.122089,3
0.215954,0.150462,0.152647,3
0.1642,0.160666,0.140787,3
0.120606,0.114704,0.163204,3
0.199908,0.138745,0.151478,3
0.171679,0.1536,0.175059,3
0.130501,0.164707,0.121463,3
0.168397,0.129615,0.120436,3
0.14679,0.164411,0.12001,3
0.201779,0.122972,0.147491,3
0.148549,0.164065,0.157479,3
0.182838,0.183559,0.132241,3
0.145721,0.164881,0.138169,3
0.203091,0.145348,0.138573,3
0.207543,0.119384,0.173895,3
0.139325,0.149022,0.159572,3
0.200307,0.171538,0.136618,3
0.187459,0.123084,0.164808,3
0.148176,0.122437,0.141983,3
0.19807,0.134283,0.13823,3
0.219159,0.125755,0.133937,3
0.182445,0.159763,0.128975,3
0.164502,0.132317,0.162766,3
0.223657,0.116815,0.163285,3
0.212906,0.135064,0.134088,3
0.222715,0.161519,0.11584,3
0.205571,0.164549,0.148316,3
0.163192,0.170322,0.143215,3
0.132646,0.150283,0.136106,3
0.131768,0.122545,0.132223,3
0.143666,0.173753,0.118215,3
0.195335,0.168844,0.119604,3
0.194108,0.171876,0.147184,3
0.123071,0.128295,0.137435,3
0.110831,0.133215,0.120737,3
0.18374,0.137062,0.150753,3
0.118575,0.137409,0.150576,3
0.195822,0.122193,0.174211,3
0.144125,0.145104,0.126241,3
0.162358,0.161289,0.165107,3
0.125261,0.114871,0.137299,3
0.214344,0.11379,0.141567,3
0.133506,0.141325,0.155497,3
0.135674,0.128064,0.147852,3
0.169364,0.1252,0.171975,3
0.220464,0.168763,0.122976,3
0.121885,0.160494,0.117132,3
