x coord,y coord,z coord,rank
0.197363,0.0570456,0.0835378,0
0.203433,0.0672781,0.0971008,0
0.204852,0.0984416,0.0960118,0
0.201278,0.101344,0.086255,0
0.190978,0.0914011,0.0841748,0
0.206942,0.103098,0.0532226,0
0.222539,0.102862,0.0609785,0
0.194566,0.0695868,0.0521619,0
0.197734,0.0598185,0.0651349,0
0.218102,0.0709433,0.0645399,0
0.209108,0.0813924,0.070976,0
0.21582,0.0704841,0.0857516,0
0.193344,0.0399853,0.110903,0
0.211905,0.112171,0.0774924,0
0.193839,0.0773592,0.0763264,0
0.212469,0.0634422,0.0745371,0
0.204898,0.0698765,0.0841515,0
0.195329,0.104264,0.100466,0
0.201311,0.08974,0.0611664,0
0.224198,0.0821136,0.0637689,0
0.190841,0.100161,0.0558471,0
0.190787,0.0671648,0.0645773,0
0.212905,0.111322,0.0499718,0
0.209772,0.084622,0.109983,0
0.191224,0.112678,0.0512076,0
0.2182,0.0936514,0.11012,0
0.195605,0.0889922,0.103645,0
0.193498,0.098312,0.0684889,0
0.214025,0.0948682,0.0449879,0
0.215228,0.0640499,0.0880925,0
0.199338,0.0862866,0.110978,0
0.211216,0.0894305,0.0576163,0
0.205481,0.11094,0.105139,0
0.187237,0.0834028,0.099172,0
0.208291,0.109792,0.10549,0
0.192194,0.0518516,0.111305,0
0.204222,0.0975964,0.0441424,0
0.202462,0.108406,0.0872431,0
0.191339,0.0497281,0.110918,0
0.190586,0.0725286,0.0810572,0
0.216591,0.0971173,0.0712027,0
0.203286,0.101224,0.108232,0
0.205288,0.0677102,0.105706,0
0.197196,0.087035,0.111334,0
0.213842,0.0860949,0.0971171,0
0.203282,0.0549567,0.0886521,0
0.205418,0.101265,0.071729,0
0.214919,0.0546071,0.106093,0
0.191158,0.0738413,0.105494,0
0.190718,0.0512506,0.084584,0
0.206983,0.0808228,0.10201,0
0.213881,0.0880915,0.0727497,0
0.197506,0.0445005,0.0949357,0
0.211369,0.108286,0.110237,0
0.218979,0.0540327,0.0969876,0
0.208675,0.106594,0.0950916,0
0.193926,0.0666046,0.110926,0
0.202129,0.0401939,0.10794,0
0.203462,0.0990394,0.109764,0
0.194424,0.0652351,0.0767886,0
0.20275,0.0830601,0.109366,0
0.194864,0.0671919,0.0710166,0
0.219494,0.0658493,0.102404,0
0.19441,0.0846855,0.0574017,0
0.198674,0.093968,0.0495833,0
0.191492,0.0999327,0.0573102,0
0.189439,0.0979159,0.104362,0
0.190536,0.0860675,0.105032,0
0.224216,0.0933969,0.0492184,0
0.208325,0.0757142,0.0956384,0
0.195229,0.0971792,0.073613,0
0.191543,0.0771945,0.0507914,0
0.19458,0.0877992,0.0823223,0
0.20378,0.0433317,0.09215,0
0.195053,0.0750885,0.0929288,0
0.197865,0.0943784,0.101521,0
0.19899,0.102309,0.0737456,0
0.216136,0.0860434,0.0828827,0
0.219124,0.101214,0.103675,0
0.203605,0.0913529,0.0810349,0
0.216921,0.0825043,0.0491206,0
0.191454,0.0783345,0.0946652,0
0.19739,0.06155,0.0871997,0
0.196222,0.088669,0.0422502,0
0.220518,0.0890702,0.077391,0
0.195405,0.109284,0.0878943,0
0.208417,0.0594631,0.110175,0
0.221795,0.084411,0.0938446,0
0.222128,0.0942698,0.0952712,0
0.215309,0.0788194,0.0688454,0
0.198866,0.105428,0.0578624,0
0.216535,0.0588924,0.0814153,0
0.214417,0.103477,0.0830637,0
0.222712,0.105886,0.111722,0
0.21889,0.10411,0.101432,0
0.221473,0.062687,0.0693798,0
0.202524,0.0685034,0.0802761,0
0.203638,0.0784809,0.0519482,0
0.212246,0.0812281,0.0857209,0
0.192908,0.0943737,0.09742,0
0.190533,0.092815,0.0905649,0
0.192084,0.088195,0.0941323,0
0.201417,0.102304,0.0815766,0
0.20142,0.0912822,0.0893005,0
0.223143,0.0833215,0.0988124,0
0.205895,0.0640898,0.0611182,0
0.217156,0.110974,0.110796,0
0.190826,0.105741,0.0721803,0
0.211833,0.044484,0.103441,0
0.208445,0.103021,0.081387,0
0.192674,0.109345,0.0968483,0
0.190465,0.0602654,0.080526,0
0.202356,0.0798431,0.0705213,0
0.222521,0.0785788,0.0875302,0
0.191053,0.0989327,0.0787399,0
0.193179,0.0637163,0.0817984,0
0.190467,0.071782,0.0963312,0
0.19148,0.110862,0.0563994,0
0.190524,0.0535736,0.0965836,0
0.200758,0.0718146,0.0974108,0
0.206685,0.108281,0.0611428,0
0.190491,0.0900075,0.0497191,0
0.190468,0.0848027,0.0676774,0
0.212237,0.0937165,0.0838684,0
0.190676,0.0576783,0.105389,0
0.216626,0.081018,0.112044,0
0.214131,0.0972845,0.127656,1
0.21613,0.0826907,0.14725,1
0.193663,0.0613426,0.130635,1
0.222902,0.0489823,0.121171,1
0.190868,0.103857,0.115571,1
0.203289,0.0955436,0.135059,1
0.191314,0.105548,0.125435,1
0.199993,0.0777865,0.121908,1
0.192473,0.0722855,0.137929,1
0.205408,0.0791127,0.174034,1
0.218161,0.0905597,0.120537,1
0.190906,0.0996057,0.142981,1
0.194576,0.087571,0.146486,1
0.195796,0.0761305,0.119293,1
0.208368,0.0597458,0.115201,1
0.215329,0.0934345,0.167251,1
0.195839,0.109964,0.116434,1
0.202227,0.0672079,0.130131,1
0.194989,0.0968518,0.159577,1
0.205343,0.0636357,0.149464,1
0.212549,0.0740674,0.113374,1
0.200867,0.063378,0.162575,1
0.205496,0.0814279,0.122504,1
0.200898,0.0550357,0.140329,1
0.217229,0.0791682,0.113079,1
0.202905,0.107711,0.134861,1
0.19079,0.109171,0.179669,1
0.191584,0.0651562,0.150327,1
0.197083,0.108422,0.142812,1
0.195833,0.0637075,0.129646,1
0.190538,0.106853,0.162945,1
0.210013,0.0804947,0.132129,1
0.195154,0.0803303,0.147912,1
0.191314,0.104493,0.140794,1
0.200405,0.0856772,0.168616,1
0.191604,0.0879601,0.146071,1
0.220043,0.0612338,0.134808,1
0.19046,0.0568509,0.117873,1
0.221492,0.0923051,0.164817,1
0.216605,0.0774465,0.165904,1
0.221918,0.0860196,0.138825,1
0.195678,0.0562298,0.11473,1
0.218983,0.0700009,0.114955,1
0.196564,0.0771436,0.117203,1
0.224637,0.0926556,0.13551,1
0.224221,0.0707535,0.126663,1
0.193112,0.0954832,0.116532,1
0.207132,0.104406,0.142874,1
0.191509,0.100402,0.15773,1
0.218611,0.0734208,0.152678,1
0.190922,0.0650098,0.129587,1
0.191718,0.0968678,0.174943,1
0.202332,0.105751,0.132747,1
0.190477,0.0713152,0.112785,1
0.224397,0.103661,0.14548,1
0.194267,0.0861275,0.124975,1
0.194789,0.0689672,0.154783,1
0.189753,0.110973,0.126535,1
0.210534,0.112978,0.149798,1
0.21979,0.108698,0.164015,1
0.211573,0.0542293,0.123852,1
0.192664,0.0763567,0.161049,1
0.194451,0.0980599,0.136092,1
0.200093,0.108067,0.185778,1
0.192936,0.0882554,0.170333,1
0.21869,0.0665686,0.134934,1
0.198182,0.0939221,0.149594,1
0.205014,0.102545,0.164629,1
0.207449,0.103947,0.121118,1
0.214897,0.0879854,0.155739,1
0.20556,0.097006,0.175583,1
0.203845,0.0915029,0.154226,1
0.214211,0.0988841,0.128079,1
0.1932,0.108341,0.155345,1
0.200476,0.076412,0.158394,1
0.218138,0.0887489,0.15524,1
0.203249,0.093772,0.120257,1
0.220782,0.0645425,0.1573,1
0.191946,0.0858774,0.139723,1
0.198644,0.0852981,0.130338,1
0.191968,0.0989102,0.119757,1
0.195753,0.0771225,0.142546,1
0.206806,0.0542955,0.152946,1
0.211827,0.0805157,0.165647,1
0.208491,0.0759691,0.132634,1
0.199926,0.107804,0.119496,1
0.190457,0.0968612,0.165435,1
0.1868,0.109147,0.137635,1
0.213297,0.0982217,0.15372,1
0.19657,0.0709234,0.144637,1
0.193331,0.102073,0.126189,1
0.222149,0.0480332,0.138681,1
0.197715,0.093946,0.124747,1
0.191721,0.0965461,0.12997,1
0.19676,0.0567939,0.154887,1
0.192606,0.0820755,0.120267,1
0.196146,0.108658,0.133552,1
0.191211,0.0738299,0.138466,1
0.208066,0.108764,0.144297,1
0.191295,0.103488,0.16831,1
0.196018,0.0941265,0.145971,1
0.196299,0.0983625,0.116569,1
0.213609,0.0593483,0.14522,1
0.21649,0.103986,0.174721,1
0.208243,0.0867729,0.140676,1
0.219104,0.0574776,0.112567,1
0.193608,0.051625,0.146519,1
0.205771,0.0423555,0.120454,1
0.200684,0.0736708,0.14822,1
0.20239,0.0815259,0.141346,1
0.192823,0.0608165,0.141351,1
0.222253,0.0696405,0.113184,1
0.196192,0.0390588,0.11938,1
0.191666,0.0909572,0.153246,1
0.193605,0.0596173,0.14085,1
0.203349,0.0798644,0.154873,1
0.214968,0.0995633,0.155064,1
0.221017,0.0807972,0.135703,1
0.210035,0.069582,0.139541,1
0.214966,0.0865112,0.138586,1
0.182557,0.0916279,0.119065,1
0.190635,0.0775052,0.149584,1
0.222016,0.110852,0.134657,1
0.190459,0.0682116,0.154986,1
0.219923,0.178176,0.0964157,2
0.199385,0.115156,0.0814502,2
0.202653,0.126803,0.0916308,2
0.190489,0.168868,0.108676,2
0.191058,0.1597,0.111094,2
0.206228,0.163221,0.107171,2
0.198723,0.145951,0.107213,2
0.219827,0.124264,0.0721232,2
0.216023,0.128305,0.0859063,2
0.22165,0.168135,0.100091,2
0.1939,0.146997,0.108084,2
0.190643,0.123892,0.0973505,2
0.222205,0.129512,0.106833,2
0.192574,0.153261,0.0865623,2
0.195869,0.124743,0.112264,2
0.217172,0.138324,0.0884725,2
0.196411,0.168649,0.0858004,2
0.20574,0.161846,0.0932486,2
0.198286,0.160194,0.0549379,2
0.192022,0.122955,0.0798399,2
0.200321,0.122069,0.0631989,2
0.192105,0.154338,0.0535971,2
0.190565,0.126568,0.08427,2
0.207339,0.126474,0.111296,2
0.205669,0.120997,0.0459144,2
0.22283,0.116544,0.0927428,2
0.190715,0.168426,0.0900523,2
0.197075,0.12247,0.108662,2
0.191839,0.149055,0.0713976,2
0.190762,0.164586,0.0794362,2
0.21086,0.153638,0.0807915,2
0.219468,0.165265,0.0952951,2
0.199572,0.133239,0.101135,2
0.22292,0.123051,0.092368,2
0.207723,0.126038,0.103829,2
0.193263,0.116063,0.0584462,2
0.197994,0.145604,0.0511023,2
0.193458,0.114254,0.1036,2
0.206834,0.173292,0.0794579,2
0.224377,0.137742,0.0582101,2
0.194174,0.121367,0.0458965,2
0.191355,0.153167,0.0924199,2
0.217157,0.117166,0.0600677,2
0.19349,0.161181,0.0677946,2
0.2017,0.115868,0.112765,2
0.192057,0.135662,0.059714,2
0.191062,0.12428,0.0545251,2
0.214532,0.114491,0.0815983,2
0.208377,0.167675,0.109851,2
0.192254,0.123049,0.0658921,2
0.19556,0.16483,0.0988068,2
0.216371,0.178726,0.106999,2
0.190926,0.144823,0.0878942,2
0.190851,0.162754,0.0983378,2
0.203784,0.11718,0.102254,2
0.193023,0.113867,0.0726737,2
0.199154,0.157771,0.0976712,2
0.222605,0.146533,0.108221,2
0.19454,0.14898,0.0589273,2
0.197423,0.13013,0.0544474,2
0.204021,0.153705,0.0710305,2
0.216932,0.119086,0.0815358,2
0.199201,0.166545,0.0756243,2
0.190485,0.1614,0.0634588,2
0.190765,0.142664,0.0924812,2
0.190618,0.1509,0.0570415,2
0.190589,0.146846,0.0762428,2
0.211939,0.133904,0.0686,2
0.193852,0.173563,0.0761382,2
0.204098,0.116602,0.0567053,2
0.212627,0.14341,0.101445,2
0.209988,0.118111,0.05342,2
0.191406,0.129074,0.0937382,2
0.201185,0.126885,0.0925562,2
0.209468,0.131542,0.0720227,2
0.204598,0.13683,0.0799803,2
0.194915,0.159374,0.106205,2
0.196708,0.132918,0.10176,2
0.209106,0.138664,0.103535,2
0.222195,0.156402,0.0718228,2
0.214074,0.115231,0.0934753,2
0.191938,0.130038,0.084417,2
0.214875,0.135951,0.108504,2
0.201532,0.163469,0.105699,2
0.190537,0.135449,0.0674863,2
0.190759,0.134648,0.0846165,2
0.204844,0.118299,0.0745363,2
0.209441,0.180058,0.095944,2
0.20833,0.139277,0.0861043,2
0.1907,0.137332,0.10743,2
0.209776,0.127438,0.0529299,2
0.192343,0.176027,0.11215,2
0.198445,0.145149,0.0668296,2
0.195019,0.114656,0.0841675,2
0.222401,0.153166,0.0976563,2
0.203318,0.136294,0.0674782,2
0.190512,0.177888,0.103598,2
0.199232,0.148237,0.0976279,2
0.200143,0.134896,0.0450578,2
0.219999,0.156844,0.107958,2
0.214491,0.148592,0.0934728,2
0.193061,0.139692,0.0581669,2
0.211282,0.123302,0.090065,2
0.194201,0.116835,0.0703302,2
0.219998,0.155642,0.0888784,2
0.191414,0.145345,0.111704,2
0.195366,0.135697,0.0973439,2
0.224678,0.139569,0.0854148,2
0.202314,0.169955,0.0969299,2
0.212164,0.150108,0.0611641,2
0.19374,0.136656,0.0961095,2
0.204384,0.145092,0.106141,2
0.191129,0.175557,0.0901497,2
0.208068,0.122343,0.0742879,2
0.196176,0.18415,0.0961404,2
0.195093,0.13842,0.0721167,2
0.207745,0.151493,0.0808935,2
0.220466,0.124438,0.0530331,2
0.214692,0.149195,0.071064,2
0.214616,0.14395,0.0798297,2
0.219784,0.173483,0.0851788,2
0.21089,0.1481,0.0813189,2
0.192632,0.152981,0.0967832,2
0.193322,0.131645,0.113466,2
0.187525,0.122301,0.0907325,2
0.195835,0.167041,0.113953,2
0.209184,0.135593,0.130556,3
0.191372,0.126873,0.158964,3
0.19047,0.154327,0.12293,3
0.219479,0.146872,0.153491,3
0.224498,0.121235,0.179232,3
0.217325,0.114701,0.154953,3
0.187374,0.12303,0.118788,3
0.196732,0.146894,0.165983,3
0.208954,0.156133,0.125879,3
0.211191,0.1173,0.118038,3
0.198178,0.177496,0.143735,3
0.19106,0.166076,0.157585,3
0.194255,0.116166,0.124579,3
0.193823,0.144094,0.130922,3
0.1925,0.134393,0.167597,3
0.224651,0.136914,0.117846,3
0.191246,0.134466,0.170293,3
0.221538,0.133486,0.175058,3
0.215175,0.113959,0.135061,3
0.209925,0.134087,0.126199,3
0.192249,0.178703,0.13659,3
0.190462,0.136814,0.162404,3
0.199195,0.124173,0.13659,3
0.190537,0.181382,0.119347,3
0.217323,0.134493,0.144534,3
0.196759,0.117065,0.151878,3
0.215804,0.165853,0.125163,3
0.196795,0.133484,0.162054,3
0.212818,0.179922,0.13861,3
0.194883,0.125648,0.146435,3
0.196092,0.152092,0.124826,3
0.211961,0.132888,0.136537,3
0.194861,0.127229,0.16711,3
0.218125,0.139428,0.11565,3
0.19907,0.125313,0.153788,3
0.213345,0.134694,0.118627,3
0.197148,0.138848,0.116365,3
0.202804,0.117622,0.160681,3
0.196341,0.148561,0.148815,3
0.200053,0.145662,0.132645,3
0.192071,0.162113,0.129343,3
0.212507,0.125305,0.167953,3
0.224691,0.137122,0.164055,3
0.200148,0.142768,0.15626,3
0.212772,0.156614,0.127658,3
0.215318,0.182726,0.122473,3
0.196161,0.141209,0.13406,3
0.19167,0.129728,0.145028,3
0.199651,0.130224,0.125834,3
0.19189,0.137879,0.138614,3
0.206371,0.168563,0.156788,3
0.194553,0.155583,0.142595,3
0.19285,0.116122,0.131218,3
0.201656,0.159366,0.131048,3
0.192024,0.115662,0.148748,3
0.204241,0.144852,0.128466,3
0.19742,0.126447,0.179582,3
0.191336,0.158318,0.147698,3
0.213034,0.128806,0.177066,3
0.202121,0.139959,0.122558,3
0.197391,0.173958,0.127936,3
0.211487,0.115598,0.17622,3
0.209328,0.150718,0.12498,3
0.195405,0.162633,0.153375,3
0.207789,0.156116,0.155817,3
0.200123,0.138972,0.17975,3
0.203783,0.134343,0.140605,3
0.19047,0.151802,0.161229,3
0.216242,0.115836,0.156259,3
0.191991,0.124141,0.137384,3
0.224615,0.17781,0.130552,3
0.191556,0.145843,0.131783,3
0.208634,0.162469,0.120501,3
0.190834,0.129627,0.118284,3
0.212413,0.137134,0.119134,3
0.201243,0.123645,0.146042,3
0.196333,0.114561,0.180146,3
0.211829,0.114462,0.122089,3
0.193109,0.150462,0.152647,3
0.20895,0.160666,0.140787,3
0.199117,0.114704,0.163204,3
0.190726,0.138745,0.151478,3
0.203312,0.1536,0.175059,3
0.209014,0.164707,0.121463,3
0.20569,0.129615,0.120436,3
0.224701,0.164411,0.12001,3
0.190541,0.122972,0.147491,3
0.222965,0.164065,0.157479,3
0.196471,0.183559,0.132241,3
0.224231,0.164881,0.138169,3
0.190482,0.145348,0.138573,3
0.190661,0.119384,0.173895,3
0.217831,0.149022,0.159572,3
0.190677,0.171538,0.136618,3
0.194283,0.123084,0.164808,3
0.223326,0.122437,0.141983,3
0.191008,0.134283,0.13823,3
0.20962,0.125755,0.133937,3
0.196685,0.159763,0.128975,3
0.208703,0.132317,0.162766,3
0.201459,0.116815,0.163285,3
0.191861,0.135064,0.134088,3
0.197679,0.161519,0.11584,3
0.190504,0.164549,0.148316,3
0.209764,0.170322,0.143215,3
0.211156,0.150283,0.136106,3
0.210277,0.122545,0.132223,3
0.222174,0.173753,0.118215,3
0.19159,0.168844,0.119604,3
0.191924,0.171876,0.147184,3
0.20158,0.128295,0.137435,3
0.189342,0.133215,0.120737,3
0.196013,0.137062,0.150753,3
0.197082,0.137409,0.150576,3
0.191468,0.122193,0.174211,3
0.222633,0.145104,0.126241,3
0.210452,0.161289,0.165107,3
0.203769,0.114871,0.137299,3
0.192391,0.11379,0.141567,3
0.212017,0.141325,0.155497,3
0.214183,0.128064,0.147852,3
0.204972,0.1252,0.171975,3
0.195866,0.168763,0.122976,3
0.200394,0.160494,0.117132,3
