x coord,y coord,z coord,rank
0.20375,0.0570456,0.0835378,0
0.216692,0.0975964,0.0441424,0
0.18092,0.0771945,0.0507914,0
0.179539,0.0989327,0.0787399,0
0.115258,0.0672781,0.0971008,0
0.162264,0.102862,0.0609785,0
0.14244,0.0709433,0.0645399,0
0.192121,0.0695868,0.0521619,0
0.205289,0.0598185,0.0651349,0
0.125261,0.0813924,0.070976,0
0.180655,0.0783345,0.0946652,0
0.1379,0.0704841,0.0857516,0
0.18732,0.0399853,0.110903,0
0.17914,0.0900075,0.0497191,0
0.189206,0.0773592,0.0763264,0
0.185084,0.0914011,0.0841748,0
0.188468,0.0634422,0.0745371,0
0.19525,0.104264,0.100466,0
0.117782,0.0698765,0.0841515,0
0.179973,0.0848027,0.0676774,0
0.211504,0.0718146,0.0974108,0
0.158551,0.0821136,0.0637689,0
0.180764,0.0999327,0.0573102,0
0.18385,0.0948682,0.0449879,0
0.180499,0.0640499,0.0880925,0
0.218082,0.0936514,0.11012,0
0.196348,0.0889922,0.103645,0
0.187935,0.098312,0.0684889,0
0.118824,0.11094,0.105139,0
0.0900046,0.0834497,0.0993847,0
0.212164,0.0862866,0.110978,0
0.179926,0.071782,0.0963312,0
0.113585,0.108406,0.0872431,0
0.139404,0.0971173,0.0712027,0
0.206158,0.109792,0.10549,0
0.193522,0.0518516,0.111305,0
0.181697,0.0725286,0.0810572,0
0.134102,0.0860949,0.0971171,0
0.214292,0.0984416,0.0960118,0
0.224523,0.0798431,0.0705213,0
0.178916,0.0512506,0.084584,0
0.180316,0.0497664,0.110918,0
0.140509,0.110974,0.110796,0
0.223657,0.087035,0.111334,0
0.13615,0.0546071,0.106093,0
0.184323,0.0880915,0.0727497,0
0.205294,0.101265,0.071729,0
0.191705,0.108286,0.110237,0
0.170724,0.0540327,0.0969876,0
0.124442,0.106594,0.0950916,0
0.205419,0.0808228,0.10201,0
0.184019,0.100161,0.0558471,0
0.204289,0.0445005,0.0949357,0
0.114141,0.0830601,0.109366,0
0.2126,0.0677102,0.105706,0
0.169524,0.0658493,0.102404,0
0.1896,0.0666046,0.110926,0
0.0931499,0.0979159,0.104362,0
0.206534,0.0990394,0.109764,0
0.207388,0.0652351,0.0767886,0
0.158474,0.0933969,0.0492184,0
0.193339,0.0671919,0.0710166,0
0.10194,0.0971792,0.073613,0
0.191475,0.0846855,0.0574017,0
0.209288,0.093968,0.0496129,0
0.178971,0.0535736,0.0965836,0
0.218573,0.0433317,0.09215,0
0.220596,0.0549951,0.0886521,0
0.219146,0.0784809,0.0519482,0
0.201219,0.103021,0.081387,0
0.181087,0.0860675,0.105032,0
0.201285,0.0594631,0.110175,0
0.192214,0.0877992,0.0823223,0
0.178082,0.0860434,0.0828827,0
0.1941,0.0750885,0.0929288,0
0.222612,0.0943784,0.101521,0
0.210631,0.102309,0.0737456,0
0.170364,0.101214,0.103675,0
0.130396,0.112171,0.0774924,0
0.223787,0.0685034,0.0802761,0
0.19678,0.084622,0.109983,0
0.188751,0.110862,0.0563994,0
0.224751,0.06155,0.0871997,0
0.198925,0.088669,0.0422502,0
0.176033,0.0825043,0.0491206,0
0.195505,0.109284,0.0878943,0
0.201598,0.0757142,0.0956384,0
0.215075,0.084411,0.0938446,0
0.220171,0.0942698,0.0952712,0
0.147269,0.0890702,0.077391,0
0.210095,0.105428,0.0578624,0
0.220614,0.101224,0.108232,0
0.179983,0.112678,0.0512076,0
0.221458,0.105886,0.111722,0
0.22388,0.10411,0.101432,0
0.224387,0.0401939,0.10794,0
0.20637,0.103098,0.0532226,0
0.180295,0.0788194,0.0688454,0
0.211362,0.0812281,0.0857209,0
0.185674,0.0943737,0.09742,0
0.139259,0.0588924,0.0814153,0
0.192848,0.088195,0.0941323,0
0.209884,0.102304,0.0815766,0
0.135199,0.103477,0.0830637,0
0.16472,0.062687,0.0693798,0
0.18253,0.0576783,0.105389,0
0.179013,0.0671648,0.0645773,0
0.210273,0.0640898,0.0611182,0
0.187179,0.111322,0.0499718,0
0.111898,0.0912822,0.0893005,0
0.179238,0.0602654,0.080526,0
0.160931,0.0832748,0.0986464,0
0.178933,0.092815,0.0905649,0
0.183945,0.105741,0.0721803,0
0.190353,0.044484,0.103441,0
0.186692,0.0637163,0.0817984,0
0.219304,0.0913529,0.0810349,0
0.220616,0.101344,0.086255,0
0.220871,0.08974,0.0611664,0
0.0979492,0.109345,0.0968483,0
0.186425,0.0738413,0.105494,0
0.162344,0.0785788,0.0875302,0
0.19215,0.0894305,0.0576163,0
0.131023,0.0937165,0.0838684,0
0.120859,0.108281,0.0611428,0
0.22127,0.081018,0.112044,0
0.183658,0.0972845,0.127656,1
0.138479,0.0826907,0.14725,1
0.186874,0.0738299,0.138466,1
0.161411,0.0489823,0.121171,1
0.224893,0.0672079,0.130131,1
0.115037,0.0955436,0.135059,1
0.204654,0.103947,0.121118,1
0.180848,0.100402,0.15773,1
0.188563,0.0613426,0.130635,1
0.180004,0.0682116,0.154986,1
0.142477,0.0905597,0.120537,1
0.180248,0.104493,0.140794,1
0.100932,0.087571,0.146486,1
0.213644,0.102545,0.164629,1
0.123884,0.0597458,0.115201,1
0.180304,0.0934345,0.167251,1
0.18449,0.0996057,0.142981,1
0.212117,0.0791127,0.174034,1
0.213742,0.0777865,0.121908,1
0.179791,0.0968612,0.165435,1
0.18814,0.0740674,0.113374,1
0.18405,0.0722855,0.137929,1
0.211563,0.097006,0.175583,1
0.197171,0.0761305,0.119293,1
0.140636,0.0791682,0.113079,1
0.197276,0.109964,0.116434,1
0.19386,0.0968518,0.159577,1
0.218844,0.063378,0.162575,1
0.10481,0.108422,0.142812,1
0.210767,0.0423555,0.120454,1
0.219005,0.0550741,0.140329,1
0.126865,0.0804947,0.132129,1
0.215759,0.0637075,0.129646,1
0.194518,0.0803303,0.147912,1
0.216786,0.0856772,0.168616,1
0.216701,0.0860196,0.138825,1
0.168136,0.0612338,0.134808,1
0.196592,0.0562298,0.11473,1
0.14929,0.0923051,0.164817,1
0.139387,0.0774465,0.165904,1
0.222273,0.0700009,0.114955,1
0.199423,0.0954832,0.116532,1
0.20106,0.0759691,0.132634,1
0.104022,0.0771436,0.117203,1
0.155994,0.0926556,0.13551,1
0.158487,0.0707535,0.126663,1
0.208089,0.105751,0.132747,1
0.211801,0.0814279,0.122504,1
0.190918,0.0861275,0.124975,1
0.171667,0.0734208,0.152678,1
0.180218,0.103488,0.16831,1
0.192975,0.0689672,0.154783,1
0.184794,0.0763567,0.161049,1
0.19164,0.0980599,0.136092,1
0.158152,0.103661,0.14548,1
0.205751,0.104406,0.142874,1
0.224466,0.0815259,0.141346,1
0.184181,0.103857,0.115571,1
0.215468,0.108067,0.185778,1
0.145801,0.108698,0.164015,1
0.191093,0.0542293,0.123852,1
0.185781,0.0882554,0.170333,1
0.207256,0.0939221,0.149594,1
0.215368,0.0988841,0.128079,1
0.199918,0.108341,0.155345,1
0.143625,0.0665686,0.134934,1
0.217177,0.076412,0.158394,1
0.191914,0.0858774,0.139723,1
0.218849,0.0852981,0.130338,1
0.181493,0.0879854,0.155739,1
0.179165,0.0713152,0.112785,1
0.181194,0.106853,0.162945,1
0.190051,0.0909572,0.153246,1
0.179592,0.0568509,0.117873,1
0.213417,0.0982217,0.15372,1
0.142485,0.0887489,0.15524,1
0.114966,0.093772,0.120257,1
0.166358,0.0645425,0.1573,1
0.21999,0.0709234,0.144637,1
0.200778,0.102073,0.126189,1
0.0969178,0.0989102,0.119757,1
0.102719,0.0771225,0.142546,1
0.178839,0.0775052,0.149584,1
0.190353,0.0805157,0.165647,1
0.180217,0.105548,0.125435,1
0.109447,0.107804,0.119496,1
0.223422,0.093946,0.124747,1
0.0893572,0.109147,0.137635,1
0.218337,0.0915029,0.154226,1
0.201222,0.0568322,0.154887,1
0.181087,0.0879601,0.146071,1
0.163173,0.0480332,0.138681,1
0.19621,0.0820755,0.120267,1
0.0965313,0.0965461,0.12997,1
0.206956,0.0542955,0.152946,1
0.198606,0.108658,0.133552,1
0.184648,0.0650098,0.129587,1
0.222238,0.107711,0.134861,1
0.123417,0.108764,0.144297,1
0.212354,0.0636357,0.149464,1
0.216822,0.0941265,0.145971,1
0.199253,0.0983625,0.116569,1
0.185045,0.0593483,0.14522,1
0.177123,0.103986,0.174721,1
0.12371,0.0867729,0.140676,1
0.170435,0.0574776,0.112567,1
0.188291,0.051625,0.146519,1
0.218078,0.0736708,0.14822,1
0.185328,0.0608165,0.141351,1
0.198819,0.0390588,0.11938,1
0.181016,0.0651562,0.150327,1
0.162872,0.0696405,0.113184,1
0.190462,0.0968678,0.174943,1
0.202443,0.0596173,0.14085,1
0.179016,0.109171,0.179669,1
0.115156,0.0798644,0.154873,1
0.136208,0.0995633,0.155064,1
0.148359,0.0807972,0.135703,1
0.126923,0.069582,0.139541,1
0.181266,0.0865879,0.138586,1
0.0834736,0.0916279,0.119065,1
0.208619,0.112978,0.149798,1
0.150466,0.110852,0.134657,1
0.093659,0.110973,0.126535,1
0.183322,0.164586,0.0794362,2
0.212456,0.115156,0.0814502,2
0.182203,0.123892,0.0973505,2
0.217605,0.153705,0.0710305,2
0.168645,0.124264,0.0721232,2
0.205228,0.163221,0.107171,2
0.209489,0.145951,0.107213,2
0.217176,0.116602,0.0567053,2
0.180486,0.129074,0.0937382,2
0.138304,0.128305,0.0859063,2
0.204251,0.146997,0.108084,2
0.149636,0.168135,0.100091,2
0.163034,0.129512,0.106833,2
0.184429,0.153261,0.0865623,2
0.215894,0.124743,0.112264,2
0.218575,0.11718,0.102254,2
0.199744,0.168649,0.0858004,2
0.175385,0.138324,0.0884725,2
0.207643,0.160194,0.0549379,2
0.196778,0.127438,0.0529299,2
0.209126,0.1481,0.0813189,2
0.182777,0.154338,0.0535971,2
0.187899,0.153167,0.0924199,2
0.110073,0.122069,0.0631989,2
0.122031,0.126474,0.111296,2
0.22061,0.116544,0.0927428,2
0.179174,0.1614,0.0634588,2
0.104813,0.12247,0.108662,2
0.181827,0.148934,0.0716116,2
0.128424,0.153638,0.0807915,2
0.169592,0.165265,0.0952951,2
0.161431,0.123051,0.092368,2
0.213138,0.133853,0.0999836,2
0.206767,0.173292,0.0794579,2
0.205744,0.126038,0.103829,2
0.186956,0.116063,0.0584462,2
0.206347,0.145604,0.0511023,2
0.192401,0.122955,0.0798399,2
0.221732,0.163469,0.105699,2
0.214283,0.118299,0.0745363,2
0.190589,0.121881,0.0458965,2
0.187218,0.131645,0.113466,2
0.15814,0.137742,0.0582101,2
0.187898,0.161181,0.0677946,2
0.20928,0.115868,0.112765,2
0.182601,0.135662,0.059714,2
0.175358,0.117166,0.0600677,2
0.177401,0.178726,0.106999,2
0.211164,0.120484,0.0459527,2
0.183308,0.123049,0.0658921,2
0.21416,0.16483,0.0988068,2
0.181708,0.146846,0.0762428,2
0.183373,0.142664,0.0924812,2
0.20135,0.167675,0.109851,2
0.179263,0.144823,0.0878942,2
0.182124,0.1509,0.0570798,2
0.108155,0.157771,0.0976712,2
0.16211,0.146533,0.108221,2
0.191991,0.14898,0.0589273,2
0.203931,0.13013,0.0544474,2
0.1791,0.162754,0.0983378,2
0.17594,0.119086,0.0815358,2
0.211614,0.166545,0.0756243,2
0.190053,0.133904,0.0686,2
0.21568,0.134896,0.0450962,2
0.19429,0.13842,0.0721167,2
0.224781,0.169955,0.0969299,2
0.203534,0.151493,0.0808935,2
0.189287,0.173563,0.0761382,2
0.1803,0.168868,0.108676,2
0.113958,0.126803,0.0916308,2
0.197867,0.180058,0.095944,2
0.098513,0.113867,0.0726737,2
0.210415,0.126885,0.0925562,2
0.207264,0.131542,0.0720227,2
0.187914,0.14341,0.101445,2
0.193483,0.159374,0.106205,2
0.220809,0.132304,0.102911,2
0.206868,0.138664,0.103535,2
0.179725,0.175557,0.0901497,2
0.126888,0.118111,0.05342,2
0.183269,0.134648,0.0846165,2
0.117224,0.13683,0.0799803,2
0.163022,0.156402,0.0718228,2
0.134455,0.115231,0.0934753,2
0.0968625,0.130038,0.084417,2
0.181461,0.135951,0.108504,2
0.178899,0.126568,0.08427,2
0.168435,0.178176,0.0964157,2
0.180536,0.145345,0.111704,2
0.182971,0.168426,0.0900523,2
0.183605,0.176027,0.11215,2
0.219745,0.145149,0.0668296,2
0.210929,0.114656,0.0841675,2
0.0950775,0.137332,0.10743,2
0.179549,0.1597,0.111094,2
0.151173,0.153166,0.0976563,2
0.21644,0.148237,0.0976279,2
0.115096,0.136294,0.0674782,2
0.181014,0.135449,0.0674863,2
0.210842,0.161846,0.0932486,2
0.199111,0.139692,0.0581669,2
0.146284,0.156844,0.107958,2
0.206037,0.116835,0.0703302,2
0.135322,0.148592,0.0934728,2
0.168296,0.155642,0.0888784,2
0.184653,0.152981,0.0967832,2
0.214302,0.139569,0.0854148,2
0.102171,0.135697,0.0973439,2
0.180915,0.177888,0.103598,2
0.188864,0.136656,0.0961095,2
0.189363,0.150108,0.0611641,2
0.116872,0.145092,0.106141,2
0.201598,0.139277,0.0861043,2
0.198706,0.18415,0.0961404,2
0.123418,0.122343,0.0742879,2
0.167147,0.124438,0.0530331,2
0.135702,0.149316,0.0708501,2
0.216062,0.114491,0.0815983,2
0.187782,0.114254,0.1036,2
0.13558,0.14395,0.0798297,2
0.145806,0.173483,0.0851788,2
0.185714,0.12428,0.0545251,2
0.090433,0.122301,0.0907325,2
0.192013,0.123302,0.090065,2
0.19733,0.167041,0.113953,2
0.125376,0.135593,0.130556,3
0.192227,0.1173,0.118038,3
0.194878,0.11379,0.141567,3
0.169494,0.146872,0.153491,3
0.157841,0.121235,0.179232,3
0.174917,0.114701,0.154953,3
0.0902381,0.12303,0.118788,3
0.218584,0.134343,0.140605,3
0.222658,0.117622,0.160681,3
0.181101,0.168844,0.119604,3
0.189288,0.145843,0.131783,3
0.130263,0.114462,0.122089,3
0.190098,0.129728,0.145028,3
0.203492,0.156116,0.155817,3
0.206375,0.116166,0.124579,3
0.15607,0.136914,0.117846,3
0.18248,0.119384,0.173895,3
0.164594,0.133486,0.175058,3
0.189175,0.144094,0.130922,3
0.184156,0.134393,0.167597,3
0.198252,0.150718,0.12498,3
0.18072,0.122193,0.174211,3
0.207783,0.134087,0.126199,3
0.183298,0.178703,0.13659,3
0.174919,0.134493,0.144534,3
0.104305,0.117065,0.151878,3
0.178963,0.165853,0.125163,3
0.211614,0.124173,0.13659,3
0.187385,0.179922,0.13861,3
0.101368,0.125648,0.146435,3
0.210982,0.129615,0.120436,3
0.189976,0.132888,0.136537,3
0.199419,0.114561,0.180146,3
0.201254,0.133484,0.162054,3
0.217283,0.152092,0.124826,3
0.185795,0.134694,0.118627,3
0.104925,0.138848,0.116365,3
0.209954,0.127229,0.16711,3
0.178918,0.138745,0.151478,3
0.110189,0.160494,0.117132,3
0.179577,0.166076,0.157585,3
0.131543,0.125305,0.167953,3
0.156133,0.137122,0.164055,3
0.134742,0.128064,0.147852,3
0.132054,0.156614,0.127658,3
0.180286,0.182726,0.122473,3
0.179917,0.151802,0.161229,3
0.219177,0.139428,0.11565,3
0.210986,0.125313,0.153788,3
0.0968205,0.137879,0.138614,3
0.199417,0.148561,0.148815,3
0.215324,0.145662,0.132645,3
0.201113,0.146894,0.165983,3
0.112317,0.159366,0.131048,3
0.220431,0.1536,0.175059,3
0.116641,0.144852,0.128466,3
0.217615,0.141209,0.13406,3
0.180439,0.126873,0.158964,3
0.186693,0.128806,0.177066,3
0.19203,0.155583,0.142595,3
0.185492,0.116122,0.131218,3
0.191422,0.115598,0.17622,3
0.182482,0.115662,0.148748,3
0.203988,0.126447,0.179582,3
0.196769,0.170322,0.143215,3
0.203875,0.173958,0.127936,3
0.183932,0.129627,0.118284,3
0.195487,0.162633,0.153375,3
0.138673,0.115836,0.156259,3
0.187114,0.134466,0.170293,3
0.15591,0.17781,0.130552,3
0.182406,0.124141,0.137384,3
0.213589,0.130224,0.125834,3
0.180609,0.164549,0.148316,3
0.13134,0.137134,0.119134,3
0.215681,0.142768,0.15626,3
0.210289,0.123645,0.146042,3
0.179232,0.145348,0.138573,3
0.224407,0.139959,0.122558,3
0.199365,0.150462,0.152647,3
0.108088,0.114704,0.163204,3
0.20025,0.132317,0.162766,3
0.208528,0.168563,0.156788,3
0.125051,0.164707,0.121463,3
0.17929,0.154327,0.12293,3
0.157444,0.164411,0.12001,3
0.191388,0.135064,0.134088,3
0.161276,0.164065,0.157479,3
0.178874,0.171538,0.136618,3
0.155078,0.164881,0.138169,3
0.213704,0.1252,0.171975,3
0.199974,0.183559,0.132241,3
0.141821,0.149022,0.159572,3
0.178896,0.122972,0.147491,3
0.190997,0.123084,0.164808,3
0.160507,0.122437,0.141983,3
0.199493,0.160666,0.140787,3
0.215616,0.138972,0.17975,3
0.207449,0.125755,0.133937,3
0.178944,0.181382,0.119347,3
0.206704,0.156133,0.125879,3
0.2008,0.159763,0.128975,3
0.209796,0.116815,0.163285,3
0.179558,0.136814,0.162404,3
0.180292,0.158318,0.147698,3
0.129004,0.150283,0.136106,3
0.127367,0.122545,0.132223,3
0.150706,0.173753,0.118215,3
0.223631,0.161519,0.11584,3
0.194628,0.161289,0.165107,3
0.112108,0.128295,0.137435,3
0.093057,0.133215,0.120737,3
0.207267,0.177496,0.143735,3
0.104819,0.137519,0.150466,3
0.182136,0.171876,0.147184,3
0.151753,0.145104,0.126241,3
0.198067,0.136951,0.150864,3
0.115875,0.114871,0.137299,3
0.200494,0.162469,0.120501,3
0.130566,0.141325,0.155497,3
0.192753,0.162113,0.129343,3
0.180653,0.113959,0.135061,3
0.215912,0.168763,0.122976,3
0.179434,0.134283,0.13823,3
