x coord,y coord,z coord,rank
0.206002,0.10174,0.124032,0
0.149903,0.0882202,0.148499,0
0.131447,0.0273386,0.157179,0
0.173027,0.104468,0.128421,0
0.213074,0.124856,0.131766,0
0.216632,0.0998588,0.14821,0
0.193019,0.0650329,0.168723,0
0.0693128,0.0524492,0.185008,0
0.0902821,0.0727736,0.208035,0
0.0967925,0.0314897,0.16843,0
0.208797,0.0407984,0.196719,0
0.00349839,0.0222383,0.140796,0
0.0393844,0.0116794,0.173201,0
0.0447134,0.062944,0.152479,0
0.147465,0.11126,0.179537,0
0.202507,0.101019,0.197994,0
0.208081,0.0645568,0.12026,0
0.0288324,0.0376378,0.151145,0
0.0807842,0.0195058,0.19696,0
0.0846553,0.101469,0.132152,0
0.120804,0.0956133,0.145673,0
0.145502,0.00664833,0.212107,0
0.0555693,0.00249886,0.126557,0
0.00588739,0.0970275,0.214759,0
0.0263556,0.043137,0.131751,0
0.0782528,0.0773366,0.172438,0
0.0436134,0.0553221,0.197051,0
0.123749,0.0367171,0.192612,0
0.0236798,0.0186496,0.161575,0
0.181766,0.108044,0.129724,0
0.0122722,0.114467,0.16988,0
0.207055,0.123361,0.122055,0
0.223707,0.0873143,0.157221,0
0.0196559,0.104128,0.131169,0
0.103327,0.0969344,0.146305,0
0.223793,0.0730188,0.176388,0
0.0626022,0.04756,0.156375,0
0.0287026,0.0888629,0.221897,0
0.020586,0.089167,0.130092,0
0.154768,0.0154985,0.178513,0
0.123655,0.10907,0.208007,0
0.0197734,0.113634,0.17074,0
0.130141,0.0666278,0.214526,0
0.203604,0.0240747,0.163802,0
0.179433,0.077956,0.203099,0
0.141889,0.064866,0.177884,0
0.222,0.00269936,0.202667,0
0.034732,0.0515574,0.14499,0
0.204624,0.117242,0.12863,0
0.0596495,0.0654631,0.189649,0
0.0810185,0.106905,0.160004,0
0.0756058,0.11657,0.198114,0
0.140601,0.0836434,0.150773,0
0.158007,0.0674371,0.133745,0
0.01197,0.0951785,0.20181,0
0.13485,0.0116601,0.154565,0
0.157624,0.112289,0.210627,0
0.0168633,0.100574,0.202985,0
0.170015,0.0548874,0.139122,0
0.149708,0.111596,0.19883,0
0.087577,0.0798404,0.192687,0
0.151512,0.0272367,0.149622,0
0.196433,0.108342,0.118962,0
0.0699397,0.0574135,0.170357,0
0.0891978,0.0544822,0.186051,0
0.174,0.107526,0.17211,0
0.189957,0.0680949,0.186567,0
0.219863,0.0865702,0.149936,0
0.200962,0.0651485,0.218467,0
0.20748,0.0337238,0.179208,0
0.019779,0.0884065,0.215211,0
0.0517042,0.10326,0.13689,0
0.208638,0.101084,0.178372,0
0.179417,0.103789,0.128419,0
0.0819099,0.0919195,0.222675,0
0.0440928,0.0113977,0.142145,0
0.127029,0.108816,0.119858,0
0.0877583,0.0299328,0.133075,0
0.0796535,0.0387728,0.143685,0
0.000650352,0.110732,0.157926,0
0.189018,0.0359243,0.192322,0
0.124775,0.0068204,0.11234,0
0.177361,0.0313781,0.191199,0
0.0945596,0.0113463,0.150435,0
0.216074,0.008137,0.18869,0
0.118035,0.0976547,0.119178,0
0.130991,0.000550921,0.211412,0
0.107607,0.08779,0.20112,0
0.114714,0.0965918,0.216975,0
0.162075,0.0724403,0.127555,0
0.0392107,0.0190991,0.197235,0
0.147666,0.0489002,0.19063,0
0.21384,0.0975648,0.191871,0
0.0374767,0.0249188,0.143148,0
0.150851,0.00516884,0.173871,0
0.196493,0.0243822,0.177365,0
0.167952,0.0624534,0.143496,0
0.150163,0.0632434,0.181347,0
0.181276,0.00285874,0.190816,0
0.209524,0.0477547,0.151183,0
0.0949472,0.0377859,0.168485,0
0.223106,0.0587166,0.208469,0
0.132895,0.12353,0.222215,0
0.0724537,0.0318946,0.147229,0
0.0871859,0.0410516,0.114479,0
0.0267531,0.0687701,0.161001,0
0.0886644,0.0164114,0.132882,0
0.182939,0.0749617,0.19564,0
0.0722881,0.0842616,0.177409,0
0.126558,0.0623407,0.169989,0
0.045198,0.105656,0.178946,0
0.191688,0.107392,0.115018,0
0.110369,0.111239,0.21143,0
0.0877933,0.076558,0.187449,0
0.109776,0.0371976,0.218159,0
0.0907898,0.0674659,0.147127,0
0.0532959,0.0523748,0.203752,0
0.068087,0.100928,0.179315,0
0.129121,0.0683948,0.135232,0
0.214836,0.00592382,0.146286,0
0.0135428,0.0524867,0.137547,0
0.0350979,0.0123139,0.194314,0
0.214811,0.0309959,0.0790722,1
0.215988,0.0481003,0.107135,1
0.168722,0.110101,0.0435798,1
0.0324947,0.0384906,0.0802886,1
0.184042,0.0180946,0.0107464,1
0.0175478,0.0143719,0.0213021,1
0.0383188,0.0216908,0.00544315,1
0.103432,0.0855571,0.06393,1
0.124319,0.0760343,0.0564839,1
0.0967466,0.0788658,0.00408687,1
0.211866,0.015846,0.0793173,1
0.0297326,0.0952713,0.0693732,1
0.150052,0.00514673,0.095702,1
0.213655,0.0986891,0.037662,1
0.0917797,0.018145,0.0620446,1
0.16633,0.0804165,0.00688411,1
0.160662,0.127838,0.0164046,1
0.015368,0.0119652,0.0310212,1
0.0174308,0.0180649,0.0425245,1
0.0585933,0.0278244,0.00556162,1
0.0181194,0.0832704,0.0073979,1
0.0985448,0.0831095,0.0760285,1
0.0120955,0.102675,0.083156,1
0.143128,0.0458864,0.0812745,1
0.112856,0.118737,0.0377074,1
0.213686,0.0530698,0.00864483,1
0.219729,0.00665762,0.0786196,1
0.134763,0.128403,0.0921718,1
0.213646,0.0352386,0.053086,1
0.0831696,0.083826,0.0469342,1
0.0362336,0.110952,0.076125,1
0.0882144,0.0336611,0.00980659,1
0.157084,0.110666,0.0388893,1
0.163389,0.0659825,0.0489523,1
0.220022,0.0346696,0.0951596,1
0.124644,0.0448492,0.0464338,1
0.156278,0.0423788,0.0277522,1
0.00513498,0.00693534,0.00582074,1
0.19617,0.0209623,0.0629425,1
0.122547,0.105574,0.0183736,1
0.0671768,0.0656583,0.0427898,1
0.0798694,0.0906003,0.0418555,1
0.211735,0.0665118,0.0697757,1
0.0748644,0.0883876,0.075369,1
0.190397,0.0925646,0.0644797,1
0.0513366,0.069788,0.0600946,1
0.188303,0.0962089,0.0250676,1
0.16679,0.040509,0.110644,1
0.0326728,0.0126544,0.110077,1
0.194897,0.118269,0.0628783,1
0.0768558,0.10548,0.0309086,1
0.174961,0.0415399,0.0670261,1
0.109712,0.105759,0.0957204,1
0.190719,0.0812544,0.0931761,1
0.120638,0.0290547,0.0547084,1
0.0683139,0.123137,0.0663813,1
0.0319768,0.111099,0.0937157,1
0.0335392,0.0844804,0.0510925,1
0.0587121,0.0281547,0.108405,1
0.200906,0.00690391,0.0180634,1
0.030093,0.0217091,0.000219818,1
0.0380934,0.0673253,0.0383487,1
0.0158402,0.000471308,0.108574,1
0.0471634,0.051443,0.0998698,1
0.111142,0.0289775,0.0335036,1
0.0619565,0.0316924,0.106164,1
0.105719,0.0903966,0.0726071,1
0.134108,0.104506,0.0120781,1
0.180557,0.0804397,0.0572287,1
0.0267125,0.0434794,0.0816515,1
0.184782,0.0983933,0.0424972,1
0.188704,0.0357032,0.0690458,1
0.117843,0.0821305,0.0224361,1
0.099098,0.106274,0.026567,1
0.012587,0.0170411,0.0245694,1
0.210056,0.0167657,0.0509735,1
0.155852,0.0620505,0.0110795,1
0.117875,0.127195,0.00639967,1
0.0738483,0.069868,0.0421862,1
0.171918,0.0475371,0.0612629,1
0.0817802,0.00162388,0.0848828,1
0.00236365,0.00319358,0.0954962,1
0.198177,0.107491,0.0103835,1
0.0761486,0.121159,0.0561394,1
0.0614848,0.0736284,0.0727657,1
0.0931673,0.0120152,0.0523526,1
0.141591,0.0460892,0.0738923,1
0.206215,0.000171476,0.102418,1
0.0736254,0.0437808,0.0313121,1
0.0116698,0.0885125,0.045513,1
0.0373671,0.0781615,0.0813537,1
0.049181,0.0213847,0.0370255,1
0.0422471,0.118024,0.00811306,1
0.0325302,0.0525998,0.0566419,1
0.170147,0.0117532,0.0991932,1
0.0924065,0.108759,0.0938101,1
0.00699063,0.0884898,0.033735,1
0.118662,0.0444881,0.0995755,1
0.0777323,0.0307021,0.0913375,1
0.17152,0.0988302,0.0658237,1
0.127954,0.0156779,0.0706711,1
0.0354182,0.0312477,0.0717896,1
0.061371,0.0681448,0.00557415,1
0.00596106,0.0648974,0.0717048,1
0.150766,0.0735376,0.0151829,1
0.198106,0.081126,0.0881932,1
0.00128554,0.0688024,0.0267444,1
0.217616,0.0467204,0.100786,1
0.145666,0.121239,0.0644969,1
0.113804,0.0280004,0.0972998,1
0.0504521,0.0957259,0.0035876,1
0.220811,0.00137146,0.0597373,1
0.157601,0.0651927,0.100251,1
0.0102392,0.0276244,0.0743898,1
0.00808432,0.0905755,0.0913103,1
0.0332288,0.124904,0.0536661,1
0.105035,0.128547,0.041519,1
0.216017,0.127947,0.0613832,1
0.0558896,0.127569,0.0311141,1
0.0261427,0.0220684,0.111438,1
0.0298806,0.0878348,0.111649,1
0.0356069,0.129666,0.0406571,1
0.0569292,0.202399,0.107221,2
0.217972,0.172741,0.00869683,2
0.144206,0.165477,0.0284878,2
0.204519,0.14845,0.107274,2
0.155078,0.150754,0.0700522,2
0.0162269,0.223567,0.0932173,2
0.0526746,0.199304,0.107484,2
0.213992,0.174579,0.0494031,2
0.218145,0.182766,0.0394762,2
0.053637,0.197689,0.10706,2
0.194499,0.186869,0.0584773,2
0.165298,0.15834,0.108446,2
0.182091,0.180875,0.0244138,2
0.152733,0.165674,0.108068,2
0.211373,0.170921,0.0992547,2
0.206552,0.197665,0.0162786,2
0.0727384,0.202597,0.076022,2
0.176663,0.13482,0.0506143,2
0.111447,0.152201,0.0129961,2
0.0641425,0.192842,0.0902485,2
0.0336728,0.172116,0.108305,2
0.178409,0.208216,0.00892311,2
0.214749,0.197109,0.0674265,2
0.127243,0.170163,0.0298699,2
0.190364,0.154196,0.0401066,2
0.071818,0.140203,0.00572393,2
0.0300835,0.131294,0.0913912,2
0.0152112,0.167408,0.0393935,2
0.0558408,0.198979,0.102213,2
0.0620674,0.220398,0.00184098,2
0.0554913,0.195425,0.110749,2
0.0553056,0.198341,0.110257,2
0.0544252,0.200506,0.108643,2
0.0589133,0.196921,0.109359,2
0.052953,0.182035,0.0891165,2
0.0520763,0.13545,0.0017157,2
0.125198,0.151868,0.111922,2
0.00590362,0.200281,0.0790555,2
0.0580872,0.139822,0.0482256,2
0.164123,0.196862,0.0309355,2
0.111723,0.222844,0.0801632,2
0.0569688,0.19763,0.111098,2
0.186258,0.158659,0.0684921,2
0.0553467,0.194708,0.111784,2
0.0942729,0.209773,0.111066,2
0.0567254,0.192741,0.106858,2
0.0143493,0.158026,0.0730568,2
0.0269247,0.162666,0.0140351,2
0.209352,0.147811,0.109531,2
0.080646,0.201017,0.0259495,2
0.0551374,0.198811,0.110405,2
0.0549345,0.202059,0.0139512,2
0.102691,0.134725,0.110083,2
0.0428552,0.219531,0.109911,2
0.162039,0.149671,0.0463625,2
0.0585597,0.194134,0.11007,2
0.0698126,0.207271,0.0136807,2
0.103669,0.170251,0.0105911,2
0.174764,0.167919,0.064353,2
0.0917266,0.183655,0.00785759,2
0.0560741,0.201639,0.110286,2
0.129197,0.153181,0.0950845,2
0.0580276,0.193974,0.107123,2
0.00907391,0.193326,0.0134452,2
0.184882,0.166202,0.0563951,2
0.128648,0.195769,0.0319176,2
0.0516174,0.193489,0.109135,2
0.114736,0.168775,0.00607678,2
0.0543334,0.196591,0.110687,2
0.220313,0.146172,0.0449218,2
0.168054,0.189614,0.0793458,2
0.113383,0.154237,0.0320002,2
0.149031,0.180202,0.0417826,2
0.0562674,0.195988,0.110477,2
0.0223465,0.219964,0.0811003,2
0.0539185,0.19637,0.1078,2
0.149302,0.172294,0.00580892,2
0.10908,0.186042,0.0831725,2
0.0595676,0.192472,0.106913,2
0.0414218,0.171099,0.0887894,2
0.192089,0.152251,0.0910069,2
0.0232984,0.206657,0.0978009,2
0.107506,0.179316,0.0146264,2
0.0410582,0.214925,0.0803929,2
0.0574753,0.200094,0.108362,2
0.160686,0.190721,0.0176624,2
0.0590255,0.194828,0.105564,2
0.193076,0.161987,0.0370544,2
0.074527,0.171738,0.0119078,2
0.0722194,0.203425,0.0332522,2
0.0501176,0.142435,0.0170135,2
0.107724,0.19397,0.0528236,2
0.154903,0.216015,0.0892835,2
0.0812249,0.203153,0.0678781,2
0.0881823,0.21386,0.0961838,2
0.0540502,0.199956,0.108941,2
0.0707672,0.204599,0.036809,2
0.139376,0.17074,0.0744688,2
0.11693,0.174321,0.0882438,2
0.182214,0.169824,0.0755789,2
0.155169,0.189923,0.0762726,2
0.0344362,0.216057,0.0184465,2
0.00620901,0.169124,0.0695355,2
0.174985,0.219006,0.0334613,2
0.199181,0.206935,0.0767782,2
0.0521482,0.201549,0.055432,2
0.212081,0.17369,0.106476,2
0.0580809,0.141833,0.0700461,2
0.0868652,0.214151,0.0664568,2
0.161302,0.196568,0.0490461,2
0.0383034,0.165901,0.0172711,2
0.056881,0.196069,0.109902,2
0.0552628,0.1945,0.110837,2
0.180084,0.130599,0.048412,2
0.0523349,0.196846,0.110585,2
0.0530329,0.195913,0.111626,2
0.167061,0.145767,0.153637,3
0.208921,0.210384,0.11986,3
0.166702,0.142936,0.150137,3
0.1563,0.149375,0.121966,3
0.208462,0.222354,0.212821,3
0.0198781,0.204404,0.125092,3
0.125085,0.204528,0.152444,3
0.194769,0.156821,0.128309,3
0.0527037,0.162616,0.16514,3
0.00794185,0.160647,0.168073,3
0.115494,0.197363,0.160329,3
0.0902704,0.211763,0.118349,3
0.038918,0.174028,0.174782,3
0.0541903,0.197164,0.112696,3
0.03061,0.219612,0.164702,3
0.0769974,0.169738,0.220387,3
0.0621186,0.152773,0.174804,3
0.0335186,0.205509,0.216628,3
0.0919372,0.156812,0.145654,3
0.204541,0.180318,0.168984,3
0.102741,0.166831,0.159199,3
0.0692834,0.20135,0.134876,3
0.167666,0.164694,0.191913,3
0.142425,0.15527,0.21069,3
0.0644539,0.204285,0.18191,3
0.0948493,0.202494,0.194864,3
0.16493,0.158879,0.14004,3
0.0569522,0.191514,0.115351,3
0.164851,0.210383,0.210294,3
0.0378829,0.214785,0.217501,3
0.172475,0.166695,0.126477,3
0.104457,0.202521,0.147916,3
0.104324,0.197717,0.113584,3
0.177708,0.141429,0.140718,3
0.128654,0.219326,0.147878,3
0.0424055,0.167907,0.159319,3
0.102189,0.136685,0.123235,3
0.0113753,0.144563,0.198342,3
0.106325,0.184745,0.119721,3
0.0435928,0.161025,0.12599,3
0.197899,0.138175,0.165879,3
0.0696743,0.152401,0.196261,3
0.0542959,0.191589,0.113358,3
0.176311,0.148686,0.219196,3
0.0371547,0.176073,0.184126,3
0.103593,0.140429,0.11309,3
0.152483,0.165781,0.181792,3
0.190194,0.179713,0.16975,3
0.0784775,0.164931,0.15305,3
0.174175,0.19039,0.131661,3
0.203759,0.21816,0.19366,3
0.15778,0.198252,0.188998,3
0.030183,0.222598,0.17252,3
0.018997,0.205568,0.161323,3
0.159355,0.180556,0.168621,3
0.156799,0.218164,0.129731,3
0.040165,0.168606,0.177223,3
0.143567,0.201531,0.185663,3
0.191317,0.163849,0.12238,3
0.00689219,0.153227,0.114409,3
0.114284,0.209329,0.203877,3
0.146671,0.154431,0.123124,3
0.0794238,0.202814,0.154714,3
0.0194459,0.153033,0.191558,3
0.0714943,0.21443,0.125517,3
0.187182,0.212068,0.193302,3
0.17158,0.150196,0.211273,3
0.0611295,0.184315,0.210233,3
0.219543,0.222768,0.188388,3
0.0463818,0.15045,0.139127,3
0.111139,0.216605,0.180152,3
0.185842,0.151446,0.180452,3
0.0265155,0.15476,0.168237,3
0.0658004,0.1628,0.209927,3
0.00705163,0.147606,0.223725,3
0.16497,0.188844,0.223203,3
0.0904705,0.20747,0.200317,3
0.0054919,0.208231,0.148331,3
0.0122671,0.182269,0.116003,3
0.212502,0.203963,0.122267,3
0.168396,0.202625,0.175898,3
0.14374,0.162137,0.198906,3
0.00715353,0.193235,0.139994,3
0.127303,0.186576,0.114379,3
0.0897122,0.19654,0.12445,3
0.202685,0.161845,0.220846,3
0.0079074,0.181837,0.219683,3
0.113718,0.145587,0.164994,3
0.137464,0.182232,0.207565,3
0.131706,0.184039,0.131499,3
0.184793,0.176511,0.185323,3
0.124079,0.223374,0.163974,3
0.222381,0.168344,0.125496,3
0.0808584,0.175114,0.137493,3
0.0423397,0.16752,0.207749,3
0.11479,0.19852,0.131967,3
0.100881,0.139943,0.179889,3
0.217661,0.211913,0.11944,3
0.0421579,0.175386,0.181501,3
0.0596665,0.152122,0.180247,3
0.0824699,0.217745,0.18085,3
0.203869,0.165436,0.179845,3
0.132873,0.130628,0.120428,3
0.184896,0.16474,0.189695,3
0.0572449,0.200734,0.11281,3
0.116404,0.133815,0.114052,3
0.209331,0.144489,0.125516,3
0.181132,0.207338,0.129856,3
0.140838,0.152487,0.120271,3
0.19405,0.218996,0.152226,3
0.0692435,0.219636,0.181664,3
0.20718,0.219159,0.217447,3
0.161061,0.144916,0.126121,3
0.0580629,0.13956,0.158632,3
0.023629,0.17909,0.162413,3
0.0968928,0.175375,0.140916,3
0.116829,0.129634,0.120508,3
0.0417739,0.128946,0.16206,3
0.0326344,0.129323,0.216103,3
0.182506,0.193054,0.1733,3
0.160093,0.162367,0.143337,3
0.0473704,0.187906,0.177562,3
0.1544,0.179923,0.129757,3
0.144446,0.17251,0.144921,3
0.21301,0.193942,0.126486,3
0.0506757,0.196603,0.113591,3
0.0566474,0.149064,0.159104,3
0.0695298,0.181542,0.118945,3
0.029485,0.139222,0.132904,3
0.0262965,0.139245,0.114591,3
0.063611,0.174419,0.139343,3
0.0832067,0.130389,0.159832,3
0.191086,0.150986,0.190748,3
0.00424183,0.129018,0.15305,3
0.142248,0.125624,0.179152,3
0.0240847,0.130658,0.124097,3
0.18892,0.220682,0.116381,3
0.0596994,0.19661,0.112395,3
0.0178149,0.130289,0.118876,3
0.0507037,0.19894,0.112629,3
