x coord,y coord,z coord,rank
0.0113091,0.142002,0.129162,0
0.0837605,0.218399,0.0185892,0
0.0667804,0.135465,0.198647,0
0.0518639,0.217271,0.122898,0
0.0607045,0.192621,0.215143,0
0.0711998,0.212742,0.0700614,0
0.0636883,0.147669,0.00127384,0
0.10715,0.19427,0.049686,0
0.102395,0.18646,0.0817514,0
0.0734011,0.163974,0.173318,0
0.0224223,0.14642,0.0632174,0
0.0634387,0.199277,0.214088,0
0.0405531,0.180655,0.0540671,0
0.0601031,0.19341,0.215983,0
0.0622593,0.195498,0.218267,0
0.0134035,0.169574,0.212162,0
0.0176594,0.171116,0.0888827,0
0.0593048,0.201151,0.0208274,0
0.0784458,0.172826,0.175222,0
0.102635,0.19636,0.0485388,0
0.078022,0.202068,0.0484453,0
0.0603583,0.197567,0.218122,0
0.100699,0.185471,0.0130661,0
0.00847672,0.162994,0.0817869,0
0.057767,0.191198,0.217411,0
0.0850704,0.208591,0.00248798,0
0.0671525,0.16665,0.17315,0
0.00281266,0.22351,0.086613,0
0.0514487,0.173194,0.0497937,0
0.0572257,0.155934,0.103581,0
0.0701049,0.192111,0.213132,0
0.0144092,0.171251,0.17687,0
0.0492293,0.134434,0.129372,0
0.0888824,0.179432,0.172654,0
0.0380618,0.168882,0.200835,0
0.0566791,0.19737,0.211847,0
0.0622472,0.192369,0.212391,0
0.05851,0.199522,0.217993,0
0.0445571,0.206518,0.112688,0
0.0182788,0.190857,0.150155,0
0.0643886,0.210432,0.0583109,0
0.0612996,0.191147,0.213805,0
0.0463124,0.213748,0.114892,0
0.090446,0.167481,0.0594066,0
0.0124997,0.195728,0.177488,0
0.062156,0.133487,0.157547,0
0.0629969,0.175028,0.0876394,0
0.0672682,0.160921,0.161426,0
0.00720113,0.132407,0.0276987,0
0.0487196,0.156499,0.0993119,0
0.0371587,0.216314,0.0482497,0
0.00481249,0.221731,0.173157,0
0.0254009,0.191408,0.0636741,0
0.0267807,0.15156,0.163354,0
0.0022312,0.192304,0.0111442,0
0.0443952,0.224775,0.076342,0
0.0628173,0.210407,0.199044,0
0.00329087,0.178801,0.204709,0
0.0992178,0.16,0.0482151,0
0.000676601,0.136591,0.023516,0
0.0768675,0.181993,0.00230862,0
0.0377214,0.165886,0.153253,0
0.0559694,0.193799,0.215969,0
0.0594137,0.155955,0.0821631,0
0.0561291,0.193764,0.21507,0
0.0562737,0.193663,0.219463,0
0.0544818,0.189985,0.217058,0
0.0578129,0.199498,0.214472,0
0.0598871,0.193848,0.217814,0
0.0149098,0.220012,0.0114878,0
0.0287507,0.159987,0.181998,0
0.0731675,0.181879,0.137313,0
0.0584687,0.189563,0.219219,0
0.0606381,0.195904,0.21295,0
0.048804,0.200476,0.131526,0
0.0015861,0.169691,0.133292,0
0.0355011,0.195475,0.0700538,0
0.0857722,0.186317,0.106638,0
0.0915415,0.19283,0.0261516,0
0.0640347,0.193833,0.215651,0
0.0607204,0.191222,0.221304,0
0.058222,0.192258,0.218298,0
0.0560189,0.19537,0.215633,0
0.0590813,0.193242,0.21802,0
0.0549548,0.194624,0.214269,0
0.0864696,0.196331,0.0796304,0
0.0400748,0.211888,0.032954,0
0.084266,0.147089,0.126784,0
0.0590571,0.141625,0.0435851,0
0.0395705,0.221995,0.171039,0
0.0175922,0.196137,0.216227,0
0.0488126,0.177154,0.138451,0
0.0247734,0.217174,0.173945,0
0.0597738,0.192804,0.214333,0
0.0515773,0.173422,0.131046,0
0.0520087,0.220873,0.160019,0
0.0221078,0.21069,0.0529774,0
0.045242,0.18229,0.0611235,0
0.058021,0.187759,0.216172,0
0.0397272,0.167156,0.172356,0
0.0624003,0.149082,0.112549,0
0.0270395,0.21518,0.143019,0
0.0726007,0.210036,0.108555,0
0.0855074,0.21948,0.0744263,0
0.0997977,0.155488,0.104023,0
0.0640321,0.195128,0.218612,0
0.060214,0.192532,0.214326,0
0.0979731,0.137404,0.173997,0
0.0599179,0.191007,0.216149,0
0.0936002,0.143741,0.163973,0
0.059841,0.195463,0.216865,0
0.0616452,0.198826,0.213303,0
0.105999,0.210766,0.171214,0
0.0567748,0.192945,0.180411,0
0.0373044,0.176319,0.164093,0
0.0586528,0.196479,0.221988,0
0.00708795,0.15089,0.175145,0
0.0623322,0.191399,0.21325,0
0.060525,0.193913,0.210994,0
0.0592861,0.188873,0.218261,0
0.0624033,0.192128,0.214061,0
0.0563987,0.192034,0.216282,0
0.0582896,0.195302,0.218191,0
0.0926339,0.131423,0.200718,0
0.186876,0.217957,0.0825713,1
0.132483,0.205074,0.00585004,1
0.186569,0.112719,0.0717508,1
0.213619,0.222856,0.02965,1
0.111587,0.119208,0.00844017,1
0.151585,0.19637,0.032372,1
0.124218,0.114208,0.189933,1
0.12981,0.115304,0.157086,1
0.136802,0.150888,0.103722,1
0.190913,0.173703,0.156696,1
0.109367,0.178857,0.178366,1
0.174429,0.157914,0.087019,1
0.154621,0.122641,0.137681,1
0.134616,0.165918,0.0686089,1
0.172075,0.153207,0.112379,1
0.1096,0.147516,0.0968598,1
0.109818,0.181918,0.0790634,1
0.206741,0.199837,0.109727,1
0.222794,0.118376,0.166094,1
0.141105,0.20514,0.0956542,1
0.132874,0.119914,0.123997,1
0.165335,0.221095,0.0814622,1
0.17345,0.134934,0.0547821,1
0.219789,0.143721,0.0228523,1
0.164923,0.209857,0.0782817,1
0.218063,0.115216,0.150302,1
0.131394,0.117741,0.0338973,1
0.208372,0.13436,0.124708,1
0.202852,0.114857,0.151241,1
0.205222,0.195263,0.0530737,1
0.161834,0.210168,0.0824923,1
0.164075,0.117659,0.0244983,1
0.216468,0.119468,0.211347,1
0.209983,0.136009,0.1558,1
0.195141,0.173818,0.117765,1
0.119704,0.206365,0.0857397,1
0.138571,0.190163,0.12239,1
0.190925,0.221025,0.125182,1
0.206391,0.178965,0.13824,1
0.149884,0.194489,0.031349,1
0.209588,0.210191,0.137804,1
0.207177,0.187153,0.18418,1
0.217176,0.149796,0.153398,1
0.152488,0.2139,0.205947,1
0.112551,0.20648,0.0941591,1
0.179463,0.149873,0.00990027,1
0.113281,0.191245,0.0846966,1
0.152081,0.168985,0.00970495,1
0.21734,0.206058,0.221211,1
0.146068,0.136375,0.105942,1
0.208229,0.162708,0.204964,1
0.135145,0.197915,0.22244,1
0.154192,0.21178,0.0598366,1
0.115232,0.177689,0.140725,1
0.186209,0.149667,0.057234,1
0.217434,0.200553,0.0580024,1
0.136275,0.131527,0.00962601,1
0.148098,0.161363,0.200976,1
0.182529,0.133615,0.192471,1
0.195398,0.138892,0.0212458,1
0.183372,0.218147,0.203108,1
0.126778,0.207311,0.0117527,1
0.133,0.137813,0.178626,1
0.196017,0.1759,0.0501153,1
0.201791,0.202342,0.170662,1
0.188965,0.208022,0.158787,1
0.139066,0.215501,0.000699389,1
0.138652,0.171952,0.0856927,1
0.176666,0.158977,0.169543,1
0.186343,0.145369,0.0688641,1
0.135931,0.166128,0.0820434,1
0.137348,0.20877,0.175563,1
0.202767,0.199711,0.158709,1
0.160079,0.193567,0.0619613,1
0.205915,0.153222,0.101539,1
0.202371,0.15436,0.168161,1
0.177008,0.177069,0.124395,1
0.219778,0.196347,0.168643,1
0.116525,0.15321,0.00758314,1
0.166488,0.141556,0.219652,1
0.203885,0.154873,0.0822426,1
0.148983,0.219817,0.0702757,1
0.156737,0.159414,0.121718,1
0.151254,0.215806,0.1956,1
0.221713,0.185913,0.213275,1
0.180988,0.158761,0.161054,1
0.201615,0.119893,0.041005,1
0.213222,0.195951,0.116771,1
0.19301,0.147223,0.169348,1
0.212743,0.148891,0.103393,1
0.139965,0.213334,0.00696381,1
0.147284,0.170628,0.214293,1
0.167267,0.152462,0.00468596,1
0.114315,0.204396,0.166826,1
0.194634,0.187649,0.149576,1
0.224702,0.185264,0.0121454,1
0.136118,0.146959,0.0483161,1
0.216649,0.199364,0.0210034,1
0.173621,0.181712,0.220146,1
0.150489,0.161343,0.183767,1
0.164187,0.203127,0.00644838,1
0.178407,0.173514,0.1795,1
0.157896,0.207822,0.193684,1
0.215698,0.170254,0.0289375,1
0.198176,0.189007,0.0456384,1
0.223557,0.214733,0.211252,1
0.22155,0.130224,0.0419466,1
0.166202,0.213306,0.106252,1
0.163163,0.125399,0.12679,1
0.154049,0.137216,0.00395661,1
0.224594,0.205663,0.00812736,1
0.195303,0.184214,0.0936299,1
0.174469,0.202992,0.0151825,1
0.133261,0.160116,0.0992962,1
0.120874,0.222308,0.0871431,1
0.120569,0.131245,0.0370931,1
0.130399,0.16735,0.043917,1
0.166922,0.185127,0.106888,1
0.144896,0.164149,0.00811278,1
0.117564,0.175676,0.0484379,1
0.179953,0.2109,0.138155,1
0.164889,0.146281,0.213965,1
0.17648,0.162024,0.173747,1
0.0846654,0.0408246,0.144421,2
0.0749691,0.0274899,0.180723,2
0.0417105,0.0665055,0.0141671,2
0.0235292,0.0263945,0.110193,2
0.0744419,0.0681494,0.136906,2
0.0789629,0.0880567,0.107765,2
0.0372305,0.0833432,0.126946,2
0.00708766,0.116504,0.0679118,2
0.0339543,0.0232217,0.104135,2
0.0526108,0.0315764,0.158951,2
0.0370354,0.0338352,0.111595,2
0.0408619,0.0200915,0.110959,2
0.0911539,0.0938631,0.145165,2
0.04658,0.0429326,0.126454,2
6.38639e-05,0.0085663,0.0407948,2
0.0131379,0.110952,0.121478,2
0.0447177,0.00614485,0.100423,2
0.0185807,0.0943633,0.150881,2
0.100906,0.0486463,0.136476,2
0.0866796,0.0535764,0.177064,2
0.0491465,0.0266862,0.104095,2
0.0243628,0.0295875,0.0467877,2
0.0103624,0.0334198,0.130281,2
0.0268285,0.108222,0.218287,2
0.0633361,0.0103995,0.0552362,2
0.0291691,0.068267,0.00792629,2
0.0480136,0.0492259,0.0126734,2
0.0137186,0.0234348,0.0010939,2
0.104359,0.0541561,0.170509,2
0.0383812,0.0265134,0.0485616,2
0.0759981,0.0118733,0.0430606,2
0.0696826,0.085651,0.2172,2
0.00333075,0.0112604,0.0142647,2
0.0503488,0.0813494,0.0127998,2
0.0426305,0.104001,0.163934,2
0.061888,0.0380204,0.119253,2
0.0460019,0.0360152,0.223468,2
0.0646165,0.0907019,0.020182,2
0.0342866,0.118415,0.165505,2
0.00391071,0.113819,0.146752,2
0.0676752,0.0172902,0.063147,2
0.00701061,0.0236142,0.104642,2
0.0500663,0.0477972,0.125991,2
0.0611656,0.0518549,0.0637204,2
0.0715457,0.0952596,0.21586,2
0.0617776,0.0755739,0.148634,2
0.0765517,0.084245,0.118526,2
0.0193321,0.0559804,0.212354,2
0.0387997,0.0510294,0.188601,2
0.0485841,0.0111931,0.0577317,2
0.0450792,0.0259363,0.206025,2
0.0614424,0.022888,0.186577,2
0.0132091,0.0206756,0.131055,2
0.0541905,0.0106799,0.115593,2
0.0913812,0.0443432,0.151465,2
0.0568392,0.0492922,0.0971092,2
0.037964,0.0489025,0.0826886,2
0.0298551,0.0995882,0.0259975,2
0.0626166,0.0576754,0.0533311,2
0.0563223,0.100765,0.0911549,2
0.0784162,0.111153,0.0478076,2
0.0100266,0.00836412,0.159321,2
0.0817432,0.0359753,0.108017,2
0.0248268,0.0402594,0.185412,2
0.0251202,0.0123592,0.175802,2
0.00800516,0.0425977,0.0639514,2
0.0975832,0.0356784,0.221255,2
0.0692491,0.0345087,0.0322939,2
0.0991411,0.102239,0.0515717,2
0.0455985,0.0602613,0.12817,2
0.0603117,0.0942718,0.132695,2
0.0158235,0.0472462,0.182614,2
0.0512116,0.0929602,0.0770026,2
0.0137669,0.129375,0.113771,2
0.0060447,0.0600115,0.0407325,2
0.0614784,0.0814956,0.0834325,2
0.0557587,0.100032,0.0960217,2
0.00603773,0.113206,0.185491,2
0.0570262,0.081485,0.163795,2
0.0707591,0.0408005,0.0567207,2
0.00428765,0.0919705,0.206658,2
0.00560125,0.040419,0.104268,2
0.0957907,0.0901632,0.0445043,2
0.0343751,0.100219,0.0743953,2
0.0760677,0.0849419,0.0940985,2
0.0517532,0.0721169,0.0693302,2
0.0639092,0.0711163,0.0736404,2
0.0145339,0.0288251,0.0953535,2
0.105989,0.113179,0.210844,2
0.00427506,0.0801866,0.0734339,2
0.00287135,0.13094,0.157146,2
0.0704474,0.0453544,0.162971,2
0.0877587,0.107563,0.0196343,2
0.0105032,0.0696885,0.193594,2
0.104094,0.0760823,0.116706,2
0.0321233,0.0951253,0.146646,2
0.100505,0.0832667,0.05223,2
0.0919395,0.0292317,0.175539,2
0.102419,0.0665484,0.2057,2
0.0922377,0.126793,0.132439,2
0.0843593,0.110795,0.156674,2
0.0988606,0.0466913,0.0040406,2
0.0109477,0.112893,0.158662,2
0.00700448,0.05818,0.0278056,2
0.0230115,0.116191,0.0371701,2
0.00249899,0.123304,0.0944538,2
0.00195945,0.122012,0.0432756,2
0.0643734,0.03899,0.118723,2
0.0382579,0.109871,0.0167196,2
0.0670167,0.114144,0.103137,2
0.00335293,0.0558257,0.123969,2
0.0493394,0.121375,0.0343453,2
0.0644974,0.119189,0.113245,2
0.0642381,0.113689,0.146349,2
0.059081,0.124817,0.135688,2
0.0593181,0.115975,0.0211871,2
0.0347188,0.128041,0.210041,2
0.0837891,0.122101,0.0513196,2
0.0631667,0.106705,0.161178,2
0.0552515,0.114213,5.3728e-05,2
0.0491235,0.112885,0.109043,2
0.120835,0.0478223,0.0883163,3
0.194877,0.017784,0.122893,3
0.174494,0.0284619,0.117731,3
0.19449,0.00654156,0.0557533,3
0.190111,0.0947497,0.0690606,3
0.21781,0.0152203,0.108874,3
0.172946,0.0956881,0.0476554,3
0.188398,0.102098,0.0817708,3
0.112576,0.0834845,0.0525125,3
0.202767,0.0941907,0.120983,3
0.121509,0.102079,0.184099,3
0.171233,0.0731587,0.0124581,3
0.192751,0.0127887,0.0888052,3
0.119921,0.0340583,0.134995,3
0.131961,0.019617,0.21247,3
0.120895,0.0468121,0.0969233,3
0.147776,0.0375564,0.0668187,3
0.121406,0.0897863,0.213947,3
0.177384,0.0245955,0.147169,3
0.111895,0.0505972,0.102241,3
0.117751,0.0218308,0.0667176,3
0.111154,0.0356144,0.0936197,3
0.113113,0.0214239,0.0397638,3
0.115478,0.0928681,0.198451,3
0.143994,0.0138497,0.145201,3
0.146832,0.0259132,0.132991,3
0.179958,0.069272,0.193911,3
0.156281,0.0065462,0.116004,3
0.199122,0.014799,0.178587,3
0.118129,0.0293533,0.142536,3
0.155097,0.0830429,0.112244,3
0.115716,0.0431762,0.183937,3
0.128314,0.0188393,0.0457823,3
0.148668,0.0275709,0.221522,3
0.171308,0.0641902,0.222263,3
0.223033,0.0116422,0.00441814,3
0.163834,0.0198066,0.121766,3
0.214797,0.0754309,0.00443385,3
0.176363,0.0514566,0.0760878,3
0.132409,0.0627488,0.194861,3
0.16976,0.103242,0.107421,3
0.13605,0.0861381,0.146456,3
0.162663,0.0788453,0.201291,3
0.22019,0.0670113,0.146627,3
0.164524,0.0415323,0.0215999,3
0.202331,0.012401,0.0493213,3
0.168452,0.0476198,0.0947987,3
0.211631,0.0539174,0.0628391,3
0.116377,0.0392106,0.0595023,3
0.215912,0.103334,0.0590148,3
0.134364,0.0920496,0.0981313,3
0.162744,0.0614162,0.2202,3
0.119087,0.051927,0.00799421,3
0.20571,0.066316,0.068984,3
0.22388,0.0807666,0.2102,3
0.212323,0.0522047,0.155387,3
0.222334,0.0158853,0.0825146,3
0.195342,0.0328198,0.196372,3
0.117652,0.0776388,0.174626,3
0.194665,0.0209275,0.0630151,3
0.150524,0.0248063,0.157996,3
0.139869,0.103313,0.177586,3
0.175943,0.0764255,0.00174132,3
0.200451,0.0345268,0.0356123,3
0.182889,0.0190532,0.0231308,3
0.146803,0.0269653,0.160806,3
0.194834,0.00809349,0.0433372,3
0.162247,0.038568,0.143701,3
0.14487,0.0774536,0.00156544,3
0.130862,0.00312054,0.045683,3
0.184119,0.0803618,0.143877,3
0.183517,0.0135468,0.0928515,3
0.199829,0.0263497,0.141274,3
0.211104,0.02767,0.200471,3
0.110649,0.0390561,0.0684619,3
0.11444,0.0888056,0.193807,3
0.137596,0.0546892,0.08857,3
0.156555,0.00558115,0.0204918,3
0.207419,0.0423707,0.106497,3
0.147683,0.10686,0.0665521,3
0.116114,0.0573314,0.145481,3
0.131799,0.0975341,0.15753,3
0.111497,0.047698,0.203819,3
0.170215,0.0164602,0.122567,3
0.143401,0.0994593,0.16975,3
0.175582,0.0286582,0.149498,3
0.148989,0.0420526,0.136761,3
0.179839,0.0404612,0.0633353,3
0.156438,0.106659,0.170604,3
0.181846,0.0223806,0.092998,3
0.118168,0.000283722,0.175523,3
0.132298,0.0393952,0.212748,3
0.16205,0.0884397,0.0895982,3
0.155179,0.000888061,0.029965,3
0.128211,0.0432852,0.149967,3
0.215312,0.0125873,0.17497,3
0.224452,0.0146063,0.196172,3
0.222183,0.105077,0.0235869,3
0.173722,0.093095,0.218322,3
0.140165,0.00931902,0.224417,3
0.143701,0.0422109,0.107502,3
0.174282,0.046016,0.0578163,3
0.135704,0.0684258,0.0279901,3
0.205139,0.0577218,0.149131,3
0.124845,0.0664899,0.197117,3
0.199181,0.0747049,0.0165072,3
0.20953,0.0368945,0.0814508,3
0.20478,0.0911412,0.128572,3
0.216039,0.069366,0.160697,3
0.211193,0.0990809,0.0397685,3
0.22372,0.0181649,0.10492,3
0.119334,0.0572862,0.0146678,3
0.195931,0.0802092,0.133201,3
0.205793,0.108881,0.0774461,3
0.194976,0.0169024,0.0588069,3
0.122727,0.0267943,0.189982,3
0.132793,0.027981,0.124969,3
0.192587,0.0927094,0.00235373,3
0.205728,0.0414839,0.0513276,3
0.113251,0.0640448,0.0267145,3
0.171637,0.00476651,0.0457364,3
0.133455,0.10022,0.0976431,3
0.152905,0.00642184,0.0994587,3
0.160991,0.0937787,0.065088,3
0.107796,0.0038772,0.0254813,3
0.110859,0.00799493,0.153539,3
0.110238,0.0112181,0.0987539,3
0.200822,0.107796,0.0103945,3
0.219277,0.107896,0.157729,3
0.108013,0.0341495,0.0268119,3
0.147655,0.108934,0.121881,3
0.224726,0.108674,0.0159532,3
