x coord,y coord,z coord,rank
0.190149,0.16596,0.124476,0
0.154312,0.153191,0.127536,0
0.167479,0.209853,0.137564,0
0.159895,0.166272,0.189922,0
0.189199,0.188013,0.00347328,0
0.12345,0.158867,0.0121091,0
0.190597,0.168253,0.126891,0
0.200291,0.187788,0.109433,0
0.152214,0.17372,0.139921,0
0.125094,0.193116,0.202493,0
0.179493,0.215845,0.0898646,0
0.22159,0.171048,0.0831194,0
0.1325,0.221857,0.220285,0
0.193734,0.168603,0.119975,0
0.180598,0.221082,0.119218,0
0.2237,0.193171,0.0705522,0
0.17448,0.197717,0.0442729,0
0.200393,0.195994,0.0590306,0
0.183206,0.14819,0.0381084,0
0.18648,0.165848,0.117711,0
0.153998,0.185362,0.0421076,0
0.19853,0.196497,0.125674,0
0.192733,0.169158,0.121301,0
0.148587,0.144416,0.126712,0
0.197241,0.154369,0.0212006,0
0.218984,0.154506,0.00896206,0
0.191088,0.170169,0.121329,0
0.168617,0.143645,0.202776,0
0.212077,0.139442,0.175578,0
0.122881,0.224482,0.137728,0
0.188434,0.169634,0.12218,0
0.178965,0.222716,0.0309602,0
0.20289,0.182692,0.181987,0
0.215567,0.218729,0.00834828,0
0.190713,0.169314,0.121332,0
0.188341,0.173498,0.118062,0
0.203656,0.20047,0.0595467,0
0.20488,0.149433,0.162363,0
0.188204,0.172972,0.119667,0
0.215004,0.176674,0.219775,0
0.221046,0.170421,0.14153,0
0.224926,0.204631,0.046304,0
0.189253,0.170605,0.121301,0
0.139981,0.196245,0.216841,0
0.211085,0.221702,0.186853,0
0.205711,0.202619,0.043841,0
0.18801,0.167138,0.120432,0
0.224966,0.202767,0.0957725,0
0.186573,0.223598,0.0629095,0
0.174463,0.191469,0.0144263,0
0.193248,0.170742,0.11978,0
0.189375,0.170396,0.122446,0
0.186367,0.171824,0.117377,0
0.134575,0.155619,0.00681612,0
0.216261,0.141269,0.121478,0
0.19019,0.172118,0.120809,0
0.193652,0.159759,0.190875,0
0.171061,0.180352,0.120735,0
0.211218,0.142994,0.0181386,0
0.2208,0.164618,0.00968687,0
0.187836,0.173078,0.11992,0
0.210013,0.205732,0.00203291,0
0.218416,0.164338,0.0258768,0
0.192656,0.173833,0.120927,0
0.190393,0.170556,0.128307,0
0.139167,0.194541,0.180125,0
0.188845,0.174271,0.124073,0
0.16806,0.215825,0.000629904,0
0.213952,0.193279,0.0660037,0
0.162308,0.218369,0.0196182,0
0.189195,0.166213,0.0212767,0
0.201414,0.221404,0.122292,0
0.174075,0.192163,0.048187,0
0.137195,0.173888,0.0213927,0
0.20993,0.209546,0.0765631,0
0.186682,0.171254,0.121401,0
0.130971,0.135386,0.0426973,0
0.186203,0.164993,0.121652,0
0.124052,0.209141,0.134848,0
0.125722,0.150468,0.194664,0
0.173366,0.137519,0.168521,0
0.187712,0.162725,0.119368,0
0.163155,0.139452,0.214234,0
0.133332,0.171698,0.079133,0
0.123861,0.146188,0.133409,0
0.18795,0.168985,0.116557,0
0.140765,0.195263,0.0483672,0
0.140005,0.205709,0.0391549,0
0.204714,0.203274,0.217695,0
0.187214,0.168393,0.122576,0
0.133458,0.137416,0.0928083,0
0.153921,0.221386,0.0548311,0
0.187939,0.170865,0.124287,0
0.152151,0.167726,0.0177603,0
0.188575,0.173775,0.118396,0
0.195029,0.166364,0.120603,0
0.122879,0.170768,0.21975,0
0.22474,0.173198,0.187455,0
0.129045,0.191595,0.0578176,0
0.133581,0.197634,0.128687,0
0.191441,0.172076,0.122681,0
0.190712,0.170153,0.120352,0
0.191815,0.171596,0.118703,0
0.146559,0.187842,0.154968,0
0.194932,0.171961,0.120641,0
0.190339,0.171649,0.121556,0
0.129205,0.194552,0.0684214,0
0.194039,0.167024,0.115054,0
0.136691,0.223314,0.0444097,0
0.189456,0.171807,0.125613,0
0.130018,0.180964,0.164407,0
0.218329,0.140984,0.0842996,0
0.143271,0.135419,0.0606687,0
0.183584,0.149861,0.192869,0
0.195718,0.167394,0.121546,0
0.188283,0.167957,0.122541,0
0.211973,0.168688,0.0808219,0
0.152892,0.161208,0.0644732,0
0.172687,0.192305,0.169592,0
0.157472,0.203075,0.0030476,0
0.190822,0.166812,0.124076,0
0.187137,0.169439,0.124076,0
0.18809,0.16843,0.123422,0
0.189529,0.170179,0.125193,0
0.185205,0.172611,0.125859,0
0.125791,0.188682,0.110027,0
0.208225,0.0897003,0.10564,1
0.211514,0.120304,0.123398,1
0.19167,0.122555,0.180145,1
0.169139,0.132582,0.184508,1
0.182067,0.0866569,0.00282843,1
0.164236,0.0868563,0.065473,1
0.207105,0.126375,0.154124,1
0.22261,0.0479676,0.0870563,1
0.140561,0.11928,0.0676171,1
0.124623,0.0510053,0.0704926,1
0.18883,0.111137,0.0642794,1
0.177459,0.0926818,0.0449283,1
0.21623,0.00300658,0.120534,1
0.159033,0.115539,0.0399196,1
0.141678,0.0511712,0.153074,1
0.220601,0.0761006,0.0613852,1
0.15854,0.056725,0.161186,1
0.16578,0.0593414,0.0418199,1
0.176918,0.0932905,0.200364,1
0.159637,0.103189,0.140814,1
0.132395,0.00587033,0.0544803,1
0.139459,0.0227081,0.0796849,1
0.191651,0.0700285,0.0620851,1
0.149749,0.0404696,0.117382,1
0.170185,0.0324207,0.0454678,1
0.144987,0.0523157,0.224836,1
0.132989,0.0303891,0.202779,1
0.186213,0.104261,0.035726,1
0.202209,0.0022074,0.211185,1
0.182029,0.097023,0.0759341,1
0.223864,0.0853602,0.195385,1
0.125916,0.0937716,0.00759234,1
0.1933,0.0681254,0.163839,1
0.130875,0.0207868,0.014025,1
0.147601,0.00336757,0.0562186,1
0.201319,0.0826851,0.0874887,1
0.220365,0.00430277,0.203428,1
0.169696,0.0792189,0.151755,1
0.133812,0.078074,0.0580059,1
0.176708,0.0152776,0.209619,1
0.217997,0.0770829,0.21024,1
0.187005,0.0635703,0.0431058,1
0.146209,0.0675648,0.115169,1
0.183088,0.0555803,0.116645,1
0.147622,0.00582141,0.052321,1
0.18686,0.0996227,0.168978,1
0.181441,0.109692,0.00783759,1
0.185584,0.102512,0.17737,1
0.205867,0.0501096,0.00175715,1
0.223576,0.0148535,0.10584,1
0.193333,0.114327,0.16506,1
0.164325,0.0419493,0.158224,1
0.159005,0.038246,0.17373,1
0.126184,0.043964,0.00880005,1
0.143593,0.0581063,0.0353651,1
0.206633,0.0969028,0.0872911,1
0.194505,0.0717134,0.0636163,1
0.128278,0.0567303,0.103188,1
0.170187,0.0883645,0.131235,1
0.139791,0.048109,0.217246,1
0.200435,0.114156,0.066843,1
0.189422,0.0497891,0.100496,1
0.170564,0.104868,0.169594,1
0.130346,0.0179436,0.0159034,1
0.204757,0.0606879,0.162562,1
0.147498,0.000845174,0.0596024,1
0.182503,0.0607932,0.0297346,1
0.216522,0.055799,0.188533,1
0.201364,0.061354,0.163369,1
0.205663,0.0298337,0.0928194,1
0.171291,0.0692855,0.132609,1
0.164998,0.0267163,0.0919074,1
0.139504,0.0802988,0.0500856,1
0.216784,0.0614332,0.16785,1
0.133842,0.0643008,0.164179,1
0.184128,0.0892484,0.224772,1
0.140862,0.0157619,0.167432,1
0.162322,0.0784321,0.0652229,1
0.143266,0.053335,0.0637269,1
0.221441,0.00582904,0.199243,1
0.134398,0.00564752,0.16598,1
0.122902,0.0073803,0.107137,1
0.21867,0.057345,0.163803,1
0.193421,0.0212449,0.164468,1
0.174716,0.00936045,0.202251,1
0.217487,0.0272374,0.196705,1
0.138043,0.0558958,0.195222,1
0.125789,0.0962018,0.195328,1
0.125846,0.0433481,0.0193014,1
0.127386,0.0223288,0.186951,1
0.21536,0.132317,0.0429977,1
0.196069,0.0410021,0.158827,1
0.182633,0.0768216,0.129003,1
0.151792,0.126604,0.0698944,1
0.205397,0.119082,0.0717352,1
0.158239,0.121199,0.0572551,1
0.13101,0.120884,0.0617646,1
0.212953,0.124534,0.0692189,1
0.191144,0.116069,0.0935068,1
0.202112,0.0806421,0.0974424,1
0.20848,0.126393,0.0728286,1
0.148202,0.124218,0.0598771,1
0.143727,0.0475335,0.00896163,1
0.181236,0.0656955,0.0685019,1
0.221511,0.0998315,0.0970791,1
0.163341,0.127472,0.0546928,1
0.173871,0.0351362,0.0548125,1
0.178692,0.00187524,0.0126301,1
0.213719,0.0223802,0.0680266,1
0.198536,0.00910438,0.0732199,1
0.151895,0.00262686,0.0548794,1
0.140378,0.0392917,0.108517,1
0.125437,0.0794243,0.00565274,1
0.208907,0.103159,0.0552946,1
0.144214,0.12507,0.0372276,1
0.184832,0.0819471,0.0621916,1
0.18429,0.0994655,0.103491,1
0.19836,0.0613634,0.0694471,1
0.219933,0.101365,0.0962112,1
0.14201,0.0160134,0.0817522,1
0.221516,0.104546,0.092718,1
0.216933,0.121494,0.117248,1
0.203467,0.13289,0.00905928,1
0.138764,0.132895,0.0221362,1
0.150658,0.13307,0.114539,1
0.0702861,0.0690215,0.155096,2
0.0674881,0.0479847,0.111856,2
0.116591,0.0769265,0.136067,2
0.0648768,0.0922437,0.00854603,2
0.0693199,0.00257611,0.211945,2
0.00830994,0.0187211,0.021428,2
0.00439091,0.0485399,0.103207,2
0.0836418,0.0259542,0.181241,2
0.0463431,0.088146,0.119541,2
0.033024,0.0129125,0.128793,2
0.023609,0.0420205,0.0573529,2
0.114328,0.0888399,0.0309099,2
0.0177601,0.0726212,0.00427353,2
0.0689496,0.0281949,0.108371,2
0.106422,0.0386134,0.0356807,2
0.0178689,0.00976571,0.1253,2
0.120212,0.0975672,0.0947191,2
0.0232157,0.0349727,0.179076,2
0.0484047,0.0936234,0.217025,2
0.0332896,0.055788,0.0892682,2
0.0191732,0.0902826,0.214582,2
0.00255812,0.100467,0.193249,2
0.0434498,0.0425985,0.156138,2
0.0692469,0.0310906,0.174518,2
0.10979,0.0541129,0.017316,2
0.0554002,0.0395549,0.0366147,2
0.0822623,0.0508195,0.205245,2
0.052817,0.0433571,0.161595,2
0.0517417,0.0292425,0.166853,2
0.0533644,0.00159607,0.133781,2
0.0260607,0.0162899,0.00069057,2
0.0510318,0.0269099,0.178388,2
0.0814053,0.0033438,0.0169539,2
0.101333,0.08424,0.143288,2
0.0245756,0.0211015,0.0988886,2
0.00179292,0.00567205,0.0355765,2
0.0908447,0.0958315,0.127978,2
0.0482342,0.0215417,0.175655,2
0.065466,0.0618487,0.107037,2
0.0222334,0.0502523,0.086911,2
0.0490885,0.0714843,0.121668,2
0.0821598,0.0137119,0.132408,2
0.114509,0.0608458,0.105982,2
0.0325666,0.00197233,0.108654,2
0.0764856,0.0240388,0.159268,2
0.0515423,0.0806578,0.185766,2
0.104633,0.0519251,0.123437,2
0.100488,0.038518,0.224422,2
0.0266496,0.0924549,0.206484,2
0.0884545,0.0799828,0.183032,2
0.0149067,0.0751517,0.0462118,2
0.0911553,0.0989903,0.141456,2
0.0126447,0.0926184,0.0919404,2
0.0553421,0.0179091,0.192944,2
0.0393833,0.072208,0.0587415,2
0.104586,0.0609926,0.13867,2
0.0965032,0.0445587,0.0943864,2
0.0503234,0.00490046,0.11003,2
0.000892117,0.0117537,0.220379,2
0.0469487,0.0900786,0.150034,2
0.115667,0.0866422,0.0324541,2
0.106558,0.0303816,0.0271687,2
0.0137435,0.00404434,0.163043,2
0.0385761,0.0774968,0.21177,2
0.0246567,0.0861362,0.0746519,2
0.0850622,0.0457611,0.130061,2
0.0964289,0.0886394,0.0181355,2
0.0832758,0.0209929,0.0994735,2
0.0657383,0.0884709,0.0356657,2
0.0251727,0.0965147,0.0112712,2
0.0392116,0.0469587,0.194414,2
0.102827,0.0477114,0.177274,2
0.0939974,0.0481838,0.141531,2
0.0527655,0.0518384,0.0319926,2
0.0191704,0.0733858,0.0395977,2
0.0424581,0.0920739,0.0509969,2
0.0557142,0.0706227,0.151745,2
0.068475,0.0247034,0.116767,2
0.0217797,0.0641503,0.181676,2
0.0835124,0.0717514,0.126635,2
0.0684201,0.0884787,0.0576428,2
0.0944194,0.068,0.11297,2
0.024035,0.079095,0.0975028,2
0.0517933,0.0881565,0.219625,2
0.0724078,0.0551478,0.157533,2
0.0988753,0.0516532,0.0665643,2
0.0290253,0.09499,0.0486073,2
0.0207804,0.0691353,0.13357,2
0.0523338,0.0114004,0.130424,2
0.117597,0.0270127,0.182903,2
0.107625,0.0583591,0.120714,2
0.0462047,0.0548424,0.0246158,2
0.0753975,0.0400831,0.0813022,2
0.090114,0.00698083,0.093471,2
0.0925731,0.0557052,0.113986,2
0.00878566,0.0342358,0.101098,2
0.0972392,0.0123271,0.141003,2
0.0756918,0.0167085,0.122271,2
0.115665,0.0518495,0.121306,2
0.0174994,0.0181859,0.0326498,2
0.079846,0.0393656,0.183885,2
0.0495915,0.0343216,0.0828693,2
0.10875,0.0494428,0.00181156,2
0.0912518,0.0479542,0.175944,2
0.108443,0.0489567,0.159357,2
0.0464381,0.0328515,0.0846351,2
0.0844403,0.0762235,0.132394,2
0.0919341,0.010908,0.111688,2
0.0742416,0.0424028,0.113132,2
0.0389469,0.0597857,0.0722899,2
0.0840301,0.00785453,0.176867,2
0.0755564,0.0449645,0.138936,2
0.0907208,0.0916499,0.119746,2
0.0423457,0.0203333,0.033894,2
0.0801349,0.0841068,0.168024,2
0.0193135,0.0387066,0.140224,2
0.0840313,0.0370909,0.0942518,2
0.0990241,0.0673174,0.150143,2
0.0749218,0.0915874,0.191996,2
0.0990626,0.0891492,0.121519,2
0.0553248,0.0648952,0.142343,2
0.0156495,0.00295588,0.19774,2
0.035729,0.0565121,0.0670705,2
0.0058963,0.0987534,0.142292,2
0.120772,0.0474269,0.0671695,2
0.120802,0.0655102,0.174344,2
0.114364,0.101716,0.0885615,2
0.102238,0.117469,0.206893,3
0.0316023,0.106082,0.158144,3
0.00815165,0.134763,0.0957669,3
0.104907,0.112137,0.147247,3
0.0959032,0.114676,0.128881,3
0.0308549,0.110325,0.153082,3
0.0284135,0.210631,0.154417,3
0.111156,0.185443,0.184034,3
0.102272,0.120602,0.167693,3
0.100124,0.111953,0.152466,3
0.0354918,0.103608,0.0970503,3
0.0756317,0.119227,0.0319679,3
0.104374,0.111095,0.0491286,3
0.103666,0.109718,0.0821225,3
0.121241,0.184696,0.11128,3
0.118633,0.103306,0.0373079,3
0.0943489,0.125186,0.217494,3
0.0450214,0.200609,0.112344,3
0.0069034,0.120897,0.000314106,3
0.0557404,0.181569,0.107829,3
0.00327158,0.14684,0.152795,3
0.0274858,0.188673,0.117552,3
0.121371,0.214168,0.197162,3
0.11285,0.131349,0.0886945,3
0.00699803,0.152689,0.0556634,3
0.0611167,0.186066,0.0858001,3
0.0205018,0.161225,0.0177209,3
0.0594794,0.174431,0.0207058,3
0.097681,0.143876,0.0494974,3
0.00919849,0.17375,0.210162,3
0.113146,0.175284,0.0241189,3
0.085324,0.190914,0.180512,3
0.00922205,0.161015,0.084591,3
0.0845911,0.118038,0.00321306,3
0.0472807,0.138855,0.0991418,3
0.109933,0.134137,0.068841,3
0.0925504,0.179406,0.189025,3
0.0505618,0.206439,0.206865,3
0.0295668,0.194289,0.0476524,3
0.0926343,0.210642,0.208444,3
0.0607737,0.121251,0.0903416,3
0.0113403,0.165157,0.0449981,3
0.00996288,0.197686,0.0939294,3
0.0957451,0.202692,0.0231746,3
0.0519723,0.178418,0.100322,3
0.102476,0.126274,0.204121,3
0.0827207,0.21443,0.0204226,3
0.0812621,0.211975,0.157552,3
0.0537776,0.165044,0.0483396,3
0.0737284,0.156074,0.14576,3
0.0991335,0.124316,0.216188,3
0.0684098,0.140727,0.169871,3
0.112242,0.157196,0.129919,3
0.095159,0.17914,0.197337,3
0.0819126,0.136605,0.19334,3
0.00739075,0.177506,0.183416,3
0.0263754,0.14616,0.0844216,3
0.0213054,0.22446,0.00416392,3
0.0654862,0.126985,0.159062,3
0.0468122,0.182226,0.199565,3
0.0417842,0.192484,0.0129949,3
0.0286694,0.162231,0.0929252,3
0.0702225,0.211737,0.00782112,3
0.0723384,0.223889,0.0239763,3
0.056438,0.179941,0.202058,3
0.0476554,0.198062,0.137853,3
0.0113261,0.148023,0.0998339,3
0.114294,0.14691,0.221103,3
0.022368,0.152114,0.0866385,3
0.00137919,0.158105,0.00136311,3
0.0134312,0.187061,0.161814,3
0.110777,0.132076,0.145954,3
0.0501652,0.141008,0.219763,3
0.0342568,0.117587,0.13008,3
0.0758118,0.178951,0.0666056,3
0.0139676,0.202233,0.112738,3
0.0728987,0.190995,0.180905,3
0.0839519,0.160227,0.0790269,3
0.0780233,0.164359,0.176897,3
0.0922133,0.179272,0.029342,3
0.0817487,0.156136,0.154475,3
0.014341,0.17467,0.122253,3
0.0463463,0.174787,0.0690451,3
0.0855103,0.203938,0.167623,3
0.0413328,0.135449,0.0318629,3
0.0614507,0.198204,0.0910668,3
0.0962721,0.185892,0.219999,3
0.067392,0.126078,0.140289,3
0.0734219,0.158218,0.00573434,3
0.0484696,0.169795,0.0341719,3
0.0267296,0.147393,0.0879622,3
0.016782,0.182095,0.153631,3
0.013334,0.195665,0.171184,3
0.0137654,0.19646,0.18984,3
0.0396836,0.22263,0.197309,3
0.114788,0.137726,0.00533237,3
0.00167723,0.138791,0.0835991,3
0.115476,0.112094,0.00469317,3
0.0119473,0.186791,0.0595275,3
0.0750802,0.150443,0.0662068,3
0.105794,0.197202,0.11836,3
0.0386579,0.135479,0.0194633,3
0.0692428,0.146416,0.189188,3
0.0905264,0.151908,0.212728,3
0.111683,0.1087,0.144413,3
0.0751995,0.194751,0.133029,3
0.0638958,0.202281,0.0883569,3
0.0832352,0.187177,0.162192,3
0.0955316,0.155,0.0780524,3
0.106665,0.20923,0.0161426,3
0.109637,0.208037,0.0116875,3
0.0855673,0.135013,0.139604,3
0.0654773,0.168672,0.131268,3
0.0964972,0.129485,0.127072,3
0.00847849,0.18228,0.133244,3
0.0696786,0.140936,0.113018,3
0.0820274,0.138369,0.0171397,3
0.0177025,0.15138,0.101611,3
0.102161,0.156694,0.0635769,3
0.0135699,0.132783,0.0425577,3
0.101623,0.163471,0.123717,3
0.121091,0.122884,0.164422,3
