x coord,y coord,z coord,rank
0.180956,0.158834,0.100945,0
0.131005,0.172991,0.0971728,0
0.182363,0.209891,0.103373,0
0.146355,0.143868,0.101428,0
0.140787,0.0309157,0.0979599,0
0.13329,0.081885,0.172713,0
0.158803,0.0259753,0.209182,0
0.158675,0.0838671,0.10894,0
0.157455,0.0295961,0.186262,0
0.138169,0.0336737,0.148502,0
0.184219,0.0292016,0.122645,0
0.13604,0.0351079,0.0962501,0
0.184953,0.117764,0.177909,0
0.177574,0.048736,0.202131,0
0.133683,0.200844,0.107791,0
0.149864,0.110962,0.126208,0
0.142479,0.0373944,0.0963627,0
0.141384,0.0303795,0.097465,0
0.144934,0.0245057,0.125977,0
0.15075,0.0363571,0.0992715,0
0.139015,0.0325423,0.0960525,0
0.177216,0.0898773,0.182175,0
0.155281,0.0483281,0.166993,0
0.158657,0.21117,0.0967998,0
0.141741,0.088903,0.128065,0
0.219498,0.0721045,0.165967,0
0.197543,0.0532102,0.141788,0
0.147157,0.162755,0.200262,0
0.158515,0.156197,0.159224,0
0.142044,0.215268,0.129539,0
0.204977,0.187899,0.20567,0
0.19541,0.182654,0.215713,0
0.17665,0.121892,0.224278,0
0.166814,0.205653,0.114764,0
0.143495,0.0320749,0.0953235,0
0.160593,0.156428,0.195149,0
0.206252,0.218079,0.201127,0
0.20163,0.218782,0.145742,0
0.198787,0.143858,0.165777,0
0.222081,0.130086,0.127249,0
0.150996,0.00164338,0.166946,0
0.200322,0.186492,0.13721,0
0.178145,0.17342,0.108513,0
0.206758,0.0895988,0.107292,0
0.140716,0.180348,0.190137,0
0.189718,0.189361,0.183142,0
0.174392,0.0496371,0.200365,0
0.176634,0.123834,0.204833,0
0.201592,0.211644,0.143817,0
0.217764,0.136343,0.103759,0
0.215484,0.0371229,0.212651,0
0.180691,0.213386,0.139951,0
0.183348,0.177904,0.222953,0
0.221138,0.0818685,0.216359,0
0.167765,0.0513948,0.129128,0
0.153364,0.0970396,0.17401,0
0.18721,0.179696,0.147073,0
0.172645,0.0751453,0.187255,0
0.161529,0.0191183,0.158685,0
0.139302,0.144429,0.200123,0
0.143572,0.0387579,0.0956018,0
0.159203,0.0852796,0.10361,0
0.150249,0.187606,0.181824,0
0.215646,0.150349,0.151005,0
0.203774,0.0112815,0.185793,0
0.145682,0.060031,0.102723,0
0.21002,0.218736,0.159826,0
0.184262,0.1934,0.124024,0
0.178107,0.053153,0.186933,0
0.173297,0.0469032,0.20907,0
0.193849,0.146142,0.199355,0
0.185285,0.157471,0.13441,0
0.183747,0.0247947,0.104046,0
0.193169,0.184326,0.210211,0
0.177434,0.209508,0.110919,0
0.222765,0.196115,0.19309,0
0.206595,0.208642,0.189421,0
0.163878,0.123412,0.101348,0
0.179897,0.0703532,0.203506,0
0.21869,0.0264724,0.192022,0
0.196355,0.0877298,0.168652,0
0.16577,0.205959,0.211482,0
0.158554,0.0547157,0.133795,0
0.215818,0.163439,0.215459,0
0.173565,0.0425891,0.206954,0
0.139859,0.224141,0.116903,0
0.213264,0.175037,0.142437,0
0.164295,0.0878338,0.217685,0
0.205674,0.203048,0.11206,0
0.180772,0.19074,0.122019,0
0.187464,0.204219,0.199567,0
0.22412,0.129403,0.147456,0
0.184043,0.135437,0.19866,0
0.197515,0.150825,0.199116,0
0.145341,0.125749,0.121835,0
0.187734,0.0476802,0.161865,0
0.14364,0.174908,0.135105,0
0.179394,0.0464865,0.149678,0
0.196286,0.0571949,0.124625,0
0.160519,0.222453,0.141772,0
0.208132,0.205349,0.158971,0
0.149019,0.191051,0.17012,0
0.171512,0.0535175,0.152286,0
0.186939,0.150426,0.172196,0
0.149873,0.125975,0.198619,0
0.132674,0.22177,0.223097,0
0.172875,0.0188569,0.204939,0
0.175332,0.123803,0.200581,0
0.161102,0.19511,0.110216,0
0.174374,0.0697961,0.12782,0
0.168019,0.133254,0.11293,0
0.159546,0.0441013,0.19263,0
0.167616,0.215076,0.150523,0
0.183267,0.0322054,0.117759,0
0.216999,0.020279,0.17825,0
0.180781,0.0560894,0.165923,0
0.154448,0.111304,0.154027,0
0.203941,0.109105,0.190203,0
0.202712,0.0574263,0.208453,0
0.133299,0.0326862,0.135753,0
0.200837,0.0740764,0.106115,0
0.175485,0.0838654,0.119387,0
0.180178,0.0988318,0.122801,0
0.178557,0.106117,0.187049,0
0.138871,0.0214811,0.158213,0
0.138973,0.0308575,0.0992021,0
0.139212,0.0337812,0.0967898,0
0.0610953,0.119859,0.132387,1
0.0733492,0.076475,0.218678,1
0.0241368,0.0151216,0.159598,1
0.106692,0.137023,0.195305,1
0.000391062,0.181893,0.218053,1
0.00416077,0.142859,0.151521,1
0.031351,0.0562247,0.212967,1
0.00336555,0.0358247,0.191033,1
0.0735715,0.215603,0.214302,1
0.118241,0.0832799,0.147796,1
0.124118,0.0628801,0.149095,1
0.0622297,0.179124,0.201216,1
0.0439389,0.132802,0.14369,1
0.12474,0.197618,0.18623,1
0.0678587,0.0903113,0.153396,1
0.118888,0.0301392,0.160999,1
0.0844448,0.0403435,0.201443,1
0.0296886,0.182129,0.144419,1
0.0357136,0.155166,0.199112,1
0.0507312,0.219379,0.161628,1
0.0051209,0.0926694,0.193687,1
0.0376405,0.191839,0.179901,1
0.104048,0.0564047,0.144221,1
0.0815692,0.178816,0.223129,1
0.00253975,0.0333876,0.149714,1
0.109472,0.146668,0.163829,1
0.0995776,0.188088,0.145179,1
0.060426,0.100515,0.132713,1
0.114184,0.192933,0.213388,1
0.0758769,0.159314,0.143086,1
0.0630994,0.04988,0.194481,1
0.00496575,0.0558356,0.176075,1
0.0241756,0.173854,0.143514,1
0.102282,0.206175,0.21801,1
0.121645,0.1486,0.180144,1
0.118263,0.202848,0.213683,1
0.0487956,0.0266416,0.192181,1
0.000794966,0.172437,0.170114,1
0.0145099,0.0610006,0.171529,1
0.118575,0.103214,0.159209,1
0.0467289,0.0177798,0.214599,1
0.0844763,0.125686,0.185566,1
0.0377466,0.019912,0.224903,1
0.0242661,0.180925,0.152462,1
0.0524485,0.210395,0.149913,1
0.0791618,0.0738175,0.208173,1
0.0603758,0.179159,0.221552,1
0.0120761,0.0315642,0.155434,1
0.0940468,0.164764,0.170776,1
0.0298593,0.214297,0.180741,1
0.0776908,0.0656409,0.204787,1
0.0162231,0.212256,0.217632,1
0.0206453,0.133025,0.137792,1
0.0553749,0.220953,0.17547,1
0.117946,0.0562046,0.150221,1
0.109568,0.133117,0.14743,1
0.115086,0.154966,0.169699,1
0.0391996,0.0703636,0.182209,1
0.0712044,0.197605,0.142198,1
0.00446062,0.0728852,0.214345,1
0.0520104,0.127349,0.172835,1
0.0292738,0.207372,0.131147,1
0.0861052,0.126263,0.190937,1
0.118631,0.0830223,0.151348,1
0.0538313,0.103402,0.210142,1
0.0934057,0.193799,0.22301,1
0.0912817,0.168893,0.20967,1
0.0472853,0.145296,0.212916,1
0.0464524,0.0503211,0.21884,1
0.0495979,0.045646,0.219699,1
0.00306398,0.0101952,0.217316,1
0.0252683,0.0923204,0.158363,1
0.060569,0.0959668,0.138783,1
0.0365025,0.114249,0.179778,1
0.102586,0.170524,0.211273,1
0.00859932,0.181833,0.191089,1
0.0662195,0.179525,0.200661,1
0.100584,0.175076,0.163508,1
0.0756726,0.0162067,0.180661,1
0.0156602,0.180191,0.168987,1
0.0458791,0.212183,0.205737,1
0.12429,0.0657428,0.200548,1
0.0376645,0.22317,0.220616,1
0.12479,0.195668,0.171737,1
0.107671,0.131161,0.182714,1
0.0889911,0.106027,0.216983,1
0.0693825,0.192871,0.222951,1
0.10265,0.124862,0.18625,1
0.0295662,0.206177,0.159951,1
0.0388361,0.0972985,0.190827,1
0.0434859,0.0502588,0.152829,1
0.053967,0.00322837,0.214422,1
0.0257653,0.0777248,0.146052,1
0.0778174,0.142677,0.131726,1
0.100362,0.195757,0.141821,1
0.101131,0.132862,0.15814,1
0.115248,0.107156,0.192397,1
0.026521,0.093637,0.131424,1
0.0693946,0.200338,0.190337,1
0.10634,0.202579,0.219918,1
0.109666,0.0704146,0.216208,1
0.0936241,0.172411,0.160474,1
0.0723994,0.164647,0.224047,1
0.0116029,0.0243194,0.153944,1
0.0125563,0.0257729,0.140305,1
0.0589833,0.0522916,0.187681,1
0.089078,0.0998155,0.197655,1
0.0105215,0.0571886,0.14151,1
0.104644,0.106953,0.179293,1
0.0252777,0.216073,0.209238,1
0.0826297,0.0690011,0.1875,1
0.0900086,0.0125082,0.15304,1
0.122113,0.188057,0.144543,1
0.0165935,0.0692885,0.134738,1
0.102644,0.0784847,0.182775,1
0.0406078,0.0214604,0.217598,1
0.0496053,0.0474816,0.216406,1
0.0861848,0.132998,0.174155,1
0.0723538,0.137486,0.196883,1
0.096753,0.109176,0.132201,1
0.0748775,0.101038,0.177344,1
0.0894176,0.102099,0.17728,1
0.0340421,0.0933418,0.194904,1
0.0881064,0.117064,0.130601,1
0.0277019,0.077001,0.129011,1
0.126461,0.0953795,0.144662,1
0.160881,0.114822,0.0457127,2
0.158229,0.167967,0.0574543,2
0.143126,0.149369,0.0646067,2
0.159443,0.0261921,0.00673167,2
0.138863,0.0331354,0.0917862,2
0.142193,0.0306773,0.0931323,2
0.138991,0.0336157,0.0918225,2
0.216269,0.202934,0.0478113,2
0.182261,0.0188659,0.037096,2
0.218586,0.0563379,0.0557307,2
0.140805,0.0321009,0.0882082,2
0.160155,0.117262,0.0752995,2
0.144194,0.152075,0.0456429,2
0.142614,0.12739,0.0141339,2
0.159692,0.00731996,0.0793302,2
0.14445,0.0345143,0.090327,2
0.160669,0.0122227,0.090815,2
0.19302,0.0873534,0.0840988,2
0.133847,0.0342357,0.0945206,2
0.138492,0.0340405,0.0949356,2
0.12896,0.222489,0.0655191,2
0.193717,0.0812119,0.0904249,2
0.22174,0.0317878,0.0565011,2
0.22065,0.177118,0.0621025,2
0.136108,0.179757,0.0741411,2
0.14163,0.0340925,0.0921908,2
0.140732,0.0310284,0.0939803,2
0.183058,0.181028,0.064826,2
0.213755,0.206283,0.0854243,2
0.143912,0.0323469,0.0946912,2
0.20276,0.208297,0.0570959,2
0.169175,0.179216,0.0795037,2
0.196709,0.0355567,0.0161291,2
0.136365,0.0366059,0.0926915,2
0.177826,0.024087,0.0207317,2
0.134667,0.031161,0.0919987,2
0.134865,0.212366,0.0943429,2
0.204662,0.190675,0.0875447,2
0.142048,0.030358,0.0929514,2
0.141251,0.0302544,0.0936079,2
0.191051,0.0894883,0.0383018,2
0.155474,0.122299,0.0199278,2
0.165188,0.161521,0.0156959,2
0.20502,0.0383057,0.00891815,2
0.160241,0.103009,0.0147009,2
0.182716,0.215697,0.0273071,2
0.183672,0.0313318,0.0450216,2
0.175933,0.115443,0.0701538,2
0.141527,0.0331639,0.0862171,2
0.142761,0.032429,0.0901585,2
0.141733,0.0229944,0.0936861,2
0.187626,0.192123,0.0809413,2
0.222762,0.190591,0.061656,2
0.172784,0.108401,0.0282697,2
0.17624,0.17383,0.00423239,2
0.17337,0.0555674,0.0132125,2
0.143486,0.135128,0.0396208,2
0.156664,0.19111,0.0239021,2
0.156044,0.106473,0.0116639,2
0.14308,0.0323873,0.0925112,2
0.140136,0.148485,0.0178226,2
0.224316,0.0581408,0.00297705,2
0.151556,0.13259,0.0686457,2
0.140135,0.0333192,0.0913411,2
0.211919,0.18465,0.049577,2
0.127273,0.0367674,0.00563433,2
0.139602,0.0315085,0.0902742,2
0.218264,0.0983377,0.0738341,2
0.206243,0.223954,0.0710766,2
0.146063,0.212672,0.037805,2
0.190163,0.0601044,0.0575339,2
0.20461,0.144689,0.0181079,2
0.139986,0.0329966,0.0931151,2
0.169659,0.190242,0.0521199,2
0.16958,0.191092,0.0844108,2
0.176694,0.053921,0.0559101,2
0.18829,0.0707842,0.0263142,2
0.143562,0.0300923,0.0898832,2
0.137709,0.140604,0.0128155,2
0.212153,0.221779,0.0255376,2
0.171416,0.155962,0.0101221,2
0.137041,0.0314682,0.0905337,2
0.197835,0.210299,0.0897545,2
0.201004,0.149905,0.0387995,2
0.182603,0.00238875,0.0426049,2
0.211819,0.167104,0.0653709,2
0.173285,0.0708501,0.0299841,2
0.211296,0.116521,0.067278,2
0.13456,0.029893,0.0927139,2
0.179055,0.195225,0.0580029,2
0.171471,0.0656934,0.0574626,2
0.138063,0.0359345,0.0921048,2
0.172642,0.125957,0.0162849,2
0.128084,0.110428,0.0396619,2
0.201321,0.17721,0.0422141,2
0.13704,0.0302678,0.0911446,2
0.149203,0.142393,0.0804194,2
0.211482,0.197202,0.0339546,2
0.128235,0.105563,0.0305108,2
0.132687,0.0538634,0.00546199,2
0.148595,0.0319964,0.0936207,2
0.143385,0.0315945,0.0891976,2
0.193932,0.0794632,0.0200174,2
0.154913,0.124066,0.0229095,2
0.20882,0.146297,0.052785,2
0.137702,0.0325895,0.0926478,2
0.134669,0.0388149,0.0133033,2
0.134735,0.205945,0.028048,2
0.134833,0.216161,0.0783562,2
0.143424,0.0333424,0.0876981,2
0.222346,0.0238042,0.0913915,2
0.13521,0.0308028,0.0897278,2
0.157151,0.0938314,0.00525726,2
0.169274,0.103012,0.0438766,2
0.148777,0.0462853,0.0155271,2
0.138947,0.035717,0.0952993,2
0.142987,0.038152,0.0927035,2
0.15798,0.0473163,0.0507783,2
0.142845,0.0314102,0.0903234,2
0.141916,0.0331508,0.0910582,2
0.219819,0.0374019,0.0254224,2
0.135165,0.0315467,0.0894094,2
0.140491,0.0327566,0.0940666,2
0.135739,0.0336094,0.0951411,2
0.0163621,0.0703421,0.0880726,3
0.0461262,0.19216,0.0386322,3
0.123007,0.0539946,0.0944819,3
0.0966762,0.128652,0.0478382,3
0.0273002,0.0669766,0.0355294,3
0.123418,0.00489151,0.0756885,3
0.055993,0.191687,0.0572557,3
0.0550028,0.135343,0.0457759,3
0.0735944,0.0249587,0.0873628,3
0.113526,0.192418,7.07508e-06,3
0.0500399,0.0690926,0.0573385,3
0.00528495,0.196434,0.0376487,3
0.00501269,0.141077,0.0759376,3
0.0230253,0.0490238,0.0487779,3
0.0429495,0.103995,0.076194,3
0.0221031,0.132449,0.0561686,3
0.0610423,0.0743564,0.00484035,3
0.0323669,0.199252,0.0449304,3
0.0482886,0.00950434,0.0923465,3
0.104002,0.109033,0.035206,3
0.0733769,0.0100579,0.0393406,3
0.0992425,0.177166,0.0240999,3
0.122546,0.0855038,0.0773974,3
0.101135,0.134867,0.108956,3
0.0288568,0.00636387,0.104071,3
0.0685356,0.0993755,0.0582109,3
0.0122038,0.020654,0.0104308,3
0.0701854,0.0935181,0.037295,3
0.00608559,0.204866,0.0220113,3
0.0870518,0.183785,0.078319,3
0.0574902,0.0180441,0.00692054,3
0.0413464,0.0774897,0.103311,3
0.126493,0.00773045,0.0935122,3
0.03238,0.0474783,0.0973155,3
0.0299591,0.0941502,0.0119966,3
0.00688641,0.131204,0.067744,3
0.0182532,0.0627577,0.0684021,3
0.0716935,0.184287,0.0614626,3
0.109849,0.198475,0.0691135,3
0.0474889,0.0510718,0.0760087,3
0.033954,0.0505444,0.0934727,3
0.0865207,0.0435764,0.0654857,3
0.1005,0.0504851,0.00128651,3
0.00775751,0.218364,0.107776,3
0.0930881,0.0699168,0.059911,3
0.0936703,0.1433,0.0541243,3
0.120562,0.103909,0.00448804,3
0.0425684,0.0261521,0.0792472,3
0.097775,0.180287,0.0706684,3
0.0458175,0.220523,0.095312,3
0.122149,0.123041,0.011529,3
0.0706055,0.000325866,0.0303181,3
0.073184,0.0783684,0.0944752,3
0.110585,0.146753,0.0737534,3
0.0298511,0.164464,0.0235706,3
0.0911263,0.22067,0.0899475,3
0.0293238,0.200172,0.000130708,3
0.0498329,0.116544,0.0274674,3
0.0968991,0.17271,0.00781393,3
0.106192,0.22248,0.0483375,3
0.0628197,0.0322022,0.0859245,3
0.038808,0.0637942,0.0480251,3
0.0179699,0.00449201,0.0876918,3
0.00765285,0.152819,0.032214,3
0.0209731,0.203322,0.0872614,3
0.0643686,0.0768588,0.017078,3
0.105122,0.00157283,0.0774799,3
0.0602924,0.109149,0.000571573,3
0.0349772,0.159258,0.0045823,3
0.0163722,0.0561999,0.0738186,3
0.109965,0.196133,0.0706122,3
0.0189695,0.0625158,0.0765275,3
0.0791038,0.161515,0.0294791,3
0.0980042,0.042568,0.0202119,3
0.011051,0.0723757,0.00773146,3
0.0620177,0.179043,0.0275943,3
0.0851645,0.0177698,0.00603005,3
0.0601638,0.000227435,0.0317539,3
0.124415,0.0927305,0.0555142,3
0.0361665,0.166551,0.0387967,3
0.0457622,0.0720495,0.0862914,3
0.0721962,0.023351,0.100854,3
0.0679261,0.147543,0.10209,3
0.117985,0.100296,0.0992151,3
0.0882414,0.175426,0.0544076,3
0.102548,0.114484,0.0338672,3
0.0361236,0.162883,0.101011,3
0.109599,0.0157845,0.0630615,3
0.0366133,0.0285159,0.0209601,3
0.00508253,0.143786,0.057156,3
0.0201145,0.127243,0.0588077,3
0.126358,0.0609496,0.0385791,3
0.0223721,0.168318,0.0231656,3
0.00867986,0.0140964,0.0704843,3
0.00154298,0.0336201,0.0779727,3
0.069476,0.166847,0.104201,3
0.0565934,0.205678,0.0652816,3
0.0236523,0.220492,0.113773,3
0.0777099,0.173947,0.113429,3
0.0315018,0.139024,0.0668285,3
0.0894717,0.176102,0.114411,3
0.065682,0.180429,0.0426293,3
0.0504717,0.198239,0.112989,3
0.123461,0.100109,0.0951241,3
0.00426908,0.218305,0.119583,3
0.0506745,0.190342,0.0642841,3
0.108331,0.161767,0.000496358,3
0.103833,0.184901,0.115266,3
0.0308948,0.217284,0.0889278,3
0.0509876,0.148506,0.117613,3
0.0492227,0.112376,0.0998456,3
0.0725765,0.105351,0.023206,3
0.117539,0.127419,0.126332,3
0.104239,0.0457117,0.1048,3
0.0994763,0.124567,0.106196,3
0.107924,0.0523755,0.117713,3
0.0600617,0.0594316,0.112267,3
0.012415,0.031853,0.123073,3
0.111265,0.00505778,0.127996,3
0.0424574,0.102849,0.126775,3
0.0476445,0.213299,0.118882,3
0.114913,0.0512397,0.123947,3
0.0544416,0.191086,0.125273,3
