x coord,y coord,z coord,rank
0.124225,0.0820912,0.176887,0
0.0984442,0.223922,0.145312,0
0.0490263,0.124591,0.210759,0
0.107336,0.125406,0.182987,0
0.135186,0.0375892,0.208715,0
0.114758,0.0357357,0.149427,0
0.132439,0.15811,0.158824,0
0.134583,0.0753027,0.205244,0
0.133484,0.029502,0.176351,0
0.0144957,0.166682,0.172753,0
0.0256847,0.129514,0.223223,0
0.12505,0.089648,0.180918,0
0.115469,0.127488,0.130607,0
0.127953,0.205401,0.220851,0
0.105843,0.209088,0.193416,0
0.12098,0.13709,0.132715,0
0.133817,0.221729,0.129159,0
0.128446,0.15708,0.152188,0
0.0555534,0.18288,0.141975,0
0.130657,0.0259358,0.177586,0
0.101474,0.21653,0.126129,0
0.0449265,0.109201,0.141097,0
0.045189,0.0991155,0.19636,0
0.134044,0.0436952,0.175433,0
0.0743268,0.0523892,0.128962,0
0.0488188,0.128867,0.165675,0
0.040786,0.0119183,0.12648,0
0.0331179,0.0532641,0.206511,0
0.0900537,0.192523,0.214379,0
0.0645882,0.0743537,0.138838,0
0.00933154,0.150619,0.216074,0
0.0238849,0.133511,0.180701,0
0.0458641,0.201897,0.219741,0
0.0106099,0.0265989,0.201276,0
0.0606386,0.0203797,0.208499,0
0.0359927,0.205524,0.184135,0
0.124856,0.103985,0.145602,0
0.0836199,0.211194,0.156437,0
0.0853732,0.211344,0.211404,0
0.0315506,0.0365126,0.179681,0
0.0088833,0.117922,0.139118,0
0.04873,0.20339,0.192764,0
0.0882147,0.142114,0.175161,0
0.0761266,0.147416,0.210239,0
0.124809,0.0775211,0.205565,0
0.129675,0.0530769,0.224009,0
0.0902305,0.0389993,0.192959,0
0.110197,0.0246961,0.179755,0
0.03281,0.00541845,0.189426,0
0.0752133,0.111881,0.186532,0
0.025815,0.10957,0.177264,0
0.0599713,0.0628116,0.188217,0
0.0548702,0.138873,0.200783,0
0.0459517,0.100634,0.196913,0
0.0402507,0.0866537,0.12799,0
0.097723,0.224651,0.197992,0
0.0274613,0.0209032,0.220094,0
0.0506589,0.0510388,0.158866,0
0.0697163,0.215118,0.184525,0
0.0376631,0.17623,0.182849,0
0.0559306,0.0854956,0.202819,0
0.0555543,0.0419277,0.20369,0
0.0452266,0.109363,0.120783,0
0.103969,0.153005,0.147393,0
0.100782,0.0750391,0.157563,0
0.0064648,0.222064,0.208547,0
0.0993258,0.0231133,0.182119,0
0.132696,0.0555553,0.151342,0
0.0219553,0.22322,0.21617,0
0.0205535,0.165408,0.194779,0
0.0707681,0.00977513,0.221559,0
0.104242,0.158303,0.20761,0
0.034405,0.211311,0.151311,0
0.0830342,0.132666,0.134491,0
0.131117,0.0530496,0.214038,0
0.0852676,0.138546,0.199349,0
0.0860992,0.156937,0.141219,0
0.0512259,0.00485728,0.126043,0
0.0201177,0.0943568,0.140384,0
0.0453667,0.191759,0.153379,0
0.00571963,0.125213,0.170065,0
0.0262252,0.161115,0.197441,0
0.020366,0.0748325,0.153159,0
0.0624404,0.0239828,0.164708,0
0.0826737,0.0772338,0.206726,0
0.110267,0.216009,0.156948,0
0.0195277,0.0655293,0.201243,0
0.00270579,0.0749651,0.217416,0
0.0586285,0.139193,0.207744,0
0.0345433,0.020454,0.176597,0
0.00999232,0.0461248,0.128481,0
0.00465265,0.12779,0.166548,0
0.0367491,0.221184,0.174173,0
0.027629,0.159729,0.194312,0
0.0288496,0.217179,0.161517,0
0.0983443,0.201776,0.217453,0
0.0373558,0.0826492,0.212079,0
0.0359421,0.217571,0.168318,0
0.0344201,0.00120017,0.170428,0
0.0841789,0.138082,0.173781,0
0.00519937,0.134095,0.158725,0
0.0712265,0.00119128,0.188732,0
0.130024,0.2084,0.13261,0
0.0883996,0.114696,0.138308,0
0.0141342,0.0393429,0.145571,0
0.113576,0.146142,0.198227,0
0.0819408,0.130893,0.202922,0
0.026753,0.00197443,0.212936,0
0.0713919,0.22173,0.127867,0
0.0358655,0.161785,0.16714,0
0.0165279,0.108287,0.208467,0
0.0780264,0.136156,0.177885,0
0.0889072,0.127313,0.159602,0
0.0792065,0.0597766,0.216124,0
0.0594888,0.0734048,0.193436,0
0.0349785,0.209771,0.170861,0
0.0394651,0.0276338,0.162004,0
0.060246,0.183471,0.127075,0
0.071123,0.0789016,0.182707,0
0.0714626,0.213483,0.172376,0
0.0635304,0.18605,0.130829,0
0.00691168,0.180991,0.123728,0
0.0296779,0.162609,0.198812,0
0.09061,0.0493802,0.113777,1
0.0292134,0.12807,0.0248247,1
0.061752,0.0949991,0.0924384,1
0.098098,0.12658,0.097711,1
0.048903,0.215192,0.0877861,1
0.0869368,0.0623559,0.0281221,1
0.0937893,0.0445505,0.0877293,1
0.0666216,0.0388309,0.00940598,1
0.104252,0.197393,0.0751903,1
0.070763,0.00769525,0.0135818,1
0.0270918,0.0480837,0.0816759,1
0.0503633,0.120685,0.118531,1
0.0582445,0.132031,0.0530086,1
0.0781992,0.12367,0.114599,1
0.0493631,0.130465,0.108365,1
0.0503426,0.196574,0.0488747,1
0.0053626,0.0616643,0.0805876,1
0.0722802,0.00580328,0.0407745,1
0.103003,0.0941461,0.0869688,1
0.0670282,0.138288,0.109282,1
0.103671,0.046169,0.111237,1
0.00465631,0.173168,0.0554169,1
0.0497995,0.187164,0.006649,1
0.0281146,0.0523768,0.103363,1
1.58788e-05,0.223006,0.0394413,1
0.101261,0.0144847,0.0449424,1
0.0308313,0.0917404,0.034894,1
0.098222,0.187033,0.0373537,1
0.0192173,0.183087,0.00160164,1
0.0329747,0.183071,0.0898963,1
0.0442801,0.114722,0.0431473,1
0.0406685,0.116601,0.0681848,1
0.00643328,0.0404254,0.0754013,1
0.0525881,0.0660512,0.0676219,1
0.00227055,0.179082,0.0490341,1
0.0156136,0.0642563,0.0221146,1
0.00415105,0.0730783,0.120299,1
0.0618295,0.111378,0.0714329,1
0.0634103,0.0150161,0.061688,1
0.0954927,0.0217015,0.0671814,1
0.00257219,0.139571,0.0449955,1
0.0566889,0.0122566,0.053202,1
0.0482747,0.204463,0.0159725,1
0.00652558,0.0576099,0.00508783,1
0.0392179,0.148202,0.0796548,1
0.0712258,0.0647815,0.0489204,1
0.100505,0.199758,0.0571262,1
0.104115,0.0452389,0.0433252,1
0.108525,0.0813508,0.11765,1
0.0894558,0.124262,0.115171,1
0.0850355,0.0783271,0.0119845,1
0.106139,0.187175,0.0672597,1
0.0360049,0.217573,0.0843999,1
0.0527275,0.192173,0.0776358,1
0.00167271,0.0150112,0.0156389,1
0.0412254,0.193065,0.101634,1
0.0116286,0.0523528,0.00258776,1
0.00374155,0.197205,0.0610275,1
0.0634826,0.171271,0.0529474,1
0.000575588,0.140072,0.119569,1
0.0881953,0.10051,0.0300745,1
0.026223,0.0332789,0.0382649,1
0.0571956,0.0687278,0.08108,1
0.0380376,0.0892183,0.0904575,1
0.00716959,0.200912,0.0590215,1
0.0402237,0.0536763,0.00700547,1
0.0108492,0.178348,0.12051,1
0.00940167,0.0831015,0.0916833,1
0.00569957,0.198664,0.0630424,1
0.0602174,0.188039,0.111927,1
0.0854403,0.204374,0.0106882,1
0.00330244,0.22498,0.0370818,1
0.0806358,0.110957,0.0339231,1
0.0450349,0.0628096,0.0235495,1
0.0718796,0.0683925,0.108617,1
0.00453325,0.0930533,0.0496552,1
0.107469,0.180164,0.0405323,1
0.00645395,0.160957,0.0533012,1
0.061245,0.195539,0.0659249,1
0.00591756,0.104841,0.00320197,1
0.0426257,0.149292,0.0147793,1
0.0377829,0.209898,0.0251958,1
0.100521,0.0351686,0.112136,1
0.0762336,0.207941,0.0870285,1
0.0504833,0.040932,0.110558,1
0.014418,0.0985827,0.0905286,1
0.0978294,0.166977,0.0199922,1
0.0545589,0.135054,0.0759196,1
0.0300712,0.132972,0.073005,1
0.0235673,0.0854812,0.0242087,1
0.0741859,0.163332,0.115412,1
0.068688,0.0170404,0.0970365,1
0.0193711,0.144927,0.0413957,1
0.0139271,0.060326,0.102297,1
0.0207217,0.21204,0.0337288,1
0.0127817,0.122291,0.0852573,1
0.014945,0.208454,0.107066,1
0.0964802,0.104955,0.0979051,1
0.00228544,0.0700633,0.0653536,1
0.00242847,0.203634,0.0743924,1
0.0260307,0.0285345,0.0636468,1
0.0249268,0.205731,0.0299832,1
0.0686843,0.119572,0.0992898,1
0.0556076,0.0866461,0.0642037,1
0.0698037,0.102653,0.0806675,1
0.0399582,0.204012,0.0842661,1
0.0171937,0.191237,0.0803831,1
0.0629397,0.0463775,0.117111,1
0.0937242,0.123351,0.0356343,1
0.0797196,0.161462,0.0965612,1
0.0716809,0.158038,0.047413,1
0.0805302,0.0160636,0.0470966,1
0.0788388,0.140937,0.0550224,1
0.0173328,0.215831,0.103683,1
0.0821489,0.0998084,0.103937,1
0.0954855,0.119555,0.117356,1
0.0719465,0.152085,0.000443462,1
0.0409759,0.00634379,0.0360072,1
0.0925295,0.176495,0.031999,1
0.108756,0.127256,0.00918275,1
0.0348244,0.0271058,0.108426,1
0.0644387,0.0447418,0.0789153,1
0.0608292,0.155222,0.0445417,1
0.0284191,0.178612,0.0600339,1
0.094617,0.173653,0.066636,1
0.0224897,0.175076,0.118942,1
0.108818,0.155044,0.0519181,1
0.108637,0.133608,0.00443123,1
0.147705,0.120437,0.125693,2
0.147604,0.118667,0.128384,2
0.155694,0.114678,0.123063,2
0.152603,0.115919,0.128497,2
0.159003,0.121649,0.126022,2
0.150943,0.122258,0.132261,2
0.21871,0.127681,0.123105,2
0.155604,0.112709,0.130405,2
0.154705,0.113649,0.126397,2
0.157103,0.120932,0.123819,2
0.174295,0.0740298,0.158178,2
0.151208,0.121623,0.127379,2
0.155829,0.118491,0.124071,2
0.144133,0.0847139,0.156297,2
0.15207,0.112694,0.126787,2
0.177799,0.107752,0.152956,2
0.152489,0.113479,0.128901,2
0.150956,0.11722,0.131166,2
0.157021,0.119409,0.129122,2
0.147653,0.115148,0.133957,2
0.137338,0.0671938,0.210936,2
0.156872,0.116339,0.13247,2
0.167306,0.205366,0.201602,2
0.153173,0.113912,0.132967,2
0.176428,0.0440443,0.213192,2
0.14997,0.193486,0.131672,2
0.186483,0.194465,0.179444,2
0.153641,0.117592,0.128625,2
0.185159,0.189695,0.184193,2
0.15041,0.0783334,0.17543,2
0.15454,0.121234,0.127416,2
0.201096,0.0229906,0.179264,2
0.145821,0.0796061,0.214887,2
0.154274,0.119365,0.131095,2
0.167813,0.0666549,0.12743,2
0.180433,0.173153,0.221747,2
0.187386,0.125354,0.204646,2
0.152731,0.11867,0.124102,2
0.160246,0.0129082,0.19919,2
0.216541,0.0731978,0.150097,2
0.150928,0.118529,0.124719,2
0.151614,0.114791,0.131606,2
0.199713,0.110221,0.18773,2
0.185847,0.0603081,0.209938,2
0.207417,0.201079,0.134341,2
0.15261,0.116866,0.129744,2
0.146162,0.204233,0.194698,2
0.168967,0.160328,0.161646,2
0.195038,0.142574,0.163014,2
0.149176,0.117378,0.123448,2
0.204976,0.20164,0.183913,2
0.151655,0.120004,0.124555,2
0.15408,0.117551,0.128545,2
0.150733,0.117193,0.122132,2
0.151605,0.115027,0.128794,2
0.156575,0.112008,0.129572,2
0.211711,0.00278781,0.219383,2
0.150978,0.114068,0.12725,2
0.220425,0.0626159,0.207721,2
0.1508,0.114304,0.125517,2
0.222837,0.0605744,0.138082,2
0.196527,0.0330209,0.216506,2
0.215935,0.106367,0.133145,2
0.176562,0.0792235,0.197272,2
0.153808,0.119155,0.124015,2
0.142736,0.101069,0.123513,2
0.148307,0.12144,0.125908,2
0.189635,0.179587,0.210982,2
0.152972,0.119232,0.127146,2
0.154626,0.11458,0.126843,2
0.211164,0.22254,0.177175,2
0.155018,0.1147,0.128767,2
0.191596,0.175845,0.177588,2
0.150466,0.118763,0.127091,2
0.222453,0.167106,0.195658,2
0.206647,0.199439,0.139413,2
0.200508,0.0095726,0.12828,2
0.149992,0.122717,0.128245,2
0.179655,0.0765073,0.159199,2
0.223056,0.00616691,0.217595,2
0.150122,0.114576,0.128356,2
0.205315,0.0781181,0.159176,2
0.137637,0.207485,0.171223,2
0.148436,0.113655,0.126555,2
0.196907,0.153968,0.177996,2
0.15938,0.0613861,0.148677,2
0.152327,0.111914,0.176875,2
0.146408,0.118193,0.127237,2
0.160949,0.155708,0.190459,2
0.180045,0.167542,0.14993,2
0.153259,0.116272,0.133417,2
0.179827,0.0904884,0.16319,2
0.148744,0.119685,0.124308,2
0.148622,0.116745,0.130913,2
0.144714,0.175902,0.186315,2
0.155413,0.0116351,0.184277,2
0.152234,0.114058,0.124053,2
0.151987,0.115097,0.125009,2
0.156713,0.00663316,0.188694,2
0.159391,0.205556,0.211372,2
0.141526,0.0689072,0.170162,2
0.153694,0.1732,0.136122,2
0.188405,0.00145104,0.204596,2
0.154678,0.121998,0.128298,2
0.158132,0.112731,0.127021,2
0.158186,0.0572112,0.187032,2
0.138057,0.0653705,0.205349,2
0.17523,0.118947,0.126935,2
0.152184,0.119953,0.127526,2
0.147701,0.148486,0.182082,2
0.157212,0.117675,0.222117,2
0.176399,0.00880931,0.166462,2
0.208002,0.155989,0.187199,2
0.220405,0.165466,0.214357,2
0.188936,0.0152929,0.171837,2
0.16181,0.122085,0.176088,2
0.151178,0.120734,0.124799,2
0.21128,0.0854734,0.154797,2
0.148188,0.121951,0.125972,2
0.155215,0.121049,0.124667,2
0.224528,0.0609236,0.163096,2
0.158069,0.115129,0.127802,2
0.152789,0.112925,0.125871,2
0.155987,0.123227,0.129447,2
0.147731,0.0740609,0.00869453,3
0.191837,0.135762,0.0716114,3
0.172722,0.0605252,0.10865,3
0.195377,0.216131,0.00164635,3
0.175277,0.105781,0.0303684,3
0.184857,0.0877817,0.0972722,3
0.113462,0.185123,0.0192095,3
0.19822,0.0987436,0.0295349,3
0.203398,0.0186782,0.108899,3
0.208404,0.0733306,0.0655299,3
0.151394,0.0717582,0.0807874,3
0.166243,0.0188636,0.110542,3
0.216541,0.168861,0.025558,3
0.144282,0.160353,0.105827,3
0.210859,0.222182,0.0502385,3
0.139952,0.216219,0.0902617,3
0.195066,0.102436,0.025577,3
0.171845,0.00124459,0.013725,3
0.191164,0.0957729,0.0102062,3
0.134347,0.0979605,0.116935,3
0.156354,0.0911795,0.0733823,3
0.208741,0.221177,0.00689599,3
0.220748,0.118556,0.068983,3
0.19966,0.203502,0.0291699,3
0.13076,0.192959,0.00704713,3
0.124784,0.163965,0.0183002,3
0.148498,0.197991,0.0887282,3
0.196525,0.128311,0.000731434,3
0.20255,0.0329946,0.0247437,3
0.169346,0.07279,0.109931,3
0.148906,0.0539195,0.0068325,3
0.128008,0.105359,0.044534,3
0.134028,0.200183,0.093139,3
0.201921,0.192868,0.045855,3
0.136617,6.71492e-05,0.000400511,3
0.124302,0.190846,0.0799992,3
0.155113,0.113573,0.119849,3
0.142536,0.0999992,0.116303,3
0.198014,0.069023,0.03417,3
0.197711,0.0451991,0.0702557,3
0.13134,0.01926,0.0757641,3
0.146328,0.0734781,0.0840829,3
0.198666,0.003109,0.0930127,3
0.223416,0.221033,0.0378065,3
0.18445,0.0858208,0.0354162,3
0.215865,0.00723375,0.0633086,3
0.187447,0.0229885,0.0224263,3
0.220566,0.0615552,0.035287,3
0.206942,0.0533165,0.0983625,3
0.12336,0.146463,0.0465934,3
0.143339,0.141836,0.0968915,3
0.192284,0.155046,0.0291408,3
0.179005,0.123121,0.109385,3
0.169503,0.180122,0.0696725,3
0.161978,0.120133,0.078868,3
0.221872,0.191399,0.0938341,3
0.216021,0.140996,0.046007,3
0.155353,0.155566,0.00784008,3
0.17778,0.0216386,0.0524387,3
0.209603,0.0229941,0.0655215,3
0.15951,0.0847168,0.046478,3
0.224336,0.212136,0.0887277,3
0.195052,0.13363,0.042979,3
0.217865,0.219567,0.0182363,3
0.186399,0.178456,0.0935191,3
0.189302,0.123442,0.0490167,3
0.153437,0.207831,0.0715664,3
0.16994,0.135589,0.0221003,3
0.221847,0.0797524,0.00227791,3
0.132655,0.2017,0.0827589,3
0.130099,0.147472,0.0604565,3
0.127316,0.139169,0.0284596,3
0.222775,0.0520066,0.0750365,3
0.195396,0.213997,0.0588206,3
0.195942,0.2239,0.0550899,3
0.174076,0.219071,0.113331,3
0.177612,0.122032,0.105999,3
0.141519,0.0821821,0.0565457,3
0.217408,0.204049,0.0939859,3
0.184347,0.177011,0.067679,3
0.166574,0.0630345,0.104431,3
0.199841,0.0264068,0.101681,3
0.192509,0.00943302,0.0582387,3
0.143108,0.145046,0.000995743,3
0.130418,0.176214,0.00238416,3
0.199892,0.221061,0.100286,3
0.162785,0.176485,0.075942,3
0.172059,0.0809644,0.101568,3
0.149948,0.112438,0.100059,3
0.203028,0.131881,0.103829,3
0.223907,0.174017,0.0191461,3
0.211091,0.0354021,0.116242,3
0.203107,0.193385,0.0483447,3
0.189137,0.0465062,0.0284345,3
0.157574,0.00724695,0.0456237,3
0.149094,0.166621,0.0695402,3
0.190103,0.0356855,0.0671399,3
0.184471,0.164913,0.0405753,3
0.168265,0.0868768,0.0585243,3
0.176443,0.0567719,0.0240249,3
0.165579,0.0808998,0.0807197,3
0.202851,0.123347,0.0288754,3
0.198148,0.153737,0.0777208,3
0.132596,0.16159,0.111614,3
0.222092,0.0685974,0.00955786,3
0.148307,0.117426,0.11986,3
0.111456,0.0552103,0.0201782,3
0.114407,0.0762492,0.0739525,3
0.187837,0.0665557,0.0275076,3
0.142737,0.0811365,0.0686766,3
0.190381,0.0823581,0.0499431,3
0.115204,0.0985211,0.0185007,3
0.127858,0.0479537,0.00918769,3
0.11568,0.0862234,0.0597876,3
0.141606,0.00578467,0.0158999,3
0.134746,0.0402495,0.112784,3
0.165645,0.0177293,0.0811462,3
0.196704,0.0253365,0.102937,3
0.129868,0.0288786,0.0901444,3
0.115602,0.0191677,0.0210446,3
0.160912,0.129634,0.120039,3
0.111903,0.0568953,0.000291464,3
0.11099,0.0507201,0.0290576,3
0.113721,0.104073,0.0208927,3
0.136673,0.132991,0.119966,3
