x coord,y coord,z coord,rank
0.107235,0.117893,0.121463,0
0.0937592,0.21319,0.16644,0
0.0635956,0.147101,0.200632,0
0.108997,0.133103,0.150743,0
0.0881172,0.150267,0.161905,0
0.0774611,0.149527,0.174661,0
0.0913805,0.133657,0.146892,0
0.0929707,0.0571049,0.208298,0
0.0342425,0.214224,0.144381,0
0.107283,0.01709,0.221675,0
0.0203844,0.209119,0.168993,0
0.011431,0.0635294,0.123163,0
0.0850841,0.104358,0.19062,0
0.0536333,0.0407199,0.130641,0
0.0549311,0.197176,0.112881,0
0.0126629,0.11834,0.151002,0
0.0413873,0.196933,0.15807,0
0.0444092,0.166584,0.196637,0
0.0826971,0.0214682,0.214388,0
0.0913725,0.143948,0.175287,0
0.0606571,0.148443,0.151039,0
0.0990387,0.147559,0.124373,0
0.0457663,0.020166,0.133314,0
0.0069172,0.0982659,0.197413,0
0.0244945,0.0642424,0.119206,0
0.0735068,0.0693917,0.147803,0
0.0295658,0.072311,0.207011,0
0.0540019,0.159746,0.17879,0
0.0641143,0.0127463,0.148903,0
0.057091,0.179749,0.157402,0
0.0206303,0.11951,0.163493,0
0.0846041,0.219969,0.207657,0
0.0515325,0.197806,0.114075,0
0.00284518,0.0899019,0.133496,0
0.0643605,0.108786,0.118119,0
0.0579039,0.113469,0.178396,0
0.0866236,0.0168815,0.19156,0
0.0448581,0.0630676,0.166624,0
0.0898382,0.103367,0.123874,0
0.00498666,0.178895,0.221979,0
0.0819638,0.146613,0.173128,0
0.0514869,0.113223,0.133596,0
0.09638,0.0824717,0.189661,0
0.00291288,0.145859,0.145125,0
0.0656318,0.21211,0.113037,0
0.0859429,0.0694755,0.165649,0
0.0131258,0.166149,0.218845,0
0.0257832,0.0383156,0.149771,0
0.0108071,0.127859,0.179694,0
0.0101535,0.166868,0.189459,0
0.0284462,0.135618,0.179783,0
0.0710262,0.0716812,0.214886,0
0.0244604,0.217201,0.136588,0
0.0610826,0.173252,0.131548,0
0.0390086,0.0833354,0.204367,0
0.0938976,0.0430125,0.179482,0
0.0325644,0.170731,0.174571,0
0.0388402,0.222004,0.140331,0
0.0374769,0.136907,0.15268,0
0.0451847,0.200652,0.215706,0
0.067918,0.0952379,0.204621,0
0.0554304,0.196529,0.114094,0
0.00553347,0.158114,0.143692,0
0.0738891,0.0879494,0.180794,0
0.0858019,0.0650932,0.158928,0
0.0252396,0.108101,0.132069,0
0.035787,0.181334,0.15001,0
0.0110067,0.214112,0.137821,0
0.0180799,0.221789,0.151302,0
0.0665701,0.181019,0.158892,0
0.0151745,0.0758482,0.20529,0
0.035721,0.115074,0.15469,0
0.0856717,0.140108,0.132677,0
0.0111827,0.180785,0.187672,0
0.0722511,0.0821927,0.174669,0
0.0291146,0.0130246,0.130874,0
0.0856419,0.141568,0.137448,0
0.0588305,0.00611731,0.117802,0
0.00590753,0.0745631,0.129202,0
0.0119442,0.124118,0.175653,0
0.0885314,0.134464,0.210333,0
0.0382468,0.00737339,0.144072,0
0.0507663,0.184141,0.182365,0
0.0481347,0.0420809,0.169202,0
0.0570497,0.177406,0.153899,0
0.104062,0.0837833,0.138994,0
0.0932367,0.0349001,0.223511,0
0.0778618,0.052012,0.15917,0
0.0985531,0.0926845,0.175374,0
0.098938,0.201373,0.121266,0
0.07386,0.00326195,0.133013,0
0.0400653,0.219242,0.201891,0
0.0180752,0.16922,0.128897,0
0.0183213,0.0801288,0.140352,0
0.0585119,0.199424,0.157445,0
0.0291741,0.210585,0.140225,0
0.00310029,0.130175,0.223818,0
0.0855132,0.153783,0.199703,0
0.0243313,0.18374,0.222424,0
0.0508038,0.159976,0.192342,0
0.03889,0.200662,0.179974,0
0.00966549,0.198506,0.224738,0
0.0224705,0.0140512,0.157296,0
0.0362618,0.0489303,0.199398,0
0.0896816,0.0334168,0.181684,0
0.056791,0.00161264,0.191251,0
0.04801,0.000442773,0.123715,0
0.0365098,0.21407,0.112426,0
0.0996808,0.0948908,0.181712,0
0.0977423,0.123475,0.170502,0
0.091422,0.124218,0.120227,0
0.10585,0.178231,0.217116,0
0.0915963,0.161681,0.174305,0
0.100987,0.017612,0.149544,0
0.107734,0.0261252,0.207324,0
0.0780465,0.148418,0.115411,0
0.0952204,0.052555,0.221891,0
0.0515945,0.00435597,0.120501,0
0.0543693,0.199178,0.112933,0
0.0561371,0.199464,0.112253,0
0.0400503,0.0545207,0.112149,0
0.208186,0.0400558,0.0846987,1
0.182873,0.0526979,0.037526,1
0.190919,0.108801,0.0167636,1
0.0958003,0.180297,0.0361036,1
0.197875,0.0195972,0.0588784,1
0.123443,0.000270678,0.0807854,1
0.10611,0.215328,0.093702,1
0.137966,0.0996515,0.0949466,1
0.129328,0.103414,0.0481995,1
0.126575,0.0317692,0.0979098,1
0.217746,0.0310313,0.0839635,1
0.11745,0.181846,0.0848354,1
0.209841,0.102618,0.105111,1
0.169251,0.0979336,0.00591784,1
0.104269,0.192955,0.0065381,1
0.184496,0.0960574,0.00934591,1
0.188046,0.11649,0.0237859,1
0.0945414,0.138995,0.0333244,1
0.100169,0.176058,0.0642646,1
0.107153,0.177135,0.00163243,1
0.0935377,0.155284,0.102387,1
0.215498,0.105113,0.0800827,1
0.117591,0.200838,0.0419459,1
0.151916,0.0170504,0.0753183,1
0.156834,0.0755014,0.0112096,1
0.196517,0.0930913,0.0252638,1
0.17019,0.017704,0.0825405,1
0.103686,0.0671349,0.0830071,1
0.198838,0.0324741,0.0522492,1
0.11331,0.0497306,0.0357835,1
0.184858,0.221212,0.0797762,1
0.094826,0.000208074,0.0230962,1
0.116156,0.117921,0.0110235,1
0.157807,0.113808,0.0978721,1
0.206466,0.0189109,0.108051,1
0.131722,0.0400584,0.07326,1
0.107125,0.0469164,0.006006,1
0.102324,0.151759,0.0658474,1
0.122865,0.0242866,0.0381018,1
0.20362,0.118628,0.0742871,1
0.140821,0.0663128,0.0448556,1
0.192631,0.216634,0.0879206,1
0.132982,0.124586,0.0335251,1
0.17668,0.196755,0.0825643,1
0.212415,0.127541,0.00147937,1
0.14044,0.194692,0.090262,1
0.165265,0.0813447,0.0662517,1
0.169257,0.0439681,0.107793,1
0.137915,0.145885,0.0827563,1
0.0992589,0.216,0.0297475,1
0.150576,0.190744,0.0088787,1
0.136637,0.118736,0.056251,1
0.124402,0.138916,0.0401418,1
0.186581,0.112281,0.0935378,1
0.212558,0.185961,0.0538628,1
0.106934,0.192096,0.00787086,1
0.170144,0.136412,0.0433033,1
0.210446,0.141215,0.01635,1
0.118599,0.168201,0.0507729,1
0.181201,0.0338995,0.000492021,1
0.21727,0.13251,0.110092,1
0.144558,0.177637,0.0592893,1
0.221519,0.167769,0.0856992,1
0.115921,0.22104,0.0145196,1
0.183671,0.184724,0.00107445,1
0.10118,0.00946728,0.102155,1
0.201408,0.186773,0.110705,1
0.131066,0.0559476,0.0209064,1
0.168359,0.196137,0.0854012,1
0.193603,0.13072,0.0337,1
0.186629,0.121125,0.0239797,1
0.188586,0.0435015,0.0734955,1
0.139557,0.0794103,0.047999,1
0.0964362,0.204487,0.0458652,1
0.119079,0.152831,0.0655959,1
0.222537,0.0232961,0.0751917,1
0.1059,0.0645766,0.0175494,1
0.159683,0.0803826,0.0934036,1
0.177117,0.152654,0.0862801,1
0.187855,0.0812017,0.0449812,1
0.146317,0.0583406,0.0680299,1
0.158389,0.136334,0.064567,1
0.196636,0.114282,0.0219929,1
0.118574,0.201978,0.0701633,1
0.145409,0.195057,0.0737843,1
0.181605,0.136754,0.0425441,1
0.14523,0.0497557,0.10956,1
0.168814,0.0318015,0.104737,1
0.139949,0.114644,0.057234,1
0.155863,0.112803,0.107254,1
0.176385,0.138115,0.033347,1
0.0967909,0.223032,0.0240413,1
0.100743,0.0774113,0.0426125,1
0.158168,0.21278,0.101735,1
0.191329,0.00450919,0.0548317,1
0.180733,0.172321,0.0163546,1
0.126466,0.190206,0.0022047,1
0.14131,0.0333036,0.106922,1
0.1881,0.165505,0.0391405,1
0.174967,0.062366,0.00346623,1
0.106334,0.0256817,0.0358502,1
0.20284,0.181233,0.110237,1
0.134698,0.168544,0.0133045,1
0.209904,0.147227,0.0389652,1
0.173075,0.071451,0.00736485,1
0.190696,0.0596319,0.0630479,1
0.113243,0.218717,0.0968868,1
0.21068,0.0593866,0.0354399,1
0.184928,0.0954835,0.111816,1
0.186822,0.122542,0.0489205,1
0.204024,0.143559,0.00116088,1
0.191847,0.0145939,0.0603928,1
0.217235,0.087742,0.00594326,1
0.158073,0.135707,0.101975,1
0.203188,0.136834,0.0316027,1
0.160118,0.00347247,0.0417905,1
0.147678,0.190454,0.0711339,1
0.181365,0.110553,0.0929042,1
0.191129,0.0819179,0.0764719,1
0.164884,0.144543,0.050743,1
0.180402,0.117354,0.0779162,1
0.190142,0.222603,0.00179633,1
0.145049,0.116185,0.102001,1
0.152595,0.13114,0.102897,1
0.170033,0.120939,0.108744,1
0.0930397,0.138847,0.0287573,1
0.147764,0.0909185,0.111042,1
0.0925681,0.0857707,0.0732078,1
0.0397167,0.029412,0.0440667,2
0.0576248,0.196673,0.10969,2
0.0595949,0.19841,0.105062,2
0.0596976,0.200195,0.107182,2
0.0300621,0.0263657,0.0864494,2
0.0297606,0.178709,0.0264024,2
0.0650202,0.200916,0.110052,2
0.0240631,0.0349876,0.0646608,2
0.046692,0.0346255,0.0420709,2
0.0584186,0.197997,0.110724,2
0.00171349,0.101996,0.0431997,2
0.0575854,0.201731,0.109304,2
0.0234876,0.0447799,0.0239486,2
0.0395022,0.140542,0.10536,2
0.0314054,0.053894,0.0519745,2
0.0738871,0.107663,0.0112079,2
0.0335244,0.10389,0.0859206,2
0.0788525,0.0548081,0.0729606,2
0.0249535,0.101943,0.0700756,2
0.0146469,0.204513,0.080365,2
0.0630972,0.195738,0.109378,2
0.00535083,0.107123,0.0856954,2
0.0501291,0.0534675,0.0233418,2
0.0112452,0.0591013,0.040708,2
0.0140858,0.128026,0.064581,2
0.0336395,0.191231,0.0955008,2
0.0812636,0.030959,0.0536542,2
0.076482,0.191044,0.033628,2
0.057681,0.19986,0.10468,2
0.0836011,0.0799291,0.0864617,2
0.053065,0.197975,0.111477,2
0.0861463,0.122151,0.0409275,2
0.0684079,0.0173664,0.0850935,2
0.0617646,0.197063,0.109773,2
0.0010486,0.164768,0.068908,2
0.0609859,0.200605,0.1061,2
0.077118,0.204823,0.0654121,2
0.0582232,0.201129,0.103919,2
0.0416307,0.13369,0.0819386,2
0.0385995,0.0485243,0.0328638,2
0.0177141,0.0227136,0.0427009,2
0.0518303,0.198817,0.106888,2
0.0699954,0.0909389,0.0324924,2
0.0135779,0.145527,0.0350024,2
0.0742714,0.203007,0.0743804,2
0.0542843,0.198559,0.104999,2
0.0559546,0.16312,0.0448085,2
0.0496034,0.143109,0.0850113,2
0.0107621,0.0530395,0.0625136,2
0.0807946,0.130562,0.0876252,2
0.0556165,0.197718,0.108015,2
0.0395009,0.222172,0.0443662,2
0.0775696,0.0042976,0.0712812,2
0.0288724,0.207944,0.0936592,2
0.0559948,0.198388,0.111201,2
0.0537606,0.201782,0.109139,2
0.0740297,0.072152,0.054264,2
0.0563423,0.200377,0.111368,2
0.0604394,0.0263674,0.0862041,2
0.0716458,0.149165,0.0197549,2
0.0834372,0.186707,0.0262723,2
0.0406627,0.0157468,0.0843716,2
0.0261031,0.122329,0.0680248,2
0.0125505,0.20986,0.0384085,2
0.056903,0.213589,0.106575,2
0.0728924,0.045578,0.0829841,2
0.054866,0.200977,0.108533,2
0.0372556,0.0431915,0.0161052,2
0.0597316,0.199398,0.108021,2
0.0710791,0.0847172,0.0951502,2
0.0379071,0.120377,0.0694551,2
0.0374743,0.0877931,0.0848368,2
0.0639573,0.120696,0.0325595,2
0.0577516,0.19973,0.108338,2
0.0729883,0.172738,0.0459307,2
0.0553392,0.202319,0.108563,2
0.0044241,0.0954245,0.0990319,2
0.0760487,0.103791,0.0140172,2
0.0552138,0.19707,0.110297,2
0.0519843,0.19367,0.0631995,2
0.06022,0.199097,0.110068,2
0.0570765,0.201468,0.109193,2
0.0609799,0.0699934,0.0479129,2
0.0682274,0.207531,0.0503812,2
0.0625855,0.151048,0.0342333,2
0.0543195,0.194696,0.105008,2
0.0568938,0.164112,0.0146965,2
0.0456128,0.0305237,0.104072,2
0.0909322,0.107069,0.00943232,2
0.0897413,0.105427,0.0572519,2
0.074845,0.173363,0.110228,2
0.082748,0.20962,0.0657124,2
0.0536856,0.13,0.0674195,2
0.0507558,0.183362,0.0508669,2
0.08707,0.204933,0.0561512,2
0.0556189,0.19271,0.109067,2
0.0031428,0.120565,0.0379087,2
0.0525367,0.115454,0.0132979,2
0.0114597,0.0310965,0.0251672,2
0.012708,0.0730585,0.0703454,2
0.00167916,0.118013,0.0653308,2
0.0488136,0.202728,0.00286133,2
0.0159492,0.158639,0.0903149,2
0.0552182,0.100996,0.0072306,2
0.0568302,0.0269446,0.0046353,2
0.0162474,0.202023,0.0711996,2
0.044792,0.196911,0.107785,2
0.0827906,0.162633,0.106149,2
0.0588904,0.184103,0.0613995,2
0.0416949,0.0410734,0.0633634,2
0.036532,0.210481,0.000586865,2
0.0194249,0.0547882,0.0596587,2
0.0884647,0.0366074,0.0352544,2
0.0431199,0.10992,0.0545623,2
0.0380461,0.0523492,0.00127026,2
0.0738543,0.151088,0.0549377,2
0.0201984,0.082785,0.0875783,2
0.0820765,0.163239,0.0672311,2
0.0424008,0.133338,0.00838847,2
0.0886764,0.136528,0.0861263,2
0.0561927,0.200809,0.111778,2
0.0573153,0.197881,0.104654,2
0.133729,0.125357,0.162977,3
0.128687,0.0374418,0.222145,3
0.181122,0.131234,0.179482,3
0.134298,0.144456,0.124697,3
0.219623,0.213441,0.17792,3
0.163011,0.0159469,0.203209,3
0.116505,0.190126,0.183037,3
0.215493,0.216474,0.127442,3
0.213226,0.101865,0.142126,3
0.167876,0.0783988,0.212661,3
0.222258,0.0250804,0.18265,3
0.121513,0.0946823,0.16319,3
0.181282,0.0940766,0.137267,3
0.133877,0.161282,0.190028,3
0.183421,0.115258,0.202133,3
0.127778,0.126148,0.217091,3
0.211097,0.100958,0.145805,3
0.129448,0.0973293,0.204101,3
0.20365,0.123499,0.204992,3
0.21995,0.22415,0.153085,3
0.14054,0.0289348,0.113369,3
0.170775,0.111288,0.145894,3
0.120804,0.200406,0.134451,3
0.111493,0.179502,0.209872,3
0.186199,0.0310164,0.163559,3
0.144023,0.199973,0.194333,3
0.156363,0.0657375,0.204913,3
0.201188,0.139418,0.182394,3
0.182365,0.167149,0.221499,3
0.201479,0.0269581,0.136447,3
0.197205,0.165605,0.144151,3
0.211589,0.0115605,0.219153,3
0.140423,0.224348,0.15904,3
0.118883,0.132486,0.201235,3
0.148604,0.177663,0.170996,3
0.223778,0.0224071,0.179858,3
0.150836,0.145287,0.177594,3
0.214137,0.0822491,0.182601,3
0.113019,0.168816,0.143382,3
0.139086,0.0683549,0.217348,3
0.205939,0.155824,0.169226,3
0.179935,0.156102,0.120284,3
0.175637,0.0297453,0.216716,3
0.130505,0.152655,0.211411,3
0.213237,0.0480511,0.162271,3
0.172095,0.035891,0.197384,3
0.205392,0.189967,0.19115,3
0.189896,0.175643,0.183455,3
0.13951,0.0163984,0.187197,3
0.1698,0.179348,0.157388,3
0.20977,0.22394,0.206916,3
0.160909,0.217457,0.203846,3
0.202669,0.119326,0.165756,3
0.215524,0.106921,0.125062,3
0.182435,0.156549,0.213568,3
0.137979,0.215021,0.157599,3
0.208632,0.0727405,0.221017,3
0.152276,0.159301,0.14942,3
0.214729,0.142737,0.156187,3
0.131859,0.0468174,0.218659,3
0.127354,0.213647,0.22226,3
0.186002,0.0156687,0.147904,3
0.204916,0.0512312,0.162141,3
0.168467,0.0807624,0.14002,3
0.17149,0.0312461,0.137795,3
0.189477,0.21978,0.20623,3
0.152598,0.153749,0.153541,3
0.16421,0.0213373,0.155047,3
0.173643,0.220757,0.178049,3
0.114161,0.116916,0.174537,3
0.173207,0.192314,0.17832,3
0.146018,0.0630204,0.155719,3
0.166453,0.109819,0.135022,3
0.163414,0.109684,0.224596,3
0.116045,0.0356985,0.130907,3
0.181802,0.150023,0.213995,3
0.117488,0.196201,0.223889,3
0.212773,0.0855575,0.185512,3
0.207929,0.182293,0.201417,3
0.116164,0.0452537,0.180212,3
0.205643,0.198889,0.181172,3
0.123113,0.177145,0.175599,3
0.11844,0.119677,0.162982,3
0.127013,0.179436,0.117933,3
0.133009,0.102631,0.142163,3
0.198279,0.178033,0.21062,3
0.213265,0.00718567,0.14405,3
0.142153,0.100901,0.218515,3
0.218086,0.00500351,0.135524,3
0.177434,0.200852,0.141143,3
0.19405,0.178627,0.163264,3
0.126689,0.213117,0.137326,3
0.196987,0.161027,0.143297,3
0.134986,0.107592,0.181293,3
0.201413,0.122921,0.161333,3
0.173384,0.0463515,0.139004,3
0.127462,0.146665,0.210732,3
0.203032,0.207071,0.125978,3
0.190394,0.0656471,0.130353,3
0.217134,0.0984215,0.164253,3
0.159653,0.00320588,0.199028,3
0.185164,0.183187,0.179297,3
0.115552,0.00401186,0.165978,3
0.113772,0.0455092,0.170555,3
0.109613,0.201619,0.13518,3
0.190964,0.102859,0.209435,3
0.185098,0.174194,0.117528,3
0.147077,0.211842,0.115299,3
0.129745,0.193867,0.125605,3
0.178126,0.213071,0.153398,3
0.12608,0.0141572,0.118243,3
0.219492,0.210689,0.17592,3
0.19514,0.179044,0.118357,3
0.16904,0.0662293,0.11442,3
0.178502,0.124652,0.169468,3
0.142403,0.0716013,0.223202,3
0.14088,0.214779,0.116913,3
0.147648,0.0657744,0.128351,3
0.213421,0.107958,0.164782,3
0.182496,0.218636,0.184953,3
0.12664,0.140836,0.159123,3
0.116517,0.0979089,0.116395,3
0.168119,0.0687484,0.115474,3
0.118725,0.00345529,0.112623,3
0.112121,0.0550303,0.173866,3
0.118168,0.20158,0.155637,3
0.112185,0.182455,0.116365,3
0.111014,0.0522246,0.187985,3
0.110958,0.165148,0.113324,3
