x coord,y coord,z coord,rank
0.109093,0.0854009,0.182411,0
0.0641407,0.0947552,0.135138,0
0.0635073,0.133883,0.134078,0
0.124794,0.115019,0.206973,0
0.00309262,0.0695397,0.190827,0
0.113092,0.175926,0.216862,0
0.042364,0.199717,0.121787,0
0.0934733,0.0297981,0.213073,0
0.00437679,0.0573038,0.13024,0
0.0466573,0.197017,0.169072,0
0.115311,0.166976,0.149178,0
0.12083,0.0875504,0.174065,0
0.131674,0.220524,0.166262,0
0.0209656,0.108507,0.211989,0
0.104402,0.201917,0.208384,0
0.117447,0.175796,0.179734,0
0.0532526,0.0297321,0.14456,0
0.090672,0.196289,0.169617,0
0.0598962,0.215945,0.180806,0
0.0891962,0.0336194,0.196568,0
0.0825142,0.214131,0.122597,0
0.0542422,0.193754,0.154693,0
0.0119726,0.21482,0.202425,0
0.116555,0.0637798,0.151944,0
0.0371611,0.0706116,0.151188,0
0.0283322,0.176211,0.128122,0
0.0171249,0.189465,0.161365,0
0.0371055,7.02931e-05,0.148749,0
0.0326094,0.176475,0.127806,0
0.0664031,0.157918,0.218758,0
0.0758742,0.0967672,0.166903,0
0.128148,0.183927,0.188545,0
0.111312,0.00835003,0.18061,0
0.072853,0.212983,0.130939,0
0.100938,0.189583,0.139215,0
0.0695451,0.0769371,0.183161,0
0.00112588,0.0759328,0.162547,0
0.0487475,0.181918,0.175948,0
0.115102,0.0555913,0.209521,0
0.0342632,0.00458279,0.169972,0
0.0358174,0.0716073,0.179516,0
0.071777,0.215223,0.144531,0
0.0480911,0.196518,0.13168,0
0.0326653,0.216448,0.135368,0
0.0913803,0.123406,0.174937,0
0.0675914,0.144251,0.182042,0
0.0196686,0.116369,0.172325,0
0.0633713,0.000312655,0.209963,0
0.00577168,0.0325685,0.177788,0
0.119216,0.0782863,0.167318,0
0.110911,0.0402364,0.119232,0
0.133651,0.0776931,0.14129,0
0.131669,0.213582,0.196277,0
0.114342,0.0510931,0.164507,0
0.0973925,0.137981,0.204364,0
0.0924525,0.198156,0.151373,0
0.0147079,0.0981569,0.134264,0
0.118895,0.0882929,0.118941,0
0.119418,0.209025,0.13234,0
0.0556886,0.195249,0.184342,0
0.0077665,0.0357234,0.204745,0
0.0417485,0.130493,0.119822,0
0.00423341,0.0504327,0.14139,0
0.109031,0.0390815,0.117968,0
0.0635354,0.123556,0.176504,0
0.0256226,0.0565637,0.176924,0
0.0620176,0.143688,0.185668,0
0.0404136,0.170884,0.149571,0
0.10321,0.0439353,0.16176,0
0.127876,0.156966,0.222811,0
0.0751985,0.0545905,0.18213,0
0.0113284,0.00337307,0.118127,0
0.0591502,0.0880372,0.18105,0
0.0573463,0.0421082,0.181293,0
0.0895952,0.099788,0.171584,0
0.0318102,0.127007,0.198278,0
0.0130986,0.181798,0.212388,0
0.111434,0.102677,0.157381,0
0.0312229,0.179798,0.124505,0
0.000528376,0.0004663,0.120172,0
0.0319216,0.00338042,0.209538,0
0.0934526,0.0698347,0.138859,0
0.0574776,0.180412,0.198739,0
0.0420065,0.18924,0.21919,0
0.0421994,0.198685,0.203763,0
0.0123164,0.218781,0.189016,0
0.0106544,0.138664,0.1521,0
0.128535,0.16402,0.173986,0
0.084444,0.169396,0.122363,0
0.0583609,0.0869595,0.221856,0
0.074943,0.109541,0.215477,0
0.0557995,0.0294611,0.125941,0
0.0639795,0.030066,0.212025,0
0.119811,0.00715493,0.202699,0
0.0954422,0.201808,0.189313,0
0.0878002,0.184689,0.217094,0
0.0640789,0.079003,0.134859,0
0.134214,0.0666219,0.142415,0
0.0219663,0.19765,0.183805,0
0.133668,0.0719302,0.136981,0
0.0455921,0.210709,0.193161,0
0.0698859,0.0949004,0.138223,0
0.030089,0.109954,0.212985,0
0.0778103,0.115265,0.206409,0
0.0291913,0.074731,0.178245,0
0.084099,0.0901552,0.17367,0
0.0871119,0.208093,0.185604,0
0.0526117,0.119427,0.128832,0
0.0473494,0.0367894,0.21842,0
0.0937505,0.194477,0.193794,0
0.0606204,0.144602,0.15618,0
0.13379,0.0735174,0.137209,0
0.0839803,0.0461028,0.146436,0
0.0728551,0.190547,0.155907,0
0.00713409,0.219936,0.123652,0
0.117559,0.0765848,0.16326,0
0.0619295,0.183427,0.197528,0
0.0919088,0.205151,0.130412,0
0.0322485,0.0500798,0.213627,0
0.0998744,0.163137,0.119345,0
0.134222,0.0724775,0.138187,0
0.132688,0.07461,0.140819,0
0.134215,0.0701547,0.136974,0
0.134132,0.0720831,0.143995,0
0.132489,0.0724757,0.139703,0
0.133744,0.0697461,0.140326,0
0.200366,0.153009,0.0894501,1
0.177555,0.0619492,0.0779189,1
0.177128,0.208881,0.0913842,1
0.108328,0.0291278,0.0117545,1
0.108361,0.144988,0.0598569,1
0.117894,0.16848,0.0726244,1
0.168018,0.140085,0.065016,1
0.157621,0.137354,0.0448048,1
0.167795,0.133881,0.115447,1
0.157725,0.0509314,0.101757,1
0.177118,0.0195828,0.00511766,1
0.17795,0.0290664,0.0434241,1
0.197973,0.188424,0.0386074,1
0.216961,0.0391443,0.0271842,1
0.153095,0.112072,0.103638,1
0.128665,0.0648186,0.0810769,1
0.181707,0.0203003,0.0328691,1
0.154355,0.0447253,0.0992682,1
0.196529,0.166774,0.0270312,1
0.203591,0.175049,0.00171891,1
0.160906,0.0996756,0.104685,1
0.117313,0.219619,0.0478033,1
0.20793,0.133303,0.112852,1
0.193543,0.0959551,0.0347246,1
0.175657,0.0872411,0.0673076,1
0.188102,0.101095,0.116279,1
0.215844,0.0336797,0.0798191,1
0.150023,0.111823,0.0648951,1
0.201929,0.0442537,0.0189193,1
0.123436,0.0536958,0.0411963,1
0.172839,0.0300613,0.0348616,1
0.124821,0.158519,0.0597432,1
0.202113,0.21916,0.0270698,1
0.160902,0.125377,0.0579436,1
0.112848,0.161627,0.0730002,1
0.161976,0.041769,0.0442361,1
0.196464,0.0111153,0.0156956,1
0.205587,0.107626,0.0157839,1
0.142624,0.215955,0.0283832,1
0.205188,0.0211167,0.00179073,1
0.195713,0.0854665,0.0595807,1
0.210425,0.21147,0.116497,1
0.204643,0.0382796,0.0707341,1
0.159782,0.00118207,0.000792858,1
0.14927,0.0284449,0.0567699,1
0.185488,0.075896,0.0497395,1
0.177604,0.0830247,0.054018,1
0.191697,0.185842,0.0960224,1
0.14218,0.00930442,0.0860861,1
0.107758,0.0236708,0.0154938,1
0.134592,0.119857,0.102842,1
0.16304,0.109077,0.0162319,1
0.165032,0.0439796,0.10698,1
0.109113,0.211572,0.0270601,1
0.201574,0.100861,0.056116,1
0.168668,0.200897,0.0928841,1
0.201444,0.196614,0.0714035,1
0.183576,0.050816,0.0958544,1
0.138947,0.0331691,0.0912758,1
0.197473,0.0730475,0.0119225,1
0.11393,0.199672,0.10572,1
0.20715,0.00951509,0.0300661,1
0.100451,0.212496,0.0160186,1
0.185696,0.158924,0.0908632,1
0.102255,0.218141,0.0139256,1
0.216366,0.12411,0.084231,1
0.139547,0.139537,0.00310153,1
0.2016,0.0970501,0.110563,1
0.196958,0.0451302,0.0146846,1
0.21277,0.194635,0.0857265,1
0.123985,0.0615094,0.0264855,1
0.207453,0.0484336,0.0229676,1
0.22438,0.208728,0.0471678,1
0.177025,0.122863,0.0107938,1
0.16087,0.123959,0.0484498,1
0.195504,0.211294,0.0777958,1
0.216552,0.136635,0.0480672,1
0.144266,0.0555775,0.0698921,1
0.145123,0.195858,0.0634528,1
0.156043,0.074171,0.051547,1
0.145491,0.149477,0.110328,1
0.208758,0.135017,0.00352592,1
0.125934,0.200316,0.0939021,1
0.214186,0.132602,0.112067,1
0.124864,0.049011,0.00250402,1
0.116284,0.143969,0.0916322,1
0.118243,0.0936662,0.109011,1
0.194488,0.0077236,0.0508646,1
0.194652,0.143266,0.015838,1
0.200463,0.197545,0.0754197,1
0.196139,0.0920277,0.0723714,1
0.156573,0.052069,0.022197,1
0.13326,0.127647,0.0617147,1
0.100462,0.0718488,0.0287023,1
0.163326,0.157289,0.106607,1
0.193572,0.078234,0.030692,1
0.109462,0.177597,0.112138,1
0.188776,0.129667,0.0444757,1
0.172018,0.161101,0.11661,1
0.124158,0.131988,0.00733334,1
0.124105,0.0309344,0.0972961,1
0.194067,0.202271,0.0956539,1
0.124801,0.162402,0.0581512,1
0.126691,0.119079,0.000687387,1
0.105646,0.216032,0.0262325,1
0.207524,0.124619,0.0123589,1
0.141948,0.109223,0.0311647,1
0.151775,0.0491115,0.116851,1
0.171368,0.00674655,0.0125233,1
0.187248,0.0521004,0.0820873,1
0.179787,0.106296,0.112415,1
0.160949,0.149689,0.0924704,1
0.162024,0.205991,0.0458789,1
0.204869,0.0148851,0.102806,1
0.162274,0.111786,0.0196602,1
0.205536,0.19952,0.0111403,1
0.19293,0.0511712,0.0148256,1
0.119783,0.157326,0.065444,1
0.102149,0.127532,0.0166157,1
0.103158,0.00485605,0.0389153,1
0.103461,0.0489648,0.087396,1
0.0989738,0.0783318,0.00713415,1
0.223561,0.00962552,0.181914,2
0.191647,0.211466,0.213186,2
0.136479,0.0687542,0.138643,2
0.135734,0.0724807,0.139617,2
0.219322,0.117735,0.181084,2
0.171563,0.205324,0.135555,2
0.140518,0.0715129,0.135101,2
0.161005,0.138924,0.172343,2
0.207174,0.0620252,0.15378,2
0.136148,0.0709968,0.147531,2
0.217437,0.0978392,0.136456,2
0.218786,0.0513735,0.155638,2
0.136562,0.0735967,0.140911,2
0.1593,0.0645194,0.203852,2
0.160712,0.14776,0.135543,2
0.22431,0.0535717,0.141984,2
0.141874,0.0702345,0.144016,2
0.161977,0.000962172,0.165997,2
0.135303,0.0750553,0.143958,2
0.137834,0.1733,0.200881,2
0.137081,0.0708793,0.140415,2
0.192665,0.0354633,0.19561,2
0.19166,0.0183658,0.16134,2
0.163181,0.100964,0.137795,2
0.149157,0.0113235,0.141064,2
0.137531,0.0747406,0.144305,2
0.190608,0.148501,0.154887,2
0.14475,0.0855329,0.219608,2
0.179575,0.0503189,0.134677,2
0.188862,0.14621,0.125618,2
0.1545,0.0962423,0.185953,2
0.204547,0.214787,0.160789,2
0.139913,0.0709137,0.140178,2
0.193769,0.139167,0.172238,2
0.201811,0.109272,0.213914,2
0.165685,0.0120255,0.192831,2
0.137797,0.0724256,0.14097,2
0.223028,0.114991,0.163195,2
0.222016,0.214677,0.213834,2
0.170969,0.0467786,0.181123,2
0.183719,0.135321,0.118116,2
0.154668,0.205659,0.133188,2
0.194583,0.145557,0.128268,2
0.136431,0.0656863,0.143341,2
0.138651,0.0720913,0.143377,2
0.142176,0.189341,0.14221,2
0.13724,0.0714329,0.137346,2
0.152027,0.149672,0.19615,2
0.187134,0.111265,0.150597,2
0.144028,0.0275077,0.200613,2
0.137927,0.0752693,0.146201,2
0.200796,0.118776,0.209328,2
0.181451,0.179052,0.122569,2
0.150431,0.0070874,0.189919,2
0.140074,0.0679946,0.136646,2
0.180529,0.199045,0.136533,2
0.141517,0.0761511,0.14388,2
0.140164,0.219836,0.17592,2
0.167582,0.196009,0.118039,2
0.138677,0.0692531,0.138645,2
0.15403,0.0984996,0.162796,2
0.208569,0.147741,0.141269,2
0.143551,0.0644657,0.156755,2
0.135131,0.0712514,0.145901,2
0.135641,0.0736172,0.143117,2
0.200705,0.184043,0.164542,2
0.153442,0.125511,0.129767,2
0.137702,0.0705665,0.140155,2
0.136705,0.062891,0.209891,2
0.139185,0.0715298,0.135896,2
0.141202,0.0735175,0.137198,2
0.22445,0.101117,0.177741,2
0.16141,0.105948,0.173099,2
0.13845,0.0685111,0.141677,2
0.143136,0.021505,0.210906,2
0.203792,0.0827224,0.162721,2
0.201064,0.0710427,0.21659,2
0.13505,0.0725289,0.148659,2
0.205322,0.164578,0.191371,2
0.135894,0.0741673,0.141614,2
0.134512,0.0679579,0.144243,2
0.221259,0.221513,0.216786,2
0.204173,0.13435,0.146276,2
0.170035,0.0677753,0.204454,2
0.221104,0.103669,0.18966,2
0.219569,0.049787,0.184466,2
0.174108,0.0744052,0.199493,2
0.167327,0.0746548,0.148615,2
0.223969,0.0883877,0.167074,2
0.170452,0.0932601,0.20422,2
0.217469,0.139307,0.222039,2
0.141661,0.206486,0.119247,2
0.137522,0.0705926,0.136884,2
0.137444,0.0698832,0.14063,2
0.175505,0.0849894,0.223499,2
0.158661,0.204779,0.128325,2
0.166417,0.00211015,0.146236,2
0.204659,0.00318072,0.193241,2
0.207007,0.0751398,0.121326,2
0.139038,0.0644119,0.194934,2
0.171717,0.0866471,0.170292,2
0.214156,0.135852,0.189131,2
0.15015,0.213429,0.166126,2
0.163711,0.17433,0.206595,2
0.137275,0.074482,0.141217,2
0.135835,0.115797,0.19517,2
0.182383,0.107554,0.199605,2
0.140681,0.0746293,0.140618,2
0.177945,0.038844,0.122973,2
0.164511,0.112231,0.175057,2
0.138294,0.0706218,0.136236,2
0.145609,0.114038,0.209934,2
0.136016,0.0682164,0.135759,2
0.138138,0.0651078,0.143517,2
0.135697,0.0729321,0.144273,2
0.153612,0.0115612,0.1916,2
0.142748,0.0704868,0.135794,2
0.139055,0.0765361,0.144021,2
0.134959,0.086182,0.204076,2
0.134609,0.172912,0.203711,2
0.138141,0.0756244,0.13943,2
0.138795,0.0716802,0.139694,2
0.138238,0.0748262,0.138841,2
0.141826,0.0721609,0.137727,2
0.139086,0.0711365,0.144923,2
0.14261,0.071963,0.141647,2
0.139533,0.0735895,0.140455,2
0.0632895,0.0573867,0.100863,3
0.0558935,0.148688,0.0362251,3
0.0917126,0.151338,0.0459834,3
0.0685688,0.221089,0.023162,3
0.0211983,0.0662438,0.0610432,3
0.0315094,0.0420467,0.0610083,3
0.082062,0.21377,0.102518,3
0.0317427,0.00812258,0.0513241,3
0.0640901,0.199172,0.085519,3
0.00114029,0.118323,0.0454152,3
0.00254855,0.0982116,0.0543189,3
0.0249475,0.0462212,0.0197562,3
0.0312174,0.19516,0.00556709,3
0.0647167,0.144522,0.0817184,3
0.0765446,0.00248804,0.0861334,3
0.0169878,0.0665254,0.0437883,3
0.0266872,0.0285713,0.05254,3
0.0376874,0.0934408,0.050239,3
0.0268065,0.00553786,0.00579102,3
0.0730393,0.0627348,0.0182951,3
0.0866975,0.169023,0.063366,3
0.0567204,0.197045,0.0639786,3
0.0215397,0.132515,0.0725489,3
0.097094,0.0944825,0.068906,3
0.00126541,0.178941,0.0942883,3
0.00146457,0.142141,0.0649823,3
0.0748644,0.039046,0.102171,3
0.06137,0.186321,0.102231,3
0.0681645,0.0888661,0.0735154,3
0.0337081,0.220198,0.0432588,3
0.00787004,0.00373927,0.0728757,3
0.0376237,0.0630681,0.0832773,3
0.0893782,0.0996962,0.0721626,3
0.00871018,0.181383,0.0857501,3
0.0241993,0.095779,0.025749,3
0.0442109,0.152349,0.0712987,3
0.081297,0.183437,0.0193277,3
0.0171429,0.186918,0.0454347,3
0.074212,0.162484,0.081304,3
0.0693789,0.011928,0.0384015,3
0.0949893,0.108339,0.0531448,3
0.0646841,0.0397675,0.073764,3
0.0369086,0.215414,0.0111301,3
0.076296,0.117922,0.084347,3
0.0326642,0.152852,0.115518,3
0.0110223,0.0164079,0.000927731,3
0.0282034,0.116132,0.00753466,3
0.0861325,0.217184,0.028403,3
0.0678541,0.0612639,0.0204395,3
0.0665231,0.0690305,0.0490908,3
0.0130608,0.00329088,0.0034574,3
0.0299865,0.0123855,0.112748,3
0.012946,0.0393603,0.0117436,3
0.0948019,0.0893008,0.0726201,3
0.0882855,0.211473,0.0620171,3
0.0516314,0.112037,0.0433197,3
0.0608124,0.175595,0.00739262,3
0.0186411,0.094726,0.0712372,3
0.0387616,0.096554,0.0581117,3
0.0612597,0.119685,0.0308131,3
0.057161,0.0240294,0.0168644,3
0.0629967,0.222589,0.0786906,3
0.075927,0.0110333,0.0544587,3
0.0343833,0.0898629,0.00976614,3
0.0589182,0.219127,0.00727876,3
0.0355109,0.222595,0.0399411,3
0.0179089,0.0513529,0.0988836,3
0.0476106,0.0803012,0.0278261,3
0.0614289,0.221241,0.0956435,3
0.0567568,0.18223,0.0288878,3
0.0764802,0.156925,0.104539,3
0.0736757,0.223253,0.0250557,3
0.015176,0.0295442,0.0752487,3
0.0190822,0.0504376,0.0752795,3
0.0558765,0.0440372,0.0144649,3
0.0244127,0.0540865,0.00980213,3
0.00899443,0.0618946,0.0951104,3
0.0476122,0.100401,0.111504,3
0.0405232,0.207229,0.000535051,3
0.026806,0.150771,0.0888333,3
0.0628638,0.101877,0.0777985,3
0.010159,0.00436118,0.0775374,3
0.0306537,0.176064,0.0336897,3
0.0417457,0.201644,0.0975635,3
0.0249213,0.0955387,0.0965179,3
0.087941,0.190235,0.0621302,3
0.0423463,0.10101,0.0823091,3
0.00137642,0.135306,0.0796647,3
0.0838873,0.0522413,0.0365224,3
0.0869267,0.185359,0.00395783,3
0.0710472,0.206789,0.101096,3
0.0330909,0.149993,0.0898957,3
0.0715863,0.206658,0.0212416,3
0.069533,0.208862,0.0748381,3
0.0275982,0.12017,0.024719,3
0.0395235,0.0936542,0.113293,3
0.061421,0.00117538,0.0318191,3
0.0853251,0.0385481,0.107445,3
0.0119786,0.2054,0.0773337,3
0.0475416,0.04301,0.099813,3
0.0559838,0.148742,0.0964701,3
0.0432065,0.0204712,0.0268348,3
0.0952208,0.120302,0.0394136,3
0.0518382,0.106013,0.111374,3
0.0977746,0.173674,0.0930682,3
0.0947531,0.17239,0.00425975,3
0.0598462,0.151087,0.0993234,3
0.0574123,0.0323373,0.0378614,3
0.0251022,0.0138302,0.102306,3
0.0132801,0.117287,0.0325646,3
0.0224717,0.14201,0.0706521,3
0.0101182,0.0363569,0.0717317,3
0.091747,0.141834,0.0180633,3
0.0822634,0.16505,2.79322e-05,3
0.00785174,0.100592,0.0282319,3
0.00554947,0.0162648,0.024321,3
0.0196906,0.114274,0.0262897,3
0.0220332,0.00449927,0.0873994,3
0.0912109,0.0861808,0.00478709,3
0.0660189,0.092892,0.0540714,3
0.0785536,0.210571,0.0542887,3
0.0732031,0.173698,0.0231458,3
0.0141577,0.0765956,0.0993091,3
0.0482576,0.217134,0.0618189,3
0.0962182,0.173609,0.0526165,3
