x coord,y coord,z coord,rank
0.189241,0.174722,0.122061,0
0.0773597,0.200864,0.209008,0
0.0769222,0.194468,0.210418,0
0.127429,0.130784,0.14744,0
0.110677,0.147851,0.168453,0
0.179321,0.130273,0.171614,0
0.120687,0.137497,0.166018,0
0.17306,0.15786,0.128113,0
0.0777966,0.196729,0.213544,0
0.155702,0.162623,0.142062,0
0.116276,0.175922,0.146333,0
0.0789164,0.199824,0.207777,0
0.207826,0.147512,0.123617,0
0.0410464,0.148427,0.17785,0
0.115218,0.174107,0.125781,0
0.0750935,0.200701,0.208443,0
0.149819,0.21471,0.124818,0
0.153781,0.143068,0.12857,0
0.202232,0.220659,0.214114,0
0.149043,0.184246,0.198579,0
0.127322,0.217124,0.17934,0
0.00861964,0.165817,0.124447,0
0.0769473,0.202669,0.209922,0
0.182836,0.1443,0.217822,0
0.10102,0.159746,0.179768,0
0.21767,0.176175,0.172857,0
0.00843993,0.194358,0.208495,0
0.194149,0.18282,0.168723,0
0.202518,0.191008,0.182346,0
0.224227,0.168983,0.205234,0
0.143414,0.219489,0.196674,0
0.102174,0.177942,0.153742,0
0.0798359,0.196861,0.213846,0
0.0884706,0.149209,0.132819,0
0.0953916,0.220956,0.134748,0
0.160794,0.143995,0.176371,0
0.103686,0.1561,0.210645,0
0.201634,0.145866,0.1844,0
0.0823263,0.199053,0.214199,0
0.0766013,0.197134,0.210452,0
0.0302533,0.13591,0.204959,0
0.0988523,0.21166,0.206418,0
0.0819583,0.167757,0.175855,0
0.0746941,0.189604,0.212697,0
0.0770019,0.200642,0.205607,0
0.110442,0.142967,0.129723,0
0.0855891,0.198175,0.213652,0
0.0797302,0.198297,0.212825,0
0.0511827,0.184471,0.191293,0
0.1709,0.127067,0.152907,0
0.19766,0.189763,0.216005,0
0.0446827,0.20158,0.137958,0
0.172165,0.1274,0.145153,0
0.0622198,0.184971,0.199161,0
0.21719,0.217855,0.170398,0
0.197658,0.167105,0.128741,0
0.0038294,0.139343,0.141515,0
0.0917658,0.135364,0.147335,0
0.0376696,0.127005,0.173917,0
0.193026,0.13474,0.203252,0
0.108391,0.163772,0.151708,0
0.101743,0.217025,0.143919,0
0.1644,0.210345,0.160269,0
0.0519577,0.176618,0.214306,0
0.0807542,0.198331,0.212207,0
0.0740326,0.200504,0.208976,0
0.0536558,0.130235,0.186852,0
0.214392,0.206323,0.128119,0
0.0748298,0.196159,0.213903,0
0.0764826,0.196942,0.215627,0
0.10877,0.126552,0.156868,0
0.0780591,0.199374,0.211943,0
0.148846,0.213692,0.148056,0
0.0259025,0.150156,0.149631,0
0.151968,0.176808,0.139788,0
0.0740964,0.199815,0.213778,0
0.201434,0.159678,0.14534,0
0.0770689,0.201957,0.208899,0
0.0749152,0.189208,0.214606,0
0.0864957,0.205511,0.145231,0
0.0775956,0.194269,0.21466,0
0.0761398,0.200073,0.208137,0
0.0885064,0.128124,0.206353,0
0.0761016,0.19789,0.207053,0
0.127982,0.131405,0.12305,0
0.078684,0.197756,0.210623,0
0.0742768,0.198618,0.212949,0
0.0879695,0.161329,0.167133,0
0.0542915,0.187885,0.166146,0
0.0774482,0.198595,0.214133,0
0.0235287,0.178029,0.147363,0
0.0792348,0.194569,0.210286,0
0.0748415,0.200251,0.217967,0
0.0696227,0.197933,0.212392,0
0.0769842,0.199201,0.213999,0
0.0341473,0.212317,0.123119,0
0.185068,0.150772,0.200311,0
0.204618,0.165987,0.13177,0
0.0938817,0.176699,0.174809,0
0.00950406,0.149685,0.138953,0
0.0575355,0.169101,0.1288,0
0.067929,0.125734,0.153856,0
0.178418,0.221034,0.180352,0
0.076417,0.199707,0.212738,0
0.0739629,0.196785,0.210688,0
0.0720947,0.196987,0.212095,0
0.0646778,0.169765,0.208269,0
0.0777053,0.198635,0.212437,0
0.202844,0.188745,0.155691,0
0.0289234,0.189023,0.15279,0
0.0637459,0.14567,0.206026,0
0.120748,0.199948,0.137179,0
0.138387,0.190211,0.12824,0
0.0824993,0.195038,0.211099,0
0.0806368,0.199852,0.208786,0
0.0795622,0.19404,0.214416,0
0.223579,0.162837,0.176612,0
0.140446,0.126454,0.222906,0
0.0824757,0.19998,0.20758,0
0.0833339,0.193758,0.214385,0
0.209752,0.196985,0.124741,0
0.12984,0.147587,0.168242,0
0.118571,0.188925,0.145299,0
0.136767,0.1798,0.17639,0
0.0398789,0.125233,0.150892,0
0.0841449,0.100596,0.00869297,1
0.0871529,0.0626442,0.0935835,1
0.20536,0.12331,0.0236328,1
0.0770094,0.0642748,0.0859999,1
0.0587812,0.0876102,0.0729095,1
0.134736,0.0633704,0.0984476,1
0.171257,0.0046512,0.00254111,1
0.211164,0.0730908,0.0298433,1
0.222612,0.078477,0.0839468,1
0.118001,0.0133943,0.00721535,1
0.22483,0.063386,0.0388153,1
0.133294,0.0729125,0.0994872,1
0.0606066,0.0874229,0.0228106,1
0.0694135,0.0192936,0.00584308,1
0.221908,0.00273021,0.0868501,1
0.104321,0.0833763,0.0749206,1
0.0512838,0.104934,0.0448649,1
0.14199,0.0407114,0.0587247,1
0.213061,0.0108181,0.0367756,1
0.0591018,0.0613261,0.0522905,1
0.150955,0.0319845,0.0399907,1
0.0674879,0.108327,0.030872,1
0.063477,0.0626263,0.0897248,1
0.130971,0.0232755,0.0533368,1
0.0912,0.117499,0.0428052,1
0.024726,0.088087,0.0804007,1
0.041478,0.0975487,0.0993941,1
0.0508343,0.0863457,0.0326681,1
0.0295603,0.0769753,0.0662439,1
0.168404,0.0408171,0.0945455,1
0.180427,0.0357732,0.099542,1
0.068591,0.0289219,0.00520008,1
0.0803494,0.0371452,0.0436237,1
0.174095,0.0614067,0.0151115,1
0.0543395,0.0918177,0.00936861,1
0.0966646,0.040753,0.0576467,1
0.0688374,0.0838263,0.0511917,1
0.0998995,0.0196164,0.08512,1
0.152142,0.0106862,0.0177476,1
0.211013,0.0584568,0.0285092,1
0.192655,0.0979909,0.0938542,1
0.151276,0.0328537,0.000628608,1
0.214055,0.0349447,0.00809808,1
0.154923,0.00415967,0.0468053,1
0.02565,0.0278602,0.0335056,1
0.21675,0.0339843,0.0500364,1
0.034435,0.110858,0.0018559,1
0.0843716,0.0199227,0.0951814,1
0.195459,0.0956444,0.016273,1
0.145143,0.0543193,0.0866906,1
0.214173,0.084644,0.0363661,1
0.141409,0.0618843,0.04176,1
0.142327,0.0944234,0.0398301,1
0.00787606,0.0584919,0.00149808,1
0.0215149,0.0584242,0.0162902,1
0.126026,0.0356387,0.0569111,1
0.0808632,0.0803667,0.0913725,1
0.0567421,0.0710773,0.0854759,1
0.0635285,0.0678631,0.0148049,1
0.166584,0.102477,0.0307425,1
0.152122,0.0884363,0.0739385,1
0.177178,0.075543,0.0704447,1
0.110682,0.0582054,0.0878378,1
0.137877,0.0596255,0.00636729,1
0.0685035,0.119993,0.00911025,1
0.0656664,0.0880981,0.0862316,1
0.145685,0.0507406,0.0869358,1
0.224347,0.0622696,0.0386762,1
0.186664,0.00903414,0.0136177,1
0.104177,0.0440513,0.08149,1
0.161874,0.0829347,0.0190759,1
0.0521819,0.0395755,0.0860437,1
0.222794,0.0952733,0.0498149,1
0.197657,0.120289,0.0871985,1
0.101629,0.108511,0.013358,1
0.110869,0.0499248,0.0190938,1
0.175254,0.0604512,0.0282027,1
0.205432,0.0372211,0.0304682,1
0.0624713,0.0473174,0.060462,1
0.18443,0.0540838,0.0224833,1
0.107994,0.0321032,0.0159483,1
0.209527,0.0621855,0.0777284,1
0.0930785,0.111163,0.0243088,1
0.0172383,0.113429,0.0161208,1
0.0446816,0.0962279,0.0822823,1
0.118073,0.0369196,0.0639269,1
0.00425816,0.0464105,0.0652134,1
0.204485,0.0919224,0.00907728,1
0.138476,0.116877,0.00324356,1
0.00895537,0.0430001,0.0140745,1
0.082038,0.0863773,0.0505803,1
0.127319,0.0941904,0.00877789,1
0.190311,0.0801711,0.0932492,1
0.088352,0.112064,0.0606464,1
0.149792,0.0309293,0.0579703,1
0.0956165,0.0165817,0.0280293,1
0.0561635,0.0121209,0.0830458,1
0.0300454,0.0944527,0.0697655,1
0.0871553,0.0244958,0.0791735,1
0.0447696,0.0524716,0.00611114,1
0.0683133,0.10847,0.0881398,1
0.0435608,0.0630644,0.0721492,1
0.0181412,0.0299323,0.0264832,1
0.0188614,0.117794,0.0441106,1
0.107537,0.101683,0.0323573,1
0.206633,0.105483,0.0609975,1
0.144178,0.0616832,0.07653,1
0.204237,0.112121,0.0609017,1
0.133689,0.118497,0.0152354,1
0.196949,0.0188235,0.00267265,1
0.148906,0.0159016,0.090619,1
0.0106012,0.0580013,0.0609819,1
0.0165763,0.0183395,0.0591473,1
0.0954962,0.0897236,0.0606233,1
0.129453,0.00257331,0.00704295,1
0.147058,0.0762779,0.0423769,1
0.138893,0.121659,0.0105288,1
0.212698,0.0978801,0.0271622,1
0.128106,0.09341,0.0471792,1
0.165598,0.0220218,0.0533444,1
0.106584,0.0663197,0.0933593,1
0.00298153,0.112368,0.00143251,1
0.0148578,0.104656,0.10017,1
0.172268,0.124517,0.0569723,1
0.119833,0.0225253,0.110773,2
0.186804,0.0365212,0.108875,2
0.121353,0.0529153,0.115858,2
0.11036,0.0226489,0.106417,2
0.123856,0.0930086,0.10275,2
0.133307,0.115192,0.102591,2
0.10533,0.0780783,0.10285,2
0.222763,0.0328945,0.178007,2
0.172067,0.0835148,0.128701,2
0.116564,0.0591768,0.16949,2
0.135996,0.113012,0.207247,2
0.173585,0.0495566,0.167516,2
0.17251,0.0721404,0.128879,2
0.105353,0.0130682,0.10609,2
0.110012,0.0841819,0.162773,2
0.194695,0.117033,0.1493,2
0.0949943,0.0167928,0.113597,2
0.0996996,0.0250288,0.10963,2
0.0667241,0.0562569,0.113603,2
0.120281,0.0246295,0.109558,2
0.127525,0.0265242,0.188194,2
0.200933,0.111437,0.195345,2
0.151523,0.0169044,0.121985,2
0.184738,0.121602,0.157931,2
0.0850603,0.089423,0.110568,2
0.0997271,0.0641821,0.114824,2
0.142538,0.0976552,0.158175,2
0.073948,0.0580694,0.11187,2
0.0984218,0.0121583,0.110166,2
0.200446,0.0226844,0.218082,2
0.109742,0.0491189,0.193358,2
0.103344,0.0523266,0.180455,2
0.099947,0.118816,0.18288,2
0.164207,0.0692252,0.17337,2
0.0474228,0.0235537,0.168533,2
0.208753,0.100296,0.130149,2
0.125746,0.0165936,0.16992,2
0.216059,0.121418,0.132207,2
0.0754754,0.0797555,0.182461,2
0.0980428,0.0134977,0.181425,2
0.0915091,0.117332,0.222984,2
0.0897461,0.0919591,0.142048,2
0.0995874,0.0586299,0.153999,2
0.040851,0.0400267,0.140843,2
0.0274032,0.06164,0.148068,2
0.0942144,0.029668,0.191244,2
0.0974868,0.124238,0.177841,2
0.0471795,0.0462595,0.155566,2
0.216725,0.0261394,0.16971,2
0.123301,0.0550986,0.173964,2
0.208006,0.112527,0.220138,2
0.158666,0.0867641,0.173406,2
0.0329001,0.00623687,0.138919,2
0.167187,0.0975266,0.200351,2
0.0330985,0.0624739,0.222535,2
0.224316,0.110491,0.166296,2
0.15248,0.0423409,0.122524,2
0.157493,0.039752,0.130807,2
0.1615,0.0501377,0.22374,2
0.125329,0.00721433,0.190742,2
0.047344,0.0923053,0.217757,2
0.0860537,0.0453329,0.16293,2
0.166793,0.0226234,0.145691,2
0.0969329,0.0251837,0.177184,2
0.11362,0.023036,0.11288,2
0.156036,0.0250052,0.180514,2
0.0416276,0.0410659,0.143481,2
0.141849,0.0104558,0.193046,2
0.00649436,0.0448412,0.211591,2
0.0642098,0.0657379,0.186194,2
0.0253104,0.0392278,0.129692,2
0.102927,0.11104,0.120909,2
0.171382,0.06295,0.193181,2
0.0681057,0.119199,0.139961,2
0.222095,0.0979893,0.192019,2
0.0780335,0.0766756,0.142231,2
0.0788108,0.00592929,0.12441,2
0.123677,0.0879417,0.188868,2
0.0422044,0.09923,0.205097,2
0.131449,0.0900054,0.105183,2
0.0841418,0.0455408,0.117655,2
0.195064,0.0855141,0.198961,2
0.102921,0.117853,0.224297,2
0.172166,0.0243061,0.190414,2
0.22109,0.0168489,0.213589,2
0.139052,0.090931,0.182764,2
0.205928,0.0184064,0.215064,2
0.0951901,0.0284347,0.189299,2
0.159106,0.0266124,0.20861,2
0.126151,0.0713911,0.132381,2
0.107134,0.030218,0.220342,2
0.0304701,0.017177,0.200297,2
0.212358,0.0748447,0.145036,2
0.00529028,0.00888836,0.201699,2
0.0219591,0.0551886,0.189605,2
0.00366956,0.0164759,0.127263,2
0.144595,0.0983823,0.111015,2
0.116161,0.0267042,0.19107,2
0.180215,0.0856548,0.186519,2
0.105284,0.0416494,0.146914,2
0.144295,0.109004,0.130583,2
0.143029,0.108658,0.188118,2
0.176128,0.0173352,0.19899,2
0.0792994,0.0812375,0.15935,2
0.121597,0.108033,0.210241,2
0.0107491,0.117938,0.176444,2
0.151048,0.110024,0.10671,2
0.112989,0.00792093,0.1995,2
0.138571,0.116787,0.16973,2
0.195365,0.0715359,0.17219,2
0.206318,0.0851066,0.164615,2
0.176533,0.0773322,0.168618,2
0.0203511,0.1114,0.180171,2
0.187628,0.0884883,0.203995,2
0.111603,0.11294,0.217569,2
0.12127,0.0520798,0.121595,2
0.0879684,0.118074,0.171989,2
0.111965,0.0690483,0.119173,2
0.0900098,0.124678,0.1624,2
0.0952636,0.0849023,0.19281,2
0.0370849,0.103838,0.21472,2
0.0621015,0.0973746,0.169925,2
0.200449,0.0727345,0.146625,2
0.0524905,0.0280276,0.13272,2
0.0197674,0.125042,0.177994,2
0.0683087,0.12529,0.00686233,3
0.212166,0.160718,0.112495,3
0.165583,0.164822,0.113786,3
0.161823,0.129813,0.0913781,3
0.161661,0.14324,0.109406,3
0.132161,0.19182,0.108551,3
0.136623,0.151691,0.119675,3
0.17297,0.15104,0.108702,3
0.215635,0.215461,0.110332,3
0.210673,0.221699,0.115079,3
0.213426,0.17116,0.11467,3
0.0380004,0.181552,0.0942323,3
0.093319,0.143538,0.0711711,3
0.0951772,0.143185,0.0794581,3
0.174743,0.21818,0.0637581,3
0.19214,0.183303,0.0129334,3
0.0986381,0.151648,0.0447794,3
0.0100531,0.165122,0.116021,3
0.15972,0.177098,0.0469214,3
0.191046,0.199159,0.0117937,3
0.0609011,0.210867,0.105499,3
0.215263,0.181809,0.105301,3
0.11238,0.207685,0.102409,3
0.190794,0.157118,0.041913,3
0.10607,0.158176,0.115447,3
0.101755,0.169863,0.100564,3
0.100513,0.203116,0.0282251,3
0.123296,0.215491,0.0484541,3
0.17849,0.206763,0.0261234,3
0.169063,0.178953,0.0428949,3
0.0924941,0.134872,0.0354213,3
0.0288243,0.140501,0.038697,3
0.217123,0.131572,0.00573142,3
0.0431032,0.155105,0.0600537,3
0.0633836,0.135534,0.0607141,3
0.0689943,0.159723,0.0589502,3
0.158149,0.159548,0.0384139,3
0.0579881,0.214394,0.0670552,3
0.0902312,0.185969,0.0289978,3
0.155549,0.148759,0.0370813,3
0.0900309,0.21621,0.0160245,3
0.206134,0.174991,0.00340001,3
0.205284,0.197485,0.00298315,3
0.214779,0.157065,0.0155937,3
0.0428314,0.214948,0.0193124,3
0.202761,0.148498,0.0159291,3
0.0896117,0.15819,0.0568049,3
0.199343,0.126803,0.00203052,3
0.196423,0.19985,0.045602,3
0.0972863,0.198591,0.0610099,3
0.0883611,0.178106,0.0868414,3
0.0569193,0.130488,0.0435738,3
0.0701923,0.193223,0.05755,3
0.0138031,0.214805,0.0275266,3
0.184996,0.151172,0.0453137,3
0.0711928,0.127132,0.0885444,3
0.190154,0.185083,0.0959799,3
0.165444,0.171894,0.0635336,3
0.089357,0.142794,0.0949884,3
0.161278,0.139829,0.026294,3
0.0362574,0.140428,0.0435073,3
0.134866,0.224285,0.0316885,3
0.145024,0.15583,0.0567978,3
0.0826074,0.172098,0.0183693,3
0.122939,0.222161,0.00722193,3
0.13882,0.168275,0.084561,3
0.0176358,0.177524,0.0024732,3
0.0917067,0.133919,0.0331017,3
0.0485214,0.224464,0.0749859,3
0.0479595,0.221252,0.0047173,3
0.117697,0.215799,0.0465904,3
0.0622845,0.172334,0.00671339,3
0.0423667,0.126756,0.104642,3
0.181458,0.176281,0.0129001,3
0.0712122,0.213734,0.0514977,3
0.10396,0.148855,0.06974,3
0.0602956,0.156571,0.00306657,3
0.218278,0.160398,0.00556276,3
0.068196,0.19121,0.0273502,3
0.178896,0.209359,0.0352475,3
0.088884,0.213804,0.0550392,3
0.106816,0.209595,0.0446158,3
0.0016777,0.207258,0.0483604,3
0.0847076,0.174572,0.0495604,3
0.106666,0.186034,0.00417535,3
0.00201532,0.160664,0.064192,3
0.126125,0.207389,0.110953,3
0.0126252,0.152093,0.00367956,3
0.140041,0.165322,0.0726942,3
0.0287024,0.189053,0.0949371,3
0.181071,0.179741,0.0549878,3
0.163552,0.192166,0.0187126,3
0.130452,0.198261,0.0971292,3
0.0642225,0.217694,0.00380554,3
0.0295162,0.183008,0.0541783,3
0.0316717,0.189041,0.0169518,3
0.0453968,0.14331,0.0991487,3
0.0462737,0.198359,0.0583957,3
0.18226,0.199283,0.0213227,3
0.0563665,0.1285,0.0636672,3
0.032669,0.210626,0.085737,3
0.0899434,0.161426,0.0700829,3
0.0181787,0.154512,0.0487139,3
0.178933,0.186871,0.00154131,3
0.102441,0.138439,0.0530209,3
0.0069714,0.165108,0.0238693,3
0.0695042,0.185365,0.10093,3
0.0638164,0.215282,0.0168781,3
0.16382,0.140925,0.0590762,3
0.0930882,0.196432,0.0484115,3
0.00138138,0.156161,0.0823475,3
0.188363,0.198681,0.0417044,3
0.197741,0.147593,0.0606019,3
0.126956,0.172236,0.0186806,3
0.163295,0.206223,0.0184071,3
0.159946,0.207114,0.0190317,3
0.202971,0.170638,0.0401541,3
0.184102,0.175137,0.0777322,3
0.219079,0.143733,0.0602965,3
0.191338,0.209048,0.0954077,3
0.167857,0.155777,0.0577497,3
0.116789,0.155997,0.0785885,3
0.115047,0.142012,0.00233316,3
0.164499,0.128563,0.097969,3
0.127023,0.180733,0.120689,3
0.167556,0.157527,0.120706,3
