x coord,y coord,z coord,rank
0.162298,0.196304,0.127098,0
0.181447,0.15506,0.0913561,0
0.17951,0.138706,0.0585712,0
0.208884,0.215344,0.105592,0
0.152021,0.217146,0.0643797,0
0.140525,0.208175,0.0163159,0
0.182175,0.166394,0.105134,0
0.163314,0.219183,0.112241,0
0.165631,0.158029,0.0291525,0
0.188808,0.0150314,0.00672875,0
0.185435,0.109203,0.0313585,0
0.214694,0.0280176,0.0607518,0
0.162697,0.224319,0.0965915,0
0.224757,0.0184934,0.028257,0
0.174304,0.132339,0.103553,0
0.144551,0.140215,0.0676278,0
0.213833,0.0542313,0.0863714,0
0.120706,0.0791418,0.074928,0
0.156568,0.100986,0.112222,0
0.222786,0.0195652,0.0551173,0
0.185552,0.0259515,0.0361263,0
0.179406,0.0667437,0.0225371,0
0.191678,0.0223377,0.0485319,0
0.163872,0.190535,0.120638,0
0.144635,0.130154,0.117277,0
0.178267,0.147299,0.0920468,0
0.188428,0.0810028,0.0438034,0
0.140562,0.173373,0.0705314,0
0.119212,0.0635781,0.121438,0
0.120533,0.0433859,0.0697096,0
0.210433,0.171316,0.0802567,0
0.199921,0.146831,0.0929722,0
0.198007,0.105153,0.0956432,0
0.14648,0.223776,0.115035,0
0.221853,0.148507,0.111882,0
0.14348,0.0707778,0.04711,0
0.173609,0.142556,0.128398,0
0.208587,0.152048,0.0575535,0
0.137618,0.108317,0.0284667,0
0.146655,0.0241608,0.0729492,0
0.119212,0.0679664,0.0073716,0
0.215154,0.209142,0.0296217,0
0.178046,0.0101198,0.0478128,0
0.119747,0.0201329,0.0372492,0
0.136307,0.0778326,0.048205,0
0.204764,0.00542394,0.107054,0
0.182071,0.158525,0.117096,0
0.213717,0.0278513,0.0732744,0
0.19302,0.140482,0.0143261,0
0.20335,0.121585,0.0247502,0
0.158002,0.181257,0.0455849,0
0.163224,0.210732,0.0617932,0
0.164363,0.0635049,0.0115372,0
0.175837,0.0109007,0.00348269,0
0.120128,0.109305,0.00611908,0
0.185171,0.0763954,0.094342,0
0.189434,0.195658,0.0926035,0
0.147837,0.17749,0.110579,0
0.150955,0.163411,0.0554116,0
0.147689,0.0984904,0.098584,0
0.160985,0.0692328,0.0855969,0
0.156087,0.180471,0.0336036,0
0.218591,0.00292852,0.0261051,0
0.137132,0.198219,0.00883226,0
0.145687,0.183881,0.0760404,0
0.187799,0.178782,0.0486532,0
0.212247,0.0472041,0.0554096,0
0.222783,0.023785,0.0329881,0
0.135509,0.178905,0.0749829,0
0.219694,0.00863128,0.0550229,0
0.199528,0.167581,0.0966143,0
0.183286,0.196404,0.117442,0
0.174549,0.0704624,0.0481171,0
0.20101,0.0663204,0.00840894,0
0.143281,0.10981,0.0152072,0
0.207399,0.0292288,0.0335547,0
0.167934,0.208151,0.0194836,0
0.174735,0.0328705,0.00629657,0
0.221092,0.0341581,0.123996,0
0.214061,0.0963526,0.111345,0
0.121005,0.192957,0.0579632,0
0.204925,0.0245562,0.0515116,0
0.188291,0.11788,0.0392037,0
0.223921,0.166546,0.060624,0
0.13926,0.209537,0.0491777,0
0.202762,0.0745683,0.0861969,0
0.168232,0.0880675,0.0463792,0
0.170813,0.0215346,0.0814065,0
0.219066,0.0548118,0.0229678,0
0.212993,0.0711619,0.0141871,0
0.156393,0.168088,0.11915,0
0.192548,0.194158,0.0457595,0
0.153397,0.182423,0.0755322,0
0.181809,0.0943693,0.123088,0
0.215813,0.12919,0.079581,0
0.184133,0.163006,0.0989755,0
0.158653,0.0316199,0.117015,0
0.175762,0.151728,0.0964051,0
0.149909,0.0196517,0.0618484,0
0.194302,0.208924,0.0791259,0
0.213632,0.0363286,0.090056,0
0.202455,0.0425985,0.0925355,0
0.150377,0.151587,0.0148158,0
0.144013,0.00853393,0.109026,0
0.128159,0.00990438,0.101378,0
0.172376,0.166485,0.117082,0
0.214245,0.195587,0.0898234,0
0.223345,0.131099,0.000287717,0
0.120813,0.216027,0.0617234,0
0.138785,0.17758,0.110243,0
0.18386,0.0721961,0.119764,0
0.123831,0.165207,0.107496,0
0.118256,0.0940539,0.0915319,0
0.122823,0.15884,0.0335637,0
0.139841,0.061113,0.0763176,0
0.140217,0.205393,0.0180639,0
0.132336,0.114055,0.00670821,0
0.133091,0.0995751,0.0647811,0
0.126255,0.182314,0.0390538,0
0.168416,0.111501,0.0150017,0
0.122084,0.186215,0.122831,0
0.161231,0.0512251,0.0548808,0
0.133954,0.0328373,0.0152016,0
0.196287,0.13653,0.126256,0
0.122289,0.202253,0.0729001,0
0.141044,0.0664085,0.126371,0
0.0984682,0.123331,0.0881351,1
0.063913,0.0935832,0.0767839,1
0.10786,0.123079,0.0347559,1
0.0467091,0.0579432,0.0605381,1
0.103132,0.11142,0.0297672,1
0.00659923,0.16247,0.035099,1
0.0147074,0.220402,0.0941709,1
0.101067,0.112707,0.026924,1
0.0437935,0.155761,0.000614879,1
0.0130639,0.0672729,0.0612371,1
0.0144904,0.097597,0.0176425,1
0.0981464,0.147167,0.104184,1
0.059239,0.0303137,0.0675939,1
0.0462314,0.129028,0.0697703,1
0.0526034,0.0146387,0.00271987,1
0.0708706,0.109102,0.0945467,1
0.105515,0.0416558,0.0573156,1
0.0656603,0.0328574,0.0492178,1
0.0638602,0.222289,0.0475009,1
0.104241,0.193803,0.00141155,1
0.0817961,0.216434,0.0620081,1
0.0210089,0.138474,0.0879072,1
0.050839,0.0203163,0.100398,1
0.0797751,0.0235825,0.0309951,1
0.117257,0.0855607,0.0338078,1
0.0611954,0.14733,0.0409515,1
0.0683801,0.0142943,0.0994293,1
0.0989439,0.185777,0.0800627,1
0.102845,0.137538,0.0850908,1
0.01621,0.219919,0.0981433,1
0.0326576,0.22171,0.00239139,1
0.05327,0.0428993,0.0724183,1
0.0384665,0.19058,0.0685475,1
0.105475,0.0707019,0.0481063,1
0.0304132,0.195486,0.0963131,1
0.0825658,0.0775452,0.0641493,1
0.113591,0.045128,0.00596636,1
0.0283199,0.208213,0.0676,1
0.0359408,0.0622637,0.0209939,1
0.00125085,0.15081,0.0180606,1
0.0857541,0.0456017,0.101908,1
0.00916626,0.055118,0.0142739,1
0.0997728,0.0546784,0.0321809,1
0.0625456,0.150756,0.0611866,1
0.0941332,0.0702421,0.0197164,1
0.0510482,0.134217,0.0614713,1
0.0109772,0.0544559,0.0420902,1
0.00498777,0.196601,0.0432203,1
0.0488931,0.134603,0.0462183,1
0.0363174,0.0238726,0.0952287,1
0.115044,0.114667,0.0196883,1
0.110762,0.0456283,0.0607591,1
0.0694817,0.022115,0.0257502,1
0.0170875,0.110636,0.076728,1
0.107739,0.0623706,0.00522504,1
0.101273,0.141072,0.0781447,1
0.0299397,0.121268,0.0542145,1
0.0881581,0.067798,0.0193391,1
0.111619,0.0585163,0.0274452,1
0.101265,0.179076,0.0445022,1
0.0212718,0.0689517,0.0832748,1
0.0391584,0.203805,0.0797547,1
0.0532869,0.195776,0.0386489,1
0.0396307,0.0860189,0.062038,1
0.0249888,0.0385595,0.043088,1
0.031687,0.103643,0.0248489,1
0.039212,0.208566,0.0317234,1
0.00527186,0.0467245,0.0269574,1
0.0740982,0.172182,0.0379013,1
0.0630887,0.151242,0.105404,1
0.0907905,0.213848,0.0869271,1
0.0612418,0.218108,0.0276598,1
0.0208283,0.130821,0.0163158,1
0.0814294,0.113287,0.0897705,1
0.114207,0.0261251,0.0628084,1
0.0123169,0.0355893,0.0757095,1
0.108759,0.0412794,0.0716769,1
0.0410419,0.042801,0.0843493,1
0.00972618,0.195716,0.0829365,1
0.0845666,0.109528,0.0484155,1
0.0342282,0.205871,0.0735047,1
0.0381637,0.181018,0.0993019,1
0.0579733,0.187676,0.0947639,1
0.0462325,0.171072,0.0836518,1
0.00660366,0.00512518,0.0421241,1
0.0168622,0.217197,0.0278925,1
0.0626316,0.112567,0.0313343,1
0.00287865,0.0391703,0.103603,1
0.00998974,0.197938,0.00918991,1
0.0302646,0.0502703,0.0256047,1
0.114712,0.134035,0.0306811,1
0.0131531,0.167219,0.102449,1
0.0726655,0.142297,0.0635227,1
0.0455335,0.00197354,0.0424266,1
0.0958013,0.0875788,0.0101866,1
0.014297,0.0920171,0.0353613,1
0.0310667,0.134149,0.0472054,1
0.00658225,0.141067,0.0869263,1
0.0786752,0.162601,0.0644336,1
0.00399175,0.168282,0.100426,1
0.0391525,0.110481,0.0594376,1
0.0805791,0.100582,0.0804154,1
0.036425,0.0120808,0.0570578,1
0.0375307,0.1519,0.045776,1
0.0915992,0.147534,0.0967882,1
0.0275117,0.221237,0.0537991,1
0.107316,0.191441,0.0887236,1
0.0116165,0.163639,0.047405,1
0.0662003,0.177489,0.101128,1
0.0298044,0.010831,0.0575072,1
0.0606695,0.0897998,0.0292231,1
0.0270029,0.125353,0.0736642,1
0.0670569,0.215118,0.0275868,1
0.0386549,0.199089,0.0251543,1
0.0951188,0.140942,0.0605391,1
0.00977673,0.173801,0.0509458,1
0.041876,0.223277,0.063617,1
0.00399494,0.0946875,0.0149039,1
0.0688079,0.147597,0.0441811,1
0.0700319,0.0643682,0.0701365,1
0.0416792,0.0174943,0.103791,1
0.0541566,0.147625,0.0595392,1
0.103744,0.108126,0.0960379,1
0.0414499,0.141663,0.112329,2
0.0988697,0.141085,0.112814,2
0.0627257,0.0408931,0.224144,2
0.0951161,0.21997,0.119909,2
0.00355047,0.0844181,0.132964,2
0.063474,0.07194,0.11835,2
0.110666,0.217225,0.108533,2
0.0977993,0.152957,0.138308,2
0.061865,0.0510911,0.199331,2
0.0907024,0.152402,0.12211,2
0.0999223,0.154232,0.138465,2
0.0901352,0.11608,0.139597,2
0.0219556,0.0786504,0.222094,2
0.0578794,0.0748553,0.185207,2
0.0551886,0.0913338,0.145449,2
0.0453861,0.0441715,0.117806,2
0.00678697,0.072132,0.192946,2
0.00211747,0.116939,0.217371,2
0.0181201,0.0795143,0.132222,2
0.050358,0.187399,0.113648,2
0.115545,0.166872,0.215158,2
0.0588247,0.067034,0.123781,2
0.0495403,0.116078,0.147444,2
0.0519449,0.191458,0.182942,2
0.00474311,0.00937245,0.169077,2
0.0550595,0.220072,0.215805,2
0.0654399,0.098652,0.21532,2
0.0435526,0.0386342,0.191859,2
0.0424902,0.0542126,0.153182,2
0.0782246,0.116909,0.135246,2
0.0447714,0.160599,0.14059,2
0.0156946,0.0524304,0.132794,2
0.0696697,0.16238,0.160861,2
0.10762,0.0650987,0.220432,2
0.00519708,0.212389,0.149777,2
0.0802282,0.0497288,0.118289,2
0.0160172,0.158551,0.189437,2
0.0425747,0.184975,0.162876,2
0.0688796,0.0312098,0.206373,2
0.0618526,0.118136,0.191222,2
0.0953193,0.174354,0.165668,2
0.0126599,0.174738,0.121178,2
0.0319913,0.0998644,0.192584,2
0.0105772,0.152764,0.137172,2
0.114893,0.145163,0.197843,2
0.0923376,0.0502253,0.108013,2
0.0067041,0.222547,0.129,2
0.103254,0.0390242,0.108139,2
0.0291894,0.0332952,0.207544,2
0.071598,0.179995,0.190661,2
0.0184296,0.0305273,0.144976,2
0.0445287,0.221061,0.186779,2
0.0778778,0.201601,0.128114,2
0.0950539,0.12881,0.201909,2
0.0858566,0.0753089,0.214521,2
0.0492978,0.118594,0.126024,2
0.0227936,0.198114,0.185875,2
0.0200698,0.0275141,0.172983,2
0.0342965,0.222251,0.107923,2
0.0161985,0.210981,0.222076,2
0.0717487,0.155075,0.172125,2
0.0349659,0.204272,0.198812,2
0.0145281,0.148304,0.135445,2
0.0101529,0.0853945,0.109403,2
0.060666,0.134549,0.12009,2
0.0780158,0.039516,0.116306,2
0.0922573,0.00639106,0.146068,2
0.0893288,0.223171,0.148558,2
0.0565926,0.188367,0.205116,2
0.0242172,0.0449723,0.188264,2
0.02207,0.119248,0.140711,2
0.0514558,0.0410833,0.207562,2
0.106026,0.14698,0.145411,2
0.0755901,0.127753,0.219261,2
0.0178133,0.122766,0.159588,2
0.0856087,0.00516318,0.184696,2
0.0648739,0.0069769,0.153558,2
0.0950356,0.174567,0.212586,2
0.0883861,0.172371,0.194455,2
0.0455904,0.0355863,0.138654,2
0.101296,0.215406,0.218542,2
0.0162267,0.0608692,0.151362,2
0.0537396,0.0943024,0.211527,2
0.0849234,0.0313092,0.160988,2
0.0344929,0.121241,0.182262,2
0.0522028,0.14143,0.128773,2
0.0191235,0.172792,0.140817,2
0.0377569,0.0445255,0.173567,2
0.00138857,0.0958815,0.153558,2
0.0115001,0.083396,0.203497,2
0.0702544,0.17004,0.195802,2
0.00413583,0.215898,0.151678,2
0.110851,0.174391,0.154994,2
0.0779944,0.063187,0.190065,2
0.0379193,0.0119865,0.114588,2
0.0125659,0.0226169,0.12218,2
0.0496454,0.201823,0.170335,2
0.0219823,0.168532,0.143912,2
0.0958125,0.067843,0.196131,2
0.0925804,0.214708,0.206699,2
0.0751802,0.0949507,0.161899,2
0.0106914,0.0957531,0.128317,2
0.0771798,0.113547,0.125927,2
0.0736814,0.1186,0.120091,2
0.0554662,0.16202,0.151015,2
0.0815473,0.162334,0.222087,2
0.0170542,0.0376769,0.185762,2
0.0662132,0.158913,0.198765,2
0.0168049,0.189197,0.128078,2
0.0287443,0.0241509,0.12852,2
0.081982,0.193595,0.146843,2
0.0657225,0.185356,0.140981,2
0.112686,0.0613888,0.135419,2
0.103604,0.0808212,0.222048,2
0.0438571,0.0762274,0.147899,2
0.114661,0.0574737,0.198054,2
0.0984732,0.104673,0.138081,2
0.105418,0.0850131,0.204257,2
0.0672038,0.133924,0.120661,2
0.11224,0.149341,0.179287,2
0.10145,0.0861339,0.192313,2
0.0971474,0.111765,0.15759,2
0.0851178,0.054485,0.140729,2
0.00908663,0.105787,0.109198,2
0.115959,0.0598807,0.144901,2
0.0755571,0.0111517,0.106191,2
0.115706,0.0562485,0.174728,2
0.086075,0.0566678,0.107189,2
0.103253,0.184053,0.106879,2
0.179914,0.190441,0.131214,3
0.155623,0.152885,0.198368,3
0.199252,0.223255,0.145895,3
0.210753,0.16905,0.201652,3
0.133991,0.134908,0.192222,3
0.133939,0.213899,0.148697,3
0.184382,0.189384,0.135747,3
0.13108,0.126435,0.217837,3
0.17918,0.184203,0.142352,3
0.153497,0.13536,0.153853,3
0.144615,0.191054,0.201991,3
0.176622,0.187917,0.133357,3
0.207048,0.189874,0.203253,3
0.132708,0.0460002,0.13215,3
0.179058,0.190291,0.138945,3
0.133485,0.201886,0.188163,3
0.181103,0.188405,0.13889,3
0.205292,0.191448,0.202417,3
0.124031,0.0362612,0.182144,3
0.123942,0.0259757,0.155819,3
0.172686,0.192615,0.141149,3
0.208277,0.0518626,0.165696,3
0.21755,0.113882,0.175445,3
0.177858,0.193687,0.137872,3
0.16345,0.218132,0.189637,3
0.185071,0.0660403,0.136098,3
0.176538,0.190505,0.138721,3
0.202062,0.224315,0.179048,3
0.206531,0.0969185,0.215285,3
0.163482,0.0964637,0.154415,3
0.221478,0.0780222,0.151711,3
0.219427,0.151154,0.20028,3
0.119845,0.079017,0.197239,3
0.195037,0.0198904,0.206671,3
0.189536,0.180209,0.217143,3
0.156571,0.0127969,0.129762,3
0.166156,0.208034,0.17451,3
0.21079,0.218813,0.149538,3
0.129042,0.0553696,0.195759,3
0.179838,0.179906,0.223216,3
0.189658,0.0515332,0.160496,3
0.22134,0.222493,0.159226,3
0.180012,0.189332,0.140333,3
0.183826,0.189902,0.13681,3
0.137091,0.0569979,0.142012,3
0.150432,0.0292748,0.153015,3
0.179139,0.191076,0.140885,3
0.173051,0.193016,0.133076,3
0.172375,0.127374,0.138605,3
0.210141,0.116089,0.188124,3
0.142169,0.151057,0.223536,3
0.21852,0.166028,0.173152,3
0.220589,0.0253138,0.208214,3
0.18277,0.0378941,0.186848,3
0.163106,0.0640298,0.204905,3
0.148885,0.107592,0.129597,3
0.176199,0.185988,0.136669,3
0.180858,0.184637,0.137772,3
0.215995,0.106311,0.223495,3
0.155866,0.0901788,0.132354,3
0.196827,0.0921855,0.161056,3
0.171896,0.191962,0.134162,3
0.176299,0.189012,0.138798,3
0.121618,0.0812298,0.200961,3
0.136306,0.147932,0.135613,3
0.193973,0.143278,0.209312,3
0.164586,0.132546,0.203779,3
0.135625,0.147599,0.136811,3
0.175874,0.192223,0.136903,3
0.188,0.04928,0.168179,3
0.176672,0.189422,0.139761,3
0.175793,0.19154,0.140587,3
0.216964,0.145755,0.181812,3
0.149237,0.0916864,0.160909,3
0.173949,0.00354669,0.193701,3
0.170546,0.0844122,0.157192,3
0.17734,0.18388,0.137037,3
0.165924,0.169262,0.199724,3
0.172361,0.13796,0.17774,3
0.178023,0.189742,0.139595,3
0.187145,0.157283,0.213658,3
0.139774,0.0706037,0.139781,3
0.207568,0.133389,0.195408,3
0.208784,0.160176,0.133491,3
0.221069,0.0536507,0.190318,3
0.142545,0.144053,0.149166,3
0.139728,0.188226,0.223504,3
0.208038,0.0124863,0.211493,3
0.174983,0.0540706,0.187958,3
0.208088,0.144511,0.141242,3
0.137915,0.0702398,0.197851,3
0.176561,0.187978,0.143585,3
0.135863,0.0207993,0.224512,3
0.222169,0.0975046,0.156339,3
0.139035,0.00148158,0.200623,3
0.178796,0.185013,0.132983,3
0.144056,0.115738,0.205825,3
0.196317,0.120882,0.20912,3
0.177642,0.187606,0.138136,3
0.222691,0.0332722,0.142911,3
0.166976,0.108375,0.219035,3
0.17779,0.192769,0.136303,3
0.183456,0.190307,0.141207,3
0.216541,0.150765,0.172584,3
0.176353,0.18215,0.13793,3
0.180939,0.190426,0.136336,3
0.176582,0.188408,0.133913,3
0.176276,0.184919,0.137108,3
0.177252,0.186607,0.139827,3
0.132525,0.222729,0.158884,3
0.180182,0.191779,0.141258,3
0.177905,0.190445,0.139391,3
0.178064,0.191685,0.138312,3
0.167447,0.0412968,0.173625,3
0.122597,0.194162,0.218882,3
0.17934,0.190084,0.137195,3
0.134082,0.0507145,0.203523,3
0.180125,0.18524,0.138808,3
0.178315,0.188191,0.136704,3
0.183587,0.188222,0.142973,3
0.178659,0.191901,0.142451,3
0.174714,0.0893694,0.129782,3
