x coord,y coord,z coord,rank
0.133732,0.0195902,0.0460378,0
0.158462,0.0297781,0.0596008,0
0.136809,0.0609416,0.0585118,0
0.135296,0.0638439,0.048755,0
0.132119,0.0539011,0.0466748,0
0.137721,0.065598,0.0157671,0
0.145032,0.0653624,0.023523,0
0.132703,0.0320868,0.0147064,0
0.133871,0.0223185,0.0276349,0
0.149835,0.0334433,0.0270844,0
0.154972,0.0438924,0.033476,0
0.151072,0.0329841,0.0482516,0
0.132291,0.00249643,0.0734031,0
0.153319,0.0746715,0.0399924,0
0.13244,0.0398592,0.0388264,0
0.140234,0.0259867,0.0370371,0
0.157541,0.0323765,0.0466515,0
0.132972,0.0667642,0.0629658,0
0.13532,0.05224,0.023711,0
0.145835,0.0446136,0.0262689,0
0.132035,0.0626613,0.0183916,0
0.131625,0.0297093,0.0271218,0
0.140426,0.0738219,0.0124718,0
0.138992,0.047122,0.0724828,0
0.131693,0.075178,0.0137076,0
0.144922,0.0561514,0.0726199,0
0.133073,0.0514922,0.0661453,0
0.132344,0.060812,0.0309889,0
0.140949,0.0573682,0.00752132,0
0.141501,0.0265499,0.0505925,0
0.134502,0.0487866,0.0734783,0
0.139639,0.0519305,0.0201163,0
0.157183,0.0734397,0.0676391,0
0.169486,0.0459171,0.0617294,0
0.138079,0.0722923,0.0679902,0
0.132724,0.0143516,0.0738046,0
0.136543,0.0600964,0.00664244,0
0.159089,0.0709059,0.0497431,0
0.131714,0.0122484,0.0734179,0
0.131854,0.0350286,0.0435572,0
0.150655,0.0596173,0.0337027,0
0.136142,0.063724,0.0707317,0
0.136997,0.0302547,0.068206,0
0.134672,0.049535,0.0738343,0
0.152189,0.0486839,0.0596171,0
0.136139,0.017477,0.0511521,0
0.137272,0.0637654,0.034229,0
0.151575,0.0171071,0.0685926,0
0.1322,0.0363413,0.0679941,0
0.131614,0.0137729,0.047084,0
0.137729,0.0433228,0.0645099,0
0.140886,0.0505915,0.0352497,0
0.133787,0.00700052,0.0574357,0
0.139714,0.0707861,0.0727365,0
0.143303,0.0165327,0.0595117,0
0.155234,0.069094,0.0575916,0
0.132485,0.0291491,0.0734257,0
0.135654,0.00271611,0.0704404,0
0.136702,0.0615394,0.0722636,0
0.133652,0.0277796,0.0392886,0
0.158897,0.0455601,0.0718657,0
0.132814,0.0296919,0.0335166,0
0.143551,0.0283493,0.0649036,0
0.132643,0.0471855,0.0199462,0
0.134243,0.056468,0.0121278,0
0.131754,0.0624327,0.0198102,0
0.167903,0.0604159,0.0668619,0
0.131787,0.0485675,0.0675323,0
0.145853,0.0559647,0.0117354,0
0.138337,0.0382142,0.0581384,0
0.163872,0.0596792,0.036113,0
0.131761,0.0396945,0.0132914,0
0.132709,0.0502992,0.0448223,0
0.136353,0.00584278,0.05465,0
0.132869,0.0375885,0.0554288,0
0.134924,0.0568784,0.0640209,0
0.134371,0.0648085,0.0362456,0
0.141939,0.0485434,0.0453827,0
0.143377,0.0637139,0.0661746,0
0.136268,0.0538529,0.0435349,0
0.142307,0.0450043,0.0116429,0
0.131742,0.0408345,0.0571652,0
0.134749,0.0240499,0.0496997,0
0.133306,0.051169,0.00476133,0
0.148535,0.0515702,0.039891,0
0.132986,0.0717837,0.0503943,0
0.138383,0.0219631,0.0726752,0
0.142706,0.046911,0.0563446,0
0.146457,0.0567698,0.0577712,0
0.141558,0.0414085,0.0313454,0
0.13431,0.067928,0.020407,0
0.150679,0.0213924,0.0439153,0
0.15188,0.0659765,0.0455637,0
0.147432,0.0683856,0.074222,0
0.14374,0.0666096,0.0639323,0
0.144504,0.025187,0.0318798,0
0.135822,0.0310479,0.0427761,0
0.136299,0.0409809,0.0144705,0
0.139112,0.0437281,0.0482208,0
0.132145,0.0568737,0.05992,0
0.13162,0.055315,0.0531539,0
0.132659,0.050695,0.0566323,0
0.136066,0.0648041,0.0440766,0
0.159764,0.0537822,0.0518005,0
0.145312,0.0458072,0.0612694,0
0.137263,0.0265898,0.0236182,0
0.150337,0.0734743,0.0732964,0
0.132023,0.0682412,0.0346803,0
0.139937,0.00698402,0.0659409,0
0.138406,0.0655212,0.043887,0
0.165622,0.0718454,0.0593483,0
0.131644,0.0228099,0.043026,0
0.135752,0.0423431,0.0330213,0
0.145027,0.0410788,0.0500302,0
0.131668,0.0614327,0.0412398,0
0.132232,0.0262163,0.0442984,0
0.131708,0.034282,0.0588312,0
0.132383,0.0733622,0.0189439,0
0.131631,0.0161061,0.0590836,0
0.135871,0.0343146,0.0599108,0
0.156434,0.0707811,0.0236873,0
0.13165,0.0525075,0.0122637,0
0.131709,0.0473027,0.0301774,0
0.153113,0.0562165,0.0463684,0
0.131902,0.0201783,0.0678893,0
0.140164,0.043518,0.0745439,0
0.140999,0.0597845,0.0901559,1
0.150898,0.0451907,0.10975,1
0.132395,0.0238871,0.0931347,1
0.145214,0.0115045,0.0836707,1
0.132035,0.0663574,0.0780706,1
0.158571,0.0581327,0.0975586,1
0.131709,0.0680483,0.0879354,1
0.135626,0.0402865,0.0844077,1
0.132019,0.0347855,0.100429,1
0.137048,0.0416127,0.136534,1
0.149797,0.0530597,0.0830373,1
0.13207,0.0621057,0.105481,1
0.164315,0.050071,0.108986,1
0.133141,0.0386305,0.0817929,1
0.155418,0.0222458,0.0777007,1
0.14156,0.0559345,0.129751,1
0.133156,0.0724638,0.0789343,1
0.135693,0.0297525,0.0926315,1
0.132865,0.0593518,0.122077,1
0.137018,0.0261803,0.111964,1
0.14027,0.0365674,0.0758739,1
0.135121,0.0259225,0.125075,1
0.137095,0.0439279,0.085004,1
0.135136,0.017556,0.102829,1
0.150304,0.0416682,0.0755792,1
0.13597,0.0702105,0.0973607,1
0.131619,0.0716713,0.142169,1
0.131778,0.0276562,0.112827,1
0.16261,0.0709221,0.105312,1
0.134187,0.0262075,0.0921461,1
0.131816,0.0693531,0.125445,1
0.154431,0.0429947,0.0946293,1
0.132915,0.0428303,0.110412,1
0.131708,0.066993,0.103294,1
0.134941,0.0481772,0.131116,1
0.131785,0.0504601,0.108571,1
0.143803,0.0237338,0.0973076,1
0.131671,0.0193509,0.0803733,1
0.148028,0.0548051,0.127317,1
0.150645,0.0399465,0.128404,1
0.141316,0.0485196,0.101325,1
0.133109,0.0187743,0.0772295,1
0.140683,0.0325009,0.0774548,1
0.162953,0.0396436,0.0797034,1
0.146434,0.0551556,0.0980099,1
0.145863,0.0332535,0.0891635,1
0.133115,0.0579832,0.0790324,1
0.137799,0.066906,0.105374,1
0.131745,0.062902,0.12023,1
0.143127,0.0359208,0.115178,1
0.132067,0.0275543,0.092087,1
0.132512,0.0593678,0.137443,1
0.136368,0.0682514,0.0952471,1
0.131635,0.0338152,0.0752848,1
0.145944,0.0661606,0.10798,1
0.132608,0.0486275,0.0874751,1
0.132773,0.0314672,0.117283,1
0.167685,0.0734726,0.0890351,1
0.138661,0.0754775,0.112298,1
0.148912,0.0711983,0.126515,1
0.1398,0.0167293,0.0863517,1
0.13208,0.0388567,0.123549,1
0.132673,0.0605599,0.0985924,1
0.13481,0.0705667,0.148278,1
0.132159,0.0507554,0.132833,1
0.149502,0.0290686,0.0974342,1
0.134062,0.0564221,0.112094,1
0.136883,0.0650452,0.127129,1
0.13794,0.066447,0.0836182,1
0.141355,0.0504854,0.118239,1
0.137123,0.059506,0.138083,1
0.136383,0.0540029,0.116726,1
0.139588,0.0613841,0.0905785,1
0.133143,0.0708408,0.117845,1
0.13497,0.038912,0.120894,1
0.149793,0.0512489,0.11774,1
0.158576,0.056272,0.082757,1
0.144167,0.027087,0.1198,1
0.132593,0.0483773,0.102223,1
0.135173,0.0477981,0.092838,1
0.16612,0.0614102,0.0822573,1
0.163521,0.0396225,0.105046,1
0.137667,0.0167954,0.115446,1
0.139942,0.0430157,0.128147,1
0.138424,0.0384691,0.0951337,1
0.160738,0.0703036,0.0819961,1
0.131691,0.0593612,0.127935,1
0.169803,0.071647,0.100135,1
0.139356,0.0607217,0.11622,1
0.134458,0.0334234,0.107137,1
0.133207,0.0645728,0.0886886,1
0.14483,0.0105555,0.101181,1
0.134857,0.0564459,0.087247,1
0.1663,0.0591351,0.0924705,1
0.133501,0.0193142,0.117387,1
0.132895,0.0445755,0.0827674,1
0.133278,0.0711575,0.0960523,1
0.132238,0.0363299,0.100966,1
0.155603,0.0712641,0.106797,1
0.131705,0.0659878,0.13081,1
0.134262,0.0566265,0.108471,1
0.133333,0.0608625,0.0790689,1
0.140751,0.0218928,0.10772,1
0.142114,0.0664859,0.137221,1
0.155479,0.049273,0.103176,1
0.143357,0.0200222,0.0750674,1
0.132373,0.0141472,0.109019,1
0.13721,0.00485553,0.0829541,1
0.135062,0.0361708,0.11072,1
0.135761,0.0440259,0.103846,1
0.13213,0.023361,0.103851,1
0.144877,0.0321405,0.0756838,1
0.133288,0.00158105,0.0818798,1
0.132467,0.0534572,0.115746,1
0.133312,0.0221172,0.10335,1
0.158522,0.0423644,0.117373,1
0.151559,0.0621523,0.117564,1
0.148266,0.0432972,0.0982032,1
0.154397,0.032082,0.102041,1
0.141393,0.0490376,0.101086,1
0.17294,0.0541279,0.0815653,1
0.131615,0.0400052,0.112084,1
0.147758,0.073352,0.0971574,1
0.131702,0.0307116,0.117486,1
0.143762,0.140676,0.0589157,2
0.134529,0.0776612,0.0439502,2
0.158964,0.0893027,0.0541308,2
0.131738,0.131368,0.0711758,2
0.131654,0.1222,0.0735942,2
0.137512,0.125721,0.0696711,2
0.134255,0.108451,0.069713,2
0.143716,0.086764,0.0346232,2
0.150976,0.0908047,0.0484063,2
0.14795,0.130635,0.0625909,2
0.133449,0.109497,0.0705837,2
0.131891,0.0863919,0.0598505,2
0.144861,0.0920123,0.0693329,2
0.132042,0.115761,0.0491513,2
0.134203,0.0872429,0.0747638,2
0.142433,0.100824,0.0509725,2
0.133375,0.131149,0.0483004,2
0.137205,0.124346,0.0557486,2
0.134084,0.122694,0.0174825,2
0.132624,0.0854555,0.0423399,2
0.160471,0.0845689,0.0257434,2
0.131909,0.116838,0.0160971,2
0.131613,0.0890681,0.04677,2
0.156043,0.0889743,0.0737959,2
0.137163,0.0831937,0.00849164,2
0.146585,0.0790438,0.0552428,2
0.131943,0.130926,0.0525523,2
0.16261,0.0849699,0.0711624,2
0.131835,0.111512,0.0339976,2
0.131972,0.127086,0.0419362,2
0.15392,0.116138,0.0432914,2
0.143533,0.127765,0.0577951,2
0.134608,0.0961576,0.0627834,2
0.145226,0.0855513,0.054868,2
0.137916,0.0885379,0.0663285,2
0.132266,0.0785626,0.0209462,2
0.133976,0.108104,0.0136023,2
0.13233,0.0767543,0.0660998,2
0.137673,0.135792,0.0419579,2
0.145938,0.100242,0.0207101,2
0.132578,0.0842196,0.00837593,2
0.132314,0.115667,0.0549199,2
0.14242,0.0796658,0.0225677,2
0.132348,0.123681,0.0303391,2
0.136156,0.0783679,0.075265,2
0.131894,0.0981623,0.0222585,2
0.132155,0.0867802,0.0170696,2
0.139664,0.0769908,0.0440983,2
0.138366,0.130175,0.0723512,2
0.131957,0.0855493,0.0284366,2
0.134083,0.12733,0.0613068,2
0.142044,0.141226,0.0694987,2
0.131638,0.107323,0.0503942,2
0.131635,0.125254,0.0608378,2
0.136353,0.0796801,0.0647536,2
0.165375,0.0763674,0.0352627,2
0.161243,0.120271,0.0601712,2
0.145049,0.109033,0.0707209,2
0.132701,0.11148,0.0214273,2
0.13375,0.0926296,0.0169919,2
0.136452,0.116205,0.0335305,2
0.142315,0.0815855,0.0440358,2
0.13445,0.129045,0.0381243,2
0.131647,0.1239,0.0259588,2
0.131982,0.105164,0.0549811,2
0.131867,0.1134,0.0195618,2
0.131845,0.109346,0.0388318,2
0.139981,0.0964037,0.0311,2
0.132448,0.136063,0.0386382,2
0.136484,0.0791023,0.0192052,2
0.140304,0.10591,0.0639454,2
0.154444,0.0806106,0.01592,2
0.131726,0.0915739,0.0562382,2
0.136013,0.0893852,0.0550562,2
0.138398,0.0940421,0.0345227,2
0.157727,0.0993296,0.0424803,2
0.132823,0.121874,0.0687047,2
0.134514,0.0949985,0.065111,2
0.138294,0.101164,0.0660348,2
0.144857,0.118902,0.0343228,2
0.152054,0.0777309,0.0559753,2
0.166148,0.0925382,0.046917,2
0.141338,0.0984513,0.0710043,2
0.135396,0.125969,0.0681989,2
0.131793,0.0979485,0.0299863,2
0.131977,0.0971476,0.0471165,2
0.13681,0.0807988,0.0370363,2
0.138849,0.142558,0.058444,2
0.138333,0.101777,0.0486058,2
0.167011,0.0998323,0.0699297,2
0.138985,0.0899382,0.0154744,2
0.131979,0.138527,0.0746498,2
0.135102,0.107649,0.0293296,2
0.133867,0.0771558,0.0466674,2
0.147548,0.115666,0.0601563,2
0.158546,0.0987936,0.0299782,2
0.131779,0.140388,0.0660976,2
0.135374,0.110737,0.0601279,2
0.134835,0.0973964,0.00757814,2
0.148794,0.119344,0.0704577,2
0.151832,0.111092,0.0559728,2
0.133094,0.102192,0.0207115,2
0.13967,0.0858017,0.052565,2
0.133569,0.0793347,0.0328302,2
0.14378,0.118142,0.0513784,2
0.131735,0.107845,0.0742041,2
0.163776,0.0981971,0.0598439,2
0.141898,0.102069,0.0479148,2
0.135727,0.132455,0.0594299,2
0.140083,0.112608,0.0236641,2
0.132413,0.0991562,0.0586095,2
0.157868,0.107592,0.0686406,2
0.131678,0.138057,0.0526497,2
0.155607,0.0848435,0.0367879,2
0.13328,0.14665,0.0586404,2
0.132891,0.10092,0.0347057,2
0.138069,0.113993,0.0433935,2
0.144012,0.0869379,0.0155331,2
0.151712,0.111738,0.0334641,2
0.15175,0.10645,0.0423297,2
0.148917,0.135983,0.0476788,2
0.138756,0.1106,0.0438189,2
0.132063,0.115481,0.0592832,2
0.13228,0.0941448,0.075966,2
0.169272,0.0848006,0.0532325,2
0.133163,0.129541,0.0764532,2
0.154926,0.0980932,0.0930562,3
0.131717,0.0893725,0.121464,3
0.13166,0.116827,0.0854298,3
0.143531,0.109372,0.115991,3
0.145985,0.0837346,0.141732,3
0.142495,0.0772012,0.117453,3
0.169399,0.0855299,0.0812876,3
0.133481,0.109394,0.128483,3
0.138254,0.118633,0.0883789,3
0.139634,0.0798003,0.0805383,3
0.134048,0.139996,0.106235,3
0.13166,0.128576,0.120085,3
0.133587,0.0786661,0.0870786,3
0.132449,0.106594,0.093422,3
0.132023,0.0968926,0.130097,3
0.146411,0.0994138,0.0803457,3
0.132251,0.096966,0.132793,3
0.14454,0.0959857,0.137558,3
0.14148,0.0764591,0.0975605,3
0.138509,0.0965866,0.0886994,3
0.131953,0.141203,0.09909,3
0.131675,0.0993145,0.124904,3
0.13445,0.0866731,0.0990903,3
0.131623,0.143882,0.0818469,3
0.1425,0.0969933,0.107033,3
0.162834,0.0795653,0.114378,3
0.141781,0.128353,0.0876628,3
0.133518,0.0959841,0.124554,3
0.140373,0.142422,0.10111,3
0.164112,0.0881477,0.108935,3
0.134289,0.114592,0.0873263,3
0.139989,0.0953883,0.0990367,3
0.133819,0.0897286,0.12961,3
0.144444,0.101928,0.0781499,3
0.134393,0.087813,0.116288,3
0.140626,0.0971944,0.0811273,3
0.162561,0.101348,0.0788653,3
0.135938,0.0801221,0.123181,3
0.133343,0.111061,0.111315,3
0.134793,0.108162,0.0951454,3
0.132661,0.124613,0.0918427,3
0.152967,0.0878049,0.130453,3
0.146394,0.0996218,0.126555,3
0.13483,0.105268,0.11876,3
0.152812,0.119114,0.0901584,3
0.141547,0.145226,0.0849729,3
0.134302,0.103709,0.09656,3
0.132467,0.0922283,0.107528,3
0.134634,0.0927241,0.0883337,3
0.166187,0.100379,0.101114,3
0.137472,0.131063,0.119288,3
0.132704,0.118083,0.105095,3
0.132125,0.0786223,0.0937181,3
0.159606,0.121866,0.0935484,3
0.131883,0.0781619,0.111248,3
0.157961,0.107352,0.0909658,3
0.133764,0.0889471,0.142082,3
0.131715,0.120818,0.110198,3
0.140477,0.0913057,0.139566,3
0.135637,0.102459,0.0850577,3
0.133738,0.136458,0.0904364,3
0.13978,0.0780984,0.13872,3
0.138787,0.113218,0.0874798,3
0.133004,0.125133,0.115875,3
0.138111,0.118616,0.118317,3
0.13482,0.101472,0.14225,3
0.136356,0.0968433,0.103105,3
0.131705,0.114302,0.123729,3
0.150855,0.0783364,0.118759,3
0.13187,0.0866414,0.0998843,3
0.146438,0.140309,0.093052,3
0.132428,0.108343,0.0942828,3
0.13848,0.124969,0.0830012,3
0.132023,0.0921273,0.0807844,3
0.153013,0.0996343,0.0816337,3
0.13602,0.0861446,0.108542,3
0.133344,0.0770612,0.142646,3
0.153346,0.0769621,0.0845885,3
0.133121,0.112962,0.115147,3
0.138616,0.123166,0.103287,3
0.161256,0.077204,0.125704,3
0.131603,0.101245,0.113978,3
0.136148,0.1161,0.137559,3
0.15501,0.127207,0.0839627,3
0.137179,0.0921146,0.0829364,3
0.146096,0.126911,0.0825099,3
0.131624,0.0854717,0.109991,3
0.145246,0.126565,0.119979,3
0.133393,0.146059,0.0947409,3
0.146625,0.127381,0.100669,3
0.131658,0.107848,0.101073,3
0.131907,0.0818838,0.136395,3
0.149985,0.111522,0.122072,3
0.131605,0.134038,0.099118,3
0.132602,0.0855843,0.127308,3
0.145399,0.0849367,0.104483,3
0.131638,0.0967831,0.10073,3
0.138434,0.0882549,0.0964367,3
0.133482,0.122263,0.0914752,3
0.138505,0.0948168,0.125266,3
0.136076,0.079315,0.125785,3
0.132578,0.0975636,0.0965881,3
0.134855,0.124019,0.0783398,3
0.131771,0.127049,0.110816,3
0.138989,0.132822,0.105715,3
0.153751,0.112783,0.0986059,3
0.154265,0.0850454,0.0947234,3
0.14767,0.136253,0.0807153,3
0.131786,0.131344,0.0821043,3
0.131871,0.134376,0.109684,3
0.159656,0.0907945,0.099935,3
0.167963,0.0957152,0.0832368,3
0.133235,0.0995246,0.11329,3
0.162618,0.0999457,0.113039,3
0.131751,0.0846926,0.136711,3
0.147433,0.107604,0.0887412,3
0.139298,0.123789,0.127607,3
0.158258,0.0773709,0.0997985,3
0.132817,0.0762903,0.104067,3
0.15324,0.103825,0.117997,3
0.152003,0.0905644,0.110352,3
0.136871,0.0877002,0.134475,3
0.134194,0.131263,0.0854761,3
0.16042,0.122994,0.0796325,3
