x coord,y coord,z coord,rank
0.0952253,0.22174,0.0573236,0
0.118189,0.213341,0.100958,0
0.175889,0.141716,0.10097,0
0.122235,0.115411,0.109421,0
0.0936269,0.199564,0.0172791,0
0.168221,0.152963,0.0647677,0
0.152054,0.19314,0.0701573,0
0.108042,0.222149,0.0564057,0
0.114883,0.163469,0.100448,0
0.0224054,0.131478,0.0620604,0
0.101188,0.196027,0.0358955,0
0.211611,0.158998,0.0830395,0
0.0756716,0.143127,0.0883424,0
0.0999632,0.174769,0.0788803,0
0.114933,0.213216,0.0720522,0
0.136024,0.197466,0.00159071,0
0.177883,0.135539,0.0397357,0
0.168389,0.205361,0.0281953,0
0.180432,0.165767,0.042407,0
0.0768348,0.131643,0.0055726,0
0.218707,0.204002,0.0526766,0
0.0171331,0.145442,0.0882048,0
0.113728,0.214822,0.0758018,0
0.0614983,0.182185,0.0256973,0
0.0924799,0.209675,0.000412965,0
0.176878,0.136929,0.0320161,0
0.198151,0.179671,0.00617505,0
0.0401777,0.121771,0.0597865,0
0.106978,0.15767,0.112058,0
0.100399,0.123274,0.0725101,0
0.21322,0.223432,0.0575577,0
0.21596,0.173485,0.0841357,0
0.102695,0.133626,0.0355173,0
0.131388,0.213618,0.107968,0
0.212172,0.124253,0.0444861,0
0.0181973,0.217511,0.113788,0
0.0110794,0.204324,0.0533721,0
0.0443159,0.206974,0.0365979,0
0.00716527,0.196569,0.0755619,0
0.178503,0.156302,0.107335,0
0.0889015,0.222368,0.0601002,0
0.120565,0.200255,0.00813248,0
0.0832561,0.17425,0.00105917,0
0.172452,0.139213,0.0815536,0
0.145356,0.193701,0.0304315,0
0.121628,0.140854,0.0727877,0
0.087931,0.140007,0.0327828,0
0.0285212,0.131954,0.0693339,0
0.217957,0.159536,0.0477805,0
0.0854865,0.214897,0.101168,0
0.13183,0.140444,0.0602733,0
0.151181,0.21614,0.0538751,0
0.0373904,0.190196,0.00154032,0
0.00472756,0.158231,0.0722689,0
0.0565672,0.15983,0.112023,0
0.0585787,0.180874,0.00353453,0
0.0481714,0.195409,0.042235,0
0.0131158,0.174744,0.0260097,0
0.221925,0.207172,0.0737827,0
0.0437731,0.155935,0.0204795,0
0.145949,0.141555,0.112899,0
0.153771,0.146869,0.108524,0
0.00160038,0.124075,0.0812356,0
0.049638,0.209924,0.052387,0
0.172998,0.167376,0.112245,0
0.0172777,0.151952,0.0381097,0
0.128896,0.15155,0.103099,0
0.0925293,0.170273,0.0126255,0
0.222177,0.214567,0.115313,0
0.0377914,0.156333,0.0842112,0
0.153541,0.145777,0.0998298,0
0.0919401,0.14664,0.0354289,0
0.0782819,0.199466,0.0859702,0
0.0942229,0.11542,0.0970092,0
0.150232,0.175625,0.0290708,0
0.0147911,0.154174,0.031683,0
0.0959797,0.118608,0.0221829,0
0.135266,0.198492,0.0906684,0
0.128876,0.130847,0.0179621,0
0.0330363,0.209665,0.0961831,0
0.0377488,0.1537,0.0279524,0
0.0103867,0.162961,0.0298888,0
0.041129,0.166032,0.0297303,0
0.0964779,0.158477,0.0464319,0
0.139486,0.175558,0.0709167,0
0.0688905,0.137028,0.0263419,0
0.190373,0.159821,0.0185489,0
0.0795145,0.211538,0.0773892,0
0.0261561,0.189999,0.0448876,0
0.101856,0.171693,0.00104638,0
0.141595,0.166339,0.0863622,0
0.0550015,0.163274,0.0349323,0
0.221629,0.145486,0.106737,0
0.132774,0.151279,0.107066,0
0.0876195,0.197481,0.0503104,0
0.105076,0.162669,0.0255355,0
0.182284,0.190206,0.00907732,0
0.170217,0.168041,0.0938072,0
0.118094,0.189862,0.0540603,0
0.153521,0.209111,0.0340345,0
0.0558474,0.120015,0.026123,0
0.0655963,0.149794,0.0371552,0
0.0521795,0.219741,0.0227616,0
0.212459,0.155811,0.0972504,0
0.0541633,0.127264,0.100156,0
0.019616,0.132495,0.0601219,0
0.145562,0.129522,0.0345959,0
0.130024,0.118576,0.000657356,0
0.176319,0.117582,0.0173733,0
0.00741281,0.14649,0.0600922,0
0.209355,0.124422,0.0124733,0
0.0103183,0.165366,0.0848782,0
0.119035,0.212587,0.0776454,0
0.159237,0.117723,0.0663413,0
0.167147,0.133766,0.0305203,0
0.103391,0.220043,0.115923,0
0.0852113,0.196734,0.0451203,0
0.06022,0.198768,0.00875239,0
0.106501,0.210102,0.107476,0
0.206245,0.114054,0.014166,0
0.104746,0.202011,0.0554722,0
0.147768,0.112505,0.0649957,0
0.16147,0.112472,0.0448419,0
0.0130561,0.164302,0.115166,0
0.0511384,0.119189,0.108414,0
0.193237,0.17876,0.116433,0
0.0210151,0.0909318,0.0911251,1
0.0546357,0.0683908,0.0652534,1
0.0693258,0.0416858,0.0562979,1
0.134053,0.0182684,0.0207532,1
0.101226,0.0197484,0.0433181,1
0.101344,0.00790804,0.0551113,1
0.0679023,0.0539985,0.0135159,1
0.0846975,0.025385,0.10916,1
0.209495,0.100517,0.112312,1
0.139806,0.0120227,0.0895055,1
0.142994,0.0177232,0.0924009,1
0.120073,0.0783098,0.0064193,1
0.0672762,0.022056,0.0346492,1
0.185106,0.0530969,0.0584557,1
0.155586,0.0268351,0.0529182,1
0.198571,0.0685383,0.0472949,1
0.153025,0.00114808,0.0704949,1
0.182358,0.0767011,0.0252555,1
0.0173081,0.0343835,0.073003,1
0.0528289,0.109306,0.0050333,1
0.00558472,0.031301,0.0478522,1
0.123478,0.0685906,0.113285,1
0.117399,0.040341,0.0370397,1
0.117784,0.0721314,0.083269,1
0.00862031,0.0863058,0.102652,1
0.16063,0.0676985,0.0685597,1
0.150517,0.0534633,0.0835479,1
0.173527,0.0354787,0.0539542,1
0.0400064,0.0464211,0.109642,1
0.151738,0.0294689,0.0728184,1
0.169767,0.0593264,0.0972322,1
0.0865406,0.0372159,0.0642204,1
0.195397,0.0124304,0.0377828,1
0.140577,0.0726385,0.109413,1
0.0327797,0.0238747,0.0839866,1
0.0210995,0.0412721,0.0170088,1
0.173697,0.0310527,0.0835551,1
0.0367959,0.0791882,0.0974312,1
0.125814,0.045132,0.0869432,1
0.0223057,0.0813883,0.0667394,1
0.0172052,0.05408,0.106118,1
0.168918,0.0697694,0.00358811,1
0.192025,0.0673132,0.0152891,1
0.0561857,0.0765302,0.00354856,1
0.0129879,0.0182179,0.103771,1
0.0276626,0.0213258,0.0542793,1
0.00245263,0.0238001,0.0211555,1
0.0470595,0.110002,0.100272,1
0.182771,0.0636201,0.0676674,1
0.0336523,0.0640773,0.0182697,1
0.0755188,0.0855368,0.067037,1
0.211317,0.0937299,0.0683852,1
0.0272114,0.0722376,0.0288053,1
0.0833273,0.0794752,0.0268987,1
0.0779074,0.0429149,0.07133,1
0.160339,0.00506051,0.111643,1
0.147237,0.0255859,0.0170203,1
0.0611996,0.0412709,0.0811551,1
0.0436698,0.0579992,0.0208748,1
0.0998774,0.0359802,0.103463,1
0.00589392,0.0698233,0.0170856,1
0.163689,0.0503813,0.100221,1
0.0519348,0.00427163,0.0728712,1
0.136148,0.0194987,0.00796253,1
0.0874323,0.100311,0.0118543,1
0.138153,0.0523216,0.0192842,1
0.168121,0.110757,0.110072,1
0.0880499,0.0319139,0.0169636,1
0.146557,0.029965,0.040538,1
0.0252818,0.0811655,0.108185,1
0.16199,0.0303831,0.0159691,1
0.162732,0.103569,0.0775775,1
0.17256,0.0739993,0.0708329,1
0.046837,0.0637335,0.000184743,1
0.0404623,0.00905594,0.00131041,1
0.135009,0.0605095,0.0123977,1
0.14004,0.00516968,0.0163417,1
0.0412132,0.0155891,0.106646,1
0.0669659,0.0849982,0.021566,1
0.152165,0.024212,0.0920052,1
0.108488,0.0425748,0.0621178,1
0.144615,0.100098,0.0342934,1
0.172909,0.0622988,0.00685905,1
0.0890417,0.068244,0.0888513,1
0.0144252,0.0256403,0.0586701,1
0.0257665,0.00229599,0.10168,1
0.152533,0.0320939,0.0411168,1
0.222893,0.00159259,0.051831,1
0.0520509,0.0349482,0.0467492,1
0.133725,0.0754565,0.0379433,1
0.212172,0.0317102,0.116098,1
0.0815124,0.103418,0.0525982,1
0.096671,0.103546,0.108352,1
0.215458,0.0638943,0.010175,1
0.186249,0.0963803,0.0545673,1
0.192079,0.0567317,0.0798363,1
0.204047,0.0490595,0.0558346,1
0.185094,0.00219389,0.0532434,1
0.0182139,0.0573828,0.0209554,1
0.130881,0.0798382,0.0410823,1
0.132751,0.0758083,0.0401794,1
0.0473004,0.0642602,0.0773972,1
0.0506263,0.103403,0.0916242,1
0.110886,0.0506476,0.0247816,1
0.105325,0.0113115,0.106544,1
0.105636,0.0296366,0.060499,1
0.0143844,0.0891365,0.0749622,1
0.143439,0.0716805,0.0570006,1
0.208344,0.00269142,0.0867265,1
0.115366,0.0205563,0.0131228,1
0.0931165,0.0945352,0.0531923,1
0.00719765,0.00328665,0.0741428,1
0.202225,0.0966927,0.0176587,1
0.0104981,0.00905137,0.0545377,1
0.113278,0.00645136,0.105946,1
0.052716,0.00210712,0.0691226,1
0.0973006,0.0557212,0.0728717,1
0.154223,0.0118407,0.0847186,1
0.049708,0.10407,0.0862379,1
0.0831731,0.0903776,0.115795,1
0.020469,0.0935057,0.109132,1
0.0688949,0.0876459,0.101173,1
0.0591951,0.0763794,0.100636,1
0.1665,0.11181,0.0117142,1
0.204604,0.111629,0.0810611,1
0.0382331,0.0606528,0.126952,2
0.209568,0.0189431,0.165583,2
0.20649,0.0128589,0.148776,2
0.162567,0.112575,0.201248,2
0.176402,0.0407544,0.173796,2
0.13262,0.044738,0.166501,2
0.105133,0.00384787,0.174742,2
0.1773,0.0730549,0.195815,2
0.128771,0.0324515,0.196695,2
0.0653114,0.0432508,0.126965,2
0.10581,0.0800578,0.19278,2
0.156273,0.00695102,0.20741,2
0.0151234,0.0802096,0.150376,2
0.1466,0.117982,0.134319,2
0.220417,0.0650916,0.121595,2
0.103937,0.0993679,0.190597,2
0.0378732,0.0531391,0.182696,2
0.180716,0.0405449,0.172018,2
0.131825,0.0302577,0.193446,2
0.0164859,0.0773442,0.192397,2
0.00445757,0.0512155,0.140516,2
0.15222,0.0981372,0.190476,2
0.0812676,0.105381,0.211339,2
0.0524309,0.11102,0.139789,2
0.106417,0.109276,0.189182,2
0.0755185,0.0348101,0.194456,2
0.0373195,0.0277497,0.174394,2
0.0533696,0.0307863,0.130389,2
0.0922534,0.092807,0.21947,2
0.0344765,0.059618,0.189494,2
0.100475,0.102886,0.162003,2
0.181106,0.0327054,0.170797,2
0.103812,0.0477666,0.205648,2
0.107628,0.0345526,0.17031,2
0.135908,0.021082,0.120709,2
0.189972,0.10235,0.190994,2
0.167122,0.111451,0.219877,2
0.200046,0.0978043,0.184145,2
0.0203035,0.0515224,0.126822,2
0.123024,0.0671338,0.182505,2
0.0630133,0.109001,0.212862,2
0.185131,0.0629373,0.179495,2
0.186617,0.0193244,0.220098,2
0.154979,0.0100306,0.195254,2
0.0106851,0.0309846,0.168508,2
0.140937,0.0790874,0.180578,2
0.202587,0.0417195,0.156042,2
0.130267,0.10968,0.183427,2
0.157399,0.0302203,0.207304,2
0.189274,0.0579486,0.161284,2
0.104867,0.0662473,0.187657,2
0.127123,0.055112,0.192439,2
0.187507,0.0194536,0.216722,2
0.170594,0.0190148,0.134831,2
0.021889,0.0283128,0.211692,2
0.0766914,0.0304876,0.200782,2
0.116675,0.0661076,0.183334,2
0.136473,0.0661192,0.215923,2
0.222851,0.0880314,0.124969,2
0.212273,0.0821963,0.20593,2
0.187099,0.113933,0.18945,2
0.0528508,0.0576738,0.132189,2
0.142406,0.0359078,0.162431,2
0.16021,0.107441,0.153544,2
0.0681683,0.105908,0.126569,2
0.120211,0.0911861,0.222894,2
0.0350425,0.00419514,0.220357,2
0.125712,0.0581997,0.159543,2
0.0611198,0.0225774,0.133891,2
0.222938,0.0541459,0.133936,2
0.0335471,0.0460763,0.187608,2
0.194744,0.062484,0.145972,2
0.0326615,0.0529805,0.183962,2
0.160848,0.118019,0.185177,2
0.154182,0.0426842,0.18904,2
0.161927,0.0936713,0.199599,2
0.0487426,0.00547616,0.141203,2
0.0458042,0.0217194,0.221363,2
0.00460292,0.0147907,0.144363,2
0.0195542,0.0137236,0.156405,2
0.0902624,0.0397699,0.206164,2
0.0789745,0.0495361,0.21258,2
0.0327492,0.0565071,0.183121,2
0.0707714,0.115707,0.194492,2
0.0454785,0.0461404,0.131804,2
0.216503,0.110537,0.148871,2
0.0682583,0.0277467,0.176679,2
0.120101,0.067423,0.13032,2
0.0223814,0.0160121,0.187814,2
0.172454,0.10201,0.192488,2
0.104357,0.0751798,0.208713,2
0.155884,0.116794,0.123965,2
0.0293962,0.110036,0.204023,2
0.0925967,0.0263371,0.183088,2
0.0902138,0.0168621,0.167465,2
0.0272911,0.000663933,0.178101,2
0.172193,0.0763749,0.132258,2
0.056318,0.0733392,0.132229,2
0.153228,0.0121584,0.155362,2
0.0310414,0.0555799,0.166865,2
0.178367,0.0853321,0.117122,2
0.181319,0.0946134,0.180286,2
0.179196,0.0932396,0.169555,2
0.0648269,0.0520031,0.178612,2
0.131732,0.0564326,0.209196,2
0.139941,0.0697615,0.192053,2
0.0398779,0.0828539,0.125055,2
0.162326,0.0902651,0.204705,2
0.163301,0.00473062,0.190956,2
0.133004,0.0131284,0.202061,2
0.05554,0.0375472,0.19023,2
0.0905178,0.0850169,0.161064,2
0.0830727,0.0660434,0.165004,2
0.110132,0.0324323,0.174042,2
0.115062,0.117258,0.211884,2
0.150213,0.0172534,0.135197,2
0.0088491,0.114327,0.177752,2
0.063869,0.119078,0.130878,2
0.0702426,0.118255,0.125665,2
0.0270645,0.113443,0.135412,2
0.0322941,0.112365,0.1556,2
0.0680556,0.112409,0.12652,2
0.0790292,0.108305,0.126034,2
0.11501,0.123907,0.181784,2
0.024092,0.119136,0.220991,2
0.0547467,0.0813973,0.120542,2
0.129278,0.136948,0.169155,3
0.179079,0.172677,0.149836,3
0.14085,0.20681,0.134217,3
0.118802,0.158747,0.202095,3
0.11959,0.214676,0.19767,3
0.140547,0.181624,0.204301,3
0.197608,0.152428,0.173449,3
0.212222,0.136949,0.206569,3
0.202033,0.142237,0.140155,3
0.134396,0.139279,0.160249,3
0.079669,0.205382,0.141113,3
0.21186,0.180561,0.181951,3
0.127197,0.211664,0.183833,3
0.126475,0.205423,0.184453,3
0.168576,0.218735,0.19393,3
0.129867,0.215461,0.186083,3
0.138668,0.154219,0.120167,3
0.0659413,0.142478,0.183363,3
0.0448231,0.190827,0.142823,3
0.152978,0.159314,0.130075,3
0.0289193,0.137846,0.211217,3
0.00519396,0.204599,0.196155,3
0.0960046,0.177701,0.166526,3
0.165625,0.193024,0.187176,3
0.127671,0.208899,0.186092,3
0.16841,0.200726,0.149391,3
0.129426,0.21363,0.185373,3
0.130123,0.214034,0.191734,3
0.0240026,0.220213,0.224838,3
0.208431,0.175249,0.187375,3
0.20707,0.181746,0.21134,3
0.130827,0.130599,0.163702,3
0.0283427,0.199979,0.206141,3
0.127373,0.209983,0.184987,3
0.106206,0.185185,0.212663,3
0.0101007,0.196465,0.127841,3
0.0543043,0.146341,0.171971,3
0.0624158,0.212974,0.160649,3
0.00283392,0.18236,0.163061,3
0.08809,0.190869,0.158597,3
0.0183923,0.217737,0.20289,3
0.142585,0.210818,0.218154,3
0.208946,0.152159,0.169957,3
0.100106,0.158447,0.175558,3
0.0526961,0.205806,0.143648,3
0.120167,0.170131,0.167294,3
0.045609,0.147614,0.145165,3
0.106489,0.135066,0.170555,3
0.0225186,0.160813,0.182663,3
0.0908545,0.175595,0.215743,3
0.044975,0.196872,0.203626,3
0.126883,0.208121,0.186461,3
0.145582,0.17225,0.170497,3
0.13142,0.207558,0.184517,3
0.124697,0.213684,0.189058,3
0.0730218,0.183823,0.18064,3
0.0276092,0.132943,0.161921,3
0.180044,0.199134,0.218652,3
0.0526512,0.18516,0.178023,3
0.00791834,0.146682,0.181498,3
0.213022,0.14582,0.205507,3
0.0223369,0.223737,0.189281,3
0.121062,0.21226,0.182051,3
0.0913443,0.181123,0.128899,3
0.191831,0.21819,0.215288,3
0.127612,0.209921,0.187444,3
0.127064,0.208549,0.18652,3
0.0381335,0.193922,0.127814,3
0.0245887,0.184027,0.201121,3
0.220696,0.179072,0.186897,3
0.211852,0.200966,0.22001,3
0.147493,0.180136,0.179743,3
0.0959908,0.214013,0.217954,3
0.0863325,0.192372,0.189882,3
0.134898,0.153413,0.216845,3
0.138399,0.194568,0.175178,3
0.127329,0.210336,0.184373,3
0.129091,0.204547,0.189316,3
0.0209694,0.194372,0.213908,3
0.0544698,0.178671,0.207653,3
0.124329,0.206169,0.18769,3
0.0381036,0.149725,0.223348,3
0.218594,0.141946,0.200212,3
0.127381,0.210758,0.184075,3
0.0430958,0.192438,0.189023,3
0.125091,0.151219,0.142212,3
0.0580305,0.184834,0.151884,3
0.0414208,0.127715,0.186042,3
0.127524,0.215345,0.188188,3
0.128387,0.21216,0.187259,3
0.12269,0.208835,0.18949,3
0.123139,0.209028,0.188715,3
0.183461,0.161773,0.202595,3
0.183615,0.190355,0.166112,3
0.162529,0.200486,0.198479,3
0.126908,0.206374,0.183595,3
0.128769,0.213685,0.187862,3
0.124731,0.212056,0.183971,3
0.187076,0.189238,0.223265,3
0.126098,0.208734,0.188807,3
0.126089,0.207984,0.18528,3
0.123304,0.209237,0.192101,3
0.124183,0.191433,0.184208,3
0.160191,0.166731,0.154716,3
0.126944,0.208063,0.188848,3
0.220163,0.181842,0.216696,3
0.13264,0.210638,0.182767,3
0.125759,0.208083,0.182095,3
0.121984,0.207908,0.189609,3
0.20286,0.140136,0.16784,3
0.125424,0.211585,0.187367,3
0.132287,0.211368,0.185929,3
0.113036,0.180395,0.139175,3
0.196917,0.156711,0.172165,3
0.12718,0.217088,0.183504,3
0.12594,0.205716,0.186453,3
0.124957,0.207652,0.180797,3
0.125989,0.210976,0.184134,3
0.128837,0.213846,0.183218,3
0.0940006,0.224792,0.141688,3
0.2113,0.166216,0.197117,3
0.123777,0.210657,0.185308,3
0.122621,0.211869,0.18772,3
