x coord,y coord,z coord,rank
0.0603584,0.0321538,0.156335,0
0.116078,0.0180919,0.199224,0
0.0948261,0.0791215,0.196294,0
0.119836,0.077517,0.164027,0
0.124277,0.182091,0.163635,0
0.0630514,0.0030972,0.200072,0
0.116224,0.215211,0.132514,0
0.119619,0.171682,0.182277,0
0.125869,0.0319334,0.13108,0
0.0560144,0.0146688,0.124812,0
0.0221444,0.169876,0.143258,0
0.0828689,0.149135,0.2208,0
0.00749665,0.206559,0.202859,0
0.0741268,0.00823132,0.185294,0
0.0312381,0.074873,0.216204,0
0.0059738,0.0468239,0.150979,0
0.043727,0.0830212,0.191524,0
0.0689563,0.0354334,0.137396,0
0.110508,0.133295,0.130048,0
0.0772559,0.209623,0.18958,0
0.0711963,0.0109803,0.121421,0
0.0523847,0.111383,0.144029,0
0.0157647,0.137493,0.159125,0
0.112564,0.181934,0.121981,0
0.00650305,0.17922,0.124189,0
0.110312,0.149622,0.12485,0
0.0981611,0.220949,0.224172,0
0.0322231,0.0667426,0.175874,0
0.00695013,0.209332,0.2034,0
0.12535,0.212943,0.211496,0
0.110597,0.154603,0.139899,0
0.0868782,0.115304,0.149811,0
0.0760831,0.158231,0.128082,0
0.029907,0.0660943,0.193785,0
0.0608458,0.0107961,0.12164,0
0.0821577,0.0122093,0.187523,0
0.0426294,0.176096,0.172911,0
0.00610776,0.125462,0.187802,0
0.101871,0.211597,0.191843,0
0.0156865,0.0882112,0.154643,0
0.018632,0.0466604,0.185614,0
0.0843335,0.00641213,0.179539,0
0.0245743,0.161163,0.169498,0
0.113304,0.019937,0.162294,0
0.0734195,0.177092,0.207209,0
0.100283,0.14671,0.162843,0
0.0892877,0.0585964,0.180207,0
0.102315,0.203397,0.17715,0
0.116823,0.108569,0.133794,0
0.0193896,0.168969,0.199692,0
0.00617833,0.137689,0.184327,0
0.0230257,0.195707,0.157675,0
0.0728682,0.0362132,0.172014,0
0.0340264,0.0398423,0.154937,0
0.0297503,0.145319,0.150478,0
0.0802832,0.157117,0.151813,0
0.1202,0.201561,0.20796,0
0.0164125,0.169774,0.161155,0
0.00279363,0.0618363,0.116805,0
0.0571393,0.0910533,0.166922,0
0.0462429,0.142607,0.147121,0
0.11022,0.125779,0.130776,0
0.084641,0.122227,0.211735,0
0.0757146,0.224671,0.133208,0
0.111675,0.065276,0.176866,0
0.0926108,0.0687181,0.195282,0
0.0736225,0.0993828,0.181974,0
0.110426,0.171605,0.188488,0
0.123794,0.0421449,0.197842,0
0.0617345,0.121239,0.160725,0
0.0976134,0.0110262,0.186504,0
0.0101623,0.183545,0.20455,0
0.0741729,0.00401797,0.134141,0
0.00892208,0.0802224,0.150323,0
0.0521423,0.0685469,0.194159,0
0.102831,0.0222816,0.128387,0
0.0945767,0.151416,0.178272,0
0.0826115,0.00864206,0.127286,0
0.105919,0.0629574,0.169961,0
0.0742482,0.0240725,0.133431,0
0.0167239,0.126332,0.20288,0
0.0858041,0.111175,0.138217,0
0.0593816,0.156276,0.181467,0
0.0915823,0.178073,0.201168,0
0.0342437,0.0243663,0.122507,0
0.0921026,0.0934213,0.130733,0
0.0329297,0.115811,0.161748,0
0.0957293,0.138901,0.167179,0
0.0860403,0.0422843,0.196232,0
0.094234,0.19719,0.219345,0
0.0656598,0.170819,0.165802,0
0.0260881,0.19159,0.169171,0
0.0696404,0.196878,0.193434,0
0.105303,0.116176,0.20005,0
0.0703464,0.150524,0.209401,0
0.108769,0.172763,0.18449,0
0.00348651,0.0387331,0.189029,0
0.0684186,0.0198941,0.196127,0
0.112287,0.1456,0.164871,0
0.0566927,0.10611,0.139528,0
0.0642276,0.177629,0.163484,0
0.125462,0.0508916,0.166449,0
0.0133825,0.0739441,0.17694,0
0.112436,0.196288,0.137921,0
0.0581046,0.0600446,0.128738,0
0.0303188,0.124399,0.163487,0
0.0811444,0.0709017,0.151374,0
0.110601,0.135101,0.209085,0
0.0599164,0.0637807,0.195936,0
0.0441515,0.166829,0.126434,0
0.0943051,0.00791545,0.129419,0
0.0618406,0.0291751,0.166871,0
0.110415,0.193876,0.182536,0
0.0116291,0.0771188,0.124738,0
0.0943484,0.0431269,0.223785,0
0.123083,0.0793495,0.181952,0
0.0924306,0.0586508,0.146174,0
0.0831411,0.103044,0.179704,0
0.0646584,0.0551681,0.175735,0
0.116207,0.0481402,0.168591,0
0.012017,0.0976903,0.148022,0
0.0498941,0.174999,0.135385,0
0.0732907,0.133065,0.150716,0
0.036701,0.13828,0.181696,0
0.0217697,0.10714,0.167815,0
0.0709436,0.213045,0.116911,0
0.062613,0.210779,0.118995,0
0.105134,0.224182,0.116301,0
0.0944211,0.15411,0.115524,0
0.0929162,0.0265029,0.115609,0
0.111761,0.077292,0.115646,0
0.1012,0.141149,0.0283216,1
0.0200032,0.117859,0.0994223,1
0.0506245,0.031921,0.11354,1
0.0410042,0.219984,0.0497491,1
0.120863,0.196936,0.0168905,1
0.115557,0.14407,0.0737905,1
0.0289882,0.176526,0.0857778,1
0.124899,0.140093,0.0467716,1
0.121244,0.196271,0.108065,1
0.0808149,0.214772,0.0936268,1
0.0306256,0.217148,0.0970459,1
0.120185,0.219033,0.093266,1
0.0176559,0.212696,0.109836,1
0.125301,0.166465,0.0372166,1
0.119256,0.155571,0.109229,1
0.0891028,0.212596,0.00699842,1
0.0109399,0.20011,0.1004,1
0.121757,0.143356,0.0572624,1
0.120277,0.108929,0.0870072,1
0.0184062,0.108952,0.0956964,1
0.0248979,0.00347597,0.0521407,1
0.0238315,0.0739905,0.0239613,1
0.0878139,0.0645771,0.072321,1
0.0461264,0.0627586,0.011243,1
0.0816719,0.214102,0.0388302,1
0.0809113,0.220861,0.0807496,1
0.0125219,0.115251,0.00860883,1
0.0206502,0.0366819,0.0978352,1
0.101775,0.0546016,0.103612,1
0.116829,0.171364,0.0465476,1
0.0547226,0.197603,0.0417772,1
0.0421247,0.106862,0.0557558,1
0.0698514,0.039458,0.0527034,1
0.122661,0.0589991,0.0596948,1
0.0319283,0.0633508,0.0553145,1
0.101494,0.19174,0.0684881,1
0.0970075,0.132082,0.0814275,1
0.105044,0.170827,0.0906779,1
0.0707718,0.0178401,0.106888,1
0.000552792,0.162397,0.0662635,1
0.0859267,0.0110638,0.0472742,1
0.110775,0.0894983,0.0970916,1
0.0306827,0.212789,0.0199518,1
0.115504,0.224432,0.0792511,1
0.0406166,0.14083,0.0936184,1
0.00299313,0.156483,0.0425095,1
0.112067,0.0553557,0.0486527,1
0.0435793,0.224746,0.0742628,1
0.0659125,0.00180929,0.0773778,1
0.0302351,0.0455734,0.0949998,1
0.065035,0.0782759,0.106457,1
0.0838988,0.0859864,0.0148939,1
0.0393116,0.0956311,0.0513846,1
0.0278431,0.157549,0.0728601,1
0.111932,0.0354638,0.0495791,1
0.00808307,0.109675,0.0189806,1
0.0315452,0.162198,0.0560289,1
0.0899977,0.135594,0.110595,1
0.124068,0.111774,0.0913422,1
0.0402831,0.119161,0.0168114,1
0.0883245,0.0791621,0.0258303,1
0.0685267,0.178893,0.0799046,1
0.0874507,0.223193,0.0707816,1
0.121733,0.0149168,0.0477477,1
0.0665848,0.065211,0.0972958,1
0.0696035,0.0139219,0.0211059,1
0.084854,0.177473,0.0539978,1
0.0804831,0.194874,0.036131,1
0.101078,0.139183,0.00259263,1
0.0671205,0.175224,0.055453,1
0.0456234,0.163036,0.110105,1
0.0309728,0.125028,0.00945208,1
0.0142128,0.168112,0.10141,1
0.118368,0.172857,0.0450809,1
0.0927398,0.166487,0.094905,1
0.0372075,0.120804,0.0832489,1
0.0811544,0.0627891,0.00546658,1
0.112443,0.0771125,0.0752601,1
0.123173,0.066978,0.00853002,1
0.0202173,0.105962,0.057518,1
0.0967123,0.02144,0.0196875,1
0.0756983,0.0358354,0.00419232,1
0.0449253,0.181168,0.0290835,1
0.035266,0.0994518,0.065543,1
0.00334145,0.181922,0.0011807,1
0.000382994,0.14796,0.042762,1
0.0228098,0.0380704,0.0277661,1
0.119873,0.132416,0.0452347,1
0.0287676,0.210159,0.0822936,1
0.106733,0.187247,0.0229712,1
0.0133493,0.167207,0.00163202,1
0.0653028,0.00113269,0.0347116,1
0.0277861,0.154582,0.0818983,1
0.0161869,0.216075,0.0716383,1
0.0397755,0.093725,0.0664145,1
0.0262408,0.100165,0.0428411,1
0.117911,0.166117,0.0835968,1
0.0630823,0.143663,0.0273073,1
0.0843414,0.199307,0.113123,1
0.0235369,0.0883673,0.113174,1
0.0661346,0.00979736,0.000871718,1
0.102353,0.0697066,0.104475,1
0.0650538,0.029831,0.0958889,1
0.114545,0.0722686,0.113841,1
0.0722627,0.0416643,0.0450845,1
0.0317954,0.107584,0.00595092,1
0.0757808,0.128994,0.00489974,1
0.112872,0.0919307,0.087234,1
0.111463,0.100732,0.089614,1
0.0675065,0.101012,0.0952234,1
0.0656767,0.191452,0.0279151,1
0.114761,0.0326382,0.0747484,1
0.0443856,0.113818,0.0276493,1
0.0123531,0.088959,0.0503316,1
0.0650486,0.0789758,0.0594182,1
0.0490845,0.0411967,0.0418739,1
0.12576,0.089553,0.0386403,1
0.0768589,0.143995,0.0239868,1
0.00150435,0.0401514,0.0590399,1
0.0415098,0.121421,0.0226113,1
0.110833,0.0745729,0.0117001,1
0.0148215,0.10252,0.0431931,1
0.103886,0.0215296,0.0100086,1
0.0352476,0.11228,0.105422,1
0.1973,0.1183,0.104279,2
0.199204,0.0987618,0.0557085,2
0.182949,0.1077,0.117146,2
0.162493,0.0814999,0.115158,2
0.171841,0.109432,0.116581,2
0.204443,0.0195766,0.053221,2
0.15739,0.0685858,0.0552785,2
0.217908,0.160017,0.0581439,2
0.136099,0.126204,0.0426912,2
0.180313,0.117149,0.113821,2
0.167641,0.164631,0.0801196,2
0.169055,0.0216523,0.104107,2
0.172718,0.0811436,0.0598324,2
0.151828,0.142241,0.0737711,2
0.178393,0.113547,0.11596,2
0.183566,0.0360349,0.0974997,2
0.155971,0.000508926,0.0599282,2
0.21269,0.0355997,0.091108,2
0.128847,0.0151235,0.101363,2
0.209091,0.10511,0.0491008,2
0.208955,0.0723037,0.100576,2
0.184549,0.149541,0.0974471,2
0.208307,0.136734,0.0837482,2
0.144152,0.191552,0.0901352,2
0.200211,0.192017,0.103149,2
0.211784,0.0500013,0.105068,2
0.145975,0.222885,0.0595552,2
0.176453,0.113136,0.117873,2
0.216253,0.12755,0.100977,2
0.148331,0.00892646,0.0558431,2
0.209512,0.0599702,0.0976606,2
0.139946,0.0062419,0.0254922,2
0.162838,0.196716,0.0760479,2
0.162673,0.180969,0.0502536,2
0.18246,0.116714,0.11614,2
0.175411,0.0712251,0.0870422,2
0.158877,0.0691981,0.102365,2
0.179464,0.0350862,0.0607015,2
0.183289,0.116037,0.116426,2
0.216098,0.148549,0.0634531,2
0.215588,0.0729792,0.0313402,2
0.140754,0.0800753,0.100248,2
0.215304,0.0451977,0.1076,2
0.175705,0.189765,0.0103264,2
0.192669,0.040756,0.0130857,2
0.20321,0.0438658,0.0854245,2
0.197019,0.218578,0.10104,2
0.1952,0.0105831,0.0101246,2
0.217191,0.160616,0.00997626,2
0.171291,0.164703,0.0701204,2
0.137827,0.0436665,0.0752576,2
0.177761,0.150082,0.0603824,2
0.218115,0.211292,0.0820648,2
0.136197,0.187765,0.00864724,2
0.178484,0.11084,0.0949626,2
0.162253,0.0325831,0.0517802,2
0.221137,0.0789623,0.117946,2
0.196909,0.125815,0.00817399,2
0.179626,0.179151,0.0896413,2
0.184431,0.0755146,0.02353,2
0.172965,0.0298269,0.0227715,2
0.170056,0.173559,0.068481,2
0.218761,0.193591,0.0174854,2
0.218603,0.214077,0.0898013,2
0.216715,0.0845555,0.0373694,2
0.132688,0.200292,0.0104368,2
0.212095,0.220618,0.0618302,2
0.189071,0.0137548,0.0338138,2
0.154447,0.085783,0.0521091,2
0.180831,0.189779,0.1045,2
0.183126,0.0895677,0.00192917,2
0.186579,0.00096914,0.0189247,2
0.133507,0.0014439,0.0812928,2
0.200916,0.103796,0.0690611,2
0.170531,0.114305,0.0950883,2
0.185792,0.155258,0.107269,2
0.130959,0.00975591,0.113685,2
0.218601,0.0827752,0.0787479,2
0.174745,0.110152,0.0759331,2
0.146699,0.143636,0.095714,2
0.142347,0.0246087,0.00700947,2
0.221865,0.0982995,0.0218934,2
0.162654,0.126046,0.0145881,2
0.17786,0.113404,0.0120558,2
0.178101,0.0966714,0.11583,2
0.151774,0.161755,0.0804579,2
0.212038,0.14482,0.093649,2
0.138008,0.0264394,0.0349769,2
0.201771,0.0983559,0.0771363,2
0.143592,0.0533977,0.10145,2
0.197179,0.14226,0.100893,2
0.220139,0.19858,0.0149518,2
0.182243,0.113949,0.115228,2
0.148174,0.0592767,0.0677344,2
0.214254,0.00219155,0.0497074,2
0.212249,0.135011,0.100859,2
0.21382,0.130679,0.0868898,2
0.1788,0.124855,0.0422805,2
0.220798,0.17439,0.0598043,2
0.135091,0.143969,0.00210134,2
0.160857,0.183856,0.0599792,2
0.18722,0.129945,0.0573632,2
0.210942,0.0286286,0.0247065,2
0.179721,0.0938221,0.0339884,2
0.224531,0.0220897,0.0509716,2
0.223382,0.155639,0.014733,2
0.179796,2.51924e-05,0.111441,2
0.130448,0.12916,0.11699,2
0.196439,0.106949,0.00127518,2
0.214994,0.185834,0.016244,2
0.178162,0.114069,0.116274,2
0.183088,0.116727,0.116457,2
0.188342,0.193763,0.0680501,2
0.167771,0.210446,0.0714692,2
0.128578,0.135042,0.0163802,2
0.20685,0.138365,0.0778949,2
0.181655,0.110012,0.119497,3
0.19473,0.0280351,0.189169,3
0.207178,0.0780924,0.168047,3
0.136868,0.157488,0.210191,3
0.130415,0.160409,0.122861,3
0.223733,0.041157,0.165278,3
0.183726,0.112436,0.11962,3
0.199755,0.044594,0.148666,3
0.178477,0.147317,0.141583,3
0.18852,0.0518023,0.153662,3
0.206567,0.193884,0.182566,3
0.143976,0.0866705,0.148119,3
0.18273,0.113013,0.124576,3
0.187351,0.152899,0.127886,3
0.211328,0.0149658,0.197309,3
0.223191,0.00537356,0.183785,3
0.214411,0.0814087,0.190376,3
0.178729,0.111341,0.120575,3
0.130503,0.0114918,0.203549,3
0.214643,0.153426,0.124988,3
0.154933,0.170912,0.162088,3
0.224692,0.108354,0.222205,3
0.173095,0.21157,0.12785,3
0.165125,0.120777,0.187514,3
0.160798,0.066425,0.191238,3
0.143999,0.12922,0.189415,3
0.220895,0.184702,0.184716,3
0.128606,0.222666,0.153155,3
0.175339,0.196377,0.191076,3
0.175631,0.110248,0.121468,3
0.143801,0.0929702,0.170088,3
0.19485,0.13862,0.15026,3
0.18,0.163635,0.194044,3
0.163884,0.03356,0.216632,3
0.193151,0.0956275,0.191666,3
0.182267,0.0959653,0.136101,3
0.148315,0.163964,0.207517,3
0.157132,0.0228027,0.143566,3
0.177176,0.114413,0.124153,3
0.201368,0.13096,0.178203,3
0.214551,0.0193532,0.11988,3
0.143007,0.115449,0.217648,3
0.144345,0.0730986,0.137393,3
0.179306,0.112053,0.120987,3
0.157754,0.00917472,0.16932,3
0.165158,0.155127,0.194528,3
0.131113,0.0730285,0.200636,3
0.140607,0.0871055,0.162968,3
0.173186,0.193601,0.192755,3
0.210624,0.0150432,0.163532,3
0.2027,0.173914,0.215902,3
0.179371,0.190304,0.191536,3
0.154892,0.0231745,0.120775,3
0.207505,0.185882,0.118772,3
0.183881,0.0775357,0.155519,3
0.184386,0.00925316,0.125438,3
0.200359,0.189153,0.198039,3
0.163424,0.182452,0.158145,3
0.128145,0.207943,0.218769,3
0.202102,0.108771,0.183969,3
0.160268,0.15537,0.137693,3
0.216061,0.204824,0.128902,3
0.207284,0.115131,0.125318,3
0.141415,0.0946852,0.129061,3
0.211761,0.195925,0.166168,3
0.167655,0.0737831,0.168357,3
0.212969,0.000120838,0.179313,3
0.18229,0.115477,0.122005,3
0.138804,0.054254,0.155529,3
0.215878,0.0817835,0.189617,3
0.194305,0.125301,0.22197,3
0.130483,0.046122,0.129252,3
0.168319,0.0442239,0.125608,3
0.197123,0.0264715,0.197248,3
0.187322,0.202718,0.162391,3
0.218309,0.0595051,0.185001,3
0.158784,0.0694468,0.188175,3
0.130972,0.0728951,0.221836,3
0.222623,0.00603768,0.200731,3
0.158566,0.110906,0.124798,3
0.222466,0.204001,0.221981,3
0.188364,0.105863,0.189161,3
0.179056,0.11669,0.119774,3
0.219256,0.14667,0.178683,3
0.133591,0.033187,0.15885,3
0.179063,0.116135,0.120501,3
0.179471,0.112869,0.122794,3
0.176567,0.125015,0.136454,3
0.179511,0.0565182,0.205958,3
0.185262,0.115683,0.122245,3
0.178755,0.116366,0.121928,3
0.184424,0.115425,0.120907,3
0.1984,0.0769768,0.129117,3
0.222144,0.174802,0.145494,3
0.222758,0.147916,0.219163,3
0.184412,0.115955,0.120355,3
0.151878,0.22112,0.187035,3
0.1319,0.00370194,0.186597,3
0.153831,0.0740567,0.131449,3
0.179035,0.115883,0.120931,3
0.177912,0.117574,0.123157,3
0.181836,0.109068,0.119746,3
0.141326,0.138728,0.140082,3
0.172094,0.144804,0.200282,3
0.176613,0.109622,0.118994,3
0.130899,0.120438,0.161355,3
0.181797,0.117029,0.119315,3
0.182968,0.115306,0.123995,3
0.168072,0.185254,0.127844,3
0.176976,0.109594,0.123083,3
0.183674,0.110647,0.119743,3
0.158018,0.117462,0.118775,3
0.18007,0.110943,0.120781,3
0.178053,0.114285,0.122343,3
0.1807,0.117837,0.123179,3
0.179238,0.114108,0.119912,3
0.218698,0.200395,0.206482,3
0.187472,0.154838,0.147358,3
0.174889,0.138712,0.119292,3
0.172378,0.157759,0.130951,3
0.219671,0.125055,0.218586,3
0.18237,0.112567,0.119821,3
0.18098,0.155298,0.129859,3
0.179859,0.11307,0.123191,3
0.175773,0.11075,0.123194,3
0.179133,0.113387,0.12164,3
0.175114,0.113959,0.119144,3
0.180803,0.112873,0.119183,3
0.126096,0.210401,0.19093,3
