x coord,y coord,z coord,rank
0.17022,0.0570456,0.0835378,0
0.190736,0.0672781,0.0971008,0
0.170555,0.0984416,0.0960118,0
0.170084,0.101344,0.086255,0
0.184415,0.0914011,0.0841748,0
0.170993,0.103098,0.0532226,0
0.176733,0.102862,0.0609785,0
0.171124,0.0695868,0.0521619,0
0.170174,0.0598185,0.0651349,0
0.181459,0.0709433,0.0645399,0
0.186893,0.0813924,0.070976,0
0.182755,0.0704841,0.0857516,0
0.171922,0.0399853,0.110903,0
0.18511,0.112171,0.0774924,0
0.171564,0.0773592,0.0763264,0
0.172652,0.0634422,0.0745371,0
0.189715,0.0698765,0.0841515,0
0.170771,0.104264,0.100466,0
0.170067,0.08974,0.0611664,0
0.177506,0.0821136,0.0637689,0
0.183661,0.100161,0.0558471,0
0.176301,0.0671648,0.0645773,0
0.172803,0.111322,0.0499718,0
0.171772,0.084622,0.109983,0
0.174887,0.112678,0.0512076,0
0.22344,0.0936514,0.11012,0
0.170679,0.0889922,0.103645,0
0.171792,0.098312,0.0684889,0
0.173189,0.0948682,0.0449879,0
0.17364,0.0640499,0.0880925,0
0.170045,0.0862866,0.110978,0
0.172214,0.0894305,0.0576163,0
0.189317,0.11094,0.105139,0
0.203277,0.0834028,0.0991804,0
0.223274,0.109792,0.10549,0
0.1893,0.0518516,0.111305,0
0.170426,0.0975964,0.0441424,0
0.191421,0.108406,0.0872431,0
0.174584,0.0497344,0.110918,0
0.181787,0.0725286,0.0810572,0
0.182308,0.0971173,0.0712027,0
0.170292,0.101224,0.108232,0
0.17064,0.0677102,0.105706,0
0.202173,0.087035,0.111334,0
0.183929,0.0860949,0.0971171,0
0.170285,0.054963,0.0886521,0
0.218215,0.101265,0.071729,0
0.183283,0.0546071,0.106093,0
0.185295,0.0738413,0.105494,0
0.176649,0.0512506,0.084584,0
0.221,0.0808228,0.10201,0
0.173147,0.0880915,0.0727497,0
0.170214,0.0445005,0.0949357,0
0.172268,0.108286,0.110237,0
0.175158,0.0540327,0.0969876,0
0.187172,0.106594,0.0950916,0
0.171486,0.0666046,0.110926,0
0.170151,0.0401939,0.10794,0
0.214659,0.0990394,0.109764,0
0.195681,0.0652351,0.0767886,0
0.191223,0.0830601,0.109366,0
0.170973,0.0671919,0.0710166,0
0.17539,0.0658493,0.102404,0
0.171219,0.0846855,0.0574017,0
0.17008,0.093968,0.0495833,0
0.174272,0.0999327,0.0573102,0
0.201444,0.0979159,0.104362,0
0.181236,0.0860675,0.105032,0
0.177508,0.0933969,0.0492184,0
0.17136,0.0757142,0.0956384,0
0.196818,0.0971792,0.073613,0
0.174155,0.0771945,0.0507914,0
0.171106,0.0877992,0.0823223,0
0.170367,0.0433317,0.09215,0
0.170895,0.0750885,0.0929288,0
0.203625,0.0943784,0.101521,0
0.170064,0.102309,0.0737456,0
0.173999,0.0860434,0.0828827,0
0.17522,0.101214,0.103675,0
0.170342,0.0913529,0.0810349,0
0.174316,0.0825043,0.0491206,0
0.174332,0.0783345,0.0946652,0
0.202599,0.06155,0.0871997,0
0.170481,0.088669,0.0422502,0
0.180134,0.0890702,0.077391,0
0.170762,0.109284,0.0878943,0
0.171385,0.0594631,0.110175,0
0.214691,0.084411,0.0938446,0
0.220283,0.0942698,0.0952712,0
0.173674,0.0788194,0.0688454,0
0.170072,0.105428,0.0578624,0
0.182336,0.0588924,0.0814153,0
0.183585,0.103477,0.0830637,0
0.223802,0.105886,0.111722,0
0.217442,0.10411,0.101432,0
0.176249,0.062687,0.0693798,0
0.170179,0.0685034,0.0802761,0
0.170343,0.0784809,0.0519482,0
0.220679,0.0812281,0.0857209,0
0.172301,0.0943737,0.09742,0
0.177833,0.092815,0.0905649,0
0.188938,0.088195,0.0941323,0
0.210795,0.102304,0.0815766,0
0.192176,0.0912822,0.0893005,0
0.177018,0.0833215,0.098804,0
0.170763,0.0640898,0.0611182,0
0.181984,0.110974,0.110796,0
0.18361,0.105741,0.0721803,0
0.172433,0.044484,0.103441,0
0.171397,0.103021,0.081387,0
0.198821,0.109345,0.0968483,0
0.178764,0.0602654,0.080526,0
0.17016,0.0798431,0.0705213,0
0.176731,0.0785788,0.0875302,0
0.175352,0.0989327,0.0787399,0
0.172055,0.0637163,0.0817984,0
0.179866,0.071782,0.0963312,0
0.186701,0.110862,0.0563994,0
0.178024,0.0535736,0.0965836,0
0.209504,0.0718146,0.0974108,0
0.188489,0.108281,0.0611428,0
0.178524,0.0900075,0.0497191,0
0.179935,0.0848027,0.0676774,0
0.184904,0.0937165,0.0838684,0
0.18251,0.0576783,0.105389,0
0.216511,0.081018,0.112044,0
0.173246,0.0972845,0.127656,1
0.182571,0.0826907,0.14725,1
0.171674,0.0613426,0.130635,1
0.176896,0.0489823,0.121171,1
0.183787,0.103857,0.115571,1
0.190841,0.0955436,0.135059,1
0.174678,0.105548,0.125435,1
0.208005,0.0777865,0.121908,1
0.172783,0.0722855,0.137929,1
0.170661,0.0791127,0.174034,1
0.181415,0.0905597,0.120537,1
0.18401,0.0996057,0.142981,1
0.197327,0.087571,0.146486,1
0.170604,0.0761305,0.119293,1
0.187372,0.0597458,0.115201,1
0.173692,0.0934345,0.167251,1
0.170613,0.109964,0.116434,1
0.170149,0.0672079,0.130131,1
0.170916,0.0968518,0.159577,1
0.170646,0.0636357,0.149464,1
0.172665,0.0740674,0.113374,1
0.170055,0.063378,0.162575,1
0.170682,0.0814279,0.122504,1
0.170052,0.055042,0.140329,1
0.18194,0.0791682,0.113079,1
0.170241,0.107711,0.134861,1
0.176287,0.109171,0.179669,1
0.174113,0.0651562,0.150327,1
0.195389,0.108422,0.142812,1
0.199109,0.0637075,0.129646,1
0.181306,0.106853,0.162945,1
0.186303,0.0804947,0.132129,1
0.170846,0.0803303,0.147912,1
0.174659,0.104493,0.140794,1
0.170046,0.0856772,0.168616,1
0.174067,0.0879601,0.146071,1
0.175619,0.0612338,0.134808,1
0.179376,0.0568509,0.117873,1
0.179624,0.0923051,0.164817,1
0.182294,0.0774465,0.165904,1
0.21424,0.0860196,0.138825,1
0.17067,0.0562298,0.11473,1
0.215168,0.0700009,0.114955,1
0.195787,0.0771436,0.117203,1
0.178057,0.0926556,0.13551,1
0.177514,0.0707535,0.126663,1
0.192152,0.0954832,0.116532,1
0.17105,0.104406,0.142874,1
0.174203,0.100402,0.15773,1
0.175006,0.0734208,0.152678,1
0.184107,0.0650098,0.129587,1
0.187657,0.0968678,0.174943,1
0.212545,0.105751,0.132747,1
0.178608,0.0713152,0.112785,1
0.177605,0.103661,0.14548,1
0.171293,0.0861275,0.124975,1
0.171031,0.0689672,0.154783,1
0.20119,0.110973,0.126535,1
0.223019,0.112978,0.149798,1
0.180527,0.108698,0.164015,1
0.172337,0.0542293,0.123852,1
0.172543,0.0763567,0.161049,1
0.171194,0.0980599,0.136092,1
0.170031,0.108067,0.185778,1
0.17228,0.0882554,0.170333,1
0.181134,0.0665686,0.134934,1
0.170107,0.0939221,0.149594,1
0.170584,0.102545,0.164629,1
0.171133,0.103947,0.121118,1
0.173528,0.0879854,0.155739,1
0.170696,0.097006,0.175583,1
0.170382,0.0915029,0.154226,1
0.218515,0.0988841,0.128079,1
0.192389,0.108341,0.155345,1
0.170033,0.076412,0.158394,1
0.181435,0.0887489,0.15524,1
0.190868,0.093772,0.120257,1
0.175942,0.0645425,0.1573,1
0.188466,0.0858774,0.139723,1
0.205256,0.0852981,0.130338,1
0.199389,0.0989102,0.119757,1
0.196409,0.0771225,0.142546,1
0.170976,0.0542955,0.152946,1
0.172427,0.0805157,0.165647,1
0.17141,0.0759691,0.132634,1
0.193267,0.107804,0.119496,1
0.179674,0.0968612,0.165435,1
0.203643,0.109147,0.137635,1
0.219458,0.0982217,0.15372,1
0.20078,0.0709234,0.144637,1
0.192786,0.102073,0.126189,1
0.176558,0.0480332,0.138681,1
0.203293,0.093946,0.124747,1
0.199587,0.0965461,0.12997,1
0.170334,0.0568002,0.154887,1
0.190644,0.0820755,0.120267,1
0.170504,0.108658,0.133552,1
0.185564,0.0738299,0.138466,1
0.187581,0.108764,0.144297,1
0.174657,0.103488,0.16831,1
0.199544,0.0941265,0.145971,1
0.170456,0.0983625,0.116569,1
0.173039,0.0593483,0.14522,1
0.174137,0.103986,0.174721,1
0.18746,0.0867729,0.140676,1
0.175215,0.0574776,0.112567,1
0.171735,0.051625,0.146519,1
0.170741,0.0423555,0.120454,1
0.170041,0.0736708,0.14822,1
0.170179,0.0815259,0.141346,1
0.172402,0.0608165,0.141351,1
0.176595,0.0696405,0.113184,1
0.170483,0.0390588,0.11938,1
0.187453,0.0909572,0.153246,1
0.193528,0.0596173,0.14085,1
0.190799,0.0798644,0.154873,1
0.183249,0.0995633,0.155064,1
0.17988,0.0807972,0.135703,1
0.18629,0.069582,0.139541,1
0.173548,0.0865238,0.138586,1
0.207289,0.0916279,0.119065,1
0.177066,0.0775052,0.149584,1
0.179366,0.110852,0.134657,1
0.179991,0.0682116,0.154986,1
0.175568,0.178176,0.0964157,2
0.170025,0.115156,0.0814502,2
0.19129,0.126803,0.0916308,2
0.180374,0.168868,0.108676,2
0.175321,0.1597,0.111094,2
0.21966,0.163221,0.107171,2
0.17008,0.145951,0.107213,2
0.175522,0.124264,0.0721232,2
0.182638,0.128305,0.0859063,2
0.179545,0.168135,0.100091,2
0.194341,0.146997,0.108084,2
0.182245,0.123892,0.0973505,2
0.176582,0.129512,0.106833,2
0.172651,0.153261,0.0865623,2
0.199179,0.124743,0.112264,2
0.174419,0.138324,0.0884725,2
0.17042,0.168649,0.0858004,2
0.170728,0.161846,0.0932486,2
0.170109,0.160194,0.0549379,2
0.188725,0.122955,0.0798399,2
0.192974,0.122069,0.0631989,2
0.173231,0.154338,0.0535971,2
0.177629,0.126568,0.08427,2
0.188053,0.126474,0.111296,2
0.170721,0.120933,0.0459207,2
0.22037,0.116544,0.0927428,2
0.182883,0.168426,0.0900523,2
0.195396,0.12247,0.108662,2
0.173668,0.149055,0.071423,2
0.183163,0.164586,0.0794362,2
0.185763,0.153638,0.0807915,2
0.175379,0.165265,0.0952951,2
0.170046,0.13334,0.100945,2
0.176914,0.123051,0.092368,2
0.22229,0.126038,0.103829,2
0.172008,0.116063,0.0584462,2
0.170151,0.145604,0.0511023,2
0.171818,0.114254,0.1036,2
0.170968,0.173292,0.0794579,2
0.177587,0.137742,0.0582101,2
0.171335,0.121432,0.0458965,2
0.186192,0.153167,0.0924199,2
0.174402,0.117166,0.0600677,2
0.171801,0.161181,0.0677946,2
0.21133,0.115868,0.112765,2
0.173317,0.135662,0.059714,2
0.184831,0.12428,0.0545251,2
0.218207,0.114491,0.0815983,2
0.171362,0.167675,0.109851,2
0.173033,0.123049,0.0658921,2
0.198469,0.16483,0.0988068,2
0.174083,0.178726,0.106999,2
0.175757,0.144823,0.0878942,2
0.176066,0.162754,0.0983378,2
0.170371,0.11718,0.102254,2
0.198547,0.113867,0.0726737,2
0.193834,0.157771,0.0976712,2
0.176763,0.146533,0.108221,2
0.171149,0.14898,0.0589273,2
0.170229,0.13013,0.0544474,2
0.170409,0.153705,0.0710305,2
0.17431,0.119086,0.0815358,2
0.17004,0.166545,0.0756243,2
0.178584,0.1614,0.0634588,2
0.1832,0.142664,0.0924812,2
0.182167,0.1509,0.0570478,2
0.181822,0.146846,0.0762428,2
0.172471,0.133904,0.0686,2
0.171544,0.173563,0.0761382,2
0.170402,0.116602,0.0567053,2
0.172693,0.14341,0.101445,2
0.186327,0.118111,0.05342,2
0.174469,0.129074,0.0937382,2
0.210347,0.126885,0.0925562,2
0.224703,0.131542,0.0720227,2
0.189918,0.13683,0.0799803,2
0.170974,0.159374,0.106205,2
0.2011,0.132816,0.10195,2
0.224673,0.138664,0.103535,2
0.176571,0.156402,0.0718228,2
0.183777,0.115231,0.0934753,2
0.199414,0.130038,0.084417,2
0.173504,0.135951,0.108504,2
0.170102,0.163469,0.105699,2
0.181155,0.135449,0.0674863,2
0.183112,0.134648,0.0846165,2
0.170548,0.118299,0.0745363,2
0.171675,0.180058,0.095944,2
0.171364,0.139277,0.0861043,2
0.200418,0.137332,0.10743,2
0.171775,0.127438,0.0529299,2
0.172921,0.176027,0.11215,2
0.204838,0.145149,0.0668296,2
0.197158,0.114656,0.0841675,2
0.179154,0.153166,0.0976563,2
0.190821,0.136294,0.0674782,2
0.181046,0.177888,0.103598,2
0.206461,0.148237,0.0976279,2
0.170033,0.134896,0.0450642,2
0.180422,0.156844,0.107958,2
0.183538,0.148592,0.0934728,2
0.192016,0.139692,0.0581669,2
0.172246,0.123302,0.090065,2
0.195108,0.116835,0.0703302,2
0.175608,0.155642,0.0888784,2
0.174428,0.145345,0.111704,2
0.196713,0.135697,0.0973439,2
0.214005,0.139569,0.0854148,2
0.170167,0.169955,0.0969299,2
0.172545,0.150108,0.0611641,2
0.171615,0.136656,0.0961095,2
0.190068,0.145092,0.106141,2
0.175142,0.175557,0.0901497,2
0.187579,0.122343,0.0742879,2
0.170499,0.18415,0.0961404,2
0.170869,0.13842,0.0721167,2
0.171195,0.151493,0.0808935,2
0.175809,0.124438,0.0530331,2
0.183417,0.149195,0.0710387,2
0.183465,0.14395,0.0798297,2
0.180533,0.173483,0.0851788,2
0.222489,0.1481,0.0813189,2
0.172592,0.152981,0.0967832,2
0.171949,0.131645,0.113466,2
0.203036,0.122301,0.0907325,2
0.170595,0.167041,0.113953,2
0.186841,0.135593,0.130556,3
0.174484,0.126873,0.158964,3
0.178836,0.154327,0.12293,3
0.175372,0.146872,0.153491,3
0.177639,0.121235,0.179232,3
0.174469,0.114701,0.154953,3
0.203165,0.12303,0.118788,3
0.170338,0.146894,0.165983,3
0.22442,0.156133,0.125879,3
0.172206,0.1173,0.118038,3
0.170101,0.177496,0.143735,3
0.175289,0.166076,0.157585,3
0.195261,0.116166,0.124579,3
0.171567,0.144094,0.130922,3
0.172746,0.134393,0.167597,3
0.178057,0.136914,0.117846,3
0.185732,0.134466,0.170293,3
0.176282,0.133486,0.175058,3
0.173621,0.113959,0.135061,3
0.223955,0.134087,0.126199,3
0.173026,0.178703,0.13659,3
0.179329,0.136814,0.162404,3
0.170036,0.124173,0.13659,3
0.177903,0.181382,0.119347,3
0.174468,0.134493,0.144534,3
0.195637,0.117065,0.151878,3
0.173867,0.165853,0.125163,3
0.170355,0.133484,0.162054,3
0.172765,0.179922,0.13861,3
0.197085,0.125648,0.146435,3
0.199716,0.152092,0.124826,3
0.172476,0.132888,0.136537,3
0.19677,0.127229,0.16711,3
0.220512,0.139428,0.11565,3
0.170059,0.125313,0.153788,3
0.172942,0.134694,0.118627,3
0.195341,0.138848,0.116365,3
0.170227,0.117622,0.160681,3
0.170448,0.148561,0.148815,3
0.170025,0.145662,0.132645,3
0.18891,0.162113,0.129343,3
0.18474,0.125305,0.167953,3
0.178034,0.137122,0.164055,3
0.170038,0.142768,0.15626,3
0.184578,0.156614,0.127658,3
0.17368,0.182726,0.122473,3
0.199854,0.141209,0.13406,3
0.187457,0.129728,0.145028,3
0.170023,0.130224,0.125834,3
0.199454,0.137879,0.138614,3
0.170872,0.168563,0.156788,3
0.171146,0.155583,0.142595,3
0.172343,0.116122,0.131218,3
0.192008,0.159366,0.131048,3
0.173368,0.115662,0.148748,3
0.19017,0.144852,0.128466,3
0.170212,0.126447,0.179582,3
0.174616,0.158318,0.147698,3
0.17283,0.128806,0.177066,3
0.170141,0.139959,0.122558,3
0.170215,0.173958,0.127936,3
0.17232,0.115598,0.17622,3
0.171645,0.150718,0.12498,3
0.170765,0.162633,0.153375,3
0.171225,0.156116,0.155817,3
0.170029,0.138972,0.17975,3
0.170371,0.134343,0.140605,3
0.17987,0.151802,0.161229,3
0.182503,0.115836,0.156259,3
0.173385,0.124141,0.137384,3
0.178061,0.17781,0.130552,3
0.187011,0.145843,0.131783,3
0.171436,0.162469,0.120501,3
0.183619,0.129627,0.118284,3
0.184794,0.137134,0.119134,3
0.210455,0.123645,0.146042,3
0.170441,0.114561,0.180146,3
0.185158,0.114462,0.122089,3
0.19215,0.150462,0.152647,3
0.171534,0.160666,0.140787,3
0.193861,0.114704,0.163204,3
0.176556,0.138745,0.151478,3
0.170283,0.1536,0.175059,3
0.186949,0.164707,0.121463,3
0.170709,0.129615,0.120436,3
0.177742,0.164411,0.12001,3
0.177789,0.122972,0.147491,3
0.176926,0.164065,0.157479,3
0.170411,0.183559,0.132241,3
0.178246,0.164881,0.138169,3
0.178749,0.145348,0.138573,3
0.182464,0.119384,0.173895,3
0.181599,0.149022,0.159572,3
0.176807,0.171538,0.136618,3
0.171275,0.123084,0.164808,3
0.1771,0.122437,0.141983,3
0.175471,0.134283,0.13823,3
0.224455,0.125755,0.133937,3
0.170377,0.159763,0.128975,3
0.171453,0.132317,0.162766,3
0.21087,0.116815,0.163285,3
0.188183,0.135064,0.134088,3
0.203222,0.161519,0.11584,3
0.180722,0.164549,0.148316,3
0.171764,0.170322,0.143215,3
0.18558,0.150283,0.136106,3
0.186135,0.122545,0.132223,3
0.179271,0.173753,0.118215,3
0.174054,0.168844,0.119604,3
0.173519,0.171876,0.147184,3
0.192054,0.128295,0.137435,3
0.201526,0.133215,0.120737,3
0.170539,0.137062,0.150753,3
0.195391,0.137409,0.150576,3
0.174281,0.122193,0.174211,3
0.179051,0.145104,0.126241,3
0.171985,0.161289,0.165107,3
0.190504,0.114871,0.137299,3
0.189979,0.11379,0.141567,3
0.185035,0.141325,0.155497,3
0.183723,0.128064,0.147852,3
0.170559,0.1252,0.171975,3
0.199174,0.168763,0.122976,3
0.19292,0.160494,0.117132,3
