x coord,y coord,z coord,rank
0.170953,0.152085,0.0599063,0
0.165603,0.215833,0.0743986,0
0.168004,0.175189,0.0310209,0
0.117934,0.202566,0.00884548,0
0.198144,0.2162,0.0731783,0
0.115414,0.1552,0.0881992,0
0.187412,0.132729,0.0544586,0
0.217945,0.18587,0.0717202,0
0.133414,0.13257,0.00624505,0
0.120491,0.0215315,0.0347049,0
0.199101,0.117705,0.00916673,0
0.208914,0.206572,0.113497,0
0.192063,0.169335,0.0734114,0
0.21511,0.0687301,0.0382958,0
0.171522,0.172245,0.0139863,0
0.152049,0.0383318,0.0785697,0
0.196667,0.170125,0.10658,0
0.13736,0.0957047,0.0415159,0
0.145125,0.202022,0.0677611,0
0.197882,0.0194268,0.0848606,0
0.14262,0.0986735,0.0905086,0
0.180102,0.0473217,0.0155847,0
0.193853,0.0429663,0.0361207,0
0.205862,0.210492,0.0447944,0
0.188148,0.0499714,0.029857,0
0.201366,0.171443,0.0125335,0
0.20357,0.0671355,0.102418,0
0.119657,0.134815,0.115589,0
0.153101,0.167554,0.0819332,0
0.177896,0.0920953,0.00621085,0
0.130152,0.112972,0.00471999,0
0.16765,0.224647,0.0681685,0
0.102636,0.158083,0.0625452,0
0.117522,0.129097,0.052494,0
0.18684,0.179652,0.0723211,0
0.122468,0.0405659,0.064357,0
0.157538,0.0199776,0.0925421,0
0.0986279,0.0887815,0.0967626,0
0.117851,0.152893,0.0907533,0
0.171644,0.162434,0.0969945,0
0.136688,0.102084,0.0433965,0
0.210829,0.192175,0.0476683,0
0.170787,0.0709906,0.0327678,0
0.114158,0.0586963,0.0283243,0
0.116663,0.0776518,0.0100037,0
0.218373,0.185863,0.108286,0
0.190752,0.211824,0.0646887,0
0.142295,0.110734,0.112994,0
0.199019,0.032534,0.0973664,0
0.106726,0.0783095,0.024645,0
0.128569,0.204936,0.0377304,0
0.133627,0.0494792,0.0889057,0
0.16458,0.186549,0.0270041,0
0.143581,0.00712561,0.0395462,0
0.149859,0.139894,0.0145871,0
0.177568,0.153122,0.0614109,0
0.149425,0.17859,0.0471194,0
0.131826,0.222549,0.0158345,0
0.152558,0.21276,0.0402658,0
0.126925,0.180088,0.0237181,0
0.101985,0.214152,0.0528329,0
0.125511,0.0997203,0.0686377,0
0.199651,0.0256777,0.000661982,0
0.197613,0.221505,0.0911376,0
0.222101,0.0855144,0.0851321,0
0.11926,0.0543,0.0879454,0
0.202839,0.0797411,0.0468354,0
0.219477,0.0672795,0.0294216,0
0.15732,0.21687,0.0776765,0
0.22388,0.0513456,0.0948752,0
0.15019,0.168785,0.089162,0
0.18802,0.0193487,0.0849541,0
0.202785,0.0565784,0.0472745,0
0.144133,0.0709539,0.0498383,0
0.116821,0.123559,0.0171662,0
0.163917,0.0412998,0.0314871,0
0.207156,0.214256,0.089565,0
0.137594,0.0721066,0.0139497,0
0.189955,0.194111,0.0833175,0
0.222686,0.166093,0.0155727,0
0.187552,0.19201,0.101973,0
0.194293,0.00543389,0.063931,0
0.215506,0.109267,0.0248272,0
0.152757,0.174837,0.0901228,0
0.105,0.086305,0.105723,0
0.106571,0.187896,0.100396,0
0.165322,0.0260635,0.0741715,0
0.132596,0.152493,0.0786899,0
0.215323,0.0926212,0.00779244,0
0.211188,0.0625195,0.0199316,0
0.157025,0.0517703,0.00169529,0
0.116111,0.135408,0.0826504,0
0.101197,0.159331,0.00518412,0
0.104755,0.137458,0.0758804,0
0.200087,0.0769887,0.0738755,0
0.101103,0.15491,0.113298,0
0.121339,0.195288,0.107551,0
0.10876,0.101059,0.0585366,0
0.147708,0.00213297,0.00941311,0
0.106261,0.0849804,0.0995349,0
0.19625,0.0474054,0.0467711,0
0.16191,0.0601383,0.0763266,0
0.111575,0.122378,0.00682994,0
0.14007,0.0106591,0.0990518,0
0.101803,0.147322,0.0005853,0
0.215348,0.0757691,0.0795102,0
0.109182,0.0256249,0.0194047,0
0.140486,0.0456541,0.092405,0
0.135488,0.120253,0.0748702,0
0.18549,0.117316,0.0614187,0
0.129551,0.0552666,0.0428804,0
0.177813,0.0775063,0.110277,0
0.15379,0.116262,0.065234,0
0.126427,0.0607921,0.0150124,0
0.186748,0.00395386,0.0940761,0
0.182978,0.0786684,0.0823989,0
0.192704,0.0927282,0.104787,0
0.170077,0.122588,0.0841402,0
0.126243,0.0902062,0.00574639,0
0.148174,0.0733453,0.0370092,0
0.171538,0.130111,0.0547225,0
0.214654,0.0214322,0.0278168,0
0.114434,0.00664986,0.110622,0
0.0983037,0.218257,0.041804,0
0.0524414,0.158062,0.066614,1
0.0828619,0.172266,0.0631963,1
0.0586704,0.0660791,0.000882259,1
0.0822719,0.0730772,0.0483521,1
0.0388956,0.13987,0.0998977,1
0.0789635,0.181782,0.0135209,1
0.00243514,0.150715,0.0204287,1
0.0396602,0.025691,0.0771153,1
0.0246448,0.182025,0.0831711,1
0.0227534,0.174242,0.106954,1
0.0910706,0.118787,0.024769,1
0.0666033,0.219396,0.0945758,1
0.00487531,0.0818412,0.112785,1
0.00970888,0.202671,0.0368841,1
0.0741058,0.0877542,0.0286846,1
0.069981,0.21307,0.0704378,1
0.051507,0.122417,0.0336352,1
0.0957463,0.0469483,0.0514223,1
0.0496816,0.184005,0.0440323,1
0.0902312,0.139914,0.0143888,1
0.0103153,0.19504,0.106663,1
0.0480666,0.116085,0.0650818,1
0.0529639,0.000155134,0.0841306,1
0.0221804,0.18961,0.100719,1
0.0915372,0.103947,0.00918083,1
0.0283234,0.0950673,0.0291173,1
0.0545893,0.155849,0.108653,1
0.0313674,0.140297,0.0733256,1
0.0896895,0.147015,0.0326509,1
0.0198088,0.180542,0.093929,1
0.00786818,0.0884268,0.109492,1
0.0607953,0.0322477,0.101706,1
0.0118182,0.178109,0.0382143,1
0.0519262,0.0714292,0.06775,1
0.0142055,0.222463,0.0574628,1
0.067223,0.1123,0.0914805,1
0.0339012,0.173002,0.0767126,1
0.00753484,0.00127056,0.0979205,1
0.0332829,0.0794491,0.0678734,1
0.0293375,0.184749,0.104332,1
0.0405008,0.0314916,0.0837131,1
0.0233479,0.101253,0.0932396,1
0.00191342,0.0585477,0.0975568,1
0.0967605,0.182746,0.0901572,1
0.0377841,0.107045,0.0262703,1
0.0318662,0.0533056,0.0773311,1
0.0343658,0.0671886,0.0698076,1
0.0201196,0.151418,0.0144074,1
0.0348681,0.170975,0.0824882,1
0.0108368,0.211431,0.000932012,1
0.0120271,0.115387,0.0938599,1
0.0912736,0.199889,0.0458243,1
0.0611942,0.0956144,0.0879658,1
0.0118592,0.0941189,0.00468492,1
0.00340764,0.0952381,0.0243811,1
0.00587903,0.0265275,0.0416557,1
0.0502669,0.108254,0.0875159,1
0.0338619,0.20438,0.104692,1
0.0713373,0.0497819,0.0391845,1
0.0125292,0.221347,0.0427083,1
0.0267556,0.218475,0.0500893,1
0.0517347,0.164695,0.0909944,1
0.0672986,0.186548,0.0779275,1
0.0258597,0.0877466,0.108996,1
0.0204143,0.0200704,0.0800781,1
0.0872342,0.0312698,0.111787,1
0.0933309,0.185453,0.0753157,1
0.0902975,0.0315815,0.0657929,1
0.0547219,0.198571,0.113397,1
0.0957068,0.0285449,0.10697,1
0.013308,0.185056,0.0112718,1
0.0065616,0.176013,0.0825234,1
0.0427826,0.160826,0.0742325,1
0.0925475,0.127553,0.0415646,1
0.0115705,0.208806,0.108541,1
0.0026772,0.0446545,0.00673403,1
0.0774526,0.135503,0.0816654,1
0.0148013,0.162108,0.108453,1
0.0399612,0.0456143,0.0943384,1
0.00811264,0.0697913,0.09948,1
0.0801669,0.187519,0.0792158,1
0.0483896,0.193425,0.00177077,1
0.0110644,0.14146,0.0436457,1
0.00601361,0.198921,0.035321,1
0.0371571,0.0491958,0.0506917,1
0.0254329,0.149106,0.0293001,1
0.0831526,0.0262086,0.0804205,1
0.0590786,0.0741502,0.0822259,1
0.0276091,0.17682,0.108269,1
0.00641133,0.0516042,0.0501885,1
0.0702614,0.138828,0.0253919,1
0.00833412,0.168523,0.101154,1
0.0347489,0.156735,0.0396049,1
0.041426,0.0359957,0.0104037,1
0.00971798,0.0756123,0.0390557,1
0.0672736,0.0769527,0.107667,1
0.0543717,0.169187,0.0943723,1
0.0899872,0.141155,0.0361027,1
0.0296906,0.180579,0.106675,1
0.0388141,0.187505,0.104669,1
0.0237328,0.0200573,0.0176856,1
0.0592233,0.043333,0.0493892,1
0.0687284,0.0125198,0.00993392,1
0.00604147,0.140235,0.0235147,1
0.0713123,0.212633,0.0995981,1
0.0237996,0.145807,0.0830847,1
0.0880588,0.0262502,0.0540327,1
0.094818,0.0732629,0.0967776,1
0.0735672,0.224293,0.0586135,1
0.0926993,0.0319162,0.0500382,1
0.0285496,1.90762e-06,0.0882656,1
0.0496183,0.1318,0.0821909,1
0.0298022,0.185064,0.00388347,1
0.0675192,0.207942,0.0100578,1
0.00731373,0.175875,0.0858312,1
0.0828116,0.13681,0.103954,1
0.0419882,0.132493,0.0245426,1
0.0748759,0.0467999,0.00400513,1
0.0345321,0.102499,0.110331,1
0.0270288,0.118725,0.0533902,1
0.121246,0.149734,0.132084,2
0.12206,0.177509,0.151438,2
0.120405,0.0469747,0.117168,2
0.102095,0.157554,0.199365,2
0.128947,0.0264293,0.131233,2
0.109426,0.197521,0.190949,2
0.0582818,0.140478,0.219131,2
0.0561854,0.223992,0.175007,2
0.112341,0.219603,0.128876,2
0.0477138,0.116185,0.20256,2
0.046396,0.0268626,0.224291,2
0.0286779,0.0197144,0.14762,2
0.0245804,0.0151199,0.208075,2
0.0674508,0.0369508,0.182782,2
0.0503495,0.045444,0.211601,2
0.0858168,0.144254,0.159902,2
0.0931185,0.0710227,0.159971,2
0.00615875,0.191085,0.125171,2
0.0941443,0.0400393,0.120553,2
0.0505268,0.0961602,0.124589,2
0.0849211,0.145332,0.1537,2
0.106309,0.104293,0.221898,2
0.0467053,0.190263,0.177191,2
0.018314,0.194708,0.183376,2
0.0308358,0.00477585,0.180593,2
0.0220495,0.221632,0.138322,2
0.0211944,0.00399745,0.120694,2
0.0076091,0.166033,0.125698,2
0.0997246,0.126987,0.153781,2
0.00345811,0.00461684,0.195408,2
0.0953465,0.156787,0.22465,2
0.0777217,0.145926,0.14987,2
0.0990686,0.19358,0.118759,2
0.0068752,0.199256,0.197399,2
0.0126856,0.128391,0.127029,2
0.0680818,0.00173405,0.206689,2
0.0884409,0.21018,0.186712,2
0.0667058,0.141649,0.146513,2
0.0825996,0.0140833,0.154622,2
0.00196085,0.110434,0.185608,2
0.0681038,0.0452414,0.204675,2
0.105021,0.196904,0.163432,2
0.0516034,0.0871387,0.207569,2
0.0821965,0.197473,0.155765,2
0.102209,0.136609,0.142634,2
0.00671741,0.0241565,0.204566,2
0.122283,0.159628,0.181285,2
0.0250625,0.218734,0.170929,2
0.104174,0.0366907,0.164107,2
0.0367554,0.207006,0.217773,2
0.0236584,0.0231717,0.171199,2
0.0521411,0.165248,0.202371,2
0.0412588,0.156548,0.182838,2
0.0322108,0.200734,0.181594,2
0.0175565,0.0485037,0.183114,2
0.0741215,0.179793,0.217372,2
0.0748775,0.179057,0.205921,2
0.0702821,0.0102297,0.119739,2
0.0151963,0.169315,0.156798,2
0.118041,0.153473,0.153481,2
0.0749845,0.183044,0.208773,2
0.101507,0.1504,0.187267,2
0.112221,0.194355,0.219659,2
0.0468605,0.118947,0.205389,2
0.0225753,0.0748991,0.139467,2
0.0937452,0.119275,0.208084,2
0.0542581,0.0706579,0.208018,2
0.0361479,0.134696,0.130899,2
0.012029,0.128662,0.132384,2
0.029888,0.106916,0.179853,2
0.0558767,0.0738873,0.207201,2
0.0236814,0.0213051,0.202002,2
0.0930472,0.14992,0.129586,2
0.0430745,0.1701,0.178807,2
0.0448486,0.0261171,0.149545,2
0.0342694,0.111219,0.150776,2
0.086302,0.111551,0.164665,2
0.00595641,0.189423,0.150922,2
0.0556187,0.021878,0.127478,2
0.0777514,0.102698,0.140112,2
0.060299,0.157023,0.147584,2
0.101773,0.0382491,0.141586,2
0.084393,0.204922,0.119503,2
0.112202,0.124762,0.177359,2
0.0498128,0.149773,0.224487,2
0.106312,0.221284,0.21365,2
0.0342944,0.178906,0.177235,2
0.0214847,0.091604,0.190728,2
0.0388421,0.00657388,0.117966,2
0.0394987,0.00167872,0.203615,2
0.0584537,0.18218,0.152931,2
0.100318,0.199479,0.21275,2
0.0727059,0.0949881,0.156855,2
0.0145747,0.111795,0.13393,2
0.0383863,0.0318119,0.201164,2
0.0407997,0.00282727,0.145217,2
0.018947,0.16568,0.224472,2
0.0368101,0.180957,0.160233,2
0.127122,0.121404,0.157708,2
0.101291,0.147443,0.209184,2
0.111668,0.02026,0.133061,2
0.0706115,0.0423173,0.176015,2
0.0554609,0.209342,0.205904,2
0.0898092,0.0914396,0.173216,2
0.0460889,0.0667175,0.159898,2
0.0364969,0.20315,0.196094,2
0.00321604,0.0767986,0.138285,2
0.074669,0.222943,0.142573,2
0.0694513,0.055193,0.20588,2
0.03533,0.109653,0.130041,2
0.0684207,0.123325,0.161122,2
0.0735653,0.0591043,0.162303,2
0.0759296,0.0369701,0.153778,2
0.0654247,0.0667136,0.138481,2
0.0395907,0.135288,0.127081,2
0.0437876,0.0360273,0.21524,2
0.106859,0.130558,0.193467,2
0.128864,0.173579,0.154219,2
0.114527,0.149755,0.19266,2
0.123919,0.170526,0.223442,2
0.119721,0.0303571,0.136943,2
0.121903,0.0415769,0.122422,2
0.113335,0.0570383,0.199123,2
0.0989883,0.0707817,0.212529,2
0.0297755,0.221718,0.118961,2
0.118181,0.0653411,0.181443,2
0.0107049,0.225,0.122568,2
0.104893,0.21886,0.117012,2
0.128947,0.158209,0.209799,2
0.173518,0.192234,0.138676,3
0.19647,0.157404,0.219912,3
0.197492,0.209087,0.168207,3
0.149488,0.13289,0.174494,3
0.167505,0.00167023,0.217114,3
0.134209,0.144665,0.199636,3
0.174881,0.191863,0.144645,3
0.160302,0.142941,0.177391,3
0.175124,0.188699,0.146676,3
0.219941,0.111584,0.144191,3
0.202198,0.212404,0.155183,3
0.170973,0.18631,0.14162,3
0.203654,0.20429,0.201936,3
0.160187,0.10818,0.176363,3
0.172608,0.189721,0.141014,3
0.154565,0.176027,0.195491,3
0.165577,0.188034,0.141751,3
0.211799,0.168652,0.207244,3
0.130532,0.0556343,0.206866,3
0.174615,0.191724,0.148878,3
0.16726,0.18825,0.150992,3
0.157074,0.0313589,0.224533,3
0.143977,0.163644,0.124821,3
0.16998,0.192535,0.14438,3
0.210947,0.0987383,0.15314,3
0.166864,0.219733,0.207885,3
0.172535,0.192572,0.148285,3
0.152542,0.065289,0.11989,3
0.159439,0.0176705,0.135865,3
0.164319,0.0980853,0.138784,3
0.212884,0.0755722,0.117187,3
0.157895,0.161044,0.126088,3
0.148577,0.106653,0.210313,3
0.211249,0.187462,0.130232,3
0.195665,0.222483,0.185102,3
0.223107,0.0193155,0.160569,3
0.204504,0.215557,0.120668,3
0.209882,0.200531,0.169995,3
0.13102,0.214234,0.15842,3
0.136405,0.16881,0.215179,3
0.220161,0.123744,0.166724,3
0.215854,0.196496,0.144787,3
0.174564,0.188769,0.14366,3
0.176256,0.19262,0.144098,3
0.15535,0.10802,0.134583,3
0.158993,0.199149,0.205712,3
0.170887,0.188988,0.144878,3
0.168237,0.193205,0.1424,3
0.13868,0.0409342,0.123409,3
0.185326,0.199176,0.159177,3
0.148518,0.142255,0.219512,3
0.139128,0.207612,0.125209,3
0.148787,0.14104,0.188927,3
0.176288,0.0375037,0.134805,3
0.172233,0.105538,0.201721,3
0.162499,0.105839,0.145463,3
0.171457,0.186585,0.145245,3
0.173272,0.189666,0.144828,3
0.14386,0.0280867,0.203772,3
0.198255,0.0552437,0.12299,3
0.209723,0.0422663,0.200179,3
0.168654,0.192577,0.144575,3
0.169504,0.191587,0.147193,3
0.146084,0.0292205,0.139068,3
0.200617,0.0831306,0.145637,3
0.191468,0.168228,0.153218,3
0.215889,0.0782661,0.138961,3
0.206598,0.198317,0.143753,3
0.172127,0.189836,0.140731,3
0.19278,0.108145,0.22096,3
0.173358,0.189256,0.144252,3
0.172973,0.19311,0.144449,3
0.140851,0.088011,0.221126,3
0.207728,0.117759,0.135778,3
0.202087,0.0590607,0.220364,3
0.185172,0.0531173,0.214406,3
0.167758,0.188099,0.147553,3
0.222113,0.174259,0.173925,3
0.189206,0.0361434,0.181492,3
0.172024,0.191432,0.142485,3
0.196896,0.178737,0.204303,3
0.142495,0.0578807,0.121176,3
0.144803,0.082448,0.121958,3
0.217561,0.159766,0.179652,3
0.129802,0.0439257,0.154863,3
0.184927,0.0606104,0.216662,3
0.217151,0.11254,0.119129,3
0.171619,0.0149783,0.205609,3
0.176412,0.190353,0.127119,3
0.2058,0.217492,0.128577,3
0.203572,0.0538363,0.211857,3
0.166987,0.189949,0.146852,3
0.171788,0.117224,0.223045,3
0.173566,0.088154,0.209684,3
0.199743,0.0659434,0.127871,3
0.171431,0.187784,0.140008,3
0.206865,0.117448,0.125298,3
0.157584,0.193907,0.146136,3
0.168466,0.191329,0.146328,3
0.170172,0.0227897,0.122421,3
0.173794,0.0212718,0.220163,3
0.17273,0.195047,0.143739,3
0.174097,0.191241,0.1509,3
0.202509,0.153989,0.192174,3
0.170616,0.185993,0.145969,3
0.176756,0.19309,0.14333,3
0.17415,0.191052,0.14217,3
0.168546,0.191379,0.146705,3
0.169832,0.190324,0.148816,3
0.130352,0.119139,0.172134,3
0.172316,0.193363,0.149785,3
0.172149,0.190253,0.14208,3
0.167222,0.197474,0.145339,3
0.171732,0.141826,0.121526,3
0.204149,0.100952,0.162887,3
0.172447,0.192992,0.1443,3
0.198914,0.0243319,0.116628,3
0.173953,0.185706,0.144716,3
0.170703,0.198627,0.143075,3
0.174432,0.191206,0.148829,3
0.212881,0.0531908,0.199802,3
0.196363,0.0880012,0.205262,3
0.187043,0.0446439,0.162256,3
0.139294,0.0935078,0.218291,3
0.133328,0.194101,0.135999,3
0.185308,0.117873,0.116557,3
0.147074,0.00147299,0.116835,3
