x coord,y coord,z coord,rank
0.160804,0.0570456,0.0835378,0
0.112651,0.0672781,0.0971008,0
0.145148,0.0984416,0.0960118,0
0.15161,0.101344,0.086255,0
0.221003,0.0914011,0.0841748,0
0.141891,0.103098,0.0532226,0
0.125607,0.102862,0.0609785,0
0.169982,0.0695868,0.0521619,0
0.159824,0.0598185,0.0651349,0
0.119485,0.0709433,0.0645399,0
0.114927,0.0813924,0.070976,0
0.118202,0.0704841,0.0857516,0
0.175294,0.0399853,0.110903,0
0.1162,0.112171,0.0774924,0
0.173029,0.0773592,0.0763264,0
0.134908,0.0634422,0.0745371,0
0.113197,0.0698765,0.0841515,0
0.167133,0.104264,0.100466,0
0.151481,0.08974,0.0611664,0
0.124398,0.0821136,0.0637689,0
0.218869,0.100161,0.0558471,0
0.195179,0.0671648,0.0645773,0
0.134423,0.111322,0.0499718,0
0.138089,0.084622,0.109983,0
0.189627,0.112678,0.0512076,0
0.223173,0.0936514,0.11012,0
0.166218,0.0889922,0.103645,0
0.174531,0.098312,0.0684889,0
0.133167,0.0948682,0.0449879,0
0.131938,0.0640499,0.0880925,0
0.155819,0.0862866,0.110978,0
0.13629,0.0894305,0.0576163,0
0.113435,0.11094,0.105139,0
0.108491,0.0834139,0.0992417,0
0.208062,0.109792,0.10549,0
0.216924,0.0518516,0.111305,0
0.146136,0.0975964,0.0441424,0
0.112295,0.108406,0.0872431,0
0.188388,0.0497485,0.110918,0
0.213377,0.0725286,0.0810572,0
0.118617,0.0971173,0.0712027,0
0.147794,0.101224,0.108232,0
0.144447,0.0677102,0.105706,0
0.202606,0.087035,0.111334,0
0.117179,0.0860949,0.0971171,0
0.147782,0.0549772,0.0886521,0
0.204612,0.101265,0.071729,0
0.117723,0.0546071,0.106093,0
0.223445,0.0738413,0.105494,0
0.196458,0.0512506,0.084584,0
0.206377,0.0808228,0.10201,0
0.133352,0.0880915,0.0727497,0
0.160463,0.0445005,0.0949357,0
0.136124,0.108286,0.110237,0
0.128466,0.0540327,0.0969876,0
0.114721,0.106594,0.0950916,0
0.172584,0.0666046,0.110926,0
0.149925,0.0401939,0.10794,0
0.202863,0.0990394,0.109764,0
0.207334,0.0652351,0.0767886,0
0.11243,0.0830601,0.109366,0
0.168827,0.0671919,0.0710166,0
0.128065,0.0658493,0.102404,0
0.170636,0.0846855,0.0574017,0
0.15742,0.093968,0.049595,0
0.187038,0.0999327,0.0573102,0
0.108858,0.0979159,0.104362,0
0.211703,0.0860675,0.105032,0
0.124365,0.0933969,0.0492184,0
0.139988,0.0757142,0.0956384,0
0.110161,0.0971792,0.073613,0
0.186546,0.0771945,0.0507914,0
0.169891,0.0877992,0.0823223,0
0.146934,0.0433317,0.09215,0
0.168151,0.0750885,0.0929288,0
0.202067,0.0943784,0.101521,0
0.156661,0.102309,0.0737456,0
0.13107,0.0860434,0.0828827,0
0.128341,0.101214,0.103675,0
0.147243,0.0913529,0.0810349,0
0.130342,0.0825043,0.0491206,0
0.187318,0.0783345,0.0946652,0
0.202423,0.06155,0.0871997,0
0.164198,0.088669,0.0422502,0
0.120879,0.0890702,0.077391,0
0.166933,0.109284,0.0878943,0
0.139864,0.0594631,0.110175,0
0.214911,0.084411,0.0938446,0
0.221665,0.0942698,0.0952712,0
0.131867,0.0788194,0.0688454,0
0.156963,0.105428,0.0578624,0
0.118569,0.0588924,0.0814153,0
0.117472,0.103477,0.0830637,0
0.221451,0.105886,0.111722,0
0.217581,0.10411,0.101432,0
0.126422,0.062687,0.0693798,0
0.149133,0.0685034,0.0802761,0
0.147174,0.0784809,0.0519482,0
0.214156,0.0812281,0.0857209,0
0.177495,0.0943737,0.09742,0
0.200703,0.092815,0.0905649,0
0.217658,0.088195,0.0941323,0
0.201731,0.102304,0.0815766,0
0.11197,0.0912822,0.0893005,0
0.125177,0.0833106,0.0987536,0
0.143487,0.0640898,0.0611182,0
0.118925,0.110974,0.110796,0
0.218737,0.105741,0.0721803,0
0.135618,0.044484,0.103441,0
0.139841,0.103021,0.081387,0
0.109515,0.109345,0.0968483,0
0.203865,0.0602654,0.080526,0
0.149448,0.0798431,0.0705213,0
0.125641,0.0785788,0.0875302,0
0.191512,0.0989327,0.0787399,0
0.176093,0.0637163,0.0817984,0
0.207427,0.071782,0.0963312,0
0.222791,0.110862,0.0563994,0
0.20134,0.0535736,0.0965836,0
0.201544,0.0718146,0.0974108,0
0.113873,0.108281,0.0611428,0
0.203032,0.0900075,0.0497191,0
0.207646,0.0848027,0.0676774,0
0.116363,0.0937165,0.0838684,0
0.215512,0.0576783,0.105389,0
0.222292,0.081018,0.112044,0
0.133114,0.0972845,0.127656,1
0.118355,0.0826907,0.14725,1
0.173779,0.0613426,0.130635,1
0.125321,0.0489823,0.121171,1
0.219218,0.103857,0.115571,1
0.112612,0.0955436,0.135059,1
0.188748,0.105548,0.125435,1
0.201448,0.0777865,0.121908,1
0.180029,0.0722855,0.137929,1
0.144246,0.0791127,0.174034,1
0.119476,0.0905597,0.120537,1
0.219852,0.0996057,0.142981,1
0.109999,0.087571,0.146486,1
0.165549,0.0761305,0.119293,1
0.114586,0.0597458,0.115201,1
0.131881,0.0934345,0.167251,1
0.16548,0.109964,0.116434,1
0.149699,0.0672079,0.130131,1
0.168363,0.0968518,0.159577,1
0.144342,0.0636357,0.149464,1
0.13477,0.0740674,0.113374,1
0.152437,0.063378,0.162575,1
0.144118,0.0814279,0.122504,1
0.152357,0.0550562,0.140329,1
0.118957,0.0791682,0.113079,1
0.148483,0.107711,0.134861,1
0.195129,0.109171,0.179669,1
0.18632,0.0651562,0.150327,1
0.110631,0.108422,0.142812,1
0.204315,0.0637075,0.129646,1
0.211926,0.106853,0.162945,1
0.115306,0.0804947,0.132129,1
0.167768,0.0803303,0.147912,1
0.188688,0.104493,0.140794,1
0.153437,0.0856772,0.168616,1
0.186127,0.0879601,0.146071,1
0.127579,0.0612338,0.134808,1
0.205859,0.0568509,0.117873,1
0.121487,0.0923051,0.164817,1
0.118602,0.0774465,0.165904,1
0.218633,0.0860196,0.138825,1
0.166028,0.0562298,0.11473,1
0.223018,0.0700009,0.114955,1
0.110506,0.0771436,0.117203,1
0.123575,0.0926556,0.13551,1
0.124374,0.0707535,0.126663,1
0.211897,0.0954832,0.116532,1
0.14165,0.104406,0.142874,1
0.186777,0.100402,0.15773,1
0.128798,0.0734208,0.152678,1
0.220132,0.0650098,0.129587,1
0.220457,0.0968678,0.174943,1
0.202141,0.105751,0.132747,1
0.203335,0.0713152,0.112785,1
0.124277,0.103661,0.14548,1
0.171198,0.0861275,0.124975,1
0.169182,0.0689672,0.154783,1
0.108941,0.110973,0.126535,1
0.211357,0.112978,0.149798,1
0.12045,0.108698,0.164015,1
0.135892,0.0542293,0.123852,1
0.178824,0.0763567,0.161049,1
0.170466,0.0980599,0.136092,1
0.154089,0.108067,0.185778,1
0.177365,0.0882554,0.170333,1
0.119827,0.0665686,0.134934,1
0.158607,0.0939221,0.149594,1
0.144877,0.102545,0.164629,1
0.141211,0.103947,0.121118,1
0.132314,0.0879854,0.155739,1
0.14402,0.097006,0.175583,1
0.146838,0.0915029,0.154226,1
0.217665,0.0988841,0.128079,1
0.211543,0.108341,0.155345,1
0.153237,0.076412,0.158394,1
0.119491,0.0887489,0.15524,1
0.112596,0.093772,0.120257,1
0.126974,0.0645425,0.1573,1
0.218652,0.0858774,0.139723,1
0.201687,0.0852981,0.130338,1
0.109376,0.0989102,0.119757,1
0.110277,0.0771225,0.142546,1
0.142141,0.0542955,0.152946,1
0.135615,0.0805157,0.165647,1
0.139778,0.0759691,0.132634,1
0.111496,0.107804,0.119496,1
0.206828,0.0968612,0.165435,1
0.108409,0.109147,0.137635,1
0.215995,0.0982217,0.15372,1
0.203273,0.0709234,0.144637,1
0.210942,0.102073,0.126189,1
0.125911,0.0480332,0.138681,1
0.202183,0.093946,0.124747,1
0.109316,0.0965461,0.12997,1
0.162519,0.0568144,0.154887,1
0.214379,0.0820755,0.120267,1
0.164442,0.108658,0.133552,1
0.224198,0.0738299,0.138466,1
0.114496,0.108764,0.144297,1
0.188724,0.103488,0.16831,1
0.204009,0.0941265,0.145971,1
0.163945,0.0983625,0.116569,1
0.133611,0.0593483,0.14522,1
0.130723,0.103986,0.174721,1
0.114558,0.0867729,0.140676,1
0.12837,0.0574776,0.112567,1
0.1741,0.051625,0.146519,1
0.143693,0.0423555,0.120454,1
0.152799,0.0736708,0.14822,1
0.149433,0.0815259,0.141346,1
0.178012,0.0608165,0.141351,1
0.125798,0.0696405,0.113184,1
0.164271,0.0390588,0.11938,1
0.220936,0.0909572,0.153246,1
0.209923,0.0596173,0.14085,1
0.112642,0.0798644,0.154873,1
0.11773,0.0995633,0.155064,1
0.121219,0.0807972,0.135703,1
0.115325,0.069582,0.139541,1
0.132225,0.0865521,0.138586,1
0.107844,0.0916279,0.119065,1
0.197994,0.0775052,0.149584,1
0.121863,0.110852,0.134657,1
0.207849,0.0682116,0.154986,1
0.127683,0.178176,0.0964157,2
0.155651,0.115156,0.0814502,2
0.112387,0.126803,0.0916308,2
0.209021,0.168868,0.108676,2
0.191401,0.1597,0.111094,2
0.205476,0.163221,0.107171,2
0.157307,0.145951,0.107213,2
0.127751,0.124264,0.0721232,2
0.118316,0.128305,0.0859063,2
0.121597,0.168135,0.100091,2
0.208862,0.146997,0.108084,2
0.214729,0.123892,0.0973505,2
0.125863,0.129512,0.106833,2
0.179376,0.153261,0.0865623,2
0.204263,0.124743,0.112264,2
0.130113,0.138324,0.0884725,2
0.163579,0.168649,0.0858004,2
0.14372,0.161846,0.0932486,2
0.158381,0.160194,0.0549379,2
0.218102,0.122955,0.0798399,2
0.11161,0.122069,0.0631989,2
0.182302,0.154338,0.0535971,2
0.199972,0.126568,0.08427,2
0.114147,0.126474,0.111296,2
0.143858,0.120734,0.0459349,2
0.222844,0.116544,0.0927428,2
0.216635,0.168426,0.0900523,2
0.110637,0.12247,0.108662,2
0.18431,0.149006,0.0715043,2
0.217434,0.164586,0.0794362,2
0.115693,0.153638,0.0807915,2
0.12809,0.165265,0.0952951,2
0.155302,0.133566,0.10052,2
0.12534,0.123051,0.092368,2
0.207303,0.126038,0.103829,2
0.175755,0.116063,0.0584462,2
0.159169,0.145604,0.0511023,2
0.174702,0.114254,0.1036,2
0.142053,0.173292,0.0794579,2
0.124262,0.137742,0.0582101,2
0.171538,0.121631,0.0458965,2
0.224104,0.153167,0.0924199,2
0.130092,0.117166,0.0600677,2
0.174576,0.161181,0.0677946,2
0.201843,0.115868,0.112765,2
0.182687,0.135662,0.059714,2
0.222159,0.12428,0.0545251,2
0.218248,0.114491,0.0815983,2
0.139879,0.167675,0.109851,2
0.181325,0.123049,0.0658921,2
0.204786,0.16483,0.0988068,2
0.130816,0.178726,0.106999,2
0.193108,0.144823,0.0878942,2
0.194273,0.162754,0.0983378,2
0.146937,0.11718,0.102254,2
0.109611,0.113867,0.0726737,2
0.111242,0.157771,0.0976712,2
0.125556,0.146533,0.108221,2
0.170122,0.14898,0.0589273,2
0.160698,0.13013,0.0544474,2
0.146529,0.153705,0.0710305,2
0.130297,0.119086,0.0815358,2
0.156114,0.166545,0.0756243,2
0.203238,0.1614,0.0634588,2
0.217547,0.142664,0.0924812,2
0.214536,0.1509,0.057062,2
0.213483,0.146846,0.0762428,2
0.135507,0.133904,0.0686,2
0.172937,0.173563,0.0761382,2
0.146336,0.116602,0.0567053,2
0.134685,0.14341,0.101445,2
0.11533,0.118111,0.05342,2
0.187868,0.129074,0.0937382,2
0.201649,0.126885,0.0925562,2
0.209723,0.131542,0.0720227,2
0.113063,0.13683,0.0799803,2
0.168713,0.159374,0.106205,2
0.203097,0.13259,0.102374,2
0.209189,0.138664,0.103535,2
0.125851,0.156402,0.0718228,2
0.11725,0.115231,0.0934753,2
0.109366,0.130038,0.084417,2
0.132287,0.135951,0.108504,2
0.151102,0.163469,0.105699,2
0.211442,0.135449,0.0674863,2
0.217277,0.134648,0.0846165,2
0.145139,0.118299,0.0745363,2
0.138515,0.180058,0.095944,2
0.13999,0.139277,0.0861043,2
0.109137,0.137332,0.10743,2
0.13809,0.127438,0.0529299,2
0.180762,0.176027,0.11215,2
0.201774,0.145149,0.0668296,2
0.205881,0.114656,0.0841675,2
0.122058,0.153166,0.0976563,2
0.112628,0.136294,0.0674782,2
0.211142,0.177888,0.103598,2
0.201519,0.148237,0.0976279,2
0.153984,0.134896,0.0450783,2
0.120605,0.156844,0.107958,2
0.1175,0.148592,0.0934728,2
0.212099,0.139692,0.0581669,2
0.136248,0.123302,0.090065,2
0.207964,0.116835,0.0703302,2
0.127644,0.155642,0.0888784,2
0.187717,0.145345,0.111704,2
0.110205,0.135697,0.0973439,2
0.216138,0.139569,0.0854148,2
0.149565,0.169955,0.0969299,2
0.135243,0.150108,0.0611641,2
0.173417,0.136656,0.0961095,2
0.112992,0.145092,0.106141,2
0.190666,0.175557,0.0901497,2
0.114496,0.122343,0.0742879,2
0.16436,0.18415,0.0961404,2
0.167979,0.13842,0.0721167,2
0.140751,0.151493,0.0808935,2
0.127249,0.124438,0.0530331,2
0.1176,0.149245,0.0709574,2
0.117573,0.14395,0.0798297,2
0.120455,0.173483,0.0851788,2
0.211907,0.1481,0.0813189,2
0.179055,0.152981,0.0967832,2
0.175429,0.131645,0.113466,2
0.108546,0.122301,0.0907325,2
0.16543,0.167041,0.113953,2
0.114949,0.135593,0.130556,3
0.187992,0.126873,0.158964,3
0.20409,0.154327,0.12293,3
0.128042,0.146872,0.153491,3
0.124158,0.121235,0.179232,3
0.129934,0.114701,0.154953,3
0.108532,0.12303,0.118788,3
0.162596,0.146894,0.165983,3
0.208966,0.156133,0.125879,3
0.13632,0.1173,0.118038,3
0.158595,0.177496,0.143735,3
0.191294,0.166076,0.157585,3
0.207781,0.116166,0.124579,3
0.173075,0.144094,0.130922,3
0.179845,0.134393,0.167597,3
0.123609,0.136914,0.117846,3
0.224661,0.134466,0.170293,3
0.126385,0.133486,0.175058,3
0.131996,0.113959,0.135061,3
0.210387,0.134087,0.126199,3
0.181316,0.178703,0.13659,3
0.2057,0.136814,0.162404,3
0.156111,0.124173,0.13659,3
0.200918,0.181382,0.119347,3
0.129935,0.134493,0.144534,3
0.110547,0.117065,0.151878,3
0.131386,0.165853,0.125163,3
0.162507,0.133484,0.162054,3
0.134492,0.179922,0.13861,3
0.110057,0.125648,0.146435,3
0.203901,0.152092,0.124826,3
0.135476,0.132888,0.136537,3
0.206233,0.127229,0.16711,3
0.222168,0.139428,0.11565,3
0.156465,0.125313,0.153788,3
0.133889,0.134694,0.118627,3
0.110655,0.138848,0.116365,3
0.148661,0.117622,0.160681,3
0.163825,0.148561,0.148815,3
0.154159,0.145662,0.132645,3
0.217707,0.162113,0.129343,3
0.116501,0.125305,0.167953,3
0.123624,0.137122,0.164055,3
0.153986,0.142768,0.15626,3
0.116636,0.156614,0.127658,3
0.131866,0.182726,0.122473,3
0.203817,0.141209,0.13406,3
0.220935,0.129728,0.145028,3
0.155052,0.130224,0.125834,3
0.10937,0.137879,0.138614,3
0.142778,0.168563,0.156788,3
0.170082,0.155583,0.142595,3
0.177761,0.116122,0.131218,3
0.112062,0.159366,0.131048,3
0.182924,0.115662,0.148748,3
0.112947,0.144852,0.128466,3
0.160648,0.126447,0.179582,3
0.188501,0.158318,0.147698,3
0.134223,0.128806,0.177066,3
0.149911,0.139959,0.122558,3
0.160722,0.173958,0.127936,3
0.136028,0.115598,0.17622,3
0.138669,0.150718,0.12498,3
0.166943,0.162633,0.153375,3
0.140749,0.156116,0.155817,3
0.154014,0.138972,0.17975,3
0.146941,0.134343,0.140605,3
0.207434,0.151802,0.161229,3
0.118403,0.115836,0.156259,3
0.183051,0.124141,0.137384,3
0.12354,0.17781,0.130552,3
0.222013,0.145843,0.131783,3
0.139542,0.162469,0.120501,3
0.218748,0.129627,0.118284,3
0.116441,0.137134,0.119134,3
0.201663,0.123645,0.146042,3
0.16382,0.114561,0.180146,3
0.116169,0.114462,0.122089,3
0.211889,0.150462,0.152647,3
0.139155,0.160666,0.140787,3
0.111227,0.114704,0.163204,3
0.196139,0.138745,0.151478,3
0.147708,0.1536,0.175059,3
0.114865,0.164707,0.121463,3
0.143771,0.129615,0.120436,3
0.12404,0.164411,0.12001,3
0.200543,0.122972,0.147491,3
0.125278,0.164065,0.157479,3
0.163415,0.183559,0.132241,3
0.123276,0.164881,0.138169,3
0.20378,0.145348,0.138573,3
0.215397,0.119384,0.173895,3
0.119289,0.149022,0.159572,3
0.19706,0.171538,0.136618,3
0.171103,0.123084,0.164808,3
0.125035,0.122437,0.141983,3
0.191997,0.134283,0.13823,3
0.209959,0.125755,0.133937,3
0.162828,0.159763,0.128975,3
0.139444,0.132317,0.162766,3
0.201739,0.116815,0.163285,3
0.219261,0.135064,0.134088,3
0.202195,0.161519,0.11584,3
0.210115,0.164549,0.148316,3
0.13808,0.170322,0.143215,3
0.115848,0.150283,0.136106,3
0.115434,0.122545,0.132223,3
0.121916,0.173753,0.118215,3
0.186113,0.168844,0.119604,3
0.183638,0.171876,0.147184,3
0.111995,0.128295,0.137435,3
0.108863,0.133215,0.120737,3
0.164853,0.137023,0.150792,3
0.110637,0.137448,0.150537,3
0.18712,0.122193,0.174211,3
0.122256,0.145104,0.126241,3
0.137257,0.161289,0.165107,3
0.112795,0.114871,0.137299,3
0.21559,0.11379,0.141567,3
0.116234,0.141325,0.155497,3
0.117347,0.128064,0.147852,3
0.14489,0.1252,0.171975,3
0.204273,0.168763,0.122976,3
0.11163,0.160494,0.117132,3
