x coord,y coord,z coord,rank
0.199187,0.0570456,0.0835378,0
0.193852,0.0682116,0.154986,0
0.199988,0.0775052,0.149584,0
0.191826,0.0596173,0.14085,0
0.189734,0.0914011,0.0841748,0
0.189186,0.0909572,0.153246,0
0.205014,0.0390588,0.11938,0
0.214462,0.0695868,0.0521619,0
0.197519,0.0598185,0.0651349,0
0.222585,0.0608165,0.141351,0
0.185417,0.0736708,0.14822,0
0.221164,0.051625,0.146519,0
0.223099,0.0399853,0.110903,0
0.20447,0.0983625,0.116569,0
0.21943,0.0773592,0.0763264,0
0.197749,0.0941265,0.145971,0
0.208586,0.103488,0.16831,0
0.209774,0.104264,0.100466,0
0.189363,0.0738299,0.138466,0
0.205297,0.108658,0.133552,0
0.19012,0.100161,0.0558471,0
0.2023,0.0671648,0.0645773,0
0.190046,0.0820755,0.120267,0
0.202082,0.0568248,0.154887,0
0.207625,0.112678,0.0512076,0
0.222601,0.0936514,0.11012,0
0.208252,0.0889922,0.103645,0
0.221869,0.098312,0.0684889,0
0.202707,0.093946,0.124747,0
0.191279,0.102073,0.126189,0
0.190659,0.0862866,0.110978,0
0.19929,0.0709234,0.144637,0
0.20976,0.0982217,0.15372,0
0.194368,0.0968612,0.165435,0
0.214567,0.109792,0.10549,0
0.189539,0.0518516,0.111305,0
0.205616,0.0852981,0.130338,0
0.189321,0.0858774,0.139723,0
0.208957,0.049759,0.110918,0
0.191604,0.0725286,0.0810572,0
0.186183,0.076412,0.158394,0
0.191028,0.108341,0.155345,0
0.209653,0.0988841,0.128079,0
0.201152,0.087035,0.111334,0
0.195454,0.0939221,0.149594,0
0.223585,0.0882554,0.170333,0
0.221415,0.101265,0.071729,0
0.187664,0.108067,0.185778,0
0.189425,0.0738413,0.105494,0
0.201222,0.0512506,0.084584,0
0.21724,0.0808228,0.10201,0
0.215251,0.0980599,0.136092,0
0.1986,0.0445005,0.0949357,0
0.221345,0.0763567,0.161049,0
0.211438,0.112978,0.149798,0
0.21314,0.0689672,0.154783,0
0.218714,0.0666046,0.110926,0
0.216449,0.0861275,0.124975,0
0.221874,0.0990394,0.109764,0
0.193631,0.0652351,0.0767886,0
0.196309,0.0713152,0.112785,0
0.212567,0.0671919,0.0710166,0
0.217912,0.105751,0.132747,0
0.215528,0.0846855,0.0574017,0
0.193414,0.093968,0.0496055,0
0.210487,0.0999327,0.0573102,0
0.189226,0.0968678,0.174943,0
0.192188,0.0860675,0.105032,0
0.189884,0.0650098,0.129587,0
0.210783,0.100402,0.15773,0
0.190886,0.0954832,0.116532,0
0.211053,0.0771945,0.0507914,0
0.214317,0.0877992,0.0823223,0
0.212207,0.0700009,0.114955,0
0.211451,0.0750885,0.0929288,0
0.203167,0.0943784,0.101521,0
0.192108,0.102309,0.0737456,0
0.207928,0.0562298,0.11473,0
0.216006,0.0860196,0.138825,0
0.194875,0.0568509,0.117873,0
0.211556,0.0879601,0.146071,0
0.21016,0.0783345,0.0946652,0
0.201713,0.06155,0.0871997,0
0.204889,0.088669,0.0422502,0
0.18652,0.0856772,0.168616,0
0.209434,0.109284,0.0878943,0
0.208634,0.104493,0.140794,0
0.221001,0.084411,0.0938446,0
0.221647,0.0942698,0.0952712,0
0.21082,0.0803303,0.147912,0
0.192626,0.105428,0.0578624,0
0.192121,0.106853,0.162945,0
0.197257,0.0637075,0.129646,0
0.221766,0.105886,0.111722,0
0.21648,0.10411,0.101432,0
0.211327,0.0651562,0.150327,0
0.202343,0.109171,0.179669,0
0.184641,0.0550666,0.140329,0
0.210136,0.0812281,0.0857209,0
0.223379,0.0943737,0.09742,0
0.198023,0.092815,0.0905649,0
0.189452,0.088195,0.0941323,0
0.214756,0.102304,0.0815766,0
0.184777,0.063378,0.162575,0
0.211802,0.0968518,0.159577,0
0.20702,0.109964,0.116434,0
0.207145,0.0761305,0.119293,0
0.190141,0.105741,0.0721803,0
0.189925,0.0996057,0.142981,0
0.219578,0.0722855,0.137929,0
0.209965,0.0777865,0.121908,0
0.195991,0.0602654,0.080526,0
0.208567,0.105548,0.125435,0
0.190047,0.103857,0.115571,0
0.205692,0.0989327,0.0787399,0
0.224389,0.0637163,0.0817984,0
0.194069,0.071782,0.0963312,0
0.189201,0.110862,0.0563994,0
0.19759,0.0535736,0.0965836,0
0.212505,0.0718146,0.0974108,0
0.220651,0.0613426,0.130635,0
0.196502,0.0900075,0.0497191,0
0.19396,0.0848027,0.0676774,0
0.210333,0.081018,0.112044,0
0.190943,0.0576783,0.105389,0
0.18332,0.101344,0.086255,0
0.183109,0.08974,0.0611664,0
0.148864,0.0972845,0.127656,1
0.11636,0.0826907,0.14725,1
0.111181,0.0937165,0.0838684,1
0.13264,0.0489823,0.121171,1
0.104214,0.108281,0.0611428,1
0.100292,0.0955436,0.135059,1
0.133318,0.0785788,0.0875302,1
0.179508,0.0798431,0.0705213,1
0.0890343,0.109345,0.0968483,1
0.170104,0.0791127,0.174034,1
0.119159,0.0905597,0.120537,1
0.161912,0.103021,0.081387,1
0.0909756,0.087571,0.146486,1
0.153814,0.044484,0.103441,1
0.106275,0.0597458,0.115201,1
0.146394,0.0934345,0.167251,1
0.117781,0.110974,0.110796,1
0.179953,0.0672079,0.130131,1
0.168712,0.0640898,0.0611182,1
0.170282,0.0636357,0.149464,1
0.15217,0.0740674,0.113374,1
0.1323,0.0832897,0.0986911,1
0.169866,0.0814279,0.122504,1
0.0981937,0.0912822,0.0893005,1
0.117869,0.0791682,0.113079,1
0.177773,0.107711,0.134861,1
0.175424,0.0784809,0.0519482,1
0.178947,0.0685034,0.0802761,1
0.0935012,0.108422,0.142812,1
0.135029,0.062687,0.0693798,1
0.114079,0.103477,0.0830637,1
0.108315,0.0804947,0.132129,1
0.116904,0.0588924,0.0814153,1
0.146383,0.0788194,0.0688454,1
0.161959,0.0594631,0.110175,1
0.12254,0.0890702,0.077391,1
0.137504,0.0612338,0.134808,1
0.143262,0.0825043,0.0491206,1
0.123972,0.0923051,0.164817,1
0.116993,0.0774465,0.165904,1
0.175545,0.0913529,0.0810349,1
0.139121,0.101214,0.103675,1
0.14476,0.0860434,0.0828827,1
0.0929895,0.0771436,0.117203,1
0.128752,0.0926556,0.13551,1
0.130539,0.0707535,0.126663,1
0.17499,0.0433317,0.09215,1
0.165309,0.104406,0.142874,1
0.0916313,0.0971792,0.073613,1
0.140072,0.0734208,0.152678,1
0.162194,0.0757142,0.0956384,1
0.130528,0.0933969,0.0492184,1
0.0859609,0.0979159,0.104362,1
0.138516,0.0658493,0.102404,1
0.130303,0.103661,0.14548,1
0.0996936,0.0830601,0.109366,1
0.180344,0.0401939,0.10794,1
0.0862925,0.110973,0.126535,1
0.106657,0.106594,0.0950916,1
0.121504,0.108698,0.164015,1
0.154359,0.0542293,0.123852,1
0.139383,0.0540327,0.0969876,1
0.154813,0.108286,0.110237,1
0.149352,0.0880915,0.0727497,1
0.114738,0.0546071,0.106093,1
0.119976,0.0665686,0.134934,1
0.176523,0.0549876,0.0886521,1
0.171257,0.102545,0.164629,1
0.164486,0.103947,0.121118,1
0.147268,0.0879854,0.155739,1
0.169686,0.097006,0.175583,1
0.174812,0.0915029,0.154226,1
0.113317,0.0860949,0.0971171,1
0.17047,0.0677102,0.105706,1
0.176539,0.101224,0.108232,1
0.11917,0.0887489,0.15524,1
0.100244,0.093772,0.120257,1
0.136215,0.0645425,0.1573,1
0.117009,0.0971173,0.0712027,1
0.0993134,0.108406,0.0872431,1
0.0883748,0.0989102,0.119757,1
0.0921339,0.0771225,0.142546,1
0.166216,0.0542955,0.152946,1
0.153813,0.0805157,0.165647,1
0.161792,0.0759691,0.132634,1
0.0965667,0.107804,0.119496,1
0.17356,0.0975964,0.0441424,1
0.0835615,0.109147,0.137635,1
0.0839734,0.0834348,0.0993251,1
0.102844,0.11094,0.105139,1
0.155142,0.0894305,0.0576163,1
0.133914,0.0480332,0.138681,1
0.146532,0.0640499,0.0880925,1
0.0881243,0.0965461,0.12997,1
0.148999,0.0948682,0.0449879,1
0.158593,0.084622,0.109983,1
0.151464,0.111322,0.0499718,1
0.130587,0.0821136,0.0637689,1
0.105966,0.108764,0.144297,1
0.171749,0.0984416,0.0960118,1
0.102137,0.0698765,0.0841515,1
0.152418,0.0634422,0.0745371,1
0.149881,0.0593483,0.14522,1
0.144057,0.103986,0.174721,1
0.106163,0.0867729,0.140676,1
0.139174,0.0574776,0.112567,1
0.110747,0.112171,0.0774924,1
0.169086,0.0423555,0.120454,1
0.115958,0.0704841,0.0857516,1
0.179468,0.0815259,0.141346,1
0.107221,0.0813924,0.070976,1
0.133691,0.0696405,0.113184,1
0.119141,0.0709433,0.0645399,1
0.133257,0.102862,0.0609785,1
0.16577,0.103098,0.0532226,1
0.100374,0.0798644,0.154873,1
0.114775,0.0995633,0.155064,1
0.123317,0.0807972,0.135703,1
0.108357,0.069582,0.139541,1
0.147099,0.086573,0.138586,1
0.079894,0.0916279,0.119065,1
0.100438,0.0672781,0.0971008,1
0.124814,0.110852,0.134657,1
0.197328,0.168763,0.122976,2
0.190382,0.115156,0.0814502,2
0.189774,0.11379,0.141567,2
0.193307,0.168868,0.108676,2
0.205797,0.1597,0.111094,2
0.21913,0.163221,0.107171,2
0.193217,0.145951,0.107213,2
0.210383,0.122193,0.174211,2
0.205984,0.136981,0.150834,2
0.214644,0.171876,0.147184,2
0.192438,0.146997,0.108084,2
0.191167,0.123892,0.0973505,2
0.21157,0.168844,0.119604,2
0.220526,0.153261,0.0865623,2
0.197313,0.124743,0.112264,2
0.192832,0.164549,0.148316,2
0.203859,0.168649,0.0858004,2
0.202583,0.161519,0.11584,2
0.19506,0.160194,0.0549379,2
0.189376,0.122955,0.0798399,2
0.189268,0.135064,0.134088,2
0.216401,0.154338,0.0535971,2
0.198536,0.126568,0.08427,2
0.214875,0.116815,0.163285,2
0.202587,0.159763,0.128975,2
0.223113,0.116544,0.0927428,2
0.190621,0.168426,0.0900523,2
0.212504,0.125755,0.133937,2
0.213787,0.148964,0.0715669,2
0.190422,0.164586,0.0794362,2
0.205211,0.134283,0.13823,2
0.216298,0.123084,0.164808,2
0.189759,0.133733,0.100207,2
0.200726,0.171538,0.136618,2
0.215643,0.126038,0.103829,2
0.223836,0.116063,0.0584462,2
0.196398,0.145604,0.0511023,2
0.222148,0.114254,0.1036,2
0.190975,0.119384,0.173895,2
0.196046,0.145348,0.138573,2
0.21701,0.121777,0.0458965,2
0.18925,0.153167,0.0924199,2
0.203581,0.183559,0.132241,2
0.221942,0.161181,0.0677946,2
0.215716,0.115868,0.112765,2
0.215891,0.135662,0.059714,2
0.189577,0.12428,0.0545251,2
0.209657,0.114491,0.0815983,2
0.198122,0.122972,0.147491,2
0.217738,0.123049,0.0658921,2
0.19652,0.16483,0.0988068,2
0.201477,0.138745,0.151478,2
0.204159,0.144823,0.0878942,2
0.203094,0.162754,0.0983378,2
0.19085,0.150462,0.152647,2
0.204263,0.114561,0.180146,2
0.214138,0.123645,0.146042,2
0.190129,0.129627,0.118284,2
0.214686,0.14898,0.0589273,2
0.198997,0.13013,0.0544474,2
0.189189,0.145843,0.131783,2
0.215401,0.124141,0.137384,2
0.191174,0.166545,0.0756243,2
0.196379,0.1614,0.0634588,2
0.190395,0.142664,0.0924812,2
0.191224,0.1509,0.0570724,2
0.191553,0.146846,0.0762428,2
0.194061,0.151802,0.161229,2
0.219284,0.173563,0.0761382,2
0.209449,0.162633,0.153375,2
0.199049,0.173958,0.127936,2
0.208838,0.158318,0.147698,2
0.209542,0.129074,0.0937382,2
0.213958,0.126885,0.0925562,2
0.212712,0.131542,0.0720227,2
0.198922,0.126447,0.179582,2
0.212368,0.159374,0.106205,2
0.199695,0.132423,0.102687,2
0.213235,0.138664,0.103535,2
0.215577,0.115662,0.148748,2
0.222962,0.116122,0.131218,2
0.214619,0.155583,0.142595,2
0.189213,0.129728,0.145028,2
0.198131,0.141209,0.13406,2
0.192295,0.135449,0.0674863,2
0.190469,0.134648,0.0846165,2
0.189417,0.162113,0.129343,2
0.204267,0.148561,0.148815,2
0.19177,0.125313,0.153788,2
0.218434,0.139428,0.11565,2
0.194669,0.127229,0.16711,2
0.218524,0.176027,0.11215,2
0.204991,0.145149,0.0668296,2
0.195092,0.114656,0.0841675,2
0.197973,0.152092,0.124826,2
0.202047,0.133484,0.162054,2
0.192409,0.177888,0.103598,2
0.20748,0.148237,0.0976279,2
0.197876,0.181382,0.119347,2
0.191172,0.124173,0.13659,2
0.194959,0.136814,0.162404,2
0.190789,0.139692,0.0581669,2
0.217747,0.178703,0.13659,2
0.193106,0.116835,0.0703302,2
0.21213,0.134087,0.126199,2
0.20971,0.145345,0.111704,2
0.189308,0.134466,0.170293,2
0.220764,0.139569,0.0854148,2
0.219843,0.134393,0.167597,2
0.219508,0.144094,0.130922,2
0.220067,0.136656,0.0961095,2
0.193226,0.116166,0.124579,2
0.206544,0.175557,0.0901497,2
0.205904,0.166076,0.157585,2
0.205157,0.18415,0.0961404,2
0.21117,0.13842,0.0721167,2
0.195439,0.177496,0.143735,2
0.213465,0.156133,0.125879,2
0.202213,0.146894,0.165983,2
0.195867,0.154327,0.12293,2
0.209395,0.126873,0.158964,2
0.211101,0.1481,0.0813189,2
0.221005,0.152981,0.0967832,2
0.223315,0.131645,0.113466,2
0.206946,0.167041,0.113953,2
0.189342,0.130224,0.125834,2
0.18779,0.145662,0.132645,2
0.187536,0.138972,0.17975,2
0.18748,0.134896,0.0450888,2
0.18748,0.142768,0.15626,2
0.107297,0.135593,0.130556,3
0.084246,0.122301,0.0907325,3
0.121509,0.173483,0.0851788,3
0.138489,0.146872,0.153491,3
0.130073,0.121235,0.179232,3
0.142441,0.114701,0.154953,3
0.0841265,0.12303,0.118788,3
0.114343,0.14395,0.0798297,3
0.114426,0.149286,0.0708948,3
0.155199,0.1173,0.118038,3
0.136789,0.124438,0.0530331,3
0.163641,0.151493,0.0808935,3
0.105966,0.122343,0.0742879,3
0.101521,0.145092,0.106141,3
0.15308,0.150108,0.0611641,3
0.128811,0.136914,0.117846,3
0.179707,0.169955,0.0969299,3
0.13494,0.133486,0.175058,3
0.146646,0.113959,0.135061,3
0.0917843,0.135697,0.0973439,3
0.137624,0.155642,0.0888784,3
0.155044,0.123302,0.090065,3
0.114162,0.148592,0.0934728,3
0.12185,0.156844,0.107958,3
0.142442,0.134493,0.144534,3
0.0931716,0.117065,0.151878,3
0.145406,0.165853,0.125163,3
0.171298,0.1252,0.171975,3
0.151613,0.179922,0.13861,3
0.0912543,0.125648,0.146435,3
0.100334,0.136294,0.0674782,3
0.153534,0.132888,0.136537,3
0.125308,0.153166,0.0976563,3
0.158591,0.127438,0.0529299,3
0.0872017,0.137332,0.10743,3
0.150434,0.134694,0.118627,3
0.0935786,0.138848,0.116365,3
0.178092,0.117622,0.160681,3
0.162195,0.139277,0.0861043,3
0.0970553,0.160494,0.117132,3
0.159404,0.180058,0.095944,3
0.111541,0.125305,0.167953,3
0.128854,0.137122,0.164055,3
0.11376,0.128064,0.147852,3
0.111896,0.156614,0.127658,3
0.146378,0.182726,0.122473,3
0.171739,0.118299,0.0745363,3
0.182424,0.163469,0.105699,3
0.137722,0.178176,0.0964157,3
0.0883153,0.137879,0.138614,3
0.167399,0.168563,0.156788,3
0.147238,0.135951,0.108504,3
0.088338,0.130038,0.084417,3
0.0984767,0.159366,0.131048,3
0.113552,0.115231,0.0934753,3
0.101367,0.144852,0.128466,3
0.133801,0.156402,0.0718228,3
0.101756,0.13683,0.0799803,3
0.151097,0.128806,0.177066,3
0.180326,0.139959,0.122558,3
0.108338,0.118111,0.05342,3
0.154608,0.115598,0.17622,3
0.159693,0.150718,0.12498,3
0.152002,0.14341,0.101445,3
0.163616,0.156116,0.155817,3
0.0995692,0.126803,0.0916308,3
0.174999,0.134343,0.140605,3
0.173926,0.116602,0.0567053,3
0.116493,0.115836,0.156259,3
0.153592,0.133904,0.0686,3
0.128689,0.17781,0.130552,3
0.143189,0.119086,0.0815358,3
0.161364,0.162469,0.120501,3
0.174256,0.153705,0.0710305,3
0.111398,0.137134,0.119134,3
0.133145,0.146533,0.108221,3
0.095707,0.157771,0.0976712,3
0.110656,0.114462,0.122089,3
0.0894031,0.113867,0.0726737,3
0.160619,0.160666,0.140787,3
0.095662,0.114704,0.163204,3
0.174992,0.11718,0.102254,3
0.176396,0.1536,0.175059,3
0.107073,0.164707,0.121463,3
0.169244,0.129615,0.120436,3
0.129792,0.164411,0.12001,3
0.144258,0.178726,0.106999,3
0.132543,0.164065,0.157479,3
0.162004,0.167675,0.109851,3
0.128094,0.164881,0.138169,3
0.142764,0.117166,0.0600677,3
0.13029,0.137742,0.0582101,3
0.118699,0.149022,0.159572,3
0.16607,0.173292,0.0794579,3
0.132659,0.123051,0.092368,3
0.131993,0.122437,0.141983,3
0.138566,0.165265,0.0952951,3
0.109385,0.153638,0.0807915,3
0.0935058,0.12247,0.108662,3
0.161181,0.132317,0.162766,3
0.169386,0.120588,0.0459453,3
0.105012,0.126474,0.111296,3
0.0969793,0.122069,0.0631989,3
0.169141,0.161846,0.0932486,3
0.158582,0.170322,0.143215,3
0.109788,0.150283,0.136106,3
0.108661,0.122545,0.132223,3
0.124977,0.173753,0.118215,3
0.142788,0.138324,0.0884725,3
0.133812,0.129512,0.106833,3
0.0983265,0.128295,0.137435,3
0.0859088,0.133215,0.120737,3
0.124219,0.168135,0.100091,3
0.093509,0.137489,0.150496,3
0.116242,0.128305,0.0859063,3
0.125729,0.145104,0.126241,3
0.15699,0.161289,0.165107,3
0.100857,0.114871,0.137299,3
0.137872,0.124264,0.0721232,3
0.11086,0.141325,0.155497,3
