x coord,y coord,z coord,rank
0.177027,0.101156,0.0245414,0
0.18533,0.115458,0.201749,0
0.151143,0.148861,0.102038,0
0.220807,0.184428,0.00347097,0
0.22136,0.201131,0.06654,0
0.218589,0.119679,0.0709808,0
0.177523,0.11279,0.0727149,0
0.136688,0.223911,0.120287,0
0.132525,0.201328,0.0456385,0
0.184188,0.120722,0.104447,0
0.18596,0.179983,0.160114,0
0.147528,0.203268,0.0914728,0
0.180997,0.142031,0.116607,0
0.218188,0.170391,0.0813267,0
0.17123,0.216786,0.109007,0
0.149188,0.143881,0.179274,0
0.180801,0.192203,0.14237,0
0.223836,0.216642,0.115666,0
0.209221,0.185258,0.0841829,0
0.185709,0.199507,0.0147092,0
0.222439,0.172473,0.186222,0
0.216244,0.11176,0.0613176,0
0.140803,0.224831,0.136225,0
0.206204,0.108935,0.00804329,0
0.135236,0.155573,0.0217723,0
0.126533,0.159717,0.21704,0
0.144242,0.215305,0.1886,0
0.196217,0.130007,0.188021,0
0.145706,0.0996478,0.142137,0
0.124309,0.174906,0.137582,0
0.115668,0.195253,0.183936,0
0.148109,0.139764,0.206489,0
0.213865,0.208187,0.0542494,0
0.182102,0.194993,0.0962604,0
0.137541,0.147522,0.1499,0
0.107525,0.160143,0.207705,0
0.158686,0.153832,0.0449984,0
0.146088,0.221118,0.156225,0
0.11507,0.221114,0.0543494,0
0.190834,0.189859,0.100184,0
0.197857,0.121457,0.113035,0
0.10969,0.182678,0.125273,0
0.121954,0.158013,0.127518,0
0.169983,0.171981,0.106285,0
0.188732,0.150489,0.196534,0
0.196138,0.19862,0.12638,0
0.218212,0.170557,0.012283,0
0.180437,0.176487,0.157405,0
0.186384,0.132766,0.133293,0
0.17958,0.132353,0.17318,0
0.170648,0.222959,0.00616557,0
0.13514,0.203036,0.223644,0
0.221792,0.173795,0.0667657,0
0.115169,0.111676,0.2206,0
0.213201,0.146667,0.0902215,0
0.129257,0.124339,0.155141,0
0.222577,0.219246,0.0467249,0
0.126404,0.128604,0.0727969,0
0.219017,0.172996,0.169356,0
0.138324,0.173995,0.123035,0
0.192668,0.170269,0.2224,0
0.205021,0.154523,0.208915,0
0.205245,0.128118,0.101006,0
0.130655,0.16794,0.151174,0
0.127808,0.172695,0.0742095,0
0.17366,0.177171,0.0594556,0
0.195193,0.117887,0.186259,0
0.19466,0.111216,0.179299,0
0.138929,0.1342,0.028389,0
0.198864,0.152071,0.0440299,0
0.167365,0.143707,0.1189,0
0.133423,0.205405,0.077559,0
0.180162,0.169091,0.112949,0
0.199228,0.159761,0.21319,0
0.204523,0.185053,0.0827797,0
0.139372,0.202728,0.13155,0
0.222264,0.114447,0.193365,0
0.190753,0.178375,0.166898,0
0.169389,0.169509,0.164504,0
0.160435,0.207049,0.0138594,0
0.174491,0.157961,0.0935239,0
0.110606,0.221697,0.164409,0
0.213911,0.152544,0.151127,0
0.208305,0.212855,0.168875,0
0.174658,0.220026,0.0551741,0
0.2057,0.110249,0.0380059,0
0.189094,0.147581,0.187957,0
0.11119,0.13895,0.0517879,0
0.136919,0.201171,0.159259,0
0.190036,0.223705,0.153443,0
0.127509,0.214233,0.181293,0
0.15691,0.193325,0.109237,0
0.201825,0.15999,0.217942,0
0.223928,0.117738,0.195558,0
0.15738,0.12359,0.214136,0
0.117594,0.202696,0.20251,0
0.116403,0.216626,0.144133,0
0.136617,0.111153,0.0529154,0
0.224251,0.14779,0.0313881,0
0.144667,0.175781,0.0517199,0
0.153928,0.148774,0.221999,0
0.120017,0.142993,0.151361,0
0.111552,0.202893,0.113362,0
0.174176,0.113764,0.182918,0
0.199459,0.132489,0.0476357,0
0.2232,0.152603,0.0369037,0
0.142631,0.159962,0.0365093,0
0.195445,0.130402,0.138646,0
0.139976,0.163922,0.0848523,0
0.146677,0.193254,0.0227244,0
0.223577,0.175125,0.0144587,0
0.137408,0.17232,0.0500275,0
0.158433,0.191641,0.083211,0
0.197131,0.128816,0.118702,0
0.208273,0.201586,0.117741,0
0.108056,0.131673,0.141414,0
0.133159,0.118012,0.203667,0
0.217086,0.116332,0.177557,0
0.156104,0.117469,0.13631,0
0.14601,0.194939,0.108847,0
0.108872,0.132605,0.129471,0
0.182239,0.104938,0.0449316,0
0.00725996,0.103369,0.0648647,1
0.100302,0.175197,0.0194883,1
0.00814103,0.101452,0.106407,1
0.0478486,0.140891,0.0963472,1
0.0988513,0.166746,0.0334229,1
0.0183366,0.110151,0.07972,1
0.0838305,0.102138,0.218541,1
0.0685686,0.104715,0.176801,1
0.103223,0.200652,0.0938573,1
0.00712488,0.103203,0.0466815,1
0.0657112,0.0994248,0.0912405,1
0.0447351,0.22048,0.075469,1
0.0449314,0.214684,0.0984093,1
0.0481565,0.115429,0.09642,1
0.102469,0.100165,0.0357301,1
0.0840571,0.155634,0.0780892,1
0.0298522,0.121311,0.134798,1
0.0145283,0.221559,0.223648,1
0.0233448,0.141508,0.0323075,1
0.105442,0.129373,0.131413,1
0.0113911,0.159514,0.194289,1
0.00381149,0.14414,0.218635,1
0.0595741,0.212976,0.145282,1
0.0266011,0.135923,0.035243,1
0.0750954,0.19605,0.0149691,1
0.0808772,0.160476,0.0649367,1
0.101605,0.120953,0.189324,1
0.0641565,0.203795,0.0418357,1
0.000708468,0.21212,0.0850567,1
0.00760064,0.1821,0.104647,1
0.051343,0.119451,0.0227743,1
0.0563335,0.212046,0.0965307,1
0.0203845,0.194567,0.169958,1
0.0850672,0.1437,0.107339,1
0.0797299,0.152685,0.0497963,1
0.0334386,0.168986,0.0856616,1
0.0937137,0.183784,0.00388506,1
0.0906046,0.169753,0.220204,1
0.0121061,0.185292,0.101044,1
0.0239936,0.219841,0.0824668,1
0.0992724,0.13767,0.207953,1
0.0126487,0.183357,0.100257,1
0.01836,0.136512,0.207466,1
0.0308956,0.146225,0.121575,1
0.0579745,0.18221,0.0966676,1
0.0998116,0.190839,0.00789553,1
0.0716447,0.184885,0.159858,1
0.0289798,0.167508,0.146296,1
0.027396,0.185911,0.120395,1
0.0342882,0.184741,0.0275745,1
0.0273117,0.200081,0.154187,1
0.0958304,0.126629,0.119727,1
0.101216,0.184719,0.0313376,1
0.0603588,0.144205,0.211074,1
0.0241215,0.142431,0.178987,1
0.0823224,0.182313,0.0277567,1
0.0610486,0.215914,0.116498,1
0.0863719,0.141485,0.04659,1
0.0606851,0.138815,0.13133,1
0.0393149,0.183344,0.151538,1
0.014094,0.15441,0.182787,1
0.0603565,0.196709,0.218886,1
0.0678187,0.145124,0.215891,1
0.0817907,0.136782,0.11012,1
0.0206582,0.130909,0.190766,1
0.0148136,0.125375,0.0120306,1
0.0533115,0.146717,0.137072,1
0.0289141,0.21444,0.201074,1
0.000363342,0.208548,0.0499882,1
0.0230429,0.104594,0.0852066,1
0.0605572,0.138293,0.13818,1
0.0479128,0.187325,0.0323046,1
0.0891868,0.19108,0.197781,1
0.0953166,0.198331,0.199243,1
0.0507891,0.146685,0.0155642,1
0.00491104,0.168416,0.144315,1
0.0437654,0.207284,0.0847918,1
0.0933948,0.164326,0.0301835,1
0.0705171,0.14686,0.0742411,1
0.0917474,0.16708,0.175661,1
0.0545348,0.212863,0.0428239,1
0.0842209,0.150254,0.0365018,1
0.00757983,0.151635,0.1436,1
0.0811785,0.214208,0.0463478,1
0.0805068,0.147065,0.0712167,1
0.0398706,0.224976,0.141304,1
0.0374672,0.144618,0.0979355,1
0.0494593,0.173865,0.076488,1
0.0446876,0.153052,0.0112369,1
0.0391575,0.198791,0.135129,1
0.0601805,0.140692,0.205481,1
0.0245201,0.211705,0.222674,1
0.0405856,0.160069,0.114329,1
0.0287352,0.192933,0.160177,1
0.029026,0.219486,0.174973,1
0.0992634,0.223512,0.218877,1
0.0242774,0.21118,0.158019,1
0.0167914,0.125846,0.165797,1
0.0765661,0.14577,0.205081,1
0.0349289,0.171196,0.0177267,1
0.0871592,0.178544,0.161867,1
0.0378302,0.222574,0.168218,1
0.0804601,0.177534,0.0523857,1
0.0425796,0.194208,0.193676,1
0.0994971,0.122079,0.183744,1
0.0958313,0.122943,0.0916516,1
0.0714521,0.124307,0.145264,1
0.00542523,0.156868,0.0861143,1
0.0428301,0.222597,0.0594919,1
0.0337673,0.171276,0.071457,1
0.00921764,0.151882,0.108013,1
0.104414,0.0996634,0.217667,1
0.0288086,0.115221,0.149321,1
0.0705102,0.183275,0.0724084,1
0.0533911,0.178132,0.0763033,1
0.00729642,0.136177,0.0458675,1
0.101746,0.133947,0.200493,1
0.0831261,0.171912,0.109419,1
0.0876745,0.123288,0.183385,1
0.0599504,0.127231,0.177791,1
0.0701828,0.112594,0.156438,1
0.014802,0.1051,0.191923,1
0.0535123,0.11685,0.189333,1
0.0833527,0.167322,0.195632,1
0.0958718,0.106227,0.0674409,1
0.0991087,0.123644,0.185038,1
0.0931809,0.210672,0.115298,1
0.00657674,0.102044,0.111335,1
0.10135,0.116726,0.163758,1
0.101148,0.205455,0.0360962,1
0.0591756,0.0205936,0.135596,2
0.0404474,0.0513807,0.149858,2
0.138549,0.00246563,0.157937,2
0.0980514,0.00562366,0.0613592,2
0.141249,0.0421363,0.187707,2
0.102559,0.0680826,0.0254242,2
0.100274,0.0168101,0.00676904,2
0.114934,0.0908511,0.168276,2
0.130928,0.0489083,0.178822,2
0.130414,0.00386318,0.135343,2
0.097418,0.0145313,0.19533,2
0.0152852,0.0431212,0.168788,2
0.129355,0.0319474,0.176134,2
0.0491473,0.0421114,0.201017,2
0.10925,0.00137056,0.163813,2
0.00421648,0.0329346,0.171055,2
0.0716187,0.0516255,0.163668,2
0.0756127,0.0107593,0.116198,2
0.0150323,0.0867277,0.0365578,2
0.0233704,0.0447043,0.171973,2
0.0828491,0.0014782,0.172956,2
0.106434,0.0692423,0.112774,2
0.0994718,0.0705221,0.0076796,2
0.103904,0.054922,0.0628106,2
0.0689975,0.0903695,0.00525911,2
0.0951996,0.00694578,0.078217,2
0.0432525,0.0290333,0.214688,2
0.109695,0.0850392,0.171646,2
0.036703,0.0966405,0.0961603,2
0.0189712,0.0256395,0.203236,2
0.0145495,0.0975296,0.0722013,2
0.00483406,0.0826684,0.142497,2
0.0942411,0.0847814,0.0794715,2
0.115687,0.08609,0.184376,2
0.0606936,0.0871023,0.218368,2
0.0111225,0.0061397,0.206399,2
0.0504691,0.0443858,0.154666,2
0.130023,0.0398203,0.155505,2
0.121904,0.0312148,0.0776142,2
0.0606024,0.0507072,0.0655292,2
0.14087,0.00753382,0.145226,2
0.116618,0.024923,0.097506,2
0.0350401,0.0850743,0.0205629,2
0.0598446,0.0789696,0.0349852,2
0.0862185,0.0682822,0.205768,2
0.0799069,0.0227167,0.0373008,2
0.0630539,0.0507122,0.12258,2
0.110131,0.0742193,0.17968,2
0.140228,0.0921085,0.136741,2
0.108889,0.0813991,0.0737312,2
0.0884715,0.0797032,0.166609,2
0.121664,0.0355921,0.0749913,2
0.067899,0.0974381,0.0854554,2
0.102446,0.0332488,0.190917,2
0.0500862,0.0636986,0.0350751,2
0.0208879,0.0946805,0.172354,2
0.132546,0.0928565,0.0272897,2
0.0488406,0.0676961,0.115819,2
0.0574909,0.013312,0.0900704,2
0.0276069,0.0938044,0.010863,2
0.0518179,0.0517758,0.110452,2
0.010731,0.0577396,0.0310739,2
0.090277,0.0216356,0.164528,2
0.05517,0.0114866,0.115298,2
0.0176541,0.0404512,0.0933239,2
0.0972924,0.047922,0.0447705,2
0.109604,0.0713297,0.125379,2
0.108098,0.0515114,0.0588942,2
0.0684719,0.0864432,0.127214,2
0.13173,0.0591724,0.0465107,2
0.0231791,0.0437843,0.137544,2
0.0892645,0.0963551,0.146391,2
0.0500458,0.0578145,0.00522479,2
0.0767169,0.0621805,0.0515798,2
0.0239869,0.00254768,0.0397623,2
0.0687511,0.0614815,0.156261,2
0.116787,0.0458597,0.18669,2
0.0756856,0.0539836,0.0496986,2
0.00369971,0.0655561,0.0332625,2
0.0513324,0.084901,0.0268299,2
0.0474121,0.0667091,0.0035446,2
0.0607493,0.00314702,0.0854786,2
0.0864995,0.0825499,0.056271,2
0.026029,0.0959654,0.0301556,2
0.00154222,0.0591544,0.0194778,2
0.141321,0.0927931,0.134636,2
0.108633,0.0893881,0.158465,2
0.0191766,0.0328012,0.0291808,2
0.0558478,0.049372,0.0279564,2
0.0837146,0.000519503,0.103439,2
0.00723762,0.0164232,0.141412,2
0.00435811,0.0968097,0.0432529,2
0.0537789,0.0736376,0.0954885,2
0.080662,0.02488,0.0541979,2
0.125275,0.0768259,0.224268,2
0.082072,0.0668075,0.198444,2
0.0695602,0.0495709,0.0765782,2
0.105898,0.0136707,0.115026,2
0.122166,0.0555126,0.0434213,2
0.129506,0.0173183,0.0642095,2
0.0851842,0.00440527,0.0556511,2
0.0288973,0.0540458,0.124455,2
0.0738052,0.0889308,0.0567869,2
0.135654,0.0337353,0.130383,2
0.088908,0.0109933,0.000746872,2
0.0861767,0.0644785,0.00527986,2
0.107633,0.000909188,0.073684,2
0.0486198,0.0250013,0.0829867,2
0.101457,0.0749596,0.0639738,2
0.0513729,0.0631562,0.0378402,2
0.119185,0.0825154,0.0345124,2
0.0859819,0.00756551,0.0111668,2
0.103053,0.0312478,0.127687,2
0.0904726,0.0881668,0.0355445,2
0.0532672,0.0883766,0.12219,2
0.00996037,0.0778422,0.0355531,2
0.00754109,0.0968155,0.046194,2
0.0951557,0.0763071,0.088549,2
0.0864643,0.0889825,0.0938485,2
0.136098,0.0273214,0.17457,2
0.0140526,0.064826,0.0471265,2
0.00311275,0.0530931,0.0812401,2
0.107598,0.0973233,0.0384481,2
0.141608,0.0908828,0.133403,2
0.140714,0.0847489,0.135007,2
0.141751,0.093798,0.1331,2
0.141639,0.0919515,0.13421,2
0.139287,0.0958735,0.139561,2
0.140757,0.0887815,0.137477,2
0.140991,0.0863056,0.13894,2
0.141396,0.0844919,0.134667,2
0.141762,0.0901064,0.13469,2
0.0744125,0.0990594,0.162019,2
0.140396,0.0768308,0.206974,2
0.14129,0.0851749,0.134919,2
0.141488,0.088416,0.136182,2
0.163034,0.056601,0.0546802,3
0.213193,0.0611319,0.173285,3
0.14733,0.093412,0.133714,3
0.147714,0.0878052,0.139053,3
0.151887,0.0921274,0.139198,3
0.144671,0.0923545,0.136409,3
0.164807,0.00981196,0.19967,3
0.170786,0.0572631,0.126378,3
0.224791,0.0461791,0.216408,3
0.147436,0.091646,0.135993,3
0.145259,0.0772708,0.0836652,3
0.216055,0.00952219,0.212096,3
0.161614,0.00552691,0.0749573,3
0.177092,0.0259489,0.148401,3
0.19113,0.0733355,0.214547,3
0.149218,0.0860546,0.131765,3
0.212505,0.0139977,0.109488,3
0.222218,0.0225423,0.051668,3
0.167355,0.0575017,0.10084,3
0.179169,0.0158617,0.17312,3
0.162787,0.0744705,0.0907116,3
0.174546,0.0413285,0.0639493,3
0.202964,0.0536548,0.0111921,3
0.191837,0.0143429,0.0806377,3
0.165545,0.0201934,0.121717,3
0.203678,0.0360813,0.18719,3
0.146293,0.093911,0.138267,3
0.146801,0.0884393,0.136852,3
0.171156,0.0650587,0.094588,3
0.144998,0.0621383,0.100591,3
0.146629,0.0856773,0.137878,3
0.193915,0.0114576,0.165421,3
0.199435,0.044909,0.0623339,3
0.149154,0.0917727,0.136495,3
0.178274,0.05403,0.0380376,3
0.145375,0.0880756,0.133117,3
0.154301,0.0156839,0.118898,3
0.157024,0.0158347,0.112253,3
0.148962,0.0891152,0.136503,3
0.148914,0.0633613,0.0529312,3
0.213468,0.0562048,0.0321229,3
0.211377,0.089837,0.153873,3
0.157157,0.0516051,0.00120733,3
0.195693,0.0578614,0.0730986,3
0.220702,0.0237148,0.0565826,3
0.146601,0.0972236,0.134991,3
0.20364,0.0521467,0.0542975,3
0.192298,0.033553,0.142155,3
0.216063,0.0905479,0.0870194,3
0.185547,0.0553504,0.0457987,3
0.148591,0.093702,0.133819,3
0.144836,0.0672338,0.0815504,3
0.150688,0.0879372,0.133666,3
0.221293,0.0713712,0.0698729,3
0.159512,0.00942497,0.0775623,3
0.166966,0.0443758,0.00847116,3
0.172212,0.0109719,0.196956,3
0.166484,0.0425697,0.0474194,3
0.14685,0.0932715,0.135827,3
0.155107,0.0207157,0.00256131,3
0.177603,0.0567898,0.221147,3
0.150454,0.0927211,0.133207,3
0.200003,0.0325292,0.0487253,3
0.223551,0.0809698,0.0642678,3
0.17702,0.0161888,0.110503,3
0.207428,0.0192616,0.0206275,3
0.144631,0.087619,0.132666,3
0.163352,0.0108669,0.139237,3
0.144048,0.0875735,0.137101,3
0.14788,0.0896033,0.134124,3
0.188625,0.0726414,0.159714,3
0.217628,0.0370405,0.154613,3
0.149719,0.0871784,0.136346,3
0.198434,0.0105289,0.155138,3
0.146423,0.0914321,0.137871,3
0.185754,0.0113632,0.0749232,3
0.149587,0.0929306,0.135699,3
0.149458,0.0943815,0.135919,3
0.20356,0.018412,0.118474,3
0.145182,0.0905802,0.132754,3
0.197109,0.059875,0.103142,3
0.144298,0.0947269,0.137921,3
0.191055,0.0920864,0.0534313,3
0.180455,0.0433163,0.129958,3
0.144737,0.0530418,0.173427,3
0.148281,0.0968176,0.133492,3
0.160388,0.0798806,0.133076,3
0.187089,0.0622733,0.0638097,3
0.146525,0.0907712,0.134297,3
0.221621,0.00469548,0.192184,3
0.204722,0.00427581,0.13284,3
0.192185,0.0838736,0.200694,3
0.149673,0.098289,0.140388,3
0.224399,0.0926503,0.204058,3
0.149677,0.0909129,0.140241,3
0.146403,0.0887824,0.134675,3
0.155791,0.0351819,0.212797,3
0.142527,0.0912077,0.135403,3
0.14515,0.0955426,0.134462,3
0.148435,0.0907935,0.132865,3
0.173508,0.0242446,0.0981097,3
0.149211,0.0941697,0.140061,3
0.143511,0.0919633,0.140787,3
0.150597,0.0867335,0.134153,3
0.148499,0.0877562,0.132651,3
0.142856,0.0977828,0.135065,3
0.148688,0.0910032,0.138353,3
0.186518,0.0769222,0.173633,3
0.222029,0.0880579,0.0990817,3
0.150166,0.0603346,0.0447606,3
0.171233,0.0843142,0.168436,3
0.144666,0.0946416,0.140098,3
