x coord,y coord,z coord,rank
0.162393,0.151979,0.103684,0
0.0224098,0.177583,0.0380816,0
0.10417,0.199323,0.0338834,0
0.103142,0.166688,0.0152549,0
0.0797216,0.195261,0.020252,0
0.0925899,0.22322,0.0696001,0
0.219241,0.14434,0.116386,0
0.0885783,0.163839,0.0125774,0
0.0905433,0.149744,0.0714231,0
0.0747654,0.201527,0.0545816,0
0.0267279,0.195325,0.0865465,0
0.216402,0.142438,0.117235,0
0.213923,0.14483,0.1183,0
0.0749307,0.163046,0.0714525,0
0.208688,0.142627,0.115,0
0.0213019,0.137815,0.0775391,0
0.193936,0.143569,0.0635004,0
0.218718,0.188024,0.0743019,0
0.20975,0.141813,0.117717,0
0.0622076,0.148152,0.0695545,0
0.095791,0.131471,0.00968246,0
0.188439,0.169201,0.0301494,0
0.209936,0.143588,0.116313,0
0.200767,0.157342,0.0642451,0
0.0955455,0.197599,0.0456436,0
0.00571572,0.143149,0.0907557,0
0.0889373,0.212221,0.00820268,0
0.0215218,0.206173,0.0599845,0
0.0243853,0.22098,0.112323,0
0.0868012,0.198814,0.00540911,0
0.12195,0.211301,0.0933932,0
0.212447,0.144785,0.114542,0
0.134781,0.143736,0.0932981,0
0.0674881,0.13158,0.0829379,0
0.181677,0.166123,0.0173438,0
0.219781,0.138908,0.117449,0
0.17272,0.21627,0.0237388,0
0.103974,0.208631,0.0576932,0
0.132329,0.150928,0.0655582,0
0.0672848,0.163105,0.0464235,0
0.134717,0.12751,0.0950138,0
0.0205213,0.132569,0.0651467,0
0.0595209,0.195373,0.108537,0
0.205371,0.222762,0.0708177,0
0.00952866,0.156218,0.108279,0
0.00866092,0.177157,0.0634863,0
0.151289,0.216112,0.106761,0
0.21054,0.14906,0.116643,0
0.0360021,0.156024,0.000713898,0
0.171512,0.127254,0.0369308,0
0.00228802,0.212225,0.061223,0
0.185062,0.222464,0.0368213,0
0.211315,0.143439,0.115213,0
0.0703313,0.156507,0.0123568,0
0.0253074,0.178753,0.0686304,0
0.122816,0.142694,0.0304151,0
0.0264536,0.176189,0.110806,0
0.109806,0.21823,0.0237791,0
0.0666695,0.147026,0.0535846,0
0.0982664,0.199152,0.00995843,0
0.187545,0.151281,0.0593131,0
0.120564,0.207393,0.080493,0
0.0178904,0.159798,0.00495299,0
0.0834163,0.131354,0.0692827,0
0.145298,0.217314,0.0792765,0
0.0235821,0.163064,0.112459,0
0.215968,0.143371,0.118654,0
0.04223,0.205279,0.0787609,0
0.11824,0.200558,0.106689,0
0.0665577,0.192364,0.000259384,0
0.21359,0.145854,0.115564,0
0.142372,0.186941,0.0440426,0
0.0179991,0.182908,0.032644,0
0.144622,0.166527,0.0892548,0
0.123301,0.188116,0.0747899,0
0.11016,0.166663,0.0987928,0
0.207341,0.141546,0.116969,0
0.06578,0.18605,0.0264269,0
0.0189769,0.208017,0.059351,0
0.114781,0.128231,0.0680085,0
0.217946,0.144806,0.117438,0
0.00375996,0.139028,0.0107422,0
0.0990427,0.193911,0.00396217,0
0.213712,0.147358,0.117036,0
0.182063,0.174813,0.0245169,0
0.209529,0.14614,0.118085,0
0.0697341,0.168006,0.00557234,0
0.0623508,0.160401,0.0557403,0
0.204771,0.139916,0.089505,0
0.211206,0.147213,0.114227,0
0.103112,0.169473,0.0565362,0
0.211242,0.141143,0.114399,0
0.0496004,0.196702,0.115035,0
0.220216,0.222876,0.0617518,0
0.214941,0.146715,0.116384,0
0.214437,0.146851,0.114458,0
0.204154,0.176067,0.0321782,0
0.212539,0.171253,0.00875815,0
0.158689,0.175997,0.0377828,0
0.10947,0.157466,0.0144406,0
0.00916173,0.137277,0.0737791,0
0.0793586,0.149811,0.107073,0
0.205469,0.13686,0.0262939,0
0.0388165,0.18032,0.00686267,0
0.0365786,0.174708,0.117441,0
0.21578,0.140462,0.118778,0
0.0536116,0.221092,0.110762,0
0.0761817,0.137712,0.0558438,0
0.10456,0.203723,0.0762339,0
0.208887,0.212404,0.0502868,0
0.174789,0.147695,0.103533,0
0.0159874,0.198042,0.0673185,0
0.0765812,0.167745,0.100033,0
0.115956,0.177054,0.00527995,0
0.185558,0.215379,0.0913114,0
0.0223767,0.204993,0.0592574,0
0.177318,0.13232,0.0697164,0
0.0990221,0.201773,0.0923567,0
0.203416,0.133737,0.0140037,0
0.214598,0.145717,0.115836,0
0.218183,0.143649,0.116297,0
0.212783,0.14378,0.118312,0
0.215473,0.141225,0.116212,0
0.12151,0.131591,0.109381,0
0.210746,0.144574,0.117649,0
0.214274,0.146563,0.116279,0
0.211684,0.14811,0.118618,0
0.219782,0.143448,0.117878,0
0.213956,0.143258,0.118981,0
0.0629781,0.0507303,0.141448,1
0.0032514,0.0306977,0.181235,1
0.132366,0.0413436,0.128706,1
0.126675,0.0767188,0.204958,1
0.0361886,0.0359094,0.1881,1
0.144061,0.0501677,0.193479,1
0.170314,0.0599089,0.135505,1
0.0701271,0.0959117,0.208274,1
0.0650281,0.0309842,0.163145,1
0.113415,0.00590005,0.217947,1
0.174493,0.0809214,0.134272,1
0.209886,0.0106017,0.169382,1
0.171507,0.0296096,0.129846,1
0.0253885,0.0407591,0.19591,1
0.0227424,0.0621775,0.128058,1
0.0178846,0.112861,0.180963,1
0.0789408,0.00287635,0.159184,1
0.142344,0.100453,0.168333,1
0.0807228,0.0573183,0.193098,1
0.0519363,0.0661683,0.12564,1
0.0987673,0.122196,0.205073,1
0.161208,0.00587351,0.191419,1
0.0880455,0.0852693,0.202967,1
0.184684,0.0583616,0.159699,1
0.155988,0.017931,0.164216,1
0.0314245,0.127944,0.201125,1
0.124195,0.106184,0.187019,1
0.113107,0.130867,0.14875,1
0.186123,0.0297591,0.199112,1
0.0874028,0.0202816,0.136507,1
0.0686613,0.0707401,0.176678,1
0.0698379,0.0633039,0.152506,1
0.113734,0.0557694,0.147768,1
0.0797579,0.0980452,0.128399,1
0.0429174,0.0710903,0.191148,1
0.0553009,0.117762,0.194748,1
0.186345,0.0057048,0.207605,1
0.053745,0.0602156,0.175397,1
0.127407,0.0795661,0.214848,1
0.062317,0.0556141,0.1377,1
0.109929,0.069913,0.18398,1
0.125974,0.119465,0.154244,1
0.169808,0.0684777,0.196671,1
0.032483,0.0577116,0.175545,1
0.0691178,0.0277309,0.194039,1
0.179477,0.0406194,0.123514,1
0.220524,0.0744015,0.159524,1
0.115191,0.0452856,0.141539,1
0.196259,0.0399098,0.130186,1
0.189257,0.0945556,0.1674,1
0.146369,0.127083,0.15115,1
0.115501,0.0240404,0.166428,1
0.139476,0.098577,0.212146,1
0.186471,0.0461159,0.18822,1
0.141944,0.0213168,0.21463,1
0.0197179,0.0467085,0.149353,1
0.01727,0.0246167,0.213173,1
0.0191516,0.124092,0.154155,1
0.0937353,0.100436,0.151668,1
0.176895,0.123371,0.134609,1
0.216877,0.12815,0.211876,1
0.112644,0.0614794,0.153299,1
0.053382,0.0773192,0.168356,1
0.13171,0.103601,0.207736,1
0.0777318,0.0719472,0.177308,1
0.116995,0.0170506,0.146169,1
0.157974,0.096032,0.134345,1
0.212607,0.119401,0.221732,1
0.0286263,0.11833,0.176693,1
0.0406463,0.0296196,0.145035,1
0.0800853,0.0293033,0.194877,1
0.0118158,0.089557,0.187943,1
0.150157,0.113298,0.209807,1
0.183401,0.0423674,0.164805,1
0.0831393,0.0581203,0.155273,1
0.111029,0.0910714,0.162494,1
0.142106,0.014422,0.196942,1
0.108678,0.0523122,0.135842,1
0.021279,0.114007,0.211032,1
0.21746,0.00170617,0.200797,1
0.185726,0.000667147,0.16074,1
0.165201,0.0796328,0.187579,1
0.173402,0.118302,0.191626,1
0.081934,0.0633351,0.159718,1
0.0423149,0.0693571,0.194166,1
0.167113,0.0400712,0.143172,1
0.0961765,0.0459834,0.125002,1
0.0588674,0.0606498,0.183772,1
0.130534,0.0454765,0.181132,1
0.182809,0.0120205,0.190231,1
0.171441,0.0273664,0.135536,1
0.0505388,0.092519,0.1384,1
0.00431242,0.00903792,0.16465,1
0.208871,0.093502,0.190757,1
0.203973,0.0404405,0.137462,1
0.223828,0.00222261,0.141185,1
0.162442,0.112796,0.19721,1
0.157688,0.130515,0.213549,1
0.0712626,0.09587,0.215213,1
0.221759,0.108345,0.154457,1
0.192637,0.116471,0.21392,1
0.219193,0.0989493,0.197329,1
0.047138,0.0359427,0.223976,1
0.186003,0.0679853,0.149853,1
0.205657,0.0947695,0.209582,1
0.105,0.0675709,0.137738,1
0.158898,0.126252,0.143245,1
0.130894,0.0723036,0.15158,1
0.094009,0.0683224,0.122206,1
0.109427,0.122703,0.136105,1
0.203086,0.0729451,0.14419,1
0.167834,0.0170627,0.140516,1
0.184795,0.123183,0.146835,1
0.0991989,0.0991323,0.14887,1
0.216079,0.114841,0.148975,1
0.200936,0.125734,0.173468,1
0.117589,0.0603776,0.135047,1
0.0286855,0.116041,0.128174,1
0.162803,0.0845573,0.128534,1
0.142125,0.067663,0.121024,1
0.211776,0.198884,0.183257,2
0.0812466,0.155975,0.120956,2
0.20891,0.141093,0.160088,2
0.00163841,0.157246,0.141425,2
0.17488,0.2012,0.174868,2
0.214844,0.133427,0.20391,2
0.21049,0.182941,0.183257,2
0.115929,0.18429,0.124764,2
0.0952265,0.170767,0.132927,2
0.00624624,0.211558,0.215627,2
0.0873397,0.208465,0.181803,2
0.0500764,0.139978,0.210439,2
0.0693915,0.165702,0.171233,2
0.110857,0.210208,0.147607,2
0.152097,0.198526,0.20399,2
0.0517752,0.222198,0.132111,2
0.0284645,0.218044,0.184777,2
0.0764232,0.19557,0.158037,2
0.210806,0.149631,0.119665,2
0.117134,0.219584,0.197648,2
0.0114377,0.201279,0.195521,2
0.0627794,0.186283,0.22013,2
0.0309386,0.177085,0.172558,2
0.0443517,0.187413,0.167788,2
0.0602123,0.18594,0.167298,2
0.128632,0.212884,0.160811,2
0.0322006,0.133858,0.140762,2
0.113866,0.184613,0.179581,2
0.189985,0.169537,0.185558,2
0.0210911,0.165118,0.119822,2
0.214672,0.13994,0.120611,2
0.0900837,0.181281,0.129393,2
0.0736105,0.199546,0.203601,2
0.0622629,0.154003,0.149584,2
0.188273,0.147998,0.177604,2
0.20083,0.195546,0.157144,2
0.124121,0.212108,0.141827,2
0.0942968,0.140594,0.201734,2
0.110168,0.145926,0.124126,2
0.043551,0.154955,0.127275,2
0.0686258,0.160021,0.121233,2
0.21683,0.139766,0.119337,2
0.147881,0.140786,0.136589,2
0.181013,0.135784,0.200081,2
0.0872192,0.140224,0.138123,2
0.0488064,0.193645,0.13376,2
0.0743682,0.199995,0.129743,2
0.123092,0.185401,0.132286,2
0.169679,0.218899,0.189899,2
0.0709181,0.161431,0.181643,2
0.214398,0.149119,0.123725,2
0.181958,0.206643,0.21598,2
0.107348,0.194438,0.177518,2
0.201162,0.209632,0.141214,2
0.155064,0.178382,0.176994,2
0.182273,0.162291,0.177539,2
0.0860001,0.21253,0.172228,2
0.113484,0.145102,0.122279,2
0.179163,0.220921,0.150926,2
0.0883591,0.187327,0.141917,2
0.21411,0.141961,0.122011,2
0.00578806,0.210141,0.205156,2
0.0296591,0.145511,0.187575,2
0.163317,0.174552,0.212399,2
0.213946,0.220844,0.147763,2
0.0849796,0.161992,0.121922,2
0.0631739,0.173136,0.152734,2
0.18385,0.168293,0.171245,2
0.110987,0.138,0.121933,2
0.00631195,0.184607,0.145338,2
0.168874,0.140001,0.158382,2
0.0521114,0.171989,0.177103,2
0.207852,0.142345,0.12211,2
0.0416304,0.172548,0.202827,2
0.0366128,0.175406,0.18751,2
0.212764,0.150042,0.119172,2
0.218425,0.143622,0.11988,2
0.0711998,0.172818,0.139879,2
0.051727,0.17908,0.182406,2
0.0221042,0.219948,0.136413,2
0.206795,0.143759,0.121511,2
0.223833,0.216865,0.147241,2
0.10899,0.139488,0.185765,2
0.101221,0.196706,0.189743,2
0.106707,0.217031,0.126037,2
0.183883,0.182678,0.182085,2
0.168302,0.142203,0.203327,2
0.214104,0.143388,0.121744,2
0.0743914,0.210623,0.215696,2
0.0119498,0.211522,0.154381,2
0.218293,0.145773,0.119035,2
0.0472412,0.222525,0.144805,2
0.204044,0.223014,0.223638,2
0.0742738,0.205259,0.214733,2
0.183546,0.188289,0.185363,2
0.070738,0.142629,0.21919,2
0.0962971,0.194365,0.197742,2
0.103418,0.169174,0.124498,2
0.149735,0.213261,0.217381,2
0.222366,0.138716,0.189441,2
0.0198385,0.160988,0.147843,2
0.0737717,0.176764,0.193917,2
0.0454671,0.154809,0.21711,2
0.0785901,0.192592,0.156026,2
0.100703,0.135305,0.140308,2
0.147415,0.190306,0.155629,2
0.170258,0.214828,0.195175,2
0.00355579,0.176041,0.203827,2
0.170342,0.146838,0.207289,2
0.149263,0.224768,0.137891,2
0.135785,0.155,0.158462,2
0.193488,0.223332,0.144158,2
0.0624181,0.15228,0.176666,2
0.0996969,0.142215,0.145656,2
0.00341685,0.150057,0.189619,2
0.10252,0.147842,0.205617,2
0.128535,0.137271,0.139356,2
0.214375,0.20134,0.214987,2
0.211184,0.144951,0.122819,2
0.214181,0.143004,0.11974,2
0.221907,0.178214,0.119644,2
0.219086,0.00864784,0.0765564,3
0.115093,0.0992036,0.0672261,3
0.214932,0.0699077,0.0558453,3
0.108819,0.109163,0.0609205,3
0.186365,0.0276401,0.0645465,3
0.113937,0.0787019,0.0718584,3
0.0942857,0.0366801,0.0342852,3
0.20999,0.0343757,0.0691749,3
0.104111,0.0833017,0.0460597,3
0.00500467,0.0363915,0.116303,3
0.116127,0.075297,0.0900697,3
0.111793,0.101506,0.100643,3
0.201969,0.0657949,0.114282,3
0.0444353,0.0952596,0.00127502,3
0.0419746,0.0874046,0.058714,3
0.142772,0.0243059,0.046123,3
0.219716,0.106753,0.00762897,3
0.192409,0.0621441,0.0415146,3
0.205906,0.071554,0.0760868,3
0.0649631,0.042119,0.0130483,3
0.17279,0.0870928,0.05646,3
0.224164,0.00577307,0.057605,3
0.0573132,0.0269138,0.0317809,3
0.129718,0.0717017,0.0361797,3
0.165874,0.107482,0.00376006,3
0.180487,0.0072913,0.0232938,3
0.193793,0.002152,0.0234425,3
0.117488,0.0539221,0.0801132,3
0.0463412,0.106751,0.0398976,3
0.125658,0.0484583,0.109056,3
0.22036,0.0682808,0.0194145,3
0.138995,0.105247,0.0972527,3
0.0747084,0.0315381,0.0630593,3
0.147299,0.0279893,0.0165993,3
0.0891955,0.0469489,0.0610708,3
0.0106858,0.0148498,0.0057901,3
0.053267,0.0955896,0.103515,3
0.108963,0.116649,0.0510672,3
0.113731,0.115964,0.102245,3
0.0178618,0.094938,0.0295875,3
0.0517668,0.0720358,0.00289028,3
0.211243,0.000277168,0.047685,3
0.118555,0.0168356,0.0750313,3
0.11537,0.116076,0.014443,3
0.0261437,0.109069,0.100659,3
0.154039,0.111838,0.0262196,3
0.0214177,0.0242948,0.0975691,3
0.0992795,0.121046,0.0331982,3
0.00382526,0.114706,0.0642583,3
0.0172762,0.072589,0.0570895,3
0.00432083,0.065661,0.0699687,3
0.149692,0.0419485,0.0520273,3
0.208888,0.0314851,0.00602919,3
0.0934322,0.0543083,0.0873304,3
0.10993,0.121374,0.0967816,3
0.0944133,0.0706008,0.0504387,3
0.212828,0.113937,0.0501025,3
0.00486605,0.112885,0.0536087,3
0.0606762,0.0176161,0.0223267,3
0.212676,0.0865181,0.0463084,3
0.216986,0.0821229,0.112598,3
0.187258,0.0881873,0.0161944,3
0.151565,0.0512498,0.0582592,3
0.177228,0.0291435,0.0441825,3
0.0702901,0.126313,0.0749311,3
0.210029,0.0430297,0.0263606,3
0.05939,0.0184667,0.0774625,3
0.0133206,0.0222244,0.0290536,3
0.0459246,0.110354,0.0975258,3
0.211524,0.123481,0.0940968,3
0.0685908,0.0916633,0.112301,3
0.161525,0.0927706,0.0930656,3
0.0134464,0.122673,0.101245,3
0.00293915,0.0866427,0.106519,3
0.13363,0.00198412,0.067113,3
0.0221288,0.0164356,0.0722908,3
0.158419,0.0313411,0.0116616,3
0.0882759,0.0117843,0.0334022,3
0.0867505,0.124928,0.116508,3
0.143289,0.0643672,0.0456097,3
0.0296782,0.00202418,0.080776,3
0.0314782,0.0173493,0.0761517,3
0.113767,0.0950771,0.00433978,3
0.136544,0.0338664,0.0993916,3
0.191638,0.0586323,0.0570856,3
0.00549757,0.0669773,0.0619826,3
0.197485,0.00417044,0.0710238,3
0.212139,0.0634774,0.0284668,3
0.10004,0.017091,0.101269,3
0.2113,0.105113,0.0444948,3
0.051606,0.0694402,0.0113921,3
0.0414951,0.0901935,0.0331248,3
0.104214,0.0539488,0.00560801,3
0.174232,0.0016325,0.0403905,3
0.168992,0.0755315,0.00591913,3
0.195483,0.0261514,0.00269051,3
0.11752,0.0640662,0.0169001,3
0.135242,0.0903062,0.0938121,3
0.0492373,0.0169229,0.0934692,3
0.175926,0.0156715,0.0831761,3
0.051897,0.0177607,0.0544469,3
0.0978076,0.107688,0.0313513,3
0.21973,0.0645648,0.0215538,3
0.166503,0.0231658,0.0300483,3
0.129361,0.0154804,0.0954652,3
0.130525,0.0943994,0.0420963,3
0.153951,0.103809,0.0216892,3
0.18856,0.0890881,0.0260457,3
0.185571,0.00863515,0.0843917,3
0.0806861,0.0930694,0.0682809,3
0.129111,0.042148,0.0493833,3
0.0785767,0.0296865,0.0720138,3
0.197653,0.0440599,0.101859,3
0.0407285,0.0264516,0.0191222,3
0.065829,0.0741311,0.0120214,3
0.194141,0.0479515,2.94143e-05,3
0.0701524,0.11752,0.0354801,3
0.118396,0.0852752,0.0969326,3
0.167497,0.00979974,0.0968269,3
0.0255565,0.0348101,0.0249709,3
0.00585874,0.0696332,0.104651,3
0.0682958,0.0243811,0.11163,3
0.138793,0.091269,0.100495,3
0.158238,0.0759813,0.0894263,3
0.16045,0.0785411,0.0676899,3
0.0918035,0.117214,0.0278295,3
0.0880634,0.109767,0.0991357,3
0.0416506,0.00623913,0.089591,3
0.151337,0.0829111,0.0255193,3
0.168452,0.125446,0.0112735,3
