x coord,y coord,z coord,rank
0.137878,0.0195894,0.0460378,0
0.165015,0.0297781,0.0596008,0
0.141487,0.0609416,0.0585118,0
0.139741,0.0638439,0.048755,0
0.134868,0.0539011,0.0466748,0
0.142523,0.065598,0.0157664,0
0.150604,0.0653624,0.0235223,0
0.136582,0.0320868,0.0147056,0
0.138047,0.0223185,0.0276349,0
0.155797,0.0334433,0.0270837,0
0.1613,0.0438924,0.033476,0
0.157128,0.0329841,0.0482516,0
0.136028,0.00249624,0.0734031,0
0.159534,0.0746715,0.0399924,0
0.136236,0.0398592,0.0388264,0
0.145334,0.0259859,0.0370371,0
0.164037,0.0323765,0.0466515,0
0.136931,0.0667642,0.0629658,0
0.139767,0.05224,0.0237102,0
0.151478,0.0446136,0.0262689,0
0.134822,0.0626613,0.0183908,0
0.134885,0.0297085,0.0271211,0
0.145549,0.0738219,0.0124718,0
0.143952,0.047122,0.0724828,0
0.135078,0.075178,0.0137076,0
0.145764,0.0561514,0.0726199,0
0.137058,0.0514922,0.0661453,0
0.1361,0.060812,0.0309889,0
0.146128,0.0573682,0.00752076,0
0.146738,0.0265499,0.0505925,0
0.138806,0.0487866,0.0734783,0
0.144676,0.0519305,0.0201163,0
0.163656,0.0734397,0.0676391,0
0.176668,0.0459156,0.0617234,0
0.139637,0.0722923,0.0679902,0
0.135248,0.0143516,0.0738046,0
0.141182,0.0600964,0.00664244,0
0.165681,0.0709059,0.0497431,0
0.135127,0.0122476,0.0734179,0
0.134743,0.0350286,0.0435572,0
0.156679,0.0596173,0.0337027,0
0.140721,0.063724,0.0707317,0
0.141701,0.030254,0.068206,0
0.136743,0.049535,0.0738343,0
0.158326,0.0486824,0.0596171,0
0.140717,0.0174762,0.0511521,0
0.138936,0.0637654,0.034229,0
0.157668,0.0171071,0.0685926,0
0.134905,0.0363413,0.0679941,0
0.134847,0.0137725,0.047084,0
0.139333,0.0433228,0.0645099,0
0.146058,0.0505915,0.0352497,0
0.137944,0.00700052,0.0574357,0
0.144758,0.0707861,0.0727365,0
0.148716,0.0165327,0.0595102,0
0.161579,0.069094,0.0575916,0
0.136292,0.0291483,0.0734257,0
0.140157,0.00271574,0.0704404,0
0.138446,0.0615394,0.0722636,0
0.135932,0.0277788,0.0392886,0
0.165477,0.0455601,0.0718657,0
0.136725,0.0296919,0.0335166,0
0.148989,0.0283493,0.0649036,0
0.136504,0.0471855,0.0199455,0
0.138495,0.056468,0.012127,0
0.1352,0.0624327,0.0198102,0
0.175002,0.0604159,0.0668619,0
0.134709,0.0485675,0.0675323,0
0.151496,0.0559647,0.0117354,0
0.143217,0.0382142,0.0581384,0
0.170747,0.0596792,0.036113,0
0.135217,0.0396945,0.0132914,0
0.13659,0.0502992,0.0448223,0
0.140963,0.00584259,0.05465,0
0.136799,0.0375885,0.0554288,0
0.136952,0.0568784,0.0640209,0
0.138648,0.0648085,0.0362456,0
0.14722,0.0485434,0.0453827,0
0.148797,0.0637139,0.0661746,0
0.140868,0.0538529,0.0435349,0
0.147625,0.0450043,0.0116425,0
0.13518,0.0408345,0.0571652,0
0.136807,0.0240499,0.0496997,0
0.13735,0.051169,0.00476114,0
0.154398,0.0515702,0.039891,0
0.136952,0.0717837,0.0503943,0
0.143268,0.0219631,0.0726752,0
0.143756,0.046911,0.0563446,0
0.147168,0.0567698,0.0577712,0
0.1468,0.041407,0.0313454,0
0.138577,0.067928,0.0204062,0
0.156706,0.0213924,0.0439153,0
0.157993,0.0659765,0.0455637,0
0.148062,0.0683856,0.074222,0
0.14469,0.0666096,0.0639323,0
0.150028,0.025187,0.0318798,0
0.140352,0.0310471,0.0427761,0
0.140901,0.0409809,0.0144701,0
0.140545,0.0437281,0.0482208,0
0.135824,0.0568737,0.05992,0
0.134762,0.055315,0.0531524,0
0.135198,0.050695,0.0566323,0
0.137902,0.0648041,0.0440766,0
0.166397,0.0537822,0.0518005,0
0.15091,0.0458087,0.0612738,0
0.142003,0.0265898,0.0236182,0
0.156338,0.0734743,0.0732964,0
0.134811,0.0682412,0.0346803,0
0.145005,0.00698402,0.0659409,0
0.143292,0.0655212,0.043887,0
0.172596,0.0718454,0.0593483,0
0.13472,0.0228091,0.043026,0
0.140269,0.0423431,0.0330213,0
0.150598,0.0410788,0.0500302,0
0.13501,0.0614327,0.0412398,0
0.135947,0.0262163,0.0442984,0
0.134712,0.034282,0.0588312,0
0.135021,0.0733622,0.0189431,0
0.13476,0.0161061,0.0590836,0
0.137741,0.0343146,0.0599108,0
0.162859,0.0707811,0.0236865,0
0.134743,0.0525075,0.0122629,0
0.13471,0.0473027,0.0301774,0
0.159314,0.0562165,0.0463684,0
0.134752,0.0201783,0.0678893,0
0.141476,0.043518,0.0745439,0
0.146183,0.0597845,0.0901559,1
0.156942,0.0451907,0.10975,1
0.136171,0.0238864,0.0931347,1
0.150801,0.0115042,0.0836707,1
0.134816,0.0663574,0.0780706,1
0.165131,0.0581312,0.0975586,1
0.135115,0.0680483,0.0879354,1
0.137533,0.0402865,0.0844077,1
0.135634,0.0347855,0.100429,1
0.14176,0.0416127,0.136534,1
0.155757,0.0530597,0.0830373,1
0.13484,0.0621057,0.105481,1
0.171216,0.050071,0.108986,1
0.137146,0.0386305,0.0817929,1
0.161775,0.0222458,0.0777007,1
0.146802,0.0559345,0.129751,1
0.137163,0.0724638,0.0789343,1
0.140203,0.0297517,0.0926315,1
0.136789,0.0593518,0.122077,1
0.141726,0.0261795,0.111964,1
0.145375,0.0365674,0.0758739,1
0.139537,0.0259218,0.125075,1
0.141811,0.0439279,0.085004,1
0.139554,0.0175552,0.102829,1
0.156302,0.0416682,0.0755792,1
0.140524,0.0702105,0.0973607,1
0.13488,0.0716713,0.142169,1
0.135241,0.0276562,0.112827,1
0.169413,0.0709221,0.105312,1
0.136352,0.0262075,0.0921461,1
0.134732,0.0693531,0.125445,1
0.160722,0.0429947,0.0946293,1
0.136855,0.0428303,0.110412,1
0.135114,0.066993,0.103294,1
0.139324,0.0481772,0.131116,1
0.135253,0.0504601,0.108571,1
0.149264,0.0237338,0.0973076,1
0.134708,0.0193509,0.0803733,1
0.153851,0.0548051,0.127317,1
0.156668,0.0399465,0.128404,1
0.142504,0.0485196,0.101325,1
0.137101,0.0187735,0.0772295,1
0.141938,0.0325009,0.0774548,1
0.169776,0.0396436,0.0797034,1
0.152125,0.0551556,0.0980099,1
0.151506,0.0332535,0.0891635,1
0.135523,0.0579832,0.0790324,1
0.142612,0.066906,0.105374,1
0.135196,0.062902,0.12023,1
0.148524,0.0359208,0.115178,1
0.134831,0.0275535,0.092087,1
0.135105,0.0593678,0.137443,1
0.13816,0.0682514,0.0952471,1
0.134722,0.0338152,0.0752848,1
0.151595,0.0661606,0.10798,1
0.136454,0.0486275,0.0874751,1
0.136675,0.0314672,0.117283,1
0.174772,0.0734726,0.0890351,1
0.140146,0.0754775,0.112298,1
0.154805,0.0711983,0.126515,1
0.144855,0.0167293,0.0863517,1
0.135725,0.0388567,0.123549,1
0.136539,0.0605599,0.0985924,1
0.13917,0.0705667,0.148278,1
0.135841,0.0507554,0.132833,1
0.155441,0.0290686,0.0974342,1
0.138275,0.0564221,0.112094,1
0.14157,0.0650452,0.127129,1
0.142771,0.066447,0.0836182,1
0.146577,0.0504854,0.118239,1
0.141843,0.059506,0.138083,1
0.140997,0.0540029,0.116726,1
0.140964,0.0613841,0.0905785,1
0.135543,0.0708408,0.117845,1
0.139358,0.038912,0.120894,1
0.155753,0.0512489,0.11774,1
0.165137,0.056272,0.082757,1
0.149662,0.0270863,0.1198,1
0.135152,0.0483773,0.102223,1
0.137156,0.0477981,0.092838,1
0.173121,0.0614102,0.0822573,1
0.170376,0.0396225,0.105046,1
0.142461,0.0167954,0.115446,1
0.14501,0.0430157,0.128147,1
0.143313,0.0384691,0.0951337,1
0.16743,0.0703036,0.0819961,1
0.134708,0.0593612,0.127935,1
0.177002,0.071647,0.100135,1
0.140759,0.0607217,0.11622,1
0.136572,0.0334234,0.107137,1
0.13559,0.0645728,0.0886886,1
0.150385,0.0105551,0.101181,1
0.136896,0.0564459,0.087247,1
0.173311,0.0591336,0.0924705,1
0.137594,0.0193134,0.117387,1
0.135363,0.0445755,0.0827674,1
0.137315,0.0711575,0.0960523,1
0.134929,0.0363299,0.100966,1
0.161972,0.0712641,0.106797,1
0.135109,0.0659878,0.13081,1
0.136412,0.0566265,0.108471,1
0.137383,0.0608625,0.0790689,1
0.145909,0.0218921,0.10772,1
0.147411,0.0664859,0.137221,1
0.161841,0.049273,0.103176,1
0.148776,0.0200214,0.0750674,1
0.136142,0.0141469,0.109019,1
0.141943,0.00485553,0.0829541,1
0.139465,0.0361708,0.11072,1
0.140282,0.0440259,0.103846,1
0.135796,0.0233603,0.103851,1
0.150436,0.0321405,0.0756838,1
0.137329,0.00158068,0.0818798,1
0.135071,0.0534572,0.115746,1
0.135669,0.0221172,0.10335,1
0.165079,0.0423644,0.117373,1
0.157649,0.0621508,0.117564,1
0.154108,0.0432972,0.0982032,1
0.160687,0.032082,0.102041,1
0.146619,0.0490362,0.101086,1
0.1803,0.0541279,0.0815653,1
0.134814,0.0400052,0.112084,1
0.153558,0.073352,0.0971574,1
0.134698,0.0307116,0.117486,1
0.149218,0.140676,0.0589157,2
0.138836,0.0776583,0.0439502,2
0.165549,0.0893027,0.0541308,2
0.134712,0.131368,0.0711758,2
0.134998,0.1222,0.0735942,2
0.139145,0.125721,0.0696711,2
0.138511,0.108451,0.069713,2
0.149168,0.086764,0.0346232,2
0.157024,0.0908047,0.0484063,2
0.153766,0.130635,0.0625909,2
0.135775,0.109497,0.0705837,2
0.134755,0.0863919,0.0598505,2
0.150418,0.0920123,0.0693329,2
0.135674,0.115761,0.0491498,2
0.136367,0.0872429,0.0747638,2
0.147764,0.100824,0.0509725,2
0.137437,0.131149,0.0483004,2
0.141936,0.124346,0.0557486,2
0.138305,0.122694,0.0174817,2
0.135172,0.0854555,0.0423399,2
0.167147,0.0845689,0.0257427,2
0.135467,0.116838,0.0160971,2
0.134771,0.0890681,0.04677,2
0.162441,0.0889743,0.0737959,2
0.14189,0.0832145,0.00848866,2
0.147285,0.0790438,0.0552428,2
0.134771,0.130926,0.0525523,2
0.169413,0.0849699,0.0711624,2
0.135347,0.111515,0.0339902,2
0.134785,0.127086,0.0419362,2
0.160177,0.116138,0.0432914,2
0.148969,0.127765,0.0577951,2
0.138929,0.0961308,0.0628371,2
0.150813,0.0855513,0.054868,2
0.139495,0.0885379,0.0663285,2
0.135992,0.0785626,0.0209462,2
0.138173,0.108104,0.0136023,2
0.136081,0.0767543,0.0660998,2
0.142469,0.135792,0.0419579,2
0.151589,0.100242,0.0207101,2
0.136414,0.0841958,0.00837816,2
0.134975,0.115667,0.0549199,2
0.147749,0.0796658,0.0225677,2
0.136103,0.123681,0.0303383,2
0.13798,0.0783679,0.075265,2
0.135443,0.0981623,0.0222578,2
0.134882,0.0867802,0.0170689,2
0.141031,0.0769908,0.0440983,2
0.14325,0.130175,0.0723512,2
0.135539,0.0855493,0.0284359,2
0.136269,0.12733,0.0613068,2
0.147336,0.141226,0.0694987,2
0.134944,0.107323,0.0503942,2
0.134916,0.125254,0.0608378,2
0.140963,0.0796801,0.0647536,2
0.172335,0.0763674,0.0352612,2
0.167965,0.120271,0.0601712,2
0.150624,0.109033,0.0707209,2
0.136576,0.11148,0.0214273,2
0.137899,0.0926296,0.0169912,2
0.141078,0.116205,0.0335305,2
0.147634,0.0815855,0.0440358,2
0.138743,0.129045,0.0381243,2
0.134736,0.1239,0.0259588,2
0.134793,0.105164,0.0549811,2
0.134734,0.1134,0.019561,2
0.134732,0.109346,0.0388303,2
0.145054,0.0964037,0.0311,2
0.136246,0.136063,0.0386382,2
0.141116,0.0791023,0.0192052,2
0.145413,0.10591,0.0639454,2
0.160737,0.0806106,0.01592,2
0.135153,0.0915739,0.0562382,2
0.13786,0.0893852,0.0550562,2
0.139916,0.0940421,0.0345227,2
0.164235,0.0993296,0.0424803,2
0.136738,0.121874,0.0687047,2
0.136616,0.0950253,0.0650573,2
0.139826,0.101164,0.0660348,2
0.150414,0.118902,0.0343228,2
0.158181,0.0777309,0.0559753,2
0.17315,0.0925382,0.046917,2
0.146559,0.0984513,0.0710043,2
0.139857,0.125969,0.0681989,2
0.134721,0.0979485,0.0299863,2
0.134794,0.0971476,0.0471165,2
0.141487,0.0807988,0.0370363,2
0.14379,0.142558,0.058444,2
0.143214,0.101777,0.0486043,2
0.174061,0.0998323,0.0699297,2
0.143946,0.0899382,0.0154737,2
0.135576,0.138527,0.0746498,2
0.137096,0.107649,0.0293296,2
0.136096,0.0771558,0.0466674,2
0.153333,0.115666,0.0601563,2
0.165104,0.0987936,0.0299782,2
0.134711,0.140388,0.0660976,2
0.137324,0.110737,0.0601279,2
0.139199,0.0973964,0.0075774,2
0.154679,0.119344,0.0704577,2
0.157942,0.111092,0.0559728,2
0.135507,0.102192,0.0207107,2
0.144709,0.0858017,0.052565,2
0.135869,0.0793347,0.0328302,2
0.149239,0.118142,0.0513784,2
0.135165,0.107845,0.0742041,2
0.170646,0.0981971,0.0598439,2
0.143026,0.102069,0.0479148,2
0.140242,0.132455,0.0594299,2
0.145168,0.112608,0.0236641,2
0.136199,0.0991562,0.0586095,2
0.164384,0.107592,0.0686406,2
0.13504,0.138057,0.0526497,2
0.161976,0.0848435,0.0367879,2
0.137319,0.14665,0.0586404,2
0.136826,0.10092,0.0347042,2
0.142917,0.113993,0.0433935,2
0.149492,0.0869379,0.0155331,2
0.157814,0.111735,0.0334715,2
0.157856,0.10645,0.0423297,2
0.15481,0.135983,0.0476788,2
0.140229,0.1106,0.0438189,2
0.135702,0.115481,0.0592832,2
0.136013,0.0941448,0.075966,2
0.176443,0.0848006,0.0532325,2
0.137171,0.129541,0.0764532,2
0.16125,0.0980932,0.0930562,3
0.135139,0.0893725,0.121464,3
0.134732,0.116827,0.0854298,3
0.148967,0.109372,0.115991,3
0.15164,0.0837346,0.141732,3
0.147832,0.0772012,0.117453,3
0.176576,0.0855299,0.0812876,3
0.137572,0.109394,0.128483,3
0.13979,0.118633,0.0883789,3
0.144669,0.0798003,0.0805383,3
0.138261,0.139996,0.106235,3
0.135006,0.128576,0.120085,3
0.135881,0.0786661,0.0870786,3
0.136245,0.106594,0.093422,3
0.135644,0.0968926,0.130097,3
0.152101,0.0994138,0.0803457,3
0.134934,0.096966,0.132793,3
0.150068,0.0959857,0.137558,3
0.146716,0.0764591,0.0975605,3
0.140014,0.0965866,0.0886994,3
0.135536,0.141203,0.09909,3
0.134715,0.0993145,0.124904,3
0.138744,0.0866731,0.0990903,3
0.134761,0.143882,0.0818469,3
0.147837,0.0969933,0.107033,3
0.16965,0.0795653,0.114378,3
0.147047,0.128353,0.0876628,3
0.137614,0.0959841,0.124554,3
0.145492,0.142422,0.10111,3
0.171001,0.0881477,0.108935,3
0.136433,0.114592,0.0873263,3
0.145064,0.0953883,0.0990367,3
0.136061,0.0897286,0.12961,3
0.14533,0.101928,0.0781499,3
0.138676,0.087813,0.116288,3
0.145771,0.0971944,0.0811273,3
0.169361,0.101348,0.0788653,3
0.140486,0.0801221,0.123181,3
0.137398,0.111061,0.111315,3
0.13915,0.108162,0.0951454,3
0.135201,0.124613,0.0918427,3
0.159158,0.0878049,0.130453,3
0.152083,0.0996218,0.126555,3
0.139194,0.105268,0.11876,3
0.158992,0.119114,0.0901584,3
0.146789,0.145226,0.0849729,3
0.136444,0.103709,0.09656,3
0.135071,0.0922283,0.107528,3
0.138962,0.0927241,0.0883337,3
0.173191,0.100379,0.101114,3
0.14224,0.131063,0.119288,3
0.136581,0.118083,0.105095,3
0.135796,0.0786223,0.0937181,3
0.16623,0.121866,0.0935484,3
0.135427,0.0781619,0.111248,3
0.164484,0.107352,0.0909658,3
0.137914,0.0889471,0.142082,3
0.135126,0.120818,0.110198,3
0.145607,0.0913057,0.139566,3
0.140139,0.102459,0.0850577,3
0.137886,0.136458,0.0904364,3
0.14483,0.0780984,0.13872,3
0.143722,0.113218,0.0874798,3
0.13697,0.125133,0.115875,3
0.142961,0.118616,0.118317,3
0.139182,0.101472,0.14225,3
0.140967,0.0968433,0.103105,3
0.13471,0.114302,0.123729,3
0.156893,0.0783364,0.118759,3
0.13541,0.0866414,0.0998843,3
0.15213,0.140309,0.093052,3
0.135051,0.108343,0.0942828,3
0.143378,0.124969,0.0830012,3
0.134812,0.0921273,0.0807844,3
0.159208,0.0996343,0.0816337,3
0.137865,0.0861446,0.108542,3
0.137399,0.0770612,0.142646,3
0.159564,0.0769621,0.0845885,3
0.135529,0.112962,0.115147,3
0.143532,0.123166,0.103287,3
0.167979,0.077204,0.125704,3
0.134843,0.101245,0.113978,3
0.14073,0.1161,0.137559,3
0.161341,0.127207,0.0839627,3
0.141907,0.0921146,0.0829364,3
0.151759,0.126911,0.0825099,3
0.134769,0.0854717,0.109991,3
0.150836,0.126565,0.119979,3
0.137459,0.146059,0.0947409,3
0.152333,0.127381,0.100669,3
0.134737,0.107848,0.101073,3
0.134758,0.0818838,0.136395,3
0.155958,0.111522,0.122072,3
0.134824,0.134038,0.099118,3
0.13645,0.0855843,0.127308,3
0.151005,0.0849367,0.104483,3
0.134969,0.0967831,0.10073,3
0.139948,0.0882549,0.0964367,3
0.137568,0.122263,0.0914752,3
0.143406,0.0948168,0.125266,3
0.13791,0.079315,0.125785,3
0.135148,0.0975636,0.0965881,3
0.136894,0.124019,0.0783398,3
0.134724,0.127049,0.110816,3
0.143949,0.132822,0.105715,3
0.159996,0.112783,0.0986059,3
0.160546,0.0850454,0.0947234,3
0.153464,0.136253,0.0807153,3
0.135252,0.131344,0.0821043,3
0.135397,0.134376,0.109684,3
0.166282,0.0907945,0.099935,3
0.175065,0.0957152,0.0832368,3
0.13726,0.0995275,0.113287,3
0.169421,0.0999427,0.113042,3
0.135193,0.0846926,0.136711,3
0.153209,0.107604,0.0887412,3
0.144294,0.123789,0.127607,3
0.164799,0.0773709,0.0997985,3
0.135311,0.0762903,0.104067,3
0.15945,0.103825,0.117997,3
0.158125,0.0905644,0.110352,3
0.141556,0.0877002,0.134475,3
0.136357,0.131263,0.0854761,3
0.167093,0.122994,0.0796325,3
