x coord,y coord,z coord,rank
0.0944812,0.0616251,0.171436,0
0.024954,0.0997927,0.223917,0
0.0392169,0.102052,0.120287,0
0.07239,0.103705,0.122022,0
0.0331597,0.0189638,0.212195,0
0.0143076,0.00127335,0.216816,0
0.184265,0.0313466,0.186447,0
0.129246,0.0796171,0.175727,0
0.157402,0.0475503,0.180935,0
0.155019,0.0211198,0.140821,0
0.203672,0.00787472,0.136342,0
0.0159237,0.053276,0.124464,0
0.153849,0.101882,0.184495,0
0.173767,0.0547923,0.201196,0
0.0860231,0.0137438,0.146366,0
0.204345,0.0852663,0.104616,0
0.0656017,0.0826258,0.175899,0
0.105562,0.124416,0.164017,0
0.186005,0.0280124,0.15503,0
0.00208441,0.0529891,0.138123,0
0.0846534,0.113331,0.205279,0
0.151033,0.122215,0.199095,0
0.0926302,0.0760021,0.194533,0
0.00354377,0.0619878,0.154532,0
0.124373,0.10813,0.125169,0
0.215091,0.0938463,0.182551,0
0.184815,0.0926139,0.147425,0
0.0166649,0.0372287,0.155478,0
0.129464,0.0204552,0.216854,0
0.143891,0.109853,0.183691,0
0.0223491,0.0705093,0.131935,0
0.0368676,0.012371,0.222878,0
0.0414074,0.119508,0.110769,0
0.0233015,0.057415,0.154845,0
0.171825,0.107978,0.170454,0
0.0600897,0.0914198,0.213,0
0.122689,0.113802,0.187888,0
0.221881,0.122645,0.155958,0
0.127817,0.111185,0.168454,0
0.0947493,0.0173475,0.195911,0
0.136618,0.00780198,0.146591,0
0.0890098,0.113676,0.174455,0
0.0759076,0.0991028,0.194232,0
0.195815,0.100687,0.114411,0
0.0918041,0.0280287,0.116486,0
0.0825234,0.11985,0.151381,0
0.174255,0.0577099,0.201077,0
0.183838,0.0824857,0.211412,0
0.0262509,0.0809232,0.16207,0
0.000144659,0.010443,0.207654,0
0.219771,0.0823138,0.215719,0
0.0593867,0.0513286,0.200334,0
0.112864,0.124056,0.138596,0
0.209335,0.109245,0.191831,0
0.181979,0.0377799,0.138381,0
0.153455,0.103082,0.171361,0
0.0664543,0.0471535,0.201729,0
0.155045,0.0751708,0.203395,0
0.152661,0.0112856,0.142608,0
0.0594025,0.0943873,0.208183,0
0.141901,0.0470564,0.224208,0
0.213282,0.083625,0.104496,0
0.126514,0.0924773,0.156113,0
0.0943627,0.107759,0.185932,0
0.213051,0.00854761,0.210432,0
0.130097,0.0612508,0.110947,0
0.0859227,0.0905606,0.17408,0
0.022764,0.0998085,0.185191,0
0.193573,0.0606249,0.189301,0
0.195063,0.050714,0.199603,0
0.0458447,0.0416281,0.193118,0
0.0945143,0.0541194,0.151454,0
0.176237,0.0746655,0.105279,0
0.066388,0.0481837,0.153805,0
0.0579869,0.0719047,0.158602,0
0.13055,0.0492154,0.139154,0
0.0974347,0.0734606,0.208024,0
0.151974,0.117896,0.130778,0
0.215421,0.0229828,0.221144,0
0.220345,0.0240083,0.210883,0
0.175416,0.085815,0.178959,0
0.0145055,0.0257076,0.154767,0
0.151095,0.0420128,0.133905,0
0.0209959,0.0637039,0.118363,0
0.172997,0.0620255,0.194985,0
0.0541028,0.0731701,0.207674,0
0.0123106,0.0153959,0.183254,0
0.14068,0.104213,0.217017,0
0.0924136,0.00397686,0.117985,0
0.0784655,0.105875,0.179973,0
0.0679708,0.0881933,0.13177,0
0.0345006,0.0438131,0.214433,0
0.107319,0.0814039,0.190494,0
0.00181789,0.0510524,0.175739,0
0.162328,0.119066,0.132816,0
0.161954,0.0089113,0.155469,0
0.0542507,0.0555989,0.175188,0
0.191962,0.0557366,0.152529,0
0.0759191,0.12026,0.218746,0
0.0200978,0.0470768,0.160808,0
0.0866308,0.0748761,0.184575,0
0.0910543,0.0238236,0.11041,0
0.175251,0.0557916,0.136818,0
0.0208787,0.0200435,0.162592,0
0.13234,0.110189,0.187285,0
0.0985638,0.0432328,0.149307,0
0.138099,0.0119814,0.223505,0
0.147126,0.104771,0.159269,0
0.00310612,0.0858077,0.210139,0
0.159933,0.0902668,0.117515,0
0.0866154,0.016738,0.217633,0
0.15041,0.0412963,0.175615,0
0.117256,0.0273342,0.140051,0
0.0565721,0.081386,0.166653,0
0.219746,0.0218711,0.171248,0
0.212161,0.0289935,0.173385,0
0.12476,0.0381812,0.166406,0
0.180548,0.112878,0.191927,0
0.14341,0.0520891,0.221224,0
0.139583,0.0723242,0.162299,0
0.0886398,0.117095,0.157302,0
0.0174241,0.0215089,0.174314,0
0.0125094,0.051688,0.191249,0
0.0471181,0.0366148,0.163369,0
0.154937,0.0363714,0.154709,0
0.210871,0.111427,0.207545,0
0.0476377,0.114382,0.222471,0
0.186124,0.122367,0.107983,0
0.0891283,0.1263,0.123097,0
0.16805,0.169676,0.15133,1
0.0596992,0.187442,0.136587,1
0.18875,0.134147,0.112993,1
0.124336,0.152321,0.181638,1
0.0199524,0.170339,0.182716,1
0.000990642,0.142395,0.15667,1
0.170766,0.220227,0.107175,1
0.136953,0.205116,0.203766,1
0.0485587,0.222505,0.211191,1
0.0390879,0.180947,0.123577,1
0.207127,0.140144,0.154052,1
0.0709894,0.15472,0.212521,1
0.0365442,0.148798,0.113466,1
0.11239,0.168181,0.212883,1
0.139372,0.219055,0.147778,1
0.207129,0.224816,0.159925,1
0.109162,0.137615,0.141359,1
0.0388835,0.179216,0.161808,1
0.0560043,0.173657,0.180262,1
0.109295,0.204371,0.178835,1
0.17471,0.2069,0.126053,1
0.0554064,0.196023,0.164244,1
0.0546554,0.139284,0.192097,1
0.056972,0.167642,0.186496,1
0.21441,0.145324,0.175326,1
0.113971,0.148847,0.210716,1
0.0893554,0.175461,0.150091,1
0.18945,0.154979,0.192875,1
0.121943,0.213523,0.183804,1
0.0591619,0.155668,0.151216,1
0.0628039,0.176832,0.122365,1
0.0127348,0.143265,0.190105,1
0.00520312,0.150569,0.183083,1
0.081696,0.205191,0.217971,1
0.0540043,0.152926,0.107387,1
0.121703,0.189561,0.22285,1
0.193066,0.203407,0.192654,1
0.0349146,0.146642,0.180357,1
0.199206,0.201106,0.131113,1
0.197334,0.204793,0.139899,1
0.222334,0.184473,0.122826,1
0.200658,0.208902,0.116775,1
0.20672,0.149682,0.212091,1
0.0610611,0.159323,0.145661,1
0.060662,0.218136,0.151585,1
0.168418,0.222455,0.20422,1
0.186676,0.128783,0.197388,1
0.205072,0.216373,0.165351,1
0.123406,0.163944,0.195629,1
0.0661016,0.128042,0.151953,1
0.100319,0.139417,0.106764,1
0.0167307,0.191718,0.210269,1
0.023845,0.160041,0.129434,1
0.0918429,0.219371,0.162542,1
0.191747,0.194969,0.14002,1
0.139299,0.207083,0.107974,1
0.129414,0.133575,0.186421,1
0.190718,0.180223,0.172073,1
0.10736,0.202334,0.143503,1
0.100214,0.197826,0.121295,1
0.171783,0.167093,0.157399,1
0.165889,0.128737,0.163258,1
0.145599,0.140299,0.114139,1
0.207631,0.210261,0.154966,1
0.190823,0.154188,0.135109,1
0.0798036,0.179748,0.215586,1
0.126221,0.173703,0.214223,1
0.0543494,0.133134,0.224719,1
0.136522,0.187146,0.175733,1
0.1175,0.140634,0.18084,1
0.154607,0.177006,0.154503,1
0.186451,0.183984,0.197568,1
0.00104932,0.221921,0.110498,1
0.163094,0.224685,0.16641,1
0.104989,0.192831,0.206986,1
0.00489789,0.196048,0.137452,1
0.0663361,0.167901,0.204436,1
0.100391,0.169129,0.151863,1
0.223318,0.128236,0.141099,1
0.0108813,0.201381,0.150175,1
0.0511111,0.22427,0.214263,1
0.0604062,0.12675,0.139986,1
0.0590049,0.190795,0.223073,1
0.0955537,0.206241,0.199244,1
0.195991,0.172929,0.105973,1
0.1912,0.173243,0.111789,1
0.0658027,0.200936,0.21189,1
0.178521,0.167674,0.18702,1
0.0220396,0.22283,0.156089,1
0.109811,0.193759,0.200078,1
0.134576,0.132811,0.138227,1
0.153799,0.194679,0.125149,1
0.025958,0.140539,0.10757,1
0.0607771,0.139078,0.120767,1
0.189565,0.132897,0.217074,1
0.00144778,0.215136,0.109893,1
0.0903458,0.164214,0.10442,1
0.0217395,0.198913,0.157038,1
0.0591867,0.200668,0.174063,1
0.128468,0.20825,0.215154,1
0.20748,0.188563,0.161062,1
0.100215,0.174716,0.149015,1
0.0637212,0.166961,0.210247,1
0.223182,0.131107,0.124108,1
0.194594,0.145056,0.156166,1
0.183498,0.199303,0.144827,1
0.216677,0.211804,0.193148,1
0.18185,0.150634,0.213253,1
0.185467,0.201539,0.124229,1
0.0820391,0.214181,0.202991,1
0.215968,0.218351,0.220031,1
0.222918,0.171791,0.214515,1
0.12212,0.223195,0.135557,1
0.143534,0.192038,0.127804,1
0.161581,0.155107,0.144548,1
0.138396,0.151013,0.202799,1
0.0913765,0.17323,0.147928,1
0.108139,0.16223,0.22394,1
0.0470941,0.218238,0.206481,1
0.149042,0.210488,0.112842,1
0.0345142,0.214864,0.158473,1
0.220427,0.207986,0.165147,1
0.0860087,0.194329,0.105164,1
0.028491,0.0436256,0.0593289,2
0.00246492,0.00566901,0.0924323,2
0.118215,0.0647051,0.0285399,2
0.173807,0.00806531,0.00622843,2
0.13916,0.0311633,0.0953237,2
0.136263,0.0339724,0.0940474,2
0.139907,0.0309132,0.0951587,2
0.0523818,0.0348215,0.0275917,2
0.175247,0.019997,0.0123467,2
0.202716,0.0600012,0.0518453,2
0.137455,0.0330847,0.0896108,2
0.137094,0.0296637,0.0966088,2
0.138509,0.0312323,0.0979123,2
0.139458,0.0251145,0.0983721,2
0.17351,0.0157264,0.0962307,2
0.139513,0.0303976,0.090903,2
0.204623,0.0910513,0.103332,2
0.190643,0.0830554,0.0867394,2
0.137267,0.0237113,0.0608959,2
0.13919,0.02961,0.0928809,2
0.138572,0.0307813,0.0988848,2
0.178557,0.0708474,0.103167,2
0.211467,0.0452317,0.0528749,2
0.115687,0.100175,0.0993464,2
0.101932,0.0121997,0.100362,2
0.137036,0.0300624,0.0949049,2
0.137056,0.0333922,0.0929864,2
0.0601881,0.0596638,0.086594,2
0.127206,0.0918846,0.0491416,2
0.133962,0.0318403,0.0927535,2
0.076494,0.0100487,0.041193,2
0.101062,0.0124057,0.0276824,2
0.138161,0.10032,0.0913189,2
0.140467,0.0277575,0.0942878,2
0.190941,0.0162747,0.00850427,2
0.141675,0.0330456,0.0944826,2
0.0302449,0.0829041,0.0152633,2
0.101962,0.0942977,0.0313012,2
0.140563,0.0344565,0.0945215,2
0.139087,0.0361265,0.0932826,2
0.192559,0.0838482,0.0462247,2
0.0204961,0.0385335,0.0596928,2
0.0234662,0.0613566,0.0643554,2
0.224348,0.0530449,0.0343807,2
0.160528,0.0964498,0.0115636,2
0.139794,0.0307935,0.0937729,2
0.163017,0.0665704,0.0710252,2
0.111534,0.0163569,0.067868,2
0.137931,0.0295899,0.0877876,2
0.134879,0.031578,0.0977453,2
0.145574,0.024074,0.0919628,2
0.0742537,0.0309965,0.00322085,2
0.0030385,0.0230481,0.0535304,2
0.139453,0.0307967,0.100428,2
0.134626,0.0305705,0.0997769,2
0.180272,0.0437717,0.00958638,2
0.100205,0.0644392,0.0947771,2
0.0794121,0.0261389,0.0757522,2
0.175203,0.0699509,0.0876585,2
0.140213,0.0288913,0.093083,2
0.0783465,0.0713628,0.101,2
0.207657,0.022474,0.00199593,2
0.0922831,0.0189935,0.0264821,2
0.138753,0.0275147,0.0961485,2
0.0153293,0.0146895,0.0471883,2
0.143132,0.0274267,0.0930184,2
0.141778,0.0362524,0.0961798,2
0.15681,0.0974165,0.0614725,2
0.1166,0.0448184,0.0191834,2
0.0621348,0.0677709,0.0548948,2
0.133706,0.0133694,0.091332,2
0.019817,0.0549478,0.0863737,2
0.132161,0.0314426,0.0923035,2
0.0349373,0.0268631,0.0586318,2
0.0260626,0.0543555,0.0780259,2
0.169426,0.0864731,0.0733432,2
0.0718197,0.0953473,0.023694,2
0.134669,0.033925,0.0972391,2
0.0392889,0.0808043,0.0193837,2
0.0277484,0.0342564,0.0682652,2
0.146446,0.0350761,0.0940648,2
0.138644,0.0327068,0.0894292,2
0.10695,0.040958,0.0914452,2
0.0239533,0.0825269,0.102247,2
0.216492,0.002316,0.0442704,2
0.0501743,0.0282264,0.00783855,2
0.16145,0.0653764,0.0174671,2
0.191096,0.0511447,0.0803815,2
0.1409,0.0326207,0.0919563,2
0.0136789,0.0115339,0.0133842,2
0.171663,0.0632138,0.0809125,2
0.143162,0.0309193,0.0926198,2
0.0800395,0.0969532,0.0531032,2
0.0428846,0.00903635,0.0936071,2
0.123386,0.0277616,0.0116502,2
0.138907,0.0368517,0.0970372,2
0.123772,0.0930747,0.0752004,2
0.0614402,0.0384069,0.0415408,2
0.0787746,0.0661244,0.0226438,2
0.117602,0.0428219,0.0304748,2
0.130889,0.00153783,0.0506942,2
0.144711,0.0339485,0.0927638,2
0.203033,0.0723297,0.0359381,2
0.0533537,0.031933,0.0636866,2
0.159748,0.0970648,0.0541791,2
0.140745,0.0315923,0.0949615,2
0.117326,0.0276383,0.0115244,2
0.01378,0.0489128,0.0220628,2
0.140461,0.0282112,0.0953112,2
0.139174,0.0314508,0.0926844,2
0.205325,0.0389492,0.0769217,2
0.1336,0.0300971,0.0933423,2
0.157342,0.0946367,0.0147642,2
0.186763,0.0898174,0.0282338,2
0.0479959,0.0674854,0.029156,2
0.136254,0.026727,0.0896534,2
0.136678,0.0265405,0.0948245,2
0.13754,0.0313826,0.0956736,2
0.135473,0.0324066,0.0974254,2
0.136425,0.0309483,0.0966862,2
0.050168,0.00384235,0.0680759,2
0.190238,0.067967,0.0600283,2
0.135118,0.0317906,0.0952399,2
0.188214,0.0335471,0.0309769,2
0.137656,0.0336564,0.0912587,2
0.217945,0.0535406,0.0220024,2
0.117524,0.0107057,0.0879921,2
0.023411,0.0849829,0.0140178,2
0.116606,0.0830132,0.0919048,2
0.0110743,0.0826902,0.0978088,2
0.153911,0.0129257,0.084179,2
0.160271,0.0917998,0.0362601,2
0.207876,0.0968945,0.00366893,2
0.219165,0.00726484,0.101645,2
0.0736276,0.0997538,0.0809656,2
0.114415,0.101276,0.057409,2
0.151354,0.0216094,0.103523,2
0.151901,0.214242,0.0795643,3
0.0585981,0.182854,0.0499586,3
0.134235,0.189008,0.0201151,3
0.0651744,0.145508,0.0690292,3
0.19765,0.154213,0.054258,3
0.15594,0.185499,0.0873931,3
0.0799978,0.194434,0.0786899,3
0.0657419,0.137645,0.0509485,3
0.166096,0.120865,0.00338693,3
0.117381,0.191104,0.0215417,3
0.14318,0.127348,0.0100723,3
0.00504659,0.192502,0.0830081,3
0.0383055,0.102835,0.100342,3
0.198051,0.161938,0.0703706,3
0.0397428,0.126742,0.0826452,3
0.0960414,0.106994,0.10364,3
0.121022,0.127736,0.0797173,3
0.0245583,0.184848,0.0486544,3
0.206056,0.173392,0.0682233,3
0.137191,0.115977,0.031855,3
0.158872,0.127011,0.00891063,3
0.0377302,0.107942,0.0146975,3
0.210297,0.199233,0.0613095,3
0.221074,0.110366,0.0304559,3
0.200596,0.157301,0.0486426,3
0.204309,0.142316,0.0296603,3
0.16959,0.216093,0.0867381,3
0.149937,0.134583,0.0201568,3
0.0419758,0.176578,0.0322131,3
0.129373,0.215551,0.0896699,3
0.0195632,0.222214,0.089675,3
0.195905,0.221035,0.00672931,3
0.143077,0.150735,0.0273378,3
0.148465,0.177961,0.0990999,3
0.19442,0.182919,0.0989153,3
0.02002,0.147408,0.065599,3
0.179586,0.199759,0.0322231,3
0.0764123,0.220109,0.0903314,3
0.110466,0.131946,0.0990705,3
0.156998,0.156364,0.00583325,3
0.146883,0.195468,0.0216832,3
0.202533,0.220047,0.0845399,3
0.176529,0.168142,0.0905828,3
0.00460535,0.183482,0.0781004,3
0.203002,0.120993,0.0582273,3
0.0975963,0.143477,0.0395906,3
0.1124,0.131017,0.0283003,3
0.200412,0.195253,0.0315296,3
0.113031,0.170664,0.102608,3
0.0572648,0.21073,0.0742515,3
0.108779,0.115804,0.033526,3
0.164443,0.185253,0.0934047,3
0.136405,0.135419,0.0120686,3
0.126354,0.12943,0.0832183,3
0.00688043,0.156888,0.0455108,3
0.0854707,0.212611,0.0927873,3
0.0131395,0.202625,0.0236371,3
0.0576998,0.126773,0.019388,3
0.0897248,0.163428,0.015008,3
0.105475,0.202569,0.0485869,3
0.151231,0.117341,0.0173173,3
0.172129,0.211961,0.00565214,3
0.139164,0.135711,0.0399172,3
0.01321,0.17268,0.0160566,3
0.010807,0.202584,0.0671071,3
0.175207,0.166942,0.0183907,3
0.152264,0.108221,0.0265734,3
0.0951389,0.112493,0.0368324,3
0.0360497,0.15232,0.008095,3
0.218517,0.17875,0.047409,3
0.0951247,0.210382,0.0500924,3
0.0811292,0.110277,0.0316955,3
0.0863822,0.156668,0.0347239,3
0.193939,0.121652,0.0665795,3
0.217245,0.209731,0.0116302,3
0.0565316,0.135122,0.0441766,3
0.149373,0.18129,0.00648428,3
0.154658,0.107728,0.0100832,3
0.203646,0.182139,0.0675245,3
0.025161,0.170491,0.0301999,3
0.13449,0.197975,0.0910137,3
0.144475,0.197676,0.0390038,3
0.0751438,0.140306,0.0890882,3
0.196553,0.221021,0.0874718,3
0.118281,0.195022,0.00891479,3
0.12295,0.116294,0.00729209,3
0.107982,0.18972,0.103157,3
0.220872,0.195681,0.0957201,3
0.210748,0.180788,0.0967542,3
0.0381919,0.135265,0.0786955,3
0.018719,0.132774,0.0223493,3
0.129382,0.175849,0.0622644,3
0.0356259,0.163364,0.0354175,3
0.213308,0.179806,0.0663212,3
0.128003,0.210432,0.0562902,3
0.069582,0.156524,0.0924457,3
0.100886,0.17339,0.0416071,3
0.14845,0.209282,0.0419668,3
0.117395,0.140159,0.0327648,3
0.0510482,0.184639,0.0578817,3
0.129555,0.147471,0.043249,3
0.0407863,0.194992,0.0176073,3
0.0363258,0.201842,0.100446,3
0.207279,0.170874,0.0532312,3
0.167822,0.122773,0.0548777,3
0.0341024,0.173613,0.0644114,3
0.0892949,0.175482,0.00164653,3
0.171706,0.156338,0.00669068,3
0.0709033,0.152253,0.0339462,3
0.121565,0.108359,0.0687959,3
0.0123913,0.12424,0.088292,3
