x coord,y coord,z coord,rank
0.14439,0.0195883,0.0460378,0
0.17514,0.0297781,0.0596008,0
0.148797,0.0609416,0.0585118,0
0.146702,0.0638439,0.048755,0
0.139284,0.0539011,0.0466748,0
0.150019,0.065598,0.0157653,0
0.159256,0.0653624,0.0235212,0
0.142694,0.0320868,0.0147045,0
0.144606,0.0223185,0.0276349,0
0.165035,0.0334433,0.0270826,0
0.171085,0.0438924,0.033476,0
0.166505,0.0329841,0.0482516,0
0.141927,0.00249596,0.0734031,0
0.16915,0.0746715,0.0399924,0
0.142226,0.0398592,0.0388264,0
0.15328,0.0259848,0.0370371,0
0.174074,0.0323765,0.0466515,0
0.143163,0.0667642,0.0629658,0
0.146731,0.05224,0.0237091,0
0.160235,0.0446136,0.0262689,0
0.139296,0.0626613,0.0183897,0
0.14007,0.0297074,0.0271199,0
0.153527,0.0738219,0.0124718,0
0.151686,0.047122,0.0724828,0
0.14045,0.075178,0.0137076,0
0.147322,0.0561514,0.0726199,0
0.14333,0.0514922,0.0661453,0
0.142029,0.060812,0.0309889,0
0.15419,0.0573682,0.00751992,0
0.154889,0.0265499,0.0505925,0
0.145555,0.0487866,0.0734783,0
0.152524,0.0519305,0.0201163,0
0.173659,0.0734397,0.0676391,0
0.187736,0.0459134,0.0617145,0
0.14227,0.0722923,0.0679902,0
0.139328,0.0143516,0.0738046,0
0.148433,0.0600964,0.00664244,0
0.175863,0.0709059,0.0497431,0
0.14054,0.0122465,0.0734179,0
0.139371,0.0350286,0.0435572,0
0.16601,0.0596173,0.0337027,0
0.147884,0.063724,0.0707317,0
0.149051,0.0302529,0.068206,0
0.140144,0.049535,0.0738343,0
0.167825,0.0486802,0.0596171,0
0.147879,0.0174751,0.0511521,0
0.141727,0.0637654,0.034229,0
0.1671,0.0171071,0.0685926,0
0.139258,0.0363413,0.0679941,0
0.139991,0.0137719,0.047084,0
0.142035,0.0433228,0.0645099,0
0.15411,0.0505915,0.0352497,0
0.144474,0.00700052,0.0574357,0
0.152619,0.0707861,0.0727365,0
0.157131,0.0165327,0.0595079,0
0.17139,0.069094,0.0575916,0
0.142299,0.0291472,0.0734257,0
0.147205,0.00271518,0.0704404,0
0.141355,0.0615394,0.0722636,0
0.139645,0.0277777,0.0392886,0
0.175642,0.0455601,0.0718657,0
0.142885,0.0296919,0.0335166,0
0.157438,0.0283493,0.0649036,0
0.142591,0.0471855,0.0199444,0
0.145167,0.056468,0.0121259,0
0.140662,0.0624327,0.0198102,0
0.185943,0.0604159,0.0668619,0
0.139385,0.0485675,0.0675323,0
0.160255,0.0559647,0.0117354,0
0.150832,0.0382142,0.0581384,0
0.181353,0.0596792,0.036113,0
0.140697,0.0396945,0.0132914,0
0.142706,0.0502992,0.0448223,0
0.148172,0.00584232,0.05465,0
0.142989,0.0375885,0.0554288,0
0.140287,0.0568784,0.0640209,0
0.145357,0.0648085,0.0362456,0
0.155437,0.0485434,0.0453827,0
0.157221,0.0637139,0.0661746,0
0.148061,0.0538529,0.0435349,0
0.155897,0.0450043,0.011642,0
0.140631,0.0408345,0.0571652,0
0.140187,0.0240499,0.0496997,0
0.14371,0.051169,0.00476086,0
0.163486,0.0515702,0.039891,0
0.143194,0.0717837,0.0503943,0
0.15089,0.0219631,0.0726752,0
0.145625,0.046911,0.0563446,0
0.148528,0.0567698,0.0577712,0
0.154957,0.0414047,0.0313454,0
0.145272,0.067928,0.0204051,0
0.16604,0.0213924,0.0439153,0
0.167456,0.0659765,0.0455637,0
0.149302,0.0683856,0.074222,0
0.146409,0.0666096,0.0639323,0
0.158609,0.025187,0.0318798,0
0.14744,0.031046,0.0427761,0
0.148097,0.0409809,0.0144696,0
0.142988,0.0437281,0.0482208,0
0.141636,0.0568737,0.05992,0
0.13977,0.055315,0.0531502,0
0.1393,0.050695,0.0566323,0
0.14095,0.0648041,0.0440766,0
0.176641,0.0537822,0.0518005,0
0.1596,0.0458109,0.0612805,0
0.149407,0.0265898,0.0236182,0
0.165633,0.0734743,0.0732964,0
0.139288,0.0682412,0.0346803,0
0.152901,0.00698402,0.0659409,0
0.150916,0.0655212,0.043887,0
0.183351,0.0718454,0.0593483,0
0.139629,0.022808,0.043026,0
0.14734,0.0423431,0.0330213,0
0.159247,0.0410788,0.0500302,0
0.140318,0.0614327,0.0412398,0
0.141814,0.0262163,0.0442984,0
0.139514,0.034282,0.0588312,0
0.139272,0.0733622,0.018942,0
0.139748,0.0161061,0.0590836,0
0.140839,0.0343146,0.0599108,0
0.172789,0.0707811,0.0236854,0
0.139679,0.0525075,0.0122618,0
0.139505,0.0473027,0.0301774,0
0.16891,0.0562165,0.0463684,0
0.13932,0.0201783,0.0678893,0
0.143738,0.043518,0.0745439,0
0.154253,0.0597845,0.0901559,1
0.166301,0.0451907,0.10975,1
0.14213,0.0238853,0.0931347,1
0.159475,0.0115036,0.0836707,1
0.139283,0.0663574,0.0780706,1
0.175264,0.0581289,0.0975586,1
0.140519,0.0680483,0.0879354,1
0.140688,0.0402865,0.0844077,1
0.141351,0.0347855,0.100429,1
0.149121,0.0416127,0.136534,1
0.164991,0.0530597,0.0830373,1
0.139288,0.0621057,0.105481,1
0.181861,0.050071,0.108986,1
0.143446,0.0386305,0.0817929,1
0.171605,0.0222458,0.0777007,1
0.154959,0.0559345,0.129751,1
0.143468,0.0724638,0.0789343,1
0.147262,0.0297506,0.0926315,1
0.142969,0.0593518,0.122077,1
0.149081,0.0261784,0.111964,1
0.153326,0.0365674,0.0758739,1
0.146455,0.0259207,0.125075,1
0.149179,0.0439279,0.085004,1
0.146475,0.0175541,0.102829,1
0.165592,0.0416682,0.0755792,1
0.147649,0.0702105,0.0973607,1
0.140067,0.0716713,0.142169,1
0.140729,0.0276562,0.112827,1
0.179911,0.0709221,0.105312,1
0.139894,0.0262075,0.0921461,1
0.139401,0.0693531,0.125445,1
0.170453,0.0429947,0.0946293,1
0.143061,0.0428303,0.110412,1
0.140518,0.066993,0.103294,1
0.146192,0.0481772,0.131116,1
0.140748,0.0504601,0.108571,1
0.15775,0.0237338,0.0973076,1
0.139557,0.0193509,0.0803733,1
0.162878,0.0548051,0.127317,1
0.165998,0.0399465,0.128404,1
0.144579,0.0485196,0.101325,1
0.143382,0.0187724,0.0772295,1
0.144114,0.0325009,0.0774548,1
0.180305,0.0396436,0.0797034,1
0.160955,0.0551556,0.0980099,1
0.160265,0.0332535,0.0891635,1
0.139431,0.0579832,0.0790324,1
0.150125,0.066906,0.105374,1
0.140666,0.062902,0.12023,1
0.156913,0.0359208,0.115178,1
0.139272,0.0275524,0.092087,1
0.13929,0.0593678,0.137443,1
0.141144,0.0682514,0.0952471,1
0.139647,0.0338152,0.0752848,1
0.160365,0.0661606,0.10798,1
0.142517,0.0486275,0.0874751,1
0.142823,0.0314672,0.117283,1
0.185696,0.0734726,0.0890351,1
0.142668,0.0754775,0.112298,1
0.163939,0.0711983,0.126515,1
0.152732,0.0167293,0.0863517,1
0.141487,0.0388567,0.123549,1
0.142633,0.0605599,0.0985924,1
0.146004,0.0705667,0.148278,1
0.141659,0.0507554,0.132833,1
0.164642,0.0290686,0.0974342,1
0.144889,0.0564221,0.112094,1
0.148895,0.0650452,0.127129,1
0.150312,0.066447,0.0836182,1
0.154703,0.0504854,0.118239,1
0.149217,0.059506,0.138083,1
0.148212,0.0540029,0.116726,1
0.143323,0.0613841,0.0905785,1
0.139438,0.0708408,0.117845,1
0.146234,0.038912,0.120894,1
0.164988,0.0512489,0.11774,1
0.175273,0.056272,0.082757,1
0.158198,0.0270852,0.1198,1
0.139285,0.0483773,0.102223,1
0.140423,0.0477981,0.092838,1
0.183917,0.0614102,0.0822573,1
0.180953,0.0396225,0.105046,1
0.149947,0.0167954,0.115446,1
0.152905,0.0430157,0.128147,1
0.150941,0.0384691,0.0951337,1
0.177762,0.0703036,0.0819961,1
0.139527,0.0593612,0.127935,1
0.188094,0.071647,0.100135,1
0.143157,0.0607217,0.11622,1
0.140036,0.0334234,0.107137,1
0.13946,0.0645728,0.0886886,1
0.15901,0.0105546,0.101181,1
0.140247,0.0564459,0.087247,1
0.184121,0.0591314,0.0924705,1
0.144028,0.0193123,0.117387,1
0.139359,0.0445755,0.0827674,1
0.143664,0.0711575,0.0960523,1
0.13926,0.0363299,0.100966,1
0.17182,0.0712641,0.106797,1
0.140511,0.0659878,0.13081,1
0.139932,0.0566265,0.108471,1
0.143754,0.0608625,0.0790689,1
0.15394,0.021891,0.10772,1
0.155652,0.0664859,0.137221,1
0.171679,0.049273,0.103176,1
0.157198,0.0200203,0.0750674,1
0.142089,0.0141463,0.109019,1
0.149337,0.00485553,0.0829541,1
0.146363,0.0361708,0.11072,1
0.147357,0.0440259,0.103846,1
0.14159,0.0233592,0.103851,1
0.159069,0.0321405,0.0756838,1
0.143685,0.00158012,0.0818798,1
0.13927,0.0534572,0.115746,1
0.139499,0.0221172,0.10335,1
0.175208,0.0423644,0.117373,1
0.167079,0.0621486,0.117564,1
0.163165,0.0432972,0.0982032,1
0.170417,0.032082,0.102041,1
0.154751,0.0490339,0.101086,1
0.191633,0.0541279,0.0815653,1
0.139907,0.0400052,0.112084,1
0.162552,0.073352,0.0971574,1
0.139486,0.0307116,0.117486,1
0.157696,0.140676,0.0589157,2
0.145592,0.0776564,0.0439502,2
0.175719,0.0893027,0.0541308,2
0.139468,0.131368,0.0711758,2
0.140309,0.1222,0.0735942,2
0.141889,0.125721,0.0696711,2
0.145189,0.108451,0.069713,2
0.15764,0.086764,0.0346232,2
0.166389,0.0908047,0.0484063,2
0.162784,0.130635,0.0625909,2
0.139559,0.109497,0.0705837,2
0.139345,0.0863919,0.0598505,2
0.159048,0.0920123,0.0693329,2
0.141415,0.115761,0.0491476,2
0.139907,0.0872429,0.0747638,2
0.156054,0.100824,0.0509725,2
0.143824,0.131149,0.0483004,2
0.149327,0.124346,0.0557486,2
0.144932,0.122694,0.0174806,2
0.139288,0.0854555,0.0423399,2
0.177455,0.0845689,0.0257415,2
0.141099,0.116838,0.0160971,2
0.139801,0.0890681,0.04677,2
0.172332,0.0889743,0.0737959,2
0.149274,0.0832458,0.00848419,2
0.148629,0.0790438,0.0552428,2
0.139307,0.130926,0.0525523,2
0.179912,0.0849699,0.0711624,2
0.140908,0.111519,0.033979,2
0.139299,0.127086,0.0419362,2
0.169856,0.116138,0.0432914,2
0.157416,0.127765,0.0577951,2
0.145704,0.0960906,0.0629176,2
0.159489,0.0855513,0.054868,2
0.142158,0.0885379,0.0663285,2
0.141874,0.0785626,0.0209462,2
0.144763,0.108104,0.0136023,2
0.142002,0.0767543,0.0660998,2
0.149956,0.135792,0.0419579,2
0.160358,0.100242,0.0207101,2
0.142462,0.08416,0.00838151,2
0.139262,0.115667,0.0549199,2
0.156037,0.0796658,0.0225677,2
0.142029,0.123681,0.0303372,2
0.14101,0.0783679,0.075265,2
0.141062,0.0981623,0.0222566,2
0.139268,0.0867802,0.0170678,2
0.143378,0.0769908,0.0440983,2
0.150869,0.130175,0.0723512,2
0.141208,0.0855493,0.0284348,2
0.139841,0.12733,0.0613068,2
0.155569,0.141226,0.0694987,2
0.140198,0.107323,0.0503942,2
0.140131,0.125254,0.0608378,2
0.148173,0.0796801,0.0647536,2
0.183069,0.0763674,0.035259,2
0.178342,0.120271,0.0601712,2
0.159279,0.109033,0.0707209,2
0.142684,0.11148,0.0214273,2
0.144418,0.0926296,0.0169901,2
0.148311,0.116205,0.0335305,2
0.155905,0.0815855,0.0440358,2
0.145478,0.129045,0.0381243,2
0.139664,0.1239,0.0259588,2
0.139303,0.105164,0.0549811,2
0.139328,0.1134,0.0195599,2
0.139356,0.109346,0.0388281,2
0.152959,0.0964037,0.0311,2
0.142239,0.136063,0.0386382,2
0.148357,0.0791023,0.0192052,2
0.15337,0.10591,0.0639454,2
0.170469,0.0806106,0.01592,2
0.140587,0.0915739,0.0562382,2
0.140924,0.0893852,0.0550562,2
0.142488,0.0940421,0.0345227,2
0.17429,0.0993296,0.0424803,2
0.142905,0.121874,0.0687047,2
0.140063,0.0950655,0.0649769,2
0.142418,0.101164,0.0660348,2
0.159043,0.118902,0.0343228,2
0.167666,0.0777309,0.0559753,2
0.183948,0.0925382,0.046917,2
0.154684,0.0984513,0.0710043,2
0.146844,0.125969,0.0681989,2
0.139406,0.0979485,0.0299863,2
0.139313,0.0971476,0.0471165,2
0.148796,0.0807988,0.0370363,2
0.151497,0.142558,0.058444,2
0.15083,0.101777,0.0486043,2
0.18493,0.0998323,0.0699297,2
0.15168,0.0899382,0.0154726,2
0.141265,0.138527,0.0746498,2
0.140381,0.107649,0.0293296,2
0.139735,0.0771558,0.0466674,2
0.162303,0.115666,0.0601563,2
0.175236,0.0987936,0.0299782,2
0.139402,0.140388,0.0660976,2
0.140542,0.110737,0.0601279,2
0.146039,0.0973964,0.00757628,2
0.163799,0.119344,0.0704577,2
0.167402,0.111092,0.0559728,2
0.139421,0.102192,0.0207096,2
0.152563,0.0858017,0.052565,2
0.139612,0.0793347,0.0328302,2
0.157723,0.118142,0.0513784,2
0.140603,0.107845,0.0742041,2
0.181244,0.0981971,0.0598439,2
0.145013,0.102069,0.0479148,2
0.147308,0.132455,0.0594299,2
0.153089,0.112608,0.0236641,2
0.142171,0.0991562,0.0586095,2
0.174452,0.107592,0.0686406,2
0.140376,0.138057,0.0526497,2
0.171824,0.0848435,0.0367879,2
0.143672,0.14665,0.0586404,2
0.143023,0.10092,0.034702,2
0.150483,0.113993,0.0433935,2
0.158006,0.0869379,0.0155331,2
0.167261,0.111731,0.0334827,2
0.167308,0.10645,0.0423297,2
0.163944,0.135983,0.0476788,2
0.142734,0.1106,0.0438189,2
0.141456,0.115481,0.0592832,2
0.141907,0.0941448,0.075966,2
0.187493,0.0848006,0.0532325,2
0.143477,0.129541,0.0764532,2
0.171031,0.0980932,0.0930562,3
0.140567,0.0893725,0.121464,3
0.139634,0.116827,0.0854298,3
0.157416,0.109372,0.115991,3
0.160416,0.0837346,0.141732,3
0.156132,0.0772012,0.117453,3
0.187636,0.0855299,0.0812876,3
0.144003,0.109394,0.128483,3
0.142388,0.118633,0.0883789,3
0.152515,0.0798003,0.0805383,3
0.144874,0.139996,0.106235,3
0.14032,0.128576,0.120085,3
0.139615,0.0786661,0.0870786,3
0.142232,0.106594,0.093422,3
0.141369,0.0968926,0.130097,3
0.160931,0.0994138,0.0803457,3
0.139253,0.096966,0.132793,3
0.158654,0.0959857,0.137558,3
0.154863,0.0764591,0.0975605,3
0.142564,0.0965866,0.0886994,3
0.141203,0.141203,0.09909,3
0.139568,0.0993145,0.124904,3
0.145478,0.0866731,0.0990903,3
0.139762,0.143882,0.0818469,3
0.156137,0.0969933,0.107033,3
0.180168,0.0795653,0.114378,3
0.155239,0.128353,0.0876628,3
0.144051,0.0959841,0.124554,3
0.153464,0.142422,0.10111,3
0.181628,0.0881477,0.108935,3
0.139945,0.114592,0.0873263,3
0.152971,0.0953883,0.0990367,3
0.13972,0.0897286,0.12961,3
0.146954,0.101928,0.0781499,3
0.145394,0.087813,0.116288,3
0.153783,0.0971944,0.0811273,3
0.179855,0.101348,0.0788653,3
0.147602,0.0801221,0.123181,3
0.143774,0.111061,0.111315,3
0.14598,0.108162,0.0951454,3
0.139305,0.124613,0.0918427,3
0.168738,0.0878049,0.130453,3
0.16091,0.0996218,0.126555,3
0.146034,0.105268,0.11876,3
0.168555,0.119114,0.0901584,3
0.154946,0.145226,0.0849729,3
0.139952,0.103709,0.09656,3
0.13927,0.0922283,0.107528,3
0.145747,0.0927241,0.0883337,3
0.183991,0.100379,0.101114,3
0.149686,0.131063,0.119288,3
0.142691,0.118083,0.105095,3
0.141598,0.0786223,0.0937181,3
0.17646,0.121866,0.0935484,3
0.141037,0.0781619,0.111248,3
0.174561,0.107352,0.0909658,3
0.144433,0.0889471,0.142082,3
0.140538,0.120818,0.110198,3
0.153595,0.0913057,0.139566,3
0.147187,0.102459,0.0850577,3
0.144401,0.136458,0.0904364,3
0.152699,0.0780984,0.13872,3
0.15142,0.113218,0.0874798,3
0.143212,0.125133,0.115875,3
0.15053,0.118616,0.118317,3
0.14602,0.101472,0.14225,3
0.148177,0.0968433,0.103105,3
0.139512,0.114302,0.123729,3
0.166245,0.0783364,0.118759,3
0.141014,0.0866414,0.0998843,3
0.160962,0.140309,0.093052,3
0.139281,0.108343,0.0942828,3
0.151019,0.124969,0.0830012,3
0.139289,0.0921273,0.0807844,3
0.168794,0.0996343,0.0816337,3
0.140926,0.0861446,0.108542,3
0.143775,0.0770612,0.142646,3
0.169185,0.0769621,0.0845885,3
0.139436,0.112962,0.115147,3
0.151199,0.123166,0.103287,3
0.178358,0.077204,0.125704,3
0.139996,0.101245,0.113978,3
0.147895,0.1161,0.137559,3
0.171132,0.127207,0.0839627,3
0.149293,0.0921146,0.0829364,3
0.160548,0.126911,0.0825099,3
0.139781,0.0854717,0.109991,3
0.159515,0.126565,0.119979,3
0.143853,0.146059,0.0947409,3
0.161189,0.127381,0.100669,3
0.13965,0.107848,0.101073,3
0.139329,0.0818838,0.136395,3
0.165212,0.111522,0.122072,3
0.139947,0.134038,0.099118,3
0.142517,0.0855843,0.127308,3
0.159707,0.0849367,0.104483,3
0.14026,0.0967831,0.10073,3
0.142513,0.0882549,0.0964367,3
0.14399,0.122263,0.0914752,3
0.151052,0.0948168,0.125266,3
0.140957,0.079315,0.125785,3
0.139298,0.0975636,0.0965881,3
0.140247,0.124019,0.0783398,3
0.139446,0.127049,0.110816,3
0.151681,0.132822,0.105715,3
0.169657,0.112783,0.0986059,3
0.170261,0.0850454,0.0947234,3
0.162449,0.136253,0.0807153,3
0.140746,0.131344,0.0821043,3
0.140981,0.134376,0.109684,3
0.176516,0.0907945,0.099935,3
0.186012,0.0957152,0.0832368,3
0.143591,0.099532,0.113283,3
0.179921,0.0999382,0.113047,3
0.140651,0.0846926,0.136711,3
0.162165,0.107604,0.0887412,3
0.152082,0.123789,0.127607,3
0.174903,0.0773709,0.0997985,3
0.139346,0.0762903,0.104067,3
0.16906,0.103825,0.117997,3
0.167603,0.0905644,0.110352,3
0.148877,0.0877002,0.134475,3
0.139896,0.131263,0.0854761,3
0.177398,0.122994,0.0796325,3
