x coord,y coord,z coord,rank
0.074709,0.180402,0.0392969,0
0.0684536,0.194463,0.0947508,0
0.0682061,0.0541383,0.105696,0
0.0800112,0.00275552,0.0977231,0
0.0969364,0.0742266,0.0240001,0
0.0356022,0.00737411,0.00524991,0
0.0193235,0.0326656,0.0422609,0
0.0979894,0.024096,0.00922637,0
0.0158918,0.0499287,0.0585814,0
0.0250033,0.0568845,0.104363,0
0.0818198,0.058147,0.00569879,0
0.0661358,0.196636,0.0798711,0
0.00926567,0.122131,0.0131161,0
0.0685487,0.152876,0.0306752,0
0.040782,0.18029,0.113418,0
0.0476314,0.0999845,0.068228,0
0.0321586,0.165509,0.0191729,0
0.0632666,0.154657,0.0317281,0
0.0576039,0.174825,0.108142,0
0.0310946,0.0319925,0.121883,0
0.0808637,0.120334,0.00600101,0
0.0369034,0.00479747,0.0666623,0
0.0157777,0.139122,0.11887,0
0.0397382,0.130904,0.118976,0
0.0531955,0.0753445,0.0856441,0
0.0832096,0.0377094,0.0338034,0
0.0784453,0.0238747,0.0266621,0
0.103411,0.18014,0.0868215,0
0.0302268,0.18079,0.0311831,0
0.0840561,0.0807617,0.046675,0
0.063223,0.187375,0.0758873,0
0.016128,0.146905,0.00454146,0
0.107071,0.116149,0.104716,0
0.0569379,0.137379,0.113242,0
0.02528,0.000823038,0.0282211,0
0.0786828,0.0232505,0.058474,0
0.072019,0.0570961,0.0747881,0
0.0868452,0.0461466,0.0987508,0
0.0765023,0.0814029,0.0604809,0
0.0173228,0.085398,0.0844217,0
0.00383045,0.163033,0.0948381,0
0.0879884,0.0972499,0.0290082,0
0.0919607,0.128601,0.039531,0
0.039403,0.0145727,0.106491,0
0.00372809,0.101971,0.0902199,0
0.0416281,0.136599,0.0487859,0
0.0995641,0.0760024,0.0275687,0
0.00804118,0.0478758,0.0682867,0
0.0827037,0.109532,0.021794,0
0.0296331,0.219812,0.0285917,0
0.0526116,0.143005,0.00178178,0
0.0638015,0.150041,0.0943084,0
0.00875775,0.0353941,0.00141376,0
0.10714,0.005466,0.0241777,0
0.0437141,0.0724885,0.113839,0
0.0370844,0.0442724,0.113144,0
0.0962103,0.0131177,0.0660835,0
0.0210847,0.0606405,0.0325464,0
0.100877,0.0720486,0.0295671,0
0.0991034,0.161721,0.0273103,0
0.0393352,0.168899,0.0500481,0
0.0653251,0.107219,0.0166287,0
0.0758399,0.149173,0.0749039,0
0.0936914,0.216871,0.0260519,0
0.0242972,0.0586561,0.122135,0
0.0301064,0.0527489,0.028163,0
0.0921284,0.0147884,0.0656453,0
0.101025,0.202428,0.0485957,0
0.0437928,0.0718992,0.0728886,0
0.05033,0.00357957,0.0251786,0
0.025636,0.152232,0.0447379,0
0.039835,0.196144,0.0653526,0
0.050124,0.00440575,0.0663054,0
0.0168865,0.0566934,0.0569981,0
0.0537401,0.118791,0.0425676,0
0.0931851,0.114088,0.0792158,0
0.108754,0.0332582,0.119238,0
0.0252636,0.0930095,0.106615,0
0.0375496,0.00504082,0.0540405,0
0.0418536,0.108921,0.0991445,0
0.0561591,0.188136,0.111893,0
0.0382274,0.148225,0.0410924,0
0.0981362,0.00959749,0.029633,0
0.105042,0.0819404,0.065621,0
0.109881,0.126173,0.00838986,0
0.0952163,0.0128926,0.0144581,0
0.0812044,0.207337,0.0530518,0
0.0445937,0.013378,0.075325,0
0.00820652,0.122685,0.0455734,0
0.089956,0.0414447,0.0817182,0
0.0118193,0.22406,0.0842244,0
0.110547,0.15258,0.12025,0
0.103989,0.0543677,0.0083856,0
0.0305559,0.189885,0.0985461,0
0.0983423,0.162495,0.0234377,0
0.025324,0.20529,0.0314644,0
0.0762952,0.111678,0.0599166,0
0.0912163,0.213523,0.0572659,0
0.0918972,0.0803542,0.0503155,0
0.0857417,0.178525,0.0816228,0
0.0808971,0.0633603,0.104358,0
0.0411089,0.215775,0.00539254,0
0.0431082,0.222057,0.039417,0
0.0884809,0.0896044,0.0742974,0
0.0730882,0.115249,0.0969717,0
0.108718,0.213821,0.049049,0
0.0942828,0.174705,0.116108,0
0.0364841,0.136669,0.0243598,0
0.0506766,0.127661,0.0128624,0
0.0707822,0.133778,0.0228757,0
0.00046045,0.125494,0.0710999,0
0.0792596,0.0865149,0.0548808,0
0.000599725,0.121501,0.0440058,0
0.0844389,0.194085,0.0748136,0
0.0206638,0.171863,0.0525196,0
0.0340689,0.18632,0.0420008,0
0.0633763,0.0530442,0.0381848,0
0.0888802,0.0967877,0.105783,0
0.102194,0.221212,0.00550431,0
0.0916426,0.194213,0.0941249,0
0.15445,0.166197,0.112338,1
0.174009,0.167007,0.0447357,1
0.210091,0.123304,0.0613273,1
0.146547,0.218438,0.0112814,1
0.204357,0.0249595,0.0884121,1
0.14213,0.106709,0.0413141,1
0.145132,0.122544,0.037817,1
0.187461,0.0826956,0.0214382,1
0.115844,0.198647,0.102582,1
0.159686,0.121555,0.00808939,1
0.119147,0.224096,0.0696181,1
0.139126,0.0929491,0.0395587,1
0.187675,0.178694,0.0832795,1
0.119691,0.0525369,0.121454,1
0.179406,0.0806386,0.0574715,1
0.141515,0.0461957,0.0256067,1
0.168336,0.114072,0.0066967,1
0.139945,0.156001,0.0875145,1
0.206752,0.130137,0.0760225,1
0.145824,0.0275927,0.0876281,1
0.139894,0.00185999,0.00877685,1
0.220185,0.0532027,0.0214373,1
0.187393,0.201347,0.066139,1
0.151654,0.0119959,0.030419,1
0.140624,0.207721,0.0527912,1
0.12957,0.0492619,0.119988,1
0.129063,0.115841,0.0405307,1
0.155363,0.209668,0.0564984,1
0.211618,0.135495,0.11031,1
0.179659,0.0425042,0.0418924,1
0.218519,0.121844,0.0793387,1
0.131778,0.15717,0.0906686,1
0.148388,0.120825,0.0895161,1
0.219263,0.141617,0.0604918,1
0.131762,0.18141,0.0598572,1
0.120778,0.11606,0.0862635,1
0.128809,0.0415545,0.12122,1
0.137533,0.00101765,0.0231867,1
0.172756,0.0107239,0.0266872,1
0.128421,0.0199634,0.0252848,1
0.182448,0.151792,0.0126633,1
0.216288,0.120049,0.0799341,1
0.206041,0.0673335,0.0669369,1
0.217712,0.202023,0.008486,1
0.120669,0.111305,0.0830769,1
0.20436,0.0649923,0.0408369,1
0.194767,0.208679,0.119111,1
0.160782,0.0511932,0.0634164,1
0.200537,0.165057,0.121746,1
0.19449,0.102491,0.0449197,1
0.21393,0.190465,0.0593315,1
0.174063,0.146444,0.0946769,1
0.201725,0.121693,0.0688969,1
0.150056,0.0788296,0.0127703,1
0.220425,0.157187,0.0267627,1
0.127101,0.0452544,0.120258,1
0.140129,0.00427543,0.0101208,1
0.124465,0.199226,0.0773711,1
0.195796,0.041415,0.0993561,1
0.207241,0.0545574,0.118928,1
0.217126,0.0635951,0.0852713,1
0.160958,0.0877479,0.0173862,1
0.198903,0.195139,0.0413314,1
0.184449,0.188126,0.00509552,1
0.182646,0.07878,0.0228896,1
0.170692,0.133071,0.112087,1
0.147092,0.0161198,0.0176966,1
0.150242,0.018645,0.0394245,1
0.223133,0.084413,0.120519,1
0.170731,0.117041,0.0149619,1
0.219137,0.12207,0.109163,1
0.19359,0.0873937,0.105014,1
0.128127,0.0702811,0.012817,1
0.118651,0.0355913,0.0957583,1
0.172097,0.147827,0.0561453,1
0.176434,0.078584,0.109305,1
0.1649,0.0580712,0.0532915,1
0.151598,0.193868,0.0330754,1
0.217797,0.125541,0.113075,1
0.204113,0.0105183,0.0202,1
0.114125,0.160603,0.10757,1
0.127915,0.0485893,0.122641,1
0.114819,0.200754,0.0950648,1
0.140769,0.0983369,0.0710747,1
0.12903,0.0904574,0.10732,1
0.191046,0.122877,0.107275,1
0.17718,0.208389,0.106254,1
0.178685,0.129412,0.0790413,1
0.132396,0.0600826,0.109184,1
0.198868,0.154964,0.0213679,1
0.194095,0.017981,0.044671,1
0.114067,0.0245756,0.110461,1
0.19913,0.0549479,0.0270097,1
0.198599,0.199682,0.0699866,1
0.207269,0.0891636,0.000979702,1
0.198249,0.0975933,0.119745,1
0.154358,0.0224927,0.0510562,1
0.223365,0.156707,0.109329,1
0.220179,0.00519121,0.0575663,1
0.132644,0.0777557,0.045598,1
0.217194,0.0173746,0.0834869,1
0.18949,0.0792786,0.0866287,1
0.154835,0.065459,0.00488566,1
0.218313,0.134936,0.03991,1
0.141071,0.0420997,0.00958028,1
0.200558,0.220579,0.116661,1
0.203955,0.00353072,0.00110894,1
0.213,0.104745,0.0466316,1
0.209135,0.0583009,0.0713583,1
0.218113,0.148438,0.031212,1
0.191659,0.219262,0.0426496,1
0.194042,0.194645,0.121145,1
0.222383,0.0383536,0.0595199,1
0.193964,0.0846198,0.0555647,1
0.156568,0.180123,0.0921809,1
0.196523,0.0938224,0.000212307,1
0.16389,0.143691,0.0881104,1
0.135941,0.114226,0.0351962,1
0.172263,0.0695913,0.102057,1
0.180663,0.143718,0.0889419,1
0.193784,0.023633,0.0582106,1
0.162462,0.0344047,0.0966548,1
0.11515,0.00263741,0.0444709,1
0.145371,0.044003,0.0119651,1
0.124458,0.0450797,0.116081,1
0.113425,0.123933,0.0977232,1
0.130764,0.0470848,0.119162,1
0.115439,0.00515824,0.0371038,1
0.193291,0.0948522,0.118031,1
0.113667,0.091148,0.118802,1
0.119229,0.166436,0.106566,1
0.129018,0.0437143,0.119394,1
0.13288,0.0415841,0.12211,1
0.125199,0.0448525,0.122437,1
0.127734,0.0424697,0.121747,1
0.181546,0.169741,0.122408,1
0.125166,0.0453781,0.121827,1
0.129329,0.0450218,0.122679,1
0.129149,0.0415304,0.123127,2
0.126353,0.0793459,0.202458,2
0.152043,0.177323,0.172327,2
0.134769,0.205435,0.167357,2
0.133502,0.10328,0.152954,2
0.141096,0.0901388,0.159525,2
0.149963,0.181155,0.153822,2
0.133255,0.0492755,0.126842,2
0.126704,0.0400953,0.130893,2
0.129855,0.0448857,0.128593,2
0.128823,0.0440445,0.123262,2
0.223998,0.010298,0.126361,2
0.183977,0.208373,0.141294,2
0.12983,0.0475844,0.123614,2
0.12961,0.0445906,0.126161,2
0.207311,0.110802,0.191084,2
0.188705,0.00199399,0.213296,2
0.127197,0.0426888,0.129223,2
0.129524,0.0446817,0.127728,2
0.169943,0.0468041,0.176063,2
0.1991,0.0757623,0.201094,2
0.195091,0.0596582,0.147796,2
0.132614,0.170628,0.217135,2
0.179342,0.0311475,0.134287,2
0.13269,0.0546828,0.137019,2
0.177646,0.105149,0.19414,2
0.136275,0.173852,0.171016,2
0.130212,0.0526537,0.125699,2
0.140256,0.00569322,0.189337,2
0.153874,0.0683084,0.135333,2
0.131671,0.0542066,0.209463,2
0.182443,0.0489416,0.196134,2
0.147514,0.0176345,0.156309,2
0.144957,0.0415187,0.129254,2
0.165769,0.21729,0.199412,2
0.160378,0.170601,0.161978,2
0.12724,0.0467574,0.125735,2
0.127871,0.0401878,0.127405,2
0.207491,0.0648443,0.204218,2
0.171624,0.0801367,0.179622,2
0.155288,0.0429135,0.223787,2
0.212941,0.141295,0.160294,2
0.152546,0.216049,0.186212,2
0.193161,0.154469,0.133494,2
0.214772,0.0438462,0.175596,2
0.1255,0.0483629,0.123646,2
0.178474,0.074563,0.1262,2
0.149852,0.107409,0.164819,2
0.186157,0.0130464,0.125608,2
0.181523,0.0544766,0.216772,2
0.128193,0.0459669,0.12987,2
0.183936,0.0489105,0.139545,2
0.127527,0.0410025,0.125826,2
0.178003,0.0106309,0.205654,2
0.13041,0.0423867,0.124301,2
0.130744,0.0454913,0.124264,2
0.139724,0.206312,0.212704,2
0.128446,0.0494769,0.124801,2
0.20795,0.22048,0.124727,2
0.135026,0.21327,0.197483,2
0.126747,0.0345774,0.173496,2
0.172908,0.159008,0.217694,2
0.180159,0.0881652,0.210403,2
0.18785,0.200423,0.20162,2
0.128943,0.0684214,0.157955,2
0.136032,0.0464676,0.124429,2
0.196057,0.101807,0.1387,2
0.179595,0.0510562,0.126348,2
0.127404,0.0431814,0.133228,2
0.147136,0.0796453,0.130942,2
0.12691,0.0463657,0.123197,2
0.212258,0.0598488,0.207765,2
0.125074,0.155573,0.200221,2
0.131508,0.0420507,0.130407,2
0.19785,0.070661,0.200947,2
0.15754,0.124765,0.155933,2
0.20453,0.196784,0.164443,2
0.184899,0.213957,0.127134,2
0.198143,0.16714,0.187017,2
0.22054,0.00124482,0.125635,2
0.149888,0.121742,0.149182,2
0.140626,0.0588247,0.124563,2
0.128336,0.118081,0.203097,2
0.161137,0.0270365,0.19361,2
0.219853,0.0524912,0.129539,2
0.126029,0.0349986,0.126303,2
0.208039,0.213482,0.175813,2
0.223789,0.162337,0.138219,2
0.164012,0.113751,0.176703,2
0.129073,0.0461157,0.128059,2
0.12732,0.0142587,0.194722,2
0.139877,0.136657,0.162728,2
0.131356,0.0453278,0.129743,2
0.125777,0.0502181,0.126511,2
0.133891,0.155227,0.222191,2
0.215816,0.183149,0.14844,2
0.214968,0.110872,0.134421,2
0.143413,0.224011,0.157327,2
0.171879,0.218818,0.220041,2
0.132944,0.163406,0.19295,2
0.138293,0.105316,0.184545,2
0.133033,0.1799,0.189833,2
0.128301,0.0455407,0.130455,2
0.157794,0.17824,0.139363,2
0.129298,0.0445694,0.125226,2
0.126447,0.0474892,0.125774,2
0.15084,0.0678828,0.132561,2
0.151097,0.0839193,0.166475,2
0.149895,0.122015,0.182305,2
0.189785,0.0597974,0.193232,2
0.197761,0.20947,0.171038,2
0.132079,0.0478712,0.127866,2
0.145914,0.207773,0.220654,2
0.16369,0.159291,0.124393,2
0.201995,0.104789,0.139618,2
0.131758,0.0434476,0.126113,2
0.129682,0.0478869,0.125299,2
0.128211,0.0476391,0.123406,2
0.113911,0.0632503,0.163889,3
0.108898,0.0117861,0.163911,3
0.123702,0.0860191,0.186458,3
0.0891898,0.0483341,0.135856,3
0.0113193,0.0827122,0.223129,3
0.0597486,0.0446165,0.123658,3
0.0184406,0.191458,0.131756,3
0.0449434,0.207376,0.154665,3
0.124927,0.041753,0.125536,3
0.111822,0.044381,0.19226,3
0.0580479,0.0815502,0.151492,3
0.086671,0.132605,0.218151,3
0.120714,0.115123,0.176925,3
0.000884305,0.0913711,0.164633,3
0.0231152,0.124811,0.165025,3
0.0468593,0.210295,0.159946,3
0.0894513,0.0621121,0.208774,3
0.0814336,0.0889254,0.162285,3
0.0835492,0.0354304,0.132463,3
0.0472055,0.0706093,0.218122,3
0.0659761,0.0905859,0.201726,3
0.0481905,0.103923,0.207335,3
0.0193931,0.153852,0.224417,3
0.0786402,0.0376112,0.161875,3
0.0266602,0.0078944,0.198683,3
0.122323,0.0876302,0.138685,3
0.049491,0.131885,0.152056,3
0.0672764,0.100345,0.179248,3
0.0598598,0.213783,0.200719,3
0.00770695,0.111599,0.206111,3
0.0117834,0.211603,0.178774,3
0.113549,0.0380702,0.19578,3
0.0307785,0.0189779,0.123521,3
0.0648344,0.0881771,0.198489,3
0.0892405,0.105556,0.189925,3
0.108095,0.202602,0.172621,3
0.10049,0.139941,0.216497,3
0.0495386,0.204546,0.16915,3
0.116062,0.19915,0.204925,3
0.118378,0.0226658,0.146997,3
0.00881121,0.199984,0.185095,3
0.0269863,0.0547117,0.159282,3
0.0309561,0.112392,0.215054,3
0.102632,0.0463791,0.133556,3
0.0681119,0.068395,0.222404,3
0.0880322,0.010613,0.13435,3
0.0865036,0.182291,0.168911,3
0.0343947,0.0760404,0.15916,3
0.0520531,0.00920827,0.166175,3
0.122257,0.0453757,0.128911,3
0.105096,0.163914,0.138989,3
0.0408782,0.167997,0.181818,3
0.00505781,0.202612,0.213663,3
0.0470423,0.179405,0.130751,3
0.0421214,0.10814,0.196707,3
0.0571684,0.211714,0.192653,3
0.00685213,0.132433,0.215088,3
0.0272796,0.0271113,0.213748,3
0.0409511,0.185778,0.194168,3
0.060279,0.211725,0.131964,3
0.112776,0.115443,0.135192,3
0.0281552,0.0893358,0.125069,3
0.0872529,0.0787377,0.166705,3
0.0963684,0.0197017,0.211653,3
0.10987,0.0280893,0.150369,3
0.0238315,0.107572,0.137232,3
0.0121476,0.0485952,0.151817,3
0.0865266,0.0296573,0.21972,3
0.0234196,0.117595,0.201601,3
0.0839101,0.209615,0.170575,3
0.0315783,0.0698771,0.192695,3
0.0416598,0.00412258,0.167881,3
0.0354225,0.170855,0.134788,3
0.0595406,0.158381,0.158445,3
0.00934228,0.0499993,0.167329,3
0.0614543,0.025276,0.132658,3
0.101559,0.16178,0.141325,3
0.0912055,0.00257848,0.146618,3
0.044988,0.160634,0.152473,3
0.0533586,0.0852854,0.171981,3
0.0307517,0.177927,0.165286,3
0.0374769,0.0737027,0.178324,3
0.0321188,0.0077718,0.16607,3
0.12259,0.0413474,0.123709,3
0.0424944,0.218672,0.20595,3
0.0344037,0.15057,0.178797,3
0.0300242,0.198407,0.189237,3
0.10892,0.159778,0.201431,3
0.0714712,0.1571,0.184478,3
0.0214723,0.0736322,0.134175,3
0.0395011,0.0201367,0.185676,3
0.0889497,0.130553,0.168185,3
0.0589828,0.059897,0.16244,3
0.0049909,0.214988,0.142963,3
0.00791642,0.208467,0.207474,3
0.0364451,0.0991554,0.17756,3
0.015376,0.0864318,0.22197,3
0.106375,0.00857427,0.204737,3
0.0442658,0.0803986,0.205256,3
0.100401,0.164243,0.137412,3
0.0186716,0.106392,0.197173,3
0.0214741,0.0868207,0.210163,3
0.124195,0.04652,0.124809,3
0.121867,0.0465353,0.126237,3
0.04496,0.0758497,0.160498,3
0.0354782,0.0974044,0.134666,3
0.114396,0.0414893,0.171431,3
0.0443857,0.0871634,0.147935,3
0.0701505,0.0873086,0.163354,3
0.0722301,0.0776105,0.157098,3
0.0750693,0.0556276,0.209504,3
0.10985,0.0793509,0.200124,3
0.0714406,0.111659,0.209005,3
0.115958,0.0140398,0.153031,3
0.024708,0.138074,0.161828,3
0.0472188,0.063291,0.128702,3
0.0303101,0.167294,0.127729,3
0.115889,0.0750253,0.194156,3
0.10565,0.000500751,0.128488,3
0.105598,0.191546,0.12855,3
0.0244724,0.185355,0.140307,3
0.044405,0.000345391,0.124932,3
0.0331465,0.20227,0.133736,3
0.0212826,0.0861889,0.130714,3
