x coord,y coord,z coord,rank
0.0176527,0.206772,0.0615621,0
0.0163814,0.193157,0.180899,0
0.0157086,0.194087,0.183183,0
0.0479671,0.178841,0.121519,0
0.0161332,0.191899,0.179164,0
0.0250745,0.222037,0.0307621,0
0.0578002,0.189729,0.192892,0
0.0455633,0.211023,0.0290243,0
0.0185939,0.193478,0.183712,0
0.0779673,0.210148,0.0854669,0
0.0471467,0.157427,0.0847524,0
0.0193095,0.218953,0.199374,0
0.0112167,0.196143,0.00346387,0
0.0174141,0.1902,0.183899,0
0.0167767,0.191738,0.180155,0
0.0154475,0.196713,0.183159,0
0.0093646,0.19087,0.181299,0
0.0383397,0.175973,0.181615,0
0.0179105,0.190839,0.178032,0
0.0318924,0.150112,0.131354,0
0.0255015,0.128945,0.117285,0
0.074329,0.160178,0.0990117,0
0.00321535,0.152655,0.0615206,0
0.0601035,0.207715,0.122418,0
0.08481,0.162274,0.148904,0
0.0564127,0.204155,0.133183,0
0.0735548,0.189915,0.187425,0
0.0674924,0.139954,0.145891,0
0.0917077,0.220556,0.108968,0
0.00358285,0.135516,0.0340177,0
0.0140514,0.192594,0.18069,0
0.0270369,0.144745,0.0057035,0
0.0404233,0.220439,0.184913,0
0.0021862,0.145565,0.216372,0
0.0641583,0.152627,0.0876792,0
0.080643,0.19369,0.0801561,0
0.0184121,0.195323,0.181767,0
0.016383,0.195282,0.182748,0
0.0357461,0.221371,0.139318,0
0.0174997,0.192382,0.179956,0
0.093155,0.204428,0.0648557,0
0.022763,0.178424,0.0403055,0
0.060958,0.210173,0.0369296,0
0.059602,0.204309,0.0680723,0
0.0697066,0.222623,0.0498195,0
0.0183184,0.156847,0.121268,0
0.0590408,0.138018,0.223739,0
0.0178567,0.191399,0.175754,0
0.0178401,0.194539,0.18088,0
0.0619953,0.13819,0.0409425,0
0.0969043,0.163573,0.0331094,0
0.0117824,0.216876,0.032897,0
0.0236699,0.216366,0.0350361,0
0.0886484,0.213874,0.175214,0
0.0331927,0.175573,0.164145,0
0.0519984,0.197525,0.024363,0
0.0739482,0.155379,0.0877785,0
0.076431,0.213832,0.101562,0
0.0233933,0.21226,0.209351,0
0.0155099,0.136784,0.139702,0
0.0705614,0.129389,0.0766794,0
0.0198392,0.194025,0.177629,0
0.0177783,0.145344,0.0829838,0
0.0424502,0.133051,0.19771,0
0.0954035,0.201335,0.208313,0
0.014688,0.19124,0.185145,0
0.0184128,0.192022,0.178852,0
0.0129854,0.201536,0.119235,0
0.0702423,0.166484,0.0299643,0
0.0194592,0.187647,0.179794,0
0.00382069,0.189613,0.0646014,0
0.0510585,0.163105,0.0388186,0
0.0885567,0.201482,0.0424973,0
0.0649219,0.208542,0.0141032,0
0.0104936,0.143008,0.211962,0
0.0414905,0.146622,0.0399815,0
0.0691716,0.204624,0.160297,0
0.0986043,0.189497,0.190867,0
0.0810822,0.212546,0.113901,0
0.0794954,0.222406,0.0494889,0
0.0820033,0.182871,0.0894309,0
0.0774085,0.167233,0.0714098,0
0.0521809,0.207337,0.145537,0
0.0178009,0.191344,0.179156,0
0.0165707,0.18876,0.183214,0
0.0764808,0.171435,0.0778145,0
0.0229453,0.190477,0.182558,0
0.0838881,0.147842,0.078578,0
0.0137979,0.18964,0.181674,0
0.0162368,0.190641,0.180066,0
0.020888,0.194213,0.184506,0
0.0155472,0.184371,0.181764,0
0.0141775,0.189928,0.180324,0
0.0676488,0.170866,0.141498,0
0.0247092,0.194046,0.0721203,0
0.079873,0.224129,0.0531481,0
0.0575321,0.212163,0.0800695,0
0.0245418,0.164331,0.0197179,0
0.0130332,0.192495,0.181223,0
0.045475,0.141874,0.201101,0
0.00803286,0.187535,0.0990696,0
0.0342473,0.135158,0.138008,0
0.0134417,0.19328,0.185369,0
0.017553,0.191207,0.174153,0
0.0137871,0.188671,0.184074,0
0.0121194,0.197498,0.181611,0
0.0134747,0.192204,0.178486,0
0.0163197,0.195634,0.184236,0
0.0940195,0.156058,0.0963367,0
0.0622116,0.168523,0.0525009,0
0.0031004,0.207947,0.0820039,0
0.0167695,0.187454,0.183031,0
0.0894939,0.201484,0.116624,0
0.0170893,0.192295,0.180282,0
0.00998927,0.182929,0.0213022,0
0.0154947,0.18902,0.183472,0
0.0162941,0.195348,0.18812,0
0.064503,0.166461,0.0532749,0
0.015241,0.193642,0.180701,0
0.0206516,0.145542,0.175568,0
0.0577185,0.222557,0.133819,0
0.00294658,0.143525,0.151649,0
0.116217,0.166963,0.0818108,1
0.180206,0.134302,0.00629112,1
0.171577,0.167629,0.0607903,1
0.181518,0.129943,0.0214219,1
0.157297,0.148588,0.102123,1
0.148681,0.190706,0.0355649,1
0.167386,0.116425,0.0883368,1
0.127342,0.113583,0.0835713,1
0.120612,0.143044,0.111272,1
0.158469,0.130676,0.097574,1
0.137135,0.158801,0.0579744,1
0.125019,0.182171,0.0279683,1
0.187276,0.117744,0.0763955,1
0.153908,0.163712,0.0128375,1
0.199158,0.215128,0.0893406,1
0.144736,0.1816,0.145831,1
0.169136,0.135296,0.0696831,1
0.207387,0.201584,0.0319962,1
0.114198,0.201917,0.11991,1
0.222406,0.129882,0.000364646,1
0.19315,0.115059,0.0255617,1
0.175077,0.131965,0.132488,1
0.117041,0.126035,0.20934,1
0.135969,0.118485,0.1242,1
0.192112,0.118343,0.159195,1
0.165985,0.137187,0.0853213,1
0.191968,0.110647,0.0821329,1
0.213515,0.15888,0.0355515,1
0.162951,0.11606,0.158246,1
0.134698,0.144653,0.148983,1
0.136787,0.194366,0.0150561,1
0.111711,0.115914,0.138804,1
0.224125,0.17303,0.169124,1
0.21121,0.183749,0.15368,1
0.194245,0.209856,0.111749,1
0.179606,0.216365,0.0648156,1
0.1313,0.143728,0.149939,1
0.166317,0.126355,0.17107,1
0.130704,0.2024,0.142449,1
0.131556,0.110639,0.0875447,1
0.199549,0.145309,0.126401,1
0.126483,0.14226,0.206426,1
0.170073,0.201646,0.0752613,1
0.108315,0.217264,0.0602149,1
0.120689,0.175863,0.0638351,1
0.14113,0.124236,0.0454787,1
0.211591,0.163645,0.0421296,1
0.156513,0.17716,0.201278,1
0.137573,0.19166,0.0770246,1
0.18622,0.208552,0.0442796,1
0.183516,0.1693,0.217983,1
0.162464,0.16235,0.00176934,1
0.112528,0.191095,0.034528,1
0.141709,0.127663,0.17886,1
0.145801,0.189597,0.0793693,1
0.154305,0.219974,0.16535,1
0.164098,0.118188,0.10241,1
0.182077,0.199793,0.112841,1
0.118882,0.112149,0.223719,1
0.140234,0.187923,0.12964,1
0.167512,0.152236,0.103856,1
0.191373,0.198026,0.053337,1
0.186177,0.153987,0.0754275,1
0.122747,0.115355,0.188387,1
0.16161,0.125648,0.161663,1
0.113431,0.214954,0.114294,1
0.129579,0.14024,0.179446,1
0.193677,0.166234,0.12983,1
0.155122,0.123993,0.0525598,1
0.191005,0.206727,0.157589,1
0.151546,0.206906,0.205756,1
0.217202,0.132587,0.0851562,1
0.222402,0.125673,0.181388,1
0.127216,0.135511,0.0181648,1
0.11828,0.178054,0.198374,1
0.168128,0.222958,0.196115,1
0.141879,0.182412,0.128157,1
0.20105,0.197126,0.0142154,1
0.1745,0.133859,0.205871,1
0.173855,0.194625,0.205737,1
0.192187,0.189124,0.223486,1
0.169561,0.203528,0.0595993,1
0.188025,0.118816,0.208315,1
0.187351,0.162061,0.0320068,1
0.102482,0.144267,0.0418066,1
0.114347,0.180817,0.111782,1
0.125518,0.159867,0.100469,1
0.193752,0.210749,0.198342,1
0.181534,0.146993,0.191198,1
0.180765,0.158579,0.159973,1
0.202799,0.170758,0.0194337,1
0.17032,0.216014,0.0714373,1
0.160113,0.142442,0.0105891,1
0.214499,0.224922,0.19544,1
0.13954,0.193617,0.0965558,1
0.168976,0.214769,0.123438,1
0.224271,0.13811,0.0835053,1
0.210356,0.211542,0.12214,1
0.212952,0.198022,0.109394,1
0.178571,0.118461,0.148332,1
0.222267,0.180613,0.0777723,1
0.140865,0.209236,0.193442,1
0.147011,0.142463,0.1523,1
0.102707,0.125234,0.208132,1
0.192785,0.196196,0.201358,1
0.124786,0.175439,0.130974,1
0.211056,0.182762,0.197122,1
0.138458,0.127997,0.0919004,1
0.116689,0.215905,0.210628,1
0.162007,0.185625,0.106663,1
0.115153,0.115015,0.194573,1
0.205695,0.187959,0.190924,1
0.128511,0.135716,0.0480287,1
0.116936,0.223368,0.0534485,1
0.178854,0.122386,0.0498459,1
0.109699,0.138089,0.194309,1
0.151713,0.200599,0.14808,1
0.187169,0.216662,0.00725812,1
0.187069,0.13737,0.0488854,1
0.168319,0.188821,0.145456,1
0.163259,0.209258,0.19594,1
0.182203,0.143767,0.22058,1
0.20706,0.21748,0.224749,1
0.160447,0.120339,0.0843851,1
0.176786,0.158883,0.130349,1
0.156753,0.183012,0.207836,1
0.215796,0.131848,0.0383686,1
0.195336,0.11005,0.210351,1
0.101583,0.172107,0.133347,1
0.102103,0.215284,0.0771549,1
0.159334,0.00943898,0.140794,2
0.176056,0.100729,0.169943,2
0.16724,0.0703965,0.118268,2
0.20736,0.0181661,0.165169,2
0.120188,0.032726,0.104554,2
0.123669,0.0385977,0.130979,2
0.191716,0.0026564,0.129372,2
0.205401,0.0694377,0.133597,2
0.154004,0.0784872,0.20879,2
0.19094,0.0708325,0.165721,2
0.127281,0.0660935,0.17548,2
0.119965,0.0404348,0.0619089,2
0.174397,0.0934682,0.196261,2
0.204127,0.0715252,0.0630463,2
0.185228,0.023369,0.174597,2
0.108258,0.0639112,0.0103422,2
0.216557,0.0904787,0.0993582,2
0.140604,0.0629445,0.0605037,2
0.146522,0.0325039,0.201371,2
0.120917,0.0761649,0.0857698,2
0.154163,0.106491,0.217248,2
0.138704,0.0459416,0.187713,2
0.19222,0.00888227,0.0405222,2
0.223468,0.0120182,0.120919,2
0.159464,0.0806195,0.19124,2
0.126649,0.0790553,0.0715739,2
0.177861,0.0185314,0.0168259,2
0.123101,0.0459507,0.162302,2
0.119388,0.0852547,0.0207374,2
0.144164,0.0945702,0.128227,2
0.146971,0.0949414,0.0262948,2
0.125442,0.0579689,0.117697,2
0.161826,0.083806,0.153061,2
0.138127,0.0389227,0.0167386,2
0.119236,0.0659679,0.155878,2
0.10153,0.055623,0.200976,2
0.198802,0.0911338,0.02556,2
0.141024,0.0338715,0.167592,2
0.172139,0.0160767,0.13821,2
0.107648,0.0869698,0.173277,2
0.163986,0.049333,0.143936,2
0.175844,0.0382314,0.118973,2
0.126505,0.0116156,0.0575477,2
0.191188,0.0757634,0.0468868,2
0.136112,0.0289402,0.0512332,2
0.187186,0.0777151,0.00171873,2
0.132482,0.0989407,0.162103,2
0.145477,0.101607,0.0173033,2
0.116779,0.0981451,0.158016,2
0.106451,0.0788075,0.207737,2
0.130247,0.0190559,0.0519402,2
0.110194,0.0234515,0.146018,2
0.130906,0.0765516,0.0167563,2
0.122579,0.0663669,0.0836535,2
0.136168,0.0864493,0.0551958,2
0.131778,0.0636167,0.0988196,2
0.164641,0.0514217,0.133559,2
0.186081,0.0132456,0.146294,2
0.172836,0.00206483,0.0628584,2
0.128618,0.0761323,0.0914558,2
0.109943,0.00884232,0.111282,2
0.155915,0.0679225,0.106498,2
0.199845,0.0456275,0.046003,2
0.152148,0.0708375,0.0208114,2
0.151685,0.0515821,0.00539258,2
0.166642,0.0916187,0.0054542,2
0.18562,0.0786166,0.0349439,2
0.110276,0.06397,0.00838663,2
0.204117,0.0852968,0.0174354,2
0.221951,0.106294,0.00762478,2
0.187757,0.0423132,0.0169455,2
0.190024,0.106903,0.222665,2
0.138147,0.00214605,0.070943,2
0.222123,0.0753001,0.204736,2
0.181754,0.0488771,0.143347,2
0.200318,0.0106368,0.123845,2
0.125868,0.0714781,0.136781,2
0.201505,0.0415738,0.171252,2
0.142454,0.0925684,0.0980359,2
0.199769,0.0699672,0.126466,2
0.131153,0.103237,0.165596,2
0.207553,0.0721294,0.170773,2
0.222953,0.0497059,0.202472,2
0.222148,0.0640108,0.0465078,2
0.212963,0.00382012,0.147225,2
0.114977,0.0700183,0.038149,2
0.173187,0.0320233,0.180693,2
0.162544,0.100126,0.200034,2
0.109255,0.0113468,0.0260396,2
0.224707,0.0767308,0.00321891,2
0.133073,0.0954825,0.222927,2
0.124292,0.0423897,0.0514004,2
0.12374,0.00749532,0.112318,2
0.17615,0.0389105,0.0097566,2
0.223328,0.0364993,0.0210591,2
0.13011,0.0305421,0.178745,2
0.189092,0.0291117,0.0192331,2
0.202843,0.0422893,0.0545845,2
0.147885,0.0481837,0.221709,2
0.105781,0.00991966,0.0800753,2
0.207569,0.051559,0.181297,2
0.114327,0.072775,0.194932,2
0.198296,0.0373075,0.129673,2
0.127067,0.00794398,0.0098958,2
0.172494,0.052519,0.0393001,2
0.110238,0.0522056,0.197645,2
0.135021,0.103666,0.161071,2
0.213595,0.00646053,0.137562,2
0.11064,0.0124571,0.0917276,2
0.126899,0.0260081,0.0159119,2
0.195295,0.0327313,0.0182951,2
0.115294,0.0314704,0.215426,2
0.183261,0.0251812,0.0672626,2
0.199369,0.00598006,0.135546,2
0.153269,0.0848126,0.0439151,2
0.153155,0.0459184,0.192106,2
0.216956,0.00923132,0.172356,2
0.189022,0.092274,0.0404919,2
0.217457,0.0527197,0.0667609,2
0.172226,0.0835612,0.0739488,2
0.200014,0.0821063,0.221515,2
0.144565,0.0459652,0.220332,2
0.139619,0.0609327,0.0477012,2
0.11965,0.090056,0.119614,2
0.18611,0.0996617,0.21574,2
0.103193,0.0452977,0.144767,2
0.101548,0.0217208,0.199434,2
0.0109951,0.0790159,0.201391,3
0.0141546,0.0176038,0.108568,3
0.0319163,0.0600709,0.023136,3
0.0324054,0.0590051,0.139726,3
0.00355594,0.0128636,0.0959736,3
0.06013,0.00556809,0.154064,3
0.0628962,0.0624419,0.0996007,3
0.085198,0.0387035,0.176119,3
0.0318006,0.00299912,0.0470538,3
0.0125832,0.082232,0.00133765,3
0.0102556,0.0610241,0.103388,3
0.0639154,0.0340369,0.187619,3
0.0577256,0.000477415,0.219546,3
0.0521365,0.0449931,0.0923666,3
0.060841,0.0728133,0.198658,3
0.00947102,0.071771,0.116358,3
0.0443475,0.00609493,0.205651,3
0.0830597,0.109907,0.114234,3
0.00900548,0.0823221,0.14205,3
0.0344015,0.0609567,0.0269297,3
0.0158316,0.0580443,0.0167338,3
0.0968412,0.0301247,0.0308908,3
0.0375481,0.0689553,0.160579,3
0.099463,0.0304269,0.162917,3
0.0495172,0.103897,0.00415604,3
0.0141349,0.124724,0.13452,3
0.0541931,0.0484797,0.195987,3
0.0320914,0.0697345,0.116664,3
0.0940906,0.0104532,0.0222645,3
0.0197819,0.0805964,0.103841,3
0.02574,0.123319,0.0845658,3
0.0211576,0.0145227,0.079992,3
0.0140655,0.0332826,0.0243486,3
0.0857006,0.0975858,0.0356499,3
0.029221,0.050456,0.10769,3
0.063344,0.0354949,0.115957,3
0.0751013,0.0831817,0.119974,3
0.0904001,0.0956816,0.188674,3
0.0357398,0.0675131,0.165823,3
0.0824106,0.0139358,0.206421,3
0.00276024,0.0137095,0.113005,3
0.0640258,0.0330578,0.0246874,3
0.0402749,0.0425959,0.151046,3
0.0275503,0.0120048,0.222609,3
0.0168524,0.107026,0.202748,3
0.0472458,0.0289988,0.210666,3
0.0856675,0.077985,0.146137,3
0.0324669,0.0980616,0.137201,3
0.0138646,0.109889,0.0367336,3
0.0173838,0.105786,0.186558,3
0.0614925,0.0163605,0.0903123,3
0.0238048,0.0430305,0.156304,3
0.0148259,0.101783,0.0858673,3
0.0300259,0.0375924,0.10135,3
0.00603848,0.0164169,0.0449409,3
0.0686676,0.0661525,0.0459433,3
0.0248205,0.00678829,0.0435752,3
0.0297051,0.0727968,0.106524,3
0.0970638,0.0370836,0.162263,3
0.0094628,0.0752329,0.143018,3
0.00673506,0.0115417,0.0888472,3
0.0126922,0.00584469,0.119361,3
0.047696,0.12178,0.202629,3
0.0922837,0.06844,0.17449,3
0.0855273,0.0784674,0.20917,3
0.0621698,0.0672342,0.195952,3
0.0861531,0.00273468,0.214366,3
0.0113907,0.0226672,0.215997,3
0.0460052,0.0263273,0.0426576,3
0.0588484,0.0554739,0.209826,3
0.0027054,0.0756351,0.00387953,3
0.0135669,0.0515112,0.0230184,3
0.0333995,0.116605,0.0683666,3
0.0509985,0.00739369,0.218522,3
0.0820949,0.115257,0.0979553,3
0.0161794,0.0285784,0.0260448,3
0.0835183,0.103131,0.184928,3
0.0111966,0.0888643,0.139154,3
0.00777083,0.0144909,0.141251,3
0.0762386,0.0366626,0.0273025,3
0.0250582,0.054678,0.174108,3
0.0582316,0.030058,0.207545,3
0.0489737,0.0708186,0.136144,3
0.0225746,0.111246,0.173561,3
0.0906408,0.12006,0.0659268,3
0.0573337,0.0351279,0.0245334,3
0.0574143,0.0124582,0.0595473,3
0.0972061,0.0223567,0.164985,3
0.0288125,0.103563,0.154966,3
0.00577456,0.0887173,0.0553853,3
0.0114936,0.106645,0.053561,3
0.0289291,0.00579822,0.197361,3
0.0941413,0.0607841,0.127242,3
0.00394649,0.0347038,0.116634,3
0.0722126,0.0110938,0.0333242,3
0.0378516,0.093765,0.105605,3
0.0133152,0.0762909,0.0656543,3
0.00638194,0.0695791,0.0739737,3
0.0594512,0.043259,0.218605,3
0.069783,0.0193553,0.187173,3
0.0331127,0.0105409,0.13409,3
0.0815901,0.0285454,0.160758,3
0.0115106,0.0835423,0.193108,3
0.0195398,0.0851897,0.068034,3
0.0715979,0.0274959,0.0529465,3
0.0736184,0.0438878,0.0150845,3
0.0186692,0.0228095,0.0457595,3
0.0894921,0.0751725,0.0649683,3
0.0767757,0.0685936,0.0620777,3
0.0725017,0.12318,0.0927422,3
0.0678583,0.0800874,0.0423971,3
0.0201849,0.0194082,0.104803,3
0.00486757,0.0926185,0.0389006,3
0.0275795,0.112268,0.018209,3
0.0968492,0.0701806,0.216869,3
0.0915225,0.094744,0.0348451,3
0.0941262,0.0980461,0.00281682,3
0.0951027,0.0863116,0.176779,3
0.00759405,0.122365,0.0562236,3
0.0814776,0.125018,0.205722,3
0.0530955,0.125988,0.191439,3
