x coord,y coord,z coord,rank
0.212659,0.0570456,0.0835378,0
0.182314,0.0672781,0.0971008,0
0.223095,0.0984416,0.0960118,0
0.218244,0.101344,0.086255,0
0.197801,0.0914011,0.0841748,0
0.224139,0.103098,0.0532226,0
0.206374,0.102862,0.0609785,0
0.208338,0.0695868,0.0521619,0
0.213203,0.0598185,0.0651349,0
0.196984,0.0709433,0.0645399,0
0.18799,0.0813924,0.070976,0
0.194701,0.0704841,0.0857516,0
0.206285,0.0399853,0.110903,0
0.190787,0.112171,0.0774924,0
0.207131,0.0773592,0.0763264,0
0.217352,0.0634422,0.0745371,0
0.183779,0.0698765,0.0841515,0
0.209561,0.104264,0.100466,0
0.218297,0.08974,0.0611664,0
0.204686,0.0821136,0.0637689,0
0.197918,0.100161,0.0558471,0
0.200872,0.0671648,0.0645773,0
0.216844,0.111322,0.0499718,0
0.220576,0.084622,0.109983,0
0.202071,0.112678,0.0512076,0
0.220163,0.0936514,0.11012,0
0.209989,0.0889922,0.103645,0
0.206556,0.098312,0.0684889,0
0.215552,0.0948682,0.0449879,0
0.214192,0.0640499,0.0880925,0
0.215521,0.0862866,0.110978,0
0.218826,0.0894305,0.0576163,0
0.184363,0.11094,0.105139,0
0.166119,0.0834028,0.099172,0
0.206242,0.109792,0.10549,0
0.197506,0.0518516,0.111305,0
0.22226,0.0975964,0.0441424,0
0.181344,0.108406,0.0872431,0
0.202359,0.0497254,0.110918,0
0.198329,0.0725286,0.0810572,0
0.195473,0.0971173,0.0712027,0
0.220994,0.101224,0.108232,0
0.223676,0.0677102,0.105706,0
0.199267,0.087035,0.111334,0
0.192724,0.0860949,0.0971171,0
0.22099,0.0549541,0.0886521,0
0.204269,0.101265,0.071729,0
0.1938,0.0546071,0.106093,0
0.197693,0.0738413,0.105494,0
0.200631,0.0512506,0.084584,0
0.205331,0.0808228,0.10201,0
0.215719,0.0880915,0.0727497,0
0.212865,0.0445005,0.0949357,0
0.218645,0.108286,0.110237,0
0.210094,0.0540327,0.0969876,0
0.187557,0.106594,0.0950916,0
0.207285,0.0666046,0.110926,0
0.219417,0.0401939,0.10794,0
0.202972,0.0990394,0.109764,0
0.198027,0.0652351,0.0767886,0
0.181632,0.0830601,0.109366,0
0.208821,0.0671919,0.0710166,0
0.209548,0.0658493,0.102404,0
0.208079,0.0846855,0.0574017,0
0.214568,0.093968,0.0495833,0
0.202703,0.0999327,0.0573102,0
0.168321,0.0979159,0.104362,0
0.198486,0.0860675,0.105032,0
0.204668,0.0933969,0.0492184,0
0.222374,0.0757142,0.0956384,0
0.174111,0.0971792,0.073613,0
0.202822,0.0771945,0.0507914,0
0.208365,0.0877992,0.0823223,0
0.221659,0.0433317,0.09215,0
0.20912,0.0750885,0.0929288,0
0.199613,0.0943784,0.101521,0
0.215021,0.102309,0.0737456,0
0.213183,0.0860434,0.0828827,0
0.20994,0.101214,0.103675,0
0.221423,0.0913529,0.0810349,0
0.212319,0.0825043,0.0491206,0
0.202624,0.0783345,0.0946652,0
0.199366,0.06155,0.0871997,0
0.210941,0.088669,0.0422502,0
0.1994,0.0890702,0.077391,0
0.209672,0.109284,0.0878943,0
0.222257,0.0594631,0.110175,0
0.221765,0.084411,0.0938446,0
0.220266,0.0942698,0.0952712,0
0.214102,0.0788194,0.0688454,0
0.214843,0.105428,0.0578624,0
0.195416,0.0588924,0.0814153,0
0.193299,0.103477,0.0830637,0
0.223844,0.105886,0.111722,0
0.223606,0.10411,0.101432,0
0.207472,0.062687,0.0693798,0
0.219964,0.0685034,0.0802761,0
0.221469,0.0784809,0.0519482,0
0.20907,0.0812281,0.0857209,0
0.205513,0.0943737,0.09742,0
0.199882,0.092815,0.0905649,0
0.197499,0.088195,0.0941323,0
0.201676,0.102304,0.0815766,0
0.180302,0.0912822,0.0893005,0
0.205755,0.0833215,0.0988124,0
0.224482,0.0640898,0.0611182,0
0.196037,0.110974,0.110796,0
0.197918,0.105741,0.0721803,0
0.218098,0.044484,0.103441,0
0.222225,0.103021,0.081387,0
0.171556,0.109345,0.0968483,0
0.199404,0.0602654,0.080526,0
0.219734,0.0798431,0.0705213,0
0.206392,0.0785788,0.0875302,0
0.201638,0.0989327,0.0787399,0
0.205997,0.0637163,0.0817984,0
0.198952,0.071782,0.0963312,0
0.197568,0.110862,0.0563994,0
0.199792,0.0535736,0.0965836,0
0.201276,0.0718146,0.0974108,0
0.185567,0.108281,0.0611428,0
0.199539,0.0900075,0.0497191,0
0.198926,0.0848027,0.0676774,0
0.191118,0.0937165,0.0838684,0
0.198159,0.0576783,0.105389,0
0.212318,0.081018,0.112044,0
0.215435,0.0972845,0.127656,1
0.195012,0.0826907,0.14725,1
0.206837,0.0613426,0.130635,1
0.206002,0.0489823,0.121171,1
0.197903,0.103857,0.115571,1
0.182171,0.0955436,0.135059,1
0.202284,0.105548,0.125435,1
0.200814,0.0777865,0.121908,1
0.2047,0.0722855,0.137929,1
0.223837,0.0791127,0.174034,1
0.197043,0.0905597,0.120537,1
0.197866,0.0996057,0.142981,1
0.173458,0.087571,0.146486,1
0.210289,0.0761305,0.119293,1
0.187251,0.0597458,0.115201,1
0.214082,0.0934345,0.167251,1
0.210346,0.109964,0.116434,1
0.219557,0.0672079,0.130131,1
0.209021,0.0968518,0.159577,1
0.223752,0.0636357,0.149464,1
0.217255,0.0740674,0.113374,1
0.217675,0.063378,0.162575,1
0.223952,0.0814279,0.122504,1
0.21772,0.0550331,0.140329,1
0.196111,0.0791682,0.113079,1
0.220475,0.107711,0.134861,1
0.200881,0.109171,0.179669,1
0.202897,0.0651562,0.150327,1
0.175965,0.108422,0.142812,1
0.198604,0.0637075,0.129646,1
0.19846,0.106853,0.162945,1
0.188895,0.0804947,0.132129,1
0.209283,0.0803303,0.147912,1
0.202291,0.104493,0.140794,1
0.217027,0.0856772,0.168616,1
0.202944,0.0879601,0.146071,1
0.208966,0.0612338,0.134808,1
0.199144,0.0568509,0.117873,1
0.200374,0.0923051,0.164817,1
0.195486,0.0774465,0.165904,1
0.21636,0.0860196,0.138825,1
0.210095,0.0562298,0.11473,1
0.214105,0.0700009,0.114955,1
0.175445,0.0771436,0.117203,1
0.203519,0.0926556,0.13551,1
0.204664,0.0707535,0.126663,1
0.197628,0.0954832,0.116532,1
0.223896,0.104406,0.142874,1
0.202754,0.100402,0.15773,1
0.210488,0.0734208,0.152678,1
0.197848,0.0650098,0.129587,1
0.197511,0.0968678,0.174943,1
0.202247,0.105751,0.132747,1
0.199485,0.0713152,0.112785,1
0.204487,0.103661,0.14548,1
0.207846,0.0861275,0.124975,1
0.208691,0.0689672,0.154783,1
0.168635,0.110973,0.126535,1
0.207833,0.112978,0.149798,1
0.198671,0.108698,0.164015,1
0.218404,0.0542293,0.123852,1
0.205069,0.0763567,0.161049,1
0.208146,0.0980599,0.136092,1
0.216592,0.108067,0.185778,1
0.205561,0.0882554,0.170333,1
0.197571,0.0665686,0.134934,1
0.213863,0.0939221,0.149594,1
0.223313,0.102545,0.164629,1
0.223489,0.103947,0.121118,1
0.214567,0.0879854,0.155739,1
0.224037,0.097006,0.175583,1
0.221745,0.0915029,0.154226,1
0.210515,0.0988841,0.128079,1
0.197654,0.108341,0.155345,1
0.217133,0.076412,0.158394,1
0.197019,0.0887489,0.15524,1
0.18213,0.093772,0.120257,1
0.208191,0.0645425,0.1573,1
0.197499,0.0858774,0.139723,1
0.200042,0.0852981,0.130338,1
0.17085,0.0989102,0.119757,1
0.174636,0.0771225,0.142546,1
0.224321,0.0542955,0.152946,1
0.218105,0.0805157,0.165647,1
0.222166,0.0759691,0.132634,1
0.178808,0.107804,0.119496,1
0.199017,0.0968612,0.165435,1
0.165682,0.109147,0.137635,1
0.20984,0.0982217,0.15372,1
0.198956,0.0709234,0.144637,1
0.197675,0.102073,0.126189,1
0.206773,0.0480332,0.138681,1
0.199539,0.093946,0.124747,1
0.170603,0.0965461,0.12997,1
0.211762,0.0567913,0.154887,1
0.197534,0.0820755,0.120267,1
0.210824,0.108658,0.133552,1
0.197657,0.0738299,0.138466,1
0.186948,0.108764,0.144297,1
0.202265,0.103488,0.16831,1
0.198687,0.0941265,0.145971,1
0.21106,0.0983625,0.116569,1
0.216028,0.0593483,0.14522,1
0.212791,0.103986,0.174721,1
0.187124,0.0867729,0.140676,1
0.20996,0.0574776,0.112567,1
0.206734,0.051625,0.146519,1
0.224316,0.0423555,0.120454,1
0.217422,0.0736708,0.14822,1
0.219774,0.0815259,0.141346,1
0.205352,0.0608165,0.141351,1
0.206666,0.0696405,0.113184,1
0.210898,0.0390588,0.11938,1
0.197521,0.0909572,0.153246,1
0.197757,0.0596173,0.14085,1
0.182231,0.0798644,0.154873,1
0.19385,0.0995633,0.155064,1
0.199899,0.0807972,0.135703,1
0.188916,0.069582,0.139541,1
0.214488,0.0865098,0.138586,1
0.161439,0.0916279,0.119065,1
0.200342,0.0775052,0.149584,1
0.200898,0.110852,0.134657,1
0.198889,0.0682116,0.154986,1
0.209093,0.178176,0.0964157,2
0.215595,0.115156,0.0814502,2
0.181535,0.126803,0.0916308,2
0.198775,0.168868,0.108676,2
0.201658,0.1597,0.111094,2
0.204817,0.163221,0.107171,2
0.214638,0.145951,0.107213,2
0.209195,0.124264,0.0721232,2
0.194905,0.128305,0.0859063,2
0.200532,0.168135,0.100091,2
0.197839,0.146997,0.108084,2
0.198222,0.123892,0.0973505,2
0.206716,0.129512,0.106833,2
0.204897,0.153261,0.0865623,2
0.198626,0.124743,0.112264,2
0.212045,0.138324,0.0884725,2
0.211234,0.168649,0.0858004,2
0.224278,0.161846,0.0932486,2
0.214009,0.160194,0.0549379,2
0.1975,0.122955,0.0798399,2
0.179203,0.122069,0.0631989,2
0.203996,0.154338,0.0535971,2
0.200011,0.126568,0.08427,2
0.186221,0.126474,0.111296,2
0.22418,0.121023,0.0459118,2
0.220591,0.116544,0.0927428,2
0.19806,0.168426,0.0900523,2
0.175956,0.12247,0.108662,2
0.20344,0.149055,0.0713904,2
0.198011,0.164586,0.0794362,2
0.189741,0.153638,0.0807915,2
0.209575,0.165265,0.0952951,2
0.21585,0.133197,0.101213,2
0.205984,0.123051,0.092368,2
0.205846,0.126038,0.103829,2
0.206135,0.116063,0.0584462,2
0.213579,0.145604,0.0511023,2
0.206489,0.114254,0.1036,2
0.224279,0.173292,0.0794579,2
0.204507,0.137742,0.0582101,2
0.207698,0.121341,0.0458965,2
0.197601,0.153167,0.0924199,2
0.21206,0.117166,0.0600677,2
0.206541,0.161181,0.0677946,2
0.201855,0.115868,0.112765,2
0.203893,0.135662,0.059714,2
0.197748,0.12428,0.0545251,2
0.210752,0.114491,0.0815983,2
0.222304,0.167675,0.109851,2
0.204289,0.123049,0.0658921,2
0.198482,0.16483,0.0988068,2
0.212921,0.178726,0.106999,2
0.201292,0.144823,0.0878942,2
0.201059,0.162754,0.0983378,2
0.221664,0.11718,0.102254,2
0.171904,0.113867,0.0726737,2
0.178036,0.157771,0.0976712,2
0.206305,0.146533,0.108221,2
0.208291,0.14898,0.0589273,2
0.21274,0.13013,0.0544474,2
0.221983,0.153705,0.0710305,2
0.212305,0.119086,0.0815358,2
0.215328,0.166545,0.0756243,2
0.199506,0.1614,0.0634588,2
0.198001,0.142664,0.0924812,2
0.198217,0.1509,0.0570389,2
0.198319,0.146846,0.0762428,2
0.217974,0.133904,0.0686,2
0.207157,0.173563,0.0761382,2
0.222093,0.116602,0.0567053,2
0.217164,0.14341,0.101445,2
0.18887,0.118111,0.05342,2
0.2025,0.129074,0.0937382,2
0.201533,0.126885,0.0925562,2
0.207069,0.131542,0.0720227,2
0.18348,0.13683,0.0799803,2
0.208894,0.159374,0.106205,2
0.199019,0.132959,0.101681,2
0.206816,0.138664,0.103535,2
0.206726,0.156402,0.0718228,2
0.192956,0.115231,0.0934753,2
0.17082,0.130038,0.084417,2
0.214588,0.135951,0.108504,2
0.218595,0.163469,0.105699,2
0.19852,0.135449,0.0674863,2
0.198028,0.134648,0.0846165,2
0.223088,0.118299,0.0745363,2
0.220983,0.180058,0.095944,2
0.222368,0.139277,0.0861043,2
0.169582,0.137332,0.10743,2
0.220571,0.127438,0.0529299,2
0.204461,0.176027,0.11215,2
0.199933,0.145149,0.0668296,2
0.198258,0.114656,0.0841675,2
0.201282,0.153166,0.0976563,2
0.1822,0.136294,0.0674782,2
0.198531,0.177888,0.103598,2
0.200375,0.148237,0.0976279,2
0.216662,0.134896,0.0450552,2
0.198881,0.156844,0.107958,2
0.193373,0.148592,0.0934728,2
0.197612,0.139692,0.0581669,2
0.218751,0.123302,0.090065,2
0.197947,0.116835,0.0703302,2
0.209014,0.155642,0.0888784,2
0.202528,0.145345,0.111704,2
0.174248,0.135697,0.0973439,2
0.218508,0.139569,0.0854148,2
0.219671,0.169955,0.0969299,2
0.217709,0.150108,0.0611641,2
0.206969,0.136656,0.0961095,2
0.183266,0.145092,0.106141,2
0.201831,0.175557,0.0901497,2
0.18695,0.122343,0.0742879,2
0.210868,0.18415,0.0961404,2
0.209187,0.13842,0.0721167,2
0.223105,0.151493,0.0808935,2
0.208521,0.124438,0.0530331,2
0.193574,0.149195,0.0710713,2
0.193497,0.14395,0.0798297,2
0.198665,0.173483,0.0851788,2
0.208086,0.1481,0.0813189,2
0.205003,0.152981,0.0967832,2
0.206243,0.131645,0.113466,2
0.166406,0.122301,0.0907325,2
0.210348,0.167041,0.113953,2
0.188066,0.135593,0.130556,3
0.202445,0.126873,0.158964,3
0.19938,0.154327,0.12293,3
0.209562,0.146872,0.153491,3
0.204384,0.121235,0.179232,3
0.211876,0.114701,0.154953,3
0.166256,0.12303,0.118788,3
0.21172,0.146894,0.165983,3
0.206706,0.156133,0.125879,3
0.218856,0.1173,0.118038,3
0.21386,0.177496,0.143735,3
0.201674,0.166076,0.157585,3
0.19796,0.116166,0.124579,3
0.207107,0.144094,0.130922,3
0.204754,0.134393,0.167597,3
0.203532,0.136914,0.117846,3
0.197637,0.134466,0.170293,3
0.207405,0.133486,0.175058,3
0.214252,0.113959,0.135061,3
0.207395,0.134087,0.126199,3
0.204284,0.178703,0.13659,3
0.199167,0.136814,0.162404,3
0.215322,0.124173,0.13659,3
0.19986,0.181382,0.119347,3
0.211878,0.134493,0.144534,3
0.175641,0.117065,0.151878,3
0.213551,0.165853,0.125163,3
0.211803,0.133484,0.162054,3
0.216943,0.179922,0.13861,3
0.173765,0.125648,0.146435,3
0.19872,0.152092,0.124826,3
0.217948,0.132888,0.136537,3
0.198195,0.127229,0.16711,3
0.221262,0.139428,0.11565,3
0.215136,0.125313,0.153788,3
0.216331,0.134694,0.118627,3
0.176029,0.138848,0.116365,3
0.22034,0.117622,0.160681,3
0.211122,0.148561,0.148815,3
0.216538,0.145662,0.132645,3
0.197493,0.162113,0.129343,3
0.191389,0.125305,0.167953,3
0.203572,0.137122,0.164055,3
0.216668,0.142768,0.15626,3
0.191654,0.156614,0.127658,3
0.214092,0.182726,0.122473,3
0.19876,0.141209,0.13406,3
0.197525,0.129728,0.145028,3
0.215971,0.130224,0.125834,3
0.170773,0.137879,0.138614,3
0.224891,0.168563,0.156788,3
0.20831,0.155583,0.142595,3
0.205414,0.116122,0.131218,3
0.180538,0.159366,0.131048,3
0.203825,0.115662,0.148748,3
0.183123,0.144852,0.128466,3
0.212744,0.126447,0.179582,3
0.202341,0.158318,0.147698,3
0.21669,0.128806,0.177066,3
0.219411,0.139959,0.122558,3
0.212702,0.173958,0.127936,3
0.218509,0.115598,0.17622,3
0.221123,0.150718,0.12498,3
0.20967,0.162633,0.153375,3
0.223056,0.156116,0.155817,3
0.216636,0.138972,0.17975,3
0.221662,0.134343,0.140605,3
0.198955,0.151802,0.161229,3
0.195124,0.115836,0.156259,3
0.203772,0.124141,0.137384,3
0.203497,0.17781,0.130552,3
0.197548,0.145843,0.131783,3
0.221982,0.162469,0.120501,3
0.197925,0.129627,0.118284,3
0.191295,0.137134,0.119134,3
0.201571,0.123645,0.146042,3
0.211114,0.114561,0.180146,3
0.19071,0.114462,0.122089,3
0.197624,0.150462,0.152647,3
0.221591,0.160666,0.140787,3
0.177999,0.114704,0.163204,3
0.200681,0.138745,0.151478,3
0.221033,0.1536,0.175059,3
0.187895,0.164707,0.121463,3
0.224215,0.129615,0.120436,3
0.204181,0.164411,0.12001,3
0.199911,0.122972,0.147491,3
0.205937,0.164065,0.157479,3
0.211322,0.183559,0.132241,3
0.203112,0.164881,0.138169,3
0.199433,0.145348,0.138573,3
0.198157,0.119384,0.173895,3
0.196714,0.149022,0.159572,3
0.200508,0.171538,0.136618,3
0.207876,0.123084,0.164808,3
0.205569,0.122437,0.141983,3
0.201526,0.134283,0.13823,3
0.20718,0.125755,0.133937,3
0.211637,0.159763,0.128975,3
0.221895,0.132317,0.162766,3
0.201704,0.116815,0.163285,3
0.197496,0.135064,0.134088,3
0.199517,0.161519,0.11584,3
0.198651,0.164549,0.148316,3
0.220583,0.170322,0.143215,3
0.190038,0.150283,0.136106,3
0.189159,0.122545,0.132223,3
0.201056,0.173753,0.118215,3
0.202931,0.168844,0.119604,3
0.203622,0.171876,0.147184,3
0.180462,0.128295,0.137435,3
0.168223,0.133215,0.120737,3
0.210622,0.137062,0.150753,3
0.175964,0.137409,0.150576,3
0.202665,0.122193,0.174211,3
0.201515,0.145104,0.126241,3
0.219749,0.161289,0.165107,3
0.182651,0.114871,0.137299,3
0.197504,0.11379,0.141567,3
0.190898,0.141325,0.155497,3
0.193064,0.128064,0.147852,3
0.223264,0.1252,0.171975,3
0.198624,0.168763,0.122976,3
0.179276,0.160494,0.117132,3
