x coord,y coord,z coord,rank
0.157632,0.0570456,0.0835378,0
0.159465,0.0975964,0.0441424,0
0.176121,0.0771945,0.0507914,0
0.181905,0.0989327,0.0787399,0
0.191376,0.0672781,0.0971008,0
0.1924,0.102862,0.0609785,0
0.216516,0.0709433,0.0645399,0
0.161683,0.0695868,0.0521619,0
0.157441,0.0598185,0.0651349,0
0.207176,0.0813924,0.070976,0
0.176988,0.0783345,0.0946652,0
0.223176,0.0704841,0.0857516,0
0.165461,0.0399853,0.110903,0
0.19733,0.0900075,0.0497191,0
0.163715,0.0773592,0.0763264,0
0.22386,0.0914011,0.0841748,0
0.171206,0.0634422,0.0745371,0
0.160079,0.104264,0.100466,0
0.195385,0.0698765,0.0841515,0
0.20424,0.0848027,0.0676774,0
0.206153,0.0718146,0.0974108,0
0.196343,0.0821136,0.0637689,0
0.176705,0.0999327,0.0573102,0
0.174153,0.0948682,0.0449879,0
0.176499,0.0640499,0.0880925,0
0.218231,0.0936514,0.11012,0
0.159625,0.0889922,0.103645,0
0.164876,0.098312,0.0684889,0
0.197029,0.11094,0.105139,0
0.150302,0.0834765,0.099492,0
0.15697,0.0862866,0.110978,0
0.203911,0.071782,0.0963312,0
0.188717,0.108406,0.0872431,0
0.220916,0.0971173,0.0712027,0
0.214128,0.109792,0.10549,0
0.206438,0.0518516,0.111305,0
0.213308,0.0725286,0.0810572,0
0.22096,0.0860949,0.0971171,0
0.160085,0.0984416,0.0960118,0
0.157959,0.0798431,0.0705213,0
0.188208,0.0512506,0.084584,0
0.178204,0.0497798,0.110918,0
0.219288,0.110974,0.110796,0
0.197079,0.087035,0.111334,0
0.224135,0.0546071,0.106093,0
0.173845,0.0880915,0.0727497,0
0.224293,0.101265,0.071729,0
0.169312,0.108286,0.110237,0
0.184327,0.0540449,0.0969876,0
0.205898,0.106594,0.0950916,0
0.217963,0.0808228,0.10201,0
0.222479,0.100161,0.0558471,0
0.15757,0.0445005,0.0949357,0
0.189588,0.0830601,0.109366,0
0.160559,0.0677102,0.105706,0
0.185406,0.0658493,0.102404,0
0.163397,0.0666046,0.110926,0
0.155532,0.0979159,0.104362,0
0.216684,0.0990394,0.109764,0
0.196744,0.0652351,0.0767886,0
0.196415,0.0933969,0.0492184,0
0.160992,0.0671919,0.0710166,0
0.169938,0.0971792,0.073613,0
0.162132,0.0846855,0.0574017,0
0.15706,0.093968,0.0496263,0
0.1949,0.0535736,0.0965836,0
0.159057,0.0433317,0.09215,0
0.158623,0.0550085,0.0886521,0
0.15893,0.0784809,0.0519482,0
0.164619,0.103021,0.081387,0
0.210547,0.0860675,0.105032,0
0.1646,0.0594631,0.110175,0
0.161633,0.0877992,0.0823223,0
0.178305,0.0860434,0.0828827,0
0.16066,0.0750885,0.0929288,0
0.198224,0.0943784,0.101521,0
0.156988,0.102309,0.0737456,0
0.184644,0.101214,0.103675,0
0.215207,0.112171,0.0774924,0
0.158066,0.0685034,0.0802761,0
0.166668,0.084622,0.109983,0
0.214339,0.110862,0.0563994,0
0.197363,0.06155,0.0871997,0
0.158773,0.088669,0.0422502,0
0.179899,0.0825043,0.0491206,0
0.16002,0.109284,0.0878943,0
0.164465,0.0757142,0.0956384,0
0.214713,0.084411,0.0938446,0
0.221584,0.0942698,0.0952712,0
0.209903,0.0890702,0.077391,0
0.157022,0.105428,0.0578624,0
0.158634,0.101224,0.108232,0
0.179669,0.112678,0.0512076,0
0.224692,0.105886,0.111722,0
0.222572,0.10411,0.101432,0
0.157819,0.0401939,0.10794,0
0.162571,0.103098,0.0532226,0
0.176655,0.0788194,0.0688454,0
0.208878,0.0812281,0.0857209,0
0.167245,0.0943737,0.09742,0
0.221124,0.0588924,0.0814153,0
0.207355,0.088195,0.0941323,0
0.208517,0.102304,0.0815766,0
0.222661,0.103477,0.0830637,0
0.189924,0.062687,0.0693798,0
0.216828,0.0576783,0.105389,0
0.186539,0.0671648,0.0645773,0
0.161267,0.0640898,0.0611182,0
0.172003,0.111322,0.0499718,0
0.186007,0.0912822,0.0893005,0
0.198526,0.0602654,0.080526,0
0.19379,0.083248,0.0985659,0
0.194013,0.092815,0.0905649,0
0.222234,0.105741,0.0721803,0
0.170095,0.044484,0.103441,0
0.166073,0.0637163,0.0817984,0
0.158904,0.0913529,0.0810349,0
0.157368,0.101344,0.086255,0
0.157375,0.08974,0.0611664,0
0.163438,0.109345,0.0968483,0
0.219884,0.0738413,0.105494,0
0.192319,0.0785788,0.0875302,0
0.169073,0.0894305,0.0576163,0
0.216184,0.0937165,0.0838684,0
0.200263,0.108281,0.0611428,0
0.211939,0.081018,0.112044,0
0.174291,0.0972845,0.127656,1
0.222294,0.0826907,0.14725,1
0.218712,0.0738299,0.138466,1
0.193272,0.0489823,0.121171,1
0.157866,0.0672079,0.130131,1
0.191019,0.0955436,0.135059,1
0.163231,0.103947,0.121118,1
0.176404,0.100402,0.15773,1
0.164303,0.0613426,0.130635,1
0.20452,0.0682116,0.154986,1
0.21645,0.0905597,0.120537,1
0.178594,0.104493,0.140794,1
0.168294,0.087571,0.146486,1
0.160265,0.102545,0.164629,1
0.205022,0.0597458,0.115201,1
0.176649,0.0934345,0.167251,1
0.22415,0.0996057,0.142981,1
0.160699,0.0791127,0.174034,1
0.203656,0.0777865,0.121908,1
0.202997,0.0968612,0.165435,1
0.171395,0.0740674,0.113374,1
0.16954,0.0722855,0.137929,1
0.16086,0.097006,0.175583,1
0.159316,0.0761305,0.119293,1
0.219097,0.0791682,0.113079,1
0.159319,0.109964,0.116434,1
0.160769,0.0968518,0.159577,1
0.157222,0.063378,0.162575,1
0.174607,0.108422,0.142812,1
0.161098,0.0423555,0.120454,1
0.157209,0.0550875,0.140329,1
0.209699,0.0804947,0.132129,1
0.19586,0.0637075,0.129646,1
0.160406,0.0803303,0.147912,1
0.157069,0.0856772,0.168616,1
0.22482,0.0860196,0.138825,1
0.186668,0.0612338,0.134808,1
0.159547,0.0562298,0.11473,1
0.207288,0.0923051,0.164817,1
0.220932,0.0774465,0.165904,1
0.216695,0.0700009,0.114955,1
0.200595,0.0954832,0.116532,1
0.16469,0.0759691,0.132634,1
0.173323,0.0771436,0.117203,1
0.199199,0.0926556,0.13551,1
0.196409,0.0707535,0.126663,1
0.211987,0.105751,0.132747,1
0.160789,0.0814279,0.122504,1
0.162491,0.0861275,0.124975,1
0.183518,0.0734208,0.152678,1
0.178599,0.103488,0.16831,1
0.161229,0.0689672,0.154783,1
0.168443,0.0763567,0.161049,1
0.162011,0.0980599,0.136092,1
0.196781,0.103661,0.14548,1
0.162791,0.104406,0.142874,1
0.157978,0.0815259,0.141346,1
0.223065,0.103857,0.115571,1
0.156991,0.108067,0.185778,1
0.211862,0.108698,0.164015,1
0.169661,0.0542293,0.123852,1
0.167173,0.0882554,0.170333,1
0.157215,0.0939221,0.149594,1
0.209256,0.0988841,0.128079,1
0.200239,0.108341,0.155345,1
0.214851,0.0665686,0.134934,1
0.157107,0.076412,0.158394,1
0.208683,0.0858774,0.139723,1
0.199936,0.0852981,0.130338,1
0.175793,0.0879854,0.155739,1
0.197748,0.0713152,0.112785,1
0.210968,0.106853,0.162945,1
0.21178,0.0909572,0.153246,1
0.201527,0.0568509,0.117873,1
0.208869,0.0982217,0.15372,1
0.216446,0.0887489,0.15524,1
0.190907,0.093772,0.120257,1
0.188335,0.0645425,0.1573,1
0.196321,0.0709234,0.144637,1
0.199661,0.102073,0.126189,1
0.161737,0.0989102,0.119757,1
0.171213,0.0771225,0.142546,1
0.190215,0.0775052,0.149584,1
0.170093,0.0805157,0.165647,1
0.17863,0.105548,0.125435,1
0.182073,0.107804,0.119496,1
0.197939,0.093946,0.124747,1
0.149231,0.109147,0.137635,1
0.159103,0.0915029,0.154226,1
0.158143,0.0568457,0.154887,1
0.175684,0.0879601,0.146071,1
0.191479,0.0480332,0.138681,1
0.203348,0.0820755,0.120267,1
0.161106,0.0965461,0.12997,1
0.162363,0.0542955,0.152946,1
0.15888,0.108658,0.133552,1
0.224665,0.0650098,0.129587,1
0.158351,0.107711,0.134861,1
0.204272,0.108764,0.144297,1
0.160634,0.0636357,0.149464,1
0.195921,0.0941265,0.145971,1
0.158646,0.0983625,0.116569,1
0.173362,0.0593483,0.14522,1
0.179026,0.103986,0.174721,1
0.204739,0.0867729,0.140676,1
0.184586,0.0574776,0.112567,1
0.164526,0.051625,0.146519,1
0.157159,0.0736708,0.14822,1
0.167706,0.0608165,0.141351,1
0.158777,0.0390588,0.11938,1
0.175897,0.0651562,0.150327,1
0.191773,0.0696405,0.113184,1
0.211077,0.0968678,0.174943,1
0.198693,0.0596173,0.14085,1
0.186471,0.109171,0.179669,1
0.191205,0.0798644,0.154873,1
0.224232,0.0995633,0.155064,1
0.208494,0.0807972,0.135703,1
0.209787,0.069582,0.139541,1
0.175954,0.0866147,0.138586,1
0.139358,0.0916279,0.119065,1
0.210068,0.112978,0.149798,1
0.205816,0.110852,0.134657,1
0.15636,0.110973,0.126535,1
0.219985,0.164586,0.0794362,2
0.156943,0.115156,0.0814502,2
0.215509,0.123892,0.0973505,2
0.159267,0.153705,0.0710305,2
0.186206,0.124264,0.0721232,2
0.220835,0.163221,0.107171,2
0.15705,0.145951,0.107213,2
0.159351,0.116602,0.0567053,2
0.177628,0.129074,0.0937382,2
0.222564,0.128305,0.0859063,2
0.197813,0.147019,0.108084,2
0.206854,0.168135,0.100091,2
0.191617,0.129512,0.106833,2
0.168894,0.153261,0.0865623,2
0.195881,0.124743,0.112264,2
0.159056,0.11718,0.102254,2
0.158497,0.168649,0.0858004,2
0.180412,0.138324,0.0884725,2
0.157182,0.160194,0.0549379,2
0.166673,0.127438,0.0529299,2
0.209708,0.1481,0.0813189,2
0.171694,0.154338,0.0535971,2
0.216216,0.153167,0.0924199,2
0.183085,0.122069,0.0631989,2
0.202109,0.126474,0.111296,2
0.223687,0.116544,0.0927428,2
0.197649,0.1614,0.0634588,2
0.174609,0.12247,0.108662,2
0.173741,0.14888,0.0716921,2
0.212136,0.153638,0.0807915,2
0.185347,0.165265,0.0952951,2
0.193262,0.123051,0.092368,2
0.156952,0.134067,0.0995812,2
0.162426,0.173292,0.0794579,2
0.215682,0.126038,0.103829,2
0.165802,0.116063,0.0584462,2
0.157297,0.145604,0.0511023,2
0.207961,0.122955,0.0798399,2
0.157499,0.163469,0.105699,2
0.160095,0.118299,0.0745363,2
0.162726,0.122069,0.0458965,2
0.165574,0.131645,0.113466,2
0.196789,0.137742,0.0582101,2
0.164909,0.161181,0.0677946,2
0.209543,0.115868,0.112765,2
0.172118,0.135662,0.059714,2
0.180426,0.117166,0.0600677,2
0.178816,0.178726,0.106999,2
0.160979,0.120296,0.0459661,2
0.170773,0.123049,0.0658921,2
0.195854,0.16483,0.0988068,2
0.213427,0.146846,0.0762428,2
0.220177,0.142664,0.0924812,2
0.164552,0.167675,0.109851,2
0.183892,0.144823,0.0878942,2
0.215186,0.1509,0.0570933,2
0.180003,0.157771,0.0976712,2
0.192553,0.146528,0.108221,2
0.161798,0.14898,0.0589273,2
0.157638,0.13013,0.0544474,2
0.185354,0.162754,0.0983378,2
0.179962,0.119086,0.0815358,2
0.156984,0.166545,0.0756243,2
0.170269,0.133904,0.0686,2
0.157022,0.134896,0.0451096,2
0.160565,0.13842,0.0721167,2
0.157948,0.169955,0.0969299,2
0.163656,0.151493,0.0808935,2
0.163652,0.173563,0.0761382,2
0.206329,0.168868,0.108676,2
0.189301,0.126803,0.0916308,2
0.166141,0.180058,0.095944,2
0.164352,0.113867,0.0726737,2
0.207639,0.126885,0.0925562,2
0.211627,0.131542,0.0720227,2
0.171534,0.14341,0.101445,2
0.160963,0.159374,0.106205,2
0.196446,0.132089,0.103313,2
0.212326,0.138664,0.103535,2
0.180893,0.175557,0.0901497,2
0.209721,0.118111,0.05342,2
0.219751,0.134648,0.0846165,2
0.194508,0.13683,0.0799803,2
0.191618,0.156402,0.0718228,2
0.221524,0.115231,0.0934753,2
0.161648,0.130038,0.084417,2
0.17581,0.135951,0.108504,2
0.192995,0.126568,0.08427,2
0.186399,0.178176,0.0964157,2
0.177465,0.145345,0.111704,2
0.218643,0.168426,0.0900523,2
0.17019,0.176027,0.11215,2
0.199486,0.145149,0.0668296,2
0.19605,0.114656,0.0841675,2
0.158696,0.137332,0.10743,2
0.181744,0.1597,0.111094,2
0.204924,0.153166,0.0976563,2
0.201448,0.148237,0.0976279,2
0.191112,0.136294,0.0674782,2
0.210151,0.135449,0.0674863,2
0.161076,0.161846,0.0932486,2
0.200818,0.139692,0.0581669,2
0.211224,0.156844,0.107958,2
0.197136,0.116835,0.0703302,2
0.222854,0.148592,0.0934728,2
0.186531,0.155642,0.0888784,2
0.168659,0.152981,0.0967832,2
0.218008,0.139569,0.0854148,2
0.17031,0.135697,0.0973439,2
0.209667,0.177888,0.103598,2
0.164007,0.136656,0.0961095,2
0.17068,0.150108,0.0611641,2
0.193946,0.145092,0.106141,2
0.164466,0.139277,0.0861043,2
0.158806,0.18415,0.0961404,2
0.204275,0.122343,0.0742879,2
0.187602,0.124438,0.0530331,2
0.223444,0.14937,0.0707697,2
0.209457,0.114491,0.0815983,2
0.164972,0.114254,0.1036,2
0.22325,0.14395,0.0798297,2
0.211861,0.173483,0.0851788,2
0.22192,0.12428,0.0545251,2
0.151011,0.122301,0.0907325,2
0.169143,0.123302,0.090065,2
0.159297,0.167041,0.113953,2
0.207362,0.135593,0.130556,3
0.169029,0.1173,0.118038,3
0.204789,0.11379,0.141567,3
0.185427,0.146872,0.153491,3
0.197114,0.121235,0.179232,3
0.180784,0.114701,0.154953,3
0.150681,0.12303,0.118788,3
0.159044,0.134343,0.140605,3
0.158265,0.117622,0.160681,3
0.175698,0.168844,0.119604,3
0.213247,0.145843,0.131783,3
0.214999,0.114462,0.122089,3
0.211726,0.129728,0.145028,3
0.163672,0.156116,0.155817,3
0.19702,0.116166,0.124579,3
0.199117,0.136914,0.117846,3
0.216632,0.119384,0.173895,3
0.190057,0.133486,0.175058,3
0.163784,0.144094,0.130922,3
0.16936,0.134393,0.167597,3
0.165963,0.150718,0.12498,3
0.176767,0.122193,0.174211,3
0.210904,0.134087,0.126199,3
0.17073,0.178703,0.13659,3
0.180781,0.134493,0.144534,3
0.173787,0.117065,0.151878,3
0.177622,0.165853,0.125163,3
0.156983,0.124173,0.13659,3
0.171865,0.179922,0.13861,3
0.169015,0.125648,0.146435,3
0.161021,0.129615,0.120436,3
0.170314,0.132888,0.136537,3
0.158598,0.114561,0.180146,3
0.158135,0.133484,0.162054,3
0.195975,0.152092,0.124826,3
0.172874,0.134694,0.118627,3
0.174791,0.138848,0.116365,3
0.196186,0.127229,0.16711,3
0.187753,0.138745,0.151478,3
0.183271,0.160494,0.117132,3
0.181631,0.166076,0.157585,3
0.21699,0.125305,0.167953,3
0.199043,0.137122,0.164055,3
0.221954,0.128064,0.147852,3
0.217782,0.156614,0.127658,3
0.176651,0.182726,0.122473,3
0.2039,0.151802,0.161229,3
0.218916,0.139428,0.11565,3
0.156994,0.125313,0.153788,3
0.161572,0.137879,0.138614,3
0.158597,0.148561,0.148815,3
0.156987,0.145662,0.132645,3
0.158176,0.146894,0.165983,3
0.186672,0.159366,0.131048,3
0.158654,0.1536,0.175059,3
0.193575,0.144852,0.128466,3
0.196004,0.141209,0.13406,3
0.17776,0.126873,0.158964,3
0.172303,0.128806,0.177066,3
0.161766,0.155583,0.142595,3
0.167486,0.116122,0.131218,3
0.169483,0.115598,0.17622,3
0.172351,0.115662,0.148748,3
0.157586,0.126447,0.179582,3
0.166656,0.170322,0.143215,3
0.157617,0.173958,0.127936,3
0.222219,0.129627,0.118284,3
0.159995,0.162633,0.153375,3
0.221998,0.115836,0.156259,3
0.218067,0.134466,0.170293,3
0.199285,0.17781,0.130552,3
0.172453,0.124141,0.137384,3
0.156948,0.130224,0.125834,3
0.208051,0.164549,0.148316,3
0.21668,0.137134,0.119134,3
0.157026,0.142768,0.15626,3
0.207829,0.123645,0.146042,3
0.19841,0.145348,0.138573,3
0.157808,0.139959,0.122558,3
0.200621,0.150462,0.152647,3
0.179898,0.114704,0.163204,3
0.165039,0.132317,0.162766,3
0.161831,0.168563,0.156788,3
0.206855,0.164707,0.121463,3
0.198892,0.154327,0.12293,3
0.197564,0.164411,0.12001,3
0.209502,0.135064,0.134088,3
0.193423,0.164065,0.157479,3
0.188981,0.171538,0.136618,3
0.200245,0.164881,0.138169,3
0.160232,0.1252,0.171975,3
0.158449,0.183559,0.132241,3
0.217386,0.149022,0.159572,3
0.193733,0.122972,0.147491,3
0.162395,0.123084,0.164808,3
0.194238,0.122437,0.141983,3
0.16539,0.160666,0.140787,3
0.157031,0.138972,0.17975,3
0.211366,0.125755,0.133937,3
0.19431,0.181382,0.119347,3
0.21264,0.156133,0.125879,3
0.158246,0.159763,0.128975,3
0.208606,0.116815,0.163285,3
0.201281,0.136814,0.162404,3
0.178351,0.158318,0.147698,3
0.213036,0.150283,0.136106,3
0.210481,0.122545,0.132223,3
0.205502,0.173753,0.118215,3
0.197864,0.161519,0.11584,3
0.167753,0.161289,0.165107,3
0.186356,0.128295,0.137435,3
0.155365,0.133215,0.120737,3
0.157195,0.177496,0.143735,3
0.174619,0.137573,0.150412,3
0.173062,0.171876,0.147184,3
0.204222,0.145104,0.126241,3
0.159044,0.136897,0.150917,3
0.192349,0.114871,0.137299,3
0.164923,0.162469,0.120501,3
0.21548,0.141325,0.155497,3
0.207462,0.162113,0.129343,3
0.176385,0.113959,0.135061,3
0.195888,0.168763,0.122976,3
0.182477,0.134283,0.13823,3
