x coord,y coord,z coord,rank
0.153602,0.0247979,0.210589,0
0.110284,0.00201552,0.188105,0
0.0998019,0.0604016,0.203297,0
0.0655608,0.0171451,0.186308,0
0.0956874,0.111385,0.153449,0
0.0974868,0.0242659,0.150304,0
0.163047,0.0351635,0.143727,0
0.0346984,0.118964,0.203135,0
0.218257,0.00189698,0.123124,0
0.049617,0.00697206,0.190588,0
0.0577183,0.0795412,0.116962,0
0.0206915,0.00238177,0.215963,0
0.0439917,0.07307,0.217307,0
0.0831642,0.00761221,0.168821,0
0.075597,0.033605,0.21741,0
0.0646901,0.0499285,0.121812,0
0.0239811,0.118996,0.19073,0
0.0356615,0.0752372,0.13833,0
0.0487586,0.00113701,0.188591,0
0.141408,0.0560032,0.217712,0
0.193137,0.0641039,0.196379,0
0.0689638,0.0422148,0.178788,0
0.216301,0.0491006,0.175151,0
0.187481,0.00870779,0.21603,0
0.215029,0.0419458,0.224767,0
0.00627692,0.116542,0.150254,0
0.178789,0.0923268,0.140629,0
0.171413,0.00704908,0.155773,0
0.193142,0.0518451,0.178626,0
0.142134,0.130223,0.224659,0
0.156932,0.0913897,0.163908,0
0.199662,0.132256,0.119066,0
0.152609,0.0942016,0.214978,0
0.143945,0.0133534,0.215976,0
0.064031,0.0521709,0.219513,0
0.0456627,0.107793,0.188642,0
0.163154,0.00176915,0.120269,0
0.0792175,0.0929669,0.173391,0
0.182977,0.0969917,0.160675,0
0.199469,0.111739,0.218952,0
0.00885245,0.0342794,0.134039,0
0.0830578,0.0908827,0.120786,0
0.174481,0.122468,0.211356,0
0.125249,0.0672691,0.162159,0
0.115765,0.00384855,0.215428,0
0.171875,0.0692162,0.170436,0
0.0374236,0.0255483,0.136306,0
0.208304,0.12576,0.116214,0
0.137735,0.12123,0.140127,0
0.171635,0.119454,0.137374,0
0.0838326,0.0617329,0.16347,0
0.0342068,0.0755092,0.190604,0
0.22263,0.0563014,0.20547,0
0.0840599,0.000889362,0.121269,0
0.169065,0.123779,0.153954,0
0.120336,0.130989,0.164999,0
0.0919487,0.0765124,0.121089,0
0.0290254,0.000507047,0.207577,0
0.170062,0.0424167,0.17945,0
0.18149,0.0596334,0.11972,0
0.0961054,0.122517,0.186321,0
0.179831,0.0387483,0.195338,0
0.150698,0.114274,0.214718,0
0.206489,0.13072,0.167974,0
0.109026,0.0923953,0.146857,0
0.0810544,0.0241815,0.166241,0
0.0575947,0.0926923,0.172053,0
0.223914,0.0371854,0.156389,0
0.0554352,0.00539606,0.194508,0
0.138216,0.00753504,0.119521,0
0.112603,0.131087,0.145759,0
0.0459964,0.0487265,0.137618,0
0.164362,0.120968,0.127006,0
0.0462555,0.103746,0.124091,0
0.181886,0.0520695,0.128817,0
0.117634,0.109745,0.168884,0
0.11126,0.0998592,0.142385,0
0.0396534,0.0380482,0.171078,0
0.0666254,0.112775,0.133325,0
0.173394,0.107377,0.120184,0
0.223687,0.0207382,0.189775,0
0.077622,0.0770895,0.17478,0
0.0675957,0.129209,0.209697,0
0.0279403,0.124902,0.141884,0
0.19014,0.133735,0.223773,0
0.00387166,0.125818,0.177954,0
0.110124,0.0390538,0.195282,0
0.20015,0.131709,0.221309,0
0.206151,0.0459611,0.179475,0
0.068069,0.111117,0.218809,0
0.167545,0.0899676,0.206961,0
0.141163,0.0186564,0.138996,0
0.147665,0.0417704,0.190461,0
0.145984,0.0267343,0.193447,0
0.0821862,0.0920694,0.113802,0
0.00617955,0.0986592,0.122118,0
0.091331,0.0643249,0.220914,0
0.125603,0.0434513,0.160675,0
0.0430113,0.0249964,0.148577,0
0.00181895,0.065255,0.196319,0
0.164832,0.0314362,0.13679,0
0.0717263,0.115845,0.212548,0
0.0852362,0.0587526,0.127647,0
0.112169,0.0785092,0.159512,0
0.222554,0.0611263,0.137949,0
0.196245,0.126367,0.141716,0
0.07088,0.00214984,0.127019,0
0.0652179,0.112194,0.190855,0
0.193857,0.0606168,0.177448,0
0.184995,0.11108,0.186514,0
0.201613,0.0915046,0.224006,0
0.0409946,0.00600526,0.211885,0
0.173375,0.0724446,0.145473,0
0.0728187,0.0615552,0.16856,0
0.162834,0.0756444,0.173351,0
0.0400723,0.0724399,0.193646,0
0.206243,0.0438256,0.127087,0
0.0436278,0.00271121,0.204621,0
0.130404,0.0174511,0.188163,0
0.0197587,0.0375309,0.194337,0
0.0840089,0.125757,0.161913,0
0.0195713,0.0772526,0.223677,0
0.105519,0.0945729,0.119379,0
0.214421,0.121213,0.119283,0
0.0419163,0.133046,0.130742,0
0.129957,0.133134,0.18121,0
0.18,0.115683,0.0839536,1
0.0396916,0.128594,0.0906724,1
0.0417777,0.216548,0.0769099,1
0.221227,0.145947,0.0213396,1
0.0607296,0.120657,0.0306225,1
0.149684,0.143257,0.0628504,1
0.209771,0.156172,0.0454935,1
0.0243982,0.133362,0.065091,1
0.167914,0.2051,0.00667726,1
0.0942171,0.135581,0.0222853,1
0.0212196,0.168476,0.0929363,1
0.221557,0.208702,0.0845166,1
0.191412,0.176332,0.068603,1
0.0566033,0.2213,0.0278526,1
0.026214,0.135139,0.0515846,1
0.052417,0.193097,0.0219009,1
0.0404864,0.20213,0.0738835,1
0.158183,0.112082,0.0184806,1
0.153511,0.190423,0.0160982,1
0.128808,0.211574,0.0597731,1
0.0511568,0.135015,0.0886731,1
0.0300034,0.178611,0.0536725,1
0.00188849,0.173945,0.0711448,1
0.0475175,0.188037,0.0190594,1
0.00306494,0.147622,0.0429168,1
0.144848,0.194652,0.0396932,1
0.0634852,0.129594,0.00516915,1
0.16439,0.154343,0.102684,1
0.12513,0.147003,0.111255,1
0.216466,0.166968,0.0402726,1
0.017369,0.131584,0.0327778,1
0.036322,0.203052,0.0640756,1
0.176192,0.113799,0.100195,1
0.010814,0.18311,0.0274668,1
0.147334,0.204127,0.0529384,1
0.0554378,0.119537,0.0348225,1
0.144308,0.124798,0.0966264,1
0.11446,0.223776,0.0690696,1
0.0427468,0.123014,0.0118952,1
0.128625,0.191875,0.0852274,1
0.121028,0.118353,0.00218313,1
0.224215,0.141561,0.0580759,1
0.105955,0.129693,0.113426,1
0.199228,0.140812,0.0109875,1
0.0649095,0.172251,0.0733058,1
0.14928,0.149938,0.0445171,1
0.0493522,0.113877,0.0997418,1
0.022443,0.136014,0.0487735,1
0.021932,0.17109,0.0122936,1
0.200423,0.20018,0.0362432,1
0.100812,0.118159,0.109011,1
0.0757569,0.123683,0.0957913,1
0.202423,0.200734,0.0948362,1
0.0370231,0.12173,0.0436685,1
0.0632507,0.22383,0.0182403,1
0.102236,0.112106,0.0072612,1
0.157109,0.162665,0.0160354,1
0.121447,0.208761,0.0368157,1
0.0648111,0.20606,0.0919819,1
0.117145,0.211005,0.107288,1
0.0682271,0.181623,0.0701151,1
0.21741,0.194659,0.0809894,1
0.128509,0.198889,0.0524727,1
0.138976,0.171456,0.00640095,1
0.113797,0.142891,0.0308775,1
0.0694927,0.130205,0.0404864,1
0.00743556,0.219172,0.00443281,1
0.0307945,0.202983,0.102269,1
0.202903,0.161209,0.0271559,1
0.184494,0.121417,0.0205325,1
0.0248648,0.146173,0.0845002,1
0.0902811,0.149152,0.0848109,1
0.0874669,0.161528,0.112782,1
0.204124,0.155024,0.0683619,1
0.210739,0.148133,0.0476967,1
0.198791,0.169975,0.0576499,1
0.139974,0.175345,0.00756358,1
0.210378,0.173539,0.0109369,1
0.0660867,0.20495,0.0318573,1
0.152347,0.174012,0.0755491,1
0.174665,0.157788,0.0651849,1
0.123654,0.215189,0.0741196,1
0.207796,0.126521,0.0800287,1
0.116115,0.187468,0.0270568,1
0.0476795,0.201743,0.0353018,1
0.145874,0.148847,0.020029,1
0.167442,0.119719,0.0902044,1
0.20295,0.15376,0.110357,1
0.0987553,0.176185,0.0441214,1
0.182609,0.155914,0.0700243,1
0.0380604,0.156928,0.0260034,1
0.00518055,0.186195,0.0599394,1
0.209305,0.146512,0.0374227,1
0.160742,0.172646,0.080419,1
0.104001,0.181504,0.098386,1
0.0792078,0.155634,0.0588572,1
0.147662,0.16073,0.0705741,1
0.216266,0.22338,0.0800617,1
0.141994,0.17111,0.0472714,1
0.108388,0.134504,0.0319753,1
0.105545,0.129055,0.0762387,1
0.00836861,0.129031,0.0654187,1
0.162551,0.217362,0.0690509,1
0.21918,0.193382,0.0466765,1
0.185355,0.180706,0.032239,1
0.106438,0.130464,0.0550798,1
0.142828,0.224067,0.110623,1
0.124782,0.14851,0.0491063,1
0.136261,0.161644,0.105422,1
0.0367656,0.141883,0.108159,1
0.0604971,0.152802,0.0188273,1
0.0493457,0.133129,0.102829,1
0.139605,0.224862,0.104046,1
0.189032,0.153084,0.0669674,1
0.16698,0.20626,0.00212231,1
0.0623845,0.111581,0.0306257,1
0.0395422,0.139826,0.109159,1
0.155975,0.185903,0.102126,1
0.119679,0.136582,0.101562,1
0.0867859,0.20029,0.00124966,1
0.202868,0.158809,0.111989,1
0.22107,0.114473,0.0424697,1
0.00138025,0.153741,0.116218,2
0.16928,0.140828,0.208329,2
0.198886,0.157445,0.124218,2
0.194356,0.155824,0.119724,2
0.117298,0.21154,0.135651,2
0.170909,0.142897,0.133946,2
0.0984061,0.167384,0.150706,2
0.0270058,0.180528,0.12899,2
0.0634403,0.183555,0.123809,2
0.20316,0.154338,0.119967,2
0.0827017,0.160127,0.156331,2
0.100848,0.16624,0.115797,2
0.200961,0.155426,0.119539,2
0.0150579,0.139963,0.146742,2
0.057873,0.205071,0.207676,2
0.0827788,0.153859,0.133794,2
0.0564751,0.223296,0.134524,2
0.199808,0.152164,0.119067,2
0.0718047,0.206829,0.146105,2
0.0273663,0.222772,0.144613,2
0.201449,0.16053,0.116762,2
0.200132,0.154657,0.122281,2
0.0577831,0.153439,0.178053,2
0.102655,0.174812,0.13635,2
0.132312,0.201578,0.186094,2
0.198621,0.162684,0.115943,2
0.201926,0.156378,0.116821,2
0.203943,0.157706,0.115892,2
0.193515,0.158274,0.115278,2
0.056493,0.143117,0.168356,2
0.0459983,0.217261,0.135245,2
0.201205,0.157808,0.114427,2
0.195187,0.152792,0.116796,2
0.200304,0.158496,0.11512,2
0.197794,0.152677,0.118757,2
0.072182,0.161784,0.147783,2
0.0708781,0.173756,0.18779,2
0.167145,0.138566,0.21674,2
0.0364893,0.190398,0.176935,2
0.197166,0.153284,0.114268,2
0.201566,0.162578,0.114324,2
0.0751635,0.157407,0.175129,2
0.110934,0.179314,0.187851,2
0.200539,0.153517,0.114262,2
0.0799268,0.154244,0.143111,2
0.183871,0.192422,0.138463,2
0.212496,0.17372,0.208659,2
0.081116,0.150193,0.189284,2
0.199862,0.159953,0.116991,2
0.112357,0.216972,0.220812,2
0.0867346,0.15035,0.214282,2
0.178425,0.173458,0.220289,2
0.142056,0.145906,0.157297,2
0.140299,0.178835,0.151962,2
0.103621,0.22273,0.132679,2
0.066095,0.212908,0.200187,2
0.200516,0.160624,0.116905,2
0.191547,0.161826,0.113705,2
0.221388,0.190582,0.169634,2
0.105201,0.166986,0.173816,2
0.0802934,0.183316,0.212856,2
0.194201,0.158631,0.118889,2
0.00220896,0.174934,0.153371,2
0.176467,0.165246,0.17675,2
0.0392495,0.152865,0.153631,2
0.114401,0.190982,0.202372,2
0.0617899,0.218476,0.201296,2
0.0993787,0.143334,0.140911,2
0.156375,0.208772,0.160332,2
0.13439,0.198647,0.196004,2
0.177865,0.14173,0.150892,2
0.17474,0.168667,0.114702,2
0.203284,0.156214,0.116573,2
0.165831,0.216088,0.12999,2
0.0900889,0.147124,0.162041,2
0.196555,0.158453,0.118949,2
0.204699,0.155194,0.123425,2
0.20146,0.157003,0.115639,2
0.213826,0.210545,0.140342,2
0.196773,0.154374,0.118678,2
0.203367,0.15162,0.113857,2
0.208297,0.140278,0.181529,2
0.0847142,0.218867,0.158755,2
0.207161,0.215916,0.160712,2
0.196245,0.156076,0.115217,2
0.0392033,0.198842,0.199561,2
0.192002,0.156315,0.116926,2
0.10257,0.161165,0.175893,2
0.196498,0.158561,0.117852,2
0.199792,0.157581,0.116085,2
0.0812559,0.153228,0.127745,2
0.176799,0.16998,0.183802,2
0.0614076,0.172087,0.165684,2
0.16188,0.192419,0.19229,2
0.21237,0.151161,0.157786,2
0.196623,0.148353,0.210824,2
0.201323,0.159329,0.11833,2
0.204565,0.161161,0.115655,2
0.0918257,0.166184,0.21615,2
0.16593,0.136082,0.143236,2
0.107209,0.168536,0.196909,2
0.0183634,0.198461,0.164974,2
0.0547697,0.189847,0.125223,2
0.0825985,0.209712,0.214212,2
0.092876,0.166383,0.127441,2
0.201798,0.15475,0.119635,2
0.0461977,0.221742,0.121204,2
0.0344901,0.155217,0.13863,2
0.174427,0.195424,0.137896,2
0.196751,0.161839,0.11838,2
0.220516,0.209284,0.177909,2
0.166861,0.196001,0.218596,2
0.126531,0.219661,0.224796,2
0.121201,0.184715,0.165043,2
0.0111934,0.195907,0.134436,2
0.10168,0.224955,0.149438,2
0.178973,0.160514,0.185568,2
0.205263,0.158458,0.118844,2
0.199931,0.156502,0.115031,2
0.053769,0.158309,0.118661,2
0.206022,0.152335,0.191056,2
0.0934317,0.150006,0.192633,2
0.170956,0.182419,0.224757,2
0.16073,0.1399,0.168685,2
0.0406154,0.144118,0.161805,2
0.201388,0.155503,0.119724,2
0.200549,0.154218,0.115246,2
0.0607661,0.0142849,0.0268299,3
0.000676199,0.0272096,0.0932587,3
0.184929,0.0477461,0.0852396,3
0.131446,0.0347995,0.0524418,3
0.0327231,0.00587701,0.0862575,3
0.0681386,0.0613279,0.0110066,3
0.0836285,0.0425456,0.0602925,3
0.0568956,0.0672437,0.000340642,3
0.0796617,0.0314857,0.0849294,3
0.0264624,0.0615312,0.00767175,3
0.0252739,0.0783737,0.0438669,3
0.153145,0.0181602,0.00579743,3
0.120641,2.23309e-05,0.0109921,3
0.0760379,0.085278,0.091647,3
0.177514,0.0575641,0.0416693,3
0.109431,0.0920002,0.100168,3
0.139963,0.00176998,0.0703612,3
0.217986,0.0846484,0.0904144,3
0.0273034,0.0365935,0.10513,3
0.105926,0.0865618,0.0267226,3
0.0750155,0.0185321,0.0433516,3
0.114239,0.0517785,0.100255,3
0.0664318,0.0696042,0.0936465,3
0.00837901,0.0600662,0.0642032,3
0.114138,0.0500859,0.109143,3
0.215748,0.0126075,0.0275908,3
0.141613,0.0332268,0.111986,3
0.206698,0.0806703,0.0883979,3
0.158635,0.0520029,0.0851739,3
0.0692012,0.0833526,0.0978001,3
0.205095,0.0743419,0.0927513,3
0.10584,0.0812007,0.01427,3
0.12715,0.0305893,0.0937044,3
0.0450668,0.00286879,0.0309506,3
0.0787454,0.0659848,0.0635099,3
0.223165,0.0617642,0.0919754,3
0.222263,0.00607873,0.0116359,3
0.0549116,0.0222553,0.0124899,3
0.15833,0.0824819,0.0467491,3
0.219893,0.108059,0.0440432,3
0.054753,0.0768551,0.0844889,3
0.111963,0.0338418,0.020679,3
0.0374206,0.0704573,0.106709,3
0.0104542,0.0260854,0.00150991,3
0.0404927,0.0210827,0.067925,3
0.166295,0.0624679,0.0949528,3
0.0132405,0.0419483,0.109878,3
0.216196,0.00644147,0.0651473,3
0.211466,0.0440734,0.0636663,3
0.108975,0.100128,0.0538257,3
0.224931,0.0460641,0.018254,3
0.158723,0.0418596,0.0359473,3
0.208777,0.0813622,0.0969127,3
0.196337,0.00738709,0.0207716,3
0.179918,0.0609024,0.0230933,3
0.176875,0.0970825,0.0588908,3
0.0253202,0.0423935,0.0143363,3
0.117417,0.0163109,0.0239083,3
0.12729,0.0456749,0.0725385,3
0.0500597,0.104721,0.0343066,3
0.00973015,0.0590872,0.0454197,3
0.00499163,0.0784661,0.106577,3
0.161272,0.0594101,0.11042,3
0.220588,0.0332805,0.0615477,3
0.146909,0.0818021,0.0411188,3
0.17631,0.0473986,0.0332586,3
0.150737,0.0367593,0.0466826,3
0.219891,0.0762609,0.0998526,3
0.0800736,0.0347644,0.069246,3
0.0311399,0.041765,0.0470841,3
0.176023,0.0615313,0.0604031,3
0.00687964,0.0614939,0.0882795,3
0.160319,0.103422,0.057542,3
0.076566,0.0670809,0.0168647,3
0.0564233,0.0908428,0.00396509,3
0.102025,0.0273413,0.0495546,3
0.198404,0.104264,0.0305079,3
0.15931,0.10634,0.0507354,3
0.0653225,0.047821,0.00971082,3
0.132184,0.00199135,0.0403267,3
0.0800352,0.010615,0.0337621,3
0.000616993,0.0945033,0.0623237,3
0.194813,0.0639407,0.00232644,3
0.0711155,0.0966679,0.0277871,3
0.119121,0.050923,0.084514,3
0.0812674,0.0187872,0.0936345,3
0.0788367,0.0327872,0.0836239,3
0.0410262,0.0643544,0.0752146,3
0.170789,0.0318556,0.0870217,3
0.0660195,0.0942156,0.0676977,3
0.0729536,0.0636128,0.0660116,3
0.147385,0.00921207,0.0185193,3
0.0411251,0.059933,0.101677,3
0.135641,0.0806416,0.0270625,3
0.185683,0.0286883,0.0828957,3
0.0405993,0.076328,0.0980108,3
0.0846108,0.0223853,0.0775955,3
0.175578,0.0135337,0.056697,3
0.199336,0.0127868,0.0966593,3
0.0225696,0.0218114,0.0869867,3
0.128943,0.100128,0.0466651,3
0.0793843,0.104672,0.0934522,3
0.20943,0.0683276,0.0405201,3
0.0118901,0.0558796,0.100839,3
0.158364,0.000956677,0.105188,3
0.207727,0.0325436,0.10567,3
0.164207,0.0195064,0.0268021,3
0.130139,0.0073692,0.0805868,3
0.191362,0.0620471,0.0945202,3
0.0840213,0.0195667,0.0837399,3
0.213087,0.0472523,0.0448879,3
0.20959,0.0794731,0.0878915,3
0.151663,0.0741875,0.0206736,3
0.0920024,0.0332065,0.0918501,3
0.149114,0.0758423,0.0271594,3
0.040094,0.0561404,0.0115938,3
0.0250618,0.0895959,0.0343864,3
0.216206,0.0528196,0.104888,3
0.169803,0.0462678,0.0937684,3
0.189567,0.0822475,0.000517594,3
0.0573879,0.0858295,0.0550022,3
0.104764,0.0546439,0.0319893,3
0.220709,0.0584405,0.107958,3
0.0442042,0.0454411,0.0926152,3
0.105128,0.020099,0.113382,3
