x coord,y coord,z coord,rank
0.172468,0.0266745,0.122488,0
0.142398,0.0836079,0.137463,0
0.143792,0.0825695,0.13045,0
0.140169,0.0856224,0.140479,0
0.143708,0.0925303,0.139298,0
0.140012,0.0872461,0.138764,0
0.146844,0.0862936,0.140294,0
0.14759,0.0861018,0.139483,0
0.144778,0.0915334,0.138782,0
0.142995,0.0394877,0.18126,0
0.148823,0.0273749,0.155623,0
0.147922,0.0869467,0.138173,0
0.146894,0.0837947,0.133327,0
0.169452,0.0349966,0.110871,0
0.145145,0.0821531,0.136964,0
0.200077,0.0884786,0.0470428,0
0.163548,0.0975173,0.165176,0
0.216409,0.0237226,0.0332858,0
0.144736,0.00312757,0.188991,0
0.143974,0.0896764,0.140575,0
0.146231,0.0829053,0.135528,0
0.169826,0.00866722,0.0956802,0
0.139235,0.0864078,0.143994,0
0.143802,0.0844198,0.134042,0
0.163541,0.00864438,0.173037,0
0.144606,0.0842555,0.133633,0
0.186171,0.0841616,0.139045,0
0.144004,0.0822296,0.139189,0
0.184988,0.0154989,0.128927,0
0.217088,0.00919234,0.218176,0
0.169081,0.0768048,0.0551744,0
0.170149,0.0442537,0.111628,0
0.138977,0.0660029,0.136593,0
0.144578,0.0877797,0.137383,0
0.189288,0.0536666,0.1403,0
0.162853,0.0236004,0.0623787,0
0.214249,0.029358,0.0720749,0
0.144146,0.0868058,0.142651,0
0.215857,0.0325553,0.107914,0
0.141681,0.0865963,0.141743,0
0.146369,0.0862025,0.138657,0
0.199282,0.0223336,0.0646079,0
0.14278,0.0908332,0.137378,0
0.193757,0.0318762,0.146913,0
0.216514,0.0436566,0.168546,0
0.152996,0.0633225,0.145647,0
0.146246,0.0848469,0.137818,0
0.144219,0.0877477,0.135998,0
0.153651,0.0157938,0.174327,0
0.142139,0.0915385,0.133744,0
0.22312,0.00202808,0.0665112,0
0.162687,0.0246329,0.0761273,0
0.148285,0.0892282,0.137646,0
0.144975,0.0845752,0.135054,0
0.15017,0.0851721,0.14067,0
0.142111,0.0867011,0.137396,0
0.143996,0.082938,0.135796,0
0.161201,0.0240044,0.029915,0
0.145992,0.0175206,0.189292,0
0.146047,0.037167,0.0259484,0
0.164388,0.0511276,0.0637063,0
0.148584,0.0814255,0.134755,0
0.138629,0.08219,0.134907,0
0.145897,0.0842708,0.13494,0
0.162039,0.0816974,0.157564,0
0.207019,0.0848303,0.010915,0
0.200629,0.00403455,0.159951,0
0.173544,0.00310102,0.0250021,0
0.214703,0.0915162,0.05758,0
0.216949,0.0350345,0.0541655,0
0.190295,0.0571987,0.0663287,0
0.156851,0.0821992,0.0317028,0
0.141676,0.0912949,0.13834,0
0.218575,0.0385314,0.00686698,0
0.141121,0.0821596,0.134584,0
0.142235,0.0678889,0.156087,0
0.184994,0.0251064,0.0698707,0
0.142865,0.0894221,0.139988,0
0.211111,0.0487649,0.0419272,0
0.141919,0.0854726,0.137403,0
0.212714,0.0506091,0.0796798,0
0.176968,0.0069859,0.172124,0
0.145199,0.0801151,0.13486,0
0.144493,0.0639267,0.119366,0
0.206479,0.0535583,0.204456,0
0.17934,0.000216802,0.0912145,0
0.215075,0.0809256,0.0883429,0
0.220872,0.0424906,0.0210596,0
0.158402,0.00114036,0.0466869,0
0.221145,0.0684166,0.0883463,0
0.157179,0.0156722,0.137628,0
0.198375,0.019296,0.0765539,0
0.210598,0.0046509,0.0149037,0
0.207598,0.0436947,0.0621982,0
0.16385,0.0904555,0.202756,0
0.195667,0.0128077,0.174828,0
0.172535,0.0130332,0.0614635,0
0.218082,0.0342042,0.156237,0
0.195834,0.085302,0.198549,0
0.147608,0.0858265,0.136039,0
0.218902,0.00832409,0.192745,0
0.167298,0.0615568,0.109462,0
0.192811,0.0152603,0.193845,0
0.145214,0.0848384,0.136433,0
0.197305,0.0562965,0.0413386,0
0.138439,0.0846827,0.14075,0
0.141389,0.0845439,0.135624,0
0.202429,0.0223185,0.180965,0
0.176146,0.0962749,0.0325714,0
0.13886,0.0893078,0.141269,0
0.142138,0.0889699,0.135398,0
0.208423,0.0983371,0.0645356,0
0.144682,0.0851479,0.142701,0
0.198858,0.00138383,0.0859298,0
0.143866,0.0614497,0.133679,0
0.147361,0.0900199,0.133,0
0.156879,0.0354509,0.0214564,0
0.148189,0.0906739,0.135222,0
0.146714,0.0840275,0.135639,0
0.159003,0.0831995,0.117665,0
0.147102,0.0812716,0.13467,0
0.0636208,0.143999,0.194706,1
0.0845683,0.191185,0.0045847,1
0.0679145,0.100069,0.100388,1
0.0817632,0.14891,0.0491232,1
0.0661159,0.176367,0.0406112,1
0.0645614,0.112293,0.0500309,1
0.0984182,0.143607,0.133882,1
0.0896954,0.118223,0.216895,1
0.0669873,0.215911,0.0971084,1
0.101533,0.192966,0.0730754,1
0.00555587,0.122301,0.124528,1
0.0406495,0.211809,0.0719299,1
0.0609712,0.210582,0.0814104,1
0.0616722,0.129413,0.0776257,1
0.0720278,0.145362,0.0994525,1
0.103004,0.189453,0.0365563,1
0.0372608,0.10597,0.044543,1
0.0446786,0.180704,0.169622,1
0.0418647,0.126572,0.0669384,1
0.0164786,0.199206,0.100933,1
0.0402556,0.138301,0.13536,1
0.100364,0.127219,0.104322,1
0.0713608,0.205606,0.157599,1
0.0472302,0.119952,0.00368651,1
0.0911338,0.223491,0.0259506,1
0.0902012,0.186789,0.0882072,1
0.0753611,0.128642,0.131657,1
0.0981663,0.217873,0.053225,1
0.0257978,0.211751,0.0921296,1
0.0116349,0.180652,0.108455,1
0.0376158,0.125433,0.000145383,1
0.0143548,0.191281,0.106258,1
0.0478692,0.18463,0.188476,1
0.0265607,0.100645,0.0736221,1
0.0988327,0.169759,0.0739056,1
0.00798677,0.174896,0.0804437,1
0.0961484,0.174809,0.0290763,1
0.0841721,0.108901,0.204753,1
0.0103396,0.179471,0.109774,1
0.0269662,0.212125,0.0729662,1
0.00204787,0.122752,0.0942099,1
0.00899336,0.179882,0.113206,1
0.0327852,0.140413,0.205822,1
0.0118719,0.131692,0.112445,1
0.0602123,0.191611,0.07337,1
0.0863397,0.165206,0.0245147,1
0.0852282,0.211351,0.110359,1
0.0205316,0.190843,0.133384,1
0.0469758,0.208678,0.0822698,1
0.0519211,0.172352,0.0189675,1
0.0374021,0.201611,0.148233,1
0.0878615,0.100662,0.19389,1
0.0101367,0.130608,0.0620937,1
0.0598592,0.123154,0.204407,1
0.0643532,0.124323,0.141093,1
0.0244204,0.143694,0.0154371,1
0.0580615,0.217079,0.121758,1
0.0286057,0.121921,0.207121,1
0.06092,0.139414,0.130425,1
0.0438115,0.193751,0.137737,1
0.0610994,0.128402,0.20565,1
0.0434596,0.164585,0.213595,1
0.0949585,0.164457,0.045509,1
0.0948125,0.15149,0.114619,1
0.08089,0.115252,0.203169,1
0.0202261,0.117538,0.0120688,1
0.0902189,0.189538,0.137297,1
0.048043,0.201793,0.218289,1
0.0608234,0.169785,0.0370913,1
0.00396394,0.148811,0.124476,1
0.0602815,0.139637,0.124359,1
0.0447913,0.219185,0.0219363,1
0.076865,0.180307,0.174572,1
0.0683744,0.128343,0.133476,1
0.0365827,0.148384,7.82973e-05,1
0.0223205,0.174428,0.148978,1
0.000385629,0.21953,0.135835,1
0.0879707,0.196364,0.0429723,1
0.0420301,0.156882,0.0961119,1
0.0720487,0.217652,0.203475,1
0.0582483,0.215858,0.0355125,1
0.0985249,0.128388,0.0552266,1
0.0180575,0.126979,0.137283,1
0.0606008,0.169678,0.0383847,1
0.0600335,0.126137,0.00750927,1
0.0458038,0.204384,0.164335,1
0.0402007,0.147621,0.10848,1
0.0208609,0.126996,0.0650681,1
0.0536852,0.159067,0.00590473,1
0.00658388,0.212144,0.129749,1
0.0689506,0.132475,0.217862,1
0.0290462,0.198131,0.163218,1
0.0311964,0.160403,0.140155,1
0.0213598,0.170051,0.123714,1
0.0187332,0.201258,0.158055,1
0.084477,0.109851,0.166289,1
0.0284509,0.122841,0.195849,1
0.00975958,0.125728,0.187091,1
0.0806317,0.129865,0.1903,1
0.020624,0.181675,0.0234528,1
0.0764651,0.213557,0.145411,1
0.0385517,0.21539,0.181289,1
0.0693557,0.13387,0.0286069,1
0.0245057,0.19326,0.197246,1
0.075965,0.150897,0.177279,1
0.0643706,0.14972,0.126065,1
0.000813335,0.192281,0.122603,1
0.0103482,0.190612,0.0824731,1
0.0415605,0.156324,0.024483,1
0.0246622,0.221049,0.0537894,1
0.0100838,0.1919,0.10866,1
0.0608212,0.127762,0.177334,1
0.0765804,0.14303,0.102175,1
0.0433132,0.131232,0.0661727,1
0.0354625,0.198937,0.0737514,1
0.00964529,0.155051,0.0334312,1
0.0915736,0.222079,0.0684663,1
0.0903393,0.197783,0.120526,1
0.0902182,0.149203,0.178298,1
0.0808799,0.149897,0.179667,1
0.0206021,0.105585,0.116019,1
0.0582574,0.130326,0.172974,1
0.0803059,0.160272,0.0466793,1
0.0829418,0.16685,0.157453,1
0.0144393,0.140108,0.0834848,1
0.0980206,0.16873,0.221422,1
0.0464924,0.101193,0.00128862,1
0.0171435,0.102743,0.138935,1
0.0455809,0.0995975,0.105906,1
0.110728,0.0456512,0.148767,2
0.0118707,0.0113984,0.180096,2
0.130359,0.0644533,0.0847208,2
0.0908181,0.02715,0.0355226,2
0.0390738,0.0782729,0.160597,2
0.12958,0.0944589,0.0791238,2
0.0433655,0.00161013,0.0320896,2
0.0842863,0.082024,0.206685,2
0.122506,0.0625711,0.0443054,2
0.104335,0.0156638,0.117704,2
0.0585743,0.00165204,0.21866,2
0.0274836,0.0150843,0.14636,2
0.130817,0.03155,0.220953,2
0.0192177,0.0933965,0.199582,2
0.115015,0.0813286,0.138454,2
0.0232,0.0208518,0.198844,2
0.056066,0.0813005,0.113437,2
0.0957076,0.00121528,0.0971801,2
0.0267237,0.0637391,0.0226245,2
0.00248168,0.0560613,0.191207,2
0.0713665,0.00400092,0.159992,2
0.121087,0.00489197,0.0425672,2
0.0709017,0.0518741,0.0237307,2
0.0241051,0.0561604,0.0599718,2
0.0817303,0.0794706,0.0158172,2
0.0886299,0.0249131,0.0771905,2
0.064181,0.0437367,0.217393,2
0.133549,0.0249289,0.183165,2
0.0204127,0.0866155,0.0601309,2
0.0345616,0.0262429,0.203429,2
0.106979,0.01624,0.0152132,2
0.110849,0.0861341,0.039132,2
0.0978139,0.046382,0.0838436,2
0.0921633,0.0801153,0.209796,2
0.0674489,0.052042,0.223208,2
0.00706119,0.0563684,0.170691,2
0.0582859,0.0583836,0.140885,2
0.0499408,0.0573081,0.168263,2
0.10291,0.0291625,0.109282,2
0.058907,0.00112633,0.105105,2
0.135119,0.0248079,0.130109,2
0.0934563,0.0162887,0.13029,2
0.135505,0.00347102,0.128671,2
0.11502,0.0841199,0.073511,2
0.0844346,0.0674777,0.218106,2
0.0894251,0.0329457,0.0346867,2
0.13114,0.0364596,0.047148,2
0.136026,0.0572593,0.151402,2
0.0822792,0.0791707,0.0838928,2
0.137885,0.0858558,0.136628,2
0.0981839,0.0882349,0.153099,2
0.10728,0.0741158,0.0885929,2
0.00270319,0.0803809,0.0356329,2
0.0942975,0.0174687,0.16567,2
0.0413594,0.0582378,0.0283335,2
0.0231334,0.0891624,0.173892,2
0.12547,0.0454096,0.0801053,2
0.00307289,0.0692166,0.102113,2
0.0323036,0.0174883,0.142857,2
0.0614906,0.0823212,0.0316258,2
0.0430842,0.09075,0.139262,2
0.0521737,0.0507174,0.0567408,2
0.0988299,0.00833023,0.200861,2
0.0416823,0.0106609,0.106034,2
0.00561599,0.059731,0.0692318,2
0.126264,0.0311216,0.0303529,2
0.138091,0.0300168,0.0930682,2
0.0866265,0.0405063,0.127048,2
0.05521,0.0898548,0.059538,2
0.0206684,0.0504939,0.168277,2
0.00522889,0.0201085,0.107988,2
0.0841888,0.0966374,0.076076,2
0.043936,0.0590493,0.0276469,2
0.112813,0.0619803,0.107988,2
0.0258496,0.0190558,0.0229537,2
0.0516365,0.0535624,0.137673,2
0.137226,0.0853124,0.141659,2
0.0885746,0.0178207,0.00630532,2
0.00765803,0.0613644,0.033917,2
0.0318419,0.081614,0.0115031,2
0.0247898,0.0166332,0.0555295,2
0.0878398,0.0515361,0.0846238,2
0.0778803,0.0888177,0.0720678,2
0.111686,0.0506171,0.096621,2
0.0205394,0.0454721,0.00793324,2
0.0958369,0.0958726,0.175668,2
0.13447,0.0972507,0.0879062,2
0.0374195,0.0790611,0.0161067,2
0.0666139,0.0544052,0.0300556,2
0.0628357,0.0233837,0.0839383,2
0.0291214,0.0243496,0.162807,2
0.0112015,0.0841933,0.0748969,2
0.0592295,0.0617891,0.0946825,2
0.0886122,0.0316112,0.0209912,2
0.102096,0.076248,0.211623,2
0.105142,0.0523493,0.207289,2
0.0744154,0.0651507,0.068654,2
0.135251,0.0567868,0.153295,2
0.127823,0.0758913,0.0394295,2
0.129919,0.0626202,0.197183,2
0.0732294,0.00448102,0.0351599,2
0.0295656,0.059625,0.130588,2
0.0535279,0.083203,0.0453507,2
0.0689666,0.0718934,0.203544,2
0.0780074,0.00112891,0.0133338,2
0.0612481,0.0230982,0.0464215,2
0.106356,0.0808133,0.0491805,2
0.0313338,0.0457771,0.0698782,2
0.0766604,0.0606729,0.0439219,2
0.0890415,0.0697742,0.00918467,2
0.13165,0.0117573,0.0718276,2
0.0749375,0.0459307,0.027804,2
0.0851835,0.0459364,0.150108,2
0.0550217,0.0903432,0.0288318,2
0.041924,0.0930437,0.110869,2
0.0370956,0.0938305,0.0496099,2
0.0538191,0.0941802,0.0778084,2
0.10703,0.082264,0.0646822,2
0.0552418,0.0915457,0.0899614,2
0.113417,0.0599744,0.0676955,2
0.0453475,0.0715879,0.0781565,2
0.0286404,0.0455631,0.106902,2
0.135664,0.0186293,0.176421,2
0.136725,0.0899135,0.136693,2
0.138028,0.0842834,0.133068,2
0.172884,0.128961,0.159354,3
0.193317,0.177159,0.0580425,3
0.175977,0.179696,0.124068,3
0.131341,0.1893,0.146152,3
0.20738,0.174909,0.169641,3
0.133469,0.142935,0.198991,3
0.217312,0.210004,0.11404,3
0.183979,0.139378,0.105449,3
0.163703,0.199575,0.0405583,3
0.203479,0.120323,0.0947285,3
0.19733,0.187381,0.00785459,3
0.125868,0.194709,0.0414021,3
0.204911,0.14973,0.157895,3
0.105554,0.140534,0.0422044,3
0.194938,0.164266,0.0603327,3
0.218179,0.173255,0.00510935,3
0.147828,0.106138,0.0397266,3
0.21098,0.129115,0.170401,3
0.15613,0.18476,0.144125,3
0.194311,0.147318,0.184562,3
0.143379,0.15322,0.00247485,3
0.194507,0.166568,0.0682182,3
0.121931,0.110252,0.214371,3
0.194253,0.113384,0.203399,3
0.193661,0.110063,0.181677,3
0.221369,0.125063,0.174377,3
0.203106,0.109144,0.0103891,3
0.119944,0.177288,0.121978,3
0.137908,0.202933,0.143065,3
0.159579,0.215631,0.170749,3
0.222347,0.172263,0.184731,3
0.205224,0.197792,0.133961,3
0.118514,0.145719,0.127483,3
0.190493,0.131619,0.153332,3
0.106331,0.146874,0.155789,3
0.127621,0.157592,0.0797999,3
0.182087,0.191249,0.174199,3
0.207397,0.149656,0.20436,3
0.1423,0.162019,0.0300328,3
0.162223,0.174784,0.102382,3
0.125482,0.215944,0.017481,3
0.17175,0.202881,0.158786,3
0.190408,0.193418,0.149554,3
0.189694,0.113261,0.183715,3
0.159771,0.220127,0.129966,3
0.21845,0.199733,0.0843095,3
0.175051,0.120101,0.213782,3
0.195135,0.178661,0.11768,3
0.123623,0.199897,0.062482,3
0.15116,0.166932,0.114239,3
0.220092,0.175202,0.0460334,3
0.164517,0.159913,0.191899,3
0.121781,0.204153,0.152527,3
0.127098,0.104913,0.0228447,3
0.217006,0.12536,0.0505064,3
0.212328,0.183452,0.0873031,3
0.155385,0.138003,0.137476,3
0.223438,0.103317,0.123446,3
0.193584,0.138901,0.184292,3
0.140499,0.137183,0.211934,3
0.153281,0.193672,0.115229,3
0.212789,0.163744,0.168695,3
0.181217,0.215533,0.0529645,3
0.191441,0.118873,0.086438,3
0.199124,0.210908,0.029917,3
0.198682,0.200664,0.0469415,3
0.112128,0.132518,0.030614,3
0.224691,0.190323,0.0682396,3
0.111928,0.192257,0.199752,3
0.187432,0.191824,0.00692015,3
0.137296,0.117008,0.167442,3
0.127811,0.106353,0.16728,3
0.200037,0.108254,0.063886,3
0.183895,0.166781,0.142249,3
0.202816,0.192036,0.0101501,3
0.192108,0.179359,0.102843,3
0.191415,0.150285,0.179424,3
0.204223,0.178749,0.122044,3
0.144079,0.168788,0.195485,3
0.199369,0.113586,0.125329,3
0.195885,0.202139,0.127036,3
0.169024,0.107489,0.0694625,3
0.200565,0.213679,0.149707,3
0.169216,0.159886,0.0550389,3
0.154624,0.143989,0.166373,3
0.187501,0.201184,0.11268,3
0.221136,0.200098,0.00242927,3
0.188967,0.124545,0.2154,3
0.159938,0.16198,0.0561497,3
0.144474,0.183146,0.200872,3
0.127674,0.176954,0.147126,3
0.223445,0.126446,0.208008,3
0.151228,0.196925,0.202357,3
0.153089,0.222473,0.220659,3
0.17328,0.10181,0.0173214,3
0.126237,0.195717,0.177208,3
0.220909,0.184144,0.0970884,3
0.190513,0.161846,0.0734424,3
0.219634,0.208705,0.122494,3
0.107451,0.196116,0.0491365,3
0.216606,0.169171,0.215363,3
0.180323,0.198017,0.00218276,3
0.215459,0.149059,0.0651914,3
0.195477,0.194756,0.121656,3
0.143617,0.180034,0.152818,3
0.129631,0.197242,0.1737,3
0.132646,0.119526,0.0741356,3
0.111567,0.141948,0.10862,3
0.11958,0.219002,0.210952,3
0.207852,0.216991,0.0987439,3
0.152039,0.130028,0.149991,3
0.218342,0.199156,0.104462,3
0.211695,0.15458,0.0520931,3
0.184264,0.188657,0.107737,3
0.216044,0.192373,0.21217,3
0.177879,0.119102,0.104273,3
0.146205,0.167913,0.0387849,3
0.108739,0.141803,0.159103,3
0.112569,0.175043,0.0345862,3
0.111604,0.147383,0.174612,3
0.139636,0.224976,0.214355,3
0.110978,0.216404,0.180961,3
0.221767,0.109118,0.123507,3
0.198601,0.101169,0.205812,3
0.105675,0.121051,0.145015,3
