x coord,y coord,z coord,rank
0.0874171,0.123333,0.197235,0
0.109407,0.19889,0.168894,0
0.111355,0.211121,0.14237,0
0.107172,0.212073,0.132769,0
0.116368,0.141293,0.1659,0
0.103732,0.218907,0.191456,0
0.0979276,0.156298,0.179968,0
0.10651,0.128164,0.0767132,0
0.101723,0.170836,0.177154,0
0.220495,0.19621,0.0427344,0
0.0898722,0.146783,0.12512,0
0.193386,0.213355,0.0507804,0
0.186187,0.178353,0.0439622,0
0.107312,0.125379,0.118741,0
0.166896,0.200218,0.0500444,0
0.105691,0.171251,0.162006,0
0.137501,0.153819,0.0427028,0
0.113029,0.214761,0.15954,0
0.215943,0.147943,0.0104117,0
0.199862,0.146996,0.0943692,0
0.112586,0.138796,0.18236,0
0.139477,0.141459,0.0812641,0
0.107436,0.164376,0.167813,0
0.112074,0.155796,0.178665,0
0.099377,0.20201,0.142404,0
0.0944634,0.210542,0.16143,0
0.196499,0.212176,0.0993772,0
0.16582,0.181548,0.128476,0
0.0900781,0.145802,0.0757298,0
0.221323,0.164682,0.0957295,0
0.144658,0.155882,0.0396203,0
0.202193,0.195491,0.05682,0
0.103826,0.159726,0.0376648,0
0.144398,0.166791,0.0606697,0
0.0946467,0.16734,0.0387296,0
0.139442,0.18499,0.0612497,0
0.114064,0.143081,0.180389,0
0.167081,0.203452,0.0212416,0
0.22453,0.206471,0.0387936,0
0.0950763,0.219504,0.0223449,0
0.169997,0.205595,0.108684,0
0.0929886,0.178111,0.0947113,0
0.20704,0.206267,0.120991,0
0.122797,0.224051,0.160356,0
0.142965,0.208584,0.154556,0
0.156401,0.213134,0.160175,0
0.129757,0.179454,0.0739453,0
0.200259,0.126222,0.0388969,0
0.198172,0.201794,0.0125215,0
0.155366,0.216685,0.0462883,0
0.202069,0.154055,0.0836395,0
0.214788,0.184864,0.153689,0
0.0882044,0.179087,0.136852,0
0.10856,0.203071,0.14263,0
0.184099,0.169919,0.0266523,0
0.126362,0.17308,0.17775,0
0.12293,0.145095,0.216037,0
0.0965965,0.166293,0.0675328,0
0.15567,0.168474,0.207925,0
0.165751,0.212344,0.140795,0
0.181507,0.164099,0.212148,0
0.100431,0.178713,0.0296347,0
0.207057,0.172305,0.223093,0
0.215734,0.126851,0.105433,0
0.211095,0.211316,0.143041,0
0.161947,0.140866,0.0264351,0
0.2165,0.207578,0.0657202,0
0.175906,0.137356,0.0200647,0
0.158046,0.195465,0.136574,0
0.115843,0.21739,0.218849,0
0.193047,0.207465,0.0828512,0
0.114842,0.204053,0.0242004,0
0.216817,0.215429,0.0944439,0
0.224165,0.200422,0.118052,0
0.159508,0.184963,0.135677,0
0.218862,0.163843,0.185518,0
0.134581,0.164918,0.120177,0
0.146694,0.210767,0.206893,0
0.153937,0.204058,0.142671,0
0.14878,0.132539,0.0894456,0
0.204334,0.18342,0.219568,0
0.154585,0.208214,0.117332,0
0.197357,0.166443,0.0992911,0
0.184327,0.170266,0.0853632,0
0.164235,0.14615,0.168727,0
0.1417,0.131283,0.133994,0
0.13787,0.218842,0.155052,0
0.216172,0.142988,0.077964,0
0.196101,0.156261,0.0313011,0
0.204775,0.179364,0.221509,0
0.174461,0.171564,0.117546,0
0.13165,0.186546,0.117995,0
0.128495,0.175407,0.135423,0
0.212955,0.142177,0.148276,0
0.165057,0.18642,0.208734,0
0.201257,0.16449,0.150886,0
0.188994,0.164166,0.0667395,0
0.175319,0.137604,0.00803102,0
0.185002,0.214487,0.0234795,0
0.202605,0.19468,0.116079,0
0.181586,0.148709,0.138529,0
0.209697,0.182067,0.158794,0
0.166728,0.123811,0.175479,0
0.199342,0.126382,0.15566,0
0.164262,0.168335,0.143675,0
0.212442,0.179567,0.222868,0
0.131968,0.187571,0.170047,0
0.113563,0.122438,0.198208,0
0.181996,0.179746,0.137949,0
0.10806,0.215387,0.0455679,0
0.224401,0.156383,0.166816,0
0.18324,0.208832,0.166715,0
0.148736,0.123802,0.222273,0
0.140267,0.189276,0.12373,0
0.208556,0.132512,0.15952,0
0.163209,0.138662,0.063945,0
0.100322,0.185072,0.0400414,0
0.1181,0.180231,0.044672,0
0.177987,0.123462,0.17634,0
0.17137,0.128919,0.197839,0
0.215006,0.215577,0.123815,0
0.188064,0.170617,0.111119,0
0.0861512,0.134959,0.140622,0
0.0854276,0.132326,0.0470209,0
0.182071,0.121253,0.053136,0
0.127345,0.0653349,0.134609,1
0.152352,0.0365098,0.089933,1
0.186116,0.107739,0.0809356,1
0.13611,0.112096,0.10601,1
0.162116,0.00126556,0.177779,1
0.190296,0.0944325,0.148919,1
0.151273,0.019482,0.120974,1
0.193365,0.0554952,0.0616027,1
0.139822,0.028683,0.125081,1
0.142438,0.0875128,0.11461,1
0.188271,0.0278127,0.128287,1
0.204624,0.0966324,0.014382,1
0.133625,0.0889761,0.211009,1
0.19911,0.0576138,0.165814,1
0.156477,0.0649933,0.0187636,1
0.131598,0.0651952,0.17072,1
0.139403,0.0269232,0.129186,1
0.166512,0.0557961,0.101134,1
0.209612,0.0887451,0.223023,1
0.122502,0.00448647,0.0206241,1
0.125202,0.103523,0.0785069,1
0.17468,0.0438368,0.0176988,1
0.190295,0.0896833,0.20548,1
0.160341,0.0638977,0.0567739,1
0.136729,0.0953847,0.182939,1
0.176934,0.0514496,0.0807188,1
0.219121,0.0380251,0.104434,1
0.186398,0.0401296,0.0140284,1
0.197035,0.0708536,0.213459,1
0.206561,0.038634,0.0367659,1
0.190966,0.0859379,0.0424761,1
0.206874,0.0269237,0.125312,1
0.220764,0.096797,0.185143,1
0.137796,0.113511,0.131474,1
0.221859,0.0942376,0.209513,1
0.221092,0.0388336,0.112291,1
0.134633,0.0426104,0.0272329,1
0.189833,0.0383475,0.0053541,1
0.141312,0.108888,0.0900741,1
0.164261,0.0274247,0.0951798,1
0.166948,0.0318407,0.0708071,1
0.177287,0.0585685,0.0437473,1
0.177055,0.0837841,0.0676674,1
0.16258,0.0495687,0.0792442,1
0.151871,0.093098,0.0941719,1
0.161167,0.0204634,0.208175,1
0.171962,0.0675792,0.0504649,1
0.16847,0.0305139,0.0361996,1
0.1759,0.00287253,0.0461398,1
0.176624,0.0107145,0.14072,1
0.206769,0.0677881,0.0118031,1
0.189445,0.0288979,0.0110203,1
0.179625,0.0951208,0.143228,1
0.211784,0.0615533,0.137323,1
0.200233,0.0536481,0.133124,1
0.14673,0.0626736,0.0572824,1
0.14214,0.102944,0.169827,1
0.139638,0.0963038,0.113961,1
0.173379,0.0423793,0.0115232,1
0.218871,0.0393079,0.189257,1
0.165497,0.0150413,0.00538524,1
0.128266,0.0647219,0.0254948,1
0.146639,0.0065477,0.0517781,1
0.163534,0.0745022,0.211235,1
0.172229,0.10692,0.0296355,1
0.136985,0.0290599,0.144637,1
0.188357,0.0297781,0.0798204,1
0.159367,0.0152879,0.0240324,1
0.201417,0.100007,0.140654,1
0.182753,0.0846901,0.0821355,1
0.222979,0.021397,0.0427863,1
0.179372,0.0844888,0.190692,1
0.131836,0.0436953,0.16421,1
0.199556,0.0485363,0.159975,1
0.20361,0.033346,0.114988,1
0.206329,0.117833,0.0703995,1
0.172954,0.0626251,0.0298252,1
0.126742,0.0694646,0.177989,1
0.184733,0.0920992,0.140337,1
0.209935,0.084358,0.115554,1
0.207868,0.0474376,0.204353,1
0.220442,0.0961966,0.0757593,1
0.207837,0.0954935,0.203377,1
0.125128,0.0885956,0.136361,1
0.16549,0.0598189,0.189313,1
0.162587,0.117784,0.0851562,1
0.124393,0.0877269,0.155648,1
0.180158,0.036173,0.214709,1
0.120157,0.0913232,0.0982255,1
0.187032,0.0319977,0.0940305,1
0.222925,0.019996,0.0595606,1
0.213862,0.0132269,0.185006,1
0.202282,0.0762266,0.0968532,1
0.197165,0.0914411,0.11879,1
0.193582,0.00177179,0.0220746,1
0.177902,0.108495,0.12749,1
0.121615,0.11405,0.10152,1
0.17965,0.00617077,0.182706,1
0.198242,0.0874248,0.0150736,1
0.155506,0.00147265,0.121499,1
0.189635,0.120317,0.196712,1
0.162451,0.0602287,0.158832,1
0.126237,0.0507206,0.214601,1
0.154583,0.0964892,0.148269,1
0.208338,0.0685119,0.043829,1
0.174989,0.116316,0.180509,1
0.123089,0.0011626,0.135723,1
0.2234,0.0644042,0.190739,1
0.133251,0.0930713,0.146024,1
0.130865,0.0772223,0.0653849,1
0.215634,0.106153,0.182346,1
0.192672,0.0153412,0.165721,1
0.171892,0.0669927,0.179117,1
0.143112,0.0609216,0.101808,1
0.221268,0.0715526,0.046984,1
0.133203,0.0839043,0.0375669,1
0.126837,0.0305814,0.0346274,1
0.193413,0.0636717,0.163854,1
0.211182,0.065851,0.157065,1
0.194826,0.038577,0.12986,1
0.216217,0.0213848,0.105323,1
0.157489,0.0914948,0.152933,1
0.213257,0.0159867,0.109959,1
0.12119,0.0563716,0.174901,1
0.0154509,0.218055,0.11281,2
0.0100212,0.215638,0.112275,2
0.0109507,0.218319,0.11394,2
0.01895,0.209542,0.112319,2
0.0113612,0.213356,0.108768,2
0.0135527,0.21445,0.109606,2
0.0158517,0.216873,0.108961,2
0.0175651,0.218924,0.11433,2
0.0183816,0.212719,0.110126,2
0.0419698,0.205271,0.00588501,2
0.0810128,0.175653,0.144063,2
0.0747803,0.192466,0.173918,2
0.0760446,0.198162,0.128245,2
0.0160149,0.21171,0.104676,2
0.0146264,0.214888,0.114751,2
0.0128162,0.215662,0.110278,2
0.00388523,0.144108,0.223241,2
0.0526716,0.202421,0.0266234,2
0.0238826,0.149423,0.211157,2
0.0158357,0.213714,0.116917,2
0.0247692,0.190735,0.179256,2
0.0536735,0.199681,0.202537,2
0.0138793,0.21267,0.117068,2
0.0720209,0.14943,0.108784,2
0.0685285,0.153077,0.168276,2
0.0046434,0.195962,0.135105,2
0.0826809,0.189124,0.179031,2
0.0271081,0.135848,0.122319,2
0.0120591,0.211601,0.115326,2
0.00198327,0.185841,0.0922095,2
0.0785673,0.171779,0.0972213,2
0.00291945,0.142084,0.103671,2
0.015839,0.213398,0.109472,2
0.00794652,0.186321,0.0225183,2
0.0158639,0.207306,0.112506,2
0.0539594,0.136,0.0354221,2
0.0183008,0.214142,0.115646,2
0.0595978,0.149561,0.218694,2
0.0632753,0.148576,0.0127165,2
0.0124408,0.209795,0.107009,2
0.0464844,0.155975,0.173394,2
0.031385,0.164824,0.018117,2
0.0236551,0.197558,0.0889095,2
0.0137927,0.212927,0.110555,2
0.0664385,0.167369,0.145852,2
0.043916,0.136524,0.155821,2
0.0212481,0.193394,0.0189135,2
0.0846442,0.197156,0.175751,2
0.0518059,0.224761,0.0982649,2
0.0184808,0.161094,0.0365432,2
0.070769,0.190965,0.201574,2
0.0837407,0.180104,0.105833,2
0.0327589,0.179607,0.0450114,2
0.0134199,0.213571,0.11178,2
0.0525055,0.178036,0.0181685,2
0.0565038,0.207716,0.182504,2
0.0180967,0.209112,0.113795,2
0.0780435,0.1963,0.0781457,2
0.00932168,0.166878,0.0798289,2
0.00231377,0.145074,0.198542,2
0.0254064,0.195875,0.201291,2
0.0184242,0.215125,0.110858,2
0.0551366,0.200885,0.112242,2
0.0232919,0.18376,0.125257,2
0.0294244,0.168362,0.135708,2
0.0702865,0.143471,0.14534,2
0.0240852,0.19304,0.162977,2
0.0143833,0.210526,0.11185,2
0.0446443,0.163447,0.0483533,2
0.0566192,0.166685,0.0544446,2
0.0143452,0.212408,0.107253,2
0.0198287,0.128233,0.0538061,2
0.0189957,0.215379,0.111909,2
0.0153143,0.214275,0.117223,2
0.0790317,0.133282,0.154086,2
0.033058,0.2098,0.0191458,2
0.0141885,0.209125,0.113809,2
0.0186812,0.208633,0.116682,2
0.031335,0.13818,0.15191,2
0.0147731,0.175146,0.15275,2
0.0149327,0.216856,0.111179,2
0.033587,0.132517,0.0302283,2
0.00311417,0.132431,0.212797,2
0.0203981,0.197218,0.192966,2
0.00974809,0.154955,0.112691,2
0.00853466,0.174944,0.0299268,2
0.0167604,0.21049,0.112269,2
0.0511754,0.173265,0.0342652,2
0.0484142,0.207717,0.0526706,2
0.00622191,0.18417,0.0747056,2
0.018478,0.158988,0.0938551,2
0.084633,0.121618,0.182439,2
0.0665164,0.127417,0.146716,2
0.0141791,0.2118,0.11767,2
0.0018286,0.167494,0.0518819,2
0.0832495,0.208949,0.215334,2
0.0200773,0.12255,0.207494,2
0.00246223,0.18334,0.0504391,2
0.0311605,0.186097,0.172932,2
0.0119303,0.212362,0.112546,2
0.0182551,0.213603,0.116429,2
0.0195875,0.216589,0.0119014,2
0.0616273,0.194934,0.0745411,2
0.0124123,0.21509,0.114985,2
0.0146077,0.173254,0.102839,2
0.0115387,0.172886,0.198387,2
0.0416312,0.191339,0.221699,2
0.0153075,0.210304,0.110199,2
0.0107367,0.209582,0.112605,2
0.0756539,0.182639,0.0781249,2
0.0127611,0.212031,0.111455,2
0.0186019,0.215822,0.115434,2
0.016599,0.201378,0.0794379,2
0.046846,0.223853,0.0334053,2
0.0202473,0.210815,0.114303,2
0.0135051,0.213841,0.114025,2
0.00182689,0.125638,0.106949,2
0.0353485,0.151068,0.00889674,2
0.0771189,0.161157,0.0900276,2
0.0151007,0.213097,0.114085,2
0.0112763,0.212234,0.113991,2
0.0178665,0.212206,0.113021,2
0.00778331,0.21654,0.112445,2
0.0143152,0.213007,0.112415,2
0.0921792,0.0200927,0.0769507,3
0.0328456,0.0109771,0.138975,3
0.0141405,0.109917,0.104811,3
0.0445552,0.0590224,0.118732,3
0.044323,0.0731394,0.155938,3
0.0132099,0.111625,0.100675,3
0.0111483,0.0843329,0.155372,3
0.0875434,0.0167506,0.224602,3
0.0255098,0.0820208,0.0115677,3
0.062615,0.0131971,0.0471078,3
0.0583642,0.0992812,0.0372581,3
0.0859163,0.118292,0.215323,3
0.00774048,0.0416549,0.055015,3
0.044434,0.0144933,0.215572,3
0.0298073,0.0472836,0.136999,3
0.0519261,0.109901,0.137817,3
0.0834851,0.0118212,0.044819,3
0.021103,0.0590965,0.207491,3
0.0085483,0.0608096,0.051778,3
0.010624,0.0307223,0.0419374,3
0.0127371,0.0467288,0.0363827,3
0.116342,0.106274,0.0375971,3
0.0395946,0.00244647,0.162955,3
0.0486244,0.00994319,0.21354,3
0.0104444,0.0335862,0.0881332,3
0.0175384,0.0095676,0.134254,3
0.00999013,0.00344151,0.0799085,3
0.0919963,0.0760519,0.00667499,3
0.018169,0.0872729,0.142895,3
0.0891587,0.0515607,0.123305,3
0.0817631,0.0956305,0.211287,3
0.00486585,0.0524501,0.0476579,3
0.0518744,0.0862482,0.157163,3
0.0981527,0.117056,0.101102,3
0.108036,0.0926631,0.21807,3
0.116471,0.0190101,0.125653,3
0.0332705,0.041922,0.192091,3
0.0317137,0.0199058,0.0288344,3
0.00952361,0.00501698,0.126157,3
0.0522823,0.0343852,0.14878,3
0.0635055,0.0315792,0.0804074,3
0.0474224,0.010278,0.0605606,3
0.0603684,0.120712,0.0994078,3
0.0878197,0.0895027,0.118812,3
0.0373781,0.0968708,0.205064,3
0.0259264,0.066172,0.182443,3
0.043938,0.0308866,0.0926607,3
0.0309448,0.0399696,0.0349613,3
0.0319188,0.0780921,0.012908,3
0.0795064,0.0274997,0.108343,3
0.0161577,0.00835692,0.0978574,3
0.0647852,0.0460693,0.0820433,3
0.0788411,0.0638541,0.216741,3
0.0721877,0.0210095,0.00044663,3
0.014112,0.0676653,0.179184,3
0.0536211,0.0654508,0.048296,3
0.057133,0.113194,0.168138,3
0.00390117,0.028225,0.144935,3
0.0197826,0.00544832,0.171636,3
0.100121,0.0133363,0.18881,3
0.0533821,0.0058422,0.0960323,3
0.0605925,0.0199871,0.142846,3
0.0731961,0.0361998,0.0892189,3
0.00559437,0.021314,0.0712448,3
0.00646572,0.0687242,0.0539077,3
0.0505034,0.0637306,0.0447638,3
0.0456483,0.00182436,0.192631,3
0.0377559,0.0249426,0.000364422,3
0.103211,0.107741,0.158885,3
0.0214626,0.0162378,0.171366,3
0.0172511,0.00430777,0.0619727,3
0.0737293,0.0166843,0.0914806,3
0.0334577,0.105609,0.160182,3
0.00384434,0.0613142,0.107241,3
0.0275952,0.104705,0.0322559,3
0.0246533,0.0126781,0.151687,3
0.0605725,0.0207896,0.0078575,3
0.00435476,0.0228797,0.208937,3
0.0505065,0.0256124,0.0281984,3
0.0355074,0.0227354,0.170536,3
0.0877968,0.0680583,0.150244,3
0.0528226,0.101951,0.163886,3
0.0339216,0.0249475,0.08193,3
0.0847821,0.064361,0.0203524,3
0.101597,0.0591139,0.176717,3
0.00945134,0.0722906,0.105367,3
0.102768,0.0229961,0.0047924,3
0.0905515,0.0863538,0.136435,3
0.00967525,0.0919915,0.221842,3
0.018192,0.0631163,0.205368,3
0.0149069,0.0695485,0.026058,3
0.081221,0.0440991,0.00272176,3
0.019506,0.00464911,0.147932,3
0.0543689,0.0200213,0.215666,3
0.0154161,0.0217259,0.141378,3
0.0345656,0.0557919,0.15531,3
0.0817654,0.0688265,0.103788,3
0.0984678,0.0652154,0.130927,3
0.0805704,0.0217803,0.0309001,3
0.00657035,0.105057,0.0238615,3
0.0685609,0.0732507,0.0407906,3
0.0102042,0.0705599,0.0665114,3
0.0777796,0.0151402,0.00875286,3
0.108537,0.0438592,0.165699,3
0.029785,0.0606519,0.0675554,3
0.0957892,0.110928,0.0954192,3
0.0129638,0.106468,0.129753,3
0.1075,0.0414786,0.198952,3
0.11685,0.116371,0.15726,3
0.105439,0.0667058,0.0648052,3
0.102455,0.0512809,0.18959,3
0.00237254,0.088137,0.133742,3
0.110485,0.107678,0.0645667,3
0.101166,0.0982869,0.0257643,3
0.110083,0.053925,0.10463,3
0.109443,0.0987024,0.0369227,3
0.110998,0.0408038,0.0303449,3
0.118479,0.0583249,0.0355227,3
0.116994,0.0847326,0.0807858,3
0.111538,0.0241009,0.0213945,3
0.0972127,0.00519969,0.0133463,3
0.103566,0.00782816,0.0355641,3
0.116443,0.110333,0.0572525,3
0.101549,0.0642475,0.105284,3
0.11243,0.100952,0.0538516,3
0.0778318,0.116923,0.118833,3
0.0517669,0.120513,0.1886,3
