x coord,y coord,z coord,rank
0.106123,0.0492888,0.061054,0
0.0949955,0.111206,0.052225,0
0.104162,0.0250368,0.0783829,0
0.0908377,0.123012,0.0597,0
0.0567784,0.0240493,0.105803,0
0.0894812,0.0330747,0.0444996,0
0.095097,0.0408048,0.0491606,0
0.0913205,0.119317,0.0675859,0
0.0596369,0.0254808,0.103354,0
0.0485509,0.11868,0.10478,0
0.0613013,0.0677166,0.0969364,0
0.0282004,0.0215003,0.119608,0
0.0796679,0.106059,0.093662,0
0.00545642,0.0609637,0.117856,0
0.0167332,0.0442452,0.0795576,0
0.0594253,0.0235889,0.103486,0
0.102144,0.077649,0.164644,0
0.108488,0.0619676,0.00291937,0
0.0930632,0.101255,0.101832,0
0.104291,0.114606,0.107377,0
0.0423204,0.0425252,0.10666,0
0.0103408,0.0995811,0.11208,0
0.0143011,0.0651341,0.041415,0
0.0313755,0.0535855,0.139252,0
0.0184843,0.000671106,0.122094,0
0.0248633,0.0405217,0.170666,0
0.0571503,0.00727554,0.191352,0
0.0381091,0.0864385,0.0258606,0
0.0283588,0.0601911,0.0301979,0
0.084531,0.0600297,0.183206,0
0.0297208,0.105496,0.0940825,0
0.0196799,0.0282311,0.119722,0
0.0631876,0.0819514,0.0572293,0
0.0732964,0.0646108,0.0584633,0
0.0355207,0.0565196,0.0258945,0
0.0465456,0.024752,0.086069,0
0.0556695,0.0271967,0.181457,0
0.0661879,0.0680543,0.0603773,0
0.0826146,0.0303007,0.191741,0
0.0355114,0.123198,0.136617,0
0.0297658,0.0547516,0.183688,0
0.0646523,0.0691431,0.163009,0
0.0120522,0.0161343,0.223443,0
0.0250107,0.0174066,0.12097,0
0.03383,0.0656024,0.147553,0
0.0570729,0.105802,0.162977,0
0.0614278,0.0814774,0.00775569,0
0.0982544,0.0299923,0.161666,0
0.0042406,0.0993183,0.166677,0
0.023522,0.038653,0.0917981,0
0.0645835,0.0817864,0.0110241,0
0.0953208,0.119057,0.121553,0
0.100086,0.124781,0.0361615,0
0.100831,0.0705359,0.126022,0
0.100061,0.0191364,0.191503,0
0.0461827,0.0858918,0.197459,0
0.0230713,0.0720108,0.0691704,0
0.0363609,0.12559,0.0514525,0
0.0098438,0.0676886,0.184315,0
0.019379,0.0783924,0.084738,0
0.0390999,0.123082,0.200086,0
0.082537,0.0514238,0.0884478,0
0.0586471,0.00835001,0.214039,0
0.0888982,0.0743759,0.0209703,0
0.0200904,0.01887,0.17473,0
0.0355965,0.0310496,0.157316,0
0.102143,0.0862868,0.195955,0
0.0277428,0.0610197,0.147585,0
0.0626624,0.0986184,0.0819152,0
0.097269,0.126924,0.146278,0
0.00364451,0.118599,0.219636,0
0.0436599,0.048688,0.0743996,0
0.020918,0.0301308,0.00944169,0
0.00567491,0.0478936,0.121997,0
0.00263396,0.00279251,0.0859652,0
0.0832312,0.0302704,0.208747,0
0.0518844,0.0172284,0.174647,0
0.0717298,0.000992869,0.16512,0
0.0679294,0.000100361,0.0564271,0
0.0197322,0.0309995,0.1213,0
0.00534434,0.0177032,0.056279,0
0.0695104,0.0564113,0.060588,0
0.0516398,0.109808,0.170898,0
0.0525292,0.0466599,0.119612,0
0.0308881,0.0907798,0.203831,0
0.0476456,0.0397554,0.167876,0
0.0540244,0.0947828,0.193164,0
0.014025,0.09546,0.2006,0
0.0617814,0.0654823,0.10955,0
0.108804,0.0443923,0.196132,0
0.0820081,0.0119278,0.179189,0
0.0217758,0.0317364,0.0491813,0
0.0716805,0.0601108,0.143601,0
0.00785634,0.0818635,0.0350611,0
0.0106057,0.0178973,0.110655,0
0.00961669,0.00760492,0.201725,0
0.0273156,0.0278628,0.224743,0
0.0250235,0.114931,0.08197,0
0.0146298,0.0455491,0.0473068,0
0.00590332,0.0326316,0.175667,0
0.00221129,0.125469,0.172822,0
0.0186909,0.073239,0.0573709,0
0.0476644,0.0714844,0.037024,0
0.0685619,0.108014,0.0129489,0
0.0499017,0.104044,0.0267772,0
0.0760593,0.069055,0.0324768,0
0.0344727,0.00385192,0.0124033,0
0.0818028,0.11911,0.128594,0
0.00123869,0.0401822,0.139978,0
0.077727,0.0587051,0.217237,0
0.0484322,0.120269,0.104238,0
0.0625299,0.0282196,0.0780126,0
0.0599951,0.0470143,0.0424231,0
0.100743,0.0433271,0.204668,0
0.0359968,0.0389055,0.0746684,0
0.0692294,0.0330828,0.170599,0
0.102454,0.0540836,0.171503,0
0.103768,0.0197525,0.14153,0
0.0190502,0.0815703,0.0246921,0
0.0467185,0.062177,0.027078,0
0.0485672,0.0794242,0.0175232,0
0.078143,0.0787512,0.0677234,0
0.0952389,0.0714994,0.119884,0
0.106318,0.127047,0.195112,0
0.10874,0.110191,0.026613,0
0.108767,0.0578202,0.081529,0
0.172466,0.0643357,0.0997218,1
0.161902,0.0865321,0.20521,1
0.185554,0.0349382,0.0996042,1
0.215528,0.10143,0.172166,1
0.137041,0.0397606,0.112086,1
0.130683,0.0315695,0.223458,1
0.217111,0.0691838,0.11683,1
0.135159,0.102462,0.127912,1
0.164406,0.0576367,0.0213939,1
0.223693,0.00323747,0.0608276,1
0.192113,0.0977336,0.0610511,1
0.156913,0.0818329,0.141386,1
0.161006,0.100317,0.169102,1
0.155071,0.0744904,0.197588,1
0.180482,0.00156981,0.138302,1
0.138911,0.00913579,0.0505065,1
0.196883,0.0762318,0.0839806,1
0.157062,0.0915999,0.0149958,1
0.171032,0.0140748,0.0180578,1
0.167969,0.00368762,0.103227,1
0.211341,0.124429,0.180636,1
0.164362,0.112621,0.216912,1
0.204084,0.0246675,0.0969637,1
0.188595,0.0169616,0.112097,1
0.168801,0.0154494,0.211537,1
0.166047,0.0982173,0.215326,1
0.131009,0.124805,0.0942812,1
0.1695,0.0641439,0.15578,1
0.191773,0.115885,0.0265079,1
0.129534,0.090407,0.187772,1
0.16557,0.0143888,0.223617,1
0.157536,0.100871,0.0417817,1
0.177655,0.0508,0.173624,1
0.129981,0.0251415,0.110493,1
0.133325,0.0421196,0.104761,1
0.179025,0.0910397,0.204359,1
0.197227,0.101442,0.192138,1
0.217599,0.013954,0.0279338,1
0.158413,0.011547,0.179196,1
0.214712,0.0397784,0.109939,1
0.198941,0.0414597,0.0593799,1
0.111925,0.0596889,0.0970752,1
0.220123,0.0646056,0.0525521,1
0.216151,0.0641073,0.0613429,1
0.171869,0.039608,0.051382,1
0.183188,0.03689,0.135759,1
0.201475,0.0427525,0.11823,1
0.212767,0.0721036,0.189905,1
0.190419,0.00580154,0.181787,1
0.177312,0.0391966,0.00308167,1
0.169964,0.0393973,0.213626,1
0.133712,0.0396091,0.0325499,1
0.205511,0.00281009,0.0589159,1
0.117615,0.115097,0.222382,1
0.189902,0.0113151,0.112047,1
0.213587,0.0755799,0.0896264,1
0.16416,0.0513038,0.0575435,1
0.12679,0.0939802,0.176698,1
0.121206,0.0913453,0.107593,1
0.195738,0.0190234,0.00788736,1
0.151007,0.0639777,0.215141,1
0.167434,0.0564205,0.0843761,1
0.164433,0.0690289,0.0493169,1
0.152344,0.1105,0.140916,1
0.18362,0.0769115,0.0786432,1
0.213551,0.00993764,0.122329,1
0.130381,0.0911685,0.025546,1
0.147815,0.00646038,0.155698,1
0.172534,0.0182294,0.202256,1
0.159241,0.023655,0.20479,1
0.169852,0.057859,0.181683,1
0.192986,0.0258233,0.0974173,1
0.160393,0.106363,0.181074,1
0.192795,0.111981,0.170611,1
0.190787,0.0365325,0.122831,1
0.140994,0.10739,0.127293,1
0.163623,0.0800719,0.104777,1
0.198717,0.0476026,0.0285971,1
0.185305,0.0230554,0.0324504,1
0.199633,0.0507422,0.115851,1
0.196242,0.00610156,0.156629,1
0.134985,0.0850335,0.00491957,1
0.133727,0.0661616,0.138744,1
0.172996,0.0769401,0.0451142,1
0.141507,0.0438963,0.177905,1
0.110712,0.0774593,0.0146494,1
0.168812,0.0619049,0.114912,1
0.219466,0.00251069,0.206632,1
0.149062,0.0641514,0.207424,1
0.186555,0.105874,0.0644726,1
0.146879,0.0831542,0.0756984,1
0.208992,0.0695065,0.0210237,1
0.219215,0.0775069,0.0283123,1
0.202012,0.0993989,0.180049,1
0.126823,0.0768494,0.18901,1
0.140617,0.000306621,0.196303,1
0.192114,0.11324,0.181886,1
0.130789,0.0621201,0.0724913,1
0.167785,0.0501424,0.00235672,1
0.164632,0.064751,0.181302,1
0.163685,0.0899984,0.0103164,1
0.209925,0.036687,0.188974,1
0.203115,0.10924,0.108709,1
0.137072,0.0318184,0.0489453,1
0.21049,0.0240061,0.0609545,1
0.16589,0.0525033,0.0550541,1
0.194645,0.0876589,0.0237971,1
0.135594,0.000377615,0.161637,1
0.114376,0.104475,0.14981,1
0.113512,0.0983957,0.177428,1
0.12991,0.10019,0.177972,1
0.135774,0.113179,0.0572699,1
0.162484,0.118109,0.175273,1
0.170258,0.0167229,0.205238,1
0.195799,0.103749,0.117686,1
0.121305,0.0775366,0.214376,1
0.180315,0.0592771,0.205934,1
0.182135,0.00396093,0.136311,1
0.12043,0.0143004,0.152744,1
0.114668,0.0933409,0.14055,1
0.187064,0.123987,0.0442063,1
0.204329,0.126427,0.213076,1
0.128663,0.0660313,0.189903,1
0.0466348,0.212861,0.0421132,2
0.0817873,0.143319,0.0546265,2
0.0624787,0.14574,0.0956122,2
0.0629488,0.151007,0.0918558,2
0.0677075,0.14594,0.0939669,2
0.0614433,0.148728,0.0903209,2
0.0604755,0.147999,0.0895233,2
0.0577064,0.149859,0.0949812,2
0.055318,0.150329,0.0913977,2
0.0570838,0.145527,0.0907637,2
0.0290376,0.211742,0.0503346,2
0.0899296,0.199027,0.0937593,2
0.0646754,0.141176,0.0928141,2
0.09014,0.201865,0.0784459,2
0.0843543,0.134154,0.0165775,2
0.0579697,0.151286,0.0922719,2
0.0387161,0.138472,0.171869,2
0.0193518,0.130425,0.0479831,2
0.0827255,0.201972,0.0933195,2
0.00277751,0.131392,0.0161386,2
0.0921376,0.130488,0.151364,2
0.0511313,0.174751,0.105253,2
0.0393921,0.150217,0.182833,2
0.022734,0.163764,0.0472967,2
0.00245609,0.143877,0.000135434,2
0.0563603,0.145106,0.0905931,2
0.0687979,0.189048,0.0195758,2
0.00636647,0.135405,0.192289,2
0.0827974,0.13517,0.179553,2
0.0888373,0.173853,0.173424,2
0.0596946,0.162864,0.187664,2
0.0351398,0.155909,0.15245,2
0.06335,0.153035,0.0877882,2
0.0605717,0.145943,0.0926746,2
0.0582315,0.146173,0.0922973,2
0.0389602,0.186892,0.0961602,2
0.0651179,0.147727,0.151636,2
0.00900227,0.170196,0.198609,2
0.0546401,0.146897,0.0892359,2
0.0341241,0.199399,0.13955,2
0.0485689,0.179483,0.0441419,2
0.0351608,0.169614,0.0249016,2
0.0587052,0.145131,0.0914862,2
0.0568593,0.147948,0.0912977,2
0.0231334,0.145131,0.153913,2
0.0624474,0.211635,0.0996766,2
0.0404264,0.172364,0.145746,2
0.0699149,0.132129,0.0615308,2
0.0681953,0.192391,0.197877,2
0.0157202,0.215557,0.162382,2
0.061856,0.147012,0.0902134,2
0.0554176,0.151448,0.0946236,2
0.0584252,0.150913,0.093159,2
0.0870711,0.218614,0.116722,2
0.0820054,0.1986,0.0791781,2
0.0227916,0.208559,0.148437,2
0.00417472,0.201265,0.201708,2
0.025519,0.160874,0.0139724,2
0.0612978,0.140861,0.0910381,2
0.0576353,0.179765,0.0454667,2
0.0515106,0.143122,0.0919586,2
0.0758198,0.217083,0.211717,2
0.0407729,0.145932,0.169937,2
0.0638099,0.21169,0.140599,2
0.031064,0.204894,0.120438,2
0.0346304,0.221805,0.167646,2
0.0540271,0.210091,0.177025,2
0.0587455,0.149115,0.0980945,2
0.0366228,0.143737,0.0924495,2
0.0324561,0.150544,0.212942,2
0.0631984,0.149883,0.0864576,2
0.0094165,0.218293,0.179973,2
0.0607741,0.146717,0.0939144,2
0.0361774,0.143371,0.167276,2
0.0522882,0.169325,0.210807,2
0.0628249,0.148535,0.0923442,2
0.0552474,0.220535,0.202127,2
0.00744087,0.19439,0.202486,2
0.0586801,0.14794,0.0899365,2
0.0712003,0.215937,0.124634,2
0.0270774,0.1611,0.115385,2
0.0251811,0.204464,0.115947,2
0.0554037,0.150761,0.0925737,2
0.0259087,0.174815,0.0468383,2
0.0594613,0.146271,0.0947754,2
0.059234,0.144851,0.0954118,2
0.0592062,0.148152,0.0924921,2
0.0579776,0.145431,0.0911096,2
0.0562208,0.151047,0.0884815,2
0.0618348,0.151059,0.0865311,2
0.00134339,0.201266,0.0670312,2
0.00379322,0.165373,0.152762,2
0.0574997,0.148961,0.0865418,2
0.0325306,0.149712,0.186659,2
0.0599214,0.144175,0.0868891,2
0.0596062,0.143674,0.0843205,2
0.060274,0.145795,0.0836665,2
0.0557863,0.146754,0.0934131,2
0.000949679,0.196831,0.0233494,2
0.0451649,0.149206,0.110401,2
0.0308274,0.192393,0.217795,2
0.0570456,0.152161,0.0896523,2
0.0608824,0.146079,0.0890104,2
0.0606867,0.143497,0.0937595,2
0.0617867,0.144797,0.0904726,2
0.0564255,0.147166,0.0919937,2
0.0649056,0.149718,0.0944701,2
0.0618341,0.145935,0.0873748,2
0.0515574,0.169435,0.131796,2
0.0130251,0.221605,0.207476,2
0.0691068,0.187059,0.0252575,2
0.0677428,0.152153,0.0914065,2
0.0596421,0.150158,0.0865968,2
0.0864057,0.207894,0.141465,2
0.0537643,0.144652,0.0902163,2
0.0564121,0.148334,0.0943937,2
0.0294552,0.168551,0.0873883,2
0.0568603,0.149927,0.088719,2
0.037258,0.212286,0.116684,2
0.0901527,0.186657,0.206233,2
0.058867,0.146763,0.0945897,2
0.0625883,0.144854,0.0875014,2
0.055976,0.145919,0.0888939,2
0.0615439,0.146425,0.0855637,2
0.0109523,0.130356,0.069158,2
0.163569,0.172584,0.118267,3
0.147154,0.207328,0.0992127,3
0.107367,0.181984,0.0744668,3
0.174486,0.215004,0.117718,3
0.175277,0.178395,0.0764955,3
0.186054,0.199223,0.20455,3
0.0951664,0.159099,0.170608,3
0.129601,0.1611,0.114568,3
0.118564,0.134353,0.204688,3
0.130158,0.135422,0.201145,3
0.196432,0.211976,0.214014,3
0.209361,0.153385,0.0125041,3
0.179043,0.218876,0.054342,3
0.0977168,0.167729,0.130877,3
0.215889,0.199862,0.214479,3
0.170707,0.150052,0.0639137,3
0.127436,0.216258,0.124499,3
0.148187,0.203348,0.176789,3
0.194073,0.161451,0.159352,3
0.13719,0.180578,0.0424093,3
0.172297,0.179719,0.142086,3
0.223993,0.180386,0.123483,3
0.13846,0.223917,0.0200512,3
0.151259,0.195261,0.109281,3
0.172105,0.146971,0.0312308,3
0.128342,0.22271,0.0437358,3
0.155084,0.184586,0.00128779,3
0.153238,0.180201,0.143416,3
0.187549,0.158372,0.224559,3
0.170297,0.198554,0.0885105,3
0.184953,0.190707,0.118538,3
0.147019,0.219655,0.00185469,3
0.166612,0.148989,0.044626,3
0.214459,0.170679,0.0766462,3
0.154602,0.170456,0.0446455,3
0.177414,0.134316,0.0877356,3
0.221099,0.149296,0.113807,3
0.132923,0.129648,0.0336522,3
0.0990812,0.1476,0.0520615,3
0.220815,0.217727,0.148926,3
0.207049,0.209026,0.0706849,3
0.180214,0.191416,0.0533444,3
0.189897,0.168118,0.214304,3
0.148411,0.150692,0.115997,3
0.203795,0.17016,0.0165386,3
0.155973,0.190752,0.0860029,3
0.195695,0.192797,0.0648218,3
0.185285,0.157013,0.16356,3
0.192642,0.137054,0.188339,3
0.19863,0.182361,0.0585789,3
0.156226,0.166156,0.0478507,3
0.191147,0.193308,0.192089,3
0.157622,0.165339,0.0441824,3
0.147948,0.196222,0.0430261,3
0.215524,0.156424,0.0374394,3
0.204679,0.220299,0.083965,3
0.143775,0.175047,0.14383,3
0.215272,0.16718,0.116313,3
0.0989261,0.204191,0.0142278,3
0.133208,0.1538,0.221696,3
0.142567,0.212052,0.185022,3
0.186366,0.131681,0.0970901,3
0.194138,0.143538,0.198583,3
0.212812,0.21629,0.18833,3
0.162575,0.198162,0.024547,3
0.179082,0.179695,0.15442,3
0.196427,0.223265,0.113029,3
0.224364,0.168326,0.151134,3
0.119292,0.148714,0.0323943,3
0.221897,0.190894,0.0570115,3
0.111129,0.145604,0.004347,3
0.218869,0.204978,0.159304,3
0.219197,0.134517,0.0788128,3
0.0960145,0.220737,0.0821629,3
0.146207,0.187726,0.0268839,3
0.223428,0.15279,0.00617155,3
0.165143,0.128952,0.0358521,3
0.214406,0.167371,0.118653,3
0.201973,0.131301,0.0826754,3
0.174502,0.175135,0.0333375,3
0.212784,0.191817,0.12331,3
0.178966,0.16427,0.160523,3
0.20305,0.196291,0.190831,3
0.154704,0.136883,0.0840404,3
0.15507,0.205923,0.159288,3
0.212461,0.208659,0.0574534,3
0.218895,0.188576,0.216505,3
0.223222,0.203664,0.0588065,3
0.0950616,0.192648,0.0919602,3
0.187434,0.180776,0.0939687,3
0.200415,0.149164,0.0495525,3
0.196738,0.140331,0.135474,3
0.221678,0.173918,0.0556932,3
0.207907,0.171693,0.0829221,3
0.131463,0.204831,0.138858,3
0.215379,0.221657,0.113547,3
0.160191,0.166323,0.116727,3
0.168942,0.166656,0.138811,3
0.162711,0.18934,0.124785,3
0.206982,0.171123,0.0680416,3
0.207328,0.138793,0.161872,3
0.124703,0.163836,0.0890579,3
0.224846,0.201934,0.195762,3
0.210749,0.160646,0.178631,3
0.162882,0.200178,0.183589,3
0.20876,0.135465,0.14443,3
0.216078,0.172226,0.20244,3
0.14105,0.132103,0.153488,3
0.167516,0.171087,0.165574,3
0.163156,0.210177,0.184051,3
0.131964,0.180441,0.223811,3
0.216967,0.149013,0.195802,3
0.179464,0.203607,0.139894,3
0.168315,0.189755,0.156939,3
0.117277,0.163864,0.165655,3
0.123814,0.180304,0.160998,3
0.116306,0.147331,0.151073,3
0.116243,0.185357,0.191034,3
0.127728,0.137649,0.200341,3
0.0954413,0.187604,0.221652,3
0.114922,0.140921,0.176577,3
0.113663,0.137268,0.221337,3
0.106135,0.177149,0.0407764,3
0.100693,0.211514,0.162491,3
0.0960169,0.174334,0.0786724,3
0.0988554,0.216447,0.184901,3
