x coord,y coord,z coord,rank
0.187109,0.154268,0.0900559,0
0.146643,0.223823,0.0373474,0
0.172475,0.175182,0.0963551,0
0.210242,0.110917,0.118143,0
0.180702,0.205271,0.0781374,0
0.104492,0.131256,0.0858353,0
0.148659,0.143315,0.0921774,0
0.12618,0.139592,0.0959792,0
0.0586359,0.1177,0.0966302,0
0.2033,0.175428,0.108235,0
0.180203,0.133671,0.0505243,0
0.22416,0.167996,0.0541939,0
0.131442,0.158601,0.0540578,0
0.177195,0.145899,0.111026,0
0.189275,0.177399,0.0998001,0
0.192777,0.17648,0.0515458,0
0.0626121,0.196528,0.0285531,0
0.152339,0.214732,0.0849534,0
0.124507,0.144163,0.0144641,0
0.179894,0.196804,0.0173914,0
0.0231539,0.203047,0.0638272,0
0.176274,0.202164,0.0664426,0
0.163506,0.138464,0.0646096,0
0.195868,0.170613,0.000561607,0
0.119643,0.198179,0.0521679,0
0.0810527,0.201947,0.00381054,0
0.158708,0.211295,0.0483527,0
0.0835219,0.209428,0.114721,0
0.182646,0.16043,0.0372632,0
0.155384,0.157733,0.0728352,0
0.135773,0.136601,0.000857178,0
0.0878182,0.135448,0.0435001,0
0.149432,0.181794,0.0911595,0
0.19506,0.196178,0.0364404,0
0.102018,0.116298,0.0889968,0
0.12317,0.194204,0.0598865,0
0.151006,0.211914,0.0913367,0
0.146504,0.204609,0.0241731,0
0.0812847,0.145478,0.00350441,0
0.0348699,0.18164,0.0114718,0
0.197026,0.113865,0.118028,0
0.0719647,0.144463,0.0376043,0
0.00340146,0.153783,0.0191211,0
0.158463,0.123252,0.0777174,0
0.131865,0.117183,0.0906042,0
0.159554,0.152473,0.0935212,0
0.00726412,0.176339,0.0190792,0
0.19677,0.187798,0.0967396,0
0.222962,0.123639,0.0937113,0
0.0284256,0.120877,0.106342,0
0.192527,0.2084,0.0511792,0
0.184536,0.162482,0.0921033,0
0.0721671,0.178422,0.000237986,0
0.132453,0.132138,0.08528,0
0.0993691,0.128564,0.0525213,0
0.133828,0.128091,0.0430262,0
0.0361391,0.144355,0.112117,0
0.00118057,0.156255,0.0951588,0
0.133894,0.201176,0.0986339,0
0.219961,0.202891,0.0493261,0
0.0553472,0.139432,0.0833834,0
0.0368967,0.132693,0.101319,0
0.0819613,0.132228,0.000219728,0
0.0487316,0.201809,0.0535252,0
0.14383,0.137253,0.0486038,0
0.0620164,0.18918,0.0117782,0
0.0181065,0.149415,0.0476819,0
0.0630302,0.212386,0.011562,0
0.207951,0.201106,0.0399222,0
0.184299,0.156942,0.0389455,0
0.046129,0.15863,0.0202087,0
0.195045,0.185755,0.0673585,0
0.0690891,0.216155,0.0212742,0
0.223396,0.208656,0.0744206,0
0.136186,0.209602,0.0929679,0
0.0783879,0.18483,0.0254923,0
0.0518883,0.166313,0.0630386,0
0.0458574,0.187929,0.0324228,0
0.177301,0.203288,0.0198533,0
0.202408,0.170638,0.0855035,0
0.207111,0.125147,0.00878778,0
0.0861986,0.197315,0.100716,0
0.161991,0.128713,0.0909298,0
0.207033,0.1114,0.0354759,0
0.00177619,0.122687,0.0804584,0
0.0637774,0.185736,0.0882215,0
0.0142114,0.138482,0.0141701,0
0.19973,0.160551,0.091219,0
0.0953744,0.215119,0.0204979,0
0.0286367,0.1113,0.018876,0
0.0436295,0.195287,0.0616375,0
0.00118612,0.121465,0.098082,0
0.172678,0.115034,0.0895541,0
0.0416339,0.177493,0.117359,0
0.00554494,0.170628,0.00555197,0
0.11602,0.151748,0.0683775,0
0.185556,0.138152,0.0287983,0
0.203694,0.194125,0.0800581,0
0.0180216,0.115863,0.0226007,0
0.0836394,0.221336,0.0597784,0
0.19133,0.181871,0.0385591,0
0.149636,0.147898,0.0738263,0
0.105523,0.133881,0.0284924,0
0.123379,0.173516,0.000588646,0
0.0149786,0.216884,0.0443201,0
0.0516218,0.13959,0.0265986,0
0.129353,0.127695,0.0641918,0
0.0438529,0.222657,0.0604153,0
0.16238,0.127406,0.0325934,0
0.00892155,0.197734,0.0979647,0
0.101317,0.137342,0.0497704,0
0.0642617,0.1219,0.0944892,0
0.138761,0.204386,0.0691373,0
0.139573,0.124833,0.0715446,0
0.192903,0.153095,0.0295346,0
0.0294814,0.181974,0.0752453,0
0.0645641,0.208668,0.0676517,0
0.113487,0.1696,0.101473,0
0.0585167,0.218545,0.103831,0
0.095208,0.127376,0.102359,0
0.0816995,0.180348,0.0814706,0
0.0431784,0.155425,0.111335,0
0.0846853,0.116366,0.0195973,0
0.202801,0.115442,0.00380648,0
0.0544615,0.159902,0.115257,0
0.0434672,0.201136,0.117703,0
0.117834,0.0532808,0.123711,1
0.0337848,0.0258496,0.0104473,1
0.182449,0.00538472,0.110709,1
0.0480643,0.103875,0.0570424,1
0.0285157,0.0643669,0.0242124,1
0.213166,0.0840341,0.121222,1
0.139444,0.0799193,0.110702,1
0.182157,0.0544805,0.12452,1
0.0154477,0.0433631,0.121075,1
0.188099,0.102726,0.0644094,1
0.157641,0.0132543,0.11404,1
0.0922715,0.0744547,0.0281625,1
0.0565092,0.00671969,0.0214929,1
0.071703,0.0326885,0.0199296,1
0.0119165,0.036075,0.0156264,1
0.194797,0.0764795,0.122945,1
0.0694889,0.0571038,0.00802727,1
0.210429,0.0231673,0.0419638,1
0.0533074,0.00733174,0.0445974,1
0.153755,0.040156,0.0206752,1
0.00547667,0.0689435,0.10653,1
0.0382843,0.0194096,0.0498385,1
0.116908,0.0711596,0.0951323,1
0.009759,0.0863082,0.110053,1
0.0722518,0.037689,0.0570408,1
0.011287,0.0291126,0.121414,1
0.081829,0.0486328,0.0463968,1
0.101971,0.00718945,0.0473585,1
0.00852974,0.0359151,0.0573749,1
0.114827,0.0275295,0.0320459,1
0.160952,0.0766018,0.0299219,1
0.189039,0.0408129,0.0577911,1
0.00299496,0.0948642,0.0248302,1
0.0600932,0.104888,0.0227133,1
0.186947,0.086247,0.0187482,1
0.082203,0.0617152,0.123357,1
0.094865,0.0342327,0.0598881,1
0.0967856,0.0248705,0.0479036,1
0.0384989,0.0759094,0.11196,1
0.164444,0.0803477,0.062194,1
0.0240787,0.060658,0.035466,1
0.0317337,0.103663,0.0752167,1
0.187616,0.045488,0.0181328,1
0.0570355,0.00470887,0.0225397,1
0.0485994,0.00938553,0.119869,1
0.0975236,0.0297495,0.0790328,1
0.142339,0.0319475,0.0194815,1
0.0961358,0.062095,0.0248068,1
0.210522,0.0300073,0.0855534,1
0.119251,0.0536799,0.0495618,1
0.22358,0.0901963,0.0701404,1
0.0694526,0.00494256,0.0806556,1
0.0542557,0.0330825,0.10512,1
0.196923,0.0472175,0.0478842,1
0.0904588,0.0667151,0.109417,1
0.163133,0.0626544,0.118887,1
0.0634611,0.000152432,0.0624136,1
0.183547,0.0591524,0.0326911,1
0.19407,0.0787967,0.00751828,1
0.125617,0.0554332,0.0194966,1
0.00117391,0.0756088,0.0170944,1
0.0103749,0.0756679,0.0591198,1
0.184387,0.0721245,0.116116,1
0.0759183,0.0404484,0.0137574,1
0.21379,0.0256812,0.0362008,1
0.144706,0.00170578,0.0189754,1
0.0314899,0.0897898,0.108812,1
0.167749,0.0683687,0.0766267,1
0.0284132,0.0784543,0.034743,1
0.107366,0.0900682,0.0683035,1
0.029606,0.0597914,0.00318122,1
0.109772,0.068362,0.0574896,1
0.143238,0.0145415,0.0553127,1
0.188813,0.0673509,0.00197938,1
0.159192,0.102709,0.0445238,1
0.023183,0.0657486,0.094452,1
0.127638,0.0750325,0.081543,1
0.0341904,0.101003,0.0213352,1
0.195965,0.0583854,0.0686922,1
0.171807,0.0354321,0.0288618,1
0.180284,0.0885883,0.0681779,1
0.218287,0.086153,0.0171797,1
0.0519178,0.0680599,0.0743503,1
0.222971,0.0707791,0.0440188,1
0.143835,0.102481,0.0740803,1
0.0955927,0.0323077,0.0445359,1
0.0419148,0.0853831,0.0016609,1
0.198963,0.0560155,0.0304046,1
0.016328,0.0562626,0.116674,1
0.148768,0.00931962,0.0175562,1
0.199253,0.0107114,0.0896231,1
0.0959628,0.0994561,0.0867974,1
0.169932,0.0614969,0.0849127,1
0.0906523,0.0994736,0.0498203,1
0.117443,0.0784299,0.0662078,1
0.222543,0.0289206,0.0510463,1
0.138157,0.0884996,0.0105775,1
0.129293,0.0801833,0.0780538,1
0.182827,0.0509494,0.0177114,1
0.202528,0.0680647,0.010638,1
0.187008,0.0360236,0.100659,1
0.144746,0.0861686,0.109788,1
0.0636599,0.0896771,0.0371593,1
0.170163,0.0539839,0.10316,1
0.204261,0.0851522,0.0851292,1
0.18988,0.0705914,0.0757137,1
0.11462,0.0852633,0.00269644,1
0.148245,0.0379221,0.018739,1
0.111283,0.020271,0.0792339,1
0.192222,0.0155584,0.0765758,1
0.0490982,0.0150226,0.0371885,1
0.0317759,0.0148273,0.0650528,1
0.134293,0.0190471,0.0779501,1
0.210674,0.0699314,0.0652668,1
0.103182,0.0989844,0.101374,1
0.0619659,0.0834086,0.018768,1
0.194187,0.0445915,0.120665,1
0.0522265,0.0251598,0.0859739,1
0.114014,0.0977541,0.0513749,1
0.0302419,0.0812084,0.101801,1
0.0593733,0.0704657,0.0924559,1
0.116279,0.0594754,0.00756419,1
0.174236,0.0762368,0.0911469,1
0.196991,0.0279165,0.124368,1
0.0284347,0.101547,0.19697,2
0.150839,0.0514111,0.156496,2
0.150784,0.00958176,0.170881,2
0.221789,0.059349,0.211019,2
0.0303724,0.101824,0.200679,2
0.0295182,0.105297,0.196772,2
0.152835,0.0310502,0.158349,2
0.0338691,0.100099,0.19803,2
0.215414,0.0135385,0.221428,2
0.214558,0.0549772,0.168962,2
0.053354,0.0964113,0.169002,2
0.168468,0.0783175,0.154898,2
0.221728,0.0839556,0.152135,2
0.0332086,0.103918,0.201055,2
0.0313948,0.106262,0.200057,2
0.0305074,0.105124,0.194087,2
0.134331,0.0187094,0.222742,2
0.0360918,0.0225787,0.185219,2
0.192246,0.0505465,0.206209,2
0.0305586,0.0858155,0.172354,2
0.189423,0.0152826,0.155872,2
0.0300334,0.10449,0.192405,2
0.0351561,0.10289,0.19627,2
0.0935721,0.00820029,0.196514,2
0.108375,0.00206245,0.209277,2
0.0380913,0.105579,0.192704,2
0.029569,0.105377,0.195936,2
0.173766,0.0550751,0.190457,2
0.0325565,0.100067,0.200216,2
0.0311524,0.0962102,0.197263,2
0.175462,0.00440488,0.199244,2
0.0275672,0.101543,0.19744,2
0.103108,0.0872179,0.222276,2
0.202635,0.0389791,0.182039,2
0.0670577,0.101753,0.16282,2
0.0297394,0.102066,0.198232,2
0.0274001,0.101038,0.194364,2
0.0212608,0.0119791,0.171975,2
0.0291359,0.00908437,0.192603,2
0.00968002,0.0494327,0.221536,2
0.150337,0.0321172,0.217337,2
0.032028,0.105375,0.197186,2
0.142689,0.0828221,0.159119,2
0.0858253,0.0582617,0.215894,2
0.0389024,0.034454,0.189673,2
0.0906725,0.0556902,0.223207,2
0.0173026,0.105786,0.170434,2
0.133128,0.0840231,0.209496,2
0.0798365,0.0949029,0.156048,2
0.0103355,0.00425133,0.178322,2
0.0866772,0.00159006,0.156942,2
0.0875736,0.0392748,0.203368,2
0.177908,0.0682319,0.208477,2
0.0973925,0.0122312,0.219319,2
0.0311461,0.101161,0.198778,2
0.154361,0.0904122,0.14567,2
0.136574,0.00616774,0.17162,2
0.0315173,0.103149,0.194497,2
0.095828,0.0214499,0.132832,2
0.0946475,0.0148712,0.220066,2
0.00532264,0.0847581,0.151011,2
0.0288922,0.104536,0.195244,2
0.209656,0.0336534,0.213061,2
0.198588,0.097706,0.1829,2
0.128954,0.0960658,0.131895,2
0.0337933,0.103556,0.194585,2
0.0155745,0.0700323,0.141128,2
0.0293278,0.104695,0.194648,2
0.088734,0.0479881,0.187835,2
0.186307,0.00533785,0.145029,2
0.0571616,0.00719835,0.217552,2
0.113604,0.0563922,0.202397,2
0.214167,0.0480461,0.151257,2
0.0207037,0.0454422,0.195497,2
0.195543,0.0303921,0.13466,2
0.107401,0.0021233,0.155557,2
0.16213,0.0051259,0.203832,2
0.0530367,0.0199679,0.152567,2
0.0342311,0.102036,0.199517,2
0.192546,0.0996572,0.176006,2
0.218096,0.053958,0.165674,2
0.165863,0.0612538,0.210154,2
0.139721,0.00130447,0.139041,2
0.132569,0.0848385,0.166262,2
0.0337798,0.102818,0.202493,2
0.0986642,0.0637465,0.18827,2
0.104284,0.0954702,0.186222,2
0.02902,0.100338,0.200894,2
0.151521,0.00115363,0.198025,2
0.0298361,0.0995496,0.201336,2
0.0511947,0.0585141,0.141909,2
0.199105,0.0895859,0.175998,2
0.086441,0.0209564,0.146685,2
0.196199,0.0168519,0.205129,2
0.0303455,0.10042,0.199194,2
0.151943,0.0253073,0.185365,2
0.0752545,0.0132534,0.142378,2
0.02862,0.0969208,0.199897,2
0.169466,0.0387077,0.136132,2
0.147017,0.00165737,0.22422,2
0.0348804,0.101526,0.198865,2
0.0786807,0.00938312,0.208854,2
0.0339552,0.100256,0.198203,2
0.0315149,0.10221,0.198185,2
0.0305205,0.0981787,0.198647,2
0.01216,0.0488566,0.156288,2
0.0791495,0.0785723,0.137333,2
0.0295198,0.103744,0.203776,2
0.0196837,0.0594549,0.143284,2
0.079182,0.0295596,0.144099,2
0.0344279,0.081772,0.21068,2
0.0417707,0.00516879,0.130597,2
0.033204,0.100761,0.195664,2
0.0298096,0.101499,0.197526,2
0.160411,0.0345681,0.127329,2
0.0711176,0.082787,0.157981,2
0.0319408,0.0975222,0.200116,2
0.0345615,0.102465,0.198441,2
0.0402522,0.104623,0.139617,2
0.0679684,0.0791383,0.150589,2
0.102074,0.0570622,0.12773,2
0.0342542,0.102158,0.199431,2
0.0649389,0.191188,0.14944,3
0.173633,0.112882,0.177353,3
0.0339715,0.197072,0.145065,3
0.0951986,0.221895,0.202679,3
0.135804,0.135363,0.121334,3
0.0911724,0.111151,0.149006,3
0.0859095,0.125575,0.149913,3
0.171708,0.165727,0.162283,3
0.174167,0.20646,0.207679,3
0.186342,0.21679,0.158137,3
0.138637,0.197291,0.188184,3
0.0268301,0.188048,0.224522,3
0.221079,0.214221,0.206761,3
0.153814,0.176709,0.120447,3
0.183796,0.144448,0.124427,3
0.130575,0.15551,0.159098,3
0.162223,0.163629,0.183466,3
0.0622777,0.161501,0.206381,3
0.191005,0.121141,0.142604,3
0.144042,0.150285,0.169338,3
0.053267,0.165732,0.163146,3
0.0766193,0.135541,0.184271,3
0.0348314,0.151284,0.178662,3
0.151808,0.119985,0.220223,3
0.0965598,0.158935,0.185156,3
0.150382,0.184599,0.163289,3
0.0648227,0.154474,0.202768,3
0.0798955,0.128384,0.137301,3
0.186446,0.219178,0.179748,3
0.222169,0.20838,0.148059,3
0.0334783,0.146875,0.162179,3
0.0481028,0.169057,0.169463,3
0.200538,0.130361,0.213538,3
0.200002,0.1589,0.174586,3
0.15125,0.193932,0.154325,3
0.00982243,0.13349,0.17938,3
0.201331,0.158611,0.152914,3
0.0781205,0.172774,0.149066,3
0.205082,0.171141,0.189121,3
0.117631,0.184539,0.167595,3
0.125394,0.195736,0.187935,3
0.154702,0.194825,0.201882,3
0.110883,0.115844,0.12541,3
0.010787,0.114117,0.135089,3
0.118592,0.134641,0.133144,3
0.00276901,0.17029,0.178283,3
0.197679,0.165138,0.188798,3
0.00607019,0.180234,0.184939,3
0.0190564,0.203052,0.194544,3
0.140902,0.212677,0.212341,3
0.145674,0.207543,0.21204,3
0.143136,0.212759,0.152437,3
0.175681,0.134237,0.165291,3
0.11667,0.165317,0.160767,3
0.167548,0.217489,0.220358,3
0.138868,0.181443,0.220389,3
0.032264,0.126638,0.162261,3
0.153364,0.191454,0.224364,3
0.199529,0.173703,0.150911,3
0.157463,0.147208,0.190643,3
0.0326836,0.194745,0.208643,3
0.155725,0.183568,0.149609,3
0.110324,0.142242,0.130851,3
0.198853,0.191059,0.217515,3
0.0923224,0.196363,0.182113,3
0.134858,0.206892,0.220122,3
0.0418456,0.17582,0.190185,3
0.205924,0.185733,0.132033,3
0.0757193,0.163096,0.154425,3
0.0192067,0.203489,0.199134,3
0.0288455,0.207868,0.195419,3
0.0958446,0.184066,0.212997,3
0.133033,0.118671,0.198612,3
0.205929,0.12007,0.161299,3
0.0583071,0.213959,0.182653,3
0.101936,0.132494,0.158195,3
0.0275239,0.130594,0.202892,3
0.117932,0.150596,0.212878,3
0.0362849,0.109821,0.157622,3
0.00323053,0.189,0.182997,3
0.172571,0.178767,0.124344,3
0.00595354,0.173429,0.168449,3
0.025676,0.220344,0.214005,3
0.00737735,0.206924,0.160576,3
0.153327,0.15912,0.143168,3
0.186773,0.216663,0.174844,3
0.021938,0.161745,0.132534,3
0.0975798,0.186386,0.152201,3
0.153981,0.129599,0.212815,3
0.185127,0.157644,0.122447,3
0.097836,0.186289,0.181893,3
0.0289665,0.155549,0.140152,3
0.198789,0.21913,0.142125,3
0.0206468,0.153383,0.14264,3
0.063974,0.119222,0.178066,3
0.123595,0.106939,0.150357,3
0.187596,0.193077,0.153641,3
0.155406,0.20556,0.141001,3
0.131222,0.157649,0.165778,3
0.0447631,0.197605,0.135491,3
0.113205,0.158677,0.149929,3
0.182361,0.195447,0.137197,3
0.0103982,0.157659,0.216946,3
0.0746177,0.136416,0.176424,3
0.0345088,0.177528,0.198044,3
0.0584611,0.165443,0.203326,3
0.0804173,0.21588,0.213712,3
0.0298369,0.193168,0.195076,3
0.0140001,0.145834,0.122534,3
0.0439188,0.112389,0.131403,3
0.0319203,0.106575,0.197492,3
0.0117114,0.120472,0.135105,3
0.104155,0.161903,0.127114,3
0.0278414,0.110733,0.147704,3
0.111638,0.129695,0.123095,3
0.171506,0.131118,0.154759,3
0.22337,0.210905,0.170609,3
0.203021,0.181103,0.147649,3
0.172384,0.136633,0.139987,3
0.142407,0.220808,0.121458,3
0.187685,0.113507,0.147715,3
0.014648,0.109124,0.121775,3
0.0328542,0.106799,0.19807,3
0.03112,0.107275,0.193607,3
0.0309497,0.107534,0.190897,3
0.0845198,0.109454,0.146007,3
0.174387,0.106717,0.198299,3
0.0317609,0.106544,0.192359,3
