x coord,y coord,z coord,rank
0.177355,0.0837811,0.213743,0
0.171607,0.0616592,0.19376,0
0.139594,0.0992501,0.140809,0
0.16064,0.116747,0.212706,0
0.21727,0.0607652,0.22203,0
0.153583,0.222225,0.114429,0
0.155347,0.131432,0.149351,0
0.109439,0.224146,0.199248,0
0.222238,0.0225274,0.181003,0
0.161253,0.204167,0.12904,0
0.155122,0.138825,0.115195,0
0.218853,0.204739,0.19953,0
0.209715,0.0837015,0.188149,0
0.111986,0.154179,0.178662,0
0.158346,0.0976955,0.204449,0
0.18733,0.183052,0.120654,0
0.170342,0.207368,0.124772,0
0.148065,0.0107417,0.131162,0
0.132345,0.111281,0.178655,0
0.182762,0.130662,0.141045,0
0.193383,0.0198437,0.161598,0
0.138705,0.198526,0.142298,0
0.216484,0.0484131,0.182544,0
0.117136,0.0326942,0.205133,0
0.139463,0.0186578,0.129231,0
0.17827,0.101728,0.172932,0
0.151411,0.0563688,0.159345,0
0.206668,0.194528,0.140165,0
0.112685,0.0262241,0.213139,0
0.120603,0.0650652,0.12572,0
0.197928,0.0862666,0.121651,0
0.184575,0.148477,0.130663,0
0.160559,0.166251,0.197739,0
0.21329,0.129749,0.131244,0
0.128528,0.14818,0.121258,0
0.206175,0.125847,0.132031,0
0.192179,0.143604,0.186579,0
0.194225,0.146754,0.213556,0
0.152232,0.204113,0.193876,0
0.176933,0.0893002,0.221268,0
0.124955,0.180229,0.16171,0
0.221557,0.0857549,0.13662,0
0.159732,0.0739186,0.119237,0
0.171446,0.197565,0.132997,0
0.180941,0.0381864,0.136325,0
0.161431,0.0518304,0.130208,0
0.140531,0.157427,0.201947,0
0.145075,0.0632099,0.171608,0
0.146773,0.0190785,0.134468,0
0.217199,0.0324846,0.184223,0
0.16837,0.125728,0.220085,0
0.168341,0.190622,0.127995,0
0.223246,0.153369,0.113184,0
0.152012,0.0501156,0.203796,0
0.17078,0.135571,0.146386,0
0.134219,0.175706,0.120917,0
0.183875,0.195301,0.164518,0
0.112046,0.0540206,0.224836,0
0.151277,0.104046,0.10837,0
0.150493,0.100059,0.174328,0
0.158838,0.115672,0.175384,0
0.168862,0.123632,0.18502,0
0.115626,0.220005,0.183102,0
0.126458,0.125906,0.19945,0
0.174315,0.213783,0.133736,0
0.162877,0.148366,0.208728,0
0.206805,0.191452,0.170373,0
0.145902,0.202978,0.152911,0
0.119263,0.11342,0.155367,0
0.129509,0.0756923,0.138526,0
0.208677,0.185702,0.184189,0
0.199038,0.174737,0.188442,0
0.197627,0.112182,0.109347,0
0.185251,0.156333,0.144549,0
0.198298,0.0154122,0.13936,0
0.162603,0.0373799,0.173793,0
0.191979,0.187052,0.188498,0
0.151322,0.183449,0.110828,0
0.177616,0.124712,0.169177,0
0.148593,0.184998,0.202775,0
0.120371,0.220875,0.185216,0
0.172483,0.186718,0.214451,0
0.151911,0.159743,0.178852,0
0.140599,0.131778,0.149779,0
0.121688,0.133019,0.176797,0
0.210706,0.0946111,0.209947,0
0.200796,0.220021,0.207359,0
0.163243,0.223533,0.142939,0
0.145285,0.0975669,0.15003,0
0.212171,0.137722,0.188361,0
0.138324,0.168962,0.198582,0
0.156652,0.119261,0.20637,0
0.182735,0.108828,0.123642,0
0.194217,0.0295035,0.206552,0
0.1891,0.13014,0.139745,0
0.136954,0.0354289,0.111556,0
0.142618,0.212906,0.19148,0
0.120758,0.0225717,0.140529,0
0.214299,0.163811,0.198663,0
0.201114,0.209653,0.180975,0
0.128706,0.0958047,0.205078,0
0.14139,0.0373245,0.11065,0
0.149008,0.130258,0.150936,0
0.199646,0.212057,0.174266,0
0.150479,0.0845708,0.215208,0
0.149315,0.0380476,0.223143,0
0.122219,0.0580423,0.135164,0
0.172414,0.210164,0.208046,0
0.146155,0.138139,0.107812,0
0.120357,0.161633,0.194357,0
0.198078,0.116629,0.186886,0
0.148099,0.20117,0.171947,0
0.222902,0.108251,0.218394,0
0.15274,0.191656,0.16191,0
0.117783,0.187982,0.187465,0
0.189956,0.162989,0.168199,0
0.142913,0.039861,0.215397,0
0.217787,0.0405357,0.178056,0
0.20295,0.00676471,0.187874,0
0.186209,0.039188,0.170619,0
0.174785,0.117252,0.21623,0
0.139361,0.0976585,0.213611,0
0.127466,0.13572,0.187801,0
0.19528,0.0861479,0.17528,0
0.112717,0.15779,0.116573,0
0.199832,0.200133,0.110445,0
0.110136,0.165748,0.201762,0
0.110108,0.142795,0.21394,0
0.109002,0.0205533,0.184963,0
0.180801,0.182406,0.107515,0
0.0456651,0.137149,0.208818,1
0.0595458,0.182045,0.17246,1
0.073799,0.155867,0.185892,1
0.0480185,0.0692519,0.125601,1
0.04028,0.194898,0.19988,1
0.0548898,0.219517,0.139026,1
0.0669709,0.207437,0.119594,1
0.0510044,0.159065,0.21272,1
0.0276689,0.166246,0.177852,1
0.0229664,0.151428,0.179644,1
0.0134088,0.120165,0.162582,1
0.0212754,0.150869,0.168348,1
0.051656,0.0980769,0.124867,1
0.0333237,0.144543,0.21651,1
0.0357967,0.169593,0.210884,1
0.00339255,0.206382,0.177872,1
0.0779905,0.16939,0.120794,1
0.0100949,0.176753,0.173941,1
0.0474933,0.203328,0.125885,1
0.081597,0.0361017,0.13361,1
0.0603571,0.119815,0.107082,1
0.0378294,0.123528,0.21581,1
0.0620943,0.184307,0.174562,1
0.0609113,0.155231,0.165982,1
0.0524419,0.0238555,0.219323,1
0.0189122,0.123199,0.144666,1
0.00335116,0.11613,0.14185,1
0.010559,0.20111,0.210699,1
0.0626522,0.161928,0.192391,1
0.013868,0.222072,0.145955,1
0.0663332,0.184551,0.167746,1
0.0636109,0.132538,0.184803,1
0.0785005,0.0708886,0.183261,1
0.0655799,0.124315,0.107838,1
0.0806011,0.190724,0.207022,1
0.0997353,0.0785248,0.148371,1
0.00376298,0.148054,0.215422,1
0.061488,0.0062841,0.200812,1
0.0540605,0.054981,0.140848,1
0.0128736,0.161847,0.150485,1
0.0494278,0.193856,0.216172,1
0.00738442,0.108384,0.153459,1
0.0152546,0.13214,0.198849,1
0.00985249,0.026716,0.141552,1
0.00972241,0.0832415,0.152294,1
0.0248999,0.199904,0.22082,1
0.0560037,0.201905,0.129275,1
0.0366946,0.184404,0.18833,1
0.0529759,0.0358638,0.134994,1
0.0320429,0.216146,0.220651,1
0.000505264,0.0738346,0.200451,1
0.0760489,0.144845,0.149943,1
0.0981868,0.085897,0.191946,1
0.0456088,0.184549,0.166435,1
0.035514,0.0146002,0.166916,1
0.0852222,0.125734,0.223154,1
0.0829147,0.0728679,0.222934,1
0.0103858,0.179082,0.144728,1
0.0528004,0.0753686,0.11507,1
0.0125874,0.131365,0.170228,1
0.04006,0.123495,0.151792,1
0.020878,0.221442,0.218241,1
0.073863,0.201521,0.158705,1
0.0725834,0.142979,0.10657,1
0.00238255,0.117767,0.210568,1
0.00392236,0.127653,0.18644,1
0.0741821,0.220132,0.139031,1
0.0702947,0.135934,0.222289,1
0.0724274,0.131781,0.167465,1
0.0634059,0.217203,0.215686,1
0.0934874,0.0548858,0.210794,1
0.0770698,0.164056,0.198056,1
0.105642,0.188183,0.121126,1
0.00569056,0.0393593,0.172144,1
0.0749684,0.0963336,0.10955,1
0.0934896,0.168839,0.21034,1
0.0156165,0.0488865,0.219599,1
0.026143,0.035741,0.115931,1
0.0950436,0.213008,0.171507,1
0.00799961,0.121794,0.155078,1
0.101219,0.205195,0.143761,1
0.0967032,0.144528,0.221827,1
0.0924652,0.0434176,0.137055,1
0.0917255,0.221008,0.125938,1
0.0050148,0.114557,0.161703,1
0.0974466,0.183743,0.123825,1
0.00299333,0.0545971,0.131599,1
0.0971435,0.169019,0.188185,1
0.0900929,0.0602649,0.119153,1
0.0600649,0.0192802,0.197852,1
0.100646,0.122677,0.145293,1
0.101107,0.11323,0.199259,1
0.0877715,0.103837,0.151979,1
0.00530403,0.000222531,0.181953,1
0.0974185,0.105505,0.192681,1
0.100994,0.173442,0.123753,1
0.0945438,0.0379902,0.185361,1
0.0497171,0.0179209,0.18869,1
0.0614867,0.0670013,0.149574,1
0.100467,0.113005,0.199398,1
0.0755658,0.167917,0.199737,1
0.0805842,0.118542,0.208583,1
0.0758331,0.0600533,0.151628,1
0.0977374,0.139322,0.181823,1
0.0776288,0.102172,0.172711,1
0.0574913,0.00366049,0.162828,1
0.00658506,0.0460698,0.175829,1
0.022183,0.114097,0.213734,1
0.0501426,0.0226968,0.139631,1
0.0709618,0.114114,0.157608,1
0.103251,0.186573,0.155487,1
0.104592,0.200967,0.130454,1
0.102566,0.177973,0.17246,1
0.0759508,0.118689,0.108374,1
0.0906781,0.157232,0.202294,1
0.0391474,0.0840995,0.13097,1
0.0338569,0.04679,0.132771,1
0.101392,0.159086,0.114864,1
0.0300393,0.0862326,0.14813,1
0.0537181,0.101218,0.157753,1
0.0310948,0.206453,0.106801,1
0.0765681,0.0780439,0.107047,1
0.0102001,0.0562251,0.106652,1
0.155875,0.0314899,0.0235156,2
0.139864,0.0933779,0.0444898,2
0.184616,0.0956385,0.0175498,2
0.114755,0.0280746,0.000337575,2
0.0787511,0.145819,0.0775321,2
0.0959199,0.0287282,0.0965699,2
0.196138,0.0903741,0.0573717,2
0.0754518,0.12046,0.0115104,2
0.139576,0.0108096,0.0331562,2
0.109305,0.10701,0.0751163,2
0.179891,0.0648159,0.0199415,2
0.0998612,0.0856859,0.0433595,2
0.0933354,0.0313017,0.0205821,2
0.0853441,0.0304448,0.101441,2
0.200189,0.0110409,0.0323637,2
0.176761,0.0568393,0.080827,2
0.132915,0.0163433,0.000265765,2
0.108622,0.108242,0.00406686,2
0.0965907,0.0388944,0.0474663,2
0.106764,0.106155,0.0507743,2
0.095144,0.121787,0.0096913,2
0.106337,0.0367631,0.0751163,2
0.0882156,0.112802,0.0542036,2
0.0861625,0.0345462,0.0133243,2
0.102231,0.00604819,0.103242,2
0.0790598,0.132446,0.0148909,2
0.17904,0.104721,0.000909002,2
0.0801693,0.0293554,0.0561259,2
0.0892771,0.0901214,0.0527884,2
0.0757571,0.0597333,0.032465,2
0.165199,0.0966085,0.0441943,2
0.0802756,0.0288474,0.0234327,2
0.0934322,0.0300648,0.0910058,2
0.0811716,0.0193822,0.0224364,2
0.132575,0.120668,0.00756353,2
0.164403,0.0134512,0.0607326,2
0.154103,0.0692832,0.0670817,2
0.125692,0.0368591,0.0997637,2
0.213046,0.0267007,0.103567,2
0.144585,0.123428,0.00151702,2
0.139913,0.0190419,0.0544271,2
0.0792772,0.00754411,0.0113846,2
0.108192,0.106587,0.087891,2
0.181554,0.102935,0.063616,2
0.204736,0.0638544,0.0972968,2
0.0786848,0.106869,0.0342495,2
0.19879,0.126419,0.0339112,2
0.0938472,0.192142,0.0993264,2
0.113318,0.157925,0.0883418,2
0.202445,0.0516342,0.0340072,2
0.205271,0.216446,0.0337703,2
0.204177,0.106632,0.000943269,2
0.192687,0.132509,0.0319612,2
0.152684,0.222024,0.0980209,2
0.184287,0.157787,0.0724748,2
0.211042,0.222761,0.0794334,2
0.114151,0.0326638,0.0671197,2
0.158184,0.0111937,0.0457098,2
0.143994,0.199198,0.0288859,2
0.150856,0.0640571,0.0346696,2
0.107987,0.0507197,0.0122034,2
0.118241,0.180386,0.00915882,2
0.19178,0.197685,0.0679792,2
0.185987,0.162983,0.0145571,2
0.0775454,0.089132,0.0282074,2
0.160461,0.200452,0.0212641,2
0.139581,0.222815,0.0326464,2
0.203311,0.129486,0.0626609,2
0.119241,0.158844,0.0326076,2
0.176457,0.145847,0.0101694,2
0.220429,0.192878,0.0381139,2
0.163451,0.00792283,0.0529048,2
0.169802,0.0139939,0.0676442,2
0.108343,0.164869,0.00545672,2
0.222235,0.0433245,0.0925965,2
0.16626,0.181734,0.0162099,2
0.193667,0.0835126,0.00711229,2
0.145189,0.0037366,0.0688036,2
0.215352,0.0456372,0.0106816,2
0.110698,0.0110979,0.102579,2
0.139187,0.107295,0.0865004,2
0.16384,0.0499189,0.0867184,2
0.206731,0.207193,0.0877966,2
0.126487,0.0132199,0.0828865,2
0.154328,0.178811,0.0789958,2
0.184233,0.175465,0.0961099,2
0.194548,0.212582,0.0170591,2
0.145855,0.0841349,0.0389644,2
0.206028,0.143651,0.0864555,2
0.177981,0.114001,0.0946761,2
0.0940383,0.155652,0.0806893,2
0.154068,0.167214,0.103541,2
0.16863,0.03932,0.0228984,2
0.189181,0.0990129,0.0300398,2
0.189369,0.209104,0.0517844,2
0.18522,0.0156936,0.00614447,2
0.198725,0.0117999,0.0127026,2
0.141567,0.126333,0.073051,2
0.186893,0.0387229,0.00170006,2
0.139056,0.138405,0.0112339,2
0.132218,0.116168,0.0131862,2
0.185843,0.0931719,0.0289114,2
0.191926,0.0482239,0.0669277,2
0.188922,0.0862257,0.0922623,2
0.157616,0.0093393,0.0846355,2
0.192238,0.0343208,0.0580892,2
0.219172,0.19577,0.0882185,2
0.214105,0.15081,0.0279526,2
0.211428,0.166502,0.0413342,2
0.156699,0.216164,0.0174704,2
0.165803,0.148286,0.0972455,2
0.120153,0.0273735,0.0782715,2
0.151784,0.0688952,0.087683,2
0.223114,0.0643303,0.096497,2
0.196437,0.00582914,0.0771657,2
0.214722,0.139478,0.0626465,2
0.105507,0.195323,0.0832282,2
0.119502,0.142199,0.0365566,2
0.0796325,0.168789,0.045171,2
0.0910574,0.213525,0.045852,2
0.0904121,0.209259,0.00126482,2
0.0912832,0.202547,0.0273025,2
0.0848547,0.202161,0.0469271,2
0.0763445,0.0724416,0.0494729,2
0.198099,0.142723,0.105539,2
0.0338736,0.214521,0.100805,3
0.00321084,0.22092,0.0536194,3
0.0430361,0.148703,0.0963075,3
0.0266411,0.185868,0.00885826,3
0.0231499,0.223612,0.105432,3
0.00466038,0.127984,0.0625744,3
0.0281475,0.185078,0.00690562,3
0.0574206,0.170953,0.0586519,3
0.0713906,0.154369,0.0781978,3
0.0674464,0.0441171,0.0826553,3
0.0334633,0.185602,0.0156541,3
0.0307336,0.182858,0.0158789,3
0.0251877,0.222867,0.00956361,3
0.0260118,0.184671,0.0124454,3
0.0312076,0.182761,0.0144424,3
0.0521847,0.0675718,0.0874504,3
0.000144929,0.185482,0.0921509,3
0.0518447,0.017738,0.0351072,3
0.0547141,0.20835,0.105205,3
0.053824,0.0756956,0.0587371,3
0.0278107,0.12245,0.0536039,3
0.0309698,0.126038,0.0177112,3
0.0071494,0.0919954,0.102182,3
0.0607183,0.162242,0.0808565,3
0.0261428,0.182531,0.00808325,3
0.0279656,0.184885,0.0121442,3
0.0261624,0.0785548,0.0726477,3
0.0295562,0.181201,0.00863117,3
0.0661342,0.117087,0.0319752,3
0.0704257,0.0823419,0.0437167,3
0.0236683,0.182033,0.00922584,3
0.0387619,0.00787816,0.0621154,3
0.0250518,0.140347,0.0236333,3
0.0330842,0.182453,0.0125896,3
0.0337306,0.186282,0.0107037,3
0.0538196,0.123626,0.0485073,3
0.0712465,0.0746686,0.0754733,3
0.030763,0.189231,0.00750824,3
0.0553985,0.198451,0.0341564,3
0.0314628,0.181706,0.0103306,3
0.0283235,0.181256,0.00620158,3
0.0394094,0.189007,0.0991944,3
0.0300501,0.184222,0.0114699,3
0.0437388,0.0278247,0.104131,3
0.0348667,0.186147,0.0088833,3
0.00502199,0.0659168,0.04454,3
0.0281028,0.183874,0.00810307,3
0.0344616,0.186905,0.00904486,3
0.0310259,0.187287,0.00683564,3
0.0305033,0.18387,0.0146218,3
0.0205802,0.183333,0.0346204,3
0.0573295,0.155488,0.0604375,3
0.0403423,0.0910312,0.0305336,3
0.0398553,0.201033,0.0391888,3
0.0287548,0.186475,0.0135401,3
0.0498635,0.101416,0.0125436,3
0.0334729,0.180736,0.00640828,3
0.0309111,0.1894,0.00705478,3
0.013718,0.0308899,0.0443508,3
0.0341955,0.18396,0.00917716,3
0.0281794,0.185421,0.0139933,3
0.0354934,0.189944,0.0447219,3
0.0253784,0.133384,0.0425543,3
0.0416879,0.0996565,0.0450504,3
0.0320952,0.184857,0.00881809,3
0.0100622,0.0324303,0.040147,3
0.0281182,0.180575,0.00603558,3
0.0145773,0.0943833,0.0396324,3
0.00777434,0.097866,0.104062,3
0.0187862,0.16683,0.0950559,3
0.0299036,0.189864,0.0124831,3
0.0010726,0.175376,0.0571314,3
0.0629247,0.145936,0.046969,3
0.0380865,0.0741511,0.0640157,3
0.0186507,0.0291201,0.0206785,3
0.0533161,0.0572946,0.0327258,3
0.0685599,0.106298,0.0789344,3
0.0163497,0.0213681,0.00623943,3
0.0519398,0.0384293,0.0963972,3
0.0303181,0.182424,0.0122952,3
0.026129,0.186764,0.00937587,3
0.0506335,0.201768,0.0855271,3
0.0454263,0.04156,0.0439951,3
0.029417,0.179847,0.00849681,3
0.029406,0.188811,0.00301918,3
0.0236801,0.191828,0.0806313,3
0.0725828,0.1851,0.0228373,3
0.00493393,0.092767,0.00868369,3
0.0283977,0.185685,0.0127771,3
0.070855,0.0867249,0.100541,3
0.0291883,0.182523,0.0121848,3
0.0310176,0.188785,0.0111904,3
0.0148705,0.177717,0.102382,3
0.0403212,0.0172039,0.0200236,3
0.0626249,0.0499601,0.00134782,3
0.000103424,0.222627,0.0077699,3
0.032012,0.180909,0.00478503,3
0.0297746,0.191613,0.00806829,3
0.0314243,0.185164,0.0096004,3
0.0222919,0.150199,0.0526465,3
0.0303945,0.185351,0.0151414,3
0.031606,0.185215,0.00989048,3
0.00794163,0.0121627,0.046969,3
0.0296598,0.18495,0.0122808,3
0.0179261,0.175381,0.0825627,3
0.0713086,0.167653,0.0848898,3
0.0338507,0.185821,0.0130427,3
0.0172597,0.0332444,0.0180874,3
0.0622083,0.102746,0.0236523,3
0.0266441,0.183284,0.0122408,3
0.0275839,0.185798,0.0100487,3
0.0279112,0.180212,0.0102133,3
0.0311882,0.179008,0.00972717,3
0.00838584,0.147899,0.0338573,3
0.0413295,0.213828,0.0302212,3
0.0297156,0.184609,0.00410507,3
0.0292687,0.187271,0.00787877,3
0.0306333,0.184105,0.00808306,3
0.0579963,0.205086,0.0223127,3
0.0294017,0.0211739,0.0084515,3
0.0467351,0.0715036,0.0422896,3
0.072605,0.109682,0.00464144,3
