x coord,y coord,z coord,rank
0.0289563,0.192824,0.223984,0
0.0334278,0.203053,0.20672,0
0.0701566,0.121726,0.182151,0
0.0406485,0.219157,0.092882,0
0.0523049,0.206972,0.135555,0
0.0925106,0.19848,0.209895,0
0.0449077,0.162374,0.0491312,0
0.00856297,0.166125,0.0426419,0
0.00199223,0.130165,0.195125,0
0.00818059,0.208041,0.0357515,0
0.0107814,0.152479,0.157662,0
0.102593,0.11704,0.00429126,0
0.0463114,0.154645,0.0174281,0
0.0545909,0.15384,0.115163,0
0.0829742,0.222337,0.13528,0
0.0111454,0.145225,0.0552057,0
0.0315482,0.185121,0.0386944,0
0.0202057,0.132404,0.0459139,0
0.0752928,0.140218,0.152797,0
0.0535132,0.221316,0.186059,0
0.0630212,0.194886,0.178417,0
0.0219165,0.144004,0.188865,0
0.0261354,0.118549,0.120127,0
0.0125871,0.108336,0.0632221,0
0.087176,0.168947,0.0486506,0
0.031378,0.214399,0.222695,0
0.105739,0.198725,0.0766134,0
0.0478509,0.163116,0.0798835,0
0.0543432,0.190415,0.20262,0
0.0456262,0.182244,0.102449,0
0.0528716,0.111215,0.17109,0
0.00971334,0.156217,0.0810665,0
0.0333597,0.224537,0.0331654,0
0.0277169,0.139249,0.0652187,0
0.0444864,0.129322,0.170674,0
0.0940424,0.161822,0.217608,0
0.0700163,0.155967,0.0205786,0
0.0917758,0.151441,0.166022,0
0.0237819,0.15504,0.0648804,0
0.0757425,0.223857,0.181838,0
0.0769017,0.154694,0.134122,0
0.0585533,0.20913,0.22071,0
0.086436,0.202895,0.0282963,0
0.0564474,0.215699,0.15805,0
0.0586857,0.159485,0.0191675,0
0.0567535,0.121114,0.0981356,0
0.073018,0.185989,0.151039,0
0.024403,0.190129,0.076552,0
0.0566381,0.186607,0.024243,0
0.0648499,0.160731,0.131279,0
0.110371,0.205152,0.10864,0
0.102523,0.144156,0.100659,0
0.0254882,0.126876,0.0860764,0
0.0999286,0.122682,0.0433271,0
0.0861078,0.139223,0.00899301,0
0.106211,0.11985,0.124874,0
0.00937127,0.193601,0.0794055,0
0.0254094,0.165477,0.101973,0
0.0822802,0.208594,0.100808,0
0.0749996,0.22208,0.159247,0
0.0575353,0.121464,0.168808,0
0.0935677,0.131595,0.10185,0
0.0725082,0.14826,0.0657236,0
0.0171088,0.143905,0.0739999,0
0.040997,0.120922,0.138619,0
0.0722625,0.171542,0.0751413,0
0.0219469,0.222856,0.137504,0
0.0788838,0.200421,0.164031,0
0.110779,0.146312,0.178936,0
0.10829,0.117338,0.219771,0
0.0884103,0.120966,0.150404,0
0.11101,0.210351,0.0321809,0
0.0661502,0.211392,0.011982,0
0.108074,0.107984,0.0291472,0
0.0676491,0.151584,0.178034,0
0.103567,0.173502,0.0388616,0
0.0899772,0.164883,0.199498,0
0.00673051,0.197819,0.216345,0
0.112921,0.161091,0.220447,0
0.0606547,0.142331,0.203304,0
0.0262334,0.151656,0.195504,0
0.012665,0.201111,0.171847,0
0.0214009,0.162761,0.128879,0
0.0421991,0.13082,0.190324,0
0.0409973,0.222467,0.207573,0
0.0377163,0.203632,0.206303,0
0.0396435,0.164252,0.205019,0
0.0648873,0.133783,0.197375,0
0.0328437,0.123579,0.145412,0
0.0785863,0.117,0.135389,0
0.104135,0.223984,0.127265,0
0.00968419,0.136982,0.215555,0
0.0475052,0.195801,0.102146,0
0.0933572,0.14164,0.0187366,0
0.0023099,0.166225,0.0270892,0
0.0655487,0.119499,0.0786549,0
0.0846711,0.154531,0.0657344,0
0.0708418,0.125129,0.0868522,0
0.0925998,0.167685,0.0672445,0
0.0979192,0.117344,0.153507,0
0.0371411,0.127505,0.117829,0
0.0999409,0.159769,0.0532743,0
0.0323063,0.19349,0.0740878,0
0.0159049,0.145804,0.091666,0
0.0696197,0.164766,0.00486009,0
0.0555057,0.221114,0.0214521,0
0.0145015,0.22202,0.0376504,0
0.0580355,0.133084,0.0550575,0
0.0991771,0.145841,0.0263013,0
0.0744782,0.172143,0.0578895,0
0.104897,0.197776,0.223085,0
0.108541,0.176713,0.0411354,0
0.00195102,0.192183,0.0638916,0
0.104983,0.11141,0.0495898,0
0.0614741,0.133224,0.0271177,0
0.0239725,0.175337,0.0658474,0
0.109085,0.153965,0.0175718,0
0.0938182,0.210792,0.0922041,0
0.0902259,0.200702,0.059712,0
0.0976773,0.140441,0.0142932,0
0.083895,0.195409,0.00125557,0
0.0742476,0.169566,0.105641,0
0.0664504,0.113109,0.20996,0
0.0739093,0.122201,0.164218,0
0.113235,0.136397,0.025196,0
0.109992,0.180634,0.0514223,0
0.111813,0.167064,0.166013,0
0.113545,0.129647,0.0744947,0
0.138893,0.0187238,0.019515,1
0.121138,0.020547,0.0760961,1
0.213354,0.0779452,0.0533932,1
0.205779,0.0179962,0.105252,1
0.222379,0.101444,0.126745,1
0.172524,0.00420978,0.189022,1
0.221218,0.0582262,0.0226955,1
0.221716,0.0825086,0.049182,1
0.143976,0.0228185,0.0127969,1
0.206492,0.0941793,0.0696229,1
0.218779,0.0381986,0.197356,1
0.104285,0.0243704,0.16488,1
0.12599,0.0993543,0.105356,1
0.14441,0.102155,0.177576,1
0.19635,0.0996465,0.187232,1
0.1753,0.100477,0.0187113,1
0.14103,0.0793355,0.103058,1
0.207721,0.0628633,0.171913,1
0.153409,0.087556,0.202208,1
0.101961,0.0699638,0.00994153,1
0.187802,0.10037,0.055433,1
0.165593,0.0769765,0.0882065,1
0.210962,0.00533418,0.122697,1
0.200092,0.0881565,0.124477,1
0.158114,0.0714807,0.185072,1
0.188584,0.0959612,0.0510886,1
0.140511,0.0101154,0.0813245,1
0.129393,0.028298,0.179281,1
0.220653,0.00470284,0.0995458,1
0.0986595,0.0331365,0.0567263,1
0.167199,0.0264006,0.0513186,1
0.139893,0.0863862,0.22297,1
0.203435,0.0852642,0.188463,1
0.158126,0.0205754,0.122596,1
0.174651,0.00696484,0.193198,1
0.104141,5.8211e-05,0.0195326,1
0.129824,0.0471533,0.00748647,1
0.215608,0.00827417,0.09073,1
0.180175,0.0700915,0.143736,1
0.174056,0.0865458,0.181681,1
0.103276,0.0365326,0.145087,1
0.221759,0.0517445,0.162569,1
0.179812,0.0407012,0.158393,1
0.173005,0.0110396,0.127887,1
0.16982,0.052678,0.158352,1
0.100157,0.0778897,0.0158648,1
0.224964,0.0829784,0.219967,1
0.173455,0.0624618,0.0109255,1
0.215011,0.0827172,0.117724,1
0.222719,0.058688,0.0951236,1
0.167227,0.0870181,0.0776136,1
0.202092,0.0355323,0.156191,1
0.179049,0.0186266,0.00171426,1
0.123735,0.0186819,0.155413,1
0.214478,0.0871794,0.0692377,1
0.104341,0.0404411,0.100276,1
0.160674,0.0184541,0.114059,1
0.183979,0.0167295,0.0535794,1
0.18896,0.0912053,0.0283811,1
0.223464,0.0996606,0.0030269,1
0.175402,0.051532,0.206841,1
0.15216,0.0613885,0.150818,1
0.157267,0.0318791,0.206345,1
0.216761,0.0209085,0.0344066,1
0.141406,0.015413,0.198106,1
0.114197,0.0109813,0.0461463,1
0.102935,0.0428226,0.024754,1
0.223836,0.0881651,0.0448713,1
0.162198,0.0481875,0.133337,1
0.113039,0.0760271,0.143284,1
0.10044,0.0199324,0.183337,1
0.151739,0.0576716,0.170164,1
0.160614,0.000604933,0.1265,1
0.214416,0.0506864,0.100494,1
0.203953,0.05948,0.123041,1
0.138626,0.0120543,0.0186381,1
0.177059,0.0691313,0.207637,1
0.166384,0.100635,0.0661633,1
0.209271,0.0640455,0.177138,1
0.136,0.00601831,0.22342,1
0.109079,0.0355495,0.0810132,1
0.17611,0.0950431,0.109763,1
0.1347,0.00332437,0.049086,1
0.211263,0.0286024,0.0758575,1
0.136065,0.0884615,0.075479,1
0.130539,0.0319531,0.0635026,1
0.121585,0.0939661,0.097851,1
0.133665,0.0186095,0.0181999,1
0.107746,0.0849074,0.125899,1
0.216537,0.000938149,0.185033,1
0.167894,0.0852698,0.206244,1
0.123032,0.0976254,0.0398692,1
0.144152,0.0480214,0.136026,1
0.107338,0.0564804,0.0633278,1
0.105991,0.0461403,0.0231293,1
0.128477,0.0959034,0.175758,1
0.105025,0.0731121,0.147986,1
0.138581,0.0830157,0.115493,1
0.215202,0.0997563,0.164973,1
0.196157,0.0731987,0.0355668,1
0.190581,0.0645802,0.00321262,1
0.192242,0.0716934,0.0806249,1
0.118241,0.0380463,0.0335007,1
0.194511,0.0604605,0.0233159,1
0.119099,0.0393382,0.0698728,1
0.222523,0.040518,0.163172,1
0.11485,0.0121693,0.117937,1
0.177753,0.0866699,0.177946,1
0.222291,0.0589775,0.140412,1
0.19605,0.0600659,0.103468,1
0.208451,0.0070835,0.115326,1
0.213604,0.0737154,0.028254,1
0.162539,0.0342897,0.081765,1
0.113595,0.043768,0.105368,1
0.125021,0.0545993,0.0911146,1
0.187647,0.102072,0.183861,1
0.136953,0.0614034,0.0796876,1
0.182424,0.0870412,0.116518,1
0.126752,0.103896,0.111131,1
0.053258,0.0922877,0.211136,2
0.0901165,0.0114109,0.21222,2
0.0536645,0.0895737,0.213315,2
0.026185,0.102188,0.124615,2
0.0809333,0.0428196,0.150702,2
0.0370825,0.0915922,0.117176,2
0.0518276,0.0889334,0.212701,2
0.0459226,0.0908357,0.212499,2
0.0194836,0.071652,0.107487,2
0.0513162,0.0502575,0.0811136,2
0.0438612,0.0645658,0.0932088,2
0.0647616,0.0421598,0.12004,2
0.0793992,0.030544,0.0894569,2
0.0321395,0.0370013,0.196158,2
0.0481246,0.0773835,0.15489,2
0.0487818,0.0926196,0.206958,2
0.0462385,0.0918954,0.213016,2
0.0867514,0.0983483,0.0612031,2
0.0506429,0.0930385,0.212659,2
0.0260577,0.0160521,0.0842926,2
0.0524084,0.0919493,0.206598,2
0.0814926,0.0340767,0.137887,2
0.0282914,0.0868217,0.0681204,2
0.019706,0.0623767,0.205498,2
0.0567414,0.0552215,0.0669605,2
0.0621219,0.0728474,0.135965,2
0.0714555,0.0505983,0.165466,2
0.0962967,0.0777297,0.0700326,2
0.0400926,0.0859871,0.13295,2
0.0479405,0.0949655,0.213632,2
0.00393311,0.0782775,0.0354997,2
0.00965499,0.0356238,0.0535972,2
0.0481308,0.0916724,0.213252,2
0.0477706,0.0155707,0.0364122,2
0.0158755,0.0494748,0.141322,2
0.0504734,0.0882415,0.210296,2
0.0482948,0.0819702,0.0629991,2
0.0465723,0.0919775,0.207988,2
0.0895855,0.0419132,0.221006,2
0.0588729,0.0499773,0.210476,2
0.0478917,0.0902574,0.210947,2
0.0272142,0.0922099,0.168218,2
0.0745263,0.0802155,0.218098,2
0.0494484,0.0947969,0.215765,2
0.0497535,0.0100093,0.0615084,2
0.0198047,0.0786238,0.111775,2
0.00140855,0.06598,0.0126098,2
0.0504938,0.0920182,0.209929,2
0.0182042,0.0520326,0.117258,2
0.0507661,0.00440179,0.032516,2
0.0492493,0.0923953,0.212095,2
0.00102913,0.0378604,0.0116388,2
0.0609711,0.0563413,0.107413,2
0.0704494,0.0801376,0.00347612,2
0.0522333,0.0937597,0.203324,2
0.00993803,0.0465956,0.150889,2
0.00892552,0.0397649,0.0836058,2
0.0825462,0.00794005,0.0103216,2
0.00758998,0.0075015,0.048646,2
0.0285745,0.0252864,0.123402,2
0.0857445,0.0566628,0.18075,2
0.0785579,0.0599874,0.131591,2
0.0508889,0.0935674,0.211094,2
0.0570781,0.0605134,0.0775417,2
0.0457259,0.0648142,0.0196268,2
0.0130488,0.0819124,0.100352,2
0.0629481,0.0811919,0.105329,2
0.0415212,0.00146213,0.0849221,2
0.0849376,0.0710392,0.141964,2
0.0349983,0.0770235,0.0945886,2
0.0499578,0.0929661,0.207438,2
0.0519488,0.0926818,0.209931,2
0.029809,0.0374751,0.0981672,2
0.0474222,0.100328,0.15026,2
0.050332,0.0897461,0.211083,2
0.0681122,0.047881,0.185711,2
0.0463485,0.0920497,0.139391,2
0.0701551,0.0412974,0.075194,2
0.0254013,0.0348486,0.152523,2
0.0524089,0.0964596,0.213134,2
0.0870228,0.00553432,0.0509268,2
0.00415506,0.0604569,0.0133353,2
0.0139684,0.0701137,0.115977,2
0.049065,0.0896662,0.210133,2
0.0587292,0.0403782,0.128977,2
0.0330849,0.0731734,0.0768567,2
0.030191,0.0149239,0.1332,2
0.0455792,0.092051,0.208567,2
0.0476763,0.0912558,0.21022,2
0.0521529,0.0908314,0.209905,2
0.0477242,0.0871092,0.010252,2
0.055243,0.0937263,0.209389,2
0.0934242,0.078867,0.216733,2
0.0500332,0.0911842,0.21123,2
0.0496548,0.0936424,0.213173,2
0.0469022,0.0939356,0.210627,2
0.0596445,0.00696944,0.128575,2
0.049621,0.0907987,0.214361,2
0.059513,0.058844,0.0679355,2
0.042718,0.0865527,0.092563,2
0.060057,0.0779619,0.223903,2
0.0133612,0.0838553,0.0957963,2
0.050367,0.0915181,0.212255,2
0.0214994,0.0275065,0.204601,2
0.040301,0.0931954,0.211112,2
0.0136042,0.10295,0.0693659,2
0.0428146,0.0181595,0.223437,2
0.0794001,0.0194153,0.14938,2
0.0455253,0.0200988,0.144636,2
0.0767633,0.00387774,0.143736,2
0.0104327,0.0261191,0.218573,2
0.0550798,0.0960004,0.00442173,2
0.0497834,0.0896564,0.212424,2
0.0444169,0.0910385,0.210466,2
0.0163367,0.0443537,0.206537,2
0.0496674,0.0931038,0.210703,2
0.0500533,0.0925205,0.207248,2
0.0473497,0.0944679,0.209595,2
0.0514248,0.0922542,0.20768,2
0.0488734,0.0994655,0.208278,2
0.0495461,0.096953,0.20602,2
0.0456768,0.0987697,0.207664,2
0.0657951,0.0603604,0.123491,2
0.0976003,0.0682172,0.0387383,2
0.0967238,0.0818657,0.16132,2
0.0970939,0.02421,0.0069192,2
0.125307,0.177504,0.00751164,3
0.15573,0.205388,0.0146648,3
0.152032,0.186859,0.120311,3
0.159004,0.115086,0.138433,3
0.125285,0.160095,0.0868906,3
0.196483,0.11,0.22499,3
0.188305,0.138606,0.051854,3
0.143619,0.150753,0.0769401,3
0.190822,0.176427,0.109774,3
0.20006,0.178254,0.0711439,3
0.138867,0.108394,0.126702,3
0.123247,0.106912,0.0875362,3
0.146314,0.17641,0.0850764,3
0.202001,0.13265,0.0221169,3
0.217097,0.208995,0.0851515,3
0.181693,0.122738,0.0310685,3
0.201216,0.109928,0.0746239,3
0.147477,0.132876,0.116625,3
0.128823,0.205454,0.124106,3
0.194095,0.141136,0.0592474,3
0.13685,0.158766,0.108378,3
0.133412,0.185147,0.130928,3
0.206039,0.127461,0.197959,3
0.184517,0.116981,0.222845,3
0.13004,0.155372,0.0305105,3
0.158306,0.119907,0.173602,3
0.145717,0.151628,0.0721862,3
0.200362,0.165266,0.0655342,3
0.165732,0.173989,0.0901275,3
0.120731,0.110675,0.089366,3
0.130016,0.201222,0.197431,3
0.164057,0.105655,0.120711,3
0.130275,0.186164,0.0525935,3
0.214981,0.153229,0.061279,3
0.122411,0.122292,0.108749,3
0.213012,0.155174,0.0598863,3
0.187666,0.222193,0.0356201,3
0.167146,0.15736,0.205015,3
0.1688,0.141767,0.21147,3
0.186559,0.180417,0.0969395,3
0.17731,0.22019,0.0240758,3
0.183266,0.16181,0.162034,3
0.198341,0.149526,0.152312,3
0.139384,0.158381,0.168949,3
0.167192,0.140801,0.218016,3
0.136634,0.222692,0.133238,3
0.14891,0.170781,0.071687,3
0.200087,0.219546,0.169327,3
0.179994,0.140432,0.0296378,3
0.182374,0.223891,0.213898,3
0.135149,0.114318,0.125234,3
0.13779,0.127367,0.103686,3
0.16736,0.107417,0.187952,3
0.221018,0.113537,0.151438,3
0.219848,0.181305,0.140128,3
0.205084,0.143622,0.12876,3
0.214677,0.126885,0.189417,3
0.202293,0.188453,0.14071,3
0.222223,0.128475,0.0928857,3
0.126906,0.164803,0.117105,3
0.209463,0.113213,0.222159,3
0.170326,0.112224,0.204989,3
0.117254,0.13341,0.0649123,3
0.15074,0.204404,0.105305,3
0.158345,0.180498,0.190565,3
0.140054,0.219192,0.205758,3
0.180308,0.188651,0.149854,3
0.222638,0.22056,0.150548,3
0.202978,0.149611,0.0626385,3
0.148652,0.107838,0.118831,3
0.137165,0.161082,0.121215,3
0.163435,0.131975,0.0966295,3
0.146593,0.131968,0.019478,3
0.180852,0.178478,0.0552716,3
0.212176,0.211879,0.12344,3
0.206732,0.142475,0.00955892,3
0.222228,0.164816,0.0295723,3
0.141579,0.156392,0.202206,3
0.184756,0.209092,0.118593,3
0.206758,0.165466,0.0507406,3
0.1753,0.121362,0.084095,3
0.131514,0.11399,0.0595218,3
0.176892,0.160455,0.122588,3
0.160783,0.186028,0.215163,3
0.144371,0.171929,0.053855,3
0.199194,0.138045,0.218894,3
0.126116,0.189429,0.22115,3
0.125201,0.169128,0.164719,3
0.202972,0.217101,0.197296,3
0.118874,0.219606,0.101427,3
0.197822,0.12622,0.197915,3
0.138545,0.160941,0.0667156,3
0.174034,0.200298,0.0836586,3
0.121582,0.149171,0.0136013,3
0.146351,0.111877,0.147957,3
0.177504,0.119468,0.201189,3
0.210321,0.173714,0.0477506,3
0.208127,0.107813,0.206733,3
0.120807,0.154785,0.214134,3
0.165179,0.145727,0.0243256,3
0.212987,0.163486,0.0559642,3
0.174004,0.137167,0.204045,3
0.196748,0.174497,0.00514086,3
0.11559,0.138817,0.175571,3
0.154609,0.208349,0.0776469,3
0.137242,0.208903,0.141674,3
0.129019,0.206456,0.0346159,3
0.224053,0.203968,0.0614242,3
0.113982,0.169564,0.0696241,3
0.195516,0.157937,0.2048,3
0.142746,0.129396,0.0824884,3
0.117514,0.201637,0.0947462,3
0.204682,0.137157,0.090263,3
0.128848,0.163788,0.137615,3
0.162454,0.124997,0.018777,3
0.222703,0.14031,0.214148,3
0.11783,0.132601,0.00405289,3
0.119295,0.171121,0.069331,3
0.124574,0.166072,0.198779,3
0.170183,0.192516,0.0866426,3
0.191582,0.189867,0.0107056,3
0.118532,0.170772,0.0957497,3
0.196073,0.108977,0.0119193,3
0.115906,0.144885,0.170545,3
0.187398,0.112732,0.215632,3
0.125039,0.106546,0.157659,3
0.147597,0.105826,0.0413533,3
