x coord,y coord,z coord,rank
0.182034,0.122619,0.207569,0
0.105496,0.0296649,0.124065,0
0.205515,0.0674988,0.143856,0
0.165597,0.0883224,0.220765,0
0.134252,0.0131002,0.144984,0
0.149123,0.0600464,0.168933,0
0.213998,0.129762,0.136557,0
0.169706,0.191811,0.110034,0
0.191709,0.152145,0.153055,0
0.119561,0.118308,0.191984,0
0.218247,0.209475,0.219762,0
0.106871,0.0138922,0.120171,0
0.129071,0.165938,0.149111,0
0.119043,0.0267169,0.138583,0
0.12795,0.122003,0.132987,0
0.136218,0.18697,0.110088,0
0.13964,0.214474,0.20154,0
0.135576,0.133402,0.188504,0
0.12199,0.11659,0.200747,0
0.113729,0.0253477,0.174627,0
0.158839,0.108706,0.224996,0
0.206598,0.0407335,0.205475,0
0.110966,0.0309706,0.139224,0
0.113205,0.0907622,0.156196,0
0.11219,0.205476,0.133693,0
0.130542,0.114151,0.222808,0
0.202692,0.0946763,0.102944,0
0.224034,0.166519,0.147804,0
0.194106,0.0814826,0.193281,0
0.148618,0.0153899,0.218676,0
0.145986,0.0977632,0.203505,0
0.218538,0.0466469,0.138792,0
0.110115,0.105329,0.113177,0
0.18947,0.0743799,0.165848,0
0.158906,0.0930076,0.175754,0
0.169539,0.0786229,0.194962,0
0.164989,0.0578643,0.159977,0
0.184089,0.0166173,0.220305,0
0.216905,0.0920857,0.143526,0
0.128397,0.112172,0.129015,0
0.113299,0.193419,0.10567,0
0.136227,0.0390241,0.192348,0
0.168329,0.146988,0.203151,0
0.163032,0.210409,0.208927,0
0.186967,0.167502,0.160575,0
0.13093,0.0684025,0.2098,0
0.169464,0.198359,0.118131,0
0.217564,0.159721,0.131365,0
0.149253,0.0423018,0.189024,0
0.19226,0.137219,0.171851,0
0.143363,0.113776,0.165853,0
0.121828,0.145335,0.172176,0
0.158996,0.101058,0.146243,0
0.17548,0.0805973,0.147822,0
0.127299,0.0238883,0.139458,0
0.174788,0.193244,0.16293,0
0.138478,0.20362,0.135246,0
0.142994,0.0157723,0.105375,0
0.212503,0.0057676,0.155541,0
0.111162,0.10728,0.203097,0
0.164706,0.205716,0.13029,0
0.160754,0.132831,0.214754,0
0.125575,0.041465,0.145802,0
0.218498,0.0454206,0.18206,0
0.1149,0.208561,0.109467,0
0.182893,0.0790075,0.182114,0
0.207141,0.123687,0.170892,0
0.184607,0.148586,0.154649,0
0.16038,0.123739,0.158099,0
0.179777,0.0175878,0.221929,0
0.112642,0.115363,0.107573,0
0.212023,0.217797,0.203765,0
0.198048,0.127188,0.192214,0
0.206631,0.17286,0.112909,0
0.116024,0.144064,0.157644,0
0.190854,0.115961,0.117999,0
0.212909,0.134391,0.116605,0
0.182388,0.132971,0.160308,0
0.174491,0.0719102,0.106825,0
0.202266,0.124465,0.224694,0
0.104142,0.102034,0.154206,0
0.16297,0.173302,0.217289,0
0.21775,0.223119,0.196081,0
0.119441,0.216813,0.118959,0
0.156981,0.158188,0.195692,0
0.204425,0.19974,0.144214,0
0.156719,0.19886,0.222605,0
0.194588,0.219605,0.177931,0
0.116387,0.211983,0.21571,0
0.223239,0.182289,0.102947,0
0.157073,0.126972,0.215898,0
0.19769,0.169535,0.118307,0
0.17173,0.0504182,0.106963,0
0.212721,0.109712,0.147634,0
0.129539,0.0538545,0.211727,0
0.170697,0.192033,0.106647,0
0.185544,0.145574,0.175426,0
0.124214,0.00340616,0.171993,0
0.107784,0.133249,0.104311,0
0.155265,0.101454,0.165378,0
0.118348,0.0927543,0.11357,0
0.107327,0.132626,0.103519,0
0.183717,0.217513,0.195585,0
0.177455,0.0584147,0.20592,0
0.111986,0.059261,0.222007,0
0.178077,0.175586,0.13965,0
0.180909,0.0329416,0.220891,0
0.20579,0.067738,0.221359,0
0.176965,0.0519467,0.17386,0
0.214873,0.191241,0.127694,0
0.188874,0.0796468,0.195716,0
0.168357,0.0954423,0.155722,0
0.135272,0.0989314,0.137735,0
0.128698,0.0206028,0.14312,0
0.180088,0.011178,0.224014,0
0.159574,0.092108,0.139151,0
0.140926,0.0201072,0.106419,0
0.182104,0.0505084,0.159417,0
0.205388,0.10146,0.211754,0
0.14303,0.00281658,0.201584,0
0.126165,0.0234634,0.138829,0
0.211362,0.0908354,0.192103,0
0.157337,0.0800631,0.108,0
0.104954,0.143913,0.105999,0
0.104327,0.0885991,0.159943,0
0.108455,0.138801,0.10411,0
0.104781,0.134906,0.105878,0
0.105309,0.138456,0.103043,0
0.127251,0.0760121,0.0489274,1
0.11989,0.0296508,0.0261328,1
0.14354,0.0486952,0.0431747,1
0.151254,0.0699232,0.00690922,1
0.140753,0.0367165,0.0450602,1
0.172461,0.066023,0.0410272,1
0.192969,0.0964316,0.0573054,1
0.209878,0.0542925,0.0768196,1
0.107559,0.134565,0.09879,1
0.105131,0.139413,0.0958234,1
0.116212,0.0262323,0.0266073,1
0.102668,0.136076,0.0982287,1
0.105238,0.139138,0.099269,1
0.11789,0.0236115,0.0732587,1
0.103703,0.135623,0.0992639,1
0.104373,0.13874,0.100677,1
0.177478,0.00372688,0.0808334,1
0.128291,0.192777,0.101367,1
0.145843,0.131301,0.0323246,1
0.203055,0.0292414,0.0533352,1
0.105559,0.140338,0.097974,1
0.115087,0.182388,0.0486386,1
0.194954,0.0202003,0.0283202,1
0.219554,0.102753,0.0196466,1
0.105527,0.139506,0.101709,1
0.106084,0.136959,0.0985582,1
0.158143,0.214732,0.0900497,1
0.129818,0.174397,0.0337284,1
0.198192,0.0718001,0.00196845,1
0.103983,0.179606,0.098635,1
0.108602,0.137189,0.0955045,1
0.134905,0.0567253,0.0732197,1
0.218013,0.104298,0.0156821,1
0.188496,0.14692,0.0164908,1
0.145446,0.202993,0.0390298,1
0.203351,0.0224093,0.0853565,1
0.196558,0.222897,0.0349556,1
0.181245,0.159632,0.00395553,1
0.200695,0.202527,0.0205217,1
0.124455,0.105094,0.0580587,1
0.218481,0.0274331,0.0245337,1
0.123918,0.0631342,0.0274753,1
0.102877,0.164424,0.0200382,1
0.176281,0.0885984,0.070389,1
0.191844,0.12466,0.0371284,1
0.133426,0.210696,0.0671586,1
0.161141,0.130998,0.0582062,1
0.154304,0.119081,0.0352317,1
0.112301,0.133737,0.0670941,1
0.198792,0.0704327,0.0115458,1
0.220981,0.118832,0.0978838,1
0.223443,0.123482,0.00317193,1
0.180723,0.117859,0.0626652,1
0.103357,0.140182,0.0977365,1
0.111,0.224959,0.0905425,1
0.132375,0.152569,0.098699,1
0.113807,0.00929475,0.0878049,1
0.218658,0.111717,0.0315759,1
0.142454,0.175016,0.0493974,1
0.188264,0.167771,0.0852523,1
0.128404,0.18618,0.0275598,1
0.107492,0.122847,0.0203777,1
0.103668,0.138802,0.102047,1
0.18682,0.0056545,0.0233693,1
0.10482,0.139041,0.100597,1
0.127341,0.183212,0.0528659,1
0.107393,0.138155,0.10099,1
0.135905,0.011982,0.0572193,1
0.105469,0.132783,0.0992902,1
0.107423,0.132587,0.0993656,1
0.144626,0.0889696,0.0520963,1
0.149938,0.0688172,0.0399137,1
0.161616,0.053762,0.0252003,1
0.104791,0.199358,0.0243002,1
0.181179,0.0116529,0.0449578,1
0.118827,0.139884,0.0188874,1
0.199014,0.155026,0.0433229,1
0.154935,0.00276112,0.029044,1
0.216596,0.161362,0.0589171,1
0.117118,0.0533628,0.0822449,1
0.145381,0.206612,0.0567334,1
0.211676,0.0757524,0.00314053,1
0.193455,0.107004,0.0742408,1
0.192027,0.144665,0.0293826,1
0.171917,0.0896966,0.0614117,1
0.104125,0.117984,0.0249729,1
0.163796,0.0648149,0.0281723,1
0.183707,0.182172,0.048407,1
0.19109,0.161551,0.07946,1
0.113361,0.190577,0.00193864,1
0.177614,0.0273203,0.0564853,1
0.175788,0.090198,0.00844986,1
0.104349,0.138793,0.101369,1
0.206077,0.132581,0.0285523,1
0.103109,0.136682,0.101039,1
0.192812,0.158859,0.0207741,1
0.21591,0.0247416,0.0276241,1
0.162431,0.129316,0.0843675,1
0.195413,0.00396341,0.0724854,1
0.114901,0.169317,0.0296641,1
0.193206,0.169358,0.0143847,1
0.112027,0.113853,0.0257425,1
0.213562,0.0576026,0.0741962,1
0.207354,0.123796,0.0669422,1
0.107889,0.109145,0.0214133,1
0.214391,0.0373477,0.0680789,1
0.144223,0.110736,0.0604116,1
0.195643,0.0193071,0.101609,1
0.139871,0.123666,0.0863444,1
0.21192,0.110861,0.000822009,1
0.131049,0.0911631,0.0229843,1
0.116808,0.0136501,0.0739,1
0.104667,0.133871,0.0991493,1
0.157529,0.139801,0.0192834,1
0.112387,0.0446487,0.00786248,1
0.102429,0.138062,0.100245,1
0.103843,0.135045,0.0995016,1
0.103301,0.105299,0.0193131,1
0.104864,0.13992,0.102578,1
0.102817,0.195674,0.0216391,1
0.108024,0.13383,0.101847,1
0.104576,0.14017,0.102325,1
0.100539,0.0803631,0.0402711,2
0.0975602,0.130083,0.100771,2
0.0986609,0.0999161,0.0998889,2
0.100711,0.13444,0.102897,2
0.0558126,0.00593695,0.019956,2
0.0272492,0.029489,0.0269411,2
0.0993747,0.138365,0.100651,2
0.020153,0.00586877,0.0496592,2
0.053959,0.0647755,0.00403604,2
0.096108,0.13439,0.0941989,2
0.100903,0.166901,0.0916524,2
0.00876945,0.118836,0.0995656,2
0.0880823,0.0279173,0.00430969,2
0.0624695,0.0946776,0.0223396,2
0.0205513,0.0140999,0.0896159,2
0.0968571,0.158423,0.0254935,2
0.0743177,0.215913,0.0908837,2
0.0886524,0.152545,0.0193987,2
0.0905019,0.142386,0.0813226,2
0.0151288,0.194006,0.0363762,2
0.0341432,0.178222,0.0263723,2
0.100713,0.139989,0.0965764,2
0.102082,0.136037,0.0957645,2
0.0449724,0.148529,0.0988991,2
0.00489541,0.101313,0.0822585,2
0.0748378,0.196311,0.0352193,2
0.00674423,0.0379573,0.0941396,2
0.0690025,0.220889,0.0803545,2
0.0312999,0.219822,0.0560152,2
0.0109208,0.193896,0.00784466,2
0.099522,0.132672,0.0970964,2
0.094438,0.0380265,0.0169629,2
0.0332315,0.0585689,0.0468045,2
0.00655665,0.044903,0.0141414,2
0.00225973,0.16331,0.00811441,2
0.0436059,0.171924,0.03321,2
0.00363652,0.22022,0.0563446,2
0.0288507,0.0958455,0.0858973,2
0.0140066,0.0151417,0.089433,2
0.032664,0.0901589,0.00594632,2
0.0758038,0.0404498,0.0572194,2
0.0662631,0.186332,0.0564734,2
0.00247928,0.0435543,0.056628,2
0.0149809,0.026888,0.0478541,2
0.0280359,0.224538,0.0541745,2
0.0192418,0.0368032,0.0200285,2
0.0773739,0.22402,0.0516159,2
0.00171959,0.0263417,0.0752854,2
0.0826599,0.0252519,0.0619473,2
0.0990439,0.0813771,0.0885341,2
0.0299875,0.0894383,0.0802535,2
0.0741342,0.147638,0.0350175,2
0.064222,0.0889122,0.0215177,2
0.0874255,0.20777,0.0757462,2
0.0774523,0.129294,0.04611,2
0.0572209,0.102618,0.0606656,2
0.101505,0.137035,0.0973512,2
0.0746212,0.0445118,0.0833336,2
0.0573136,0.209802,0.0446304,2
0.0730735,0.0739764,0.0763123,2
0.0799,0.194052,0.0983769,2
0.0989283,0.134069,0.0992533,2
0.0959009,0.119153,0.0476666,2
0.0730944,0.158631,0.0277275,2
0.0665969,0.108999,0.0301721,2
0.0101416,0.147,0.0790918,2
0.0997083,0.00806392,0.070539,2
0.00482102,0.190209,0.0806825,2
0.0560083,0.121549,0.0214471,2
0.0414407,0.0387011,0.0221191,2
0.1012,0.143026,0.100754,2
0.102082,0.195206,0.0221523,2
0.0343376,0.0513551,0.0564685,2
0.0716835,0.0283314,0.0240641,2
0.023407,0.104489,0.0750033,2
0.00439497,0.125725,0.0346408,2
0.100017,0.13464,0.0961878,2
0.0778608,0.216722,0.0415397,2
0.0890496,0.111514,0.0716338,2
0.0985362,0.137548,0.0981627,2
0.100111,0.13811,0.100136,2
0.0557527,0.0331427,0.0714583,2
0.053667,0.0170587,0.0629423,2
0.0185681,0.0888787,0.00738748,2
0.0771233,0.0570599,0.020691,2
0.0570549,0.0384804,0.0807722,2
0.0189686,0.0259171,0.0611367,2
0.0687558,0.20733,0.051032,2
0.0244284,0.0462937,0.00761965,2
0.0845512,0.154,0.0223798,2
0.0329609,0.216834,0.054943,2
0.00328354,0.168935,0.0994187,2
0.0531409,0.0827365,0.0887003,2
0.0524425,0.213672,0.0762501,2
0.0984842,0.134749,0.0978601,2
0.0673042,0.143118,0.044476,2
0.0159989,0.0246659,0.0102038,2
0.0719659,0.040008,0.0305188,2
0.0832948,0.0465147,0.00737574,2
0.10048,0.140357,0.102292,2
0.0944552,0.0814177,0.0137772,2
0.0966781,0.137067,0.100981,2
0.0897654,0.101734,0.0742546,2
0.0972758,0.134493,0.0935395,2
0.0358261,0.16562,0.00686975,2
0.0721567,0.175018,0.0807258,2
0.0887686,0.206194,0.0738027,2
0.0599201,0.147168,0.0480753,2
0.0460141,0.178286,0.00427603,2
0.101629,0.131845,0.0994628,2
0.0996515,0.13748,0.100513,2
0.0615783,0.184653,0.032371,2
0.029689,0.200243,0.0766344,2
0.056264,0.0338729,0.0793227,2
0.0977492,0.138138,0.10225,2
0.0422442,0.224421,0.0153422,2
0.093551,0.190768,0.0645435,2
0.0994472,0.139448,0.0992245,2
0.0566422,0.209644,0.0503578,2
0.00930808,0.146824,0.0662316,2
0.101889,0.129456,0.0994597,2
0.0989127,0.114175,0.00647855,2
0.0663443,0.135378,0.100372,2
0.0987855,0.201237,0.0932852,2
0.100795,0.141666,0.096166,2
0.0995197,0.138881,0.0982917,2
0.101929,0.134724,0.0929697,2
0.0994096,0.135753,0.102156,2
0.102273,0.13578,0.0999498,2
0.0399952,0.209579,0.102809,2
0.0718791,0.158056,0.113867,3
0.0973407,0.138921,0.104187,3
0.102459,0.138499,0.107814,3
0.102462,0.135456,0.107968,3
0.10058,0.138182,0.102906,3
0.0869208,0.146939,0.150601,3
0.0652646,0.110317,0.186045,3
0.046348,0.102876,0.188663,3
0.0188629,0.138611,0.168126,3
0.0401265,0.0274648,0.105665,3
0.0786218,0.136022,0.123093,3
0.0983035,0.186071,0.120826,3
0.0388434,0.128618,0.137667,3
0.0513656,0.175301,0.219683,3
0.0787751,0.063461,0.188687,3
0.0060383,0.120739,0.170403,3
0.0776966,0.0539981,0.105095,3
0.0310833,0.0549499,0.120789,3
0.0066636,0.171656,0.150779,3
0.0582765,0.0414491,0.140714,3
0.0351823,0.0846906,0.19579,3
0.0494017,0.108669,0.123878,3
0.0950911,0.108607,0.205391,3
0.0480463,0.035475,0.109276,3
0.0330766,0.219344,0.116711,3
0.0479871,0.126565,0.214396,3
0.0528391,0.0802958,0.121908,3
0.0406755,0.20147,0.136255,3
0.0725742,0.116915,0.185448,3
0.0294271,0.0320251,0.138895,3
0.0568956,0.0808615,0.148839,3
0.0540493,0.175455,0.218487,3
0.0545981,0.204529,0.108547,3
0.0515704,0.0531068,0.213896,3
0.033443,0.1231,0.148421,3
0.0930573,0.0771746,0.214,3
0.00893518,0.199893,0.208121,3
0.0440972,0.0506002,0.170063,3
0.0579966,0.0427627,0.216527,3
0.0251629,0.0474148,0.209377,3
0.00909406,0.0801939,0.122843,3
0.00392672,0.0341469,0.216958,3
0.0151811,0.121992,0.149274,3
0.00799615,0.0534759,0.195944,3
0.0756175,0.142194,0.217317,3
0.0238859,0.166395,0.131111,3
0.0151152,0.0755694,0.139563,3
0.0723656,0.172282,0.129069,3
0.0301756,0.0306054,0.217292,3
0.0761232,0.167238,0.125274,3
0.0263363,0.189548,0.174752,3
0.0917382,0.19916,0.1515,3
0.0897901,0.139636,0.132289,3
0.039551,0.00337053,0.110582,3
0.0980374,0.042433,0.217008,3
0.0704261,0.0551191,0.223111,3
0.0376868,0.0156013,0.222149,3
0.0829478,0.00883546,0.147657,3
0.0482949,0.0171009,0.172802,3
0.0741726,0.169021,0.129101,3
0.0576342,0.181525,0.193018,3
0.0922694,0.082366,0.192403,3
0.0999376,0.142698,0.10475,3
0.059543,0.207963,0.159459,3
0.077913,0.029833,0.186394,3
0.00130169,0.0159119,0.17418,3
0.0627159,0.0238641,0.115345,3
0.0976438,0.0751253,0.145075,3
0.0858711,0.0790571,0.181341,3
0.0115657,0.0986417,0.190985,3
0.00803508,0.10496,0.192951,3
0.046868,0.0656281,0.213835,3
0.0223047,0.165905,0.103528,3
0.0272204,0.157277,0.12872,3
0.0462845,0.192894,0.175322,3
0.0837186,0.118276,0.213026,3
0.103431,0.0692611,0.133196,3
0.0569966,0.12255,0.204224,3
0.100636,0.0158436,0.140448,3
0.0382611,0.127626,0.119476,3
0.0993399,0.208131,0.17401,3
0.0748963,0.18371,0.224912,3
0.0492443,0.222361,0.203617,3
0.00425034,0.139577,0.186733,3
0.0224052,0.164997,0.18671,3
0.00800524,0.0106043,0.155031,3
0.0132097,0.19042,0.153308,3
0.090727,0.0410373,0.212836,3
0.0319674,0.0913217,0.172098,3
0.0671047,0.153618,0.104095,3
0.067081,0.0659774,0.213339,3
0.00672078,0.20184,0.180943,3
0.0598679,0.177468,0.16425,3
0.0668643,0.182485,0.220522,3
0.0821925,0.21337,0.182262,3
0.0364336,0.139263,0.177295,3
0.0703226,0.10757,0.123886,3
0.0966477,0.0395873,0.21218,3
0.0821073,0.045622,0.166607,3
0.0658766,0.0398045,0.150196,3
0.0597884,0.209884,0.113254,3
0.00220467,0.0675411,0.161554,3
0.0455378,0.130718,0.157503,3
0.0373689,0.200381,0.178943,3
0.0240911,0.109985,0.20514,3
0.0214617,0.171169,0.141229,3
0.00725145,0.0831572,0.105033,3
0.0114928,0.00826207,0.133003,3
0.0249296,0.174863,0.182387,3
0.0211241,0.0332938,0.180991,3
0.0383208,0.120381,0.114267,3
0.0548848,0.0135239,0.119359,3
0.044667,0.050486,0.177901,3
0.0559496,0.0791285,0.164441,3
0.00133695,0.0507987,0.216523,3
0.0519442,0.0669448,0.192747,3
0.0989989,0.136516,0.103436,3
0.0960359,0.0262757,0.186739,3
0.00570809,0.0437246,0.202009,3
0.103923,0.0874789,0.109693,3
