x coord,y coord,z coord,rank
0.0654196,0.126073,0.0339077,0
0.184958,0.149441,0.00576249,0
0.0184258,0.190597,0.104425,0
0.115021,0.124961,0.101537,0
0.104068,0.19742,0.00240927,0
0.207617,0.169421,0.090393,0
0.0349788,0.170235,0.0908189,0
0.0298037,0.125859,0.10894,0
0.18807,0.123489,0.0413328,0
0.0817425,0.166516,0.0461365,0
0.0824863,0.199107,0.104932,0
0.131874,0.156269,0.0746754,0
0.0575706,0.166345,0.0332991,0
0.183601,0.159477,0.0129399,0
0.180631,0.203621,0.0824498,0
0.0983193,0.182639,0.054015,0
0.0606372,0.136351,0.00512671,0
0.0314838,0.165128,0.0798316,0
0.0649696,0.19626,0.0994357,0
0.0625157,0.183807,0.111239,0
0.224298,0.172785,0.0737455,0
0.0342822,0.135746,0.07131,0
0.0627119,0.174427,0.0974758,0
0.136763,0.151277,0.0974963,0
0.167693,0.148717,0.0546477,0
0.0189052,0.189285,0.00246909,0
0.216715,0.208009,0.0691418,0
0.0341713,0.141437,0.0554102,0
0.183786,0.130495,0.0112105,0
0.155104,0.137371,0.0138877,0
0.122146,0.208799,0.0769437,0
0.0153059,0.185582,0.11229,0
0.174238,0.218362,0.0590303,0
0.0485369,0.127297,0.0281315,0
0.170849,0.171554,0.0644883,0
0.151423,0.209934,0.0697439,0
0.0620047,0.142614,0.0367922,0
0.0135951,0.217971,0.116594,0
0.0824915,0.178104,0.0424207,0
0.0973863,0.218322,0.0176471,0
0.205066,0.220137,0.0254661,0
0.0262087,0.17446,0.0575884,0
0.0556667,0.215219,0.0744271,0
0.19421,0.140288,0.0126383,0
0.113866,0.130785,0.00507766,0
0.201754,0.12405,0.0888243,0
0.0797822,0.158923,0.080387,0
0.123227,0.193945,0.0392298,0
0.00612584,0.161057,0.0775409,0
0.218199,0.162208,0.033257,0
0.187756,0.131074,0.0267957,0
0.174122,0.220084,0.0535071,0
0.118923,0.217261,0.0750476,0
0.0477065,0.164602,0.0600079,0
0.0502597,0.202745,0.0103175,0
0.12865,0.132448,0.0610399,0
0.0103665,0.12778,0.0191651,0
0.15522,0.184534,0.00392918,0
0.122619,0.210764,0.11412,0
0.194867,0.193398,0.0365666,0
0.121644,0.208081,0.0391854,0
0.174191,0.173751,0.0978238,0
0.0444803,0.121132,0.0200493,0
0.0642292,0.164929,0.0454979,0
0.131117,0.204303,0.0469954,0
0.069772,0.206603,0.0933917,0
0.18263,0.207105,0.023677,0
0.0511471,0.19698,0.037694,0
0.0635799,0.176809,0.010578,0
0.187808,0.177474,0.0805682,0
0.144536,0.14198,0.0777692,0
0.00430599,0.153983,0.0823888,0
0.0541383,0.150749,0.00764222,0
0.0970713,0.122661,0.0628538,0
0.116154,0.124201,0.0955349,0
0.142335,0.155341,0.0804012,0
0.209456,0.184543,0.0941341,0
0.0908326,0.137892,0.0426301,0
0.0333608,0.168193,0.0489357,0
0.198504,0.146679,0.112339,0
0.052476,0.130593,0.0341656,0
0.134077,0.216175,0.114714,0
0.0785766,0.155271,0.0748273,0
0.213133,0.167516,0.0539653,0
0.100131,0.168774,0.0882425,0
0.066555,0.217781,0.0783327,0
0.133796,0.198022,0.0562832,0
0.176686,0.199119,0.0804476,0
0.165926,0.137075,0.0635797,0
0.20619,0.157544,0.110429,0
0.158171,0.145341,0.0298378,0
0.132193,0.221334,0.0540122,0
0.0892297,0.142446,0.00396833,0
0.0934999,0.200105,0.0826866,0
0.083736,0.129798,0.0651948,0
0.00463314,0.197542,0.0405466,0
0.176546,0.206057,0.0755867,0
0.0524684,0.132602,0.0805692,0
0.17124,0.192801,0.0232762,0
0.216935,0.175819,0.0995814,0
0.0175969,0.140138,0.0832802,0
0.182141,0.143602,0.110895,0
0.208823,0.167709,0.0652407,0
0.192142,0.123683,0.0984055,0
0.1809,0.15029,0.0990527,0
0.0330863,0.214014,0.0355,0
0.0314079,0.150553,0.0997196,0
0.208481,0.180171,0.0757303,0
0.077921,0.153352,0.0457403,0
0.0278357,0.224345,0.00931564,0
0.0322402,0.156958,0.087242,0
0.127894,0.17781,0.0881905,0
0.0882762,0.155649,0.00112922,0
0.0313515,0.192745,0.0736811,0
0.0821732,0.128722,0.0895641,0
0.0475499,0.155031,0.030044,0
0.0610979,0.223554,0.0495094,0
0.0354978,0.15063,0.0733615,0
0.175945,0.164777,0.0825711,0
0.0937185,0.214311,0.0892282,0
0.140247,0.133033,0.104673,0
0.0941639,0.182732,0.0900432,0
0.165583,0.204801,0.0977527,0
0.15865,0.215668,0.0137053,0
0.108546,0.131251,0.0505227,0
0.0773642,0.125575,0.0137975,0
0.0337997,0.183719,0.110656,0
0.0854392,0.121185,0.0350463,0
0.115524,0.119754,0.00604106,1
0.199178,0.110544,0.0680663,1
0.130955,0.113549,0.0979217,1
0.084264,0.115429,0.101188,1
0.212116,0.102975,0.0345173,1
0.202404,0.0667619,0.110741,1
0.191116,0.0641029,0.0326805,1
0.179731,0.00507509,0.052811,1
0.118212,0.115994,0.0734322,1
0.160257,0.0265216,0.0535786,1
0.0458674,0.111703,0.0424777,1
0.184985,0.113438,0.000666243,1
0.0291852,0.113537,0.0416975,1
0.215951,0.092542,0.0627332,1
0.153016,0.105504,0.10405,1
0.224892,0.055476,0.00587397,1
0.201288,0.11383,0.0653024,1
0.112437,0.0258815,0.0954914,1
0.134784,0.0435532,0.107151,1
0.114926,0.0965771,0.04614,1
0.00918104,0.115961,0.0760079,1
0.159921,0.0145496,0.0452941,1
0.10599,0.0540335,0.0298299,1
0.145764,0.117181,0.0475132,1
0.0988265,0.118123,0.0396799,1
0.0701902,0.11408,0.0886284,1
0.100402,0.0665193,0.107833,1
0.131119,0.00924763,0.026991,1
0.106737,0.00213034,0.00183545,1
0.0726465,0.0728243,0.0835491,1
0.108347,0.0605551,0.0803474,1
0.195797,0.100133,0.0390302,1
0.170092,0.0854444,0.0783407,1
0.185665,0.0514884,0.012661,1
0.112552,0.101906,0.0285325,1
0.0868358,0.111908,0.104182,1
0.164573,0.0128139,0.0126589,1
0.216839,0.0510066,0.041754,1
0.0104569,0.0888793,0.0483661,1
0.0695079,0.11379,0.0827454,1
0.000734402,0.0791226,0.0317487,1
0.0916464,0.116196,0.00739463,1
0.00215989,0.0190043,0.00829152,1
0.148229,0.0617966,0.0719385,1
0.00224266,0.0123725,0.114496,1
0.181739,0.0519846,0.0406968,1
0.0629531,0.10275,0.00909459,1
0.131165,0.101158,0.00552282,1
0.204183,0.0409385,0.0292373,1
0.218322,0.0286264,0.0413419,1
0.0431696,0.0565149,0.102847,1
0.0325913,0.0821702,0.0810847,1
0.220832,0.0892725,0.0810879,1
0.110472,0.0281315,0.0580816,1
0.148422,0.112502,0.0679577,1
0.184195,0.0585754,0.0317466,1
0.0615105,0.0578665,0.0650292,1
0.165029,0.101211,0.110533,1
0.197248,0.0807952,0.0789571,1
0.0120524,0.0710524,0.0385669,1
0.0310893,0.0281412,0.020152,1
0.0222388,0.0375686,0.0397608,1
0.166731,0.00499611,0.0182822,1
0.219273,0.0352333,0.0342378,1
0.133975,0.0973518,0.0289983,1
0.062298,0.0749338,0.0480628,1
0.00442039,0.0804365,0.0327262,1
0.14005,0.0631097,0.0771145,1
0.0112092,0.0483871,0.000909744,1
0.176392,0.0945075,0.0197839,1
0.196798,0.0501915,0.0304455,1
0.203687,0.0919908,0.0792673,1
0.192456,0.0968923,0.0598794,1
0.0120744,0.0915702,0.0285056,1
0.200963,6.9911e-05,0.0885132,1
0.221654,0.0864865,0.0320265,1
0.0421295,0.0123701,0.0563402,1
0.0775491,0.0877118,0.0707948,1
0.0625087,0.0102722,0.0206242,1
0.101991,0.032424,0.0711902,1
0.00103993,0.0202074,0.0536288,1
0.0978999,0.0850141,0.113159,1
0.0238173,0.102483,0.0100393,1
0.0476893,0.0194223,0.109273,1
0.1741,0.0260707,0.00869442,1
0.0621792,0.0101058,0.0419809,1
0.0494192,0.0662573,0.0325644,1
0.21705,0.0641723,0.0719334,1
0.0814044,0.0312586,0.0240947,1
0.0756758,0.0377795,0.0911093,1
0.188483,0.12009,0.00164838,1
0.109085,0.0840523,0.0292439,1
0.184704,0.00317845,0.116378,1
0.00998004,0.0684849,0.089192,1
0.0538119,0.0425655,0.0149489,1
0.0686291,0.0964176,0.0312832,1
0.00924682,0.058205,0.000383244,1
0.0610911,0.0160844,0.0745739,1
0.0221496,0.0220902,0.0476883,1
0.170378,0.0354023,0.0938384,1
0.155077,0.0158989,0.0123956,1
0.0231944,0.0909696,0.0365463,1
0.205282,0.0443639,0.110237,1
0.0335827,0.00431508,0.030805,1
0.00823834,0.00698586,0.0623746,1
0.0801217,0.0696107,0.0898756,1
0.177068,0.0258985,0.0759016,1
0.0590327,0.00902266,0.10386,1
0.0858922,0.074159,0.0569961,1
0.131742,0.100557,0.0445457,1
0.135492,0.0451128,0.0128058,1
0.0619672,0.10937,0.00970912,1
0.0394304,0.105772,0.107337,1
0.220225,0.0259627,0.0266974,1
0.130763,0.027054,0.0735399,1
0.155091,0.0619155,0.0710077,1
0.181126,0.102642,0.0419424,1
0.184221,0.104116,0.0758582,1
0.22001,0.080349,0.0378546,1
0.140781,0.0241925,0.0845708,1
0.115829,0.0626893,0.00173728,1
0.214347,0.101115,0.0518615,1
0.0918155,0.10773,0.106401,1
0.0557405,0.0951381,0.202407,2
0.109915,0.0180184,0.143145,2
0.222426,0.0300523,0.119479,2
0.0861844,0.0582871,0.22136,2
0.205132,0.0951888,0.145534,2
0.114834,0.00392953,0.172795,2
0.0502819,0.0945197,0.199045,2
0.0541335,0.0966089,0.203536,2
0.0726576,0.0862643,0.223587,2
0.0552562,0.0996004,0.20075,2
0.119803,0.060518,0.216927,2
0.0906626,0.0778833,0.162508,2
0.0301013,0.0370865,0.133393,2
0.153023,0.0151384,0.19408,2
0.101726,0.0703152,0.118028,2
0.203133,0.0844847,0.16116,2
0.0488146,0.100024,0.19755,2
0.0958338,0.0199823,0.197229,2
0.0516042,0.0997543,0.20429,2
0.177718,0.0574466,0.155342,2
0.0576276,0.0974246,0.202776,2
0.179533,0.0844707,0.1564,2
0.0927332,0.0942237,0.208597,2
0.0272061,0.0764305,0.218732,2
0.0508929,0.0926187,0.201247,2
0.00779019,0.0282454,0.178548,2
0.017079,0.0319177,0.170659,2
0.0188515,0.0103622,0.187714,2
0.0334922,0.0471783,0.193342,2
0.0536951,0.0984093,0.201956,2
0.0523891,0.0925657,0.203904,2
0.176123,0.0254643,0.16046,2
0.053355,0.0970516,0.206216,2
0.123062,0.0725516,0.161402,2
0.0838193,0.0876419,0.131683,2
0.0542286,0.0944458,0.20016,2
0.15808,0.0479591,0.130787,2
0.0499698,0.0998419,0.20184,2
0.184911,0.00147312,0.202744,2
0.028651,0.0445966,0.207812,2
0.124026,0.00346564,0.192088,2
0.00772038,0.0415397,0.193719,2
0.0016817,0.0935961,0.21275,2
0.112847,0.0375854,0.182259,2
0.110126,0.0476181,0.142207,2
0.170192,0.0893701,0.143007,2
0.148543,0.0359807,0.164743,2
0.0531223,0.0981223,0.198331,2
0.0779676,0.00627661,0.171045,2
0.17405,0.0890876,0.204467,2
0.0515071,0.0949494,0.200236,2
0.160564,0.0531247,0.186775,2
0.185164,0.0800307,0.216385,2
0.0970863,0.00271056,0.154659,2
0.0555765,0.0984653,0.1982,2
0.0169044,0.0139455,0.209262,2
0.195757,0.0919066,0.169067,2
0.00301932,0.00763805,0.183488,2
0.182899,0.0817593,0.140728,2
0.203601,0.0899306,0.221096,2
0.0798559,0.0993419,0.156109,2
0.150215,0.0148631,0.200735,2
0.055117,0.0959846,0.201249,2
0.00842288,0.00324514,0.185181,2
0.200372,0.0648994,0.209814,2
0.183726,0.0528511,0.119282,2
0.0665295,0.00646207,0.208919,2
0.0757337,0.0959256,0.154613,2
0.197876,0.0353065,0.162659,2
0.220754,0.0551645,0.207345,2
0.0295153,0.0425992,0.149731,2
0.19307,0.0342543,0.138688,2
0.143935,0.0616425,0.210392,2
0.185903,0.0848533,0.224595,2
0.0514538,0.0996976,0.201313,2
0.0270565,0.0810062,0.193859,2
0.123535,0.0158207,0.209136,2
0.164259,0.023885,0.120633,2
0.142593,0.0812213,0.222251,2
0.0523185,0.100458,0.197906,2
0.156593,0.0237209,0.143398,2
0.0273494,0.0415897,0.216166,2
0.0348256,0.0350452,0.190609,2
0.199254,0.0857146,0.202372,2
0.0754858,0.0247829,0.2048,2
0.196325,0.0724801,0.143405,2
0.127026,0.0460925,0.158387,2
0.0509944,0.0970998,0.19743,2
0.0509988,0.0992089,0.201436,2
0.053887,0.0968764,0.204662,2
0.153929,0.0164116,0.216455,2
0.0543782,0.0936442,0.201507,2
0.0768783,0.0232128,0.181477,2
0.0564843,0.095396,0.199759,2
0.0532121,0.096843,0.202303,2
0.0583304,0.0993348,0.201783,2
0.0542534,0.0954553,0.204815,2
0.176782,0.0951439,0.141747,2
0.109792,0.0665409,0.140151,2
0.159493,0.0728616,0.147697,2
0.0910259,0.00111433,0.199842,2
0.198613,0.00231576,0.149806,2
0.217009,0.0397542,0.134917,2
0.141256,0.052341,0.184151,2
0.0653537,0.0659535,0.178591,2
0.0897642,0.0522559,0.221991,2
0.0113712,0.030054,0.191143,2
0.142975,0.0480393,0.218097,2
0.0374966,0.0424528,0.192458,2
0.184305,0.0131863,0.132825,2
0.1418,0.0270363,0.204008,2
0.0471942,0.0220898,0.208767,2
0.14954,0.0982184,0.131673,2
0.0503352,0.0959845,0.197597,2
0.0194702,0.0394589,0.15131,2
0.0515526,0.098151,0.206023,2
0.05108,0.0998919,0.199904,2
0.0516831,0.0936371,0.196073,2
0.054468,0.0923916,0.200128,2
0.157164,0.0326636,0.191964,2
0.0561571,0.0924336,0.201414,2
0.0558747,0.201935,0.15422,3
0.0612995,0.120874,0.13712,3
0.041417,0.218276,0.156163,3
0.00440938,0.148585,0.195522,3
0.119457,0.12948,0.157172,3
0.0623407,0.126844,0.17104,3
0.102451,0.210539,0.131067,3
0.0333,0.193451,0.220988,3
0.0989169,0.165407,0.201785,3
0.068665,0.218266,0.13981,3
0.193538,0.130304,0.219474,3
0.129111,0.173207,0.163726,3
0.00358107,0.209317,0.189515,3
0.00893218,0.123314,0.192096,3
0.111868,0.220595,0.197651,3
0.112621,0.195928,0.163005,3
0.0587517,0.140505,0.215894,3
0.0761358,0.13667,0.176625,3
0.0916584,0.160128,0.163934,3
0.0529996,0.198249,0.157074,3
0.0454861,0.215682,0.156782,3
0.0543925,0.103492,0.198127,3
0.157937,0.191292,0.129097,3
0.142955,0.183211,0.169068,3
0.0296946,0.158167,0.173599,3
0.188798,0.157228,0.205325,3
0.0800909,0.147604,0.171501,3
0.0062512,0.186385,0.171133,3
0.139789,0.141499,0.158763,3
0.0537842,0.100808,0.199601,3
0.143783,0.164555,0.209417,3
0.0175948,0.124862,0.155682,3
0.0543907,0.119044,0.176791,3
0.220632,0.19696,0.189093,3
0.146266,0.174396,0.137761,3
0.191612,0.11267,0.142302,3
0.0242952,0.215423,0.145882,3
0.184436,0.129858,0.165026,3
0.173476,0.169785,0.215484,3
0.158273,0.17588,0.166258,3
0.0320273,0.202847,0.140588,3
0.153463,0.120598,0.118478,3
0.223576,0.203733,0.141161,3
0.201495,0.154151,0.19113,3
0.109489,0.169611,0.179342,3
0.123013,0.13127,0.22073,3
0.186453,0.214457,0.196512,3
0.16441,0.176585,0.224812,3
0.14826,0.118728,0.126674,3
0.0992075,0.13364,0.127766,3
0.211708,0.194465,0.154595,3
0.0375213,0.218424,0.211021,3
0.0200125,0.224649,0.183428,3
0.224775,0.170858,0.18046,3
0.211569,0.177386,0.134259,3
0.156585,0.139239,0.222202,3
0.142251,0.211868,0.156078,3
0.209267,0.215121,0.224176,3
0.142979,0.212794,0.135479,3
0.147496,0.186565,0.192804,3
0.107641,0.187844,0.192187,3
0.00772362,0.21637,0.163377,3
0.0366916,0.210172,0.146643,3
0.0768588,0.143233,0.190978,3
0.106333,0.156499,0.124688,3
0.0378842,0.179713,0.202555,3
0.151663,0.17066,0.199053,3
0.214818,0.181337,0.132267,3
0.126505,0.143301,0.190233,3
0.206325,0.194944,0.127623,3
0.122232,0.151209,0.130399,3
0.0211031,0.143296,0.16845,3
0.043937,0.183459,0.186768,3
0.158407,0.218955,0.121892,3
0.163204,0.16795,0.148325,3
0.0595031,0.220956,0.125604,3
0.0212231,0.204087,0.169177,3
0.125537,0.215971,0.178821,3
0.171942,0.121032,0.155474,3
0.07991,0.209374,0.21446,3
0.179458,0.186068,0.197501,3
0.0292317,0.205954,0.133407,3
0.0949088,0.125827,0.210866,3
0.137235,0.174089,0.192188,3
0.220068,0.122932,0.152995,3
0.0879895,0.206902,0.191108,3
0.0404459,0.141657,0.194831,3
0.187801,0.181699,0.170998,3
0.00559638,0.109499,0.193679,3
0.113626,0.113591,0.121631,3
0.144399,0.108919,0.192968,3
0.119655,0.185175,0.220185,3
0.153478,0.117836,0.206076,3
0.148224,0.205375,0.121689,3
0.222155,0.109621,0.184531,3
0.178871,0.192545,0.224178,3
0.206137,0.106272,0.218256,3
0.149627,0.217818,0.124525,3
0.126907,0.208478,0.150158,3
0.126746,0.20366,0.117886,3
0.14457,0.112979,0.153796,3
0.123779,0.148695,0.178409,3
0.199176,0.192482,0.177076,3
0.178493,0.181302,0.120177,3
0.166505,0.152777,0.218581,3
0.136138,0.132585,0.128807,3
0.207767,0.13673,0.209237,3
0.176456,0.215468,0.124189,3
0.150748,0.167456,0.173391,3
0.00295439,0.111821,0.185815,3
0.0528927,0.101435,0.206361,3
0.0896689,0.119628,0.130335,3
0.197832,0.189594,0.17406,3
0.155735,0.159963,0.142972,3
0.053126,0.10309,0.203595,3
0.178575,0.145808,0.218071,3
0.216216,0.203942,0.190666,3
0.161215,0.158467,0.123513,3
0.158129,0.107516,0.21613,3
0.168534,0.114392,0.206762,3
0.183855,0.218081,0.141786,3
0.0547176,0.102637,0.200838,3
0.153995,0.101803,0.215155,3
0.0550045,0.103375,0.20321,3
0.052417,0.100984,0.199355,3
0.167786,0.103448,0.149667,3
0.0552763,0.101004,0.199428,3
0.190644,0.14352,0.117693,3
