x coord,y coord,z coord,rank
0.0246815,0.113414,0.183657,0
0.0365466,0.0996143,0.179607,0
0.0831275,0.0749591,0.194463,0
0.0382529,0.00184841,0.17792,0
0.0441522,0.132551,0.158579,0
0.0112033,0.0408593,0.21708,0
0.0224737,0.0909408,0.14383,0
0.000765722,0.0460842,0.144857,0
0.063877,0.0539648,0.173882,0
0.0133316,0.0210298,0.216202,0
0.0835752,0.0359289,0.145406,0
0.00486449,0.0572294,0.185937,0
0.0632214,0.100029,0.198646,0
0.0249816,0.0125009,0.200833,0
0.123275,0.122768,0.134192,0
0.0553466,0.0171771,0.136316,0
0.0729336,0.122353,0.130944,0
0.09048,0.0475048,0.169398,0
0.0406477,0.0183223,0.153213,0
0.00662163,0.121205,0.152711,0
0.0809003,0.0970439,0.182723,0
0.0277977,0.089251,0.156421,0
0.220983,0.130844,0.136234,0
0.104184,0.0460248,0.204679,0
0.0390089,0.108533,0.139717,0
0.034735,0.0245689,0.189403,0
0.190628,0.131508,0.132705,0
0.0999047,0.10966,0.149452,0
0.0863036,0.00302744,0.222917,0
0.0226514,0.0816099,0.201219,0
0.0742029,0.0260856,0.222775,0
0.118707,0.0415272,0.159422,0
0.0566502,0.0827611,0.176011,0
0.214081,0.116693,0.155404,0
0.212793,0.00706752,0.222674,0
0.160681,0.00355974,0.170747,0
0.136394,0.0885429,0.18371,0
0.144625,0.0696195,0.223993,0
0.0140343,0.0122999,0.133265,0
0.105673,0.086563,0.184907,0
0.135576,0.0305755,0.222511,0
0.146953,0.0952927,0.16392,0
0.171474,0.103384,0.146921,0
0.0374649,0.0642346,0.152892,0
0.0141687,0.124562,0.17825,0
0.0674727,0.0608014,0.156048,0
0.0484293,0.118085,0.223481,0
0.204519,0.083981,0.17473,0
0.219521,0.0174589,0.214947,0
0.0801196,0.0568654,0.187884,0
0.109112,0.0239504,0.134314,0
0.012685,0.0134362,0.160024,0
0.0680155,0.0382306,0.137078,0
0.0827002,0.0682979,0.216595,0
0.194698,0.0749844,0.168411,0
0.093809,0.061553,0.184657,0
0.0256375,0.0865103,0.195615,0
0.00231417,0.109298,0.205788,0
0.00485776,0.0799404,0.149059,0
0.0494385,0.102555,0.195239,0
0.0940393,0.106068,0.205902,0
0.0936472,0.069666,0.215602,0
0.132739,0.00536983,0.218005,0
0.120852,0.0931484,0.145814,0
0.0624803,0.0510964,0.167808,0
0.106233,0.0366741,0.213413,0
0.0861982,0.122772,0.192907,0
0.223369,0.00050373,0.129755,0
0.154279,0.00993875,0.154821,0
0.176261,0.0856372,0.176296,0
0.219305,0.107405,0.137414,0
0.223231,0.0530497,0.144718,0
0.174762,0.0217904,0.146833,0
0.1749,0.100205,0.174302,0
0.143828,0.0204932,0.161433,0
0.000912055,0.0179912,0.146766,0
0.140398,0.105634,0.163969,0
0.0880551,0.0865703,0.202848,0
0.103305,0.114311,0.22174,0
0.0659278,0.0386634,0.140174,0
0.032255,0.0415948,0.213076,0
0.0979209,0.101424,0.222768,0
0.0703835,0.0723701,0.161102,0
0.174077,0.0617395,0.211963,0
0.214842,0.109317,0.134038,0
0.19552,0.0360874,0.195284,0
0.0348001,0.0949211,0.139812,0
0.0400953,0.0469878,0.145031,0
0.159765,0.0697417,0.135211,0
0.00936739,0.0626124,0.161742,0
0.145602,0.123046,0.143127,0
0.0937701,0.0662412,0.137632,0
0.17013,0.0469466,0.189608,0
0.185719,0.0696764,0.176411,0
0.137031,0.0256143,0.206992,0
0.055744,0.0165845,0.142606,0
0.143807,0.126478,0.147621,0
0.0947156,0.111146,0.146756,0
0.0837358,0.0508711,0.147912,0
0.110944,0.0950216,0.136001,0
0.199132,0.048149,0.187772,0
0.124155,0.032023,0.197617,0
0.204449,0.000239968,0.195797,0
0.0898894,0.0731672,0.213024,0
0.0974842,0.0768083,0.177387,0
0.0868359,0.0181586,0.195889,0
0.217321,0.0131968,0.215946,0
0.0973994,0.0160726,0.143369,0
0.202574,0.0314614,0.193963,0
0.140963,0.0628755,0.173558,0
0.117311,0.0624181,0.193532,0
0.219492,0.0883579,0.1447,0
0.150341,0.110292,0.16002,0
0.209657,0.00206305,0.142406,0
0.210582,0.0181533,0.199571,0
0.0982235,0.118628,0.147952,0
0.109677,0.10695,0.198217,0
0.154964,0.0446643,0.180225,0
0.0751322,0.0971584,0.205795,0
0.129795,0.0171564,0.151862,0
0.15813,0.0230981,0.12921,0
0.115859,0.13386,0.150346,0
0.0176879,0.13408,0.154166,0
0.16875,0.0614286,0.0198946,1
0.14954,0.00182635,0.0405781,1
0.177516,0.0281582,0.0699417,1
0.217491,0.0250782,0.0632479,1
0.0719751,0.069232,0.126342,1
0.0951864,0.0200855,0.113422,1
0.0397386,0.0821293,0.0904318,1
0.220983,0.0674789,0.0141862,1
0.00911563,0.0743343,0.111836,1
0.0445619,0.000851388,0.0201219,1
0.146565,0.0405613,0.0313153,1
0.0664172,0.0449865,0.0775097,1
0.0833777,0.0037178,0.0646505,1
0.127699,0.0557489,0.107901,1
0.158765,0.0994401,0.125852,1
0.000985141,0.0152102,0.0624231,1
0.0300308,0.0114168,0.0125525,1
0.116452,0.0255328,0.12253,1
0.194287,0.00663606,0.0291514,1
0.21286,0.0620377,0.0127528,1
0.158385,0.0794146,0.0693961,1
0.0250642,0.0498657,0.104895,1
0.16558,0.0814601,0.0229844,1
0.154968,0.0313777,0.105664,1
0.212633,0.00876358,0.0510258,1
0.108239,0.117696,0.0877846,1
0.0534005,0.0759046,0.0296039,1
0.0357172,0.106191,0.0575712,1
0.167302,0.0794838,0.031697,1
0.113321,0.089882,0.0387464,1
0.207637,0.019305,0.122375,1
0.149156,0.0633789,0.0356666,1
0.216386,0.0809673,0.0502167,1
0.0465544,0.0544281,0.065285,1
0.0302372,0.0829219,0.098967,1
0.0791901,0.110042,0.0835782,1
0.00345454,0.00748777,0.0692913,1
0.0461375,0.0824784,0.0374161,1
0.147139,0.0931642,0.123778,1
0.170371,0.0802155,0.0516288,1
0.175748,0.10413,0.0679082,1
0.0455333,0.0892129,0.0631949,1
0.077924,0.0391899,0.115269,1
0.0909826,0.0415141,0.121734,1
0.164935,0.100266,0.049889,1
0.103213,0.0278464,0.111161,1
0.183925,0.0317714,0.0433323,1
0.0230631,0.059513,0.0710842,1
0.207665,0.0930804,0.00555044,1
0.0763871,0.116954,0.122143,1
0.0459412,0.0590891,0.0315747,1
0.224822,0.0844133,0.0774524,1
0.125452,0.0571843,0.0198852,1
0.165427,0.101707,0.044604,1
0.0274907,0.073066,0.116834,1
0.00539632,0.00619207,0.0826009,1
0.00283571,0.0487157,0.00290185,1
0.147124,0.037797,0.124177,1
0.0220818,0.0995477,0.00200536,1
0.0375182,0.0789724,0.0445463,1
0.0510411,0.0158939,0.0972589,1
0.203974,0.00264092,0.0416267,1
0.206602,0.0773649,0.0597284,1
0.223352,0.0458125,0.0898921,1
0.110258,0.11517,0.0151043,1
0.0186133,0.00216032,0.119202,1
0.0429046,0.00526235,0.0257533,1
0.218444,0.00178024,0.0986598,1
0.175691,0.0313558,0.102872,1
0.20478,0.0818559,0.0587997,1
0.051192,0.0524573,0.0914318,1
0.116054,0.0587236,0.0899843,1
0.141568,0.117616,0.101563,1
0.15198,0.103728,0.0941898,1
0.0910794,0.104639,0.0437651,1
0.16637,0.0194425,0.100299,1
0.015831,0.112712,0.0936183,1
0.10935,0.0659561,0.0538422,1
0.0387139,0.000942325,0.0107936,1
0.167638,0.11325,0.0456221,1
0.0541971,0.0708283,0.039623,1
0.217437,0.0100991,0.0522147,1
0.0521332,0.0472759,0.08939,1
0.13125,0.0962472,0.0945261,1
0.00253018,0.050239,0.00599641,1
0.134726,0.118041,0.0870811,1
0.0195592,0.0979319,0.0134389,1
0.0972776,0.0613609,0.0228337,1
0.139308,0.0942629,0.112258,1
0.0434215,0.0569171,0.118399,1
0.17049,0.0692711,0.0259907,1
0.160433,0.0912941,0.0197344,1
0.21225,0.0185255,0.0380931,1
0.210775,0.0666162,0.0439074,1
0.0253104,0.0523975,0.00346096,1
0.0239904,0.048017,0.0103719,1
0.0881222,0.0652924,0.121675,1
0.186301,0.0431361,0.0816476,1
0.197109,0.0238981,0.0940814,1
0.0510978,0.0503703,0.0853209,1
0.0488928,0.0945211,0.102265,1
0.118195,0.0362014,0.0234906,1
0.0587965,0.0484881,0.00429446,1
0.0918496,0.0873627,0.124913,1
0.104683,0.114926,0.0230772,1
0.010109,0.0932781,0.112945,1
0.0241275,0.117829,0.00150416,1
0.0135661,0.0517075,0.0999715,1
0.0447065,0.0100567,0.118244,1
0.126184,0.00837097,0.012887,1
0.0637418,0.00271175,0.105225,1
0.138097,0.0341294,0.114658,1
0.0562663,0.0184494,0.102826,1
0.157199,0.00655625,0.119065,1
0.0599399,0.107709,0.000619404,1
0.162222,0.108571,0.10273,1
0.200742,0.0299812,0.0883176,1
0.115628,0.101019,0.055118,1
0.162127,0.103781,0.116176,1
0.166475,0.0764657,0.0399513,1
0.111873,0.0081881,0.0604684,1
0.0549717,0.06694,0.109665,1
0.152065,0.0359416,0.111934,1
0.0368872,0.164789,0.120779,2
0.0186307,0.186873,0.0622849,2
0.08672,0.162356,0.0947961,2
0.00641326,0.191138,0.0230708,2
0.0924904,0.12809,0.0867673,2
0.00664832,0.217512,0.0837514,2
0.036297,0.128923,0.118187,2
0.0648661,0.17031,0.0260995,2
0.162492,0.173984,0.112947,2
0.10819,0.165266,0.0564742,2
0.113761,0.139868,0.119619,2
0.204539,0.211845,0.095829,2
0.156461,0.13333,0.105401,2
0.145504,0.215562,0.0323336,2
0.177171,0.171128,0.0157273,2
0.0151888,0.161216,0.057035,2
0.203938,0.176542,0.063412,2
0.20897,0.143269,0.0126397,2
0.21216,0.157507,0.107866,2
0.164103,0.13186,0.0278092,2
0.149014,0.138214,0.061715,2
0.0210453,0.216409,0.106933,2
0.212735,0.158349,0.0522179,2
0.193338,0.196465,0.00731619,2
0.0332459,0.16054,0.0530071,2
0.152859,0.130682,0.0629396,2
0.221362,0.19256,0.094229,2
0.139685,0.220541,0.12715,2
0.107183,0.181722,0.047775,2
0.193326,0.155049,0.0629003,2
0.138126,0.165078,0.0643244,2
0.0513719,0.148112,0.0162832,2
0.00501256,0.193774,0.122649,2
0.206156,0.186318,0.00601332,2
0.183543,0.218922,0.0677947,2
0.0976346,0.143522,0.0487858,2
0.17861,0.204567,0.0355406,2
0.128038,0.188077,0.0995936,2
0.0112065,0.183095,0.0110165,2
0.11251,0.219293,0.120205,2
0.041365,0.169997,0.0411479,2
0.0682512,0.160617,0.0302596,2
0.158436,0.156614,0.0346403,2
0.223639,0.209935,0.0775973,2
5.99942e-06,0.20692,0.0742538,2
0.00924141,0.21872,0.0349486,2
0.129713,0.143904,0.039331,2
0.184809,0.190531,0.0452048,2
0.14932,0.208457,0.0684732,2
0.0135817,0.180904,0.0276449,2
0.209092,0.202118,0.0847917,2
0.188359,0.131591,0.119143,2
0.159665,0.174882,0.110556,2
0.0207155,0.174284,0.0563336,2
0.00722433,0.152498,0.0386417,2
0.11459,0.186971,0.0761335,2
0.224435,0.146215,0.0363487,2
0.112761,0.174881,0.0387065,2
0.186666,0.215022,0.0715382,2
0.0546279,0.219718,0.0602335,2
0.172963,0.153334,0.0574797,2
0.101875,0.138087,0.0933939,2
0.0871891,0.207679,0.124831,2
0.17549,0.130406,0.0736736,2
0.135785,0.194992,0.0100112,2
0.0216059,0.179723,0.100139,2
0.0655224,0.165098,0.120037,2
0.000385527,0.168651,0.115611,2
0.059528,0.14161,0.0564134,2
0.0754179,0.182252,0.128275,2
0.0152549,0.208292,0.0535416,2
0.0268367,0.202015,0.0676733,2
0.0327447,0.153096,0.0619435,2
0.115908,0.121003,0.100014,2
0.00945534,0.146651,0.032791,2
0.0614309,0.197339,0.122856,2
0.163939,0.156605,0.110729,2
0.214726,0.169656,0.0746686,2
0.0464864,0.223936,0.0506996,2
0.214438,0.21186,0.0292865,2
0.00541384,0.156564,0.0553444,2
0.0405514,0.17633,0.0991435,2
0.0154783,0.190611,0.0261018,2
0.0852904,0.173537,0.0524911,2
0.00314316,0.166488,0.0296799,2
0.0985028,0.156741,0.0816638,2
0.183248,0.181814,0.108614,2
0.151711,0.20432,0.113884,2
0.087817,0.162878,0.0928629,2
0.101485,0.168362,0.0416485,2
0.0194544,0.182409,0.112827,2
0.0983346,0.199302,0.0596483,2
0.148875,0.187209,0.064873,2
0.0505922,0.155392,0.086619,2
0.111618,0.135724,0.0695994,2
0.0642457,0.147489,0.106114,2
0.161228,0.138032,0.0184305,2
0.208126,0.120118,0.0447064,2
0.129397,0.18562,0.109227,2
0.222839,0.205086,0.11744,2
0.102294,0.209103,0.00585093,2
0.182363,0.135573,0.068167,2
0.165027,0.191082,0.0919591,2
0.187083,0.137445,0.0262213,2
0.115777,0.132032,0.0282262,2
0.138723,0.131167,0.0492138,2
0.167616,0.200324,0.0476332,2
0.132699,0.155242,0.0379486,2
0.135553,0.200908,0.0159974,2
0.113794,0.198655,0.0880277,2
0.160853,0.15723,0.0779469,2
0.10019,0.164772,0.0779467,2
0.20842,0.186443,0.125602,2
0.0947887,0.167635,0.0702242,2
0.155286,0.200095,0.118383,2
0.0305327,0.124617,0.11707,2
0.180681,0.122288,0.0114821,2
0.0572389,0.130311,0.0504668,2
0.170958,0.173844,0.0768466,2
0.130032,0.148564,0.126489,2
0.217802,0.122423,0.121682,2
0.134861,0.139292,0.0414536,2
0.166771,0.167237,0.0542559,2
0.0962079,0.212176,0.109499,2
0.15865,0.127065,0.00983117,2
0.0277278,0.12111,0.0390608,2
0.22456,0.121547,0.0818466,2
0.193077,0.120528,0.0155941,2
0.00335046,0.139458,0.216311,3
0.0292067,0.188501,0.139924,3
0.0350134,0.185808,0.133891,3
0.0357339,0.182549,0.136267,3
0.0296743,0.185454,0.133751,3
0.0512468,0.189315,0.20721,3
0.0120678,0.200976,0.219641,3
0.0307838,0.216774,0.192773,3
0.0944281,0.167888,0.196264,3
0.0308738,0.183756,0.131914,3
0.156665,0.223818,0.146737,3
0.0257589,0.224013,0.176309,3
0.0322315,0.185383,0.141061,3
0.0729136,0.163139,0.136216,3
0.0514432,0.184487,0.191481,3
0.0754849,0.181715,0.204798,3
0.191371,0.222618,0.161541,3
0.0523433,0.136223,0.184789,3
0.159056,0.167807,0.131363,3
0.0619274,0.138451,0.143698,3
0.183342,0.155478,0.199452,3
0.172331,0.178071,0.142661,3
0.0338708,0.147825,0.145473,3
0.205493,0.175239,0.184558,3
0.000858597,0.173682,0.146097,3
0.224309,0.167501,0.160069,3
0.0325256,0.184562,0.131792,3
0.126143,0.208665,0.194495,3
0.034569,0.181642,0.13451,3
0.083057,0.219853,0.157992,3
0.182057,0.174926,0.220628,3
0.170018,0.19442,0.216862,3
0.0315925,0.188657,0.137371,3
0.153067,0.163443,0.156516,3
0.110537,0.207517,0.157204,3
0.0280744,0.186812,0.139954,3
0.177721,0.156932,0.158697,3
0.0353192,0.183652,0.139092,3
0.0334522,0.187119,0.137602,3
0.0322459,0.188807,0.140858,3
0.0319709,0.182496,0.138479,3
0.0325424,0.185818,0.135362,3
0.033004,0.181542,0.142418,3
0.028133,0.187161,0.137507,3
0.0388966,0.187359,0.140606,3
0.138588,0.171278,0.172268,3
0.176805,0.148477,0.161343,3
0.0284483,0.183036,0.139198,3
0.0610114,0.134727,0.22468,3
0.0354267,0.182268,0.133079,3
0.142222,0.153251,0.184659,3
0.0310441,0.186949,0.141188,3
0.0295514,0.181434,0.134653,3
0.0353801,0.183444,0.134765,3
0.0309179,0.185223,0.137951,3
0.212013,0.175393,0.184502,3
0.00821283,0.14872,0.13786,3
0.0418961,0.202835,0.144316,3
0.0351046,0.180581,0.13658,3
0.0507578,0.144422,0.155096,3
0.102916,0.152502,0.171807,3
0.062952,0.134684,0.224524,3
0.0324587,0.203148,0.201605,3
0.148322,0.213773,0.132723,3
0.0322741,0.185267,0.132375,3
0.0844608,0.165836,0.140754,3
0.198791,0.139551,0.223725,3
0.185495,0.142103,0.192043,3
0.214955,0.163752,0.159453,3
0.0352906,0.18756,0.138364,3
0.211461,0.186277,0.205607,3
0.0165859,0.183078,0.203248,3
0.0319529,0.183931,0.139634,3
0.0280112,0.186923,0.136324,3
0.172238,0.168732,0.193061,3
0.153486,0.210948,0.141571,3
0.0201815,0.167453,0.196454,3
0.00400096,0.136955,0.139077,3
0.0654901,0.142867,0.134176,3
0.0300312,0.178997,0.144469,3
0.137801,0.145562,0.170822,3
0.0721736,0.153814,0.218163,3
0.035572,0.18342,0.137311,3
0.0351034,0.183277,0.134867,3
0.101287,0.152869,0.20372,3
0.00150559,0.142779,0.158811,3
0.0333058,0.187509,0.1349,3
0.204876,0.180674,0.168328,3
0.0432479,0.151965,0.185714,3
0.190839,0.216492,0.200912,3
0.168091,0.184153,0.195177,3
0.0342255,0.18237,0.134932,3
0.15176,0.191193,0.162808,3
0.196727,0.16809,0.159864,3
0.206934,0.20343,0.134551,3
0.0316253,0.183444,0.134247,3
0.047618,0.139417,0.134995,3
0.0346553,0.18458,0.133318,3
0.152395,0.159307,0.153778,3
0.0974268,0.152455,0.190221,3
0.030743,0.18443,0.13756,3
0.150504,0.1514,0.153388,3
0.0869253,0.199322,0.182427,3
0.186114,0.172043,0.146142,3
0.109848,0.16376,0.189616,3
0.0308268,0.183829,0.131653,3
0.0779457,0.196317,0.198554,3
0.0337097,0.182353,0.137103,3
0.114955,0.178308,0.177025,3
0.0296159,0.194243,0.136933,3
0.0356234,0.188963,0.135515,3
0.0276881,0.189599,0.135466,3
0.116114,0.216992,0.160019,3
0.030092,0.188943,0.137933,3
0.108344,0.181442,0.195079,3
0.0286706,0.186074,0.136814,3
0.0301228,0.180966,0.207629,3
0.134359,0.183297,0.135156,3
0.03156,0.185518,0.133274,3
0.0342108,0.188171,0.135715,3
0.202264,0.207175,0.145225,3
0.0328359,0.180435,0.132123,3
0.118632,0.175099,0.178569,3
0.182507,0.185442,0.215952,3
0.139216,0.177005,0.194939,3
0.21451,0.140208,0.191504,3
