x coord,y coord,z coord,rank
0.0207282,0.15961,0.153311,0
0.0241653,0.163751,0.153493,0
0.0307992,0.145195,0.107876,0
0.0559024,0.175074,0.125665,0
0.0701822,0.184339,0.190421,0
0.0799079,0.219413,0.0601838,0
0.0233321,0.166697,0.15714,0
0.0216384,0.156863,0.0880235,0
0.0376884,0.208221,0.213089,0
0.0820684,0.174876,0.0292904,0
0.0197854,0.165763,0.151808,0
0.0738966,0.214119,0.0691906,0
0.082149,0.175659,0.135756,0
0.0322955,0.136259,0.0183064,0
0.0662172,0.203926,0.0802208,0
0.00597504,0.201108,0.131901,0
0.0476897,0.205636,0.178566,0
0.023509,0.160699,0.154814,0
0.0191972,0.165861,0.154838,0
0.01999,0.160706,0.155907,0
0.0223897,0.156204,0.153123,0
0.0176852,0.165058,0.154326,0
0.0446391,0.154875,0.126158,0
0.0255447,0.164217,0.154448,0
0.0848657,0.170378,0.197161,0
0.0833051,0.214123,0.117902,0
0.00553357,0.197349,0.0761312,0
0.0178554,0.161116,0.159497,0
0.0916217,0.177082,0.12636,0
0.0815572,0.161826,0.177059,0
0.0168415,0.161633,0.157519,0
0.00228417,0.191259,0.0992708,0
0.0242843,0.142424,0.0973287,0
0.0111217,0.180331,0.0479666,0
0.0208001,0.163408,0.1505,0
0.0201328,0.16239,0.15749,0
0.019073,0.156428,0.153747,0
0.0626257,0.204502,0.171431,0
0.0197175,0.157173,0.154748,0
0.0318386,0.156325,0.0400534,0
0.0248405,0.1614,0.161845,0
0.0881181,0.180024,0.011318,0
0.0190872,0.163816,0.154888,0
0.0646732,0.13328,0.18231,0
0.0307116,0.165563,0.0887324,0
0.0336399,0.224178,0.214202,0
0.0505478,0.204291,0.0369063,0
0.0500761,0.162176,0.180916,0
0.070983,0.144552,0.0090284,0
0.0575491,0.171197,0.00999256,0
0.0568041,0.161527,0.179745,0
0.0230318,0.160478,0.156528,0
6.51375e-05,0.210336,0.0757705,0
0.0121005,0.200871,0.0459502,0
0.0208668,0.165077,0.152242,0
0.0203224,0.161701,0.154292,0
0.0358302,0.179855,0.120387,0
0.0889812,0.133131,0.0152335,0
0.0221257,0.164088,0.154105,0
0.0517103,0.219965,0.0976617,0
0.0210391,0.166037,0.159808,0
0.0238836,0.162161,0.15737,0
0.000216502,0.181135,0.0300698,0
0.0654209,0.192206,0.0244592,0
0.0150582,0.158391,0.154626,0
0.0223642,0.161546,0.156958,0
0.0564359,0.159775,0.0183312,0
0.0168978,0.146287,0.0593885,0
0.0173885,0.164224,0.153332,0
0.072023,0.144267,0.11404,0
0.017897,0.164657,0.153621,0
0.00498152,0.197942,0.14358,0
0.0233837,0.163708,0.154529,0
0.0211473,0.161368,0.123086,0
0.0732213,0.169467,0.103486,0
0.0215941,0.162638,0.156983,0
0.0433509,0.210163,0.163077,0
0.0478523,0.13985,0.163894,0
0.0239871,0.163716,0.155052,0
0.0198916,0.158523,0.153624,0
0.0250807,0.162735,0.156155,0
0.0026902,0.16171,0.0169742,0
0.0140107,0.167994,0.0994822,0
0.080875,0.149636,0.171188,0
0.0352769,0.208718,0.14064,0
0.0222375,0.191683,0.116273,0
0.0785051,0.196475,0.0173106,0
0.0178749,0.160517,0.14879,0
0.0210612,0.136516,0.108118,0
0.0215287,0.160611,0.155665,0
0.0946817,0.190493,0.103896,0
0.0208699,0.166328,0.148768,0
0.0138472,0.204436,0.14315,0
0.0231369,0.149506,0.0629242,0
0.0229693,0.15317,0.173465,0
0.015662,0.1588,0.160519,0
0.0182595,0.182633,0.193685,0
0.0249017,0.163466,0.156801,0
0.0238224,0.205163,0.186554,0
0.0750162,0.186714,0.110599,0
0.0191597,0.164399,0.155433,0
0.0961841,0.173531,0.186869,0
0.0215611,0.161008,0.149927,0
0.0525944,0.169923,0.0841004,0
0.0338282,0.21088,0.108153,0
0.0254323,0.151912,0.116733,0
0.00298553,0.201395,0.00722641,0
0.0206932,0.158295,0.160872,0
0.0143311,0.162204,0.154713,0
0.022761,0.162602,0.157704,0
0.0211235,0.157671,0.155464,0
0.0183953,0.161944,0.153595,0
0.0956642,0.201614,0.0101249,0
0.0849391,0.147302,0.104692,0
0.0728062,0.12831,0.127012,0
0.0499578,0.223968,0.194506,0
0.0182914,0.165573,0.154309,0
0.00603897,0.132913,0.139777,0
0.0519949,0.220532,0.145121,0
0.0153918,0.215643,0.193274,0
0.0618845,0.147666,0.199229,0
0.0478434,0.131376,0.116549,0
0.0822603,0.134869,0.172838,0
0.0935066,0.14323,0.0788106,0
0.0173923,0.131698,0.0284803,0
0.0728843,0.128902,0.118182,0
0.034823,0.113069,0.0835236,1
0.0709745,0.116161,0.00661231,1
0.00809269,0.107132,0.164281,1
0.0129364,0.0239984,0.0600157,1
0.0642656,0.0670758,0.0784583,1
0.0669457,0.073316,0.136089,1
0.00277106,0.113745,0.0996693,1
0.0927708,0.00550635,0.0390532,1
0.0306125,0.091234,0.190721,1
0.00680134,0.0488306,0.0688918,1
0.0382769,0.0779418,0.0924868,1
0.0438079,0.115872,0.0611256,1
0.0855291,0.0054897,0.195023,1
0.0887328,0.0890241,0.192537,1
0.0874863,0.105535,0.0462104,1
0.0728668,0.00757125,0.130131,1
0.0817221,0.0378786,0.197469,1
0.0584361,0.0643769,0.142138,1
0.0384552,0.0281927,0.125378,1
0.0591215,0.0649843,0.0625916,1
0.0348511,0.0948786,0.0213994,1
0.106271,0.0734424,0.132708,1
0.00875648,0.116843,0.00263655,1
0.045951,0.0563383,0.154211,1
0.0740257,0.0114754,0.0909564,1
0.0552987,0.0146209,0.0713637,1
0.00113918,0.0297797,0.061131,1
0.000629661,0.0426614,0.157663,1
0.0868547,0.0764896,0.198595,1
0.0413613,0.126115,0.0551707,1
0.00768625,0.00429188,0.0693829,1
0.0996027,0.0791556,0.1937,1
0.00188624,0.126894,0.0412975,1
0.0118345,0.127139,0.0719088,1
0.062579,0.0970126,0.0953233,1
0.00425785,0.0285313,0.220475,1
0.0202975,0.105526,0.223963,1
0.0758601,0.0380715,0.154706,1
0.104502,0.1181,0.111833,1
0.00614837,0.0738336,0.118766,1
0.0226036,0.026794,0.0358504,1
0.0644538,0.00774349,0.0316805,1
0.0323885,0.00440392,0.00186396,1
0.0492471,0.00207039,0.143447,1
0.0256154,0.0853813,0.170005,1
0.0404701,0.100133,0.221665,1
0.00708155,0.0976994,0.128647,1
0.074485,0.0212355,0.0157889,1
0.0391122,0.118222,0.203836,1
0.0312932,0.114925,0.147937,1
0.0883586,0.122065,0.220102,1
0.0323431,0.123731,0.21137,1
0.0152972,0.126968,0.194232,1
0.017586,0.118288,0.118151,1
0.0194718,0.109356,0.151035,1
0.0600192,0.00988427,0.216673,1
0.00673972,0.024621,0.158544,1
0.0297505,0.115575,0.00345928,1
0.0760861,0.038221,0.154845,1
0.0318792,0.075865,0.0519141,1
0.0220426,0.0623588,0.00473096,1
0.0506234,0.0794819,0.202371,1
0.0664251,0.0995191,0.156057,1
0.0313695,0.0803805,0.145126,1
0.037352,0.100602,0.206253,1
0.100577,0.0514363,0.0906231,1
0.0963007,0.094898,0.0102053,1
0.0729494,0.0337671,0.162431,1
0.00116622,0.0452676,0.0471545,1
0.0332473,0.0232267,0.0912677,1
0.0717829,0.0875042,0.051735,1
0.00891912,0.0151268,0.194498,1
0.100186,0.00105448,0.0672922,1
0.0935149,0.103922,0.0933646,1
0.0208225,0.0487505,0.0430358,1
0.0628283,0.00495063,0.0206403,1
0.0814993,0.0662369,0.205623,1
0.0758357,0.0351937,0.035319,1
0.0774654,0.0266143,0.100582,1
0.0960389,0.0825202,0.184393,1
0.0597646,0.032482,0.207983,1
0.0483777,0.101737,0.0751725,1
0.0966149,0.00888277,0.0413072,1
0.0560863,0.127187,0.13222,1
0.101727,0.0670749,0.19264,1
0.0533605,0.117278,0.0922911,1
0.0460331,0.0665911,0.193964,1
0.0718903,0.0379174,0.191556,1
0.102535,0.0731757,0.0650838,1
0.0490291,0.0844598,0.062268,1
0.0179346,0.0484028,0.127989,1
0.00813051,0.0380597,0.160328,1
0.0165686,0.0124753,0.0623002,1
0.0139347,0.0200856,0.0538655,1
0.0976286,0.0605532,0.201928,1
0.053815,0.0107154,0.159065,1
0.0107197,0.0421823,0.114922,1
0.0695927,0.0308122,0.0989272,1
0.0537694,0.0403563,0.0225782,1
0.00122924,0.0958547,0.143105,1
0.0332708,0.0797758,0.161376,1
0.0712581,0.0817388,0.213033,1
0.0127763,0.0328858,0.0259311,1
0.0611668,0.0866762,0.133544,1
0.0241971,0.0193525,0.0557187,1
0.0753217,0.0170547,0.0622714,1
0.073506,0.0434552,0.050492,1
0.0359043,0.102313,0.0502072,1
0.0307819,0.0525446,0.0575824,1
0.0389201,0.0212596,0.157059,1
0.000392412,0.0141261,0.119371,1
0.103628,0.0839101,0.0109463,1
0.0426377,0.00489168,0.180287,1
0.0821379,0.0135065,0.0601672,1
0.0756362,0.081258,0.00690187,1
0.0528064,0.0356214,0.00854851,1
0.0609212,0.119835,0.105364,1
0.0634617,0.0283013,0.213902,1
0.0977442,0.0724135,0.0974924,1
0.0988261,0.0531353,0.120417,1
0.0802924,0.119819,0.0471426,1
0.0960487,0.0217295,0.177476,1
0.0420319,0.00427023,0.115294,1
0.105481,0.107471,0.114785,1
0.218458,0.19384,0.0254185,2
0.179749,0.163641,0.016586,2
0.154262,0.147331,0.124229,2
0.221587,0.149241,0.120963,2
0.195187,0.208124,0.0771125,2
0.107855,0.202808,0.0522959,2
0.18462,0.218588,0.0635679,2
0.13412,0.196196,0.121261,2
0.133131,0.154072,0.108735,2
0.101581,0.178162,0.0319425,2
0.175267,0.1855,0.171568,2
0.161076,0.169327,0.0847694,2
0.107399,0.187298,0.0974037,2
0.215284,0.188424,0.215523,2
0.103125,0.157146,0.191262,2
0.14461,0.204779,0.147769,2
0.121999,0.198289,0.0610036,2
0.146229,0.199195,0.208959,2
0.181254,0.141207,0.088279,2
0.195905,0.152666,0.219834,2
0.122509,0.184227,0.0100933,2
0.205286,0.205907,0.171033,2
0.163197,0.15158,0.00849842,2
0.138983,0.191759,0.0757045,2
0.152643,0.178643,0.0151587,2
0.148432,0.138637,0.22372,2
0.155022,0.201646,0.0778025,2
0.13696,0.137801,0.106221,2
0.154455,0.207362,0.12443,2
0.105808,0.164073,0.00613566,2
0.117964,0.175468,0.0436365,2
0.173976,0.158984,0.116025,2
0.162814,0.178033,0.0627181,2
0.205312,0.156853,0.0129889,2
0.179371,0.164052,0.157742,2
0.138056,0.185657,0.0714652,2
0.217134,0.17881,0.067995,2
0.219749,0.177839,0.165062,2
0.119114,0.197735,0.13119,2
0.181419,0.180107,0.217936,2
0.107384,0.209605,0.12791,2
0.191148,0.165055,0.0182022,2
0.104213,0.211627,0.110385,2
0.111855,0.223228,0.074449,2
0.150144,0.165602,0.000904976,2
0.119439,0.137772,0.0404561,2
0.151199,0.157361,0.0576744,2
0.206044,0.130421,0.0133552,2
0.197412,0.218225,0.036048,2
0.20895,0.174651,0.0576342,2
0.112937,0.223474,0.0990901,2
0.168161,0.13961,0.0633634,2
0.137748,0.149259,0.0183668,2
0.156526,0.196968,0.133094,2
0.179323,0.22194,0.0244123,2
0.148425,0.131285,0.124166,2
0.145948,0.204308,0.062663,2
0.159233,0.14535,0.00912829,2
0.156836,0.206796,0.189731,2
0.142914,0.170167,0.150553,2
0.144886,0.186058,0.138006,2
0.124996,0.137272,0.0881513,2
0.178474,0.14995,0.177044,2
0.128598,0.164112,0.0979431,2
0.105159,0.223169,0.0998338,2
0.198403,0.181054,0.181541,2
0.194007,0.174645,0.0891219,2
0.208921,0.186634,0.0755168,2
0.11969,0.210638,0.113648,2
0.115071,0.144116,0.187817,2
0.113923,0.180134,0.208417,2
0.213646,0.215577,0.149431,2
0.209683,0.127889,0.0817065,2
0.115685,0.16383,0.118835,2
0.196515,0.146459,0.0606943,2
0.111102,0.199283,0.188465,2
0.12253,0.217816,0.100984,2
0.145423,0.158087,0.0628438,2
0.205479,0.21757,0.140063,2
0.099503,0.222692,0.175292,2
0.158037,0.215108,0.114987,2
0.137261,0.195329,0.120637,2
0.170081,0.187361,0.138587,2
0.133106,0.184077,0.187306,2
0.142638,0.130843,0.0617978,2
0.205653,0.209915,0.0582098,2
0.127912,0.21643,0.0245695,2
0.15763,0.188359,0.122231,2
0.160553,0.214232,0.139109,2
0.115312,0.224819,0.173251,2
0.196303,0.200096,0.167384,2
0.216014,0.135661,0.0769399,2
0.207473,0.186516,0.120404,2
0.185196,0.13878,0.0880099,2
0.131908,0.201685,0.0814218,2
0.101122,0.160288,0.179005,2
0.217583,0.142392,0.0311519,2
0.117621,0.131659,0.135417,2
0.130657,0.208467,0.0153853,2
0.14277,0.216393,0.0506512,2
0.160021,0.139349,0.0754827,2
0.140523,0.181326,0.0237926,2
0.189934,0.168925,0.0458105,2
0.109556,0.128724,0.0126167,2
0.0998453,0.172472,0.0236369,2
0.134555,0.192381,0.015671,2
0.136974,0.147301,0.0776476,2
0.144316,0.17702,0.173414,2
0.122753,0.172829,0.133801,2
0.182374,0.176581,0.0135329,2
0.173661,0.16071,0.0953519,2
0.098699,0.1632,0.188741,2
0.103149,0.206654,0.0254569,2
0.120726,0.132832,0.0185589,2
0.106807,0.170922,0.0353859,2
0.193909,0.208018,0.0875171,2
0.202613,0.136775,0.122826,2
0.113047,0.207185,0.167226,2
0.168174,0.183269,0.112324,2
0.196176,0.192336,0.0333986,2
0.0997342,0.175587,0.114372,2
0.123657,0.211171,0.0820365,2
0.12859,0.161884,0.0848188,2
0.155712,0.174008,0.0976009,2
0.165235,0.134152,0.201401,2
0.169114,0.127958,0.13094,2
0.103952,0.131011,0.215257,2
0.162782,0.0260074,0.148823,3
0.218227,0.00349004,0.127005,3
0.156524,0.0699484,0.13226,3
0.207755,0.100432,0.129123,3
0.196614,0.108305,0.130742,3
0.17332,0.100866,0.131515,3
0.182414,0.0310966,0.147974,3
0.109166,0.120372,0.0101151,3
0.166127,0.124306,0.0798205,3
0.111673,0.0242682,0.102022,3
0.171899,0.0865389,0.0160135,3
0.123051,0.0915355,0.215959,3
0.130171,0.0362225,0.0280535,3
0.111232,0.0875227,0.0843891,3
0.140268,0.0561886,0.171619,3
0.183554,0.0517855,0.212143,3
0.116666,0.0113658,0.116557,3
0.124135,0.0283469,0.0140515,3
0.166284,0.0605411,0.180197,3
0.212029,0.124123,0.031681,3
0.126799,0.025663,0.0156826,3
0.166879,0.0269494,0.160919,3
0.127241,0.0992137,0.142247,3
0.155926,0.0451126,0.165435,3
0.127994,0.11685,0.219784,3
0.212217,0.0959654,0.0804573,3
0.166988,0.0593689,0.211382,3
0.222147,0.0511543,0.195403,3
0.1767,0.106689,0.00701045,3
0.180637,0.0199369,0.154207,3
0.118442,0.0314547,0.192657,3
0.135008,0.0823269,0.129031,3
0.145577,0.0411512,0.08458,3
0.183774,0.0493673,0.168735,3
0.140288,0.082799,0.0371781,3
0.177094,0.0951291,0.182073,3
0.215061,0.12629,0.0376895,3
0.173496,0.0308039,0.217404,3
0.15844,0.0879089,0.12759,3
0.196026,0.0789891,0.206553,3
0.192601,0.120273,0.119866,3
0.222357,0.0271149,0.17232,3
0.182116,0.0946997,0.0278038,3
0.174533,0.0282559,0.206903,3
0.170521,0.10389,0.198538,3
0.115995,0.0175712,0.0587096,3
0.135766,0.0882019,0.021041,3
0.185708,0.014727,0.179713,3
0.187903,0.0862719,0.0466807,3
0.173654,0.0479175,0.0785219,3
0.176847,0.0995544,0.164281,3
0.13183,0.0395996,0.0893736,3
0.192755,0.0863319,0.216407,3
0.168655,0.0222923,0.224967,3
0.142132,0.0730632,0.122486,3
0.155188,0.0880159,0.0945806,3
0.205407,0.0369911,0.218249,3
0.178157,0.113601,0.117228,3
0.11894,0.00299217,0.170233,3
0.193577,0.0212919,0.221485,3
0.146416,0.0879707,0.103264,3
0.176361,0.104944,0.0852171,3
0.204067,0.119909,0.034577,3
0.110814,0.0325676,0.0107944,3
0.178529,0.0560485,0.038184,3
0.171563,0.0165119,0.0682973,3
0.140946,0.0451821,0.142456,3
0.192297,0.0990479,0.0914783,3
0.212492,0.0476463,0.0313371,3
0.200652,0.0210572,0.0691941,3
0.131147,0.0279809,0.224875,3
0.201511,0.11789,0.131114,3
0.173805,0.0402642,0.208717,3
0.213004,0.0211926,0.211814,3
0.108815,0.0582019,0.186322,3
0.125813,0.0448798,0.188478,3
0.111785,0.0433424,0.149719,3
0.22261,0.0772275,0.103354,3
0.166517,0.064611,0.0726127,3
0.164164,0.0632514,0.202053,3
0.204961,0.0112477,0.139955,3
0.130175,0.0876203,0.108815,3
0.195996,0.0669837,0.177159,3
0.15571,0.00145144,0.045985,3
0.135725,0.0782522,0.0439406,3
0.215396,0.0850091,0.090775,3
0.200214,0.0203916,0.0510433,3
0.200376,0.0964941,0.146744,3
0.140836,0.0703937,0.0594383,3
0.175191,0.00973127,0.132274,3
0.129252,0.0461645,0.0314626,3
0.182753,0.0214023,0.180081,3
0.15822,0.0843782,0.10005,3
0.206616,0.0163045,0.117689,3
0.199471,0.0729308,0.161412,3
0.177566,0.0987567,0.000435235,3
0.168582,0.0282325,0.0387987,3
0.202149,0.0368667,0.208529,3
0.11706,0.0632854,0.209258,3
0.217923,0.0796576,0.0126587,3
0.164857,0.0844331,0.129211,3
0.128471,0.0732176,0.0628407,3
0.133567,0.124458,0.0661233,3
0.11204,0.127017,0.15316,3
0.155848,0.00984443,0.0415181,3
0.192845,0.0893522,0.194704,3
0.141157,0.0960891,0.0558189,3
0.140511,0.000223097,0.210306,3
0.112251,0.114258,0.0391272,3
0.13625,0.0987586,0.158514,3
0.209172,0.0101123,0.197235,3
0.152904,0.03973,0.154461,3
0.203887,0.122139,0.146718,3
0.160512,0.0570817,0.163198,3
0.1936,0.0177788,0.179831,3
0.172195,0.12365,0.218737,3
0.215785,0.0279628,0.189622,3
0.202201,0.0296423,0.206519,3
0.136091,0.113019,0.0872275,3
0.144637,0.113103,0.112879,3
0.162997,0.0844854,0.162902,3
0.137647,0.0382514,0.158107,3
0.113169,0.0293167,0.125252,3
