x coord,y coord,z coord,rank
0.0843954,0.179694,0.177962,0
0.140144,0.212002,0.210753,0
0.223126,0.15687,0.187629,0
0.0400189,0.132564,0.169584,0
0.084883,0.118383,0.178206,0
0.167186,0.177588,0.206851,0
0.0164458,0.120358,0.224478,0
0.00584506,0.142981,0.167629,0
0.216795,0.218641,0.21372,0
0.0937941,0.162663,0.162534,0
0.00781799,0.142969,0.171532,0
0.00675697,0.144918,0.167691,0
0.19656,0.214108,0.170308,0
0.0114208,0.143448,0.170244,0
0.147442,0.199985,0.18229,0
0.184709,0.217767,0.172359,0
0.164197,0.148286,0.164216,0
0.216655,0.197162,0.184428,0
0.00925801,0.139489,0.17175,0
0.212745,0.121198,0.212061,0
0.0584807,0.224376,0.186799,0
0.0152043,0.139895,0.169788,0
0.00977888,0.140258,0.172584,0
0.133362,0.222088,0.135975,0
0.213725,0.122778,0.151271,0
0.170169,0.190063,0.169049,0
0.0107575,0.138027,0.171645,0
0.0387559,0.205726,0.181218,0
0.142394,0.18383,0.206176,0
0.0560458,0.207447,0.164227,0
0.012773,0.137259,0.168335,0
0.206812,0.187605,0.204498,0
0.008402,0.141085,0.16801,0
0.0330842,0.141542,0.212921,0
0.158903,0.131763,0.149721,0
0.0028201,0.161113,0.173629,0
0.149987,0.216369,0.178739,0
0.0675715,0.194832,0.201335,0
0.0119136,0.139201,0.171372,0
0.147369,0.199158,0.148447,0
0.15966,0.209032,0.169246,0
0.0227103,0.160766,0.142056,0
0.00946615,0.14481,0.167311,0
0.00785562,0.21656,0.203261,0
0.126024,0.180323,0.161965,0
0.104071,0.117098,0.204727,0
0.139641,0.193214,0.166394,0
0.00786533,0.143937,0.169828,0
0.192055,0.179488,0.168192,0
0.0106152,0.140202,0.171469,0
0.0690756,0.213396,0.195026,0
0.0139188,0.144838,0.170225,0
0.00743823,0.139044,0.170476,0
0.0112318,0.143786,0.172123,0
0.012716,0.141621,0.165466,0
0.109103,0.216568,0.180503,0
0.172448,0.172728,0.135809,0
0.154785,0.187197,0.163826,0
0.198319,0.181704,0.174192,0
0.00275216,0.145124,0.176737,0
0.0100388,0.147124,0.167568,0
0.0130584,0.144484,0.171201,0
0.024711,0.197149,0.211871,0
0.101424,0.205919,0.171927,0
0.138036,0.128401,0.165417,0
0.0141826,0.139462,0.171882,0
0.0127545,0.138396,0.170876,0
0.0088492,0.141793,0.168266,0
0.170419,0.134869,0.145951,0
0.161671,0.121227,0.175699,0
0.00690545,0.142922,0.172048,0
0.12162,0.221327,0.215799,0
0.0579918,0.183847,0.142358,0
0.0108547,0.14337,0.168331,0
0.130268,0.134295,0.20808,0
0.00820395,0.141929,0.168492,0
0.0117885,0.145588,0.166807,0
0.0936808,0.199171,0.139519,0
0.00601608,0.141654,0.166845,0
0.0134409,0.138004,0.171691,0
0.0134993,0.142423,0.166065,0
0.0104912,0.21488,0.207392,0
0.0763537,0.19156,0.186636,0
0.159062,0.129015,0.201191,0
0.0608446,0.149031,0.156178,0
0.223021,0.135166,0.186455,0
0.191817,0.131073,0.175229,0
0.0928288,0.157455,0.145235,0
0.00757715,0.142943,0.175087,0
0.0121313,0.142814,0.170868,0
0.0123313,0.139494,0.170126,0
0.0119962,0.140465,0.167237,0
0.105831,0.162304,0.200161,0
0.0612372,0.117726,0.196482,0
0.0740924,0.211421,0.151598,0
0.0380451,0.121294,0.213172,0
0.00727067,0.146652,0.170901,0
0.00659013,0.139488,0.167596,0
0.0130288,0.142471,0.172097,0
0.155733,0.132939,0.187618,0
0.0136218,0.141177,0.172717,0
0.079723,0.160429,0.162291,0
0.207589,0.144385,0.209591,0
0.166382,0.128726,0.201335,0
0.0131071,0.138917,0.1732,0
0.109512,0.214917,0.157184,0
0.00807445,0.143663,0.170741,0
0.147317,0.136397,0.216558,0
0.012248,0.141559,0.17286,0
0.138508,0.13401,0.159649,0
0.0467855,0.148085,0.222722,0
0.0567519,0.168927,0.141709,0
0.00277498,0.15677,0.214765,0
0.0916882,0.209933,0.146203,0
0.0569276,0.181369,0.206543,0
0.0104935,0.144963,0.17687,0
0.00936342,0.140862,0.170656,0
0.00372625,0.182685,0.220529,0
0.220345,0.138096,0.170845,0
0.114436,0.213149,0.212628,0
0.00521173,0.222638,0.223647,0
0.0588368,0.223355,0.218431,0
0.186133,0.149859,0.15579,0
0.187369,0.127767,0.156386,0
0.155486,0.188,0.141351,0
0.0929019,0.153799,0.136561,0
0.173436,0.21471,0.134397,0
0.180214,0.0579277,0.0985005,1
0.121716,0.0745677,0.0524362,1
0.173193,0.0212554,0.0946446,1
0.0355884,0.00555442,0.0748805,1
0.107326,0.00849886,0.0114131,1
0.0613803,0.093542,0.0253462,1
0.201378,0.0510888,0.0362374,1
0.193477,0.0597434,0.0672948,1
0.110084,0.101039,0.0752118,1
0.0466615,0.0813341,0.113135,1
0.103018,0.107369,0.0143091,1
0.0141019,0.114448,0.00634009,1
0.140261,0.0671831,0.0332207,1
0.141884,0.0829239,0.0966974,1
0.174871,0.0962612,0.0821798,1
0.105657,0.0764887,0.088856,1
0.00376721,0.0652609,0.054423,1
0.0367636,0.100636,0.0380822,1
0.12366,0.0306754,0.0381053,1
0.00894804,0.069864,0.0180962,1
0.0999506,0.0529822,0.0139146,1
0.0711144,0.0727063,0.0999943,1
0.161978,0.102869,0.0196811,1
0.125701,0.111577,0.103134,1
0.0140967,0.111844,0.0273168,1
0.0444763,0.0711058,0.0733176,1
0.105783,0.0320126,0.0762021,1
0.125117,0.000789346,0.0483307,1
0.0656138,0.0734285,0.0419192,1
0.130225,0.0601126,0.0889507,1
0.192145,0.0318618,0.0117881,1
0.178878,0.0948414,0.0132085,1
0.0477133,0.0106441,0.109887,1
0.107718,0.0616827,0.094412,1
0.0874066,0.109145,0.0760973,1
0.162321,0.0540568,0.0639955,1
0.146373,0.0156144,0.0123933,1
0.222799,0.0835951,0.0964504,1
0.115136,0.0465439,0.0108066,1
0.00871065,0.0982535,0.0742937,1
0.180015,0.114435,0.0717106,1
0.200543,0.0856206,0.0657715,1
0.00377434,0.0226023,0.0428084,1
0.186191,0.0266199,0.0961782,1
0.039286,0.000549897,0.0544462,1
0.0396287,0.0182903,0.109386,1
0.136605,0.066463,0.0657304,1
0.213363,0.0457888,0.010797,1
0.195577,0.00134352,0.0598774,1
0.221522,0.015397,0.0635817,1
0.0544421,0.04509,0.0109987,1
0.110463,0.00457233,0.0473421,1
0.190664,0.0780123,0.0348974,1
0.0962746,0.00607463,0.0698285,1
0.115198,0.0698934,0.0450165,1
0.0658625,0.0302649,0.0695852,1
0.0922653,0.069815,0.0444528,1
0.0295996,0.0362271,0.018575,1
0.0325914,0.0377475,0.10175,1
0.115893,0.0507142,0.0838794,1
0.00832069,0.0847972,0.0730608,1
0.128179,0.107805,0.052924,1
0.11494,0.0357621,0.0394384,1
0.198763,0.0252794,0.0999646,1
0.0723089,0.0122053,0.0406558,1
0.119418,0.0772407,0.100084,1
0.192471,0.0117318,0.0973368,1
0.078418,0.0305713,0.0131053,1
0.0830007,0.0707479,0.0103751,1
0.20259,0.0333727,0.0824969,1
0.0116297,0.0114394,0.053751,1
0.142239,0.0319095,0.111779,1
0.00601633,0.00118107,0.00634783,1
0.191809,0.00488155,0.02042,1
0.0960014,0.0740051,0.0109204,1
0.0292509,0.0426779,0.109442,1
0.0310573,0.0914004,0.0966227,1
0.0209298,9.23612e-05,0.0383958,1
0.2235,0.0599776,0.0688385,1
0.134684,0.0239018,0.0230082,1
0.13524,0.0157458,0.0995264,1
0.0903897,0.102799,0.046583,1
0.163598,0.107932,0.00651217,1
0.128854,0.0697621,0.0196634,1
0.0543227,0.0789552,0.000374747,1
0.0896819,0.0531414,0.0909644,1
0.13794,0.0256111,0.0506251,1
0.208279,0.0773427,0.0473763,1
0.0550655,0.00757768,0.0538671,1
0.170947,0.0672517,0.071902,1
0.00172822,0.0379484,0.0796501,1
0.0997741,0.0694607,0.00461679,1
0.169487,0.0203581,0.0654926,1
0.209987,0.0372346,0.101856,1
0.218884,0.0235421,0.0889634,1
0.144041,0.0994411,0.0472145,1
0.219643,0.0654226,0.0107385,1
0.191894,0.0850005,0.0320128,1
0.201721,0.0625701,0.067209,1
0.120977,0.0507565,0.0568608,1
0.202821,0.0996619,0.0127002,1
0.142546,0.0660635,0.101927,1
0.139906,0.0399574,0.109438,1
0.141548,0.0576188,0.111234,1
0.0832701,0.0672509,0.0527166,1
0.165805,0.0373707,0.0223202,1
0.0716647,0.0626613,0.0245827,1
0.116055,0.0798319,0.00690192,1
0.149648,0.0523686,0.036648,1
0.142135,0.112493,0.0948614,1
0.0633989,0.100337,0.113014,1
0.174798,0.0437173,0.093853,1
0.16737,0.105317,0.0182889,1
0.0276113,0.0954419,0.090006,1
0.146408,0.102793,0.108869,1
0.203842,0.0496841,0.0514571,1
0.148492,0.0773204,0.114752,1
0.125648,0.0012392,0.103574,1
0.214722,0.0981159,0.0501971,1
0.151413,0.0827489,0.102097,1
0.0746891,0.14682,0.00809366,2
0.0645245,0.136702,0.107341,2
0.191989,0.149647,0.133326,2
0.0521119,0.175193,0.0563488,2
0.0696243,0.208173,0.0296802,2
0.0977283,0.144762,0.129096,2
0.0615499,0.150222,0.106845,2
0.120531,0.21612,0.0220633,2
0.0498841,0.16828,0.128558,2
0.220789,0.117077,0.110951,2
0.149693,0.149878,0.112201,2
0.0321166,0.182252,0.0729522,2
0.00386985,0.134262,0.0832784,2
0.207866,0.194494,0.120064,2
0.0411559,0.188676,0.104032,2
0.0617055,0.121646,0.01832,2
0.0491936,0.201935,0.0689594,2
0.0211813,0.195641,0.104074,2
0.0364235,0.201617,0.10695,2
0.102377,0.168251,0.126199,2
0.0974569,0.157805,0.121699,2
0.150838,0.212993,0.0488114,2
0.135297,0.193534,0.0134318,2
0.0287326,0.216243,0.0860986,2
0.142767,0.220059,0.1128,2
0.201281,0.215044,0.0125975,2
0.135552,0.151435,0.0455664,2
0.0484083,0.12885,0.0851092,2
0.0361225,0.222882,0.0619931,2
0.190011,0.162666,0.0397776,2
0.2237,0.163798,0.034753,2
0.0835817,0.142946,0.0986381,2
0.111238,0.138998,0.0676426,2
0.149924,0.223972,0.0033324,2
0.21455,0.147121,0.0473031,2
0.108633,0.133777,0.0466906,2
0.109528,0.164767,0.0302693,2
0.153814,0.200019,0.100945,2
0.078551,0.172954,0.0502901,2
0.0756466,0.138849,0.0548719,2
0.208793,0.212948,0.0297494,2
0.203456,0.185535,0.000606377,2
0.166841,0.187105,0.110768,2
0.0216175,0.163061,0.0582564,2
0.0823243,0.176272,0.0104836,2
0.118088,0.218338,0.0724757,2
0.0770503,0.138711,0.0302622,2
0.203122,0.144488,0.0783773,2
0.0733757,0.167171,0.04584,2
0.00245201,0.157165,0.0869926,2
0.0136684,0.195267,0.0692924,2
0.191862,0.151225,0.0255145,2
0.201292,0.179276,0.0331524,2
0.0054045,0.211536,0.0509369,2
0.0423554,0.20187,0.102795,2
0.200268,0.160741,0.118307,2
0.187917,0.162062,0.107115,2
0.0600624,0.149836,0.0934871,2
0.099663,0.143379,0.0727686,2
0.122435,0.157883,0.0799917,2
0.105285,0.165257,0.0236718,2
0.186964,0.14236,0.0793445,2
0.068943,0.204421,0.0339621,2
0.149365,0.165246,0.0177531,2
0.149723,0.128526,0.0420441,2
0.135872,0.147166,0.0993902,2
0.136015,0.21358,0.120917,2
0.179839,0.153832,0.0205846,2
0.0574981,0.212044,0.0396286,2
0.103153,0.118459,0.0896645,2
0.188473,0.221395,0.0203148,2
0.122963,0.165779,0.107384,2
0.0547808,0.218284,0.0633512,2
0.0847511,0.219122,0.0501709,2
0.173954,0.211654,0.0553872,2
0.182816,0.182288,0.0531869,2
0.0345431,0.137609,0.100441,2
0.213614,0.153687,0.0507568,2
0.0326657,0.189362,0.0337944,2
0.0410218,0.195154,0.0223525,2
0.193325,0.146497,0.0049907,2
0.0130067,0.190214,0.041417,2
0.0323666,0.195448,0.0557971,2
0.0529297,0.187027,0.0597252,2
0.0751827,0.130405,0.108,2
0.207882,0.147729,0.0797548,2
0.0416586,0.161875,0.118027,2
0.00214458,0.161903,0.0259829,2
0.218791,0.208622,0.0548887,2
0.0181097,0.13215,0.081867,2
0.086083,0.209054,0.0342917,2
0.128631,0.14014,0.0987003,2
0.0505587,0.130327,0.0738281,2
0.0156007,0.146487,0.0951231,2
0.100257,0.149676,0.057787,2
0.135033,0.169921,0.0546076,2
0.145379,0.200723,0.0178017,2
0.12497,0.171486,0.0237079,2
0.000339573,0.219752,0.0415407,2
0.171973,0.118435,0.0103697,2
0.180355,0.213971,0.103494,2
0.00564524,0.216814,0.0659627,2
0.114281,0.184148,0.121418,2
0.0114557,0.164335,0.0697638,2
0.111585,0.139124,0.0150615,2
0.023799,0.126983,0.0987023,2
0.143572,0.206786,0.0779974,2
0.169306,0.215831,0.0195938,2
0.151186,0.219509,0.119246,2
0.223149,0.134796,0.0569746,2
0.22317,0.115921,0.0469795,2
0.0737284,0.142885,0.0594054,2
0.215683,0.183908,0.0122302,2
0.212415,0.132181,0.10818,2
0.135521,0.144608,0.0344269,2
0.216014,0.124917,0.0186641,2
0.188331,0.204231,0.0818693,2
0.0332176,0.140747,0.000419438,2
0.147078,0.173239,0.0377471,2
0.208235,0.134917,0.011431,2
0.0553879,0.133459,0.133201,2
0.203041,0.216098,0.0898807,2
0.13079,0.143913,0.0743317,2
0.190998,0.171719,0.00971361,2
0.140963,0.116216,0.0342659,2
0.0228208,0.0107146,0.122452,3
0.084122,0.04772,0.1235,3
0.10395,0.00972028,0.122704,3
0.186273,0.0252009,0.136147,3
0.216654,0.00591576,0.211482,3
0.114126,0.0101365,0.15278,3
0.1547,0.103599,0.188545,3
0.0354119,0.0425762,0.121215,3
0.00694343,0.100763,0.127948,3
0.15331,0.0861593,0.142535,3
0.102609,0.0268192,0.157135,3
0.18568,0.0429565,0.16534,3
0.0819823,0.0740612,0.190947,3
0.0758091,0.00291892,0.130924,3
0.0299649,0.0334801,0.126748,3
0.193134,0.0577872,0.135558,3
0.211081,0.0491817,0.178393,3
0.156898,0.0264984,0.160095,3
0.100417,0.104543,0.181859,3
0.187529,0.0345452,0.153213,3
0.0923123,0.112604,0.171012,3
0.120801,0.0187281,0.184722,3
0.197961,0.0767231,0.133701,3
0.218535,0.0131964,0.154575,3
0.15384,0.00428393,0.171161,3
0.154182,0.0322706,0.145684,3
0.0117373,0.0320338,0.142765,3
0.0648787,0.108643,0.221539,3
0.194268,0.0530742,0.160816,3
0.100797,0.0763845,0.195782,3
0.159993,0.0699173,0.213331,3
0.01386,0.0716959,0.187312,3
0.0736431,0.0802273,0.145255,3
0.172941,0.0415178,0.174707,3
0.0616105,0.0818173,0.143549,3
0.159364,0.0286815,0.138224,3
0.164275,0.079968,0.212281,3
0.0147723,0.0220838,0.203581,3
0.0725447,0.0428507,0.146885,3
0.123576,0.0240683,0.172075,3
0.110655,0.0870676,0.156746,3
0.0691165,0.113802,0.224461,3
0.220168,0.105997,0.182246,3
0.0210831,0.100521,0.155267,3
0.0294191,0.0645562,0.147057,3
0.106077,0.0598631,0.158488,3
0.216434,0.0260357,0.183976,3
0.16774,0.0202379,0.182855,3
0.135427,0.102377,0.212795,3
0.137693,0.0122138,0.203571,3
0.0779525,0.00518529,0.218691,3
0.00999603,0.05663,0.180885,3
0.0931321,0.0680106,0.198866,3
0.017306,0.0339731,0.216163,3
0.185376,0.0993153,0.159994,3
0.192427,0.0694781,0.177767,3
0.0321093,0.0712491,0.135913,3
0.0897165,0.0643221,0.177341,3
0.219143,0.105151,0.126451,3
0.0121996,0.109554,0.134033,3
0.0483265,0.0505591,0.150457,3
0.114626,0.0504846,0.140411,3
0.0434735,0.0831545,0.124938,3
0.104933,0.0604812,0.163972,3
0.0116134,0.0637167,0.204795,3
0.0484441,0.0681007,0.137664,3
0.0880008,0.0877539,0.137947,3
0.11087,0.07478,0.131206,3
0.183363,0.0159,0.211808,3
0.0839109,0.0255885,0.176972,3
0.215343,0.0799268,0.206305,3
0.123041,0.0908602,0.217382,3
0.204698,0.017909,0.173921,3
0.0769243,0.0790865,0.122634,3
0.0325003,0.0386854,0.185655,3
0.162224,0.109535,0.199331,3
0.0660099,0.101143,0.186702,3
0.178375,0.0148512,0.212478,3
0.110972,0.0569239,0.168131,3
0.0157574,0.0736361,0.160466,3
0.051796,0.0149707,0.140935,3
0.0546113,0.0242781,0.21718,3
0.163622,0.00872134,0.223213,3
0.21258,0.0684689,0.159282,3
0.103699,0.0897691,0.134407,3
0.0069929,0.021943,0.125778,3
0.0143185,0.0763064,0.15654,3
0.0543695,0.0229375,0.188209,3
0.133291,0.0889577,0.179218,3
0.0814547,0.00476217,0.171054,3
0.200872,0.00740911,0.151633,3
0.208138,0.0783226,0.221975,3
0.141786,0.0411371,0.153494,3
0.0420546,0.0518215,0.174402,3
0.0411724,0.024299,0.144394,3
0.0557975,0.0115253,0.133021,3
0.20085,0.0715109,0.17111,3
0.114579,0.0512164,0.211078,3
0.128665,0.10484,0.210282,3
0.141122,0.0597136,0.208096,3
0.137132,0.106627,0.167147,3
0.046871,0.00166358,0.129538,3
0.215604,0.0964578,0.178367,3
0.0577897,0.0145739,0.147757,3
0.00776217,0.0281158,0.145096,3
0.00378859,0.0880476,0.20028,3
0.00139594,0.0865985,0.194255,3
0.0715883,0.0758989,0.22285,3
0.0531754,0.0389605,0.197962,3
0.0137847,0.0529704,0.159282,3
0.0147888,0.0116799,0.20489,3
0.0498134,0.00622528,0.154922,3
0.056353,0.0202253,0.1497,3
0.038205,0.10529,0.176837,3
0.0566742,0.0566559,0.133832,3
0.167443,0.111648,0.171016,3
0.0648655,0.097238,0.134978,3
0.0343493,0.102004,0.152216,3
0.122664,0.107127,0.208475,3
0.0397627,0.00986119,0.210812,3
0.0105619,0.0881446,0.209753,3
0.172563,0.111191,0.132397,3
0.110224,0.112232,0.135807,3
0.134413,0.109778,0.150473,3
0.160375,0.0172172,0.13389,3
0.194363,0.11524,0.19011,3
0.0600948,0.101938,0.118875,3
0.0118173,0.0452366,0.11733,3
