x coord,y coord,z coord,rank
0.0617867,0.136824,0.20888,0
0.02442,0.131122,0.221056,0
0.0878974,0.12072,0.164113,0
0.0989293,0.108927,0.20989,0
0.0274173,0.126295,0.128162,0
0.0106254,0.0261808,0.160061,0
0.0487449,0.0516377,0.144418,0
0.0263544,0.135134,0.21964,0
0.0161401,0.113345,0.17101,0
0.0158482,0.0647201,0.121593,0
0.0225101,0.131859,0.19763,0
0.0790079,0.0766631,0.180346,0
0.0704985,0.140928,0.109278,0
0.080732,0.0298111,0.192971,0
0.0780571,0.0838921,0.201414,0
0.0760828,0.0964704,0.143928,0
0.0885136,0.129746,0.121168,0
0.0669443,0.117326,0.0909918,0
0.0327516,0.123194,0.181494,0
0.0620654,0.137836,0.0226676,0
0.00446768,0.0871212,0.208612,0
0.0682454,0.133369,0.00928522,0
0.0386287,0.0740647,0.217102,0
0.0452422,0.0467277,0.205398,0
0.0800047,0.0889578,0.19809,0
0.0470604,0.02696,0.12812,0
0.0243356,0.127782,0.016144,0
0.0440009,0.130575,0.0869109,0
0.0282082,0.130978,0.038158,0
0.0431509,0.128795,0.0585969,0
0.0840527,0.111552,0.108716,0
0.0948825,0.0427248,0.209575,0
0.0893982,0.102849,0.12836,0
0.0164463,0.0570227,0.0888323,0
0.0520627,0.0974466,0.132621,0
0.0870897,0.0318743,0.111163,0
0.0215764,0.0419795,0.224287,0
0.0898905,0.107862,0.0546053,0
0.00924826,0.073061,0.0207743,0
0.0315285,0.0489991,0.0126804,0
0.00735926,0.0976037,0.0700828,0
0.0110187,0.0426594,0.0878955,0
0.0127314,0.0127348,0.141049,0
0.0525848,0.0607565,0.132578,0
0.0237026,0.0385261,0.064972,0
0.0409275,0.0499857,0.00814117,0
0.0610943,0.0844444,0.0115556,0
0.0292788,0.0576739,0.139569,0
0.0498218,0.107477,0.151195,0
0.00381969,0.00453999,0.131587,0
0.0127346,0.0383746,0.1007,0
0.035048,0.113684,0.159055,0
0.0124314,0.0364114,0.188293,0
0.0356097,0.10694,0.0216312,0
0.0616689,0.0987014,0.212624,0
0.0204339,0.076867,0.124423,0
0.090424,0.0947705,0.0859658,0
0.0197203,0.0636887,0.164839,0
0.0707464,0.0306504,0.171241,0
0.00899114,0.108457,0.0901411,0
0.0106244,0.00264848,0.0121511,0
0.0988035,0.0803391,0.146527,0
0.0504739,0.0257182,0.178538,0
0.00605413,0.108812,0.120489,0
0.0768159,0.0311841,0.138926,0
0.0535078,0.106311,0.196733,0
0.0242932,0.0871127,0.132918,0
0.0352599,0.0854064,0.0345703,0
0.0237673,0.0552872,0.0851064,0
0.0703104,0.0222047,0.174254,0
0.0766852,0.112017,0.136809,0
0.0664614,0.0045273,0.0141246,0
0.0596618,0.0595443,0.196073,0
0.00443977,0.122153,0.221456,0
0.047962,0.107741,0.171385,0
0.0421077,0.0341255,0.100006,0
0.0170387,0.119026,0.219116,0
0.00422325,0.0886213,0.107693,0
0.0609613,0.0392692,0.0311955,0
0.0461266,0.0363699,0.0281983,0
0.0236401,0.0864487,0.130563,0
0.0346239,0.106022,0.219121,0
0.0119761,0.0434376,0.179852,0
0.0329349,0.0348151,0.141772,0
0.0194652,0.0877469,0.0197867,0
0.00561084,0.0740879,0.189224,0
0.0423714,0.0318737,0.184836,0
0.0223024,0.0940135,0.193063,0
0.040631,0.0251493,0.0838268,0
0.0636022,0.111747,0.208366,0
0.0271891,0.120036,0.0254829,0
0.0519579,0.0614064,0.132328,0
0.099289,0.0315272,0.158277,0
0.0231378,0.0173324,0.142911,0
0.00480145,0.00412133,0.0764802,0
0.0583776,0.0458868,0.157294,0
0.067867,0.0242747,0.166196,0
0.0916568,0.0888976,0.138703,0
0.0359898,0.0700806,0.102741,0
0.0518523,0.00833975,0.0199762,0
0.0058258,0.0990898,0.0299533,0
0.037129,0.0623821,0.0505042,0
0.0864454,0.0978437,0.153573,0
0.0713719,0.026204,0.0930244,0
0.0187014,0.0818664,0.0107285,0
0.100203,0.0355982,0.0773797,0
0.0977054,0.103245,0.0475072,0
0.00681493,0.0160086,0.222104,0
0.0998215,0.00932437,0.0861907,0
0.0383992,0.0876036,0.221492,0
0.0287056,0.016211,0.20514,0
0.00392361,0.0214814,0.048767,0
0.0373146,0.0840919,0.0855975,0
0.000847131,0.0120236,0.167899,0
0.0633246,0.074307,0.0910961,0
0.0473279,0.0279128,0.18726,0
0.095544,0.0286597,0.108134,0
0.0812688,0.084054,0.105762,0
0.0880063,0.019736,0.0922649,0
0.0904545,0.0630162,0.128803,0
0.0489389,0.0937161,0.187724,0
0.0592028,0.0582379,0.120023,0
0.0978045,0.0819257,0.00265374,0
0.0723086,0.113832,0.155659,0
0.0992334,0.0549595,0.162365,0
0.0981896,0.126847,0.0851498,0
0.0254303,0.140904,0.100817,0
0.0995793,0.023617,0.055094,0
0.116585,0.0157455,0.0369356,1
0.175293,0.0152405,0.174765,1
0.103045,0.0555605,0.070236,1
0.117244,0.0157594,0.107069,1
0.106918,0.0623062,0.146541,1
0.161373,0.0186399,0.00925231,1
0.220764,0.0980381,0.219044,1
0.191805,0.00273271,0.168523,1
0.198414,0.0650674,0.146581,1
0.120527,0.0512313,0.106201,1
0.211505,0.0218391,0.205949,1
0.224413,0.0262892,0.212711,1
0.105008,0.0427381,0.207081,1
0.102746,0.0268616,0.0302979,1
0.192276,0.0289458,0.197636,1
0.11732,0.00946205,0.0287895,1
0.117884,0.0642741,0.183474,1
0.193753,0.0391208,0.177435,1
0.114032,0.0935768,0.0833093,1
0.106233,0.00814911,0.0671868,1
0.186274,0.0699745,0.00513914,1
0.203444,0.0945853,0.132746,1
0.115363,0.0407511,0.0949885,1
0.215532,0.00780285,0.181004,1
0.183837,0.0806373,0.136807,1
0.166588,0.0684324,0.0646393,1
0.152338,0.0240744,0.182289,1
0.204447,0.0179421,0.0378455,1
0.114199,0.096259,0.16831,1
0.164825,0.00960576,0.126984,1
0.204798,0.0816258,0.12488,1
0.148532,0.068115,0.139958,1
0.182222,0.0304919,0.146161,1
0.144652,0.0837869,0.136415,1
0.110802,0.0672146,0.22164,1
0.206117,0.0506255,0.0324852,1
0.1971,0.0829212,0.200552,1
0.143555,0.083781,0.1807,1
0.171192,0.00928049,0.0671931,1
0.161431,0.0046369,0.0363332,1
0.109043,0.0807533,0.1329,1
0.188377,0.0205068,0.160585,1
0.122795,0.0607046,0.134335,1
0.173523,0.0416971,0.00866419,1
0.132381,0.0591076,0.194369,1
0.224582,0.0790875,0.216692,1
0.216574,0.000931131,0.223373,1
0.207708,0.0907612,0.00423065,1
0.14626,0.0296046,0.0887059,1
0.129337,0.0763468,0.161363,1
0.155499,0.0814659,0.161335,1
0.206353,0.0483752,0.0940714,1
0.125904,0.0595969,0.196701,1
0.204368,0.102706,0.0454344,1
0.162084,0.0749851,0.158719,1
0.173055,0.0414998,0.151412,1
0.16122,0.0123173,0.156231,1
0.131007,0.0283522,0.151294,1
0.216172,0.0175014,0.0681726,1
0.124133,0.0231604,0.0546948,1
0.18789,0.0289523,0.060602,1
0.10756,0.0140861,0.216568,1
0.203384,0.0970965,0.133308,1
0.113306,0.0110649,0.174964,1
0.124812,0.0264208,0.0139236,1
0.18265,0.0895776,0.172781,1
0.16175,0.0541265,0.0802483,1
0.189555,0.0188441,0.111197,1
0.128862,0.0591747,0.201739,1
0.162987,0.0432938,0.212185,1
0.152695,0.0699979,0.1915,1
0.172379,0.0451212,0.109386,1
0.217715,0.065272,0.153381,1
0.213738,0.0436637,0.00441177,1
0.213072,0.0597629,0.0738986,1
0.214083,0.0204771,0.046222,1
0.110442,0.0471205,0.034934,1
0.149235,0.0743468,0.0826382,1
0.203696,0.0903579,0.17133,1
0.189479,0.0613458,0.0922786,1
0.147059,0.00177907,0.125048,1
0.215757,0.0659224,0.0801471,1
0.160081,0.0969017,0.0052206,1
0.147077,0.0813606,0.145604,1
0.111933,0.0529344,0.0582881,1
0.17139,0.0423141,0.222145,1
0.215472,0.0726582,0.0281156,1
0.170939,0.0416043,0.110828,1
0.104559,0.00301156,0.00923748,1
0.188093,0.0908087,0.0732474,1
0.137229,0.0278473,0.0345725,1
0.219388,0.0020401,0.0412902,1
0.115063,0.0415253,0.00404985,1
0.120776,0.0258564,0.174615,1
0.132647,0.0559952,0.202958,1
0.129828,0.0318026,0.00139151,1
0.170834,0.074952,0.0481549,1
0.180746,0.0328067,0.12432,1
0.149787,0.0171408,0.0958186,1
0.179832,0.0451263,0.0997561,1
0.142823,0.102099,0.0747732,1
0.200649,0.0180628,0.0141405,1
0.215387,0.03708,0.102461,1
0.220064,0.0758814,0.167286,1
0.179457,0.0240303,0.126624,1
0.216134,0.0173291,0.14428,1
0.183601,0.0250587,0.112869,1
0.165261,0.0300939,0.065336,1
0.223058,0.0584708,0.123465,1
0.199666,0.047408,0.117201,1
0.18716,0.0270994,0.11318,1
0.216045,0.0683137,0.030408,1
0.164475,0.00907053,0.110716,1
0.145893,0.0807132,0.101956,1
0.164379,0.0344867,0.20556,1
0.203363,0.0204465,0.088983,1
0.212954,0.0909625,0.0914894,1
0.185654,0.0339143,0.119889,1
0.105716,0.0257028,0.096167,1
0.140851,0.0928517,0.0976835,1
0.0754955,0.166596,0.0544523,2
0.0318104,0.223706,0.180425,2
0.0731783,0.160902,0.185661,2
0.0468317,0.205307,0.0142507,2
0.0811246,0.215534,0.14207,2
0.0208832,0.183456,0.02168,2
0.0748883,0.169799,0.168728,2
0.0235895,0.179179,0.0269547,2
0.0397501,0.170136,0.0505428,2
0.0267168,0.179068,0.026259,2
0.0254818,0.185138,0.0304134,2
0.0228681,0.183953,0.0298765,2
0.0214003,0.180099,0.0295769,2
0.0184514,0.181753,0.0253694,2
0.0326759,0.212957,0.0485493,2
0.0246731,0.187771,0.0239838,2
0.0185684,0.179371,0.0253988,2
0.023583,0.182988,0.0222733,2
0.0367461,0.143725,0.0819373,2
0.063826,0.147752,0.0283725,2
0.0924554,0.153698,0.0550726,2
0.0236991,0.184621,0.0209485,2
0.0275189,0.181021,0.0267278,2
0.0294292,0.180306,0.0250065,2
0.0211266,0.18235,0.028749,2
0.00162795,0.206973,0.0690236,2
0.0512685,0.200914,0.17356,2
0.0268825,0.184946,0.0245303,2
0.0210012,0.181468,0.0244332,2
0.0241126,0.181539,0.0230904,2
0.0415155,0.20762,0.144267,2
0.0796725,0.193551,0.145649,2
0.0290348,0.182095,0.0256855,2
0.0270553,0.193065,0.0275065,2
0.0968804,0.152698,0.149269,2
0.0214325,0.184008,0.0224928,2
0.0837596,0.21804,0.0240715,2
0.0222878,0.189221,0.0239028,2
0.0220441,0.183034,0.023072,2
0.0234264,0.181979,0.0286578,2
0.0273754,0.186949,0.0283957,2
0.0429219,0.203787,0.19626,2
0.0794914,0.203013,0.177023,2
0.0530381,0.156701,0.167953,2
0.0218118,0.184747,0.0303749,2
0.027334,0.196982,0.0554308,2
0.0623605,0.194809,0.155386,2
0.0570978,0.163401,0.0359831,2
0.0295351,0.180231,0.0284078,2
0.0270385,0.182376,0.0244301,2
0.0659448,0.224898,0.17172,2
0.0457561,0.173086,0.179496,2
0.0277954,0.184455,0.0237629,2
0.0225247,0.186394,0.0233544,2
0.0247801,0.18173,0.0279898,2
0.0209708,0.183503,0.0267253,2
0.00740287,0.21815,0.161637,2
0.0786907,0.175968,0.172913,2
0.0938051,0.145505,0.209854,2
0.0244494,0.21672,0.167603,2
0.0327347,0.1491,0.156918,2
0.0213708,0.187143,0.0239492,2
0.046078,0.174927,0.220757,2
0.0210131,0.186753,0.0231765,2
0.02501,0.179494,0.139871,2
0.0530777,0.154259,0.135399,2
0.0278217,0.181294,0.0269273,2
0.0947865,0.190761,0.210612,2
0.0770712,0.165925,0.159361,2
0.0478251,0.165246,0.0210495,2
0.0259651,0.148086,0.103406,2
0.0218145,0.181879,0.0241758,2
0.0229782,0.182627,0.0255505,2
0.0249995,0.183777,0.0237619,2
0.0910853,0.173638,0.10561,2
0.0583431,0.223949,0.0210074,2
0.0240773,0.183134,0.0257993,2
0.00412274,0.16819,0.0115737,2
0.0287877,0.184323,0.0304357,2
0.030669,0.179101,0.025052,2
0.00378832,0.205965,0.0662538,2
0.070019,0.222337,0.0621702,2
0.0217648,0.183717,0.0226031,2
0.0919573,0.191252,0.0598083,2
0.0306609,0.182281,0.0235625,2
0.0603208,0.159682,0.129982,2
0.017686,0.187598,0.0189682,2
0.0275125,0.185011,0.0240407,2
0.0517608,0.152207,0.142804,2
0.0485076,0.162043,0.0633494,2
0.0260947,0.18354,0.0280339,2
0.0267455,0.182616,0.02211,2
0.0227086,0.186751,0.0252064,2
0.0183294,0.171772,0.150173,2
0.00704472,0.17316,0.000239961,2
0.0799939,0.214026,0.163923,2
0.0125202,0.193458,0.0574966,2
0.0488445,0.143842,0.103527,2
0.0102017,0.156376,0.0741495,2
0.0321211,0.1815,0.0245027,2
0.0497819,0.167851,0.0862752,2
0.0248515,0.183014,0.0536234,2
0.0750467,0.197388,0.192974,2
0.046043,0.160578,0.102284,2
0.0505282,0.220123,0.0758705,2
0.0271451,0.219917,0.039207,2
0.0244142,0.181468,0.0224304,2
0.0782396,0.153655,0.101734,2
0.0210596,0.199537,0.187879,2
0.0487029,0.209653,0.213267,2
0.02437,0.180589,0.0242525,2
0.0859981,0.17675,0.113669,2
0.00171453,0.206641,0.187673,2
0.0744327,0.190568,0.180501,2
0.0679564,0.212158,0.0990212,2
0.0458924,0.215047,0.0338848,2
0.0610256,0.191417,0.0693393,2
0.0279732,0.179995,0.0269133,2
0.0789461,0.151257,0.0219447,2
0.0344558,0.17309,0.200076,2
0.0879942,0.185227,0.222451,2
0.0299819,0.224167,0.0833697,2
0.0512913,0.147052,0.215252,2
0.214304,0.126393,0.0422204,3
0.156275,0.15684,0.00114152,3
0.102267,0.184235,0.0719965,3
0.136171,0.130567,0.0732605,3
0.131999,0.220681,0.0599821,3
0.180111,0.180532,0.0637503,3
0.216248,0.197553,0.0683187,3
0.108344,0.126414,0.0237028,3
0.170389,0.2143,0.0236784,3
0.120987,0.196946,0.006282,3
0.110124,0.17514,0.0385635,3
0.122425,0.127272,0.0474548,3
0.168298,0.218574,0.0673352,3
0.178124,0.191599,0.0561202,3
0.159591,0.141117,0.0541113,3
0.188496,0.119539,0.0474934,3
0.145324,0.129841,0.079085,3
0.134821,0.195242,0.0293348,3
0.208445,0.137368,0.0164501,3
0.134046,0.212548,0.0152907,3
0.183338,0.152022,0.039631,3
0.12698,0.130004,0.113922,3
0.141587,0.192833,0.0217854,3
0.197204,0.1645,0.0457139,3
0.183445,0.131182,0.0257734,3
0.154842,0.19077,0.0285395,3
0.179815,0.133062,0.1123,3
0.173942,0.131931,0.0951323,3
0.202909,0.204227,0.0978561,3
0.158167,0.217532,0.102479,3
0.178775,0.193928,0.129142,3
0.11223,0.191723,0.0308827,3
0.156352,0.178309,0.00603843,3
0.204756,0.219531,0.0942726,3
0.102392,0.164348,0.151249,3
0.174973,0.163794,0.082684,3
0.153948,0.122466,0.0012858,3
0.107326,0.195751,0.0889181,3
0.124145,0.163606,0.087325,3
0.157303,0.147089,0.0300634,3
0.188457,0.124018,0.0519349,3
0.123476,0.184546,0.0289926,3
0.163293,0.172755,0.0972884,3
0.145767,0.221095,0.0630877,3
0.175675,0.170214,0.0106341,3
0.133055,0.132633,0.0710183,3
0.183275,0.1673,0.100321,3
0.183343,0.1569,0.101138,3
0.125223,0.153988,0.188945,3
0.221242,0.132742,0.119348,3
0.140212,0.158885,0.146095,3
0.165273,0.203093,0.0434987,3
0.215942,0.198917,0.15757,3
0.179328,0.125085,0.0415059,3
0.224117,0.202724,0.00696113,3
0.119947,0.137226,0.130585,3
0.207702,0.187086,0.181271,3
0.109549,0.107079,0.0326173,3
0.187372,0.105842,0.0711117,3
0.162263,0.212116,0.140331,3
0.14141,0.165652,0.185223,3
0.141536,0.20772,0.167231,3
0.118541,0.107834,0.0963019,3
0.154679,0.187484,0.11585,3
0.213864,0.111307,0.126103,3
0.189381,0.180881,0.154293,3
0.193532,0.17303,0.175811,3
0.130151,0.193339,0.18436,3
0.170345,0.209141,0.163831,3
0.177005,0.124308,0.189039,3
0.123262,0.110063,0.0718346,3
0.147747,0.11816,0.0766152,3
0.129171,0.195026,0.215171,3
0.146645,0.215152,0.191583,3
0.135828,0.179246,0.130716,3
0.158983,0.127554,0.115195,3
0.19134,0.118037,0.0700063,3
0.22299,0.18993,0.171161,3
0.172849,0.156239,0.193191,3
0.180417,0.171329,0.146518,3
0.168624,0.161477,0.220054,3
0.143342,0.151416,0.173166,3
0.223267,0.118939,0.0354127,3
0.123479,0.115447,0.000695248,3
0.195331,0.118884,0.175194,3
0.221877,0.112107,0.175259,3
0.166591,0.116473,0.179507,3
0.155747,0.162545,0.159913,3
0.112421,0.156061,0.125187,3
0.113914,0.209216,0.186694,3
0.18478,0.107968,0.16416,3
0.185328,0.192337,0.122321,3
0.155827,0.161799,0.163513,3
0.194462,0.191188,0.137189,3
0.15279,0.152817,0.223906,3
0.111753,0.130584,0.19464,3
0.12551,0.158065,0.218924,3
0.218703,0.171482,0.113423,3
0.218117,0.116436,0.143524,3
0.106882,0.203766,0.219369,3
0.202103,0.138756,0.149745,3
0.160321,0.169399,0.0947934,3
0.19152,0.112746,0.195155,3
0.110379,0.113493,0.18601,3
0.174407,0.119215,0.152278,3
0.159746,0.211951,0.163769,3
0.153575,0.172992,0.142345,3
0.131824,0.179136,0.197047,3
0.160349,0.214442,0.167245,3
0.20736,0.141553,0.204465,3
0.182062,0.172346,0.216687,3
0.199164,0.176841,0.167553,3
0.216272,0.136765,0.146396,3
0.115744,0.114774,0.150152,3
0.223958,0.179777,0.195834,3
0.198709,0.185706,0.116187,3
0.188161,0.204755,0.161838,3
0.11687,0.204331,0.201918,3
0.197314,0.156362,0.162122,3
0.185289,0.118547,0.145624,3
0.197062,0.218481,0.120814,3
0.131259,0.156511,0.222892,3
0.159378,0.20609,0.17123,3
0.125571,0.1129,0.151804,3
0.123208,0.207185,0.0875274,3
0.116379,0.107066,0.0674564,3
0.107753,0.140673,0.224942,3
0.104266,0.195654,0.212154,3
0.222988,0.104291,0.149523,3
