x coord,y coord,z coord,rank
0.0282555,0.13695,0.0374659,0
0.0602643,0.169246,0.0826861,0
0.0840109,0.109553,0.0497813,0
0.00141078,0.149255,0.00506264,0
0.0257435,0.177509,0.0193816,0
0.0300032,0.182977,0.019188,0
0.0310022,0.180929,0.0224509,0
0.0193718,0.178309,0.0184667,0
0.032299,0.185259,0.0170177,0
0.0298365,0.182425,0.0188906,0
0.0288921,0.184392,0.0243112,0
0.0316592,0.180649,0.0175974,0
0.0319751,0.182777,0.0133266,0
0.00040796,0.167353,0.0783111,0
0.0310713,0.18447,0.0633753,0
0.0328736,0.178895,0.0184024,0
0.0158411,0.167556,0.0789307,0
0.0090453,0.162027,0.0697359,0
0.0318553,0.1792,0.0164697,0
0.0293531,0.181621,0.0213748,0
0.0311099,0.176,0.0156025,0
0.0318724,0.181137,0.0197588,0
0.0284755,0.180899,0.0235159,0
0.0341859,0.17899,0.0160737,0
0.0832759,0.124446,0.0749818,0
0.0483785,0.147395,0.0772167,0
0.000553654,0.218355,0.0862926,0
0.0325054,0.183061,0.0198736,0
0.0328156,0.117336,0.0675143,0
0.0295983,0.183004,0.0165322,0
0.032638,0.179206,0.0165618,0
0.0279085,0.196519,0.0788838,0
0.00682377,0.223263,0.0229761,0
0.0472409,0.091335,0.0942971,0
0.0155585,0.0711819,0.0755159,0
0.0438792,0.11658,0.00487002,0
0.0708256,0.00858439,0.0448714,0
0.0417132,0.0362457,0.0514834,0
0.0299989,0.106728,0.0697103,0
0.0156019,0.135636,0.0773348,0
0.0347902,0.182391,0.0142979,0
0.0284348,0.177123,0.0190178,0
0.0378798,0.153245,0.051619,0
0.0261128,0.18076,0.0196987,0
0.0354521,0.0357273,0.058511,0
0.0268764,0.182468,0.0165138,0
0.0471434,0.0475255,0.0747676,0
0.00134321,0.0633373,0.0487501,0
0.000224216,0.11639,0.0581003,0
0.0356155,0.14116,0.00398702,0
0.0860803,0.143268,0.0631957,0
0.0852545,0.156927,0.0628619,0
0.0775623,0.0586172,0.0421554,0
0.0918331,0.0358459,0.0686246,0
0.0521833,0.0342705,0.0321906,0
0.0526317,0.149873,0.0927473,0
0.0385901,0.155688,0.0905171,0
0.052043,0.205133,0.000979139,0
0.0955636,0.210355,0.0424103,0
0.0339578,0.181766,0.0220375,0
0.0115016,0.0121532,0.0385796,0
0.0285521,0.194377,0.0835995,0
0.026491,0.17784,0.0163076,0
0.0274844,0.180134,0.020293,0
0.00480656,0.213213,0.00640951,0
0.0338072,0.180581,0.0157337,0
0.0407314,0.0128518,0.0613119,0
0.0257708,0.180412,0.0205213,0
0.0415723,0.0538082,0.0793874,0
0.0802942,0.0118954,0.0284309,0
0.0243625,0.13189,0.0709641,0
0.0312353,0.185496,0.0150142,0
0.0310903,0.178448,0.0218387,0
0.0251135,0.17803,0.0174117,0
0.0808994,0.212884,0.0775152,0
0.0398648,0.177425,0.0826947,0
0.0155352,0.0631206,0.020842,0
0.0435148,0.0209474,0.0338872,0
0.046037,0.0535501,0.0446011,0
0.0209427,0.156528,0.0220582,0
0.00504983,0.00924683,0.0208513,0
0.0600722,0.168382,0.00560731,0
0.0352491,0.176422,0.0239678,0
0.029417,0.177813,0.0235371,0
0.0459802,0.134613,0.0105486,0
0.0325618,0.0607853,0.0193088,0
0.0330945,0.177734,0.0158422,0
0.0974547,0.0879048,0.0164041,0
0.0147621,0.036402,0.00408395,0
0.00602766,0.05222,0.0319474,0
0.0309981,0.182422,0.0177955,0
0.00281674,0.0213643,0.0577052,0
0.0359984,0.179686,0.0146901,0
0.0588052,0.0903653,0.0470042,0
0.00498689,0.0123638,0.0289313,0
0.0279363,0.181269,0.0192914,0
0.0845423,0.0321865,0.0365715,0
0.0334723,0.1802,0.0238069,0
0.027661,0.185216,0.0183364,0
0.0725342,0.224758,0.0548338,0
0.0290221,0.180355,0.0184331,0
0.029914,0.177742,0.0246427,0
0.029486,0.184845,0.0199702,0
0.0286365,0.176472,0.0175186,0
0.0595194,0.154402,0.0715364,0
0.0638254,0.0586503,0.0162873,0
0.0814617,0.106937,0.0869331,0
0.0290752,0.178942,0.0186737,0
0.0300397,0.181521,0.0148217,0
0.0355845,0.177605,0.0158172,0
0.0272445,0.180181,0.0158524,0
0.029561,0.178356,0.0218572,0
0.0849014,0.181037,0.0532683,0
0.064456,0.1893,0.010073,0
0.034914,0.179614,0.0213834,0
0.0262935,0.181779,0.0131702,0
0.0030418,0.109834,0.075269,0
0.0630155,0.157405,0.0889219,0
0.0760505,0.160545,0.0295368,0
0.0340558,0.179359,0.0201003,0
0.0316917,0.18432,0.0189881,0
0.0655916,0.182712,0.08123,0
0.0155594,0.132389,0.0913571,0
0.0653322,0.204668,0.0398096,0
0.0519816,0.056503,0.0494942,0
0.0862504,0.0119658,0.092724,0
0.044234,0.0990582,0.174495,1
0.00393593,0.0320403,0.130035,1
0.0920443,0.172047,0.12048,1
0.0305042,0.119267,0.128961,1
0.0424357,0.0196469,0.135556,1
0.0536603,0.00477606,0.177613,1
0.0385032,0.155282,0.171194,1
0.0274452,0.0966917,0.1807,1
0.0387076,0.112636,0.165141,1
0.0488312,0.0766151,0.213657,1
0.000457864,0.10122,0.111736,1
0.0649956,0.134197,0.197704,1
0.0385856,0.0199681,0.216361,1
0.0367784,0.0259865,0.123418,1
0.0848717,0.142555,0.216507,1
0.0269123,0.0148619,0.117544,1
0.0557747,0.112569,0.0948004,1
0.0672999,0.20023,0.109743,1
0.0173193,0.0989036,0.220907,1
0.0956492,0.052281,0.151695,1
0.0353888,0.0791234,0.150646,1
0.00375033,0.154052,0.123537,1
0.0343323,0.0120501,0.164875,1
0.0156014,0.194934,0.183706,1
0.0797973,0.201538,0.156013,1
0.0466389,0.185971,0.20017,1
0.0609539,0.146915,0.159328,1
0.0403149,0.092498,0.218601,1
0.0113446,0.0565442,0.205146,1
0.0209222,0.159361,0.135492,1
0.0263988,0.172864,0.174905,1
0.0195423,0.07944,0.19675,1
0.00101599,0.0257901,0.118479,1
0.00349687,0.015176,0.169202,1
0.0410793,0.0850267,0.189485,1
0.0290346,0.0988795,0.137599,1
0.03128,0.0343275,0.11566,1
0.0442411,0.220427,0.11535,1
0.0198572,0.0194932,0.204136,1
0.000591488,0.0365811,0.110566,1
0.0145122,0.145945,0.143047,1
0.013968,0.0176411,0.205114,1
0.0827475,0.0863212,0.160308,1
0.0511808,0.163264,0.20617,1
0.0311943,0.112615,0.153142,1
0.0384674,0.123516,0.205222,1
0.0186029,0.204097,0.164733,1
0.0590108,0.17082,0.125906,1
0.0698593,0.0349201,0.21907,1
0.0768932,0.217679,0.148502,1
0.0208902,0.0654875,0.217579,1
0.0259502,0.204933,0.164547,1
0.0868157,0.0160471,0.145904,1
0.0296644,0.0991021,0.136138,1
0.0369402,0.06006,0.163772,1
0.0653852,0.154502,0.101226,1
0.068556,0.0525826,0.132641,1
0.0895713,0.171926,0.105945,1
0.0888827,0.201423,0.192122,1
0.0400151,0.134071,0.208728,1
0.0118414,0.176232,0.139176,1
0.0388726,0.224343,0.210174,1
0.00141605,0.035822,0.199715,1
0.0677909,0.0329544,0.137437,1
0.0143859,0.0907711,0.181962,1
0.0383722,0.0121817,0.18774,1
0.00892283,0.111521,0.16715,1
0.0779152,0.115151,0.184518,1
0.0347243,0.129142,0.21657,1
0.0283689,0.0117212,0.177608,1
0.0777713,0.187387,0.112367,1
0.0323339,0.00683573,0.198001,1
0.0108639,0.197267,0.106485,1
0.00874655,0.0606806,0.223024,1
0.0591197,0.0292075,0.189543,1
0.08422,0.200481,0.174004,1
0.00952742,0.214891,0.203058,1
0.0839185,0.00655116,0.150927,1
0.0485488,0.208978,0.129263,1
0.0786303,0.127453,0.222089,1
0.0637632,0.19286,0.161059,1
0.0571147,0.0572887,0.152745,1
0.0276274,0.03106,0.129715,1
0.0155137,0.0475958,0.191557,1
0.0188089,0.21853,0.206434,1
0.00996022,0.11939,0.154161,1
0.0452015,0.0162278,0.222891,1
0.00979742,0.0520726,0.206173,1
0.0644377,0.034631,0.217603,1
0.0675488,0.192842,0.140366,1
0.0437099,0.0242026,0.169761,1
0.0656166,0.0773999,0.104839,1
0.0189878,0.174447,0.138407,1
0.0154037,0.11677,0.183702,1
0.0105505,0.0198482,0.0985415,1
0.0747702,0.193874,0.161052,1
0.0949144,0.0806529,0.180006,1
0.0222224,0.0551376,0.107528,1
0.00961949,0.0383263,0.105158,1
0.0228439,0.0851437,0.102257,1
0.0325242,0.122149,0.210473,1
0.0268243,0.152736,0.125218,1
0.0494949,0.117561,0.192119,1
0.051176,0.0179019,0.107259,1
0.0362366,0.00323716,0.105434,1
0.0612224,0.17758,0.21981,1
0.0832389,0.114747,0.107678,1
0.0195587,0.216386,0.0974984,1
0.0457417,0.208899,0.0943891,1
0.0825018,0.199312,0.096612,1
0.0150023,0.15153,0.178841,1
0.00397036,0.205337,0.15082,1
0.0762317,0.144615,0.111934,1
0.0368366,0.186804,0.102766,1
0.0473689,0.179178,0.207507,1
0.0358962,0.218745,0.167656,1
0.0601698,0.185176,0.193227,1
0.00675418,0.21011,0.0989473,1
0.0192218,0.147574,0.144681,1
0.0235188,0.220119,0.0965889,1
0.0572305,0.185187,0.103344,1
0.113935,0.0289111,0.110451,2
0.116741,0.00493279,0.111516,2
0.210683,0.0342402,0.113457,2
0.211993,0.0870369,0.116655,2
0.162291,0.0103116,0.107521,2
0.191214,0.0116033,0.113861,2
0.211666,0.064144,0.114331,2
0.161585,0.164425,0.106667,2
0.100516,0.111294,0.0750349,2
0.216669,0.194792,0.115555,2
0.17466,0.217923,0.10955,2
0.14358,0.0846214,0.0086838,2
0.127285,0.137876,0.0380368,2
0.109989,0.101065,0.0670244,2
0.165149,0.141525,0.00995624,2
0.185754,0.131223,0.0235794,2
0.177075,0.219938,0.112245,2
0.101687,0.118262,0.0499452,2
0.198098,0.185464,0.1135,2
0.2083,0.164485,0.0274433,2
0.156947,0.00349258,0.00430311,2
0.105409,0.209364,0.0275707,2
0.101016,0.169361,0.0331573,2
0.172834,0.201318,0.0872327,2
0.194155,0.0858076,0.0664099,2
0.20689,0.0549787,0.00365861,2
0.218009,0.195452,0.0275518,2
0.152601,0.0240812,0.0377813,2
0.18686,0.101823,0.0913611,2
0.121902,0.186557,0.00450308,2
0.165364,0.219763,0.0278715,2
0.199318,0.00445152,0.0245687,2
0.11212,0.178139,0.0968246,2
0.107662,0.21353,0.00592185,2
0.207039,0.17078,0.00343522,2
0.114277,0.130391,0.0692291,2
0.131318,0.0489363,0.00043739,2
0.189076,0.133663,0.0342036,2
0.117133,0.192455,0.0860634,2
0.157169,0.157375,0.00203393,2
0.217227,0.00438055,0.068745,2
0.22411,0.0176432,0.0188758,2
0.145334,0.167099,0.00801877,2
0.141952,0.21988,0.0759016,2
0.159464,0.0590263,0.0359029,2
0.220851,0.015689,0.04156,2
0.123717,0.12471,0.0245809,2
0.184932,0.137569,0.0836996,2
0.127189,0.0279794,0.0507779,2
0.152361,0.154116,0.0787924,2
0.219945,0.0696619,0.0951387,2
0.19571,0.169238,0.0436835,2
0.121052,0.219559,0.0280392,2
0.224469,0.215426,0.0551134,2
0.192044,0.122656,0.0675222,2
0.16526,0.129301,0.0437483,2
0.22111,0.181251,0.0737106,2
0.200343,0.110965,0.0228409,2
0.217171,0.120549,0.0167198,2
0.218216,0.109999,0.043516,2
0.145548,0.15591,0.0390054,2
0.204631,0.203089,0.0577562,2
0.148771,0.107137,0.0109986,2
0.220137,0.127373,0.0580344,2
0.102848,0.15837,0.0890462,2
0.135817,0.0254973,0.0844399,2
0.201848,0.105019,0.100221,2
0.175316,0.0610276,0.106219,2
0.176426,0.126357,0.0622251,2
0.120466,0.186069,0.098041,2
0.118419,0.189638,0.00120204,2
0.170047,0.196712,0.0855588,2
0.205033,0.179042,0.0302834,2
0.200799,0.193552,0.0301892,2
0.137857,0.10438,0.0904336,2
0.109684,0.169592,0.0228742,2
0.214547,0.0342518,0.0613334,2
0.123246,0.2113,0.0540628,2
0.126884,0.192387,0.0328515,2
0.15925,0.17704,0.0453863,2
0.20155,0.0376548,0.0602826,2
0.129765,0.180327,0.0737668,2
0.151552,0.177881,0.0854667,2
0.136833,0.174505,0.0763979,2
0.192973,0.216503,0.0285974,2
0.149418,0.194891,0.0276892,2
0.165654,0.20875,0.0207523,2
0.165789,0.133009,0.0606914,2
0.1008,0.108395,0.0149198,2
0.11909,0.10921,0.0378028,2
0.123898,0.165998,0.00993034,2
0.1576,0.0200651,0.0851108,2
0.126105,0.0604293,0.0706579,2
0.135015,0.113223,0.00139157,2
0.125576,0.101333,0.0592976,2
0.222672,0.0745728,0.0818316,2
0.203857,0.179186,0.0144599,2
0.127436,0.0534293,0.0575846,2
0.224946,0.145963,0.105409,2
0.144379,0.0918964,0.0649599,2
0.108928,0.201298,0.0898608,2
0.154088,0.0216685,0.0902946,2
0.116552,0.20587,0.00819758,2
0.206507,0.0683774,0.0289346,2
0.135414,0.204629,0.00553516,2
0.185947,0.162797,0.0190441,2
0.1412,0.105263,0.0957033,2
0.161395,0.00579591,0.101628,2
0.162046,0.089985,0.102772,2
0.16923,0.0857307,0.0884212,2
0.211203,0.12819,0.0309968,2
0.191973,0.0175404,0.0361118,2
0.200301,0.0708338,0.0685335,2
0.134007,0.0555903,0.0959265,2
0.113385,0.0124598,0.101266,2
0.205561,0.0540831,0.0265528,2
0.125161,0.0339881,0.0276523,2
0.214002,0.0135995,0.0410021,2
0.139435,0.107537,0.0703181,2
0.204329,0.107354,0.0547462,2
0.145921,0.0447788,0.0562624,2
0.153217,0.0224753,0.0314977,2
0.217095,0.14826,0.0332805,2
0.187288,0.131363,0.0949414,2
0.157416,0.0108367,0.137143,3
0.102749,0.178951,0.169265,3
0.183087,0.142056,0.14482,3
0.172717,0.0792638,0.121358,3
0.189831,0.0721432,0.211422,3
0.14092,0.0633304,0.161115,3
0.162538,0.0604448,0.198785,3
0.137068,0.078991,0.146117,3
0.222768,0.0500488,0.220802,3
0.207945,0.00417269,0.140875,3
0.223551,0.103318,0.170613,3
0.102751,0.116909,0.134779,3
0.209511,0.0318876,0.136109,3
0.135309,0.136656,0.203006,3
0.193543,0.180082,0.199159,3
0.220531,0.0906504,0.199128,3
0.218302,0.0546515,0.213092,3
0.185224,0.0509317,0.219519,3
0.129165,0.0241572,0.128646,3
0.145023,0.0411957,0.17849,3
0.133046,0.0870991,0.120499,3
0.110041,0.0510349,0.214252,3
0.206107,0.0223314,0.169277,3
0.163641,0.0647324,0.21368,3
0.179596,0.12568,0.219134,3
0.207065,0.180969,0.156654,3
0.178527,0.0242471,0.176181,3
0.180128,0.220198,0.163688,3
0.224402,0.0823425,0.132571,3
0.216315,0.0963523,0.19023,3
0.189884,0.0179298,0.153602,3
0.128836,6.10191e-05,0.202235,3
0.182518,0.0237352,0.212913,3
0.113963,0.131025,0.17692,3
0.101671,0.102459,0.192621,3
0.165916,0.0938153,0.158612,3
0.143133,0.0784072,0.134475,3
0.108141,0.11784,0.168201,3
0.198373,0.116644,0.182756,3
0.202238,0.0663098,0.18131,3
0.169281,0.0542148,0.2144,3
0.152947,0.101443,0.139581,3
0.140733,0.206175,0.160492,3
0.109124,0.190915,0.160602,3
0.0995053,0.0537909,0.159232,3
0.224661,0.0702414,0.130558,3
0.206467,0.000648167,0.212145,3
0.103621,0.094955,0.156226,3
0.135352,0.166983,0.12596,3
0.136083,0.209427,0.134287,3
0.183947,0.222514,0.160948,3
0.195603,0.178176,0.152791,3
0.121472,0.131091,0.188108,3
0.210174,0.128922,0.204433,3
0.216651,0.206532,0.140233,3
0.154012,0.0370145,0.22324,3
0.197817,0.0199886,0.136558,3
0.185357,0.140829,0.142324,3
0.151286,0.0965323,0.181331,3
0.160952,0.147927,0.152125,3
0.141772,0.119881,0.145759,3
0.170446,0.146643,0.170485,3
0.165439,0.0760947,0.168957,3
0.172907,0.0319086,0.220782,3
0.202656,0.174769,0.125129,3
0.224196,0.0603224,0.204399,3
0.1235,0.132324,0.222959,3
0.168292,0.162302,0.203234,3
0.216635,0.209033,0.129395,3
0.120516,0.0586646,0.153185,3
0.134805,0.182308,0.139166,3
0.150806,0.0824499,0.208841,3
0.117763,0.0269321,0.165744,3
0.104679,0.113038,0.212992,3
0.147472,0.132242,0.182302,3
0.220671,0.184955,0.156997,3
0.207453,0.00509011,0.213374,3
0.195111,0.123806,0.179553,3
0.133004,0.151607,0.175313,3
0.168716,0.190567,0.214376,3
0.169505,0.167457,0.140871,3
0.18911,0.0997566,0.169034,3
0.141967,0.200799,0.158613,3
0.211914,0.215226,0.214676,3
0.151282,0.140756,0.206191,3
0.19217,0.127017,0.137945,3
0.1128,0.093942,0.219777,3
0.189898,0.123785,0.154712,3
0.110703,0.145292,0.145074,3
0.164708,0.0667229,0.212363,3
0.187606,0.204961,0.142643,3
0.194368,0.170524,0.170303,3
0.119992,0.0487651,0.222013,3
0.103197,0.0104349,0.127072,3
0.190894,0.195315,0.22429,3
0.181637,0.0464573,0.211641,3
0.173719,0.172612,0.211176,3
0.166756,0.193074,0.215105,3
0.175103,0.200939,0.204041,3
0.114492,0.0457268,0.138503,3
0.107609,0.0766155,0.154597,3
0.105415,0.00155899,0.179606,3
0.131957,0.0830546,0.15752,3
0.174132,0.0410408,0.133446,3
0.211681,0.0451748,0.149106,3
0.223737,0.218747,0.192256,3
0.222883,0.221987,0.141107,3
0.157519,0.158539,0.20766,3
0.171892,0.00809279,0.148521,3
0.124857,0.0513323,0.127852,3
0.131036,0.112969,0.177343,3
0.122249,0.119002,0.202596,3
0.208233,0.144058,0.125808,3
0.215638,0.213998,0.198574,3
0.198461,0.0336413,0.139366,3
0.224744,0.0839726,0.210962,3
0.140335,0.223179,0.150685,3
0.166419,0.141119,0.127851,3
0.204146,0.0821145,0.124988,3
0.22104,0.0792765,0.124068,3
0.170474,0.20022,0.202316,3
0.141285,0.223849,0.124951,3
0.188333,0.189459,0.15679,3
0.212981,0.15077,0.168399,3
0.101195,0.154687,0.184904,3
0.122175,0.213234,0.120152,3
0.192481,0.212916,0.121052,3
0.0998972,0.175393,0.151805,3
0.0996481,0.091163,0.18165,3
