x coord,y coord,z coord,rank
0.127471,0.126301,0.181152,0
0.206382,0.121487,0.116609,0
0.203638,0.118921,0.156202,0
0.115854,0.15462,0.039933,0
0.151477,0.206584,0.118752,0
0.189275,0.207183,0.0700139,0
0.117467,0.127697,0.198895,0
0.224221,0.200249,0.0447245,0
0.192844,0.169185,0.0591736,0
0.149844,0.141688,0.0857868,0
0.185289,0.197793,0.12497,0
0.203392,0.154783,0.00696739,0
0.131255,0.218002,0.0560998,0
0.169054,0.118754,0.0728626,0
0.158814,0.214799,0.0932802,0
0.195673,0.191539,0.188796,0
0.196182,0.217731,0.00987742,0
0.122855,0.169782,0.0145814,0
0.196065,0.162286,0.20815,0
0.154146,0.149002,0.00903451,0
0.121796,0.120272,0.00134559,0
0.16331,0.178018,0.144142,0
0.215951,0.149698,0.113208,0
0.161226,0.12015,0.0570524,0
0.224536,0.210528,0.22444,0
0.178291,0.155911,0.0226159,0
0.180542,0.169989,0.221938,0
0.15311,0.155735,0.0598134,0
0.21702,0.115902,0.00142293,0
0.18746,0.145553,0.0292833,0
0.185695,0.115857,0.0694785,0
0.117676,0.220294,0.140523,0
0.118439,0.129577,0.20262,0
0.149715,0.191116,0.161686,0
0.216657,0.172106,0.0317158,0
0.181966,0.220141,0.0222309,0
0.197367,0.200287,0.181504,0
0.110499,0.124407,0.138645,0
0.12461,0.181259,0.216421,0
0.193215,0.146256,0.209841,0
0.223717,0.118532,0.0276888,0
0.131715,0.124712,0.111741,0
0.158789,0.158414,0.176386,0
0.192699,0.185946,0.0676342,0
0.217808,0.135668,0.0567418,0
0.169732,0.204843,0.12049,0
0.109761,0.20053,0.0862191,0
0.179484,0.156549,0.0141666,0
0.193717,0.134198,0.182847,0
0.119891,0.141438,0.210459,0
0.178914,0.122679,0.087247,0
0.209707,0.180187,0.115025,0
0.142838,0.206589,0.00980749,0
0.183808,0.119074,0.0920134,0
0.196653,0.129285,0.122354,0
0.142058,0.223723,0.197899,0
0.131139,0.165951,0.144005,0
0.131041,0.116267,0.189963,0
0.18382,0.125188,0.0596521,0
0.162327,0.162769,0.123243,0
0.176735,0.166499,0.00761404,0
0.109691,0.135357,0.109113,0
0.19238,0.125891,0.214631,0
0.219006,0.199475,0.186664,0
0.156721,0.173363,0.0414441,0
0.142498,0.162806,0.027974,0
0.207473,0.193565,0.193622,0
0.140308,0.174038,0.107752,0
0.109215,0.2087,0.183458,0
0.188206,0.202878,0.154592,0
0.14641,0.2,0.0251636,0
0.223137,0.208943,0.0277825,0
0.122882,0.214887,0.112494,0
0.138724,0.185965,0.145332,0
0.127885,0.171648,0.189048,0
0.222417,0.12742,0.0847957,0
0.14324,0.198263,0.160498,0
0.124506,0.176081,0.185158,0
0.221633,0.126511,0.0390907,0
0.182572,0.184751,0.0461865,0
0.16047,0.189763,0.205451,0
0.155336,0.140811,0.180508,0
0.130291,0.183481,0.0743315,0
0.215123,0.150155,0.113361,0
0.121413,0.205566,0.165656,0
0.193649,0.171345,0.100673,0
0.113651,0.116381,0.0163837,0
0.206907,0.154838,0.0334993,0
0.170845,0.124538,0.208253,0
0.128459,0.152261,0.011086,0
0.142573,0.202722,0.180609,0
0.152661,0.150636,0.0434151,0
0.178384,0.142699,0.208628,0
0.202694,0.190819,0.160398,0
0.136206,0.133866,0.134723,0
0.134684,0.216423,0.0593743,0
0.115557,0.193591,0.218361,0
0.158344,0.157365,0.122368,0
0.120587,0.180609,0.167154,0
0.138571,0.224843,0.145625,0
0.128193,0.133418,0.145085,0
0.158538,0.184038,0.123816,0
0.137208,0.206794,0.130049,0
0.156307,0.16086,0.0535763,0
0.135108,0.117528,0.110901,0
0.201258,0.196304,0.1264,0
0.218279,0.134259,0.0159547,0
0.167635,0.146361,0.119567,0
0.122617,0.169238,0.0109697,0
0.200221,0.143607,0.124587,0
0.111881,0.159144,0.105818,0
0.169207,0.202095,0.0269288,0
0.216661,0.181719,0.0939235,0
0.114773,0.179998,0.141158,0
0.120214,0.218789,0.125458,0
0.172784,0.171279,0.00977924,0
0.111645,0.20793,0.0581093,0
0.125545,0.188099,0.0320009,0
0.223531,0.153785,0.114582,0
0.12884,0.168849,0.0883581,0
0.202404,0.198975,0.17789,0
0.213928,0.121621,0.14319,0
0.15908,0.143118,0.110213,0
0.153893,0.114924,0.192397,1
0.116145,0.0829719,0.149239,1
0.210134,0.115121,0.105925,1
0.168053,0.091812,0.0934127,1
0.114904,0.111877,0.117761,1
0.121364,0.0602673,0.135196,1
0.181168,0.0246994,0.193432,1
0.116432,0.0464643,0.136053,1
0.165154,0.0319038,0.184037,1
0.154098,0.016523,0.130057,1
0.127839,0.028735,0.00254952,1
0.19025,0.060849,0.124461,1
0.184677,0.0764663,0.110462,1
0.158601,0.0143075,0.224675,1
0.220208,0.0200602,0.214553,1
0.150778,0.0336475,0.172113,1
0.219409,0.0161898,0.118193,1
0.153178,0.00811168,0.151691,1
0.21019,0.0645569,0.161976,1
0.149038,0.0703576,0.224104,1
0.110615,0.0706584,0.157879,1
0.213063,0.000669629,0.0726276,1
0.215418,0.0275337,0.0715439,1
0.136103,0.0561245,0.00215748,1
0.120655,0.0309435,0.080486,1
0.159951,0.0644413,0.011515,1
0.158702,0.0675422,0.217945,1
0.123665,0.0160294,0.0916008,1
0.207691,0.041703,0.0888455,1
0.163125,0.0606925,0.0345193,1
0.156253,0.0682436,0.150711,1
0.126901,0.0752003,0.0199233,1
0.199958,0.0342548,0.17802,1
0.197114,0.07065,0.0398473,1
0.183691,0.0439213,0.023373,1
0.137808,0.024238,0.15868,1
0.166993,0.0309167,0.196091,1
0.142684,0.0723175,0.132149,1
0.213378,0.0642203,0.0711278,1
0.176402,0.0289044,0.193463,1
0.13889,0.0069366,0.0985366,1
0.146437,0.0331834,0.218159,1
0.207771,0.106473,0.188922,1
0.18331,0.0137771,0.0562975,1
0.135771,0.10804,0.14818,1
0.193194,0.0456828,0.0151399,1
0.168392,0.0625665,0.222662,1
0.137517,0.0815538,0.115867,1
0.146295,0.0207364,0.130748,1
0.18194,0.00324751,0.0558118,1
0.107537,0.0863234,0.207247,1
0.164409,0.046772,0.118156,1
0.123578,0.0158412,0.0366548,1
0.153601,0.104762,0.1333,1
0.139547,0.056283,0.0532692,1
0.217034,0.0156937,0.0315722,1
0.180775,0.0132555,0.153899,1
0.132046,0.0149499,0.0317963,1
0.193556,0.0503973,0.0511806,1
0.203153,0.051822,0.0383966,1
0.157141,0.00197684,0.0251342,1
0.158769,0.0978607,0.107205,1
0.211992,0.0221245,0.0628672,1
0.121567,0.0577045,0.199975,1
0.145758,0.0804991,0.106283,1
0.108099,0.0548536,0.00793791,1
0.166424,0.025888,0.00917282,1
0.114022,0.108331,0.0180051,1
0.123374,0.10264,0.222015,1
0.190017,0.0767318,0.118953,1
0.184704,0.0805674,0.0430532,1
0.137054,0.103704,0.190812,1
0.206728,0.0657753,0.0899766,1
0.170317,0.0286072,0.0851014,1
0.198314,0.0277605,0.189325,1
0.188977,0.0638932,0.141758,1
0.150384,0.0543939,0.042107,1
0.193068,0.0108101,0.113491,1
0.133206,0.015903,0.0557755,1
0.223026,0.00427646,0.0985339,1
0.171465,0.0617914,0.0887782,1
0.205891,0.0844756,0.207428,1
0.174394,0.0737519,0.0243566,1
0.194823,0.0392937,0.0268745,1
0.120556,0.0578233,0.0227608,1
0.148099,0.0112069,0.21067,1
0.151762,0.0925471,0.0363813,1
0.151513,0.0470089,0.137116,1
0.168183,0.0339164,0.174952,1
0.194512,0.0479275,0.0871033,1
0.159761,0.105287,0.174246,1
0.114426,0.0838618,0.21029,1
0.151635,0.0571593,0.223168,1
0.21998,0.076096,0.00862777,1
0.180073,0.0818633,0.103915,1
0.193755,0.0149696,0.0465981,1
0.198188,0.057467,0.0555818,1
0.207927,0.0629064,0.199054,1
0.121393,0.0327726,0.109951,1
0.136328,0.0699806,0.192991,1
0.18004,0.0422656,0.0906305,1
0.162383,0.108849,0.0938573,1
0.204447,0.0877313,0.0204482,1
0.135889,0.0741593,0.160122,1
0.124601,0.0644806,0.216233,1
0.149788,0.097184,0.104494,1
0.124068,0.0909673,0.216851,1
0.135305,0.0459285,0.214993,1
0.115176,0.0797455,0.0121791,1
0.166865,0.0214896,0.0706223,1
0.122914,0.0164552,0.183235,1
0.158336,0.0111811,0.102098,1
0.115588,0.112804,0.212423,1
0.173758,0.0691574,0.108231,1
0.129412,0.110436,0.0393784,1
0.106836,0.111453,0.0455332,1
0.221038,0.000386419,0.103035,1
0.109445,0.0892843,0.0622506,1
0.184833,0.102997,0.124082,1
0.189452,0.110547,0.0765809,1
0.138786,0.0538176,0.119696,1
0.219578,0.115068,0.0862169,1
0.0182185,0.122039,0.174358,2
0.0971822,0.169325,0.220491,2
0.103693,0.135709,0.0861858,2
0.0801656,0.17132,0.0681382,2
0.0200456,0.12287,0.173796,2
0.00372096,0.224684,0.217214,2
0.0730879,0.136116,0.159097,2
0.00290732,0.155101,0.104719,2
0.0881511,0.165742,0.109853,2
0.0245477,0.119367,0.181137,2
0.0221831,0.12204,0.175801,2
0.026952,0.119127,0.17462,2
0.023483,0.120921,0.171622,2
0.0178373,0.152119,0.222698,2
0.0494598,0.178772,0.125677,2
0.0227263,0.12016,0.178353,2
0.0213132,0.121334,0.169363,2
0.103881,0.201497,0.0107285,2
0.0230045,0.120825,0.173127,2
0.0187854,0.120391,0.177347,2
0.0473344,0.182275,0.186638,2
0.0135188,0.133459,0.1443,2
0.0871915,0.142031,0.140235,2
0.0187988,0.119946,0.172553,2
0.0195918,0.120369,0.176986,2
0.0722755,0.161717,0.179187,2
0.0108908,0.19747,0.0966062,2
0.0930417,0.159609,0.210472,2
0.0173079,0.120999,0.175674,2
0.106801,0.178292,0.205778,2
0.0177063,0.118966,0.173764,2
0.00335542,0.124999,0.148278,2
0.0422684,0.12329,0.213733,2
0.0155281,0.120789,0.180575,2
0.0227037,0.117827,0.179079,2
0.0343502,0.17702,0.173506,2
0.0248506,0.118207,0.180006,2
0.0199997,0.11828,0.176567,2
0.0640219,0.207578,0.0534439,2
0.00870697,0.157745,0.0854601,2
0.0191342,0.118072,0.174854,2
0.0176698,0.119774,0.176038,2
0.0743897,0.124629,0.0645421,2
0.0330569,0.205332,0.00618128,2
0.105844,0.125195,0.135,2
0.0494912,0.201308,0.116828,2
0.0424103,0.196608,0.109424,2
0.102481,0.139285,0.106411,2
0.0711721,0.20297,0.00888948,2
0.0793979,0.207454,0.188823,2
0.0879408,0.159376,0.10882,2
0.0839836,0.187581,0.084685,2
0.0987179,0.12532,0.137737,2
0.0176411,0.158781,0.0384724,2
0.0623453,0.161896,0.147674,2
0.0725357,0.190125,0.0531067,2
0.0435955,0.203543,0.0841575,2
0.0473291,0.210878,0.201048,2
0.0254715,0.185857,0.144977,2
0.0620557,0.166871,0.0302886,2
0.0690279,0.173048,0.0556306,2
0.0036007,0.207164,0.00794955,2
0.0526308,0.141387,0.0792532,2
0.00258339,0.15839,0.0742378,2
0.0181444,0.123727,0.176053,2
0.0408677,0.136291,0.151191,2
0.063985,0.172552,0.0363292,2
0.0395695,0.146597,0.0147433,2
0.0539369,0.169229,0.15593,2
0.0823792,0.158207,0.0385354,2
0.0999901,0.142467,0.154143,2
0.0424848,0.168037,0.0386229,2
0.057883,0.175045,0.0313848,2
0.0416042,0.161414,0.177351,2
0.0633314,0.20844,0.193795,2
0.0269465,0.119046,0.172166,2
0.00655943,0.132926,0.0591747,2
0.0992874,0.157632,0.118778,2
0.0534147,0.216344,0.077156,2
0.0248998,0.118325,0.178229,2
0.078868,0.187265,0.041581,2
0.0525252,0.223821,0.0462143,2
0.0454846,0.179938,0.0384668,2
0.10538,0.187327,0.0982372,2
0.0836284,0.171298,0.057834,2
0.025777,0.214313,0.215752,2
0.0530426,0.185549,0.118062,2
0.0723386,0.142608,0.164876,2
0.0207167,0.120296,0.172612,2
0.0246043,0.11982,0.179565,2
0.0516413,0.183284,0.213603,2
0.0052953,0.143953,0.160892,2
0.0369155,0.177872,0.202797,2
0.031612,0.168232,0.0773349,2
0.0269838,0.199309,0.196177,2
0.0285606,0.18427,0.0997781,2
0.00676847,0.188535,0.207599,2
0.0853681,0.207733,0.200984,2
0.0857607,0.18122,0.0413668,2
0.00368977,0.126704,0.033944,2
0.0825094,0.162472,0.164977,2
0.0787432,0.217998,0.163076,2
0.0734869,0.117699,0.00869975,2
0.0696598,0.190811,0.215017,2
0.0234483,0.122925,0.173371,2
0.0828855,0.205394,0.00543777,2
0.0810176,0.131932,0.187088,2
0.101653,0.166687,0.224056,2
0.0186049,0.120149,0.142434,2
0.0227018,0.185455,0.0733227,2
0.0362274,0.215036,0.16691,2
0.0965374,0.14244,0.0811008,2
0.0558933,0.192944,0.0134258,2
0.0428444,0.162588,0.0525986,2
0.0297355,0.137199,0.050497,2
0.0773457,0.123612,0.119071,2
0.0266129,0.118209,0.170464,2
0.0484389,0.113586,0.147234,3
0.0132627,0.101918,0.027905,3
0.0502316,0.0524954,0.151269,3
0.0181806,0.0925976,0.161247,3
0.025127,0.104672,0.13776,3
0.0496921,0.0993601,0.0133216,3
0.0924511,0.109928,0.051933,3
0.0177385,0.100152,0.104031,3
0.0729238,0.00992447,0.0415316,3
0.0100006,0.0552322,0.0922225,3
0.0297589,0.0245417,0.0374834,3
0.0620883,0.0110227,0.068395,3
0.0842213,0.0372396,0.080195,3
0.00379027,0.0460492,0.117379,3
0.0885409,0.0568774,0.179438,3
0.0464973,0.00432177,0.212149,3
0.0582184,0.0735101,0.0751759,3
0.0267168,0.0840056,0.122246,3
0.0574626,0.0100336,0.0366634,3
0.0351329,0.0953149,0.0368601,3
0.0233388,0.114202,0.179201,3
0.0221119,0.117551,0.176371,3
0.0581384,0.0957895,0.118235,3
0.0544806,0.0130983,0.125186,3
0.096752,0.00253214,0.0850496,3
0.0499376,0.0352121,0.161188,3
0.057786,0.058644,0.0188413,3
0.0767523,0.0335651,0.0205655,3
0.0442419,0.0553241,0.0268261,3
0.0910208,0.0217964,0.0326516,3
0.0309031,0.0442828,0.0733276,3
0.0503266,0.0461252,0.109754,3
0.104203,0.0698761,0.111957,3
0.056054,0.0379814,0.214376,3
0.0820794,0.0741842,0.156632,3
0.00197295,0.000267483,0.0223743,3
0.0266931,0.0444639,0.144556,3
0.0147066,0.0694892,0.0383045,3
0.0298731,0.00863881,0.16451,3
0.0063878,0.0502055,0.152131,3
0.0537401,0.105824,0.00692915,3
0.0778027,0.00278585,0.103849,3
0.068687,0.0131527,0.0183881,3
0.0749494,0.0948441,0.0615695,3
0.0823879,0.0891951,0.203138,3
0.0468605,0.0663831,0.202846,3
0.031641,0.0547777,0.223562,3
0.0267274,0.0904481,0.192203,3
0.0879223,0.0678461,0.183678,3
0.0637045,0.0034229,0.15487,3
0.085184,0.0590793,0.224097,3
0.092062,0.032477,0.0305634,3
0.0762819,0.0718821,0.0138585,3
0.0638241,0.0851049,0.0336171,3
0.081579,0.0202035,0.12811,3
0.0682844,0.111147,0.134807,3
0.0129283,0.0282916,0.0184406,3
0.00564302,0.0209019,0.186171,3
0.0414319,0.100432,0.120671,3
0.0710557,0.0707427,0.058911,3
0.0555099,0.0500875,0.113611,3
0.000744661,0.0597903,0.0198086,3
0.0693367,0.0596563,0.175599,3
0.0121524,0.00449572,0.181719,3
0.0273635,0.0925994,0.17891,3
0.0557766,0.0557273,0.110303,3
0.0301003,0.00824648,0.0241813,3
0.0454415,0.0935191,0.106086,3
0.0638523,0.0664517,0.0458393,3
0.0201621,0.0399948,0.116058,3
0.0214619,0.114759,0.177033,3
0.0332028,0.0687504,0.192881,3
0.0196631,0.0199146,0.0542296,3
0.0408072,0.0903094,0.08114,3
0.045395,0.0235559,0.0863503,3
0.04183,0.00736135,0.131408,3
0.0353748,0.00216187,0.149794,3
0.00870785,0.0554909,0.212842,3
0.0328053,0.0330072,0.0281978,3
0.0501536,0.111733,0.0873353,3
0.0811992,0.0476367,0.0859432,3
0.0235878,0.114914,0.176139,3
0.0023779,0.0644383,0.00971407,3
0.0563265,0.012741,0.211568,3
0.0798428,0.107095,0.0929447,3
0.0466365,0.0103594,0.0788597,3
0.0925993,0.0323124,0.182495,3
0.0506768,0.0797425,0.149455,3
0.0250806,0.105106,0.157371,3
0.0301858,0.0268196,0.0695825,3
0.0304003,0.0115685,0.00858939,3
0.0198471,0.113316,0.176579,3
0.0772301,0.0589965,0.138288,3
0.0211168,0.101418,0.169178,3
0.00569703,0.096966,0.182872,3
0.0861049,0.0704397,0.159096,3
0.0161993,0.041692,0.124296,3
0.0491683,0.103431,0.074084,3
0.0730084,0.0443991,0.0562396,3
0.0494272,0.106195,0.118127,3
0.0983474,0.0354099,0.145895,3
0.0202414,0.0216486,0.0211668,3
0.074356,0.0933526,0.0896086,3
0.0566025,0.0141669,0.12271,3
0.0592374,0.0868247,0.111958,3
0.0686495,0.0653407,0.0597069,3
0.0602321,0.0620901,0.102105,3
0.0609192,0.087143,0.0936677,3
0.0146641,0.109638,0.0793902,3
0.0718481,0.0952241,0.110747,3
0.0196823,0.114744,0.176505,3
0.0652426,0.00829228,0.167524,3
0.0859639,0.109067,0.0080232,3
0.0178934,0.105091,0.198102,3
0.0666818,0.116441,0.0214306,3
0.0257527,0.102096,0.152673,3
0.0316548,0.0973845,0.0289027,3
0.0867231,0.101994,0.126385,3
0.0160821,0.104701,0.0894806,3
0.0516154,0.107092,0.137836,3
0.0226618,0.115581,0.175548,3
0.0368006,0.058692,0.149567,3
0.0475158,0.0946282,0.199259,3
0.00840216,0.106988,0.205659,3
0.0201238,0.117685,0.17569,3
0.104123,0.115476,0.154201,3
0.0218169,0.116906,0.174831,3
0.0238499,0.116524,0.176701,3
0.021406,0.114,0.197521,3
0.0195333,0.116376,0.176203,3
0.10477,0.0228731,0.207698,3
0.025879,0.116822,0.177107,3
0.0208635,0.115323,0.176497,3
0.0209515,0.117571,0.176198,3
0.105135,0.0645592,0.0209127,3
0.105187,0.0117105,0.0459773,3
0.0200178,0.116027,0.177101,3
0.0226216,0.11562,0.174196,3
