x coord,y coord,z coord,rank
0.134492,0.17825,0.104886,0
0.166852,0.133528,0.0986951,0
0.0201275,0.19025,0.0291722,0
0.0615751,0.222192,0.0494166,0
0.0128006,0.193084,0.0846556,0
0.104222,0.220572,0.0485516,0
0.0224353,0.182079,0.0293142,0
0.110168,0.150515,0.102292,0
0.0234017,0.189572,0.028462,0
0.03484,0.19435,0.0106538,0
0.100134,0.213546,0.0466459,0
0.091015,0.156711,0.00663046,0
0.0507355,0.168309,0.0447522,0
0.0451812,0.136292,0.0279229,0
0.0217086,0.185283,0.0315254,0
0.132966,0.17097,0.0100762,0
0.0919276,0.203211,0.0694201,0
0.0807359,0.150566,0.0971476,0
0.0858104,0.144807,0.0131215,0
0.0218787,0.186809,0.0345122,0
0.0181833,0.186801,0.0339334,0
0.0845439,0.162468,0.0858984,0
0.0229837,0.183726,0.0282091,0
0.209083,0.206783,0.0496536,0
0.0215926,0.186418,0.0270535,0
0.0728413,0.201308,0.0252122,0
0.132011,0.222786,0.0278402,0
0.158092,0.199201,0.0563705,0
0.0894399,0.165687,0.0778654,0
0.153534,0.150237,0.0768627,0
0.0191794,0.186348,0.0307417,0
0.0206646,0.186554,0.0326208,0
0.124874,0.155526,0.0627519,0
0.202837,0.146053,0.0832027,0
0.000587641,0.143473,0.00774385,0
0.0216757,0.191797,0.0303955,0
0.0248395,0.184886,0.0381817,0
0.0220825,0.21736,0.00263213,0
0.111035,0.167574,0.0283399,0
0.223814,0.179591,0.0718115,0
0.222826,0.149683,0.0841565,0
0.1145,0.174046,0.00187654,0
0.0242766,0.181388,0.0311347,0
0.208542,0.214974,0.0590887,0
0.191911,0.157738,0.0859124,0
0.0430794,0.184764,0.0527134,0
0.065619,0.144904,0.0526302,0
0.0270787,0.185585,0.0318888,0
0.0236126,0.180945,0.0310696,0
0.0183593,0.187089,0.0323549,0
0.189512,0.178978,0.0796091,0
0.0178329,0.165052,0.0854078,0
0.0244711,0.19048,0.034965,0
0.125593,0.132932,0.0765692,0
0.0212131,0.181067,0.0301728,0
0.0200844,0.1828,0.0320938,0
0.025055,0.184909,0.0293407,0
0.0190482,0.185141,0.028936,0
0.0217821,0.186646,0.0343053,0
0.158706,0.180607,0.0352586,0
0.145236,0.186743,0.0301963,0
0.0231561,0.18645,0.0292872,0
0.0216448,0.180842,0.0283265,0
0.0189577,0.187305,0.02733,0
0.180524,0.177096,0.0448431,0
0.0725516,0.185474,0.0417005,0
0.0235132,0.187396,0.0252312,0
0.177672,0.217073,0.0607793,0
0.138295,0.192046,0.0612579,0
0.0157183,0.184588,0.028646,0
0.0246923,0.189257,0.0296992,0
0.135524,0.218147,0.0578305,0
0.0216966,0.181483,0.0316826,0
0.0209712,0.180064,0.03058,0
0.0182343,0.184352,0.033212,0
0.113969,0.144714,0.0709933,0
0.146584,0.19572,0.0110554,0
0.119126,0.196867,0.0400463,0
0.109349,0.167133,0.0636223,0
0.16745,0.176796,0.0168018,0
0.0183352,0.18636,0.0294715,0
0.0246924,0.183716,0.0334041,0
0.0251326,0.184983,0.0280878,0
0.0212072,0.18452,0.0272842,0
0.20144,0.214909,0.0531346,0
0.202203,0.187501,0.0413767,0
0.0260092,0.188729,0.0310307,0
0.0179757,0.18715,0.031586,0
0.161582,0.179259,0.0729125,0
0.0194593,0.180617,0.0350134,0
0.0388113,0.177432,0.0248262,0
0.0256385,0.18629,0.0335332,0
0.00541866,0.190683,0.049361,0
0.0246579,0.155018,0.0199869,0
0.146184,0.158891,0.0994611,0
0.161563,0.147852,0.038556,0
0.0207214,0.18395,0.0354261,0
0.0211169,0.186027,0.0306747,0
0.0496136,0.143516,0.0360758,0
0.201935,0.198534,0.0618293,0
0.146186,0.145867,0.0308293,0
0.156457,0.147271,0.0302924,0
0.0206215,0.179716,0.0315131,0
0.0375513,0.172413,0.0563472,0
0.134972,0.210439,0.0825948,0
0.0882648,0.147014,0.082817,0
0.0193154,0.183454,0.0281445,0
0.0222143,0.186299,0.0239711,0
0.0241861,0.1875,0.0249588,0
0.019491,0.185952,0.0278839,0
0.0216803,0.1863,0.0306844,0
0.185558,0.173053,0.062466,0
0.0430909,0.137064,0.0377169,0
0.223777,0.209855,0.0949031,0
0.185731,0.176662,0.0806573,0
0.0232067,0.189534,0.0301799,0
0.0239153,0.184258,0.0342143,0
0.151123,0.19227,0.0642732,0
0.132524,0.200981,0.0924727,0
0.0439001,0.142659,0.0902142,0
0.139843,0.187408,0.0650232,0
0.130503,0.144847,0.0769515,0
0.0530149,0.218341,0.00679894,0
0.0731192,0.148895,0.0725652,0
0.18011,0.160363,0.0190371,0
0.106581,0.132432,0.0766736,0
0.16866,0.130776,0.0681567,0
0.0916339,0.0438579,0.066941,1
0.0775656,0.0844406,0.0881666,1
0.189691,0.122863,0.0386153,1
0.148247,0.0838636,0.0851265,1
0.117109,0.100783,0.100846,1
0.152123,0.10536,0.0265674,1
0.134362,0.0851998,0.0341749,1
0.175674,0.0714617,0.0467243,1
0.0317956,0.0559076,0.0883089,1
0.0302871,0.0867333,0.0902244,1
0.00101056,0.0996772,0.0992024,1
0.155552,0.0589106,0.0117008,1
0.116858,0.114879,0.0218025,1
0.103329,0.0679821,0.0429292,1
0.0901101,0.0952815,0.0426904,1
0.0617402,0.0872439,0.00133775,1
0.160094,0.0625412,0.0850068,1
0.104244,0.0287065,0.0321441,1
0.181075,0.0987221,0.0537371,1
0.218239,0.0168793,0.0977155,1
0.224208,0.0435736,0.104578,1
0.22289,0.0629875,0.0602294,1
0.153867,0.0458712,0.00308691,1
0.180571,0.0309311,0.0117,1
0.146055,0.0641146,0.0279795,1
0.187444,0.0352717,0.0849963,1
0.154115,0.112657,0.0330534,1
0.220401,0.0855917,0.0756275,1
0.133262,0.0759363,0.0991506,1
0.195248,0.0506814,0.0223758,1
0.0832592,0.124337,0.0226633,1
0.0786007,0.106683,0.0942623,1
0.00631437,0.0568928,0.0926424,1
0.0999407,0.0786261,0.0347563,1
0.0562227,0.0577213,0.0422272,1
0.082721,0.0743088,0.104368,1
0.0032617,0.0248455,0.0198148,1
0.0927672,0.121657,0.0627811,1
0.218318,0.0328846,0.0595629,1
0.171399,0.0286304,0.0145941,1
0.153738,0.0751768,0.0388438,1
0.0253475,0.104319,0.0759784,1
0.224531,0.0103498,0.00774031,1
0.183187,0.0741884,0.0820399,1
0.20614,0.112977,0.0531961,1
0.004719,0.0124495,0.0749978,1
0.0526758,0.0681631,0.0965446,1
0.0854942,0.034569,0.0833075,1
0.178825,0.0751593,0.0804268,1
0.211132,0.033052,0.0936106,1
0.0851186,0.0124192,0.00713074,1
0.153274,0.0891751,0.0303348,1
0.193039,0.127438,0.00141474,1
0.198847,0.0456018,0.0606373,1
0.197915,0.11994,0.0068894,1
0.188492,0.103797,0.0784683,1
0.0117613,0.0478862,0.0399972,1
0.0184318,0.0596295,0.0542503,1
0.210347,0.0768421,0.0698099,1
0.203116,0.047234,0.0261016,1
0.134293,0.122081,0.0736087,1
0.20776,0.0471832,0.0070035,1
0.0248243,0.0104944,0.0286714,1
0.0918607,0.0614596,0.0237069,1
0.165283,0.0574328,0.094201,1
0.115684,0.0253333,0.0929036,1
0.157262,0.0348174,0.0861599,1
0.0148011,0.101454,0.054911,1
0.21771,0.0878669,0.0361697,1
0.183866,0.0463184,0.044792,1
0.199634,0.0459872,0.0266146,1
0.177359,0.124967,0.00169336,1
0.200547,0.0554622,0.096758,1
0.155202,0.0324306,0.00171612,1
0.202038,0.0795531,0.0281987,1
0.214656,0.088987,0.0322542,1
0.206628,0.0512377,0.0546542,1
0.209378,0.0599896,0.0204293,1
0.0862492,0.0740217,0.0260724,1
0.10934,0.104643,0.0774649,1
0.0610265,0.0813357,0.0908871,1
0.0701877,0.0450547,0.0223015,1
0.103301,0.112608,0.0867376,1
0.0239825,0.0847072,0.0253288,1
0.122309,0.0314669,0.0549504,1
0.0788791,0.0810337,0.00377737,1
0.0575701,0.00593162,0.0418584,1
0.0155168,0.117581,0.0333359,1
0.0359037,0.0114167,0.090015,1
0.21434,0.101985,0.0800167,1
0.070054,0.0890026,0.102745,1
0.0164725,0.0488602,0.0320954,1
0.0490484,0.0547846,0.0677771,1
0.0841986,0.0167763,0.0542757,1
0.0485731,0.0604251,0.0455841,1
0.0936401,0.0268591,0.00939706,1
0.0132331,0.108392,0.0396815,1
0.0589974,0.00748617,0.0356479,1
0.0160032,0.106334,0.0644765,1
0.171671,0.0115239,0.0339535,1
0.107662,0.022857,0.0153553,1
0.0598776,0.0601444,0.0521701,1
0.0272282,0.0289373,0.00659291,1
0.0242067,0.103681,0.0738747,1
0.0214119,0.114786,0.0064553,1
0.148596,0.0606242,0.00317044,1
0.175204,0.0392196,0.0218655,1
0.218494,0.104447,0.059361,1
0.132554,0.125501,0.032557,1
0.105117,0.044404,0.08455,1
0.020163,0.0967418,0.0558315,1
0.136874,0.0288952,0.0843425,1
0.182348,0.0759994,0.082553,1
0.0941413,0.00849225,0.056343,1
0.139593,0.114707,0.00525342,1
0.102237,0.015657,0.0335387,1
0.106673,0.129457,0.0888829,1
0.103281,0.0451057,0.0349206,1
0.100568,0.0676789,0.0732687,1
0.0153108,0.12355,0.0270428,1
0.0246165,0.0951053,0.0977089,1
0.0907329,0.107281,0.0701558,1
0.0719016,0.054726,0.089214,1
0.130226,0.110822,0.103967,1
0.11258,0.0752664,0.104429,1
0.167519,0.154112,0.118011,2
0.13518,0.194712,0.135491,2
0.17953,0.133544,0.193312,2
0.0815626,0.199735,0.183539,2
0.125492,0.13114,0.170187,2
0.185305,0.192023,0.12273,2
0.0405591,0.19803,0.112233,2
0.169938,0.184781,0.218325,2
0.126557,0.173819,0.146602,2
0.176773,0.191572,0.217242,2
0.217702,0.174623,0.106011,2
0.00206787,0.126813,0.14361,2
0.120497,0.175627,0.187376,2
0.222229,0.215004,0.195502,2
0.104236,0.185796,0.132594,2
0.15071,0.176223,0.178074,2
0.101962,0.21866,0.198973,2
0.168753,0.198083,0.115902,2
0.116396,0.116387,0.16213,2
0.16015,0.183978,0.209251,2
0.176546,0.191512,0.134409,2
0.220334,0.142435,0.153615,2
0.20537,0.144626,0.210409,2
0.170998,0.201936,0.195961,2
0.15166,0.159857,0.110543,2
0.00617802,0.194103,0.13758,2
0.0991563,0.213276,0.130471,2
0.118913,0.188746,0.196762,2
0.173776,0.214557,0.126358,2
0.133532,0.194033,0.181385,2
0.0595747,0.200442,0.122642,2
0.0506428,0.124881,0.113675,2
0.147007,0.110877,0.139838,2
0.148822,0.110389,0.182905,2
0.1964,0.150757,0.13775,2
0.081412,0.111137,0.145905,2
0.131176,0.199477,0.216695,2
0.0764169,0.122311,0.161923,2
0.206934,0.19894,0.172643,2
0.153488,0.150143,0.215826,2
0.0659149,0.167019,0.167264,2
0.112946,0.179918,0.163146,2
0.152991,0.17731,0.150007,2
0.0510541,0.160728,0.181057,2
0.218929,0.197641,0.216992,2
0.0127792,0.214058,0.171805,2
0.115741,0.2101,0.110095,2
0.157614,0.158879,0.190043,2
0.216389,0.143662,0.192635,2
0.206975,0.167193,0.122224,2
0.11073,0.191708,0.152405,2
0.0847685,0.167154,0.150337,2
0.0356532,0.177158,0.111848,2
0.135555,0.12164,0.167668,2
0.0323979,0.167157,0.114114,2
0.026491,0.115675,0.107406,2
0.0339273,0.140462,0.143401,2
0.0803405,0.140995,0.171692,2
0.0596134,0.139629,0.120407,2
0.0790819,0.190212,0.121544,2
0.0459481,0.139798,0.166768,2
0.145063,0.217826,0.107847,2
0.0116106,0.168187,0.196753,2
0.193795,0.122416,0.18453,2
0.0828141,0.17757,0.141426,2
0.114668,0.178244,0.18224,2
0.155303,0.160541,0.188762,2
0.199375,0.204434,0.189457,2
0.102143,0.191238,0.182192,2
0.173739,0.188032,0.150504,2
0.0470264,0.137407,0.211035,2
0.170402,0.20572,0.187543,2
0.178377,0.119003,0.119465,2
0.189752,0.208059,0.106996,2
0.027043,0.153418,0.141383,2
0.174186,0.201084,0.215072,2
0.0365131,0.147233,0.191537,2
0.196955,0.119595,0.22324,2
0.151446,0.193812,0.131392,2
0.0412143,0.223009,0.197259,2
0.200245,0.19254,0.223705,2
0.0331623,0.198892,0.210494,2
0.218855,0.214231,0.164577,2
0.204179,0.195422,0.108834,2
0.222749,0.182659,0.206565,2
0.0121784,0.112781,0.114375,2
0.191394,0.136406,0.199451,2
0.0851652,0.196021,0.162113,2
0.0397233,0.12861,0.167747,2
0.0847221,0.120169,0.222282,2
0.152623,0.129153,0.169954,2
0.185923,0.116881,0.186293,2
0.0974409,0.127015,0.211538,2
0.0238919,0.204876,0.12732,2
0.0248333,0.132956,0.193305,2
0.0587102,0.13052,0.182365,2
0.120162,0.206364,0.152188,2
0.0237675,0.21666,0.148307,2
0.047268,0.109991,0.151066,2
0.0720433,0.160923,0.135261,2
0.0650399,0.130168,0.136231,2
0.224657,0.148207,0.150972,2
0.15589,0.151269,0.194425,2
0.102883,0.136446,0.139263,2
0.0993342,0.20037,0.171255,2
0.0343702,0.213815,0.169595,2
0.0128369,0.129565,0.143784,2
0.0619019,0.132413,0.150503,2
0.0183339,0.181893,0.126168,2
0.0288866,0.122154,0.119955,2
0.056587,0.150574,0.110496,2
0.0374821,0.17002,0.159744,2
0.0480371,0.222985,0.135708,2
0.00845596,0.224133,0.152623,2
0.0123346,0.211089,0.204055,2
0.0960611,0.191829,0.2225,2
0.0139145,0.196742,0.172345,2
0.117389,0.177347,0.19429,2
0.00525229,0.188483,0.197505,2
0.0375294,0.185902,0.190181,2
0.0179326,0.14687,0.197102,2
0.0556996,0.206092,0.141323,2
0.0984017,0.201397,0.12871,2
0.0247389,0.115351,0.180641,2
0.154036,0.111939,0.138977,2
0.0978102,0.113489,0.138018,2
0.0223639,0.112278,0.115914,2
0.0631966,0.113055,0.144181,2
0.109111,0.0703194,0.21224,3
0.197135,0.0153806,0.213749,3
0.0763131,0.0128161,0.159642,3
0.207156,0.0221344,0.193949,3
0.0641075,0.0771182,0.224342,3
0.134528,0.0442646,0.18826,3
0.161053,0.0103584,0.151866,3
0.221598,0.042221,0.193511,3
0.154944,0.083268,0.203861,3
0.133911,0.0471018,0.119697,3
0.146728,0.0492815,0.22075,3
0.150569,0.00194333,0.130443,3
0.166707,0.0183332,0.150135,3
0.123897,0.0646154,0.132725,3
0.146968,0.0827516,0.128605,3
0.216471,0.0181833,0.168213,3
0.162516,0.0433065,0.220739,3
0.0588689,0.0674142,0.140461,3
0.020293,0.0492658,0.206701,3
0.157214,0.0508723,0.219403,3
0.0285449,0.0626382,0.189118,3
0.133615,0.107371,0.200521,3
0.092556,0.00468836,0.143881,3
0.0666752,0.0720985,0.212858,3
0.0309038,0.0738935,0.119143,3
0.109607,0.00245963,0.114997,3
0.0375304,0.0826456,0.145126,3
0.0260035,0.0288717,0.208682,3
0.0747253,0.0872129,0.136948,3
0.0424662,0.0297652,0.132173,3
0.00894027,0.0752132,0.154051,3
0.0212793,0.085232,0.21066,3
0.213902,0.0448904,0.192253,3
0.220554,0.0789041,0.117622,3
0.117062,0.0606329,0.201284,3
0.139145,0.0368505,0.157938,3
0.115927,0.0305987,0.183876,3
0.117022,0.00878186,0.149229,3
0.186743,0.0540472,0.216345,3
0.188122,0.104563,0.178162,3
0.141357,0.0550578,0.195868,3
0.147164,0.028786,0.128486,3
0.0803824,0.0160215,0.135124,3
0.193999,0.0170001,0.203089,3
0.223932,0.01701,0.197211,3
0.00379369,0.0783783,0.192455,3
0.101838,0.0655409,0.210631,3
0.0430122,0.0911288,0.174196,3
0.148893,0.0207859,0.111669,3
0.224586,0.0754268,0.133963,3
0.0167514,0.0366794,0.163121,3
0.0847777,0.0379247,0.131826,3
0.0751278,0.0223498,0.14085,3
0.14478,0.0079469,0.132498,3
0.174711,0.0273638,0.208886,3
0.204989,0.0418907,0.127037,3
0.00236465,0.000204868,0.110666,3
0.0884833,0.0987497,0.174741,3
0.224783,0.0720897,0.195622,3
0.102745,0.0711451,0.108927,3
0.0532701,0.0974326,0.177778,3
0.0729698,0.0971819,0.188901,3
0.196519,0.0675757,0.150943,3
0.13624,0.0801714,0.1658,3
0.15214,0.103193,0.190024,3
0.0772164,0.0640106,0.168351,3
0.0603624,0.0262293,0.213901,3
0.0414001,0.0792289,0.121922,3
0.108151,0.0976175,0.174758,3
0.117806,0.0307601,0.135078,3
0.220925,0.00440714,0.116546,3
0.168473,0.0929699,0.176384,3
0.0220851,0.10671,0.13086,3
0.0908617,0.0930854,0.137609,3
0.16565,0.00597109,0.182369,3
0.0616651,0.0747012,0.137994,3
0.134312,0.0177154,0.187196,3
0.0550211,0.0925633,0.191565,3
0.0752083,0.0794071,0.115529,3
0.0062935,0.0765987,0.133143,3
0.10221,0.0800238,0.175427,3
0.0688061,0.0174248,0.111483,3
0.196313,0.0365967,0.125779,3
0.208176,0.0146198,0.124982,3
0.182083,0.0472636,0.153313,3
0.0503543,0.0791349,0.197195,3
0.186647,0.0186941,0.148951,3
0.070027,0.0629595,0.156818,3
0.0435663,0.01282,0.17847,3
0.0541979,0.0488883,0.155759,3
0.182777,0.0337467,0.180245,3
0.0349487,0.0581414,0.195971,3
0.0116979,0.0611742,0.213381,3
0.0534258,0.106717,0.151159,3
0.213924,0.101686,0.157635,3
0.0507266,0.093048,0.170808,3
0.201881,0.0938249,0.167279,3
0.0304353,0.0215719,0.124244,3
0.117105,0.104199,0.164009,3
0.210147,0.0246647,0.160554,3
0.161425,0.0687157,0.148533,3
0.164097,0.016158,0.143648,3
0.121571,0.0572852,0.194531,3
0.183992,0.00780162,0.156784,3
0.0401312,0.086402,0.202985,3
0.0594199,0.0741604,0.166073,3
0.00596921,0.0837825,0.116184,3
0.115183,0.0181854,0.150821,3
0.214765,0.0897376,0.11615,3
0.086255,0.104169,0.152919,3
0.100117,0.0853214,0.152453,3
0.0908716,0.02709,0.188825,3
0.102136,0.0643877,0.136695,3
0.162908,0.088924,0.157123,3
0.100646,0.062639,0.168273,3
0.0999864,0.0442673,0.214592,3
0.0643824,0.0328837,0.193991,3
0.2139,0.0398431,0.126086,3
0.202407,0.0733015,0.129984,3
0.179435,0.0450095,0.196666,3
