x coord,y coord,z coord,rank
0.0362826,0.0496882,0.161033,0
0.1628,0.0383723,0.221717,0
0.199618,0.0576997,0.140236,0
0.041492,0.0945703,0.210345,0
0.208362,0.0804848,0.221351,0
0.188526,0.0661152,0.136368,0
0.0166482,0.0168208,0.159002,0
0.151356,0.0950907,0.190058,0
0.0737756,0.057593,0.220641,0
0.134318,0.018974,0.124212,0
0.0807536,0.0557297,0.183376,0
0.155411,0.00754639,0.216357,0
0.00803868,0.0231859,0.146001,0
0.149855,0.110825,0.224769,0
0.00783747,0.0682597,0.108646,0
0.0517486,0.0189588,0.178872,0
0.0182453,0.0228422,0.129515,0
0.000877806,0.0953193,0.130547,0
0.0711412,0.105821,0.155166,0
0.139755,0.0962946,0.11852,0
0.219855,0.0470938,0.146481,0
0.12848,0.0240226,0.12529,0
0.08143,0.0600546,0.144688,0
0.0843161,0.0938017,0.199902,0
0.0664521,0.0237157,0.141038,0
0.0175837,0.100267,0.14624,0
0.144704,0.0648737,0.17135,0
0.0917474,0.0583385,0.130933,0
0.130818,0.018336,0.221716,0
0.109053,0.10612,0.215703,0
0.105398,0.104225,0.1644,0
0.122968,0.0379531,0.120135,0
0.128402,0.113218,0.191042,0
0.122798,0.0764678,0.203293,0
0.208354,0.0520504,0.201956,0
0.191882,0.104556,0.106405,0
0.204782,0.0708831,0.186893,0
0.197385,0.07925,0.174601,0
0.200544,0.0401443,0.123364,0
0.196543,0.0652997,0.165064,0
0.102036,0.041287,0.212176,0
0.149933,0.0966395,0.169561,0
0.0694545,0.0619854,0.126738,0
0.0271446,0.106645,0.1836,0
0.0999936,0.0350062,0.211679,0
0.116962,0.0503629,0.157284,0
0.0159408,0.00982728,0.202368,0
0.0913068,0.029629,0.139449,0
0.164842,0.04979,0.119883,0
0.167853,0.0306371,0.223868,0
0.198679,0.0952887,0.128012,0
0.099626,0.103086,0.141248,0
0.115216,0.0922057,0.159735,0
0.1443,0.0412079,0.211264,0
0.139875,0.0635264,0.208671,0
0.0580686,0.0852749,0.211762,0
0.0112093,0.09341,0.21573,0
0.00864919,0.097624,0.21511,0
0.146295,0.0701772,0.191909,0
0.0402415,0.0481285,0.121046,0
0.0870403,0.0714342,0.194366,0
0.0996426,0.0507376,0.110731,0
0.113839,0.0495159,0.106634,0
0.103413,0.0884072,0.138624,0
0.084367,0.100725,0.197015,0
0.134363,0.0146887,0.127999,0
0.0261347,0.0317082,0.176028,0
0.0707946,0.0317589,0.166195,0
0.0988646,0.0853199,0.195946,0
0.190599,0.0156212,0.162247,0
0.106977,0.046722,0.14162,0
0.0169034,0.0204052,0.20735,0
0.0939431,0.0172899,0.151531,0
0.01207,0.0160414,0.214934,0
0.0787249,0.0617627,0.22437,0
0.207292,0.0905063,0.159668,0
0.181603,0.0726474,0.194175,0
0.0514501,0.00736826,0.146212,0
0.172361,0.0268375,0.22309,0
0.0362717,0.0393582,0.217928,0
0.105918,0.0773374,0.106904,0
0.0274975,0.0827914,0.120747,0
0.0339869,0.0536461,0.185631,0
0.0511929,0.0370107,0.208306,0
0.199718,0.103531,0.126538,0
0.00237247,0.0375109,0.195992,0
0.0540287,0.021625,0.209621,0
0.0217912,0.00405312,0.191124,0
0.0821068,0.0280122,0.219096,0
0.0519368,0.015891,0.167736,0
0.0754382,0.0591116,0.120651,0
0.0238296,0.0191414,0.11705,0
0.10865,0.0431123,0.207109,0
0.193522,0.0736767,0.107067,0
0.123003,0.0281335,0.160638,0
0.0618587,0.0944098,0.165048,0
0.059424,0.0813197,0.116206,0
0.191116,0.0963757,0.164203,0
0.068111,0.0876637,0.164476,0
0.185244,0.0815783,0.167694,0
0.180937,0.0638206,0.202218,0
0.0844545,0.048677,0.166194,0
0.0733341,0.089202,0.106339,0
0.115053,0.00314401,0.184257,0
0.118244,0.0803988,0.110627,0
0.0637256,0.0971477,0.219983,0
0.20923,0.0557835,0.222369,0
0.111308,0.0642354,0.20725,0
0.205193,0.104469,0.104365,0
0.0754419,0.0194418,0.147112,0
0.110126,0.0147952,0.104701,0
0.164686,0.0584252,0.166807,0
0.21987,0.0918267,0.177008,0
0.179131,0.103986,0.176071,0
0.112514,0.111063,0.207202,0
0.1938,0.0905579,0.205869,0
0.167589,0.052956,0.220731,0
0.153635,0.0694243,0.112002,0
0.193808,0.0647244,0.168801,0
0.150042,0.0271476,0.172818,0
0.135261,0.015572,0.130511,0
0.122676,0.10543,0.179329,0
0.0133166,0.116402,0.213232,0
0.163907,0.114871,0.104904,0
0.115365,0.114056,0.218161,0
0.109852,0.108587,0.0699837,1
0.114671,0.0259087,0.0186799,1
0.135817,0.0631963,0.0126151,1
0.137439,0.0667502,0.00765548,1
0.117576,0.0153776,0.054974,1
0.127259,0.0317006,0.068594,1
0.186664,0.10107,0.0755169,1
0.182869,0.0551842,0.0679177,1
0.0949117,0.121891,0.00780835,1
0.0607233,0.125057,0.0116356,1
0.11937,0.0293026,0.0184108,1
0.0611254,0.0605676,0.0928465,1
0.133089,0.0270899,0.0574361,1
0.0850775,0.00614569,0.050141,1
0.0480116,0.0139637,0.0708027,1
0.0157533,0.0568724,0.0629046,1
0.150733,0.000923273,0.0492528,1
0.0610408,0.060951,0.053517,1
0.173652,0.125362,0.00505369,1
0.175431,0.0199372,0.0226042,1
0.19599,0.119173,0.0657274,1
0.136353,0.0602928,0.0968926,1
0.199683,0.0210587,0.00790427,1
0.224058,0.0919431,0.00329172,1
0.102379,0.0306612,0.102067,1
0.00198523,0.0504825,0.0269842,1
0.137738,0.130381,0.0868287,1
0.0202175,0.100044,0.00612459,1
0.197777,0.059443,0.014104,1
0.00472805,0.0174392,0.038133,1
0.0602498,0.04698,0.0871281,1
0.148955,0.0957905,0.041631,1
0.22429,0.100543,0.0241834,1
0.0907303,0.0608652,0.0392907,1
0.0117096,0.0847535,0.0116747,1
0.176638,0.030489,0.0969738,1
0.0417278,0.0538909,0.0336723,1
0.0355278,0.0259967,0.0210176,1
0.0789954,0.118154,0.0619208,1
0.139671,0.0548926,0.0868371,1
0.195281,0.0268084,0.0229862,1
0.141141,0.0255332,0.00112402,1
0.0427046,0.0817129,0.0931728,1
0.208198,0.0703182,0.0888958,1
0.18698,0.123211,0.0357946,1
0.140066,0.0216133,0.0858312,1
0.0494973,0.0987907,0.0718185,1
0.162331,0.100915,0.0302045,1
0.105362,0.0999408,0.0448602,1
0.194335,0.0576554,0.00426025,1
0.0720248,0.0107554,0.0488498,1
0.0586043,0.0411241,0.0712655,1
0.10852,0.0271113,0.00545715,1
0.0605841,0.103998,0.0625716,1
0.0739271,0.0263187,0.0268598,1
0.108311,0.0360505,0.0672739,1
0.13152,0.0238131,0.0667263,1
0.125747,0.0877969,0.0815891,1
0.0424518,0.0391745,0.0963287,1
0.166564,0.120948,0.0987499,1
0.0983383,0.118988,0.0435022,1
0.150799,0.129909,0.0947121,1
0.11061,0.12065,0.0537588,1
0.205163,0.00520382,0.0490325,1
0.12017,0.0619723,0.00577549,1
0.0659334,0.0520711,0.0938177,1
0.1175,0.0224139,0.0162539,1
0.111614,0.0250812,0.0483325,1
0.0596033,0.0938992,0.0634907,1
0.0734406,0.112448,0.0524403,1
0.138912,0.0419885,0.0811548,1
0.155052,0.0975938,0.0165927,1
0.148071,0.0366073,0.0260424,1
0.0463844,0.079023,0.00365463,1
0.18099,0.0290196,0.0465548,1
0.037044,0.0840674,0.0753014,1
0.0490279,0.0526045,0.0495609,1
0.149702,0.0185359,0.0245268,1
0.00428655,0.0266881,0.0679781,1
0.00615763,0.0256565,0.023568,1
0.0287049,0.0169352,0.050159,1
0.214109,0.0758315,0.0117066,1
0.00603449,0.0744655,0.0931039,1
0.0968889,0.125801,0.00879985,1
0.0982421,0.00237386,0.0860712,1
0.114173,0.122893,0.000381095,1
0.163003,0.0632571,0.0380903,1
0.0424955,0.0709847,0.000928242,1
0.016401,0.00532132,0.0828237,1
0.0291464,0.0709534,0.078154,1
0.177773,0.0260724,0.048922,1
0.163695,0.0688976,0.00657239,1
0.0206459,0.0517032,0.0268394,1
0.0397923,0.0532442,0.0558704,1
0.0955246,0.0424655,0.0153877,1
0.0743024,0.0507189,0.0748413,1
0.201492,0.0292551,0.0220521,1
0.00783407,0.00549281,0.0821927,1
0.211013,0.0298551,0.0227506,1
0.045635,0.0671493,0.000512829,1
0.158262,0.0820679,0.101608,1
0.0974332,0.0547974,0.0314576,1
0.216683,0.0667579,0.0252488,1
0.203196,0.106348,0.0543398,1
0.11206,0.0988099,0.0325667,1
0.223996,0.0194694,0.0704959,1
0.136454,0.0853309,0.0932347,1
0.221155,0.0117328,0.0801023,1
0.0175306,0.035657,0.046312,1
0.210014,0.108227,0.0028846,1
0.188675,0.0564645,0.0226795,1
0.11017,0.0179253,0.0712342,1
0.0381344,0.0391755,0.0473219,1
0.0441744,0.110094,0.0465202,1
0.12262,0.0518204,0.01085,1
0.0554986,0.0399117,0.00070895,1
0.222083,0.123213,0.0192135,1
0.191064,0.0972072,0.038555,1
0.160386,0.0643932,0.00465797,1
0.106999,0.128322,0.102846,1
0.103278,0.128715,0.101905,1
0.0977471,0.130459,0.0980875,1
0.0998369,0.129046,0.0988765,1
0.100569,0.1292,0.100524,1
0.0997578,0.130164,0.0998029,1
0.120814,0.206451,0.101249,2
0.0961735,0.139101,0.103648,2
0.10154,0.137207,0.103179,2
0.104589,0.138761,0.100711,2
0.111341,0.144052,0.0939885,2
0.10472,0.131651,0.100662,2
0.0858686,0.202081,0.0261307,2
0.0804527,0.153178,0.103074,2
0.099268,0.138615,0.103404,2
0.10128,0.136778,0.0986826,2
0.0843596,0.160557,0.0995763,2
0.0776094,0.156367,0.100697,2
0.101436,0.133957,0.100305,2
0.185248,0.170992,0.0567991,2
0.199452,0.223362,0.0569428,2
0.120747,0.193146,0.0132596,2
0.0649149,0.222742,0.093672,2
0.0571737,0.181342,0.0270093,2
0.0998996,0.157486,0.0894846,2
0.0316063,0.212589,0.033382,2
0.0575752,0.19959,0.0102397,2
0.0230022,0.136915,0.0830893,2
0.110992,0.139436,0.00324271,2
0.0534205,0.171736,0.0832053,2
0.0992002,0.131461,0.0229467,2
0.0878294,0.213243,0.0273474,2
0.136415,0.134734,0.0703914,2
0.0382769,0.218918,0.0738476,2
0.0405677,0.218422,0.0450722,2
0.0107876,0.18593,0.00498129,2
0.1049,0.137906,0.0973471,2
0.103285,0.132964,0.100367,2
0.138406,0.144503,0.0116755,2
0.165295,0.147002,0.0770939,2
0.032899,0.13543,0.0174178,2
0.0539957,0.178167,0.028717,2
0.0152608,0.215423,0.0501053,2
0.184235,0.177493,0.0200821,2
0.111277,0.2049,0.0973976,2
0.204432,0.135551,0.0256711,2
0.0930724,0.185205,0.0745479,2
0.0897735,0.176303,0.0497991,2
0.196659,0.153802,0.0398723,2
0.132597,0.184082,0.0100382,2
0.0311835,0.185929,0.0415539,2
0.196281,0.180017,0.0732931,2
0.0710116,0.218298,0.0451543,2
0.186449,0.194272,0.0448423,2
0.148068,0.166615,0.0415537,2
0.0946436,0.195275,0.0206032,2
0.0987508,0.199638,0.0650082,2
0.0988486,0.134553,0.0972737,2
0.0983706,0.132254,0.101481,2
0.0921257,0.19878,0.0842818,2
0.000719379,0.131968,0.0981707,2
0.100228,0.139666,0.101743,2
0.103132,0.131281,0.1012,2
0.121131,0.159048,0.0173833,2
0.0486174,0.223425,0.0371635,2
0.0965621,0.13883,0.103097,2
0.0732038,0.145407,0.0724845,2
0.0397856,0.153654,0.076947,2
0.212539,0.187203,0.0675413,2
0.0719253,0.173154,0.0123521,2
0.216906,0.162014,0.0290641,2
0.0159439,0.155327,0.0853038,2
0.0985006,0.143599,0.0997931,2
0.0100885,0.210292,0.0693661,2
0.0168411,0.145912,0.0343356,2
0.109004,0.148488,0.00578686,2
0.102643,0.137741,0.0990628,2
0.097959,0.199276,0.0230849,2
0.165275,0.196991,0.0978356,2
0.15504,0.196692,0.0865405,2
0.121649,0.167379,0.00441779,2
0.182075,0.158302,0.0581887,2
0.0218295,0.140089,0.072069,2
0.0163669,0.188458,0.00732938,2
0.195419,0.224776,0.0810883,2
0.20393,0.176315,0.0340125,2
0.10325,0.138442,0.102828,2
0.154005,0.140306,0.0578435,2
0.100722,0.133142,0.103442,2
0.136149,0.217991,0.078891,2
0.104099,0.135506,0.101307,2
0.105033,0.133082,0.0961979,2
0.134882,0.159263,0.0545897,2
0.0508197,0.21365,0.0503865,2
0.159322,0.213695,0.0386409,2
0.0866798,0.143761,0.0347179,2
0.0376861,0.215454,0.0455252,2
0.222843,0.177624,0.0355069,2
0.10112,0.134275,0.102041,2
0.0582464,0.202821,0.0564554,2
0.0888379,0.141835,0.0496336,2
0.0620178,0.165882,0.0245224,2
0.165697,0.208365,0.0619184,2
0.0999378,0.133977,0.0973308,2
0.128714,0.183903,0.021257,2
0.198907,0.139522,0.0334437,2
0.101869,0.133381,0.101076,2
0.00718116,0.157089,0.100529,2
0.0891534,0.203413,0.00707964,2
0.096218,0.137997,0.0994419,2
0.0190528,0.135092,0.0231594,2
0.0555334,0.167765,0.0816192,2
0.0901283,0.203554,0.0838051,2
0.0669814,0.161069,0.0222279,2
0.0407141,0.15815,0.0303615,2
0.104653,0.131761,0.101814,2
0.10516,0.223667,0.0895572,2
0.0663429,0.174683,0.0224764,2
0.019456,0.222582,0.0698784,2
0.0970673,0.137486,0.0994589,2
0.0965766,0.199052,0.0238015,2
0.0409009,0.213789,0.0258883,2
0.150719,0.208612,0.101858,2
0.0990189,0.140471,0.102481,2
0.108168,0.155898,0.0626065,2
0.0951906,0.133913,0.0997078,2
0.10299,0.137615,0.0983029,2
0.0978866,0.1396,0.0983204,2
0.0965284,0.138592,0.0996344,2
0.106755,0.138624,0.100084,2
0.0959947,0.133365,0.100335,2
0.0970461,0.134093,0.103509,2
0.0995863,0.135846,0.0972239,2
0.10219,0.135731,0.100329,2
0.103976,0.132852,0.0998305,2
0.0964229,0.132033,0.101043,2
0.122055,0.199061,0.102825,2
0.0996626,0.133402,0.100729,2
0.105292,0.136711,0.100359,2
0.0991873,0.138411,0.107642,3
0.0902864,0.13256,0.1349,3
0.0220432,0.191612,0.120482,3
0.0986908,0.132593,0.105526,3
0.00146131,0.202279,0.116396,3
0.124499,0.122055,0.142022,3
0.0652493,0.133297,0.224862,3
0.0996874,0.134218,0.105343,3
0.0712452,0.188585,0.146185,3
0.158703,0.17563,0.126797,3
0.10542,0.139759,0.107473,3
0.0546435,0.130029,0.209116,3
0.00813603,0.222861,0.10387,3
0.11901,0.131146,0.199983,3
0.174641,0.147638,0.188095,3
0.0762645,0.138677,0.119644,3
0.100933,0.135065,0.106496,3
0.0140817,0.118127,0.136681,3
0.0980986,0.142278,0.192415,3
0.185345,0.144071,0.175889,3
0.125188,0.127768,0.212794,3
0.0029426,0.132081,0.131087,3
0.104874,0.125235,0.149679,3
0.200032,0.17891,0.108017,3
0.0981039,0.132991,0.104515,3
0.0756224,0.17141,0.11979,3
0.0105835,0.158014,0.1461,3
0.0985015,0.131614,0.108352,3
0.219943,0.174507,0.1077,3
0.149747,0.22473,0.211254,3
0.182758,0.213841,0.189052,3
0.106316,0.137839,0.103776,3
0.0984283,0.128684,0.104284,3
0.144052,0.194433,0.21508,3
0.0974604,0.129289,0.105589,3
0.214745,0.21537,0.1248,3
0.0444348,0.161368,0.166863,3
0.150258,0.16684,0.196319,3
0.129273,0.216945,0.11976,3
0.191053,0.20024,0.206827,3
0.181213,0.147546,0.21238,3
0.222964,0.130879,0.215236,3
0.0351961,0.15865,0.106282,3
0.218967,0.127563,0.153113,3
0.0389302,0.171235,0.140389,3
0.100896,0.140518,0.109578,3
0.196295,0.140411,0.153347,3
0.00684518,0.215923,0.195219,3
0.117263,0.139986,0.163546,3
0.0649405,0.181644,0.189453,3
0.0669526,0.120891,0.186333,3
0.118371,0.197462,0.144186,3
0.019744,0.221476,0.111627,3
0.176209,0.164279,0.169052,3
0.210322,0.132083,0.184646,3
0.202305,0.217498,0.187236,3
0.165193,0.129069,0.150882,3
0.184445,0.169907,0.1532,3
0.224624,0.125947,0.167989,3
0.0627122,0.142769,0.11797,3
0.0748717,0.185644,0.202613,3
0.203389,0.125893,0.170275,3
0.0475537,0.199243,0.114464,3
0.0955146,0.133947,0.106043,3
0.196273,0.152315,0.222701,3
0.165868,0.190272,0.140471,3
0.124707,0.210292,0.15025,3
0.129938,0.142736,0.108528,3
0.148509,0.160588,0.182281,3
0.130959,0.126911,0.159241,3
0.0997283,0.137014,0.105826,3
0.108351,0.161005,0.121126,3
0.172525,0.149952,0.161267,3
0.103946,0.137257,0.106683,3
0.0182606,0.12411,0.211193,3
0.133188,0.125197,0.203119,3
0.19414,0.160932,0.178681,3
0.0267496,0.214037,0.173398,3
0.203736,0.195165,0.203762,3
0.0998137,0.133832,0.11109,3
0.000272815,0.194555,0.164806,3
0.0952821,0.180111,0.119789,3
0.0108633,0.160669,0.131459,3
0.0791431,0.151871,0.197673,3
0.0141045,0.20266,0.180368,3
0.0502763,0.209345,0.171214,3
0.0662811,0.192898,0.221235,3
0.158341,0.1412,0.201809,3
0.102219,0.21598,0.218797,3
0.0300497,0.161673,0.180837,3
0.159527,0.126289,0.117073,3
0.0069918,0.13929,0.104184,3
0.0918753,0.196751,0.107912,3
0.102945,0.132863,0.104635,3
0.0256959,0.207675,0.165018,3
0.0226692,0.14092,0.217675,3
0.192909,0.161936,0.150856,3
0.133819,0.219837,0.185517,3
0.0115781,0.188486,0.135461,3
0.161039,0.215727,0.141906,3
0.197616,0.122307,0.224406,3
0.150048,0.174183,0.150481,3
0.111433,0.151549,0.194089,3
0.0612738,0.194927,0.13613,3
0.0181967,0.167618,0.166221,3
0.00458793,0.129785,0.144703,3
0.0568236,0.126402,0.203637,3
0.129463,0.157537,0.153665,3
0.0539341,0.140025,0.157222,3
0.0102297,0.189294,0.20213,3
0.0737736,0.216506,0.145967,3
0.192426,0.186869,0.195297,3
0.189611,0.204917,0.139874,3
0.0689741,0.162617,0.133124,3
0.0255914,0.224777,0.197577,3
0.128485,0.117699,0.20573,3
0.101698,0.13486,0.103929,3
