x coord,y coord,z coord,rank
0.0868169,0.0550999,0.212693,0
0.0254662,0.099236,0.205711,0
0.0263962,0.0970292,0.21155,0
0.0267661,0.0987076,0.206254,0
0.00589841,0.065149,0.192192,0
0.028977,0.0943412,0.205263,0
0.0823758,0.117622,0.195679,0
0.025376,0.0961141,0.205373,0
0.0505377,0.0650845,0.181444,0
0.0278541,0.0956009,0.209364,0
0.00260075,0.01107,0.191944,0
0.0906257,0.207289,0.204071,0
0.0303447,0.0950163,0.206947,0
0.0253157,0.0951152,0.208876,0
0.0264225,0.0925845,0.20627,0
0.07693,0.220234,0.213007,0
0.0275171,0.0925143,0.203975,0
0.0126128,0.0787253,0.201271,0
0.0304422,0.086789,0.204905,0
0.0521702,0.103785,0.159334,0
0.0275148,0.0991973,0.206759,0
0.0264635,0.098699,0.203101,0
0.0630398,0.02979,0.159888,0
0.0915463,0.0694229,0.150321,0
0.0987433,0.0650097,0.198359,0
0.0413891,0.125642,0.222631,0
0.031225,0.098469,0.207064,0
0.00390021,0.190565,0.212161,0
0.0465084,0.0587527,0.14833,0
0.00396505,0.222095,0.166786,0
0.00796349,0.161231,0.196373,0
0.0549057,0.0667323,0.143105,0
0.0318101,0.0940241,0.204756,0
0.0262319,0.0977082,0.20111,0
0.046979,0.184597,0.223074,0
0.0237182,0.0940689,0.204149,0
0.0565701,0.0778881,0.146116,0
0.0631932,0.114228,0.157866,0
0.030295,0.0976536,0.20697,0
0.0994021,0.10001,0.162288,0
0.018447,0.128861,0.174224,0
0.0111231,0.0757502,0.197406,0
0.0293259,0.095349,0.206636,0
0.0323744,0.0924264,0.209066,0
0.0773289,0.14703,0.202108,0
0.0259865,0.0981951,0.206737,0
0.0266528,0.0992013,0.203842,0
0.0870476,0.073947,0.214925,0
0.0125793,0.116932,0.197038,0
0.0527445,0.184184,0.197576,0
0.0239917,0.0951364,0.206121,0
0.0586884,0.0454483,0.139273,0
0.0223751,0.0923738,0.20532,0
0.020912,0.120473,0.205784,0
0.0892663,0.135058,0.18831,0
0.0377159,0.169703,0.153891,0
0.0260069,0.0925693,0.207062,0
0.0241254,0.0966081,0.204037,0
0.0368099,0.0429094,0.2132,0
0.0476823,0.0974231,0.166491,0
0.0709541,0.0928689,0.188543,0
0.0432832,0.158679,0.210646,0
0.0181737,0.0734755,0.210604,0
0.0819872,0.132315,0.162456,0
0.0161444,0.163172,0.20124,0
0.0943211,0.11071,0.217488,0
0.0994052,0.152901,0.216003,0
0.0154938,0.209392,0.160326,0
0.0450714,0.187763,0.144852,0
0.00719424,0.0310493,0.220956,0
0.0316148,0.0938917,0.202269,0
0.0253225,0.0313196,0.164684,0
0.0424347,0.0868693,0.180785,0
0.00876271,0.0553687,0.154701,0
0.0282042,0.0932562,0.202144,0
0.0571723,0.222688,0.144731,0
0.027403,0.0943108,0.207849,0
0.0285779,0.102172,0.209583,0
0.0140117,0.0266832,0.170835,0
0.068508,0.0909055,0.220795,0
0.0739121,0.0974895,0.214003,0
0.00367162,0.0635841,0.169571,0
0.0307053,0.0800176,0.154734,0
0.0961244,0.117942,0.209909,0
0.0467977,0.0472445,0.178686,0
0.0780494,0.0966203,0.177364,0
0.0277877,0.100291,0.208151,0
0.0238932,0.148335,0.14447,0
0.0129746,0.101171,0.203116,0
0.0747479,0.224886,0.158073,0
0.0270587,0.0966686,0.205798,0
0.0306784,0.0940609,0.204704,0
0.0316139,0.0705987,0.212967,0
0.0293711,0.0990648,0.202816,0
0.0319844,0.0999045,0.203798,0
0.0250917,0.0923177,0.207834,0
0.0404211,0.151485,0.15622,0
0.036619,0.131732,0.214178,0
0.095155,0.130388,0.147469,0
0.0252794,0.092508,0.211882,0
0.044346,0.165556,0.20815,0
0.0190802,0.1038,0.186381,0
0.0997351,0.0382332,0.212907,0
0.0162718,0.163272,0.156345,0
0.0203666,0.0955387,0.207647,0
0.0314299,0.0926423,0.20352,0
0.0274228,0.0994303,0.208939,0
0.0281044,0.0964302,0.211632,0
0.0300076,0.0967637,0.204204,0
0.0336584,0.0501204,0.145296,0
0.0289549,0.0950816,0.204043,0
0.0940665,0.0549711,0.153445,0
0.0960177,0.214832,0.201266,0
0.0158054,0.17143,0.19595,0
0.00188303,0.219449,0.18578,0
0.0587148,0.219786,0.179511,0
0.0273959,0.0527938,0.201433,0
0.0949693,0.128869,0.194246,0
0.0148836,0.110022,0.207789,0
0.0263002,0.0273377,0.146156,0
0.0296678,0.0965662,0.203864,0
0.0993697,0.0859829,0.143407,0
0.161962,0.0878127,0.0451644,1
0.150747,0.0821048,0.0789512,1
0.149313,0.123998,0.0902907,1
0.115385,0.104638,0.0677906,1
0.13022,0.0909193,0.0276373,1
0.151955,0.029431,0.0404668,1
0.222991,0.0582639,0.00119543,1
0.11188,0.0195986,0.0287961,1
0.121975,0.0327544,0.0898377,1
0.14007,0.00692419,0.0846512,1
0.134813,0.00825258,0.0494777,1
0.151073,0.069904,0.0854925,1
0.209196,0.187196,0.0562026,1
0.217754,0.065346,0.00756836,1
0.181486,0.0332388,0.0161106,1
0.134322,0.0536485,0.0420318,1
0.1176,0.21763,0.0487868,1
0.223949,0.103372,0.0150181,1
0.220488,0.0744349,0.0751908,1
0.182949,0.111192,0.0514676,1
0.20776,0.0280244,0.0503193,1
0.113854,0.186038,0.0712847,1
0.143712,0.0182084,0.0856715,1
0.173532,0.0437071,0.0168037,1
0.133609,0.0173736,0.0580004,1
0.142677,0.188405,0.0488829,1
0.222266,0.21325,0.0808601,1
0.186258,0.128779,0.0484164,1
0.143116,0.0745008,0.0887691,1
0.212555,0.0774311,0.0566848,1
0.143297,0.1194,0.0487483,1
0.113871,0.0665573,0.0358733,1
0.142177,0.118378,0.0930937,1
0.222058,0.151517,0.0422513,1
0.145835,0.0896285,0.0191257,1
0.115844,0.0610144,0.0897749,1
0.168197,0.130863,0.0628978,1
0.154296,0.220022,0.0514942,1
0.190388,0.00699257,0.0584526,1
0.164708,0.121387,0.00516407,1
0.171379,0.135806,0.0536424,1
0.158763,0.0209714,0.0247281,1
0.149698,0.0212777,0.0196622,1
0.110024,0.212133,0.0849353,1
0.110271,0.173694,0.0186058,1
0.127639,0.0270304,0.0683953,1
0.141575,0.0689749,0.020153,1
0.113035,0.201248,0.0868145,1
0.108497,0.197609,0.0305767,1
0.196218,0.0480794,0.0853691,1
0.125311,0.217815,0.0510442,1
0.191908,0.080952,0.00956398,1
0.149725,0.162955,0.0318718,1
0.170253,0.0390371,0.0710799,1
0.199593,0.028054,0.00393069,1
0.22339,0.128019,0.0516162,1
0.115515,0.125689,0.0194316,1
0.180701,0.171213,0.0946669,1
0.125786,0.120618,0.0587665,1
0.1711,0.0198918,0.0801983,1
0.145843,0.111241,0.0329963,1
0.220777,0.0256859,0.0366284,1
0.150097,0.211483,0.013622,1
0.205149,0.184021,0.0472838,1
0.149679,0.131894,0.0637703,1
0.16754,0.200367,0.0489653,1
0.208547,0.0149389,0.00870726,1
0.193248,0.0546921,0.0105353,1
0.182964,0.0843299,0.0711798,1
0.207432,0.0078544,0.0498291,1
0.139053,0.22066,0.0317162,1
0.187658,0.188678,0.0795512,1
0.201661,0.108707,0.0394996,1
0.203085,0.193942,0.0210209,1
0.151182,0.221005,0.0861086,1
0.18139,0.124532,0.0101917,1
0.169014,0.149598,0.0164641,1
0.140762,0.193482,0.0527011,1
0.184852,0.09418,0.00477688,1
0.105432,0.189634,0.0851936,1
0.190195,0.0474432,0.0568366,1
0.153065,0.1928,0.0287809,1
0.179093,0.133809,0.0514911,1
0.17074,0.116469,0.0617369,1
0.200577,0.141896,0.0751913,1
0.119342,0.115206,0.0591285,1
0.114862,0.0461308,0.0197536,1
0.219288,0.0749987,0.0745182,1
0.108605,0.117845,0.0365597,1
0.170706,0.0379239,0.0194225,1
0.115312,0.0645982,0.0891366,1
0.17035,0.185084,0.0858317,1
0.174632,0.163768,0.0462024,1
0.152744,0.201336,0.0311614,1
0.178407,0.12289,0.0897997,1
0.158885,0.185497,0.0638524,1
0.10823,0.100738,0.00267987,1
0.10709,0.0735434,0.069482,1
0.130471,0.213398,0.0576361,1
0.21199,0.0805316,0.0603228,1
0.169659,0.0275763,0.039318,1
0.103951,0.0408313,0.0218829,1
0.212273,0.114633,0.0178166,1
0.19713,0.161431,0.04032,1
0.20834,0.00741838,0.0119511,1
0.109778,0.150164,0.0332799,1
0.145262,0.0823734,0.054524,1
0.109489,0.0977655,0.0465887,1
0.12915,0.201431,0.0905878,1
0.160471,0.11096,0.0429869,1
0.103423,0.147912,0.0694208,1
0.178217,0.191678,0.0610307,1
0.109843,0.0921711,0.0684815,1
0.191806,0.182037,0.0254154,1
0.135331,0.110724,0.0165581,1
0.167969,0.144504,0.0732416,1
0.111205,0.0174373,0.014972,1
0.167692,0.1394,0.0112372,1
0.123998,0.145046,0.0464285,1
0.143086,0.138177,0.0164649,1
0.151121,0.135676,0.0717776,1
0.131071,0.158646,0.0318199,1
0.113101,0.0693208,0.00790097,1
0.101753,0.0880953,0.0866498,1
0.102045,0.0805935,0.0166979,1
0.0778338,0.183823,0.0575907,2
0.0670412,0.127401,0.0255224,2
0.00856773,0.212745,0.0322153,2
0.091575,0.0781783,0.107014,2
0.0888972,0.189893,0.127556,2
0.0178371,0.171319,0.0705829,2
0.0149757,0.195747,0.052893,2
0.0950152,0.180833,0.0644386,2
0.0874043,0.12483,0.0303373,2
0.0956899,0.0282551,0.138035,2
0.09919,0.167036,0.128592,2
0.0868815,0.0498756,0.127208,2
0.100351,0.00890862,0.0667815,2
0.0191067,0.188944,0.125024,2
0.0665325,0.212179,0.123625,2
0.0188845,0.202166,0.133901,2
0.00286746,0.121192,0.0887377,2
0.00153432,0.166767,0.00501152,2
0.0863761,0.184262,0.0123285,2
0.0394645,0.209696,0.133377,2
0.0489783,0.167417,0.135179,2
0.0923424,0.0793166,0.092595,2
0.00181599,0.144205,0.127508,2
0.0418452,0.126882,0.0555711,2
0.0341957,0.13632,0.00942471,2
0.0907159,0.0609406,0.113679,2
0.0186792,0.131161,0.0233709,2
0.0319258,0.185526,0.0532214,2
0.0985857,0.0390533,0.135235,2
0.0359134,0.170046,0.0866616,2
0.0418909,0.0458364,0.122702,2
0.042534,0.155463,0.032408,2
0.0543889,0.193244,0.0997933,2
0.0952493,0.0628133,0.0641316,2
0.0988054,0.0454799,0.00521396,2
0.032294,0.204038,0.126127,2
0.0206179,0.150771,0.011634,2
0.0107728,0.185477,0.0994439,2
0.00190712,0.166299,0.131278,2
0.0863358,0.142682,0.0451055,2
0.0691125,0.217152,0.0821507,2
0.0961852,0.0138211,0.100249,2
0.0797242,0.15996,0.137944,2
0.0227146,0.191234,0.00667954,2
0.0318206,0.100637,0.0147271,2
0.0629807,0.0505296,0.122458,2
0.032689,0.157687,0.137503,2
0.0460635,0.0510781,0.119126,2
0.0297633,0.0898148,0.0558731,2
0.0173611,0.16213,0.135282,2
0.00627252,0.0574011,0.133886,2
0.0065489,0.157259,0.00957375,2
0.0988103,0.143989,0.113819,2
0.0217335,0.216958,0.101209,2
0.00751053,0.22266,0.0831995,2
0.0194973,0.166341,0.124337,2
0.00123305,0.114691,0.0632499,2
0.0537573,0.1512,0.00133499,2
0.0711619,0.208867,0.104345,2
0.0727535,0.19176,0.0954673,2
0.0795595,0.10021,0.016563,2
0.0101111,0.00683887,0.034981,2
0.00488973,0.0311398,0.0847818,2
0.0317635,0.104041,0.0956079,2
0.0590291,0.202072,0.10307,2
0.0749487,0.0426382,0.0974011,2
0.0161959,0.128689,0.0247937,2
0.0217725,0.00149976,0.0427705,2
0.0634994,0.188946,0.114862,2
0.0899425,0.0573713,0.00451275,2
0.0527728,0.162952,0.0749168,2
0.0762709,0.0590936,0.0520162,2
0.0797557,0.214828,0.0241118,2
0.0666674,0.137092,0.066345,2
0.0742717,0.0357381,0.00571912,2
0.0804201,0.148265,0.0519596,2
0.0296527,0.0781558,0.076475,2
0.0376203,0.122981,0.067681,2
0.0265952,0.165704,0.0967888,2
0.0254945,0.0324846,0.0348132,2
0.0687497,0.149268,0.104604,2
0.0819877,0.0621154,0.0620475,2
0.0416687,0.210956,0.00573756,2
0.0403845,0.0269622,0.100959,2
0.0316738,0.0118273,0.0306003,2
0.00261118,0.0939437,0.0822444,2
0.01557,0.0804944,0.00446991,2
0.0799013,0.153448,0.0502344,2
0.0428152,0.000494475,0.109079,2
0.0353612,0.00289579,0.0985289,2
0.0818269,0.0763646,0.0439691,2
0.0606638,0.223978,0.010981,2
0.0232711,0.0271969,0.101008,2
0.02202,0.205138,0.0961543,2
0.0811303,0.0407303,0.0394484,2
0.0569481,0.0627334,0.0996191,2
0.0804583,0.0773174,0.0164993,2
0.0453555,0.113375,0.0785221,2
0.00406879,0.0443892,0.0472021,2
0.0238904,0.0577461,0.0623754,2
0.0137556,0.0242262,0.0261266,2
0.0476712,0.0529287,0.105803,2
0.0960712,0.0432961,0.0513511,2
0.0557084,0.0336561,0.0307761,2
0.0659304,0.123935,0.0113655,2
0.000744214,0.0767419,0.0820865,2
0.0654122,0.0620554,0.0216224,2
0.00267904,0.017834,0.0475395,2
0.0187729,0.0105515,0.0976205,2
0.0299193,0.0105268,0.0567954,2
0.0622528,0.0395593,0.00262137,2
0.075611,0.214491,0.0836789,2
0.0418796,0.052915,0.0721247,2
0.0105386,0.048997,0.0157438,2
0.00103353,0.0271716,0.00202759,2
0.0375972,0.103571,0.0804542,2
0.0466336,0.120609,0.015189,2
0.0101981,0.111089,0.0964286,2
0.00911792,0.0195525,0.0832414,2
0.0795851,0.139838,0.109112,2
0.0840439,0.120745,0.0128065,2
0.0685164,0.112414,0.0411614,2
0.0735396,0.131934,0.0237564,2
0.0903345,0.219094,0.0220729,2
0.0925815,0.199193,0.0624526,2
0.0859923,0.144671,0.13802,2
0.0857062,0.0675797,0.136353,2
0.0146147,0.206892,0.138124,2
0.118367,0.162865,0.100957,3
0.107137,0.219977,0.110798,3
0.118987,0.175171,0.108037,3
0.101437,0.184646,0.100932,3
0.10595,0.147898,0.148335,3
0.11026,0.0362793,0.0969448,3
0.147417,0.0161243,0.113147,3
0.194287,0.215973,0.115604,3
0.125548,0.170817,0.16657,3
0.162738,0.0708851,0.105383,3
0.130971,0.0864661,0.10528,3
0.216281,0.166647,0.11025,3
0.101552,0.0285721,0.197732,3
0.171102,0.0977933,0.0965763,3
0.107826,0.141931,0.137143,3
0.177327,0.0500039,0.138196,3
0.100923,0.105548,0.202176,3
0.212461,0.00929197,0.105101,3
0.171614,0.185933,0.109181,3
0.113689,0.172028,0.138291,3
0.176611,0.177654,0.180726,3
0.150071,0.135684,0.207176,3
0.170321,0.190796,0.219659,3
0.196819,0.185749,0.110596,3
0.162971,0.180741,0.164231,3
0.134189,0.132227,0.147173,3
0.169587,0.22261,0.130567,3
0.203482,0.195682,0.160047,3
0.164013,0.0839539,0.165275,3
0.13486,0.0571282,0.191362,3
0.198983,0.0993519,0.166831,3
0.164973,0.123102,0.106629,3
0.127208,0.150635,0.220379,3
0.189726,0.0967441,0.157785,3
0.224903,0.00299402,0.169371,3
0.160514,0.0666252,0.171723,3
0.190123,0.0152161,0.148193,3
0.218217,0.0862091,0.208672,3
0.16701,0.204215,0.181084,3
0.190995,0.142787,0.165454,3
0.123223,0.120187,0.21292,3
0.15419,0.00940378,0.205524,3
0.187215,0.0481399,0.18739,3
0.11937,0.0403523,0.125612,3
0.172923,0.0961195,0.192629,3
0.195216,0.157364,0.180717,3
0.208702,0.213239,0.213546,3
0.121941,0.123134,0.135138,3
0.111711,0.070256,0.206529,3
0.1687,0.0193719,0.135185,3
0.210035,0.0382486,0.161132,3
0.156672,0.170069,0.185154,3
0.145484,0.00635131,0.154336,3
0.220138,0.058966,0.201157,3
0.1717,0.0743058,0.166239,3
0.124736,0.190334,0.138281,3
0.206442,0.0592906,0.140804,3
0.184219,0.196816,0.142217,3
0.154841,0.127356,0.178866,3
0.124894,0.199537,0.222143,3
0.176643,0.194421,0.126913,3
0.112971,0.03533,0.205532,3
0.224722,0.191045,0.151086,3
0.109715,0.0206098,0.115589,3
0.220753,0.0926351,0.111479,3
0.204895,0.0733506,0.158353,3
0.128337,0.0550305,0.179777,3
0.137437,0.0171592,0.199947,3
0.176827,0.131596,0.129065,3
0.185366,0.142615,0.13468,3
0.195443,0.0552965,0.0992354,3
0.15046,0.171043,0.224139,3
0.218109,0.122262,0.217904,3
0.151571,0.195755,0.206157,3
0.224257,0.0461517,0.212682,3
0.189447,0.0996617,0.115608,3
0.19869,0.114121,0.202431,3
0.104051,0.0677216,0.200196,3
0.155768,0.0285147,0.201646,3
0.125955,0.0571408,0.2047,3
0.126659,0.124321,0.0977532,3
0.135518,0.0205632,0.134294,3
0.185422,0.100926,0.211995,3
0.20566,0.0914404,0.0980307,3
0.121487,0.00939755,0.205714,3
0.113151,0.165597,0.199575,3
0.142878,0.0209082,0.216501,3
0.122366,0.218835,0.112677,3
0.151786,0.0417695,0.139873,3
0.158927,0.0968258,0.195143,3
0.131336,0.219152,0.139074,3
0.188217,0.173675,0.203337,3
0.106928,0.145322,0.205719,3
0.106103,0.190057,0.132958,3
0.221513,0.112241,0.172478,3
0.159407,0.0941258,0.188117,3
0.142253,0.128853,0.189481,3
0.14598,0.0204698,0.139148,3
0.147516,0.106611,0.139553,3
0.140182,0.0213953,0.136775,3
0.170489,0.0754747,0.212348,3
0.142547,0.0521612,0.203107,3
0.195838,0.0876811,0.140048,3
0.186596,0.126576,0.166861,3
0.218447,0.0573267,0.221693,3
0.139723,0.170753,0.14663,3
0.128483,0.0904864,0.162733,3
0.218526,0.178053,0.177192,3
0.205484,0.0707082,0.160844,3
0.211661,0.0728013,0.183585,3
0.176959,0.0995501,0.160151,3
0.171858,0.140084,0.1435,3
0.162615,0.124791,0.13642,3
0.162222,0.217358,0.218143,3
0.1429,0.178752,0.215316,3
0.114672,0.152525,0.154033,3
0.181439,0.179653,0.124932,3
0.132411,0.0547826,0.101304,3
0.151484,0.025375,0.112254,3
0.188724,0.0691852,0.110559,3
0.187273,0.153588,0.0995602,3
0.140823,0.136842,0.117184,3
0.18532,0.0173294,0.111591,3
0.146048,0.105937,0.115862,3
0.102064,0.135043,0.113584,3
