x coord,y coord,z coord,rank
0.175606,0.0883065,0.0338016,0
0.047636,0.117059,0.0218708,0
0.1492,0.121692,0.0947196,0
0.22409,0.00835689,0.0529142,0
0.174222,0.00551528,0.0849995,0
0.211322,0.018312,0.0694298,0
0.111706,0.0609691,0.0834153,0
0.208486,0.0256267,0.0376044,0
0.184539,0.051591,0.0806031,0
0.207126,0.0958332,0.0166388,0
0.0136335,0.00243612,0.0919768,0
0.17394,0.090655,0.0962312,0
0.220526,0.0745102,0.0330736,0
0.0934885,0.0805797,0.0237867,0
0.097782,0.101218,0.0515197,0
0.111095,0.0637777,0.0924036,0
0.121441,0.120777,0.0893019,0
0.0692765,0.105983,0.0819402,0
0.0952697,0.0700302,0.0248958,0
0.14799,0.00436027,0.0211499,0
0.220827,0.120176,0.0129187,0
0.106358,0.10754,0.0239201,0
0.0413707,0.0109479,0.030706,0
0.182782,0.119329,0.0431028,0
0.15911,0.10388,0.0375114,0
0.0663766,0.100533,0.04094,0
0.127291,0.106861,0.0932802,0
0.1365,0.0434599,0.0229652,0
0.189126,0.0499475,0.00899119,0
0.0375535,0.070939,0.081655,0
0.0145478,0.0931168,0.0703507,0
0.206632,0.0219783,0.0691984,0
0.146114,0.0978887,0.0641716,0
0.0182751,0.0464383,0.0230271,0
0.006794,0.0181559,0.0582915,0
0.147513,0.0498431,0.0624579,0
0.128636,0.0158857,0.0343134,0
0.103881,0.0339798,0.0368849,0
0.183162,0.099482,0.0780201,0
0.0949717,0.0897839,0.0305666,0
0.094086,0.0460246,0.081565,0
0.0916697,0.0568279,0.00094129,0
0.0683098,0.0123565,0.0556093,0
0.149809,0.0159368,0.00331828,0
0.168836,0.0919152,0.00647762,0
0.156488,0.00410925,0.0550417,0
0.149226,0.070572,0.0951104,0
0.105689,0.0405646,0.0827468,0
0.174995,0.0555103,0.0364877,0
0.0666946,0.0699471,0.0389972,0
0.208753,0.0173656,0.0656582,0
0.210074,0.0913536,0.0726792,0
0.0640163,0.0193683,0.0052012,0
0.172019,0.00811585,0.0844738,0
0.197422,0.03648,0.040761,0
0.137306,0.00943307,0.0496345,0
0.134922,0.00361682,0.0569748,0
0.11277,0.0739439,0.0417743,0
0.164609,0.0863443,0.0317234,0
0.15631,0.0155702,0.0780261,0
0.0615556,0.0752326,0.092777,0
0.121148,0.0652236,0.0697245,0
0.0802157,0.100254,0.06964,0
0.129597,0.0621751,0.0223868,0
0.221301,0.035082,0.070113,0
0.0318175,0.000954487,0.0186246,0
0.185117,0.049941,0.100857,0
0.0226835,0.0667087,0.0285854,0
0.115061,0.0264259,0.0395139,0
0.173539,0.103111,0.0290297,0
0.0706559,0.0838699,0.0136308,0
0.163057,0.0215489,0.0730556,0
0.0385337,0.0840562,0.0249485,0
0.0631267,0.0101761,0.0501671,0
0.0617056,0.00916091,0.0633829,0
0.00629737,0.0500239,0.0910115,0
0.00676407,0.0949603,0.0100282,0
0.120452,0.0387495,0.0842273,0
0.00907945,0.0751592,0.0339425,0
0.162282,0.0143702,0.0313969,0
0.0538311,0.00874218,0.0072306,0
0.156884,0.0780406,0.0694389,0
0.180769,0.0812238,0.0776881,0
0.0374852,0.0127988,0.0448595,0
0.041346,0.0052575,0.060024,0
0.144955,0.0329459,0.00785645,0
0.167129,0.0385541,0.0460536,0
0.20623,0.0700276,0.0635222,0
0.206205,0.0893247,0.0163002,0
0.0495369,0.112653,0.0212849,0
0.194134,0.0282132,2.19249e-05,0
0.0409556,0.0882912,0.0651796,0
0.209838,0.0112273,0.0402945,0
0.081583,0.0565902,0.0285735,0
0.22141,0.0233632,0.0411584,0
0.0333919,0.0917242,0.0882791,0
0.203707,0.0954593,0.0200145,0
0.0511199,0.091346,0.0260052,0
0.000292531,0.0833254,0.010981,0
0.138072,0.0694927,0.0524035,0
0.0946511,0.0510022,0.0424956,0
0.0779546,0.0726481,0.0799695,0
0.146054,0.0485675,0.0707667,0
0.221321,0.0826987,0.0328567,0
0.154115,0.10959,0.039732,0
0.0553334,0.091455,0.0943685,0
0.00804447,0.0967227,0.048714,0
0.19412,0.0819284,0.0940247,0
0.139451,0.0359843,0.0916095,0
0.0384157,0.0929222,0.0985921,0
0.198876,0.11252,0.0370234,0
0.157528,0.0128861,0.0670471,0
0.204342,0.116535,0.0882323,0
0.165082,0.102837,0.0934722,0
0.0590906,0.118141,0.034567,0
0.104512,0.114597,0.0130796,0
0.00443552,0.113748,0.0612194,0
0.0722589,0.106401,0.0298894,0
0.128408,0.0154319,0.0797272,0
0.0209322,0.095014,0.0963333,0
0.030269,0.0514201,0.100054,0
0.0589838,0.107326,0.0296278,0
0.00564798,0.121098,0.0232714,0
0.179475,0.117888,0.0653924,0
0.0102172,0.121415,0.0826212,0
0.0268321,0.219633,0.134677,1
0.0796872,0.185523,0.186209,1
0.0247377,0.217602,0.135602,1
0.201005,0.137899,0.191778,1
0.149702,0.151413,0.133836,1
0.0266294,0.213687,0.1363,1
0.0593937,0.188007,0.192876,1
0.105163,0.137719,0.151614,1
0.138854,0.126943,0.173989,1
0.0128408,0.214833,0.174406,1
0.0306386,0.210636,0.133151,1
0.0290338,0.210699,0.13733,1
0.0232117,0.21728,0.133192,1
0.0679822,0.141769,0.150388,1
0.031999,0.212835,0.137644,1
0.0258597,0.21224,0.138662,1
0.210795,0.132298,0.150155,1
0.0301704,0.21871,0.134306,1
0.0651872,0.127519,0.193605,1
0.0258584,0.21607,0.138442,1
0.0311576,0.211845,0.137447,1
0.0819553,0.208522,0.186968,1
0.0613704,0.195154,0.185577,1
0.0319345,0.218451,0.136415,1
0.0224925,0.219614,0.133858,1
0.0241818,0.213423,0.137335,1
0.0301798,0.21866,0.134489,1
0.066437,0.187305,0.221912,1
0.0267104,0.168086,0.147768,1
0.0728639,0.19275,0.199069,1
0.0693485,0.155299,0.164785,1
0.00093406,0.187551,0.193949,1
0.063848,0.195065,0.147892,1
0.0802704,0.126101,0.188556,1
0.0293549,0.213951,0.13327,1
0.0458255,0.157578,0.154637,1
0.0828401,0.212675,0.158887,1
0.0254088,0.211417,0.137908,1
0.0850393,0.128488,0.214426,1
0.0803487,0.195573,0.146408,1
0.0156383,0.192501,0.204046,1
0.078895,0.140594,0.133757,1
0.0627571,0.160681,0.190767,1
0.00703837,0.161928,0.139017,1
0.0309766,0.21831,0.138648,1
0.0618684,0.21342,0.177052,1
0.0689077,0.195959,0.158953,1
0.0575949,0.127284,0.182023,1
0.203992,0.150273,0.222861,1
0.0471735,0.179525,0.186351,1
0.167391,0.17389,0.177478,1
0.0842719,0.168517,0.197709,1
0.0652808,0.159157,0.175351,1
0.153972,0.1655,0.169792,1
0.0321881,0.218386,0.138067,1
0.0296289,0.218706,0.137808,1
0.088773,0.221069,0.141599,1
0.202377,0.167683,0.190556,1
0.189598,0.153003,0.184454,1
0.213518,0.207259,0.168495,1
0.0557895,0.135228,0.138176,1
0.18165,0.176687,0.147461,1
0.0246477,0.193716,0.169631,1
0.0953731,0.210008,0.196063,1
0.0932678,0.208334,0.158767,1
0.0273456,0.216726,0.138767,1
0.166354,0.157635,0.160792,1
0.223592,0.135232,0.141346,1
0.211668,0.215875,0.13995,1
0.0284764,0.216196,0.138763,1
0.0993253,0.151241,0.180874,1
0.164088,0.179204,0.169378,1
0.202129,0.210075,0.189118,1
0.190127,0.155526,0.183045,1
0.183242,0.171508,0.199999,1
0.0652246,0.196924,0.157896,1
0.138724,0.214295,0.164131,1
0.0310255,0.219412,0.164471,1
0.134161,0.177736,0.199823,1
0.0387637,0.148044,0.216397,1
0.150851,0.162038,0.163249,1
0.186857,0.190582,0.201942,1
0.115508,0.200438,0.186621,1
0.0403029,0.212815,0.222625,1
0.112164,0.215713,0.174363,1
0.202643,0.190156,0.179706,1
0.0315556,0.216295,0.136012,1
0.183594,0.183502,0.222615,1
0.0263718,0.216791,0.136297,1
0.0689005,0.203194,0.218397,1
0.136342,0.146671,0.165187,1
0.0288512,0.211413,0.134965,1
0.222075,0.154777,0.209991,1
0.207162,0.217807,0.210503,1
0.175619,0.194001,0.150154,1
0.185119,0.156144,0.147045,1
0.212557,0.197669,0.176866,1
0.15388,0.142682,0.169754,1
0.159111,0.145251,0.153203,1
0.0980166,0.130747,0.169447,1
0.217525,0.176713,0.213075,1
0.100815,0.135118,0.145654,1
0.0305029,0.212283,0.137928,1
0.0174414,0.170351,0.221907,1
0.0952806,0.206958,0.194077,1
0.0414661,0.145386,0.138291,1
0.0603053,0.172212,0.157642,1
0.139119,0.224707,0.212773,1
0.0299246,0.209729,0.137356,1
0.0277255,0.217318,0.188673,1
0.170498,0.130648,0.171965,1
0.0275837,0.218089,0.134715,1
0.179004,0.154832,0.142343,1
0.115524,0.188624,0.195873,1
0.201632,0.130025,0.177421,1
0.0293562,0.215388,0.138153,1
0.086923,0.152487,0.146437,1
0.0826906,0.207396,0.154088,1
0.0952683,0.136039,0.155767,1
0.158166,0.166005,0.166793,1
0.0245617,0.184932,0.135037,1
0.195069,0.142727,0.137036,1
0.030441,0.216113,0.136208,1
0.13108,0.12436,0.200286,1
0.10931,0.123918,0.221587,1
0.0252056,0.216889,0.134323,1
0.0271099,0.220445,0.134805,1
0.0303593,0.217536,0.134151,1
0.165537,0.117878,0.112713,2
0.144584,0.121871,0.121997,2
0.105537,0.0264993,0.169636,2
0.163313,0.109713,0.117848,2
0.207683,0.00600929,0.139134,2
0.103682,0.0456816,0.129895,2
0.0840392,0.108039,0.172299,2
0.0786157,0.0478209,0.143089,2
0.0662198,0.0186942,0.193868,2
0.0607694,0.00384509,0.149139,2
0.0715262,0.0643827,0.136218,2
0.0554457,0.0294041,0.149299,2
0.0703472,0.0547763,0.163757,2
0.0495673,0.106271,0.214673,2
0.209329,0.0410708,0.124541,2
0.073349,0.0480969,0.177042,2
0.171866,0.118333,0.108734,2
0.0623988,0.0355155,0.153194,2
0.179297,0.094352,0.11159,2
0.0225853,0.101289,0.217423,2
0.0970944,0.0842288,0.137061,2
0.205278,0.0464576,0.105609,2
0.0616272,0.113634,0.150012,2
0.0587708,0.0788275,0.209259,2
0.129611,0.108903,0.200713,2
0.0407014,0.0653881,0.150026,2
0.0944626,0.107657,0.115843,2
0.0142894,0.0485468,0.166244,2
0.104986,0.0793564,0.179224,2
0.1869,0.0566524,0.135437,2
0.0721747,0.0403783,0.186987,2
0.0778155,0.0681798,0.178547,2
0.167631,0.00108926,0.217253,2
0.111421,0.072917,0.207596,2
0.000844028,0.0435895,0.149153,2
0.0604699,0.0929863,0.206635,2
0.0546336,0.0937225,0.142102,2
0.0824413,0.0459983,0.104571,2
0.174959,0.0807609,0.119025,2
0.0118735,0.115895,0.215709,2
0.151051,0.110379,0.157305,2
0.0834721,0.111219,0.187648,2
0.140619,0.00419882,0.167294,2
0.1023,0.0218702,0.151291,2
0.0278165,0.0679513,0.178821,2
0.0259508,0.078782,0.196959,2
0.135469,0.0876975,0.206181,2
0.0960693,0.0266578,0.173523,2
0.113506,0.0798395,0.123093,2
0.189592,0.0332048,0.146108,2
0.124552,0.033005,0.206629,2
0.0253708,0.0278687,0.191826,2
0.0346837,0.00115267,0.202237,2
0.145886,0.0905979,0.172958,2
0.0523171,0.106266,0.207718,2
0.0239068,0.107854,0.168871,2
0.0808273,0.0212098,0.212296,2
0.0949547,0.0418477,0.185522,2
0.00125381,0.109594,0.160083,2
0.0372474,0.0834574,0.170015,2
0.0239303,0.0015152,0.107586,2
0.0496823,0.0573394,0.117446,2
0.13915,0.0370442,0.209606,2
0.174774,0.039309,0.203929,2
0.100319,0.111601,0.209071,2
0.151803,0.0759131,0.129091,2
0.159746,0.0485299,0.148414,2
0.185338,0.0738123,0.191929,2
0.192249,0.0208121,0.212955,2
0.224756,0.0982627,0.105745,2
0.220341,0.047011,0.15851,2
0.00384137,0.0214394,0.139381,2
0.0728246,0.0100735,0.128812,2
0.00560648,0.0302977,0.190681,2
0.0639352,0.109499,0.18059,2
0.0168246,0.00773271,0.122451,2
0.19441,0.057651,0.153464,2
0.0104385,0.0792667,0.120119,2
0.175816,0.0692004,0.102501,2
0.0264982,0.0387091,0.165753,2
0.161554,4.31489e-05,0.189903,2
0.0616357,0.0493494,0.201911,2
0.0101774,0.0447905,0.223343,2
0.197589,0.037151,0.200853,2
0.0362039,0.107152,0.173747,2
0.149126,0.0301589,0.104564,2
0.0552778,0.11832,0.160971,2
0.000123883,0.016132,0.200615,2
0.0243667,0.0679527,0.209454,2
0.0618376,0.112833,0.169654,2
0.0819167,0.08805,0.129203,2
0.218191,0.0580673,0.13437,2
0.16226,0.101516,0.121183,2
0.182537,0.0770867,0.193887,2
0.0805833,0.0729298,0.105467,2
0.210542,0.0436067,0.194231,2
0.211736,0.114197,0.168226,2
0.146042,0.0890267,0.118738,2
0.0961883,0.0800608,0.190624,2
0.177942,0.0093013,0.111827,2
0.213805,0.0590652,0.18107,2
0.069596,0.113035,0.1316,2
0.121495,0.0429185,0.169437,2
0.179443,0.0251232,0.221681,2
0.109707,0.0255806,0.142202,2
0.0673936,0.0957274,0.101522,2
0.127873,0.0381416,0.129869,2
0.218129,0.0072653,0.198331,2
0.194659,0.0217125,0.117386,2
0.218322,0.0797912,0.198517,2
0.154094,0.0440958,0.221266,2
0.196468,0.0850534,0.148746,2
0.128216,0.0429026,0.10483,2
0.15564,0.0835614,0.113785,2
0.123161,0.0158551,0.199935,2
0.0659707,0.109874,0.166833,2
0.192438,0.0341441,0.118324,2
0.107887,0.00325328,0.114618,2
0.0974402,0.100948,0.185996,2
0.158229,0.108443,0.124125,2
0.202676,0.0891035,0.207572,2
0.146471,0.0648801,0.115367,2
0.126243,0.0655572,0.118038,2
0.144425,0.126862,0.125053,3
0.202208,0.133608,0.132257,3
0.055786,0.182465,0.0898726,3
0.0840652,0.171017,0.0906887,3
0.222394,0.149992,0.102043,3
0.0968509,0.19615,0.0817918,3
0.132738,0.140545,0.123506,3
0.148228,0.141387,0.103169,3
0.202246,0.1342,0.123567,3
0.208396,0.153891,0.106151,3
0.0622589,0.219284,0.0989365,3
0.0407718,0.140829,0.0186381,3
0.0373761,0.169367,0.0962429,3
0.183229,0.187462,0.0688211,3
0.0603597,0.212644,0.077046,3
0.0846493,0.178042,0.019974,3
0.134828,0.178335,0.0916963,3
0.11151,0.164633,0.0513058,3
0.0423428,0.193005,0.0398762,3
0.141663,0.212773,0.00537534,3
0.0282367,0.217935,0.133148,3
0.0399686,0.209239,0.0335594,3
0.218529,0.132327,0.0114556,3
0.0676783,0.181592,0.0395409,3
0.206395,0.178333,0.121296,3
0.0295665,0.176584,0.112366,3
0.0289367,0.173152,0.0383689,3
0.109888,0.221432,0.0789482,3
0.000293344,0.197228,0.110028,3
0.145994,0.219822,0.122704,3
0.222651,0.134425,0.0719814,3
0.0919151,0.221276,0.0375525,3
0.164531,0.206909,0.0728637,3
0.0885681,0.192229,0.00368758,3
0.200945,0.159268,0.0794615,3
0.14081,0.150119,0.0483637,3
0.0359318,0.147698,0.131437,3
0.0856171,0.191857,0.00583453,3
0.224444,0.174781,0.127145,3
0.100707,0.183402,0.0740534,3
0.00813449,0.190863,0.0241264,3
0.135247,0.217455,0.0262543,3
0.222125,0.158901,0.114374,3
0.0655916,0.182491,0.0129711,3
0.137492,0.171683,0.0252125,3
0.155355,0.16646,0.0506699,3
0.198245,0.134045,0.122012,3
0.14148,0.187443,0.102887,3
0.20148,0.177632,0.0630962,3
0.133212,0.149399,0.0142851,3
0.199853,0.148413,0.0789732,3
0.158062,0.19096,0.0810873,3
0.0137625,0.161498,0.0446572,3
0.0581625,0.201867,0.114163,3
0.0272035,0.22439,0.0222909,3
0.0272115,0.173494,0.106546,3
0.026219,0.218276,0.129048,3
0.00889537,0.173491,0.112874,3
0.0254551,0.153101,0.105384,3
0.0360695,0.221344,0.0237232,3
0.0855033,0.218156,0.0685444,3
0.139756,0.195589,0.0593638,3
0.0229876,0.206541,0.102569,3
0.0283356,0.213848,0.132984,3
0.125798,0.13795,0.0977969,3
0.0858803,0.187136,0.0553933,3
0.134004,0.129436,0.0418973,3
0.184409,0.194516,0.0426632,3
0.10839,0.192458,0.0387534,3
0.168756,0.224252,0.0462584,3
0.198763,0.180977,0.0242062,3
0.0468894,0.169598,0.0316518,3
0.0275246,0.212752,0.133105,3
0.00867311,0.211553,0.0669355,3
0.0207163,0.134247,0.048162,3
0.202766,0.171217,0.0922683,3
0.169089,0.164091,0.0400049,3
0.0318179,0.161541,0.12639,3
0.018895,0.202713,0.0534649,3
0.0435834,0.224183,0.0873114,3
0.0221746,0.147195,0.0702983,3
0.0276956,0.219207,0.130577,3
0.00266039,0.204992,0.12076,3
0.0309534,0.126408,0.0508185,3
0.0739262,0.193912,0.0491731,3
0.169639,0.183422,0.0413123,3
0.0289811,0.211023,0.132574,3
0.216533,0.145139,0.0652959,3
0.02647,0.145669,0.00397008,3
0.189956,0.160185,0.0850183,3
0.199785,0.191211,0.10543,3
0.0595233,0.165142,0.101549,3
0.0260656,0.2134,0.132376,3
0.223813,0.134334,0.122541,3
0.22493,0.139628,0.0517721,3
0.199829,0.146643,0.0224364,3
0.0262714,0.219045,0.131224,3
0.0540251,0.163425,0.00973187,3
0.0105798,0.21072,0.0367921,3
0.0321366,0.208425,0.0652504,3
0.0458993,0.169858,0.049965,3
0.0290093,0.16935,0.0346682,3
0.0347615,0.214275,0.132082,3
0.158758,0.209303,0.13012,3
0.118972,0.126189,0.0319262,3
0.112234,0.154728,0.13201,3
0.0407603,0.162319,0.00645051,3
0.0247495,0.216662,0.13158,3
0.154063,0.131994,0.100034,3
0.132082,0.198631,0.0385599,3
0.0289819,0.22082,0.132328,3
0.199144,0.123655,0.0486633,3
0.0298333,0.216065,0.1303,3
0.0303002,0.139099,0.0169872,3
0.106982,0.130282,0.081815,3
0.181664,0.18596,0.0994444,3
0.216473,0.131151,0.0312345,3
0.0100272,0.167243,0.000237967,3
0.0201244,0.136336,0.100009,3
0.0478734,0.152295,0.0132919,3
0.122093,0.12647,0.0751193,3
0.110229,0.188895,0.0469806,3
0.0879868,0.128212,0.030004,3
0.00899543,0.141135,0.132993,3
