x coord,y coord,z coord,rank
0.191091,0.000696925,0.148938,0
0.178417,0.196085,0.143061,0
0.205379,0.0945228,0.195747,0
0.152238,0.145164,0.201588,0
0.216575,0.00607285,0.138732,0
0.190466,0.210998,0.215049,0
0.118545,0.114652,0.191289,0
0.210096,0.0305785,0.207027,0
0.144793,0.0702395,0.221046,0
0.130953,0.0160354,0.146502,0
0.144356,0.121926,0.207399,0
0.219921,0.193897,0.120273,0
0.186733,0.218472,0.105649,0
0.161316,0.092339,0.137457,0
0.118088,0.16197,0.110466,0
0.206363,0.200764,0.223728,0
0.165606,0.152587,0.178172,0
0.11689,0.178569,0.142599,0
0.215116,0.112448,0.156897,0
0.195807,0.0942902,0.154056,0
0.117076,0.186972,0.168985,0
0.130463,0.113835,0.176528,0
0.196745,0.214498,0.134483,0
0.110518,0.0764857,0.163015,0
0.195111,0.184118,0.151726,0
0.20452,0.137101,0.181326,0
0.128986,0.0497237,0.220746,0
0.168789,0.115128,0.173172,0
0.116614,0.0563911,0.191627,0
0.196664,0.0921233,0.156982,0
0.175357,0.174144,0.107063,0
0.125664,0.12156,0.10848,0
0.223822,0.173116,0.144431,0
0.214997,0.109248,0.164017,0
0.111517,0.0382865,0.150852,0
0.120622,0.0265368,0.215443,0
0.180463,0.149717,0.157815,0
0.121416,0.0435597,0.161503,0
0.156475,0.0263287,0.159307,0
0.120237,0.120087,0.19145,0
0.140885,0.0905622,0.208998,0
0.221604,0.0810414,0.18246,0
0.215757,0.182812,0.18373,0
0.138927,0.12773,0.205301,0
0.118718,0.0559837,0.195938,0
0.160153,0.0640172,0.177592,0
0.213574,0.0249516,0.159288,0
0.173315,0.107411,0.220644,0
0.182366,0.207179,0.17049,0
0.128154,0.120356,0.191721,0
0.18881,0.0533622,0.184732,0
0.180452,0.196508,0.142437,0
0.161004,0.216795,0.190849,0
0.153403,0.0717875,0.170747,0
0.2228,0.176336,0.211196,0
0.175146,0.164808,0.141252,0
0.13623,0.0617207,0.134939,0
0.139494,0.156009,0.174343,0
0.127595,0.156913,0.215815,0
0.165737,0.101682,0.139374,0
0.158093,0.00930316,0.205422,0
0.120004,0.220956,0.177962,0
0.148992,0.17511,0.19571,0
0.218315,0.20749,0.182359,0
0.160465,0.188687,0.149379,0
0.207309,0.145263,0.143685,0
0.169284,0.151599,0.219218,0
0.159851,0.0819585,0.194215,0
0.187094,0.101094,0.204534,0
0.16091,0.120163,0.171223,0
0.144128,0.204449,0.13586,0
0.194835,0.150291,0.147283,0
0.221763,0.193444,0.221044,0
0.169952,0.190136,0.111593,0
0.143989,0.216144,0.213242,0
0.148319,0.0991635,0.129501,0
0.127605,0.0122395,0.141345,0
0.16331,0.00478954,0.181693,0
0.166361,0.103878,0.1354,0
0.126229,0.0738195,0.151714,0
0.177735,0.216773,0.163656,0
0.144601,0.00811215,0.136585,0
0.137833,0.0749741,0.147197,0
0.198639,0.133626,0.183525,0
0.16296,0.101455,0.18516,0
0.205465,0.0123599,0.126168,0
0.114004,0.087973,0.208071,0
0.203347,0.0408815,0.109032,0
0.199487,0.209788,0.194877,0
0.117316,0.208516,0.179161,0
0.182105,0.0813071,0.141003,0
0.18934,0.184742,0.132263,0
0.161961,0.188248,0.170406,0
0.138807,0.188934,0.134261,0
0.162313,0.019749,0.220858,0
0.118336,0.190401,0.160198,0
0.137387,0.168594,0.145752,0
0.122838,0.21825,0.116094,0
0.164334,0.0655126,0.161585,0
0.173886,0.191189,0.127194,0
0.197693,0.0079471,0.142668,0
0.172443,0.0561502,0.107894,0
0.177003,0.0169814,0.108829,0
0.193667,0.0510744,0.164187,0
0.16584,0.0656291,0.181069,0
0.184956,0.0870478,0.11035,0
0.177668,0.0477622,0.192914,0
0.186593,0.0229785,0.123292,0
0.146142,0.0351191,0.187499,0
0.21767,0.0948471,0.122711,0
0.205018,0.116899,0.112138,0
0.20819,0.0988499,0.224874,0
0.205896,0.0228639,0.203166,0
0.189669,0.0245457,0.119493,0
0.207565,0.08524,0.113259,0
0.135561,0.0293614,0.114602,0
0.201247,0.116873,0.149568,0
0.130611,0.0645468,0.17038,0
0.219357,0.111934,0.219859,0
0.160512,0.0753306,0.216728,0
0.214379,0.110887,0.164569,0
0.224978,0.0459882,0.204007,0
0.116035,0.116779,0.164698,0
0.205451,0.0699669,0.138264,0
0.129262,0.003423,0.136266,0
0.114455,0.0219741,0.12987,0
0.146314,0.156082,0.105831,0
0.110004,0.0967054,0.127434,0
0.125517,0.0630519,0.0828595,1
0.099873,0.0199237,0.00733998,1
0.100637,0.087354,0.0548972,1
0.195226,0.13935,0.0952294,1
0.10187,0.061168,0.0630484,1
0.175784,0.183131,0.0916076,1
0.0924632,0.0709641,0.0428051,1
0.103926,0.0980787,0.0148238,1
0.162181,0.13051,0.103996,1
0.169669,0.161327,0.0931791,1
0.0999387,0.164534,0.0883405,1
0.166167,0.0274277,0.0189437,1
0.110384,0.147482,0.0954846,1
0.0947274,0.0728562,0.0828273,1
0.16046,0.182055,0.0873745,1
0.0998264,0.0293748,0.038042,1
0.146091,0.205035,0.0832484,1
0.12398,0.169366,0.0949953,1
0.121325,0.0114049,0.0710777,1
0.217053,0.0858124,0.0826053,1
0.171214,0.134168,0.01593,1
0.0939933,0.175557,0.0961739,1
0.135705,0.105468,0.0876474,1
0.1303,0.117217,0.0615979,1
0.19251,0.0836431,0.0231901,1
0.0911379,0.0181763,0.0284112,1
0.0995735,0.213572,0.0985433,1
0.137202,0.00694254,0.10397,1
0.119725,0.210748,0.0854046,1
0.125268,0.119272,0.0280544,1
0.161981,0.224951,0.0806063,1
0.222758,0.0580826,0.0458696,1
0.212468,0.0512315,0.0480423,1
0.154937,0.214124,0.0852873,1
0.137878,0.06203,0.0900227,1
0.11176,0.0659823,0.0870868,1
0.193283,0.205436,0.00433238,1
0.107814,0.166721,0.0256747,1
0.177957,0.0798217,0.014698,1
0.161206,0.047323,0.033702,1
0.0920446,0.17957,0.0702862,1
0.112116,0.042022,0.0525926,1
0.117353,0.209527,0.0249389,1
0.186877,0.102476,0.0588273,1
0.104908,0.161535,0.0642224,1
0.131428,0.207261,0.0781197,1
0.19509,0.178075,0.030793,1
0.185596,0.0696328,0.0492794,1
0.210566,0.0430012,0.099534,1
0.185594,0.0844914,0.0463388,1
0.132674,0.16036,0.0422541,1
0.192206,0.0494931,0.0799534,1
0.2027,0.133394,0.0671659,1
0.136791,0.160657,0.044508,1
0.15689,0.143996,0.0196837,1
0.179331,0.1866,0.0408169,1
0.205175,0.161427,0.0403484,1
0.139982,0.032685,0.049787,1
0.198539,0.0268614,0.0485712,1
0.143933,0.0440986,0.0230577,1
0.148427,0.0863674,0.0676567,1
0.127655,0.211129,0.000399109,1
0.195749,0.182508,0.0399711,1
0.136755,0.187704,0.0343668,1
0.156242,0.0508745,0.0735516,1
0.170179,0.0197974,0.0778467,1
0.13054,0.0924111,0.0941385,1
0.15182,0.0689957,0.0794555,1
0.1995,0.0420754,0.00290482,1
0.131948,0.147608,0.0597621,1
0.177167,0.132173,0.0379919,1
0.190962,0.0051157,0.0392896,1
0.145507,0.200777,0.0477789,1
0.164093,0.0588415,0.0422833,1
0.100511,0.212493,0.0295297,1
0.186331,0.0708075,0.0640425,1
0.168277,0.0782849,0.0861114,1
0.224019,0.0566268,0.077475,1
0.0969497,0.203106,0.00126119,1
0.155994,0.0507206,0.0137321,1
0.13866,0.203929,0.0154915,1
0.127141,0.0321714,0.0665339,1
0.218357,0.105487,0.0442096,1
0.155002,0.200771,0.0653965,1
0.181283,0.0707035,0.0886282,1
0.149455,0.149938,0.0188017,1
0.139843,0.0456901,0.0739515,1
0.121518,0.0548522,0.0628084,1
0.0998815,0.159147,0.0434204,1
0.213573,0.0141112,0.0307794,1
0.122169,0.0184877,0.0104187,1
0.149124,0.0345369,0.0878606,1
0.139278,0.075828,0.0555652,1
0.102998,0.0163129,0.0573392,1
0.198551,0.122701,0.0568744,1
0.206178,0.165896,0.0788029,1
0.18842,0.151224,0.0246166,1
0.214889,0.012024,0.0253977,1
0.204434,0.0521747,0.0933372,1
0.0988953,0.158758,0.0848401,1
0.162658,0.0211795,0.0629286,1
0.17651,0.077766,0.0422458,1
0.110274,0.0349219,0.0846171,1
0.166372,0.15891,0.0800748,1
0.163308,0.194112,0.0206631,1
0.182991,0.132198,0.0570662,1
0.124914,0.223147,0.0699781,1
0.189059,0.0384248,0.0851943,1
0.193264,0.162535,0.00526461,1
0.137273,0.132295,0.0542173,1
0.114467,0.13759,0.0143827,1
0.206547,0.0968344,0.0893324,1
0.150387,0.222294,0.0835752,1
0.10257,0.132493,0.0736622,1
0.172992,0.178465,0.0806666,1
0.121854,0.049543,0.0851315,1
0.123566,0.0063648,0.0619954,1
0.157337,0.0468337,0.0260738,1
0.224341,0.0712795,0.0974001,1
0.137612,0.10092,0.10036,1
0.181734,0.1498,0.00728694,1
0.208718,0.215035,0.0286568,1
0.06947,0.125937,0.096412,2
0.00879912,0.1463,0.0737818,2
0.0810212,0.139914,0.0315986,2
0.0541719,0.212458,0.023078,2
0.0776582,0.199266,0.101511,2
0.0280568,0.177227,0.0229996,2
0.0454293,0.129837,0.0883696,2
0.0298236,0.185159,0.0239527,2
0.0629036,0.210798,0.026329,2
0.0250964,0.184625,0.0233137,2
0.0257376,0.180635,0.0206863,2
0.0234835,0.183503,0.0253156,2
0.0254734,0.185411,0.0286695,2
0.0276205,0.177775,0.0196067,2
0.0285555,0.220119,0.0196879,2
0.0283099,0.186917,0.0216191,2
0.0214442,0.182745,0.0219303,2
0.030369,0.179463,0.0220067,2
0.0423919,0.169739,0.0775022,2
0.0453663,0.142081,0.101266,2
0.078714,0.139108,0.0885889,2
0.0225109,0.179626,0.0232773,2
0.0273679,0.177588,0.0250021,2
0.0240109,0.182928,0.0250467,2
0.0255723,0.183003,0.0266416,2
0.0180165,0.147392,0.0426032,2
0.0687551,0.0750365,0.076593,2
0.0287154,0.179672,0.0184016,2
0.0301401,0.182689,0.0222811,2
0.0286747,0.181916,0.0271322,2
0.0885268,0.102712,0.0207176,2
0.0274556,0.100356,0.0294443,2
0.0233191,0.182395,0.0226986,2
0.0302412,0.203398,0.00577358,2
0.0173742,0.0425832,0.00720117,2
0.0290991,0.184426,0.023485,2
0.0236052,0.196564,0.00841884,2
0.0269188,0.183819,0.0201271,2
0.0279259,0.178169,0.0254798,2
0.0291347,0.183548,0.0209963,2
0.0249948,0.184624,0.0236109,2
0.0835799,0.177194,0.0243941,2
0.0193009,0.0931568,0.0720315,2
0.00312167,0.0453628,0.0937032,2
0.0224134,0.183705,0.0222499,2
0.00487242,0.200461,0.0619697,2
0.0120963,0.0242044,0.0542881,2
0.0540886,0.022832,0.0323644,2
0.0285949,0.175101,0.0229294,2
0.0242908,0.178284,0.0225116,2
0.0381578,0.128613,0.0275372,2
0.0254038,0.0639048,0.0336112,2
0.0277584,0.17894,0.0283452,2
0.0237822,0.18489,0.0276975,2
0.0240311,0.181469,0.0197785,2
0.0236173,0.180087,0.0218308,2
0.022795,0.0177962,0.0882934,2
0.0228132,0.0686493,0.0541698,2
0.0865701,0.0358938,0.0907612,2
0.0501274,0.147827,0.0381932,2
0.0591732,0.00339832,0.0440228,2
0.0225168,0.179415,0.0238278,2
0.0021538,0.159062,0.00546871,2
0.0230095,0.178274,0.0213811,2
0.027955,0.100297,0.0191988,2
0.07923,0.0284936,0.00952721,2
0.0288792,0.185092,0.0226092,2
0.0114927,0.121985,0.0800934,2
0.0485831,0.0156458,0.00374718,2
0.0398914,0.0661841,0.0892142,2
0.0656144,0.211773,0.0808182,2
0.0302087,0.183891,0.0219271,2
0.0295549,0.178233,0.023429,2
0.0240992,0.182077,0.0259141,2
0.0831466,0.15197,0.0386622,2
0.0647612,0.0555498,0.0268345,2
0.0299109,0.176554,0.023869,2
0.0128101,0.142035,0.0149238,2
0.0316728,0.184112,0.0261552,2
0.0283017,0.17463,0.0222407,2
0.000620287,0.221743,0.101034,2
0.0561357,0.208742,0.0287608,2
0.0270188,0.181552,0.0256021,2
0.0734354,0.175208,0.0436943,2
0.0259664,0.179691,0.0214596,2
0.0301022,0.0144626,0.0382578,2
0.0286995,0.179992,0.0228704,2
0.0254288,0.181085,0.0203795,2
0.0175273,0.0864079,0.0350495,2
0.00844424,0.146844,0.0358154,2
0.0266804,0.179831,0.0192165,2
0.0320882,0.182788,0.0222724,2
0.0271638,0.179833,0.0264732,2
0.0750198,0.0682471,0.0930424,2
0.0316249,0.187214,0.00660235,2
0.0227713,0.195178,0.102621,2
0.0666014,0.204103,0.05049,2
0.0685722,0.0266958,0.0104632,2
0.036904,0.194832,0.0512024,2
0.0323892,0.179071,0.0200827,2
0.0560304,0.0841115,0.0424952,2
0.00994946,0.193078,0.0277979,2
0.0237256,0.0318535,0.0689161,2
0.0616918,0.0504103,0.0944758,2
0.0478959,0.195229,0.0580125,2
0.0565923,0.195994,0.0625855,2
0.0276667,0.186607,0.0230618,2
0.0293435,0.048615,0.0460667,2
0.000941825,0.0989887,0.0179249,2
0.0335281,0.0219989,0.00755983,2
0.027006,0.176779,0.0224507,2
0.0456412,0.134114,0.0149167,2
0.0582785,0.00670522,0.0766469,2
0.0505468,0.133844,0.0318196,2
0.013768,0.0887233,0.032649,2
0.0745981,0.224853,0.00825678,2
0.0608414,0.173273,0.0791948,2
0.0290466,0.185143,0.0229832,2
0.0777102,0.166294,0.0441239,2
0.0657682,0.220988,0.0784969,2
0.0204738,0.0359871,0.088435,2
0.0757638,0.0951459,0.0282173,2
0.084024,0.157502,0.00742262,2
0.0478094,0.045619,0.098412,2
0.0336251,0.130715,0.0301419,2
0.0545565,0.206471,0.113638,3
0.0849085,0.196689,0.117399,3
0.0241152,0.0615434,0.11233,3
0.0210603,0.0613422,0.112771,3
0.0812151,0.14569,0.13972,3
0.0254143,0.0917372,0.125794,3
0.081381,0.163343,0.148028,3
0.0266635,0.171327,0.154356,3
0.0132108,0.0595509,0.113189,3
0.0344215,0.188006,0.145146,3
0.0441434,0.141577,0.144066,3
0.0792071,0.0786821,0.124239,3
0.0107639,0.197431,0.192031,3
0.0980713,0.0330215,0.129026,3
0.10019,0.198375,0.145656,3
0.0207075,0.0471844,0.130087,3
0.0701843,0.224553,0.192427,3
0.0739921,0.0439943,0.113273,3
0.032835,0.0533906,0.132208,3
0.0229114,0.161339,0.191523,3
0.034678,0.0546635,0.129482,3
0.0134027,0.136646,0.189108,3
0.0118239,0.108036,0.128999,3
0.0714027,0.162994,0.11553,3
0.0259769,0.0630934,0.142392,3
0.000500829,0.105087,0.215838,3
0.0452942,0.0209978,0.166157,3
0.0662777,0.0972857,0.190108,3
0.0988185,0.0868447,0.142633,3
0.0841307,0.0435955,0.18819,3
0.00989888,0.0216441,0.155226,3
0.100325,0.0110283,0.172732,3
0.0637165,0.202978,0.191605,3
0.0265153,0.0547348,0.137932,3
0.0196243,0.0266228,0.16954,3
0.0246041,0.0137519,0.133384,3
0.06485,0.154679,0.163202,3
0.0709494,0.0889133,0.222353,3
0.0327173,0.101907,0.161245,3
0.0536234,0.169059,0.116477,3
0.0448127,0.18177,0.163482,3
0.045926,0.0454201,0.10551,3
0.0459798,0.00160911,0.189481,3
0.0294597,0.207037,0.134789,3
0.0631896,0.152172,0.160377,3
0.0148858,0.156647,0.223727,3
0.00182287,0.0910873,0.203141,3
0.00955217,0.0313126,0.144799,3
0.0185746,0.0532883,0.202679,3
0.0848149,0.0561321,0.184461,3
0.0384248,0.0986444,0.14368,3
0.0609443,0.150177,0.224637,3
0.0292836,0.0804959,0.214501,3
0.0304223,0.170529,0.128401,3
0.0274858,0.215696,0.144084,3
0.0267545,0.202357,0.22038,3
0.0172101,0.107852,0.210783,3
0.0178604,0.153329,0.149831,3
0.0221958,0.208355,0.180114,3
0.0792803,0.0370457,0.120335,3
0.0575212,0.0592741,0.206925,3
0.0441057,0.184779,0.214573,3
0.065792,0.144108,0.197134,3
0.0236645,0.0782936,0.156518,3
0.0779801,0.17487,0.154316,3
0.0762879,0.0272074,0.148301,3
0.0101799,0.0983415,0.140287,3
0.0331218,0.108215,0.209628,3
0.0769601,0.0208069,0.164148,3
0.103871,0.102477,0.128219,3
0.0836342,0.149537,0.120733,3
0.107545,0.0449023,0.159684,3
0.0361443,0.00494625,0.197615,3
0.0885531,0.0650619,0.20961,3
0.0721506,8.1754e-05,0.156256,3
0.0126493,0.173826,0.15731,3
0.0140271,0.130715,0.202251,3
0.0246116,0.0196898,0.163126,3
0.00286342,0.0603826,0.141577,3
0.0423607,0.0905465,0.20352,3
0.0331352,0.0199107,0.202047,3
0.102168,0.069377,0.203789,3
0.0764327,0.151563,0.159929,3
0.0563086,0.140925,0.224489,3
0.0553041,0.0735136,0.169848,3
0.0288889,0.209093,0.157196,3
0.0806705,0.139957,0.184539,3
0.00311808,0.000384498,0.159378,3
0.0544368,0.139749,0.174886,3
0.0466309,0.209842,0.189057,3
0.028936,0.209939,0.1492,3
0.0115302,0.117532,0.131524,3
0.0338901,0.0797475,0.197127,3
0.0597653,0.0362563,0.161614,3
0.0538091,0.0632849,0.138038,3
0.100298,0.103166,0.168896,3
0.0120808,0.0543992,0.20056,3
0.0991836,0.118092,0.180746,3
0.00683827,0.170681,0.140425,3
0.00825982,0.165412,0.1185,3
0.0810089,0.0955404,0.157962,3
0.0812468,0.172785,0.205105,3
0.0704569,0.144236,0.188272,3
0.0105561,0.207136,0.136829,3
0.0234251,0.121632,0.150918,3
0.0716868,0.0589442,0.222791,3
0.0960171,0.0406946,0.147983,3
0.0550641,0.0121437,0.148074,3
0.00932628,0.00521425,0.195819,3
0.0619494,0.0391822,0.201682,3
0.0311882,0.0641124,0.186511,3
0.0801499,0.222706,0.213924,3
0.0850345,0.197263,0.165553,3
0.103957,0.119758,0.125291,3
0.0895289,0.0999419,0.144572,3
0.106724,0.20389,0.172977,3
0.0464165,0.0580003,0.224712,3
0.0834735,0.0413656,0.128887,3
0.0849664,0.0565806,0.189363,3
0.0882573,0.168102,0.108208,3
0.0824198,0.138011,0.156692,3
0.0514259,6.48532e-05,0.199187,3
0.0650654,0.0367648,0.152322,3
0.0205573,0.0443058,0.109022,3
0.109035,0.05421,0.170409,3
