x coord,y coord,z coord,rank
0.105121,0.224609,0.0493068,0
0.203337,0.166558,0.00496801,0
0.0452537,0.164846,0.0533231,0
0.114527,0.191932,0.0579388,0
0.00997388,0.190707,0.0285696,0
0.094355,0.142958,0.0988971,0
0.10416,0.195228,0.0416403,0
0.0503989,0.139881,0.0233193,0
0.0173168,0.144927,0.0799599,0
0.0105182,0.134028,0.0880264,0
0.0377414,0.119353,0.061707,0
0.0824074,0.219708,0.00439229,0
0.0919091,0.146796,0.0979857,0
0.0909374,0.141085,0.0974931,0
0.101473,0.154714,0.0509505,0
0.0894532,0.142636,0.0997426,0
0.0436666,0.147693,0.0556802,0
0.0874167,0.137447,0.096614,0
0.0410356,0.166943,0.00729628,0
0.0917379,0.141638,0.0988981,0
0.198228,0.203301,0.00859092,0
0.088459,0.140536,0.0985519,0
0.0851949,0.143307,0.096289,0
0.147089,0.132552,0.0598727,0
0.0910572,0.14228,0.0986351,0
0.0483186,0.211888,0.00400492,0
0.0952433,0.139173,0.0967255,0
0.0420271,0.145337,0.0550573,0
0.168842,0.152913,0.0121788,0
0.183468,0.197995,0.0605993,0
0.0841044,0.144858,0.0975634,0
0.0356233,0.192772,0.0375638,0
0.0921885,0.139715,0.0973786,0
0.0252102,0.224214,0.0945555,0
0.0934292,0.141287,0.0978401,0
0.186722,0.219804,0.0946777,0
0.086337,0.201105,0.0490091,0
0.112337,0.143774,0.0458428,0
0.203128,0.147943,0.0714404,0
0.0872882,0.140439,0.0957006,0
0.09101,0.139283,0.0943133,0
0.0919706,0.141411,0.0984933,0
0.0912936,0.13867,0.0953542,0
0.0908816,0.145593,0.0950268,0
0.0937617,0.170632,0.0262113,0
0.0201563,0.127178,0.0522026,0
0.0366996,0.183917,0.097669,0
0.0775956,0.143371,0.0382866,0
0.04429,0.216024,0.0348875,0
0.0215393,0.148337,0.0560182,0
0.201585,0.201277,0.0201053,0
0.0237359,0.197731,0.0869761,0
0.00839988,0.184022,0.0919144,0
0.146594,0.177641,0.036022,0
0.0673684,0.142607,0.0745305,0
0.122359,0.178621,0.0642826,0
0.184655,0.13608,0.0234225,0
0.201886,0.152826,0.0352915,0
0.0469405,0.2111,0.00943785,0
0.110929,0.170508,0.0798529,0
0.188798,0.159003,0.0140505,0
0.0712632,0.205224,0.0849856,0
0.151276,0.182396,0.0769495,0
0.0201415,0.194239,0.0074977,0
0.174939,0.184956,0.0338796,0
0.156594,0.180712,0.0618025,0
0.186119,0.220441,0.00777883,0
0.147876,0.199035,0.0850548,0
0.108912,0.172758,0.0860627,0
0.164615,0.222009,0.00356152,0
0.167919,0.1617,0.0195021,0
0.214406,0.172926,0.0196583,0
0.113413,0.213152,0.0854333,0
0.018232,0.178453,0.0144671,0
0.173949,0.163692,0.0232006,0
0.212233,0.166881,0.0189204,0
0.0433406,0.206555,0.0462834,0
0.143276,0.163366,0.0702539,0
0.192237,0.142396,0.0221769,0
0.218218,0.193741,0.0074158,0
0.167094,0.120259,0.0864483,0
0.00763108,0.202105,0.00738716,0
0.215998,0.1277,0.0348917,0
0.12018,0.222825,0.034256,0
0.0863999,0.142182,0.0962179,0
0.0307989,0.220952,0.0352164,0
0.0223903,0.159678,0.00600138,0
0.21982,0.195465,0.00645371,0
0.0760774,0.211307,0.0830721,0
0.125197,0.170885,0.0627918,0
0.144506,0.178947,0.0677834,0
0.0973879,0.222946,0.0471678,0
0.199396,0.15595,0.088552,0
0.0822248,0.185977,0.076456,0
0.0453383,0.164755,0.0459182,0
0.184277,0.161278,0.0118123,0
0.0859968,0.136745,0.0971874,0
0.197464,0.220326,0.0394701,0
0.100605,0.152712,0.0165239,0
0.0222031,0.164303,0.00493909,0
0.129869,0.123561,0.0379784,0
0.202213,0.163324,0.080726,0
0.114654,0.200309,0.0509602,0
0.0852031,0.140608,0.0993412,0
0.205059,0.160671,0.087496,0
0.0845865,0.138278,0.0991485,0
0.209536,0.139242,0.000536127,0
0.158715,0.2183,0.0701419,0
0.0258123,0.218356,0.0285669,0
0.107063,0.12579,0.0739554,0
0.0670377,0.190669,0.0488193,0
0.174496,0.128839,0.0837325,0
0.0947713,0.138914,0.0986018,0
0.139903,0.126242,0.0882637,0
0.0646486,0.135031,0.0548088,0
0.220115,0.196755,0.00373525,0
0.0906937,0.139347,0.0998074,0
0.139609,0.0638894,0.103545,1
0.158985,0.0323134,0.0321366,1
0.130514,0.0856251,0.12222,1
0.171,0.0814262,0.111675,1
0.120838,0.0980141,0.00916463,1
0.216704,0.034983,0.086414,1
0.213702,0.0781088,0.079722,1
0.180153,0.0771144,0.0350471,1
0.202589,0.057084,0.0341229,1
0.201494,0.0604272,0.0111756,1
0.201935,0.0349465,0.121069,1
0.157987,0.024597,0.0869355,1
0.108509,0.101831,0.107987,1
0.096289,0.0485724,0.120416,1
0.208646,0.0546106,0.0677097,1
0.20712,0.0754377,0.0425378,1
0.199324,0.0262315,0.0663953,1
0.208965,0.0875323,0.0381738,1
0.128891,0.0226761,0.0346999,1
0.16302,0.0223129,0.125671,1
0.14011,0.0789715,0.0159214,1
0.14446,0.0852081,0.0525499,1
0.101955,0.0849334,0.0574451,1
0.148908,0.0662368,0.120956,1
0.216602,0.0283538,0.0723191,1
0.0290516,0.065629,0.129427,1
0.125017,0.0276607,0.0994598,1
0.223411,0.0252393,0.0585625,1
0.0357185,0.0676415,0.124732,1
0.174621,0.108584,0.00122328,1
0.101106,0.0697865,0.0784521,1
0.191628,0.0589579,0.0155007,1
0.220848,0.0290789,0.0809586,1
0.0585873,0.0133874,0.1144,1
0.0829973,0.0954121,0.106024,1
0.0661602,0.0769723,0.10988,1
0.217813,0.0917471,0.0916045,1
0.0417583,0.0217524,0.122809,1
0.042646,0.0233599,0.123439,1
0.0771865,0.00617975,0.0438796,1
0.0270376,0.0382764,0.0974694,1
0.0189148,0.0727901,0.0572585,1
0.00745957,0.0969974,0.0103442,1
0.205655,0.0551998,0.0901276,1
0.0236908,0.0112256,0.0963262,1
0.146357,0.0568857,0.0171254,1
0.200317,0.0907701,0.0327025,1
0.0527563,0.110508,0.0676397,1
0.220491,0.0226726,0.0393106,1
0.0574993,0.0642665,0.0667352,1
0.0503645,0.0118054,0.0348376,1
0.177895,0.0178082,0.102511,1
0.0306031,0.0885923,0.0246,1
0.0639342,0.0722229,0.0666741,1
0.0193413,0.0472601,0.0510268,1
0.0221697,0.0718344,0.0282248,1
0.109764,0.00242738,0.00606981,1
0.17661,0.0360904,0.0650654,1
0.204604,0.0176073,0.0177254,1
0.175192,0.0568081,0.000304832,1
0.0638146,0.0176362,0.0465546,1
0.0700103,0.0912755,0.0232811,1
0.10745,0.00036488,0.0552221,1
0.0600819,0.0158971,0.0192243,1
0.108692,0.109538,0.0867517,1
0.148799,0.0909953,0.0620195,1
0.125191,0.0939157,0.0366994,1
0.178198,0.101099,0.0787862,1
0.00111223,0.073992,0.00506101,1
0.180398,0.0250251,0.104738,1
0.0122758,0.0546344,0.0803345,1
0.101189,0.0625847,0.0996339,1
0.0194954,0.0263295,0.00993218,1
0.205844,0.0104526,0.0958484,1
0.19298,0.0292717,0.0527567,1
0.0696205,0.021154,0.0772436,1
0.168997,0.0784562,0.00738408,1
0.192076,0.0440874,0.0414565,1
0.139868,0.0411934,0.0694348,1
0.16192,0.0800592,0.0435147,1
0.105902,0.0340911,0.0739525,1
0.0120239,0.0936684,0.102762,1
0.0464431,0.0409192,0.0632943,1
0.0696172,0.097452,0.00356342,1
0.17356,0.0530312,0.0363338,1
0.203764,0.0296722,0.0841856,1
0.216545,0.0772603,0.00413884,1
0.148145,0.0630425,0.00894545,1
0.163278,0.0118304,0.0986468,1
0.132383,0.0314614,0.0980894,1
0.161064,0.0277479,0.0892307,1
0.0659915,0.0901609,0.0489148,1
0.0916566,0.0404863,0.0834975,1
0.181336,0.100732,0.00630534,1
0.187915,0.0495827,0.0664251,1
0.208018,0.060285,0.0376474,1
0.0295719,0.0217438,0.0591284,1
0.118074,0.10648,0.00343739,1
0.0800266,0.0319722,0.0346264,1
0.0413119,0.035377,0.0780059,1
0.0790652,0.0337998,0.0469178,1
0.0882216,0.0336272,0.0231477,1
0.0433871,0.0583009,0.0622233,1
0.152429,0.0247952,0.0425056,1
0.147765,0.0482758,0.074327,1
0.114837,0.00918624,0.0292287,1
0.0565849,0.0416675,0.0414291,1
0.00973268,0.0826556,0.0709302,1
0.115128,0.0774464,0.0638158,1
0.106701,0.0942708,0.00297401,1
0.0351897,0.0403901,0.0414401,1
0.0855712,0.0544174,0.0238515,1
0.180384,0.0825666,0.0306942,1
0.0927395,0.0700637,0.0586372,1
0.21411,0.0557453,0.0718206,1
0.193919,0.0448619,0.0578634,1
0.148532,0.113059,0.0233669,1
0.224761,0.109261,0.0878472,1
0.165879,0.0445131,0.0723601,1
0.211777,0.0773349,0.00667564,1
0.039893,0.0179618,0.124804,1
0.169713,0.0928264,0.0469968,1
0.203459,0.101982,0.0839453,1
0.0567038,0.0848194,0.0144553,1
0.176817,0.0663294,0.122763,1
0.072636,0.112709,0.0389209,1
0.00357234,0.110096,0.221304,2
0.0493413,0.0367695,0.204992,2
0.0226815,0.0986557,0.150998,2
0.21807,0.00116339,0.204699,2
0.00204594,0.0276108,0.179077,2
0.126784,0.0620007,0.147705,2
0.190227,0.0806306,0.141399,2
0.0328407,0.0619247,0.13097,2
0.00787278,0.0258667,0.170504,2
0.194688,0.00236178,0.154366,2
0.04542,0.0751316,0.155762,2
0.0890947,0.0646927,0.172229,2
0.19513,0.0426045,0.144244,2
0.216657,0.0267891,0.15834,2
0.0470041,0.0179172,0.167028,2
0.192356,0.0194558,0.214598,2
0.0884961,0.0119884,0.180337,2
0.172906,0.0264517,0.130358,2
0.01212,0.0788303,0.160419,2
0.0582703,0.0837833,0.144074,2
0.0124051,0.0707523,0.158119,2
0.090103,0.101835,0.191193,2
0.0828732,0.105971,0.195495,2
0.194273,0.10618,0.156382,2
0.0181737,0.100085,0.215072,2
0.173989,0.00513469,0.220743,2
0.0246316,0.0835839,0.183604,2
0.0921284,0.0423175,0.215087,2
0.0814393,0.0671219,0.183512,2
0.0956129,0.0736142,0.15707,2
0.00843039,0.0193638,0.177437,2
0.198518,0.0203751,0.201867,2
0.155143,0.0960168,0.215175,2
0.0440563,0.0336344,0.157333,2
0.0418801,0.108479,0.218973,2
0.12452,0.0974046,0.135817,2
0.0190996,0.0949935,0.17532,2
0.0984855,0.0171031,0.211326,2
0.201824,0.00104657,0.214393,2
0.0519323,0.104176,0.198096,2
0.00848677,0.00290503,0.213215,2
0.0991221,0.010508,0.156225,2
0.199716,0.0137084,0.163152,2
0.174556,0.0772227,0.198066,2
0.112953,0.0159284,0.135221,2
0.127941,0.0461272,0.182762,2
0.0227091,0.0278572,0.201675,2
0.0327137,0.00264063,0.151533,2
0.0380671,0.112992,0.175901,2
0.136669,0.0850912,0.207617,2
0.0540354,0.0638883,0.131724,2
0.0679081,0.0891351,0.169672,2
0.182712,0.0636945,0.134425,2
0.160053,0.0707982,0.18339,2
0.0708897,0.042144,0.180236,2
0.127147,0.0598315,0.176078,2
0.062682,0.020546,0.193727,2
0.198003,0.018177,0.220348,2
0.0109204,0.10781,0.146651,2
0.123166,0.000981924,0.208747,2
0.0113243,0.110959,0.14695,2
0.144656,0.0429216,0.222114,2
0.202287,0.111423,0.182247,2
0.164264,0.0660569,0.15862,2
0.0122852,0.0314401,0.189654,2
0.160242,0.0249212,0.200853,2
0.024592,0.0689969,0.195039,2
0.206374,0.0246739,0.198212,2
0.105205,0.0612368,0.133755,2
0.0497824,0.0596674,0.215383,2
0.123536,0.0314483,0.219742,2
0.00626973,0.0321101,0.186303,2
0.224812,0.0169055,0.207261,2
0.104336,0.0012105,0.167841,2
0.212159,0.0809374,0.130948,2
0.140445,0.102361,0.158018,2
0.140913,0.0953786,0.220564,2
0.207364,0.0422375,0.194587,2
0.105385,0.00293628,0.212023,2
0.183328,0.0421703,0.212923,2
0.184261,0.0817638,0.195246,2
0.145022,0.0522928,0.16631,2
0.200757,0.0150447,0.139157,2
0.186364,0.0295987,0.16336,2
0.177215,0.103884,0.151911,2
0.162251,0.00430792,0.220838,2
0.112593,0.0442504,0.211426,2
0.164814,0.0242797,0.210544,2
0.0567171,0.0878006,0.213617,2
0.0297311,0.0830004,0.222253,2
0.0228271,0.0326721,0.142705,2
0.04748,0.0317289,0.218993,2
0.011311,0.0340497,0.187852,2
0.0426778,0.0746264,0.216956,2
0.0583344,0.0872567,0.168712,2
0.0382431,0.0441155,0.186768,2
0.034145,0.030553,0.198774,2
0.0300092,0.0244857,0.172468,2
0.124829,0.0830143,0.182861,2
0.0191798,0.0568586,0.210984,2
0.216134,0.107703,0.147803,2
0.0728532,0.00245878,0.212901,2
0.210137,0.109598,0.219937,2
0.102953,0.0951639,0.201699,2
0.139797,0.0745619,0.134105,2
0.164143,0.0622116,0.152044,2
0.0858314,0.058931,0.224199,2
0.118427,0.104718,0.169898,2
0.053713,0.0219378,0.168401,2
0.212463,0.111704,0.208509,2
0.0613027,0.0857265,0.200193,2
0.0413241,0.0808682,0.15856,2
0.140495,0.091023,0.198149,2
0.154489,0.0884063,0.181753,2
0.0290395,0.031763,0.202212,2
0.105851,0.103993,0.196451,2
0.0204315,0.0378607,0.188557,2
0.0577037,0.0499084,0.191763,2
0.0276113,0.0928125,0.196217,2
0.174122,0.109874,0.212525,2
0.103221,0.0450877,0.212127,2
0.188623,0.0509181,0.210324,2
0.110557,0.0456451,0.212191,2
0.117488,0.0772435,0.158738,2
0.134356,0.0363961,0.135679,2
0.219372,0.135535,0.176818,3
0.191158,0.204945,0.210804,3
0.160271,0.158315,0.170957,3
0.0506023,0.169142,0.189291,3
0.0117331,0.119654,0.163762,3
0.11081,0.157933,0.217479,3
0.174051,0.183439,0.153342,3
0.14863,0.166047,0.192785,3
0.18347,0.144024,0.195716,3
0.111901,0.223239,0.1696,3
0.15952,0.15619,0.1054,3
0.210328,0.137736,0.138283,3
0.0859921,0.143301,0.17572,3
0.0465405,0.148295,0.15711,3
0.183199,0.213978,0.159133,3
0.0470832,0.18356,0.206859,3
0.169751,0.218822,0.150895,3
0.208848,0.184454,0.147393,3
0.139809,0.214785,0.18698,3
0.0448417,0.182814,0.156395,3
0.111083,0.204309,0.111935,3
0.141502,0.221245,0.201,3
0.126196,0.216827,0.189237,3
0.0837254,0.146497,0.170417,3
0.211646,0.147817,0.171172,3
0.0929034,0.141741,0.101852,3
0.0878245,0.139725,0.104342,3
0.198066,0.186912,0.221439,3
0.153741,0.11976,0.125745,3
0.0922063,0.140417,0.106136,3
0.0717809,0.139826,0.140904,3
0.200348,0.21998,0.154766,3
0.10986,0.206878,0.140195,3
0.185684,0.189978,0.151984,3
0.185647,0.138878,0.102424,3
0.0856517,0.147958,0.113127,3
0.0173158,0.182716,0.185847,3
0.0359057,0.132915,0.109996,3
0.0858517,0.116654,0.151312,3
0.0435044,0.208075,0.142819,3
0.12321,0.184595,0.137832,3
0.0322145,0.186845,0.200447,3
0.0912243,0.141103,0.103289,3
0.0962403,0.220688,0.177562,3
0.162574,0.160873,0.21332,3
0.0535939,0.151147,0.189572,3
0.0515096,0.1623,0.184939,3
0.18805,0.14779,0.145819,3
0.00611533,0.15204,0.207495,3
0.029826,0.22259,0.142638,3
0.0572499,0.162375,0.120114,3
0.0438827,0.186385,0.181137,3
0.0172026,0.161413,0.166112,3
0.174626,0.181322,0.101497,3
0.167278,0.146247,0.163152,3
0.0677498,0.21013,0.145784,3
0.220311,0.18249,0.176265,3
0.0880522,0.139531,0.156146,3
0.200007,0.215662,0.198744,3
0.0693868,0.16623,0.112063,3
0.0382662,0.215925,0.184318,3
0.09496,0.135487,0.101155,3
0.0594639,0.163231,0.193702,3
0.176427,0.169777,0.123792,3
0.0113492,0.203893,0.150507,3
0.0252089,0.182336,0.208815,3
0.175568,0.155639,0.181231,3
0.0908012,0.142795,0.104855,3
0.0797727,0.14581,0.210159,3
0.0430225,0.160636,0.142206,3
0.0864639,0.138344,0.101343,3
0.179256,0.211004,0.214505,3
0.0862717,0.186556,0.15594,3
0.0794362,0.139617,0.143853,3
0.0458888,0.202809,0.161475,3
0.066258,0.156507,0.102276,3
0.0859267,0.145142,0.103984,3
0.151755,0.165943,0.105598,3
0.0927963,0.144446,0.101064,3
0.143541,0.184142,0.151771,3
0.132984,0.190218,0.120585,3
0.176855,0.124542,0.214878,3
0.0479597,0.195947,0.125152,3
0.134505,0.138127,0.140374,3
0.0578078,0.137693,0.149633,3
0.0916452,0.13959,0.100218,3
0.156197,0.220924,0.174432,3
0.0750142,0.181607,0.109205,3
0.0871096,0.136575,0.103521,3
0.00669487,0.121325,0.175306,3
0.00666876,0.151069,0.113177,3
0.0456249,0.142223,0.169511,3
0.0881008,0.144795,0.102708,3
0.0929858,0.198142,0.195713,3
0.152777,0.120003,0.197584,3
0.0354553,0.147038,0.112778,3
0.199235,0.168907,0.10669,3
0.0902148,0.13694,0.101125,3
0.218759,0.155114,0.106943,3
0.196268,0.215464,0.13901,3
0.0884467,0.136086,0.103313,3
0.0940136,0.141297,0.101888,3
0.0821097,0.1376,0.102304,3
0.0913662,0.13782,0.104693,3
0.0888321,0.137882,0.102376,3
0.0936535,0.138862,0.107383,3
0.101356,0.13859,0.105897,3
0.198073,0.20613,0.119851,3
0.037498,0.145825,0.104135,3
0.165384,0.200369,0.145454,3
0.145746,0.192926,0.101053,3
0.187032,0.13121,0.141473,3
0.0928603,0.141697,0.10316,3
0.0937997,0.172278,0.104865,3
0.202246,0.159442,0.105106,3
0.0957221,0.13734,0.102659,3
0.197718,0.146646,0.173258,3
0.218082,0.127856,0.171981,3
0.0859484,0.13342,0.101717,3
0.176097,0.158771,0.111795,3
0.0870521,0.140993,0.101898,3
0.0919491,0.142529,0.103954,3
0.0872196,0.140301,0.100868,3
0.0913422,0.141004,0.10244,3
0.0922624,0.136812,0.103765,3
0.0911309,0.142421,0.107446,3
0.0921879,0.142854,0.105347,3
0.0881601,0.138042,0.101078,3
0.0872946,0.143219,0.102118,3
0.183318,0.115054,0.105513,3
0.0913896,0.143272,0.101373,3
0.0553604,0.145827,0.100976,3
