x coord,y coord,z coord,rank
0.176998,0.186746,0.0720581,0
0.140883,0.162327,0.104079,0
0.107213,0.157786,0.0256565,0
0.114694,0.222338,0.098114,0
0.110458,0.0901203,0.0388835,0
0.182325,0.113577,0.0955662,0
0.114738,0.0685538,0.0488075,0
0.158024,0.0485505,0.0662688,0
0.208775,0.0266282,0.0585242,0
0.184966,0.197167,0.0653697,0
0.107909,0.221682,0.098075,0
0.196277,0.204173,0.0675967,0
0.184157,0.181475,0.0623307,0
0.135602,0.0183276,0.0114377,0
0.204728,0.0235376,0.0339079,0
0.158285,0.206131,0.0314869,0
0.137031,0.00777458,0.0476663,0
0.224373,0.212022,0.0989752,0
0.191542,0.142414,0.00159948,0
0.189556,0.0326979,0.0740272,0
0.196472,0.0519733,0.0158749,0
0.195015,0.0512589,0.0802559,0
0.202202,0.00509927,0.000691966,0
0.129742,0.204124,0.071953,0
0.20215,0.0492548,0.0791629,0
0.222631,0.111666,0.0466485,0
0.133336,0.204711,0.0282589,0
0.137387,0.194487,0.063328,0
0.171793,0.192882,0.0396999,0
0.202283,0.214442,0.0426804,0
0.108564,0.101836,0.0881031,0
0.204651,0.0468209,0.089121,0
0.224737,0.222324,0.0960779,0
0.146001,0.147283,0.101722,0
0.183498,0.201092,0.0534189,0
0.20607,0.0428522,0.0480121,0
0.171377,0.19986,0.0291915,0
0.221073,0.10477,0.0450647,0
0.195785,0.211178,0.0730064,0
0.160374,0.110936,0.0615201,0
0.134026,0.154567,0.0889606,0
0.139705,0.214782,0.0223463,0
0.184942,0.0568022,0.0928009,0
0.18606,0.136874,0.0108686,0
0.108771,0.0380446,0.0416441,0
0.116992,0.0928773,0.0380448,0
0.218725,0.197663,0.0511334,0
0.101253,0.205436,0.100912,0
0.11611,0.0279006,0.0727222,0
0.205407,0.137379,0.0155456,0
0.219948,0.00667176,0.024659,0
0.198935,0.145686,0.0550467,0
0.133745,0.216681,0.104714,0
0.165249,0.140075,0.0128877,0
0.134627,0.142526,0.0197513,0
0.127549,0.132447,0.0378272,0
0.110114,0.208981,0.00759992,0
0.216452,0.137536,0.10409,0
0.192302,0.148296,0.0539309,0
0.0987575,0.224627,0.0554745,0
0.193127,0.21249,0.00419837,0
0.204239,0.108843,0.0846602,0
0.19969,0.0781718,0.0700672,0
0.217737,0.115929,0.100848,0
0.140065,0.156891,0.104014,0
0.186443,0.218968,0.0830492,0
0.181472,0.170119,0.0794865,0
0.153149,0.0413438,0.0509979,0
0.166654,0.0473544,0.0308856,0
0.220312,0.156658,0.0926061,0
0.187849,0.121684,0.0463441,0
0.163034,0.207635,0.02981,0
0.15161,0.135632,0.0346084,0
0.198964,0.152684,0.086898,0
0.135376,0.00992647,0.0214348,0
0.169504,0.0484565,0.021263,0
0.201648,0.107174,0.100605,0
0.146534,0.037445,0.0248295,0
0.197681,0.0320586,0.0690721,0
0.132347,0.109987,0.00307887,0
0.176296,0.064535,0.0062032,0
0.179189,0.0741658,0.0643286,0
0.166321,0.152936,0.00931721,0
0.175701,0.0684029,0.0893471,0
0.195015,0.0594393,0.0305811,0
0.100669,0.12382,0.0367645,0
0.115354,0.0248907,0.0550718,0
0.209186,0.112958,0.082838,0
0.171871,0.022056,0.00639334,0
0.166672,0.0344025,0.0670029,0
0.109268,0.197453,0.00175484,0
0.109042,0.144383,0.0728077,0
0.100206,0.192701,0.036993,0
0.170747,0.182287,0.0334961,0
0.146188,0.181684,0.0229694,0
0.145356,0.186376,0.0863036,0
0.112393,0.0755045,0.0652367,0
0.176273,0.0180156,0.104626,0
0.144972,0.0115005,0.0370261,0
0.112377,0.214754,0.102361,0
0.170351,0.0525678,0.0941432,0
0.148805,0.0885253,0.0342596,0
0.217896,0.0685303,0.10708,0
0.17804,0.0283398,0.100086,0
0.113258,0.0976818,0.0560977,0
0.116643,0.0910518,0.0356306,0
0.134785,0.08262,0.0924945,0
0.127575,0.0401367,0.0547468,0
0.146537,0.0662603,0.0653784,0
0.184717,0.0836426,0.0457863,0
0.147876,0.0117082,0.0699365,0
0.151807,0.0603378,0.0692321,0
0.150075,0.0665854,0.104514,0
0.152868,0.04521,0.105427,0
0.164364,0.0383864,0.0142398,0
0.190801,0.0952405,0.0113894,0
0.170879,0.0149509,0.103681,0
0.144778,0.0669696,0.0819401,0
0.152486,0.0593734,0.106211,0
0.110269,0.0897676,0.0859302,0
0.112249,0.0162732,0.0650627,0
0.100424,0.215419,0.00403313,0
0.00254011,0.149919,0.099936,1
0.0678065,0.139081,0.189802,1
0.0310861,0.158033,0.121154,1
0.0360351,0.159537,0.125733,1
0.0731563,0.173803,0.206416,1
0.0959205,0.063663,0.125054,1
0.0350526,0.0657128,0.0961997,1
0.0702368,0.173387,0.206139,1
0.0614436,0.186003,0.103765,1
0.094184,0.190027,0.0853184,1
0.0730126,0.198394,0.215401,1
0.0754469,0.177224,0.143189,1
0.0585794,0.185736,0.157633,1
0.0582461,0.181028,0.156373,1
0.0893905,0.213773,0.112906,1
0.0437465,0.0547586,0.105609,1
0.0877375,0.171533,0.1754,1
0.0772623,0.14453,0.176913,1
0.0687775,0.0305407,0.0845361,1
0.0524705,0.201296,0.197876,1
0.0732365,0.0351492,0.0872916,1
0.0278958,0.192856,0.177645,1
0.0526201,0.0252165,0.0817041,1
0.0607049,0.220644,0.163883,1
0.0112232,0.174502,0.170261,1
0.00454793,0.136072,0.205406,1
0.049652,0.186665,0.112112,1
0.0429521,0.0172778,0.100242,1
0.0754361,0.0438999,0.106502,1
0.0308075,0.192433,0.223401,1
0.0818294,0.094264,0.0885539,1
0.0627083,0.13988,0.193912,1
0.0624126,0.116857,0.138675,1
0.0440319,0.0921849,0.0957032,1
0.0566743,0.0394577,0.130273,1
0.0460084,0.0710273,0.0861584,1
0.0733638,0.132719,0.0974658,1
0.0195404,0.0796613,0.147642,1
0.0824153,0.131822,0.0888339,1
0.0565191,0.208785,0.196233,1
0.0425063,0.0156874,0.0969189,1
0.0253989,0.00528668,0.189029,1
0.0221597,0.221063,0.201923,1
0.0423639,0.0185896,0.13685,1
0.0128017,0.0437139,0.203778,1
0.0350644,0.222196,0.135459,1
0.0650596,0.0288158,0.133733,1
0.03371,0.170634,0.095463,1
0.0471347,0.220026,0.159384,1
0.0841557,0.0624564,0.217726,1
0.0330598,0.17152,0.163409,1
0.000526095,0.0578607,0.108264,1
0.012821,0.0337569,0.218779,1
0.0791627,0.198051,0.104108,1
0.0621322,0.12025,0.224415,1
0.0328542,0.0484532,0.198545,1
0.0437906,0.136762,0.112069,1
0.0652388,0.168771,0.149519,1
0.0288434,0.0538781,0.211484,1
0.0631217,0.0630541,0.156355,1
0.0903315,0.0459624,0.172188,1
0.0228946,0.207521,0.181437,1
0.0843903,0.137595,0.171638,1
0.0534285,0.168206,0.153997,1
0.0438124,0.0327731,0.189251,1
0.0367509,0.12293,0.117567,1
0.0405693,0.165795,0.161166,1
0.0366457,0.0709123,0.201211,1
0.0293081,0.0184762,0.186724,1
0.0895502,0.0129147,0.190556,1
0.039309,0.0292477,0.0954008,1
0.021488,0.0385525,0.139895,1
0.0914293,0.123927,0.185465,1
0.0794604,0.078228,0.223049,1
0.0205707,0.190878,0.153605,1
0.0721188,0.0323848,0.0803201,1
0.00117469,0.163531,0.111561,1
0.00963083,0.165945,0.181826,1
0.0498995,0.212582,0.210513,1
0.063875,0.160942,0.207247,1
0.0151107,0.0128092,0.211685,1
0.0797673,0.18463,0.217561,1
0.0140421,0.214409,0.216264,1
0.0414291,0.12136,0.195835,1
0.0273452,0.0687495,0.13484,1
0.0044988,0.0715852,0.0988681,1
0.0923886,0.0431686,0.211967,1
0.0531624,0.0875181,0.110034,1
0.0331522,0.0365884,0.138536,1
0.0315893,0.148199,0.211516,1
0.0104385,0.00373067,0.145757,1
0.087562,0.137517,0.175376,1
0.0278136,0.063466,0.139493,1
0.045961,0.0151694,0.15205,1
0.0911828,0.103529,0.141537,1
0.0676286,0.191476,0.0813334,1
0.086336,0.0609038,0.126985,1
0.00173742,0.034444,0.196188,1
0.0876879,0.0562906,0.168749,1
0.0562817,0.100301,0.127274,1
0.0336298,0.205489,0.1329,1
0.0119611,0.092031,0.200226,1
0.0948404,0.223838,0.195982,1
0.0197497,0.0612052,0.0842364,1
0.0653472,0.0754154,0.117307,1
0.079556,0.169066,0.156407,1
0.0234146,0.0162646,0.213693,1
0.0250334,0.0528348,0.204478,1
0.0582949,0.0457299,0.142088,1
0.0735721,0.0550975,0.0985273,1
0.0608639,0.0879008,0.150817,1
0.0151014,0.00452839,0.218928,1
0.0855918,0.0154013,0.0839481,1
0.0664196,0.0770842,0.213133,1
0.0682046,0.0965351,0.13953,1
0.0262414,0.0320104,0.220493,1
0.00578663,0.0979946,0.156076,1
0.0181466,0.0984071,0.144416,1
0.00632158,0.0970799,0.190754,1
0.0919864,0.0767948,0.165759,1
0.0521912,0.00575628,0.215792,1
0.0117158,0.0965163,0.202929,1
0.0778734,0.0887873,0.185933,1
0.0211789,0.118293,0.115915,1
0.00096092,0.098067,0.154715,1
0.0964757,0.0819024,0.128636,1
0.106968,0.117829,0.149159,2
0.110895,0.00779758,0.140869,2
0.113,0.00785261,0.196712,2
0.11243,0.0446938,0.125813,2
0.107037,0.0413331,0.209626,2
0.175433,0.0754137,0.183366,2
0.144764,0.0789373,0.115954,2
0.122925,0.202183,0.156081,2
0.211441,0.0731531,0.120919,2
0.114257,0.116791,0.134728,2
0.153597,0.0106342,0.126553,2
0.10717,0.130526,0.125106,2
0.220013,0.0173414,0.133827,2
0.178717,0.0582489,0.192981,2
0.216419,0.195835,0.16569,2
0.197064,0.17067,0.111895,2
0.216786,0.106998,0.17273,2
0.103499,0.150475,0.175161,2
0.116888,0.167522,0.145849,2
0.143037,0.0389647,0.21496,2
0.16774,0.111202,0.171171,2
0.19117,0.065065,0.179594,2
0.179605,0.095445,0.20514,2
0.167136,0.0214429,0.217216,2
0.137281,0.194777,0.180366,2
0.101828,0.164736,0.188723,2
0.211098,0.0219812,0.182709,2
0.111293,0.150404,0.177705,2
0.115125,0.195235,0.156735,2
0.162678,0.222217,0.183233,2
0.120903,0.161689,0.148893,2
0.21134,0.110712,0.193891,2
0.111051,0.208527,0.144161,2
0.109262,0.140713,0.218767,2
0.11836,0.199429,0.127341,2
0.204855,0.224855,0.139064,2
0.105706,0.224356,0.177309,2
0.0984996,0.216008,0.187598,2
0.111189,0.161848,0.123153,2
0.178586,0.162865,0.173097,2
0.136259,0.149268,0.206551,2
0.209437,0.171209,0.219577,2
0.183502,0.093614,0.223967,2
0.128511,0.0274625,0.117783,2
0.15233,0.140073,0.112001,2
0.205913,0.00618874,0.22367,2
0.21911,0.189215,0.163271,2
0.119888,0.0113926,0.15528,2
0.216902,0.212226,0.149201,2
0.184304,0.140212,0.134531,2
0.143812,0.146493,0.191555,2
0.212351,0.00755432,0.223746,2
0.149017,0.0808508,0.22359,2
0.126275,0.200753,0.157158,2
0.210688,0.205102,0.124175,2
0.210783,0.113407,0.213733,2
0.217358,0.0299125,0.200531,2
0.153264,0.180162,0.21857,2
0.176265,0.0894479,0.151374,2
0.178819,0.0566825,0.223218,2
0.202405,0.0623995,0.150283,2
0.181964,0.00169631,0.223721,2
0.209713,0.0695109,0.112134,2
0.202376,0.125963,0.177942,2
0.150041,0.0446276,0.220922,2
0.131998,0.214467,0.161494,2
0.197535,0.0932389,0.153671,2
0.148257,0.217325,0.160532,2
0.201933,0.220469,0.124524,2
0.119965,0.168405,0.12571,2
0.197406,0.0682784,0.138164,2
0.121129,0.134399,0.141234,2
0.141284,0.219751,0.114145,2
0.190874,0.0189373,0.188226,2
0.148133,0.216088,0.143743,2
0.185918,0.0474557,0.2039,2
0.205431,0.109378,0.145953,2
0.15723,0.0617173,0.135812,2
0.153587,0.180319,0.137247,2
0.205054,0.0901364,0.142409,2
0.176653,0.0136315,0.107962,2
0.220777,0.0970106,0.119556,2
0.181589,0.115954,0.137663,2
0.197199,0.114815,0.159279,2
0.215196,0.162236,0.110283,2
0.17126,0.158387,0.140366,2
0.11499,0.0630173,0.13542,2
0.222483,0.0574974,0.121502,2
0.172155,0.0631874,0.157992,2
0.109673,0.0277584,0.221911,2
0.125103,0.0998617,0.117293,2
0.118621,0.096297,0.171686,2
0.193381,0.205271,0.197026,2
0.198826,0.206778,0.134326,2
0.145676,0.17509,0.156332,2
0.210763,0.223996,0.128543,2
0.176581,0.127441,0.202738,2
0.147025,0.122432,0.208874,2
0.180231,0.10789,0.161414,2
0.183274,0.1846,0.137136,2
0.172418,0.123833,0.209049,2
0.174801,0.138974,0.216591,2
0.165994,0.0052048,0.118905,2
0.1855,0.0541333,0.146977,2
0.207111,0.0366311,0.184847,2
0.179637,0.0952948,0.181219,2
0.177311,0.190121,0.149167,2
0.175465,0.0870419,0.19494,2
0.183014,0.0518705,0.17904,2
0.187264,0.00186428,0.15021,2
0.189941,0.184103,0.20422,2
0.138732,0.0552357,0.157316,2
0.193239,0.135951,0.126648,2
0.108754,0.188001,0.180231,2
0.213689,0.0206632,0.138113,2
0.218088,0.188284,0.161963,2
0.148304,0.177488,0.155884,2
0.220949,0.151938,0.217873,2
0.21937,0.145792,0.182105,2
0.180133,0.116236,0.197083,2
0.127598,0.109575,0.138027,2
0.221196,0.0808743,0.223197,2
0.170501,0.0952369,0.168089,2
0.186951,0.0815226,0.11019,2
0.0342715,0.171987,0.0589705,3
0.0386877,0.176534,0.0618732,3
0.0364355,0.170829,0.0621066,3
0.036533,0.178604,0.0615675,3
0.0890376,0.00851955,0.0723985,3
0.0418509,0.172872,0.0630846,3
0.0328785,0.172931,0.062371,3
0.0550677,0.18755,0.00329626,3
0.0399352,0.172484,0.0632603,3
0.0426442,0.176138,0.0637331,3
0.0788768,0.141379,0.0143702,3
0.0393611,0.169916,0.061656,3
0.0397567,0.172072,0.0641675,3
0.0377449,0.172344,0.0652742,3
0.0890062,0.215724,0.00543141,3
0.0825285,0.195389,0.0333103,3
0.0857735,0.134547,0.0416026,3
0.0880914,0.0938943,0.0232636,3
0.0860372,0.085635,0.0764738,3
0.0905687,0.0790256,0.0176461,3
0.093739,0.0298738,0.0341943,3
0.0827883,0.0372348,0.0215784,3
0.0693245,0.0383908,0.0736852,3
0.0211481,0.191533,0.0690151,3
0.0478505,0.053547,0.00669152,3
0.0633566,0.125048,0.0285621,3
0.0631449,0.0457529,0.0278879,3
0.0431291,0.174314,0.0661972,3
0.0310431,0.181482,0.0625711,3
0.00550577,0.0513306,0.00153757,3
0.0646349,0.0630333,0.0698747,3
0.0957697,0.0726281,0.0502673,3
0.0387289,0.173535,0.0653625,3
0.0671683,0.0787751,0.0320994,3
0.0723862,0.0535321,0.0239668,3
0.0400587,0.177704,0.0651885,3
0.0658752,0.00830489,0.0395777,3
0.0351099,0.177104,0.0656217,3
0.0351593,0.171782,0.0620927,3
0.0300678,0.173533,0.0604542,3
0.0378197,0.171197,0.0659401,3
0.0198969,0.223493,0.0469215,3
0.032103,0.122043,0.0326612,3
0.0136466,0.0429552,0.00719343,3
0.0380133,0.169634,0.06036,3
0.0136433,0.0167824,0.0012646,3
0.032139,0.0130107,0.0102075,3
0.0571762,0.204871,0.0609942,3
0.0569332,0.0205151,0.011146,3
0.0366745,0.168811,0.0670365,3
0.0322069,0.0334923,0.0170242,3
0.0378932,0.174664,0.0657098,3
0.00416807,0.0949235,0.018632,3
0.0775617,0.0949776,0.0370445,3
0.0405844,0.0770631,0.0628931,3
0.0495339,0.0193574,0.0668379,3
0.0576837,0.0233097,0.0737066,3
0.0343331,0.167868,0.0584112,3
0.0367614,0.168737,0.0611233,3
0.0326447,0.174431,0.062634,3
0.0334842,0.169909,0.0648567,3
0.0339156,0.173318,0.0667923,3
0.0187541,0.00937155,0.00706334,3
0.0611811,0.0155165,0.0706437,3
0.00608698,0.0343304,0.0318698,3
0.0274151,0.196044,0.0103902,3
0.0647547,0.00809217,0.0409534,3
0.0298378,0.0165878,0.0705088,3
0.0331041,0.172097,0.058415,3
0.0507812,0.0963864,0.0736917,3
0.0453045,0.0407711,0.0220266,3
0.0301786,0.174012,0.0684343,3
0.0554542,0.0823168,0.0658146,3
0.0333976,0.173788,0.0604973,3
0.0710261,0.0278043,0.0300414,3
0.0670521,0.0324578,0.0386583,3
0.0860211,0.0623395,0.076448,3
0.0588066,0.214696,0.00121696,3
0.000630764,0.0759439,0.0403904,3
0.0608533,0.0121957,0.0025156,3
0.031433,0.169567,0.0625643,3
0.0395617,0.175127,0.0639198,3
0.029717,0.221583,0.0665503,3
0.0373927,0.173288,0.0611464,3
0.0389836,0.170494,0.0657281,3
0.0636358,0.187453,0.0720163,3
0.0357963,0.173304,0.0607841,3
0.0328506,0.173625,0.0654407,3
0.03516,0.17639,0.0666375,3
0.0203283,0.0116001,0.0427257,3
0.00366909,0.179844,0.0233905,3
0.0597275,0.0657184,0.0537566,3
0.0277201,0.182925,0.0775781,3
0.0362349,0.173187,0.0648453,3
0.0341832,0.177984,0.0555532,3
0.0185195,0.136285,0.0249821,3
0.0648759,0.0266491,0.0161501,3
0.0219048,0.0748058,0.0184143,3
0.0383929,0.177853,0.0614009,3
0.0371447,0.179159,0.0625377,3
0.0394358,0.17764,0.0672081,3
0.0384858,0.175373,0.0638078,3
0.0383945,0.0501645,0.0504898,3
0.0323823,0.176335,0.0653728,3
0.0349503,0.175578,0.0605295,3
0.036348,0.173697,0.0605763,3
0.0551583,0.0387441,0.00941695,3
0.0362864,0.176677,0.0633877,3
0.0386558,0.0897857,0.0558111,3
0.0452366,0.051626,0.00609101,3
0.0289113,0.173741,0.065427,3
0.0366307,0.175639,0.0672017,3
0.0364619,0.173444,0.0667267,3
0.0370405,0.173676,0.0654546,3
0.0371984,0.168658,0.0620949,3
0.0350147,0.173423,0.0670116,3
0.0364882,0.176011,0.066555,3
0.0647885,0.0531551,0.067182,3
0.0888504,0.179924,0.0033548,3
0.022844,0.121478,0.0226201,3
0.0926301,0.19734,0.0342077,3
0.0159434,0.174515,0.013766,3
0.0888648,0.138462,0.0707317,3
0.0764005,0.200565,0.0692724,3
0.0673543,0.181478,0.0325521,3
0.0923722,0.167776,0.043252,3
0.0952259,0.0534821,0.0678366,3
0.0910973,0.0817811,0.0801225,3
