x coord,y coord,z coord,rank
0.046788,0.0343048,0.0787569,0
0.0934911,0.0821759,0.0454633,0
0.106525,0.12199,0.0396095,0
0.094932,0.0800342,0.0455704,0
0.0695774,0.0240429,0.0303278,0
0.102384,0.114737,0.109217,0
0.0778639,0.0583938,0.0756539,0
0.0392899,0.0734028,0.0986009,0
0.0468338,0.106717,0.0756064,0
0.0441603,0.0385477,0.0117776,0
0.0658413,0.0656506,0.0747912,0
0.0650915,0.0480712,0.0884312,0
0.105687,0.110101,0.108783,0
0.0241085,0.0283573,0.0864723,0
0.103318,0.113216,0.10643,0
0.105734,0.117707,0.10299,0
0.0991968,0.0438088,0.0935843,0
0.0651084,0.0931107,0.108693,0
0.106016,0.105029,0.10591,0
0.0511778,0.131662,0.00299468,0
0.0629485,0.123114,0.0581784,0
0.0606943,0.112509,0.0666361,0
0.102106,0.108683,0.107783,0
0.0980207,0.143106,0.0543595,0
0.00768345,0.168339,0.00744055,0
0.0526755,0.131104,0.00267413,0
0.102787,0.114667,0.107175,0
0.104876,0.10701,0.106447,0
0.0810177,0.103805,0.0146217,0
0.0475425,0.210988,0.0473617,0
0.0774489,0.0810744,0.0458268,0
0.0224101,0.00834778,0.0952909,0
0.0333189,0.0203482,0.096342,0
0.100594,0.1109,0.107817,0
0.0858571,0.0951743,0.0663306,0
0.0290559,0.172151,0.090415,0
0.0813206,0.174073,0.0539933,0
0.0342297,0.112083,0.0781307,0
0.0971548,0.0790695,0.0412335,0
0.0899632,0.140523,0.0722112,0
0.103483,0.158955,0.064234,0
0.0977626,0.122568,0.0857951,0
0.0726518,0.0587609,0.0821282,0
0.078197,0.0303182,0.0402276,0
0.0432002,0.169603,0.0848013,0
0.0477136,0.19503,0.00785395,0
0.0362066,0.0941855,0.0818431,0
0.0327533,0.0887902,0.0962913,0
0.106135,0.115665,0.105246,0
0.0867472,0.150124,0.00337009,0
0.0786649,0.185682,0.071831,0
0.0544905,0.0828144,0.081296,0
0.0535821,0.137766,0.0734457,0
0.0374219,0.0174366,0.0630127,0
0.0956493,0.10788,0.104332,0
0.0749155,0.120184,0.0540642,0
0.105703,0.113178,0.10793,0
0.0734804,0.182336,0.0797427,0
0.0901751,0.0952104,0.0739247,0
0.104891,0.113972,0.108292,0
0.0401778,0.0939065,0.0793238,0
0.0810938,0.132432,0.103963,0
0.104994,0.115855,0.107701,0
0.0432046,0.101052,0.00206723,0
0.0420858,0.217148,0.0731885,0
0.0528039,0.0714122,0.102331,0
0.087133,0.0737251,0.073583,0
0.00942696,0.0376751,0.0584468,0
0.0612677,0.140646,0.0548746,0
0.0393573,0.128104,0.0298668,0
0.0426463,0.128034,0.03288,0
0.0199126,0.0179351,0.0567424,0
0.0350969,0.00403065,0.0593002,0
0.0749275,0.0633876,0.07791,0
0.102935,0.111298,0.109099,0
0.0906483,0.0975002,0.0693684,0
0.0986579,0.161285,0.0664331,0
0.104462,0.155772,0.0624359,0
0.0598458,0.132159,0.096723,0
0.034939,0.0897672,0.102765,0
0.0282722,0.176593,0.0890021,0
0.1046,0.118279,0.108891,0
0.0991664,0.0373613,0.0557451,0
0.0750456,0.0787552,0.00855873,0
0.0106754,0.174555,0.0295432,0
0.0739312,0.0653166,0.0760973,0
0.0359902,0.187014,0.0767449,0
0.10503,0.106505,0.109385,0
0.0786653,0.150029,0.102207,0
0.0998107,0.112985,0.105348,0
0.0505965,0.119841,0.019965,0
0.0584443,0.201548,0.0332662,0
0.079683,0.0782594,0.0722008,0
0.0551381,0.111641,0.0666296,0
0.0901541,0.0896154,0.0469825,0
0.074598,0.123069,0.0768873,0
0.0860141,0.0596528,0.070313,0
0.0753893,0.195061,0.015928,0
0.0543679,0.137472,0.096088,0
0.0622536,0.126984,0.107162,0
0.0981105,0.113872,0.108769,0
0.106442,0.115822,0.107609,0
0.0778028,0.172556,0.0560952,0
0.0865044,0.0416237,0.0791797,0
0.0310248,0.090258,0.097602,0
0.104558,0.116465,0.102866,0
0.0571283,0.0701162,0.0984102,0
0.103643,0.118895,0.105841,0
0.0725789,0.0597815,0.0748063,0
0.0968418,0.156127,0.0699683,0
0.0851904,0.0516099,0.102986,0
0.0225019,0.0999805,0.0994927,0
0.0249927,0.0780736,0.0812887,0
0.046103,0.0936289,0.0762982,0
0.0714117,0.119889,0.0764837,0
0.105535,0.111562,0.10849,0
0.104187,0.117526,0.106792,0
0.103795,0.10959,0.107999,0
0.102705,0.104833,0.109174,0
0.10175,0.1103,0.105209,0
0.1043,0.110205,0.106649,0
0.105785,0.11573,0.109246,0
0.101296,0.117329,0.103544,0
0.104829,0.107291,0.108151,0
0.105666,0.11137,0.108191,0
0.105624,0.114744,0.108648,0
0.105457,0.115187,0.106972,0
0.102463,0.116849,0.109155,0
0.103866,0.107633,0.108945,0
0.112808,0.164789,0.161353,1
0.10968,0.115956,0.110331,1
0.109595,0.125109,0.113334,1
0.179683,0.0666725,0.137185,1
0.108579,0.108512,0.11436,1
0.170667,0.0857202,0.172861,1
0.157295,0.107345,0.165989,1
0.148491,0.168492,0.152069,1
0.131922,0.0676215,0.152672,1
0.17249,0.0394829,0.137591,1
0.135903,0.187304,0.139988,1
0.128809,0.16815,0.177005,1
0.132236,0.130203,0.169571,1
0.110177,0.112287,0.115897,1
0.110625,0.113414,0.110961,1
0.167238,0.109113,0.121425,1
0.109113,0.109404,0.110145,1
0.19206,0.130372,0.16477,1
0.111832,0.117087,0.111867,1
0.13042,0.166683,0.180943,1
0.15806,0.14839,0.146901,1
0.124396,0.0787488,0.119626,1
0.155116,0.144925,0.170556,1
0.16292,0.10868,0.130553,1
0.14352,0.129872,0.111948,1
0.168195,0.179055,0.1363,1
0.113443,0.14246,0.171821,1
0.153974,0.00307129,0.199165,1
0.136957,0.000440658,0.150438,1
0.172112,0.0251209,0.19004,1
0.193903,0.215656,0.14122,1
0.11669,0.0206705,0.130776,1
0.160267,0.0393888,0.214255,1
0.204632,0.0228154,0.144599,1
0.178221,0.100699,0.111677,1
0.21775,0.0948567,0.219598,1
0.194749,0.0334416,0.210821,1
0.190134,0.10096,0.110136,1
0.144366,0.159387,0.146971,1
0.123152,0.145034,0.147878,1
0.133734,0.109574,0.137092,1
0.148137,0.110628,0.182821,1
0.16542,0.161538,0.139337,1
0.223465,0.218736,0.129922,1
0.156449,0.016001,0.118694,1
0.139034,0.104601,0.144043,1
0.180487,0.00556924,0.161821,1
0.114917,0.113404,0.113115,1
0.198417,0.0726311,0.216022,1
0.154051,0.15224,0.153177,1
0.119596,0.110193,0.160049,1
0.190821,0.167184,0.180606,1
0.137758,0.105592,0.153052,1
0.115898,0.157367,0.156649,1
0.13493,0.102179,0.143608,1
0.11796,0.124242,0.144634,1
0.165873,0.0885582,0.138699,1
0.157526,0.15166,0.162177,1
0.182451,0.00132468,0.157994,1
0.172387,0.0363958,0.132428,1
0.180652,0.106712,0.22123,1
0.167353,0.0114904,0.203737,1
0.120163,0.0969231,0.20208,1
0.112525,0.114064,0.11127,1
0.16058,0.0437382,0.210674,1
0.217649,0.1192,0.168226,1
0.165647,0.115696,0.207083,1
0.162208,0.159618,0.148258,1
0.127611,0.132243,0.207692,1
0.144446,0.0203667,0.188111,1
0.122926,0.123096,0.193314,1
0.162879,0.050113,0.20746,1
0.12421,0.103249,0.174438,1
0.12966,0.0772317,0.114537,1
0.144137,0.0890625,0.170589,1
0.132867,0.00536345,0.143338,1
0.109509,0.112024,0.110513,1
0.140991,0.104111,0.161267,1
0.209033,0.162119,0.154843,1
0.150674,0.216154,0.173119,1
0.117722,0.115873,0.170988,1
0.126061,0.18239,0.114422,1
0.151753,0.218078,0.117795,1
0.13863,0.0972469,0.148767,1
0.119745,0.15946,0.176409,1
0.130473,0.110985,0.140083,1
0.205398,0.124742,0.135091,1
0.129542,0.116369,0.144952,1
0.145107,0.125668,0.180237,1
0.157368,0.108402,0.167846,1
0.205215,0.192033,0.132326,1
0.180759,0.000875145,0.155389,1
0.159908,0.14961,0.166836,1
0.177103,0.111365,0.134117,1
0.160251,0.154259,0.145708,1
0.157855,0.0434576,0.213299,1
0.147615,0.113122,0.109721,1
0.173845,0.114587,0.132938,1
0.111535,0.111542,0.113261,1
0.183512,0.0710834,0.138352,1
0.162832,0.0807152,0.118022,1
0.14445,0.0710079,0.114074,1
0.118111,0.167611,0.121533,1
0.142398,0.0481956,0.112453,1
0.173606,0.0388125,0.216515,1
0.22286,0.0899658,0.134714,1
0.135412,0.146118,0.112493,1
0.113324,0.210807,0.17145,1
0.122522,0.135307,0.152408,1
0.171903,0.118177,0.124009,1
0.143218,0.0627217,0.125718,1
0.108834,0.117874,0.112828,1
0.159519,0.0444748,0.218315,1
0.109438,0.0906117,0.156481,1
0.148565,0.0782609,0.159889,1
0.141936,0.129405,0.109586,1
0.108156,0.113884,0.110838,1
0.100369,0.109576,0.109491,2
0.106404,0.115562,0.118412,2
0.102546,0.106274,0.110548,2
0.100853,0.1064,0.113613,2
0.107166,0.117354,0.110684,2
0.104634,0.115412,0.111094,2
0.101302,0.105052,0.1128,2
0.10157,0.117109,0.113873,2
0.105521,0.115078,0.110541,2
0.106159,0.110789,0.117745,2
0.105587,0.107876,0.109362,2
0.101654,0.111488,0.110934,2
0.101988,0.117758,0.111402,2
0.10377,0.112537,0.112166,2
0.106326,0.119916,0.110646,2
0.103603,0.107532,0.110658,2
0.00659928,0.146835,0.174141,2
0.104296,0.107603,0.114086,2
0.105201,0.114258,0.109877,2
0.104224,0.195416,0.156521,2
0.107106,0.109407,0.112068,2
0.0539681,0.124039,0.207019,2
0.105462,0.11263,0.11598,2
0.0513921,0.135483,0.110317,2
0.0568537,0.152787,0.113615,2
0.100605,0.109728,0.110249,2
0.107407,0.208527,0.174689,2
0.0731277,0.126325,0.164033,2
0.0852749,0.152982,0.144592,2
0.106081,0.117524,0.110901,2
0.101314,0.112284,0.111501,2
0.0819376,0.061833,0.155001,2
0.0970878,0.0971136,0.120561,2
0.107039,0.0971763,0.160122,2
0.0829811,0.189762,0.151621,2
0.0171435,0.147521,0.208078,2
0.104378,0.0711162,0.117524,2
0.061118,0.0562768,0.173552,2
0.0759523,0.109364,0.194381,2
0.0554136,0.0969955,0.130177,2
0.104032,0.110977,0.110518,2
0.107319,0.113965,0.114099,2
0.0804378,0.0640657,0.18056,2
0.0894555,0.163948,0.120617,2
0.0758138,0.05497,0.141735,2
0.0868643,0.196749,0.149541,2
0.0763008,0.0968441,0.120036,2
0.0544848,0.152801,0.154452,2
0.0984739,0.202303,0.151777,2
0.0201278,0.078438,0.217031,2
0.0386348,0.144455,0.113434,2
0.000636748,0.104092,0.129484,2
0.0338687,0.205316,0.114166,2
0.101175,0.109999,0.113622,2
0.106748,0.0716925,0.133363,2
0.0766813,0.149072,0.162081,2
0.0931579,0.145061,0.147351,2
0.0624575,0.0592655,0.171207,2
0.0951288,0.171338,0.122204,2
0.0884685,0.0895477,0.16722,2
0.0940727,0.137841,0.110368,2
0.0986567,0.055086,0.120459,2
0.0900837,0.0305466,0.200396,2
0.0427006,0.0458976,0.172909,2
0.0768248,0.111342,0.128961,2
0.064825,0.15245,0.131491,2
0.0844076,0.195631,0.154376,2
0.0836249,0.224331,0.121319,2
0.0164925,0.0255688,0.139717,2
0.0965206,0.0915837,0.194601,2
0.106608,0.107321,0.113503,2
0.0228944,0.103065,0.15933,2
0.0462921,0.00402586,0.190917,2
0.0112494,0.135108,0.216867,2
0.0763738,0.110746,0.149529,2
0.10581,0.0877949,0.146939,2
0.0829492,0.192574,0.151757,2
0.0890937,0.170758,0.124109,2
0.0674386,0.100263,0.126228,2
0.0760001,0.167217,0.132318,2
0.0712748,0.0880454,0.118574,2
0.0804845,0.166738,0.151617,2
0.103639,0.187133,0.188503,2
0.0671955,0.0694169,0.124754,2
0.0790827,0.075988,0.148841,2
0.0804861,0.10409,0.189329,2
0.0970208,0.0902154,0.19495,2
0.0696789,0.150821,0.129963,2
0.0890301,0.187887,0.155743,2
0.0255601,0.022155,0.141974,2
0.0445654,0.13011,0.120913,2
0.107233,0.2197,0.188536,2
0.0569489,0.151197,0.112495,2
0.0823684,0.196639,0.148878,2
0.066567,0.0558479,0.120599,2
0.0932425,0.0867679,0.193664,2
0.103415,0.111951,0.118092,2
0.10575,0.111181,0.111924,2
0.0892501,0.0666199,0.142418,2
0.105272,0.0442947,0.115576,2
0.0846702,0.190983,0.145243,2
0.101097,0.170281,0.163938,2
0.0856794,0.185323,0.155493,2
0.102236,0.113369,0.109995,2
0.0442192,0.146034,0.151639,2
0.0370199,0.106794,0.194755,2
0.070983,0.111199,0.199576,2
0.0867005,0.125076,0.182458,2
0.0803197,0.0698237,0.186383,2
0.0864333,0.198919,0.145727,2
0.0458181,0.118185,0.148098,2
0.0826847,0.0810661,0.110109,2
0.0962918,0.144195,0.163044,2
0.105549,0.108204,0.112258,2
0.103404,0.11367,0.110735,2
0.105887,0.109802,0.112922,2
0.105033,0.110217,0.110412,2
0.0981877,0.0702819,0.114611,2
0.105965,0.114108,0.114392,2
0.0675894,0.027402,0.131411,2
0.0474485,0.149065,0.214683,2
0.104417,0.119532,0.110791,2
0.105561,0.113807,0.113955,2
0.106469,0.108622,0.114375,2
0.102282,0.11475,0.11213,2
0.104923,0.123696,0.109549,2
0.108653,0.106756,0.10693,3
0.113003,0.0422353,0.0460603,3
0.219706,0.0494551,0.107738,3
0.178224,0.105273,0.106575,3
0.109451,0.119594,0.107729,3
0.131242,0.14105,0.104961,3
0.121073,0.144031,0.0396189,3
0.115954,0.12994,0.107124,3
0.204215,0.203069,0.0287691,3
0.188433,0.202051,0.0384157,3
0.132726,0.148959,0.105661,3
0.15485,0.150447,0.102301,3
0.132169,0.132399,0.0559142,3
0.152128,0.137476,0.0729466,3
0.133819,0.186249,0.0746118,3
0.127245,0.184997,0.068751,3
0.182667,0.145405,0.0969257,3
0.140809,0.151198,0.0850445,3
0.151316,0.148191,0.100116,3
0.116803,0.162455,0.103991,3
0.106712,0.11213,0.10904,3
0.126652,0.140854,0.107637,3
0.11139,0.115716,0.109288,3
0.144997,0.081392,0.0287707,3
0.150234,0.144873,0.0872581,3
0.178031,0.118335,0.0933104,3
0.108463,0.111706,0.104016,3
0.128881,0.100771,0.0762461,3
0.201292,0.126459,0.014181,3
0.135921,0.21591,0.0823125,3
0.1519,0.020257,0.0977483,3
0.124478,0.11041,0.0938251,3
0.134314,0.125144,0.0779594,3
0.13845,0.158279,0.0197488,3
0.115502,0.113401,0.100346,3
0.1087,0.109598,0.107487,3
0.137305,0.0384221,0.0776098,3
0.171718,0.093372,0.102154,3
0.137041,0.203447,0.0281271,3
0.220147,0.117739,0.0664591,3
0.172394,0.127514,0.0931041,3
0.186992,0.162682,0.0906625,3
0.115539,0.113622,0.109475,3
0.153878,0.0849381,0.0207364,3
0.222784,0.00356482,0.0323233,3
0.165062,0.0765852,0.100554,3
0.126097,0.0249074,0.0102098,3
0.165962,0.150549,0.0735804,3
0.180925,0.187708,0.0226106,3
0.12168,0.0465073,0.0467299,3
0.108611,0.105778,0.105095,3
0.210526,0.109036,0.0601127,3
0.157511,0.0236666,0.0808075,3
0.164617,0.0225267,0.0827204,3
0.136522,0.0714669,0.0591617,3
0.171915,0.112575,0.039869,3
0.221016,0.138066,0.0148916,3
0.160818,0.159918,0.094706,3
0.107993,0.0878446,0.0907999,3
0.124459,0.0765195,0.0510385,3
0.115406,0.0893592,0.0524435,3
0.131371,0.0987768,0.0974225,3
0.107466,0.114833,0.108968,3
0.188233,0.0384364,0.0275548,3
0.110316,0.207888,0.106752,3
0.146613,0.088338,0.0805231,3
0.221869,0.0815133,0.103774,3
0.107432,0.110055,0.108948,3
0.132237,0.197295,0.0860793,3
0.137688,0.118506,0.0818869,3
0.107173,0.113288,0.106522,3
0.139579,0.0486241,0.00708699,3
0.173291,0.157372,0.0208753,3
0.138849,0.103709,0.0632911,3
0.142429,0.0884039,0.0809068,3
0.179138,0.0826831,0.0342364,3
0.139511,0.104827,0.0598664,3
0.106933,0.116282,0.107673,3
0.116281,0.04451,0.0427414,3
0.11139,0.143083,0.0801685,3
0.107819,0.104305,0.108758,3
0.149034,0.0678753,0.0496916,3
0.134755,0.190885,0.0199415,3
0.129397,0.13023,0.0753913,3
0.150211,0.0367709,0.055831,3
0.150391,0.120098,0.105631,3
0.116803,0.0682821,0.0482927,3
0.131033,0.146977,0.108808,3
0.156657,0.032273,0.0804406,3
0.115311,0.0577164,0.008196,3
0.108068,0.113664,0.105486,3
0.163157,0.09647,0.0510555,3
0.182557,0.104237,0.101805,3
0.174856,0.0103168,0.0612255,3
0.117058,0.0659086,0.100647,3
0.154013,0.103031,0.0689129,3
0.113497,0.0511757,0.036189,3
0.154161,0.175252,0.0212797,3
0.153217,0.150894,0.0876236,3
0.174144,0.0694689,0.024541,3
0.109193,0.118345,0.104293,3
0.120837,0.138073,0.0543867,3
0.171874,0.0730288,0.0277512,3
0.108778,0.115228,0.103293,3
0.154755,0.120377,0.0958455,3
0.140524,0.178399,0.103837,3
0.161926,0.144608,0.0274187,3
0.115978,0.0687986,0.0425051,3
0.148692,0.0115621,0.00614864,3
0.204218,0.179979,0.0748628,3
0.120856,0.0994883,0.0351025,3
0.107322,0.110334,0.106981,3
0.115055,0.0541536,0.042759,3
0.118608,0.04737,0.0436908,3
0.149126,0.0905108,0.0815729,3
0.107511,0.108185,0.103906,3
0.106859,0.109929,0.10913,3
0.111521,0.108995,0.0800547,3
0.113526,0.15193,0.0525106,3
0.107432,0.112372,0.105199,3
0.115312,0.120592,0.108915,3
0.109467,0.115284,0.105454,3
0.112463,0.108063,0.106435,3
0.112474,0.11693,0.106734,3
0.109017,0.111067,0.105861,3
0.110351,0.0107088,0.0505107,3
0.108472,0.116464,0.109257,3
0.109388,0.114082,0.10918,3
