x coord,y coord,z coord,rank
0.0623597,0.129177,0.030787,0
0.183837,0.152365,0.0087763,0
0.187552,0.115029,0.00528063,0
0.0390734,0.187651,0.0964245,0
0.101858,0.183903,0.00305723,0
0.208183,0.172809,0.0954473,0
0.0377022,0.165706,0.0938743,0
0.0693321,0.122464,0.0830428,0
0.189922,0.120853,0.0441128,0
0.0891004,0.167201,0.046238,0
0.0585724,0.117253,0.0926811,0
0.13804,0.160481,0.0829396,0
0.0582102,0.165786,0.0334724,0
0.181362,0.17224,0.022634,0
0.185289,0.206091,0.0848343,0
0.101245,0.184282,0.0505359,0
0.063764,0.137006,0.0091376,0
0.0344052,0.168468,0.0808211,0
0.160184,0.218698,0.0201182,0
0.107979,0.122397,0.0499134,0
0.224266,0.173118,0.0682258,0
0.0257869,0.144836,0.0756305,0
0.170058,0.207118,0.0911783,0
0.0899454,0.216824,0.0901726,0
0.166397,0.15187,0.0546443,0
0.0173374,0.18442,0.00828632,0
0.223233,0.205599,0.0686419,0
0.042184,0.151021,0.0547657,0
0.185695,0.129299,0.00853028,0
0.150296,0.137015,0.0196597,0
0.130495,0.209403,0.0676733,0
0.148258,0.117147,0.0506331,0
0.173471,0.221277,0.0552786,0
0.0431402,0.127405,0.0264664,0
0.16724,0.169282,0.0630961,0
0.155444,0.209315,0.0658569,0
0.0642385,0.142033,0.0355226,0
0.000314896,0.113925,0.0677117,0
0.0875563,0.178515,0.0520315,0
0.0981097,0.219086,0.0164196,0
0.209566,0.222931,0.0200758,0
0.0206402,0.171734,0.0668913,0
0.0553866,0.218658,0.0793455,0
0.198971,0.140746,0.0163384,0
0.106334,0.12713,0.00268333,0
0.196824,0.127332,0.0837297,0
0.0826266,0.162927,0.0773782,0
0.133607,0.189369,0.0428505,0
0.00465068,0.165291,0.0871878,0
0.212635,0.172452,0.0327934,0
0.192958,0.134146,0.0202655,0
0.177787,0.224632,0.0563233,0
0.118371,0.213744,0.0765356,0
0.0509214,0.166217,0.0578132,0
0.0480165,0.207241,0.00915028,0
0.129625,0.137634,0.0598215,0
0.00590119,0.117001,0.0196511,0
0.157262,0.18827,0.00236555,0
0.196121,0.11385,0.0578816,0
0.193065,0.188007,0.0354146,0
0.113329,0.207412,0.0393031,0
0.175566,0.158086,0.0830738,0
0.0920874,0.180529,0.0876365,0
0.0604686,0.171984,0.0481678,0
0.131302,0.197577,0.0438872,0
0.0742476,0.211191,0.0937443,0
0.187101,0.210214,0.023834,0
0.0576854,0.201136,0.0282977,0
0.0625613,0.177372,0.0156987,0
0.187922,0.171864,0.0820338,0
0.140222,0.142626,0.071429,0
0.0117832,0.156068,0.0815862,0
0.0502454,0.145668,0.00633521,0
0.0997702,0.127538,0.0662596,0
0.114388,0.125259,0.0994096,0
0.143645,0.152815,0.0783595,0
0.208484,0.178644,0.0979817,0
0.0914672,0.147237,0.0365651,0
0.0324569,0.179193,0.0528941,0
0.115713,0.115309,0.0763697,0
0.0469717,0.134443,0.0325979,0
0.108413,0.141655,0.0497055,0
0.0883951,0.158761,0.0724076,0
0.210259,0.174928,0.0475541,0
0.0999635,0.162399,0.0890579,0
0.0666679,0.22433,0.0744509,0
0.13386,0.199004,0.0562075,0
0.180261,0.201815,0.0815472,0
0.152467,0.141648,0.0723344,0
0.11431,0.125242,0.00263199,0
0.165721,0.149904,0.0366364,0
0.125754,0.217452,0.0524359,0
0.0997671,0.141755,0.00517656,0
0.09056,0.202252,0.0842822,0
0.088753,0.127498,0.0673202,0
0.000923957,0.20194,0.0474865,0
0.174648,0.202373,0.0743906,0
0.0475635,0.135464,0.0834624,0
0.177211,0.194478,0.0249368,0
0.0740687,0.132604,0.0153413,0
0.0206593,0.137436,0.0845931,0
0.0851618,0.130155,0.0331729,0
0.204627,0.167666,0.0622947,0
0.191381,0.118497,0.0923083,0
0.184184,0.149561,0.0966931,0
0.038363,0.207906,0.0408504,0
0.135236,0.115761,0.0962078,0
0.204668,0.181778,0.0657026,0
0.0815856,0.147333,0.0432649,0
0.0222286,0.22237,0.00804214,0
0.025463,0.154281,0.0857727,0
0.127186,0.186828,0.0909533,0
0.0943132,0.155214,0.00296659,0
0.0385568,0.191647,0.0725227,0
0.0845088,0.128975,0.0837979,0
0.0476365,0.159481,0.0378869,0
0.0590422,0.221511,0.0515955,0
0.0344834,0.147946,0.0795631,0
0.198119,0.148579,0.0972654,0
0.152279,0.0955131,0.128937,1
0.199138,0.108748,0.0684543,1
0.180609,0.0169706,0.13497,1
0.220083,0.0352437,0.132318,1
0.209488,0.0930383,0.0365866,1
0.198154,0.0662581,0.109275,1
0.192921,0.0688317,0.0344538,1
0.176478,0.00991122,0.0590531,1
0.102285,0.0653925,0.134434,1
0.156113,0.0328575,0.0527263,1
0.0501318,0.108396,0.0390613,1
0.184092,0.110343,0.00251278,1
0.0349687,0.103611,0.0364425,1
0.21565,0.0834615,0.0628583,1
0.155736,0.102864,0.107937,1
0.22395,0.0533021,0.0103284,1
0.0422376,0.039442,0.12629,1
0.11422,0.0262267,0.0921944,1
0.14249,0.0545078,0.10119,1
0.118391,0.0869789,0.0617876,1
0.163653,0.0256692,0.116393,1
0.162422,0.00966592,0.0424824,1
0.104324,0.0536275,0.0362466,1
0.194053,0.030804,0.131275,1
0.177644,0.0526727,0.118451,1
0.177155,0.0781385,0.136484,1
0.0993888,0.0626366,0.110425,1
0.140363,0.0107442,0.0236347,1
0.107251,0.00452311,0.000429898,1
0.0787545,0.0698612,0.0820336,1
0.109416,0.059297,0.0808332,1
0.186516,0.0983552,0.0363414,1
0.170242,0.084252,0.0844018,1
0.185649,0.0482647,0.0104942,1
0.114684,0.0983044,0.034033,1
0.090598,0.112973,0.102864,1
0.164251,0.0178067,0.0182152,1
0.219185,0.0535553,0.0381194,1
0.0139172,0.0829182,0.0467096,1
0.151447,0.046127,0.131582,1
0.00388074,0.0778791,0.0370691,1
0.0820359,0.0863482,0.134769,1
0.00600639,0.0123103,0.00707925,1
0.1528,0.0651404,0.0739244,1
0.0149276,0.0211341,0.111985,1
0.188243,0.0528977,0.0382181,1
0.0622244,0.0973097,0.0104738,1
0.131779,0.0982828,0.00700247,1
0.199798,0.0400674,0.0314423,1
0.217261,0.0244761,0.0351689,1
0.0467746,0.0576039,0.0966636,1
0.0301948,0.0796015,0.0739952,1
0.220851,0.0901245,0.0793443,1
0.107191,0.0348804,0.0570036,1
0.148176,0.112673,0.0630621,1
0.184675,0.0540853,0.0333333,1
0.061669,0.0536954,0.0587358,1
0.167042,0.096176,0.109331,1
0.195176,0.0907866,0.0797683,1
0.0171024,0.067787,0.0361405,1
0.0320137,0.0278815,0.0254439,1
0.0219024,0.0402142,0.0403795,1
0.170255,0.0083094,0.0132318,1
0.219606,0.0348406,0.0289544,1
0.127534,0.0944859,0.0307498,1
0.0659964,0.0753939,0.0503078,1
0.00195772,0.0870162,0.0261592,1
0.134751,0.0655718,0.0784707,1
0.0095632,0.0519493,0.000129219,1
0.182326,0.0920668,0.0116436,1
0.203504,0.0435154,0.0247424,1
0.20192,0.0920531,0.0868208,1
0.186836,0.100236,0.0548167,1
0.0133825,0.08547,0.0346937,1
0.199583,0.00193327,0.0835176,1
0.217963,0.0849356,0.030561,1
0.0441091,0.00970352,0.0579627,1
0.0848575,0.0900792,0.0701247,1
0.0601316,0.00145061,0.0260164,1
0.102994,0.0338837,0.0760476,1
0.000628993,0.0218586,0.0539076,1
0.0878156,0.0824861,0.121552,1
0.0196616,0.095853,0.00648852,1
0.0519137,0.0189542,0.108914,1
0.174046,0.0192952,0.00729894,1
0.0585988,0.00444993,0.0391076,1
0.0441557,0.0704752,0.0369387,1
0.208893,0.070736,0.074215,1
0.0861005,0.0363031,0.0256362,1
0.0730377,0.033996,0.0862769,1
0.101614,0.0727894,0.115257,1
0.11019,0.0818945,0.0302126,1
0.184166,0.00810251,0.12101,1
0.00948,0.076495,0.0876736,1
0.0546384,0.0400709,0.021289,1
0.0712808,0.089899,0.0314065,1
0.0103881,0.0565537,0.0058852,1
0.0658455,0.0128682,0.0853251,1
0.0188748,0.0176801,0.0498682,1
0.168995,0.0418646,0.094143,1
0.157891,0.0187667,0.0114226,1
0.0185621,0.0921899,0.0379823,1
0.202411,0.0504057,0.115633,1
0.0293673,0.00478937,0.0344935,1
0.00419787,0.00759595,0.0576186,1
0.0794522,0.0668892,0.0856073,1
0.169434,0.0285184,0.0684751,1
0.0602806,0.00738084,0.0951982,1
0.0807146,0.0791005,0.0528294,1
0.127459,0.106039,0.0402163,1
0.129662,0.0524526,0.01128,1
0.0605747,0.109585,0.00518543,1
0.0385732,0.105306,0.102545,1
0.223358,0.025584,0.0235582,1
0.14108,0.0248778,0.0724451,1
0.155823,0.062373,0.0687892,1
0.184237,0.0995222,0.0424546,1
0.182923,0.102172,0.0769175,1
0.220937,0.0764186,0.0381192,1
0.150592,0.0268257,0.072765,1
0.117379,0.0580456,0.00660647,1
0.217356,0.0943889,0.0558491,1
0.0969558,0.105322,0.101335,1
0.221808,0.032322,0.121055,1
0.106393,0.0429206,0.138269,1
0.158804,0.0140528,0.138493,1
0.0486714,0.107648,0.0143982,1
0.0995093,0.112463,0.00526101,1
0.20756,0.0900733,0.140558,1
0.049874,0.100015,0.200001,2
0.111588,0.0214313,0.142801,2
0.0484097,0.0963598,0.201053,2
0.0836336,0.0517724,0.217692,2
0.0541033,0.0943307,0.200242,2
0.115676,0.000987948,0.179421,2
0.0580469,0.100136,0.204053,2
0.0551825,0.100222,0.197563,2
0.0695803,0.0902148,0.219428,2
0.0544393,0.0994021,0.203384,2
0.114312,0.0640762,0.213657,2
0.0885054,0.0763743,0.165538,2
0.167847,0.112902,0.149271,2
0.153576,0.0208161,0.199411,2
0.0538264,0.0953574,0.20399,2
0.197988,0.0804015,0.168521,2
0.0528554,0.0977826,0.201819,2
0.104979,0.0180517,0.204739,2
0.0540981,0.0961558,0.197249,2
0.179549,0.058099,0.146058,2
0.0536155,0.0974771,0.195213,2
0.191133,0.0866091,0.153378,2
0.0838289,0.0921242,0.206132,2
0.0299385,0.0771403,0.217188,2
0.058351,0.101363,0.201451,2
0.00133143,0.0217491,0.178445,2
0.0144462,0.037087,0.170631,2
0.0158453,0.00120659,0.184989,2
0.0344793,0.0533311,0.198575,2
0.0493048,0.0947262,0.201447,2
0.0534461,0.101955,0.19862,2
0.187081,0.0285143,0.157011,2
0.0543733,0.0992247,0.195339,2
0.125516,0.0646061,0.164532,2
0.0548991,0.0970992,0.198835,2
0.0529482,0.100526,0.200037,2
0.154122,0.105067,0.217946,2
0.0567948,0.0970517,0.202036,2
0.183267,0.0050338,0.20543,2
0.0256614,0.0431653,0.209355,2
0.118777,0.00432353,0.184964,2
0.00977432,0.0383946,0.195204,2
0.00279022,0.0939101,0.211064,2
0.112738,0.0390824,0.186047,2
0.175171,0.0892684,0.14204,2
0.173796,0.0896599,0.145695,2
0.147203,0.0312239,0.16256,2
0.0524858,0.0983267,0.20254,2
0.0838994,0.00408844,0.175824,2
0.16161,0.0910568,0.201328,2
0.0542542,0.102671,0.201286,2
0.166497,0.0511531,0.19061,2
0.183797,0.0781933,0.217061,2
0.100459,0.0098293,0.155339,2
0.0501346,0.0972406,0.199208,2
0.0184427,0.0123321,0.203867,2
0.19087,0.0919686,0.158496,2
0.00109331,0.00760875,0.189375,2
0.0582228,0.0986886,0.202776,2
0.20256,0.0888999,0.223397,2
0.0878726,0.108895,0.160486,2
0.153903,0.0168853,0.199186,2
0.0506698,0.099135,0.200324,2
0.000669403,0.0100689,0.187783,2
0.20264,0.0681569,0.214979,2
0.163817,0.102027,0.213982,2
0.0739258,0.00164986,0.195813,2
0.0817675,0.0932619,0.160617,2
0.196381,0.0368084,0.166586,2
0.219068,0.0526764,0.204384,2
0.0239824,0.0435358,0.154976,2
0.0573109,0.0937448,0.198107,2
0.140089,0.0592522,0.210673,2
0.18396,0.0901475,0.218223,2
0.0545491,0.0989058,0.199951,2
0.0193569,0.0755571,0.188424,2
0.126507,0.0311994,0.204676,2
0.0546913,0.0936465,0.198456,2
0.14598,0.0818204,0.223063,2
0.0569819,0.0968196,0.208593,2
0.00590902,0.109397,0.200412,2
0.0295963,0.0422652,0.220366,2
0.0392677,0.0296307,0.190497,2
0.20194,0.0761783,0.20186,2
0.0765064,0.0238062,0.209426,2
0.196879,0.0758268,0.149017,2
0.12217,0.0447866,0.152294,2
0.0502946,0.104699,0.203705,2
0.0535681,0.0992844,0.198955,2
0.0507176,0.100049,0.199313,2
0.153561,0.0239059,0.217165,2
0.0521194,0.0978712,0.203314,2
0.0871726,0.0293549,0.182203,2
0.0521579,0.0993524,0.200072,2
0.0532099,0.0979383,0.196911,2
0.0489838,0.0943266,0.202289,2
0.0501181,0.0977561,0.197992,2
0.195354,0.107373,0.143459,2
0.0489676,0.101206,0.198606,2
0.155308,0.0665134,0.148517,2
0.0928421,0.00579383,0.198313,2
0.204636,0.00689421,0.145847,2
0.21618,0.110954,0.224948,2
0.136081,0.0530118,0.188882,2
0.0717549,0.0643101,0.175465,2
0.0839994,0.0527203,0.220727,2
0.00986785,0.0330037,0.189183,2
0.134487,0.0445338,0.223596,2
0.0341366,0.0463404,0.193976,2
0.0513307,0.0952512,0.202645,2
0.143662,0.0219105,0.202981,2
0.0418839,0.0139125,0.213879,2
0.14462,0.110271,0.19116,2
0.0533389,0.0971939,0.204272,2
0.00461296,0.0367949,0.147372,2
0.0601936,0.0993097,0.203891,2
0.0548804,0.0963038,0.203965,2
0.056101,0.0985327,0.204307,2
0.0514008,0.0959429,0.202012,2
0.161565,0.036563,0.188766,2
0.0488731,0.194737,0.157453,3
0.06315,0.118585,0.139233,3
0.0432312,0.220258,0.152341,3
0.00235628,0.144487,0.192769,3
0.123092,0.130089,0.149904,3
0.0505964,0.126037,0.158593,3
0.101934,0.216029,0.131881,3
0.0320882,0.19144,0.223094,3
0.107859,0.175153,0.205916,3
0.0650968,0.219208,0.140328,3
0.19482,0.132488,0.220771,3
0.131659,0.180305,0.162963,3
0.00829139,0.202446,0.19096,3
0.012709,0.124214,0.187077,3
0.112704,0.217222,0.197767,3
0.119276,0.185725,0.174898,3
0.0567565,0.13116,0.218775,3
0.0765395,0.131357,0.171423,3
0.0923163,0.160482,0.16578,3
0.0518044,0.20175,0.161768,3
0.0485425,0.211206,0.162612,3
0.0808173,0.114208,0.107964,3
0.163505,0.191103,0.126063,3
0.14291,0.174404,0.160623,3
0.0274629,0.154185,0.166627,3
0.193504,0.162124,0.208765,3
0.0802417,0.152789,0.17384,3
0.00531217,0.184225,0.173104,3
0.132305,0.143068,0.155116,3
0.187493,0.144824,0.111913,3
0.149327,0.156687,0.209684,3
0.0190478,0.127075,0.158637,3
0.0545414,0.119229,0.179671,3
0.224913,0.20112,0.18155,3
0.149794,0.173266,0.133233,3
0.200008,0.144847,0.110635,3
0.0250603,0.210225,0.150277,3
0.179391,0.130525,0.161923,3
0.173569,0.167969,0.223156,3
0.161153,0.176908,0.160035,3
0.0345274,0.200638,0.134714,3
0.153444,0.114738,0.114374,3
0.215856,0.206115,0.134586,3
0.197479,0.153287,0.189358,3
0.104992,0.163889,0.184094,3
0.12523,0.127754,0.216358,3
0.185431,0.221996,0.200979,3
0.165968,0.181589,0.223675,3
0.149939,0.116322,0.128265,3
0.0922995,0.136363,0.125459,3
0.209972,0.203442,0.145182,3
0.0465889,0.21506,0.213593,3
0.0199739,0.22059,0.179703,3
0.22373,0.167792,0.180783,3
0.214923,0.188035,0.134411,3
0.154213,0.134575,0.222211,3
0.147521,0.219993,0.159052,3
0.206938,0.218958,0.214462,3
0.149384,0.211783,0.14036,3
0.140796,0.19488,0.193146,3
0.113512,0.187398,0.193033,3
0.010562,0.21554,0.167531,3
0.0308609,0.211466,0.151282,3
0.0759876,0.150324,0.186108,3
0.108414,0.162194,0.12479,3
0.0378105,0.182393,0.206145,3
0.148741,0.175757,0.202297,3
0.213283,0.183609,0.135294,3
0.13071,0.143167,0.185738,3
0.209457,0.195529,0.124603,3
0.121637,0.154462,0.127663,3
0.0284816,0.138935,0.159464,3
0.0471319,0.175725,0.183943,3
0.156175,0.215398,0.120401,3
0.158517,0.164605,0.147284,3
0.0575242,0.214373,0.123879,3
0.0162246,0.204233,0.166172,3
0.129016,0.216717,0.171496,3
0.176246,0.123791,0.163715,3
0.0808179,0.214774,0.215259,3
0.170834,0.186914,0.197827,3
0.0384059,0.20798,0.136477,3
0.0941019,0.127926,0.204384,3
0.136559,0.167174,0.191371,3
0.217079,0.11617,0.15578,3
0.0965571,0.206198,0.201088,3
0.0385014,0.151747,0.193111,3
0.203183,0.18141,0.178576,3
0.129078,0.209627,0.114987,3
0.117965,0.119616,0.120427,3
0.216667,0.116316,0.190914,3
0.115014,0.187898,0.220417,3
0.143928,0.12655,0.201612,3
0.156215,0.200879,0.12528,3
0.12144,0.215978,0.114199,3
0.169859,0.194954,0.220753,3
0.00604289,0.223329,0.118521,3
0.141873,0.221284,0.126065,3
0.125384,0.205089,0.139476,3
0.11479,0.207163,0.117088,3
0.0192195,0.18676,0.113776,3
0.119088,0.153856,0.178623,3
0.199486,0.183907,0.174281,3
0.174895,0.189824,0.115518,3
0.168857,0.144328,0.217847,3
0.135477,0.134514,0.128631,3
0.205575,0.134952,0.208737,3
0.179486,0.218239,0.128754,3
0.139813,0.166315,0.177881,3
0.0638444,0.180345,0.110487,3
0.0729893,0.204364,0.110141,3
0.0892857,0.116663,0.135052,3
0.196649,0.193485,0.171562,3
0.155088,0.157441,0.151059,3
0.0289742,0.120111,0.103323,3
0.177409,0.148915,0.215182,3
0.214368,0.213807,0.180197,3
0.160216,0.15651,0.125908,3
0.119099,0.125544,0.104781,3
0.162913,0.117084,0.20657,3
0.186943,0.220133,0.138593,3
0.0197559,0.19101,0.109,3
0.136295,0.155232,0.102536,3
0.15044,0.134048,0.103416,3
0.189417,0.148251,0.123629,3
0.0274962,0.150085,0.103474,3
0.00266803,0.116393,0.188524,3
0.0662512,0.201971,0.102015,3
0.0720422,0.183302,0.103546,3
0.217094,0.178165,0.101512,3
0.175504,0.17226,0.101622,3
0.144852,0.113591,0.155657,3
