x coord,y coord,z coord,rank
0.106441,0.224534,0.0993189,0
0.100642,0.164666,0.166437,0
0.09158,0.224616,0.109349,0
0.117716,0.222358,0.0986003,0
0.058048,0.224096,0.20486,0
0.0529342,0.198041,0.179143,0
0.168112,0.126907,0.220391,0
0.0345836,0.129804,0.172809,0
0.119804,0.132994,0.103449,0
0.134024,0.183784,0.102647,0
0.142735,0.179615,0.108236,0
0.00997799,0.197674,0.223744,0
0.0707646,0.195449,0.18585,0
0.00675309,0.132312,0.222678,0
0.211714,0.128265,0.201398,0
0.0730697,0.13069,0.218077,0
0.0851876,0.144211,0.193563,0
0.0563928,0.217347,0.11035,0
0.0555948,0.202285,0.0953184,0
0.193578,0.160489,0.165057,0
0.0783113,0.142826,0.140494,0
0.0169847,0.165662,0.20372,0
0.16579,0.22246,0.187159,0
0.0237722,0.146177,0.19145,0
0.0814319,0.194922,0.132273,0
0.158977,0.168207,0.108212,0
0.146956,0.191877,0.149046,0
0.160542,0.18242,0.20087,0
0.187004,0.165384,0.156612,0
0.010441,0.198458,0.199578,0
0.172402,0.14184,0.163988,0
0.145969,0.156881,0.176016,0
0.121052,0.218855,0.097011,0
0.112671,0.194612,0.150147,0
0.160312,0.201561,0.119146,0
0.0314294,0.129453,0.222832,0
0.192222,0.159181,0.167711,0
0.214358,0.213217,0.133294,0
0.00627609,0.137657,0.219615,0
0.198355,0.13945,0.14902,0
0.150394,0.198943,0.160906,0
0.20652,0.138462,0.132899,0
0.0229365,0.182369,0.173476,0
0.073944,0.130772,0.185839,0
0.0504389,0.207886,0.162227,0
0.157235,0.170385,0.132754,0
0.11463,0.133427,0.175917,0
0.0706023,0.162142,0.195438,0
0.15646,0.135277,0.105561,0
0.209643,0.208271,0.173652,0
0.0800175,0.164347,0.202186,0
0.131439,0.131295,0.188944,0
0.139474,0.151296,0.143215,0
0.224531,0.136172,0.14922,0
0.19636,0.177686,0.196043,0
0.139231,0.172858,0.176697,0
0.10316,0.165597,0.213496,0
0.116897,0.213036,0.12608,0
0.148527,0.203431,0.151524,0
0.161243,0.192214,0.198805,0
0.0227285,0.15335,0.182978,0
0.201296,0.223773,0.129401,0
0.103359,0.18268,0.210468,0
0.169828,0.219145,0.169054,0
0.179638,0.193849,0.18117,0
0.00580245,0.155824,0.192085,0
0.0420704,0.16918,0.121995,0
0.221213,0.150654,0.222531,0
0.00520438,0.175067,0.169016,0
0.0564726,0.205958,0.154932,0
0.208559,0.130305,0.134846,0
0.0166596,0.182828,0.178646,0
0.0178082,0.149043,0.112514,0
0.210341,0.145043,0.143604,0
0.131428,0.145576,0.162468,0
0.0834541,0.196399,0.179977,0
0.184733,0.165603,0.11168,0
0.0204293,0.151209,0.135321,0
0.000769382,0.155506,0.217023,0
0.187078,0.183173,0.156431,0
0.161865,0.178472,0.140216,0
0.124762,0.179891,0.220065,0
0.160693,0.209982,0.181798,0
0.190617,0.223796,0.215897,0
0.0215313,0.152387,0.125737,0
0.189607,0.15211,0.140396,0
0.120343,0.189747,0.20863,0
0.0776668,0.196388,0.132489,0
0.153752,0.159563,0.179886,0
0.119148,0.207706,0.216613,0
0.217023,0.142673,0.126574,0
8.48959e-05,0.157017,0.198734,0
0.110401,0.211396,0.218728,0
0.0501044,0.190585,0.166444,0
0.0601443,0.189192,0.14753,0
0.111391,0.145449,0.22042,0
0.194463,0.138075,0.129103,0
0.139282,0.204731,0.166032,0
0.0858193,0.216192,0.194647,0
0.0895337,0.194824,0.187219,0
0.217799,0.224097,0.138877,0
0.0449445,0.200897,0.214441,0
0.00954465,0.194982,0.175815,0
0.0940175,0.190755,0.12899,0
0.107146,0.201406,0.166769,0
0.0549543,0.219091,0.191351,0
0.14852,0.170779,0.162341,0
0.189013,0.176283,0.162689,0
0.184673,0.175806,0.15287,0
0.00986536,0.223914,0.217084,0
0.0973319,0.169544,0.217925,0
0.0922659,0.171263,0.140127,0
0.138212,0.125691,0.164571,0
0.0330032,0.13235,0.170481,0
0.135295,0.184036,0.188201,0
0.113139,0.19935,0.200912,0
0.0882296,0.160643,0.211717,0
0.111827,0.154544,0.191913,0
0.0246029,0.191128,0.210584,0
0.0335459,0.192865,0.196252,0
0.185214,0.212407,0.183085,0
0.209993,0.147253,0.185909,0
0.0575513,0.0821731,0.169214,1
0.222469,0.0685862,0.175196,1
0.00475818,0.0704774,0.132699,1
0.00408573,0.00717082,0.167839,1
0.0258718,0.0776719,0.205738,1
0.208749,0.0387873,0.132437,1
0.205255,0.0721846,0.177256,1
0.165164,0.0682732,0.214745,1
0.0455169,0.0315947,0.119797,1
0.127983,0.0963643,0.155643,1
0.0360831,0.0293124,0.218212,1
0.190098,0.0256808,0.209654,1
0.0496508,0.072719,0.20735,1
0.121538,0.00385062,0.176471,1
0.180439,0.0852048,0.126801,1
0.00555917,0.0474394,0.194951,1
0.13586,0.0239037,0.196376,1
0.199115,0.0758141,0.166997,1
0.0775232,0.0130931,0.187035,1
0.07847,0.107785,0.145636,1
0.12826,0.0197469,0.167231,1
0.082067,0.0600356,0.192957,1
0.0869205,0.123519,0.207777,1
0.0997071,0.0906597,0.150299,1
0.103109,0.0873483,0.174793,1
0.00486245,0.0477711,0.134867,1
0.0534822,0.018128,0.173909,1
0.179372,0.101495,0.168632,1
0.132771,0.0567846,0.169151,1
0.186919,0.0291025,0.114388,1
0.115965,0.0384786,0.136364,1
0.0150482,0.00490163,0.121582,1
0.0159189,0.0271891,0.195945,1
0.0520366,0.0114629,0.123218,1
0.106727,0.0778553,0.191391,1
0.0772522,0.112205,0.11508,1
0.173279,0.013408,0.192377,1
0.0961845,0.0937587,0.211619,1
0.138749,0.117698,0.174942,1
0.0989697,0.108746,0.219794,1
0.0942675,0.0895044,0.164789,1
0.090038,0.0243887,0.118468,1
0.0758949,0.0676948,0.218236,1
0.076401,0.00952616,0.142408,1
0.0532073,0.102116,0.202233,1
0.0458199,0.0449004,0.206211,1
0.118575,0.0280024,0.166388,1
0.00634668,0.00918484,0.190598,1
0.134183,0.0283121,0.197478,1
0.20238,0.0418345,0.203324,1
0.21159,0.0163838,0.207036,1
0.134534,0.0500821,0.19983,1
0.195077,0.0897895,0.215401,1
0.181412,0.0972503,0.192089,1
0.211097,0.0288903,0.188409,1
0.136647,0.100268,0.160347,1
0.0485291,0.0338549,0.152939,1
0.148174,0.0566066,0.125114,1
0.0359889,0.0765089,0.185894,1
0.034462,0.046523,0.132089,1
0.0330919,0.0748563,0.138506,1
0.175189,0.0577213,0.20261,1
0.195068,0.0600679,0.187663,1
0.192042,0.0790552,0.205244,1
0.0659901,0.0443048,0.157225,1
0.17571,0.0907267,0.181902,1
0.125319,0.100981,0.130514,1
0.137479,0.00517357,0.213199,1
0.018852,0.0454182,0.171036,1
0.0305883,0.118381,0.143115,1
0.0646773,0.0638026,0.137231,1
0.05119,0.0112053,0.118881,1
0.222158,0.00217491,0.184588,1
0.0620837,0.047938,0.133118,1
0.146905,0.0906749,0.204671,1
0.145397,0.119769,0.206511,1
0.192309,0.0738175,0.218113,1
0.0634108,0.0725953,0.214858,1
0.0197584,0.0277315,0.115673,1
0.127458,0.0807736,0.150974,1
0.119072,0.0970757,0.191659,1
0.216649,0.0717044,0.118045,1
0.157933,0.0451479,0.206264,1
0.215783,0.0116383,0.135795,1
0.194703,0.0750036,0.175466,1
0.180125,0.115524,0.159151,1
0.103351,0.00841704,0.165839,1
0.119913,0.102372,0.18389,1
0.12941,0.0485582,0.145326,1
0.19447,0.109098,0.183901,1
0.0327309,0.0345524,0.218485,1
0.147017,0.0821219,0.216579,1
0.0556752,0.0459189,0.224326,1
0.0304743,0.110181,0.126198,1
0.0486403,0.0454509,0.214213,1
0.191416,0.0859795,0.216636,1
0.179818,0.0737351,0.118235,1
0.00541089,0.0286644,0.138283,1
0.1145,0.043823,0.146836,1
0.130622,0.032805,0.183145,1
0.080892,0.0767858,0.18401,1
0.0808732,0.00294954,0.152965,1
0.17975,0.0814571,0.128369,1
0.199643,0.0600579,0.170191,1
0.146763,0.0945141,0.150976,1
0.0473275,0.111516,0.161857,1
0.124525,0.0377915,0.223334,1
0.0154345,0.120035,0.154373,1
0.0668118,0.0294547,0.202949,1
0.0866207,0.082947,0.211972,1
0.129322,0.0259966,0.142076,1
0.187833,0.0408396,0.119274,1
0.0394326,0.106373,0.21133,1
0.171689,0.0713309,0.120414,1
0.0198113,0.105255,0.178455,1
0.0415406,0.05008,0.147385,1
0.0871131,0.0247417,0.122401,1
0.126486,0.116843,0.144943,1
0.0714433,0.0194061,0.162482,1
0.0975094,0.0104458,0.128844,1
0.0948124,0.118782,0.1567,1
0.0770995,0.112813,0.21068,1
0.152767,0.100431,0.17789,1
0.0966536,0.0670999,0.138321,1
0.0961038,0.112724,0.12001,1
0.00357752,0.0404599,0.118486,1
0.110095,0.124124,0.199772,1
0.0973501,0.111309,0.114207,1
0.0489014,0.124717,0.208613,1
0.0268892,0.124069,0.132001,1
0.0862147,0.153665,0.0199478,2
0.224451,0.126576,0.0931661,2
0.0404719,0.223154,0.0363204,2
0.162949,0.139743,0.034308,2
0.18066,0.129401,0.016774,2
0.18873,0.219708,0.0845153,2
0.0358961,0.221804,0.0872054,2
0.106545,0.187367,0.0445154,2
0.195065,0.180702,0.0933877,2
0.0562574,0.166482,0.0613834,2
0.0310053,0.183517,0.00859917,2
0.0314028,0.183991,0.00899038,2
0.0329312,0.174883,0.0106001,2
0.0158922,0.188978,0.0509595,2
0.0326508,0.175112,0.00704858,2
0.0361625,0.179174,0.00801844,2
0.181435,0.129362,0.0323831,2
0.0310984,0.179524,0.0129006,2
0.0952903,0.1711,0.0864689,2
0.0291118,0.177047,0.0112571,2
0.0699671,0.191649,0.00385338,2
0.0365724,0.184277,0.00982429,2
0.0272152,0.178783,0.00949973,2
0.0196229,0.14277,0.0942866,2
0.0522131,0.163731,0.0458637,2
0.0323832,0.179766,0.00728955,2
0.068272,0.194874,0.0434878,2
0.0307466,0.18218,0.00719794,2
0.0343685,0.179661,0.0137941,2
0.218188,0.218278,0.0205029,2
0.0367831,0.174038,0.0116404,2
0.0323502,0.182535,0.00690664,2
0.0284756,0.18155,0.00704317,2
0.0144242,0.154915,0.0749262,2
0.154987,0.148073,0.0475535,2
0.029201,0.178573,0.0103283,2
0.03148,0.177691,0.00188783,2
0.0297795,0.1779,0.0147485,2
0.0306887,0.17769,0.00931873,2
0.0928716,0.166973,0.0842204,2
0.0284065,0.179346,0.00796392,2
0.0290402,0.179389,0.00941827,2
0.0523289,0.181291,0.0918577,2
0.0325865,0.183211,0.00835011,2
0.0286425,0.180415,0.00717651,2
0.182033,0.200729,0.0176367,2
0.14935,0.206211,0.0212282,2
0.220177,0.196275,0.00138066,2
0.19197,0.129235,0.0847626,2
0.16081,0.142964,0.0112641,2
0.180289,0.174177,0.0819901,2
0.0867952,0.168392,0.0729402,2
0.0540399,0.213031,0.0915051,2
0.191637,0.144127,0.0366009,2
0.0327595,0.133743,0.0619522,2
0.0327074,0.180838,0.014202,2
0.00539079,0.18107,0.0560482,2
0.0439582,0.164662,0.0816846,2
0.0649436,0.185068,0.070496,2
0.178585,0.185067,0.058515,2
0.0258476,0.180104,0.00959781,2
0.0345431,0.178497,0.0127394,2
0.0308732,0.180196,0.00943828,2
0.134646,0.195504,0.0383245,2
0.03171,0.184289,0.010454,2
0.0328603,0.181201,0.0135679,2
0.101134,0.20602,0.00374409,2
0.200098,0.174126,0.0560818,2
0.023845,0.182466,0.0167065,2
0.127054,0.210812,0.0776165,2
0.0384821,0.153534,0.0895975,2
0.205172,0.161516,0.094835,2
0.138642,0.171481,0.0700627,2
0.0275508,0.224211,0.0676855,2
0.0718515,0.148653,0.0378868,2
0.0353129,0.180428,0.00597929,2
0.220416,0.189545,0.0936812,2
0.0278961,0.177528,0.0102324,2
0.0355473,0.175913,0.00784658,2
0.0334981,0.181948,0.0074633,2
0.0261877,0.173953,0.00807839,2
0.142593,0.168901,0.0447672,2
0.02031,0.210728,0.0503086,2
0.0277632,0.183203,0.00682655,2
0.00870464,0.150453,0.0369455,2
0.0390954,0.156766,0.0831997,2
0.182414,0.182194,0.0755276,2
0.0376507,0.180898,0.00825893,2
0.00602951,0.224002,0.0690677,2
0.0341127,0.182793,0.00557708,2
0.049905,0.14512,0.0570431,2
0.202514,0.211978,0.062168,2
0.0330697,0.18278,0.00728493,2
0.0272381,0.177614,0.0136826,2
0.189678,0.218942,0.02056,2
0.143944,0.188745,0.00548612,2
0.00198781,0.220866,0.0415442,2
0.0301389,0.183063,0.00653949,2
0.209717,0.155269,0.0834179,2
0.033544,0.181298,0.00857177,2
0.0327845,0.182769,0.00784202,2
0.0308605,0.176475,0.0136036,2
0.0323206,0.178134,0.0121931,2
0.0291968,0.181373,0.0143921,2
0.0885673,0.132303,0.0563548,2
0.00920825,0.140237,0.0193076,2
0.0323314,0.180753,0.0144173,2
0.106315,0.157933,0.052225,2
0.0360755,0.178023,0.00750572,2
0.21209,0.148598,0.0648932,2
0.0306109,0.180127,0.00703949,2
0.0280519,0.133498,0.0794379,2
0.201767,0.155646,0.0695705,2
0.187114,0.221378,0.00910957,2
0.0308995,0.177834,0.00561778,2
0.0272216,0.175147,0.00836721,2
0.0965762,0.22187,0.00362661,2
0.109,0.184443,0.0256726,2
0.100792,0.126373,0.030691,2
0.0523676,0.134451,0.0166698,2
0.0157661,0.215038,0.0784004,2
0.0395991,0.21388,0.0718926,2
0.182996,0.130772,0.0403835,2
0.102997,0.223363,0.0111461,2
0.143924,0.194037,0.0669612,2
0.205651,0.0916234,0.00315821,3
0.101976,0.0146402,0.0345807,3
0.0613155,0.0143389,0.10367,3
0.118933,0.0589637,0.105423,3
0.0104193,0.0897588,0.0953719,3
0.0940132,0.0277144,0.00674925,3
0.00693815,0.0623036,0.0225133,3
0.0184727,0.0560406,0.0182028,3
0.094217,0.0194497,0.0705161,3
0.168214,0.000670846,0.0201824,3
0.220342,0.0555936,0.00742793,3
0.181061,0.0235279,0.0789297,3
0.221295,0.107361,0.0103651,3
0.0799386,0.0875176,0.00691959,3
0.0810815,0.021164,0.0992907,3
0.0166538,0.041794,0.0847827,3
0.173874,0.0192691,0.0264323,3
0.156479,0.0764606,0.0590524,3
0.0783014,0.0955147,0.0105877,3
0.219843,0.109205,0.0281028,3
0.0509883,0.0206349,0.089131,3
0.0471005,0.0804664,0.0693393,3
0.0643146,0.0211193,0.0795396,3
0.0912383,0.0665756,0.0918009,3
0.0932444,0.00248153,0.0570935,3
0.00579433,0.033591,0.00984168,3
0.0173588,0.0773486,0.0552181,3
0.0375666,0.100412,0.0531419,3
0.0949589,0.107766,0.108043,3
0.145416,0.118225,0.0533511,3
0.166211,0.0995785,0.0926706,3
0.157271,0.0950397,0.0211159,3
0.0914244,0.103814,0.0234153,3
0.209783,0.110649,0.0308795,3
0.0301068,0.110137,0.0119494,3
0.0583778,0.105124,0.0931959,3
0.108359,0.0559648,0.0381265,3
0.185842,0.0682049,0.0890613,3
0.0646899,0.106238,0.0955805,3
0.156943,0.0666865,0.0843156,3
0.201871,0.120225,0.0832629,3
0.102045,0.0490598,0.0144223,3
0.162832,0.118705,0.0274642,3
0.00184913,0.0286984,0.0885948,3
0.135104,0.117722,0.065971,3
0.0393796,0.0356379,0.045132,3
0.0329979,0.0178641,0.0941638,3
0.00272688,0.0201828,0.105495,3
0.221845,0.0370031,0.0921932,3
0.13868,0.0342655,0.0166223,3
0.15652,0.117629,0.078914,3
0.220408,0.0994633,0.000731657,3
0.0308477,0.0972616,0.04267,3
0.080481,0.0534758,0.0566572,3
0.0999216,0.0563879,0.100457,3
0.029712,0.10889,0.0154728,3
0.157176,0.075253,0.0805222,3
0.101186,0.110831,0.0465338,3
0.0125871,0.0704833,0.0850225,3
0.131052,0.122075,0.108686,3
0.128505,0.0768777,0.0573227,3
0.112695,0.0967724,0.00932548,3
0.0228354,0.0506389,0.0812777,3
0.140706,0.112833,0.0054572,3
0.0673547,0.0753449,0.0990654,3
0.0387652,0.0337565,0.0962804,3
0.014432,0.0900633,0.078631,3
0.0171726,0.0386996,0.0565057,3
0.142356,0.0252267,0.0194168,3
0.0820705,0.0640566,0.0430546,3
0.0102043,0.00795719,0.0107643,3
0.0465544,0.0610192,0.0483181,3
0.107203,0.0727011,0.0210359,3
0.00769434,0.0995422,0.0911949,3
0.0529304,0.0713243,0.06291,3
0.0372915,0.0831331,0.048409,3
0.0182857,0.0838809,0.0993581,3
0.184879,0.11185,0.054962,3
0.219731,0.0949733,0.0769374,3
0.171018,0.0549402,0.0455634,3
0.157333,0.0318598,0.0879295,3
0.0280516,0.0349612,0.00122232,3
0.00873152,0.0606739,0.0411808,3
0.0397809,0.0384709,0.00326355,3
0.12817,0.098457,0.104702,3
0.208892,0.0737769,0.00686766,3
0.164485,0.0263384,0.082663,3
0.130052,0.024026,0.0488124,3
0.114153,0.0288943,0.0198395,3
0.218099,0.0606807,0.0620429,3
0.197729,0.0617642,0.0493573,3
0.153895,0.00358839,0.0472746,3
0.209367,0.0756651,0.113137,3
0.164836,0.0167874,0.0752368,3
0.129734,0.0506184,0.110403,3
0.132228,0.0172933,0.108507,3
0.117581,0.0411199,0.0327856,3
0.100523,0.121733,0.0409611,3
0.213349,0.0693621,0.0197318,3
0.118947,0.117683,0.0681943,3
0.119638,0.0356211,0.0745751,3
0.159815,0.0916121,0.102438,3
0.13721,0.0907123,0.00138936,3
0.209043,0.108201,0.0949241,3
0.183267,0.0524061,0.0893655,3
0.186041,0.0789899,0.109812,3
0.193228,0.123546,0.0197578,3
0.151005,0.0595398,0.0638734,3
0.199738,0.0530904,0.0195997,3
0.149788,0.000571669,0.100895,3
0.144756,0.036564,0.0355271,3
0.165655,0.089039,0.0996221,3
0.211806,0.0515184,0.0184252,3
0.0355187,0.0269479,0.103219,3
0.149732,0.110591,0.0542731,3
0.176718,0.0988298,0.0311482,3
0.170549,0.120443,0.0913647,3
0.203852,0.101129,0.000896396,3
0.200911,0.0262356,0.0333075,3
0.108765,0.048135,0.00177687,3
0.161321,0.0470203,0.0250936,3
0.0837029,0.022578,0.108108,3
0.187738,0.0543118,0.00710966,3
