x coord,y coord,z coord,rank
0.106869,0.208521,0.0623899,0
0.0915353,0.121068,0.108998,0
0.0934843,0.11948,0.111951,0
0.198908,0.183408,0.0189636,0
0.0935973,0.120409,0.113054,0
0.0546542,0.124782,0.0695498,0
0.00449656,0.125287,0.0030948,0
0.157834,0.198569,0.0261474,0
0.0959411,0.125829,0.110849,0
0.142294,0.11943,0.0392665,0
0.15185,0.203666,0.088401,0
0.0960369,0.125684,0.111521,0
0.0672304,0.177838,0.0439629,0
0.00598921,0.163756,0.0359889,0
0.088316,0.124876,0.111401,0
0.0644087,0.154633,0.0605378,0
0.143141,0.13518,0.0174091,0
0.193372,0.163684,0.0185919,0
0.0919812,0.121458,0.106719,0
0.0899468,0.150698,0.060601,0
0.0524789,0.214689,0.07141,0
0.0971953,0.121064,0.109617,0
0.180543,0.218005,0.0473462,0
0.205869,0.181784,0.112573,0
0.0933957,0.127573,0.110538,0
0.089291,0.123758,0.11002,0
0.103806,0.125485,0.0148231,0
0.00467288,0.123459,0.0129941,0
0.0695753,0.161179,0.0958796,0
0.076294,0.119572,0.0932719,0
0.0705464,0.126491,0.0251813,0
0.0538996,0.132792,0.0146859,0
0.0765072,0.129524,0.0141177,0
0.0937585,0.122557,0.110018,0
0.0429414,0.146541,0.0878551,0
0.150514,0.122583,0.0251423,0
0.0910388,0.120413,0.110532,0
0.00387102,0.155624,0.0182499,0
0.0284226,0.119164,0.0255302,0
0.116219,0.141844,0.00807484,0
0.162447,0.213814,0.00323712,0
0.175743,0.186642,0.00843841,0
0.095325,0.1279,0.111436,0
0.0699932,0.176888,0.041231,0
0.0571534,0.163511,0.0291136,0
0.125182,0.170676,0.0392803,0
0.205104,0.169394,0.0227499,0
0.108834,0.128313,0.100241,0
0.199162,0.18196,0.101167,0
0.151517,0.157604,0.0996639,0
0.0228014,0.169037,0.0511981,0
0.104871,0.175868,0.0819208,0
0.196086,0.210242,0.0947904,0
0.189912,0.20279,0.0243781,0
0.145673,0.126672,0.093443,0
0.113488,0.1244,0.0207814,0
0.0706681,0.206758,0.0319661,0
0.0582709,0.183828,0.00332249,0
0.124881,0.178572,0.0420908,0
0.152047,0.210856,0.0384436,0
0.0988947,0.127087,0.108405,0
0.0375172,0.197414,0.107457,0
0.100809,0.196963,0.0622934,0
0.158913,0.146074,0.012505,0
0.00635262,0.120829,0.0160411,0
0.147974,0.123838,0.0395329,0
0.032722,0.211624,0.0222552,0
0.0887164,0.124971,0.106898,0
0.0937288,0.12732,0.112423,0
0.0523276,0.128148,0.0889807,0
0.165518,0.195809,0.084891,0
0.0631103,0.212873,0.0959535,0
0.146277,0.155343,0.0608064,0
0.136294,0.144256,0.112854,0
0.0922955,0.124238,0.107239,0
0.222036,0.174944,0.0721712,0
0.158308,0.171861,0.0635286,0
0.0944803,0.118799,0.111224,0
0.211445,0.209393,0.0440015,0
0.202962,0.201103,0.0954884,0
0.166863,0.180025,0.0708557,0
0.0864293,0.200433,0.0964723,0
0.0757653,0.127787,0.0188119,0
0.16562,0.133734,0.0242964,0
0.1195,0.174937,0.0408621,0
0.11602,0.167563,0.0830672,0
0.0717651,0.203146,0.0188439,0
0.140199,0.219684,0.0904819,0
0.203538,0.186867,0.0543736,0
0.0680648,0.175802,0.0395016,0
0.0898165,0.146419,0.0638791,0
0.0910264,0.123015,0.110306,0
0.0597739,0.20381,0.0113963,0
0.165389,0.217641,0.0545021,0
0.085463,0.126779,0.112559,0
0.0893791,0.120728,0.110936,0
0.187331,0.209988,0.047783,0
0.21026,0.178603,0.0723438,0
0.0902895,0.146813,0.063757,0
0.171267,0.220223,0.0811154,0
0.0993812,0.185075,0.110777,0
0.0520523,0.1243,0.0290831,0
0.0912389,0.124105,0.112664,0
0.0891873,0.122502,0.11108,0
0.0698309,0.214955,0.0915136,0
0.188878,0.217332,0.0586855,0
0.0946666,0.121718,0.108294,0
0.190322,0.153303,0.109265,0
0.0895191,0.127332,0.111995,0
0.0924384,0.120067,0.106142,0
0.131654,0.158034,0.0687316,0
0.20358,0.167776,0.0215739,0
0.0954368,0.124658,0.109464,0
0.0909323,0.123056,0.106928,0
0.0996555,0.136917,0.055398,0
0.117463,0.198251,0.0146336,0
0.121807,0.173552,0.0446246,0
0.114122,0.139287,0.0392818,0
0.167828,0.125008,0.00884631,0
0.0955829,0.127188,0.104438,0
0.092172,0.121354,0.111926,0
0.0914669,0.118408,0.109529,0
0.0910841,0.126097,0.115035,1
0.0909447,0.12488,0.117727,1
0.0883512,0.128172,0.11622,1
0.00792649,0.165963,0.116852,1
0.0685989,0.122507,0.210451,1
0.117077,0.180538,0.117028,1
0.00712531,0.182202,0.162965,1
0.204736,0.129048,0.136286,1
0.126017,0.187082,0.139486,1
0.126454,0.191933,0.11693,1
0.140372,0.160021,0.120767,1
0.101559,0.171182,0.202805,1
0.0959673,0.128269,0.113974,1
0.132813,0.154692,0.153423,1
0.171594,0.192694,0.186912,1
0.141786,0.174347,0.130742,1
0.111324,0.184221,0.138661,1
0.0849155,0.122099,0.117903,1
0.203065,0.197714,0.116487,1
0.134428,0.178135,0.151528,1
0.09537,0.122692,0.122007,1
0.057643,0.145686,0.192419,1
0.10434,0.160286,0.157883,1
0.190386,0.15392,0.132867,1
0.192526,0.149605,0.163871,1
0.196595,0.152015,0.16694,1
0.0421866,0.191665,0.210254,1
0.0709802,0.201525,0.187526,1
0.0501566,0.180507,0.144779,1
0.093609,0.137314,0.154746,1
0.0335538,0.137079,0.134544,1
0.156353,0.222901,0.217625,1
0.0929339,0.123932,0.121152,1
0.0546649,0.152026,0.155168,1
0.0278825,0.207944,0.113183,1
0.0719851,0.193299,0.128628,1
0.22186,0.173309,0.189429,1
0.0932549,0.128507,0.115828,1
0.0132672,0.144014,0.175032,1
0.095579,0.1244,0.117852,1
0.0468818,0.126592,0.125851,1
0.163193,0.160186,0.125587,1
0.0933576,0.127954,0.115088,1
0.191758,0.125409,0.114409,1
0.0380596,0.123737,0.205823,1
0.195438,0.205908,0.19184,1
0.122161,0.154463,0.194788,1
0.0873986,0.123758,0.115318,1
0.0427038,0.176789,0.209336,1
0.101724,0.12584,0.224242,1
0.0919761,0.130119,0.116033,1
0.188267,0.153289,0.136602,1
0.111425,0.12282,0.188174,1
0.0879134,0.121559,0.115285,1
0.0944741,0.126676,0.113358,1
0.170574,0.13717,0.18172,1
0.204787,0.122685,0.165235,1
0.138815,0.177758,0.152201,1
0.0827677,0.168501,0.125918,1
0.0547541,0.159218,0.202442,1
0.052686,0.220162,0.156569,1
0.0920478,0.127274,0.115441,1
0.00150732,0.175396,0.122073,1
0.0635066,0.20287,0.143844,1
0.0889655,0.128231,0.114366,1
0.185591,0.157789,0.197496,1
0.0361393,0.18363,0.198503,1
0.144176,0.173446,0.169971,1
0.207483,0.208644,0.136418,1
0.0379385,0.210651,0.208821,1
0.13562,0.168156,0.135548,1
0.223628,0.185967,0.219472,1
0.055353,0.182524,0.178579,1
0.0742587,0.223922,0.196451,1
0.16382,0.224345,0.218831,1
0.0923685,0.126952,0.112957,1
0.0441069,0.212956,0.205464,1
0.178893,0.129939,0.156698,1
0.0917183,0.124759,0.116097,1
0.120087,0.171262,0.143969,1
0.105638,0.155162,0.162804,1
0.180784,0.130621,0.133424,1
0.0875559,0.189169,0.163297,1
0.0913524,0.127911,0.117368,1
0.134204,0.15778,0.196219,1
0.180778,0.197126,0.151409,1
0.0828057,0.131272,0.134428,1
0.190096,0.165019,0.156706,1
0.0914313,0.122177,0.11841,1
0.0233539,0.136627,0.177349,1
0.126271,0.146421,0.143596,1
0.052753,0.168669,0.1569,1
0.111212,0.223388,0.157366,1
0.0925277,0.125713,0.113196,1
0.0452125,0.138655,0.172549,1
0.204056,0.138231,0.205436,1
0.130042,0.210999,0.184549,1
0.135615,0.182761,0.218281,1
0.0103105,0.196613,0.120062,1
0.14318,0.149617,0.168072,1
0.188358,0.203658,0.122211,1
0.0211896,0.131344,0.152803,1
0.0929865,0.125813,0.114062,1
0.116274,0.171544,0.173652,1
0.1637,0.212389,0.165207,1
0.0932467,0.123275,0.118222,1
0.172109,0.168432,0.145371,1
0.172742,0.164262,0.210097,1
0.0661242,0.191392,0.17327,1
0.180755,0.144099,0.141082,1
0.182491,0.160312,0.223378,1
0.151484,0.192738,0.223303,1
0.204711,0.189734,0.215724,1
0.177626,0.153181,0.130652,1
0.0415912,0.197311,0.116995,1
0.0872905,0.216276,0.116672,1
0.00471289,0.13004,0.116235,1
0.0249961,0.163816,0.17987,1
0.0918174,0.125151,0.118296,1
0.0884428,0.125386,0.116051,1
0.0959892,0.122386,0.113636,1
0.0915646,0.123092,0.11614,1
0.0899853,0.128949,0.115316,1
0.0960426,0.123027,0.114585,1
0.093068,0.127588,0.113527,1
0.0912394,0.121652,0.11814,1
0.176229,0.0487295,0.0824956,2
0.162428,0.0502726,0.0892183,2
0.212594,0.0724823,0.0528989,2
0.128416,0.053414,0.0831822,2
0.100309,0.00137344,0.0532538,2
0.129561,0.0130653,0.0607183,2
0.111562,0.0843079,0.0945022,2
0.196366,0.0538344,0.00638568,2
0.186001,0.00756308,0.00676956,2
0.132151,0.0911502,0.0817946,2
0.200381,0.0893542,0.049805,2
0.177838,0.0683109,0.0152368,2
0.111379,0.0495049,0.104636,2
0.0668196,0.0531353,0.0902757,2
0.172872,0.0339829,0.0897016,2
0.0829122,0.1151,0.0921792,2
0.0716464,0.0576469,0.0585075,2
0.204852,0.0499204,0.10966,2
0.0181271,0.0602145,0.0882035,2
0.132318,0.013563,0.0926346,2
0.220268,0.0984719,0.0467732,2
0.131625,0.00482097,0.0084481,2
0.142069,0.110888,0.0300406,2
0.186465,0.0576847,0.0318724,2
0.123855,0.0333588,0.0939803,2
0.201653,0.0291597,0.0863957,2
0.167751,0.0411658,0.00144265,2
0.14365,0.0989732,0.0857498,2
0.21241,0.0443733,0.0608456,2
0.181801,0.0853292,0.0313005,2
0.0667124,0.0962771,0.0799269,2
0.101867,0.00237387,0.0543721,2
0.184261,0.00853526,0.00313912,2
0.133813,0.084184,0.100806,2
0.0251927,0.0337092,0.0568831,2
0.17833,0.0878968,0.0916083,2
0.126862,0.0851791,0.0376048,2
0.105884,0.092862,7.995e-05,2
0.0778679,0.00165744,0.0274998,2
0.0095401,0.0976246,0.0306953,2
0.118115,0.0739801,0.0991473,2
0.0751029,0.0283551,0.00231871,2
0.0519736,0.0834451,0.0433983,2
0.196025,0.0012625,0.0154675,2
0.174864,0.0336377,0.0809315,2
0.177368,0.0731634,0.0503124,2
0.133701,0.106319,0.081831,2
0.0423612,0.0932203,0.0442259,2
0.0880096,0.0645329,0.0226586,2
0.0815626,0.0772806,0.0264243,2
0.122555,0.0186038,0.10841,2
0.160283,0.0809933,0.0297523,2
0.205295,0.0564796,0.106467,2
0.0577288,0.110255,0.0962205,2
0.0106831,0.101721,0.0289355,2
0.0317365,0.0513688,0.0206059,2
0.0954725,0.113315,0.0684522,2
0.12115,0.0365004,0.0720772,2
0.0485126,0.0505933,0.110171,2
0.205198,0.0390417,0.0974109,2
0.0711545,0.0304202,0.00337416,2
0.196646,0.0473015,0.00343756,2
0.142841,0.0794255,0.109705,2
0.0904494,0.0818295,0.0933113,2
0.0224711,0.0372357,0.0491524,2
0.0178232,0.0484332,0.0261872,2
0.200668,0.0496921,0.111214,2
0.181251,0.0459178,0.0636275,2
0.091845,0.0811396,0.0519716,2
0.0773924,0.0398172,0.100674,2
0.0538403,0.066168,0.0249171,2
0.224475,0.09334,0.048041,2
0.00187174,0.0871011,0.0733293,2
0.0839162,0.0846477,0.0886243,2
0.0382841,0.039221,0.0131756,2
0.0744014,0.0504583,0.0413531,2
0.0849182,0.0845408,0.0389274,2
0.042506,0.0782623,0.0136601,2
0.0378751,0.0303552,0.104573,2
0.154782,0.110311,0.0543473,2
0.174078,0.0551994,0.0244742,2
0.0429838,0.0374516,0.0137487,2
0.0435504,0.0636114,0.0392764,2
0.145357,0.0758653,0.103773,2
0.0159466,0.0463282,0.0512687,2
0.201334,0.0986111,0.0470025,2
0.0479278,0.0486258,0.100343,2
0.206474,0.0834186,0.0420562,2
0.00916584,0.116539,0.0482918,2
0.130588,0.0426298,0.0139546,2
0.136192,0.0388034,0.110231,2
0.199271,0.054127,0.0564238,2
0.0632479,0.0657332,0.0201881,2
0.0782001,0.0881341,0.00610845,2
0.0381253,0.068684,0.0546401,2
0.0457573,0.0391742,0.0145061,2
0.0172296,0.0490981,0.100136,2
0.0723019,0.116456,0.0595644,2
0.128473,0.0719843,0.0406947,2
0.0647751,0.00766237,0.0764161,2
0.0947629,0.0588441,0.0919431,2
0.0656831,0.117926,0.0729462,2
0.152886,0.0311551,0.090206,2
0.0911511,0.0138587,0.0302446,2
0.0913387,0.0667896,0.0251323,2
0.0163049,0.0694663,0.0926144,2
0.0274859,0.110634,0.0511038,2
0.134516,0.00554524,0.00997913,2
0.0159302,0.0203168,0.104053,2
0.0293761,0.0612854,0.00832746,2
0.0882241,0.0758845,0.0262638,2
0.0658349,0.0685293,0.0462945,2
0.1957,0.0250139,0.101493,2
0.120624,0.00694098,0.0927977,2
0.128429,0.00390522,0.0114584,2
0.129327,0.100019,0.0868941,2
0.111589,0.0833545,0.100316,2
0.119003,0.0984703,0.0734317,2
0.174525,0.100452,0.0753501,2
0.149695,0.0645194,0.111687,2
0.0958929,0.118205,0.107027,2
0.0896866,0.117771,0.109382,2
0.0924894,0.115249,0.111931,2
0.159027,0.0974576,0.127526,3
0.193557,0.0687468,0.160775,3
0.0862288,0.0697323,0.194049,3
0.066469,0.0316876,0.17463,3
0.0799673,0.0707337,0.223937,3
0.15554,0.0308185,0.203914,3
0.00716633,0.0368152,0.16669,3
0.0495946,0.0735339,0.184737,3
0.202535,0.0884591,0.118012,3
0.198067,0.0236788,0.179038,3
0.141888,0.0812669,0.21152,3
0.123591,0.00330566,0.134117,3
0.0395107,0.119602,0.186352,3
0.00543604,0.0331069,0.153579,3
0.13297,0.0592686,0.158987,3
0.178465,0.0794955,0.176004,3
0.0934759,0.118542,0.113969,3
0.207019,0.0745165,0.137878,3
0.135819,0.0575189,0.220119,3
0.0572532,0.0186685,0.180525,3
0.00795488,0.00408144,0.155566,3
0.050541,0.109759,0.213103,3
0.0503531,0.112584,0.209613,3
0.00538353,0.0101338,0.138411,3
0.208807,0.0374093,0.207479,3
0.187717,0.0617003,0.205033,3
0.0366018,0.112918,0.121117,3
0.157317,0.00593477,0.146607,3
0.147915,0.0429057,0.188587,3
0.19807,0.112819,0.204713,3
0.18626,0.0986704,0.153642,3
0.00729972,0.0749082,0.22052,3
0.0932141,0.117675,0.114989,3
0.193173,0.0687209,0.179541,3
0.0943701,0.105524,0.172244,3
0.00389782,0.0946807,0.179922,3
0.108906,0.110512,0.223902,3
0.151356,0.0856865,0.154348,3
0.0491405,0.068322,0.204871,3
0.0528782,0.112548,0.21013,3
0.104591,0.045988,0.142263,3
0.0962542,0.0695545,0.149991,3
0.0621092,0.0386705,0.161048,3
0.140926,0.0972595,0.127242,3
0.179978,0.0454298,0.213126,3
0.0929627,0.12035,0.113229,3
0.0323039,0.105627,0.16704,3
0.037594,0.0965771,0.206807,3
0.219884,0.0801541,0.194231,3
0.204221,0.0889441,0.211543,3
0.122984,0.117401,0.159763,3
0.0621882,0.0629508,0.1794,3
0.0906619,0.0329758,0.142138,3
0.04864,0.114694,0.201869,3
0.088143,0.118109,0.121756,3
0.0414117,0.101,0.162715,3
0.109784,0.0596107,0.12078,3
0.118562,0.0784197,0.138638,3
0.0991125,0.097431,0.204116,3
0.147445,0.0790365,0.165035,3
0.163003,0.00685376,0.134193,3
0.0836096,0.0235188,0.175235,3
0.0909242,0.112502,0.117427,3
0.121196,0.0744655,0.14515,3
0.0468687,0.0283979,0.136712,3
0.221448,0.111317,0.13849,3
0.221993,0.00312767,0.215597,3
0.143282,0.110701,0.115485,3
0.143281,0.0491542,0.167411,3
0.176779,0.0560438,0.205888,3
0.00776374,0.0736803,0.184835,3
0.150521,0.107496,0.163602,3
0.0482053,0.114077,0.123435,3
0.0650584,0.105083,0.127208,3
0.170708,0.0140919,0.195529,3
0.156947,0.0182018,0.211724,3
0.171556,0.021817,0.196963,3
0.065881,0.119616,0.191201,3
0.221448,0.0215065,0.139917,3
0.0679659,0.00895116,0.14439,3
0.148025,0.0249521,0.207441,3
0.212385,0.0222754,0.152207,3
0.175026,0.0869211,0.222766,3
0.0829842,0.0955674,0.133447,3
0.196176,0.0776285,0.164665,3
0.212102,0.019107,0.183294,3
0.091299,0.0980962,0.122457,3
0.00336022,0.058762,0.216783,3
0.130821,0.115021,0.164792,3
0.0298599,0.0922345,0.12586,3
0.0916636,0.115812,0.115486,3
0.0289903,0.118919,0.133321,3
0.0227425,0.0119301,0.217396,3
0.123667,0.0788538,0.155675,3
0.143636,0.0447498,0.173802,3
0.196296,0.0317915,0.159715,3
0.17538,0.0557138,0.189582,3
0.175323,0.0907966,0.179538,3
0.0483927,0.10756,0.145256,3
0.0834368,0.116294,0.221094,3
0.214935,0.0572491,0.19648,3
0.176706,0.0109509,0.220763,3
0.19016,0.0807346,0.207052,3
0.200114,0.105283,0.151752,3
0.165313,0.0367406,0.163437,3
0.0814307,0.0902475,0.131639,3
0.0604224,0.0224907,0.171168,3
0.175876,0.11459,0.129028,3
0.137469,0.0978589,0.125685,3
0.186617,0.0813235,0.213001,3
0.0383246,0.00809551,0.137848,3
0.0183558,0.120169,0.165054,3
0.0111495,0.0317434,0.157137,3
0.223055,0.074486,0.138651,3
0.0522053,0.020865,0.163287,3
0.0132414,0.0597856,0.217767,3
0.215413,0.0688262,0.149509,3
0.0971613,0.116184,0.113645,3
0.0933325,0.119186,0.11366,3
0.0902537,0.117244,0.115327,3
0.0937207,0.115869,0.113756,3
0.0902037,0.119331,0.125947,3
0.0592238,0.103389,0.116809,3
0.0923342,0.120328,0.115161,3
0.115262,0.0532789,0.114656,3
0.110679,0.112645,0.14215,3
0.0916868,0.118759,0.117887,3
0.0925606,0.118842,0.113542,3
0.0946081,0.120772,0.224489,3
