x coord,y coord,z coord,rank
0.011921,0.123861,0.0674124,0
0.094964,0.0154489,0.149673,0
0.0825483,0.121648,0.0935167,0
0.0177333,0.123428,0.185803,0
0.00929207,0.119617,0.166861,0
0.0525853,0.0953459,0.123851,0
0.0896484,0.0898308,0.0076404,0
0.00372251,0.0248348,0.0718367,0
0.0448404,0.0590597,0.135264,0
0.0361934,0.0824043,0.201581,0
0.058592,0.0281905,0.00360382,0
0.000189814,0.0548201,0.00256397,0
0.0845481,0.0505644,0.194322,0
0.0470407,0.0968691,0.0445055,0
0.0606315,0.0620413,0.134889,0
0.0174238,0.022781,0.191141,0
0.00523422,0.0139298,0.138066,0
0.0676915,0.0538878,0.148346,0
0.0183475,0.00212861,0.0557291,0
0.065667,0.0823296,0.170629,0
0.0644865,0.0610317,0.0879516,0
0.00876413,0.0638523,0.0726306,0
0.0594774,0.00715387,0.104339,0
0.0168818,0.0250945,0.167261,0
0.0110334,0.10472,0.172071,0
0.0384421,0.0411976,0.156678,0
0.0648323,0.00374522,0.0192557,0
0.0124318,0.0121244,0.0662119,0
0.0579799,0.0784692,0.195909,0
0.0533784,0.0591466,0.114073,0
0.0444427,0.0246896,0.000816908,0
0.0456676,0.0226703,0.182187,0
0.025814,0.121959,0.0404257,0
0.0807904,0.00375191,0.12887,0
0.0388807,0.0950422,0.00808414,0
0.0624994,0.0429043,0.0932677,0
0.0649728,0.0522109,0.138179,0
0.0495107,0.0654931,0.083447,0
0.0285086,0.0462444,0.0446838,0
0.035597,0.0732525,0.180909,0
0.0550285,0.0230963,0.134195,0
0.0632849,0.0287012,0.0312586,0
0.00482064,0.00862785,0.108076,0
0.020763,0.00350453,0.00651458,0
0.0278102,0.0404621,0.17483,0
0.0210222,0.0642053,0.177406,0
0.0287297,0.0009639,0.135097,0
0.0733466,0.0889242,0.168316,0
0.0736684,0.0240847,0.19129,0
0.0979923,0.087377,0.0567429,0
0.0524841,0.122871,0.0861903,0
0.0794504,0.0684227,0.0620649,0
0.101116,0.0543499,0.089016,0
0.00595958,3.52938e-05,0.0094707,0
0.0227429,0.120655,0.196929,0
0.0580994,0.0477449,0.195083,0
0.00422971,0.0768345,0.128773,0
0.0266609,0.0467076,0.222681,0
0.01835,0.0609441,0.146484,0
0.0528964,0.00601889,0.161488,0
0.0556976,0.0622119,0.113443,0
0.00694977,0.00662551,0.0687687,0
0.0430116,0.107672,0.000839786,0
0.0485899,0.00313706,0.211758,0
0.0324521,0.08914,0.155484,0
0.0252003,0.0774046,0.0726924,0
0.0789883,0.101152,0.179474,0
0.0060632,0.11846,0.0264794,0
0.00406866,0.0789888,0.156061,0
0.00888178,0.0767628,0.182608,0
0.0732267,0.114135,0.181552,0
0.0249223,0.0887847,0.123953,0
0.0583945,0.0825346,0.205079,0
0.0775873,0.110238,0.112142,0
0.0401734,0.0843152,0.167882,0
0.0215483,0.00932661,0.106275,0
0.051323,0.0578295,0.0489926,0
0.0937765,0.0506184,0.0766605,0
0.0728973,0.055477,0.098095,0
0.0579434,0.0036833,0.098144,0
0.0243514,0.0718612,0.101585,0
0.0891932,0.054524,0.0359615,0
0.0119621,0.0532362,0.00259321,0
0.000996308,0.105548,0.166738,0
0.0266907,0.071891,0.107866,0
0.0126619,0.056176,0.133484,0
0.0387994,0.0127463,0.180147,0
0.0633372,0.00839884,0.218986,0
0.0182886,0.114149,0.0692151,0
0.0040275,0.0712133,0.116464,0
0.0636597,0.115611,0.208454,0
0.0695926,0.0051571,0.0908182,0
0.0284662,0.0476192,0.192289,0
0.00756886,0.0795027,0.0163957,0
0.0976666,0.06558,0.000251133,0
0.000434574,0.071338,0.12156,0
0.0911781,0.0727214,0.0691752,0
0.0938137,0.103705,0.00740629,0
0.0170549,0.0659197,0.0313147,0
0.0391607,0.117278,0.19511,0
0.0414439,0.0147637,0.0552644,0
0.0943078,0.102985,0.164226,0
0.0306297,0.104438,0.203632,0
0.0765011,0.0432309,0.223883,0
0.0379057,0.052126,0.0709237,0
0.0278953,0.0702406,0.212559,0
0.0408295,0.039724,0.125988,0
0.0737741,0.0119529,0.144856,0
0.0810776,0.08868,0.0872575,0
0.0892279,0.092355,0.130789,0
0.0852362,0.0545177,0.164401,0
0.0343191,0.104751,0.0980006,0
0.0946542,0.0378623,0.172703,0
0.0941265,0.0765936,0.173551,0
0.0137742,0.0961603,0.050608,0
0.0982038,0.0394489,0.13923,0
0.097737,0.0370817,0.201045,0
0.0920754,0.0994677,0.122194,0
0.0805532,0.104251,0.20106,0
0.072816,0.0318001,0.139633,0
0.0956795,0.0710943,0.133767,0
0.0846542,0.00617844,0.167744,0
0.0729206,0.119278,0.174707,0
0.189269,0.060219,0.0817135,1
0.126594,0.078325,0.0349189,1
0.126798,0.0737355,0.12201,1
0.215513,0.0963448,0.138897,1
0.161305,0.0271611,0.221428,1
0.11674,0.0084865,0.0800433,1
0.216546,0.0393696,0.0463484,1
0.209944,0.0417033,0.0817676,1
0.126509,0.0527614,0.209802,1
0.199031,0.0116563,0.166206,1
0.164169,0.0417684,0.159701,1
0.222396,0.0908512,0.222903,1
0.174363,0.051291,0.172678,1
0.12999,0.0674495,0.128799,1
0.181863,0.0890706,0.104098,1
0.169639,0.0230081,0.170936,1
0.220206,0.0300272,0.115218,1
0.159782,0.012369,0.159061,1
0.121616,0.00884472,0.0409944,1
0.178072,0.00327304,0.146474,1
0.127894,0.0721234,0.192178,1
0.123588,0.0670606,0.201897,1
0.164694,0.0800813,0.167288,1
0.142877,0.0391266,0.0875309,1
0.20284,0.00184816,0.146929,1
0.14605,0.0329502,0.177682,1
0.168868,0.051633,0.193247,1
0.121701,0.00383841,0.0366654,1
0.161839,0.0336048,0.110791,1
0.106567,0.0899323,0.138394,1
0.141382,0.062604,0.0040468,1
0.114904,0.0270508,0.162958,1
0.171188,0.102174,0.0808358,1
0.172132,0.0499811,0.207439,1
0.213605,0.0884804,0.0711507,1
0.169332,0.030063,0.0784695,1
0.149551,0.00326534,0.0460892,1
0.157139,0.0340774,0.112906,1
0.170655,0.0794462,0.0644993,1
0.126076,0.0265402,0.0311176,1
0.180639,0.0239257,0.163362,1
0.166262,0.0876077,0.118023,1
0.207041,0.0273257,0.167076,1
0.158234,0.00942593,0.0556854,1
0.136752,0.0648849,0.206258,1
0.12743,0.00194761,0.165955,1
0.151819,0.0782645,0.0597699,1
0.15436,0.0765577,0.059426,1
0.18551,0.000204072,0.0888294,1
0.215178,0.00762782,0.0932911,1
0.124818,0.0263588,0.197718,1
0.208213,0.0781732,0.125354,1
0.165756,0.0558145,0.0482104,1
0.119692,0.0258629,0.159813,1
0.155157,0.0777949,0.0600102,1
0.217161,0.0478932,0.209932,1
0.197607,0.0241365,0.217937,1
0.106448,0.0801826,0.0951206,1
0.117605,0.0268244,0.160261,1
0.138147,0.0367721,0.141161,1
0.149246,0.00544404,0.154705,1
0.153398,0.0700503,0.0704008,1
0.199355,0.0931096,0.207994,1
0.188404,0.00752633,0.113908,1
0.148393,0.0771008,0.0353186,1
0.20985,0.102858,0.145632,1
0.191665,0.0341695,0.064366,1
0.131772,0.10044,0.210395,1
0.150917,0.0569743,0.12713,1
0.134711,0.0467577,0.0624183,1
0.184673,0.0299502,0.185999,1
0.124262,0.0021953,0.0901693,1
0.204593,0.0593138,0.196757,1
0.190606,0.0318666,0.0274058,1
0.144924,0.0581142,0.010801,1
0.216259,0.0259191,0.186798,1
0.221496,0.102962,0.0819574,1
0.206477,0.0868412,0.105988,1
0.220452,0.0246337,0.0668929,1
0.177393,0.0683973,0.00204964,1
0.201336,0.0420274,0.100925,1
0.224288,0.0877235,0.0690227,1
0.211597,0.100966,0.012345,1
0.122072,0.079858,0.0299008,1
0.139573,0.100827,0.19806,1
0.14316,0.0118776,0.215632,1
0.11183,0.0538855,0.00405972,1
0.180639,0.0598276,0.0101753,1
0.119263,0.0434036,0.13465,1
0.175003,0.0656143,0.0267117,1
0.132323,0.0329516,0.202062,1
0.189026,0.0760794,0.132853,1
0.192027,0.0206274,0.107941,1
0.145328,0.019005,0.133504,1
0.210965,0.0567685,0.079511,1
0.209791,0.0360073,0.0722145,1
0.212947,0.0815278,0.00494862,1
0.137829,0.0978606,0.100963,1
0.201123,0.0373776,0.0875231,1
0.197263,0.0785664,0.108728,1
0.180814,0.0551785,0.0190473,1
0.105453,0.0824225,0.120579,1
0.142471,0.071522,0.117181,1
0.140073,0.0334909,0.0193123,1
0.143199,0.0209821,0.0812452,1
0.139302,0.0357393,0.02252,1
0.2175,0.0337698,0.119905,1
0.167271,0.0613794,0.141192,1
0.175224,0.0406281,0.073327,1
0.216222,0.044858,0.113857,1
0.138903,0.044397,0.1148,1
0.14655,0.0846686,0.0785604,1
0.102229,0.0620186,0.223637,1
0.105905,0.0952008,0.15521,1
0.207012,0.0867286,0.121801,1
0.166705,0.0383987,0.0277374,1
0.115148,0.0848338,0.102763,1
0.11484,0.0831571,0.10417,1
0.113991,0.0156108,0.0927664,1
0.113503,0.0755665,0.101959,1
0.115625,0.0548569,0.0467524,1
0.208126,0.12985,0.135575,2
0.194987,0.123895,0.15534,2
0.128359,0.180872,0.00241641,2
0.191859,0.174671,0.163614,2
0.194072,0.197428,0.198062,2
0.135223,0.197761,0.0224167,2
0.157978,0.170849,0.150624,2
0.164172,0.113097,0.141247,2
0.13754,0.212809,0.0732481,2
0.213281,0.184218,0.00633619,2
0.133743,0.115898,0.101894,2
0.133372,0.14536,0.165965,2
0.211194,0.198096,0.171333,2
0.178915,0.160014,0.0623677,2
0.154234,0.148379,0.0698344,2
0.20616,0.155361,0.0119573,2
0.129057,0.128898,0.141976,2
0.166821,0.145606,0.21107,2
0.164476,0.204127,0.145653,2
0.138737,0.220509,0.0138999,2
0.208048,0.152713,0.0213911,2
0.150085,0.135932,0.098979,2
0.219456,0.185805,0.168604,2
0.17139,0.190718,0.175867,2
0.174382,0.191728,0.0131897,2
0.219631,0.18784,0.0237273,2
0.224777,0.145641,0.0347829,2
0.219122,0.113772,0.211181,2
0.185789,0.118332,0.0441889,2
0.199429,0.123766,0.058323,2
0.182981,0.216891,0.066182,2
0.223882,0.157204,0.140731,2
0.129731,0.144117,0.077627,2
0.205214,0.126079,0.0642467,2
0.156316,0.166696,0.104743,2
0.120515,0.151382,0.068194,2
0.211755,0.122851,0.184773,2
0.162063,0.118673,0.0192191,2
0.160951,0.18665,0.212576,2
0.150687,0.157341,0.212799,2
0.10974,0.177166,0.0203596,2
0.209675,0.155594,0.135927,2
0.141845,0.130437,0.00702408,2
0.178004,0.130707,0.128542,2
0.176741,0.189417,0.170057,2
0.148038,0.188208,0.102366,2
0.131257,0.112117,0.102125,2
0.126306,0.153101,0.105429,2
0.196501,0.210019,0.149672,2
0.135383,0.187968,0.182524,2
0.143067,0.195578,0.163142,2
0.141044,0.187797,0.115145,2
0.166618,0.130347,0.0015945,2
0.134698,0.105853,0.156153,2
0.15926,0.172993,0.137966,2
0.222278,0.144823,0.110649,2
0.220124,0.213004,0.0145109,2
0.182005,0.216275,0.181827,2
0.1435,0.118929,0.215697,2
0.167617,0.124788,0.0807848,2
0.191673,0.191927,0.224061,2
0.150299,0.19233,0.0302461,2
0.116545,0.198136,0.186589,2
0.213297,0.207841,0.0532274,2
0.221629,0.146046,0.0553396,2
0.182858,0.18415,0.00628146,2
0.204043,0.129286,0.0274721,2
0.196933,0.209468,0.00589684,2
0.219629,0.224087,0.153079,2
0.150041,0.158958,0.182771,2
0.162763,0.161871,0.124031,2
0.149018,0.177403,0.0308564,2
0.170003,0.203602,0.184252,2
0.120295,0.115657,0.143073,2
0.186736,0.222393,0.000944737,2
0.137062,0.157542,0.00954329,2
0.114845,0.206316,0.14605,2
0.155391,0.138672,0.167518,2
0.138382,0.214808,0.219135,2
0.118389,0.122181,0.183385,2
0.21621,0.122939,0.0239186,2
0.186539,0.109863,0.151395,2
0.16114,0.197965,0.139438,2
0.160636,0.133873,0.223181,2
0.224018,0.13897,0.168514,2
0.16055,0.189632,0.0912241,2
0.134782,0.1956,0.22032,2
0.136352,0.148136,0.140375,2
0.204695,0.212004,0.0803007,2
0.105204,0.219214,0.147961,2
0.128451,0.134726,0.217164,2
0.186385,0.177036,0.0435656,2
0.14765,0.185576,0.171047,2
0.124058,0.137301,0.207672,2
0.120959,0.14755,0.191488,2
0.173283,0.184912,0.0145509,2
0.148953,0.168393,0.108671,2
0.137819,0.131311,0.198653,2
0.175947,0.131293,0.198561,2
0.198035,0.124435,0.0658766,2
0.17942,0.141701,0.0503912,2
0.140949,0.105287,0.0366859,2
0.200546,0.148662,0.00417083,2
0.154424,0.12801,0.140063,2
0.196,0.138251,0.107471,2
0.220919,0.188588,0.0163714,2
0.114192,0.106018,0.00422144,2
0.138256,0.163212,0.0490141,2
0.10892,0.15402,0.0786863,2
0.10463,0.161123,0.109147,2
0.194694,0.223376,0.0799311,2
0.109166,0.194001,0.0168973,2
0.113604,0.133746,0.0126272,2
0.200622,0.132922,0.0121394,2
0.124367,0.142333,0.0913885,2
0.11444,0.119937,0.0104094,2
0.108141,0.141183,0.0508988,2
0.206896,0.217622,0.0815848,2
0.111748,0.131325,0.0461599,2
0.109562,0.167959,0.0845135,2
0.11543,0.177619,0.0852618,2
0.122629,0.212279,0.114712,2
0.113815,0.150155,0.0718619,2
0.118354,0.123321,0.0641749,2
0.155283,0.108391,0.137926,2
0.178496,0.105205,0.15563,2
0.192921,0.103892,0.0202288,2
0.198222,0.104351,0.173171,2
0.0647651,0.218652,0.154842,3
0.052037,0.222882,0.174168,3
0.0165156,0.151366,0.171345,3
0.0120678,0.143176,0.167216,3
0.0070934,0.150108,0.171658,3
0.00376235,0.143791,0.167435,3
0.044118,0.176833,0.200143,3
0.0950511,0.219751,0.198003,3
0.0233561,0.224624,0.124729,3
0.0911645,0.197689,0.179649,3
0.0704267,0.181373,0.191992,3
0.0662547,0.160385,0.16777,3
0.0133132,0.18006,0.220672,3
0.0963866,0.139762,0.154609,3
0.0926908,0.184303,0.140716,3
0.00698944,0.144867,0.166665,3
0.0112946,0.145642,0.171799,3
0.00547779,0.150859,0.167636,3
0.0906457,0.157508,0.181861,3
0.00311318,0.148145,0.168281,3
0.00205259,0.147114,0.166718,3
0.0118946,0.151807,0.170697,3
0.0110155,0.144532,0.169557,3
0.0769977,0.165609,0.197466,3
0.034735,0.210111,0.183772,3
0.0416174,0.21369,0.183245,3
0.0535771,0.195453,0.11475,3
0.0827913,0.132055,0.0268358,3
0.00690017,0.151444,0.170768,3
0.00539494,0.150455,0.172084,3
0.00961438,0.149342,0.17113,3
0.0899397,0.130689,0.0439102,3
0.0555882,0.127174,0.116238,3
0.0117029,0.146667,0.168099,3
0.0236103,0.145994,0.196664,3
0.0930505,0.197646,0.00262238,3
0.0147553,0.152337,0.223924,3
0.0163469,0.125362,0.0759985,3
0.0912268,0.22226,0.108647,3
0.00466286,0.150468,0.17303,3
0.00705804,0.151,0.1671,3
0.0307596,0.186473,0.126461,3
0.012576,0.150661,0.17365,3
0.0131867,0.130322,0.113411,3
0.073431,0.184316,0.0718979,3
0.00883153,0.14508,0.172885,3
0.00855111,0.146286,0.170582,3
0.0073983,0.146562,0.173661,3
0.0139537,0.147261,0.168158,3
0.00825153,0.150214,0.169765,3
0.0664178,0.220982,0.0612871,3
0.00635807,0.148847,0.170637,3
0.00465389,0.151117,0.168162,3
0.0453376,0.135931,0.170953,3
0.00510907,0.173993,0.185619,3
0.00617714,0.142744,0.170418,3
0.042966,0.171462,0.0360841,3
0.0276608,0.155044,0.00274074,3
0.00807713,0.14412,0.172967,3
0.0400455,0.132262,0.00693364,3
0.0821887,0.133172,0.0621425,3
0.00811374,0.156221,0.17406,3
0.0592012,0.138681,0.0818411,3
0.00308507,0.147758,0.172763,3
0.063613,0.21851,0.096393,3
0.00563109,0.147257,0.170975,3
0.0310947,0.168582,0.032322,3
0.0111,0.149412,0.17091,3
0.00403702,0.144118,0.171944,3
0.0718766,0.159828,0.148983,3
0.00487739,0.148741,0.169335,3
0.00846436,0.147654,0.172758,3
0.0368421,0.198845,0.179657,3
0.0818277,0.153026,0.00904008,3
0.0618565,0.17794,0.0553741,3
0.00667736,0.142832,0.171508,3
0.0543145,0.125475,0.152881,3
0.0114447,0.142883,0.14306,3
0.00812384,0.150075,0.16803,3
0.0106502,0.190088,0.00475575,3
0.0682485,0.19363,0.0994101,3
0.0373874,0.162121,0.113885,3
0.0819266,0.173716,0.0446296,3
0.0109656,0.197248,0.220952,3
0.0487533,0.168139,0.0323574,3
0.0746357,0.214932,0.175249,3
0.0257911,0.154212,0.0443915,3
0.0699142,0.132146,0.0606688,3
0.0023338,0.131135,0.212108,3
0.0706989,0.165077,0.0386799,3
0.0100917,0.148801,0.173456,3
0.00505107,0.151284,0.172923,3
0.066025,0.212338,0.0141142,3
0.0140051,0.199889,0.068731,3
0.0191818,0.209954,0.195321,3
0.0642258,0.164505,0.0536384,3
0.00703946,0.148608,0.168106,3
0.0107309,0.147445,0.16803,3
0.00289034,0.148206,0.173049,3
0.0671978,0.214169,0.179173,3
0.00851363,0.148206,0.168648,3
0.00363665,0.149171,0.182179,3
0.00180792,0.143468,0.172809,3
0.074953,0.178513,0.0557029,3
0.0883661,0.173729,0.0751777,3
0.0112829,0.144172,0.172618,3
0.0090523,0.146619,0.17215,3
0.059025,0.17051,0.0445787,3
0.0999099,0.193269,0.201815,3
0.0371767,0.150748,0.0544895,3
0.0403253,0.224127,0.0849127,3
0.0362613,0.176173,0.107605,3
0.0430928,0.136033,0.0797155,3
0.032515,0.206137,0.105667,3
0.0350602,0.196106,0.0254999,3
0.0108958,0.146072,0.171594,3
0.0055843,0.162622,0.0900344,3
0.0116285,0.224285,0.0964552,3
0.054591,0.16204,0.216212,3
0.0193843,0.194624,0.0406306,3
0.0151535,0.174558,0.0547187,3
0.0753304,0.207682,0.0801422,3
0.0417002,0.148986,0.00996714,3
0.0530273,0.146364,0.0393365,3
0.0300292,0.132626,0.163221,3
0.100405,0.127482,0.0343704,3
0.0749841,0.127577,0.215984,3
0.0397156,0.125228,0.0105288,3
