x coord,y coord,z coord,rank
0.181316,0.185493,0.0606092,0
0.178465,0.00914898,0.105151,0
0.100558,0.154896,0.01989,0
0.120574,0.22496,0.10151,0
0.114249,0.0935982,0.0355653,0
0.194091,0.110468,0.0939936,0
0.116528,0.0663291,0.0379274,0
0.156005,0.0598869,0.064834,0
0.207908,0.0241245,0.058395,0
0.181596,0.203703,0.0675468,0
0.105824,0.212889,0.10323,0
0.195088,0.198084,0.0652803,0
0.194419,0.179207,0.0633418,0
0.132854,0.0157377,0.0130348,0
0.204016,0.0261807,0.0384103,0
0.151842,0.218205,0.032017,0
0.136166,0.00735776,0.0505232,0
0.113341,0.0224158,0.0750761,0
0.196678,0.138636,0.00373004,0
0.195089,0.0353327,0.0692925,0
0.198925,0.0492553,0.0189515,0
0.198885,0.0523231,0.0826255,0
0.192427,0.00589502,0.00790086,0
0.121268,0.205672,0.0753544,0
0.20183,0.0429221,0.0828675,0
0.223831,0.112581,0.0515839,0
0.133292,0.212196,0.0264841,0
0.134861,0.18784,0.0594296,0
0.171685,0.196285,0.0381929,0
0.201316,0.212863,0.0416684,0
0.141284,0.0663537,0.0749949,0
0.2028,0.0415673,0.0861678,0
0.22469,0.22205,0.102141,0
0.145937,0.142909,0.0981342,0
0.182204,0.201232,0.05112,0
0.209241,0.0485622,0.0462675,0
0.17163,0.199294,0.0329089,0
0.222035,0.109555,0.0439682,0
0.191174,0.212966,0.0775498,0
0.158936,0.107951,0.0576729,0
0.137593,0.150011,0.0871308,0
0.136963,0.2096,0.0228485,0
0.182037,0.0632148,0.0852894,0
0.182245,0.13366,0.00704756,0
0.104803,0.0366069,0.0383235,0
0.116333,0.0936227,0.0370807,0
0.217885,0.196353,0.0499268,0
0.108468,0.217883,0.00658715,0
0.115328,0.0317638,0.072964,0
0.204557,0.133998,0.0129934,0
0.221686,0.00460742,0.0246341,0
0.199904,0.142718,0.0539716,0
0.135915,0.206887,0.107058,0
0.162814,0.138509,0.0111797,0
0.137692,0.13696,0.0184223,0
0.125582,0.13112,0.0375673,0
0.108208,0.209057,0.00557951,0
0.212351,0.138698,0.101512,0
0.187867,0.146803,0.0504312,0
0.0990997,0.222603,0.0567914,0
0.195145,0.213177,0.000244145,0
0.205156,0.106437,0.094458,0
0.198711,0.0749142,0.0707184,0
0.215145,0.119015,0.0962456,0
0.141068,0.15277,0.103868,0
0.178872,0.221588,0.0821112,0
0.171888,0.170313,0.0765018,0
0.152329,0.0409421,0.0468211,0
0.16727,0.0365279,0.0327535,0
0.218499,0.152243,0.0910551,0
0.191998,0.127593,0.0479326,0
0.165523,0.205669,0.028816,0
0.148764,0.137665,0.0355507,0
0.195863,0.151191,0.0859725,0
0.127689,0.010417,0.0180471,0
0.168267,0.0462332,0.0259685,0
0.192581,0.0924431,0.103144,0
0.149914,0.0380265,0.0205476,0
0.206566,0.0276714,0.0775719,0
0.134116,0.112186,0.00868309,0
0.175814,0.0682392,0.0062964,0
0.173328,0.0650731,0.0671713,0
0.170256,0.155952,0.0130956,0
0.174933,0.0665788,0.0841862,0
0.196232,0.0645725,0.029908,0
0.11571,0.0793703,0.0874092,0
0.112734,0.0273727,0.0576637,0
0.20194,0.118953,0.0903,0
0.174983,0.0252774,0.00460865,0
0.165534,0.0321934,0.0635434,0
0.112518,0.209412,0.0111928,0
0.111248,0.151299,0.0646434,0
0.0995563,0.189322,0.0338248,0
0.172268,0.191035,0.0345528,0
0.147834,0.19109,0.0243044,0
0.148687,0.184062,0.0826734,0
0.11145,0.0781653,0.0769452,0
0.171796,0.00432445,0.10102,0
0.138942,0.0182486,0.0410821,0
0.114976,0.20984,0.102012,0
0.159649,0.06241,0.0842929,0
0.142249,0.0879233,0.0305772,0
0.103706,0.0693012,0.058544,0
0.17403,0.0270789,0.0951357,0
0.113566,0.0963617,0.0513383,0
0.116507,0.0907209,0.0355892,0
0.138148,0.0808439,0.0953774,0
0.128098,0.0467451,0.0554046,0
0.141837,0.0600535,0.0628446,0
0.186914,0.0795668,0.0512346,0
0.156202,0.0095727,0.0696244,0
0.162773,0.0635515,0.0709749,0
0.151711,0.0659318,0.103354,0
0.155306,0.0438377,0.101083,0
0.162051,0.040337,0.016606,0
0.182493,0.0878668,0.0185073,0
0.174718,0.0107546,0.102001,0
0.00202462,0.147873,0.105219,1
0.0603968,0.138073,0.19059,1
0.0382159,0.162942,0.122727,1
0.0313649,0.161328,0.127719,1
0.0699035,0.174077,0.204651,1
0.0068293,0.0861751,0.153158,1
0.0357794,0.0676486,0.0962545,1
0.0765821,0.167107,0.198598,1
0.0608723,0.186639,0.0903282,1
0.0849746,0.0980059,0.082946,1
0.0763552,0.199909,0.218912,1
0.0874847,0.186578,0.136276,1
0.0629974,0.186184,0.157716,1
0.0613386,0.181381,0.159137,1
0.0917986,0.216035,0.105443,1
0.0459717,0.0429319,0.10353,1
0.0569175,0.102365,0.0809006,1
0.0686142,0.151928,0.184637,1
0.0671737,0.0351999,0.0852286,1
0.0543142,0.209123,0.193828,1
0.0732983,0.0367381,0.0897538,1
0.0280808,0.195719,0.182143,1
0.0679895,0.0869477,0.186986,1
0.0605681,0.214339,0.170578,1
0.00960182,0.173611,0.172194,1
0.00487092,0.138715,0.20565,1
0.0488772,0.187318,0.108031,1
0.042776,0.0198525,0.103821,1
0.0768649,0.0477715,0.11215,1
0.0329784,0.195441,0.224088,1
0.0830623,0.0949506,0.0874813,1
0.0616217,0.135251,0.194333,1
0.0670353,0.116929,0.137782,1
0.0468118,0.092616,0.110811,1
0.0618558,0.047666,0.12817,1
0.0484193,0.0709573,0.0862059,1
0.0749247,0.134775,0.0881001,1
0.0176285,0.0799478,0.145584,1
0.0828227,0.136151,0.0904642,1
0.0671325,0.202249,0.200952,1
0.0477809,0.0160528,0.095027,1
0.0276217,0.00763721,0.197286,1
0.0178569,0.222987,0.20087,1
0.0348107,0.0130432,0.142228,1
0.011444,0.0464307,0.20392,1
0.0315057,0.222016,0.139422,1
0.0699678,0.0359466,0.132024,1
0.0387971,0.169874,0.0964946,1
0.0417422,0.212897,0.163731,1
0.0829474,0.0639709,0.217782,1
0.0279966,0.17446,0.16109,1
0.0018054,0.0557656,0.106996,1
0.0190417,0.037175,0.212889,1
0.081571,0.204473,0.103832,1
0.0592364,0.115613,0.220903,1
0.0342791,0.0462361,0.198257,1
0.0445557,0.132848,0.108337,1
0.0636771,0.170042,0.146466,1
0.0241057,0.0532,0.210563,1
0.0620189,0.0620531,0.155034,1
0.0490211,0.011573,0.215306,1
0.0221767,0.199242,0.181376,1
0.0821647,0.141543,0.170646,1
0.0501595,0.167038,0.161765,1
0.0447313,0.033281,0.185872,1
0.0338502,0.121377,0.119497,1
0.0457021,0.171137,0.156263,1
0.0355724,0.0726601,0.199649,1
0.0347808,0.0152319,0.202166,1
0.0917149,0.0177529,0.199571,1
0.0340214,0.0231878,0.101488,1
0.017332,0.0339091,0.13479,1
0.0902733,0.210721,0.101908,1
0.0780904,0.0789618,0.222623,1
0.021562,0.195946,0.163863,1
0.0248822,0.1172,0.11644,1
0.0058763,0.161595,0.105032,1
0.00887949,0.159265,0.17837,1
0.0528791,0.206082,0.208015,1
0.0655419,0.156507,0.203754,1
0.0150911,0.0145281,0.207066,1
0.080753,0.179734,0.219063,1
0.0183764,0.208135,0.217247,1
0.0513575,0.117513,0.196173,1
0.0338,0.0620315,0.140556,1
0.00178619,0.0666226,0.0933018,1
0.0117219,0.0985914,0.208848,1
0.045545,0.0850411,0.10981,1
0.0349566,0.0319227,0.138968,1
0.0366537,0.140084,0.208262,1
0.0089495,0.000723558,0.135702,1
0.0899526,0.126345,0.182385,1
0.029383,0.0664341,0.136913,1
0.0465208,0.00367059,0.144958,1
0.0882889,0.107089,0.144527,1
0.0945453,0.063685,0.127053,1
0.0812453,0.0705987,0.118801,1
0.00105102,0.0423159,0.207767,1
0.0853359,0.0561115,0.165506,1
0.0627266,0.101929,0.124925,1
0.036643,0.207826,0.135665,1
0.0106951,0.0947332,0.206863,1
0.0940363,0.218967,0.204233,1
0.0229851,0.0497586,0.092152,1
0.0760157,0.0820107,0.112216,1
0.0695521,0.173593,0.152244,1
0.0331508,0.0191373,0.215732,1
0.027453,0.0502847,0.205185,1
0.0552657,0.045773,0.145573,1
0.0761912,0.059553,0.0989686,1
0.0622688,0.100702,0.154036,1
0.00815038,0.00207705,0.221923,1
0.0810889,0.0152008,0.0806067,1
0.068581,0.0735453,0.213104,1
0.055995,0.0854977,0.138366,1
0.0188309,0.0233736,0.210514,1
0.00508034,0.0983966,0.15961,1
0.0223165,0.104955,0.139626,1
0.00730026,0.100106,0.191187,1
0.0947044,0.0795855,0.132859,1
0.0949988,0.10231,0.0903868,1
0.114176,0.11636,0.151228,2
0.108791,0.0127084,0.143463,2
0.112031,0.00553114,0.192349,2
0.111897,0.0559454,0.129855,2
0.106247,0.0391061,0.211023,2
0.178865,0.0731825,0.180381,2
0.138954,0.0750894,0.126313,2
0.128447,0.204382,0.160455,2
0.203816,0.0721733,0.115012,2
0.110315,0.117193,0.144093,2
0.150367,0.00292517,0.128862,2
0.114349,0.130924,0.125625,2
0.218317,0.0149214,0.135705,2
0.181435,0.0609718,0.190267,2
0.215299,0.197494,0.164327,2
0.200305,0.173792,0.114756,2
0.21513,0.105234,0.17845,2
0.099698,0.149867,0.175567,2
0.120648,0.167307,0.143358,2
0.139831,0.0340244,0.212785,2
0.164583,0.107153,0.169293,2
0.191292,0.0685287,0.175917,2
0.182049,0.0905089,0.207488,2
0.165252,0.0259653,0.220802,2
0.137325,0.192266,0.175169,2
0.103071,0.165558,0.187168,2
0.209703,0.0262435,0.180822,2
0.121467,0.149154,0.168167,2
0.110861,0.199276,0.154183,2
0.158344,0.221095,0.178545,2
0.124933,0.169646,0.149162,2
0.214746,0.111991,0.186995,2
0.109438,0.209826,0.142795,2
0.110378,0.146824,0.215979,2
0.118088,0.204636,0.132197,2
0.203832,0.221592,0.136579,2
0.102418,0.217708,0.181033,2
0.0973455,0.220158,0.192211,2
0.109377,0.16323,0.119566,2
0.18017,0.160472,0.172565,2
0.139138,0.153434,0.201132,2
0.206093,0.167355,0.22237,2
0.174378,0.0812656,0.222963,2
0.125714,0.0286805,0.119085,2
0.152352,0.139969,0.108093,2
0.207512,0.00623485,0.215594,2
0.220397,0.196158,0.169485,2
0.121313,0.0256713,0.154777,2
0.213368,0.205198,0.151841,2
0.193665,0.149269,0.138944,2
0.14398,0.152624,0.186881,2
0.212455,0.006925,0.223148,2
0.151736,0.0837196,0.220884,2
0.122211,0.198626,0.145847,2
0.208952,0.210091,0.123665,2
0.211206,0.115765,0.213975,2
0.2193,0.0232854,0.204549,2
0.152946,0.181958,0.217288,2
0.169119,0.0867771,0.144335,2
0.191399,0.0657904,0.223654,2
0.200142,0.0626976,0.146445,2
0.173947,0.00537113,0.223022,2
0.214163,0.0757065,0.115035,2
0.202716,0.121631,0.174507,2
0.150077,0.0428494,0.223255,2
0.129687,0.213911,0.158295,2
0.199367,0.0970559,0.152653,2
0.152112,0.213127,0.15975,2
0.210645,0.216978,0.124687,2
0.119389,0.16961,0.124083,2
0.192088,0.0676486,0.140083,2
0.12202,0.133653,0.141509,2
0.145695,0.221772,0.1141,2
0.185889,0.0134361,0.190182,2
0.14645,0.21752,0.142386,2
0.18484,0.0465354,0.203033,2
0.202343,0.105181,0.144335,2
0.154642,0.0603337,0.139105,2
0.155559,0.17502,0.134866,2
0.207897,0.0966893,0.148909,2
0.0985066,0.0714466,0.169769,2
0.220445,0.0986947,0.124174,2
0.171783,0.11446,0.142103,2
0.19425,0.114468,0.163085,2
0.218294,0.165095,0.108593,2
0.176081,0.161381,0.136785,2
0.10956,0.0690813,0.136445,2
0.214957,0.0599467,0.121641,2
0.172683,0.0589818,0.162481,2
0.105991,0.0242261,0.214999,2
0.122036,0.0953727,0.115639,2
0.111555,0.0903011,0.176801,2
0.188457,0.203009,0.205255,2
0.19653,0.206375,0.133862,2
0.151802,0.176126,0.155131,2
0.208597,0.22023,0.125602,2
0.17444,0.124689,0.203662,2
0.14374,0.126537,0.20826,2
0.180331,0.109436,0.159637,2
0.183255,0.185292,0.129645,2
0.175722,0.119119,0.209337,2
0.170012,0.132856,0.213453,2
0.172044,0.00430901,0.124429,2
0.188098,0.0561854,0.148434,2
0.211663,0.037329,0.185068,2
0.170693,0.0909296,0.171241,2
0.177876,0.186289,0.146526,2
0.172845,0.0970678,0.193028,2
0.178127,0.0479502,0.172048,2
0.185036,0.00657655,0.145442,2
0.187191,0.189452,0.207911,2
0.131917,0.0505001,0.160482,2
0.188376,0.137297,0.110517,2
0.0989385,0.200069,0.173467,2
0.216817,0.0284003,0.132816,2
0.218828,0.186793,0.162482,2
0.140146,0.185951,0.156496,2
0.21946,0.156069,0.218355,2
0.215977,0.148866,0.180366,2
0.186583,0.112972,0.193998,2
0.13083,0.101928,0.148175,2
0.22363,0.0697968,0.222226,2
0.173574,0.0933731,0.167796,2
0.187507,0.088775,0.115168,2
0.223667,0.211633,0.111826,2
0.218897,0.0665276,0.115722,2
0.0987095,0.0420805,0.204484,2
0.143061,0.155119,0.110988,2
0.0981556,0.121895,0.1817,2
0.097908,0.0515817,0.163855,2
0.151916,0.0633756,0.108411,2
0.095605,0.173881,0.183254,2
0.0340403,0.174294,0.0696721,3
0.030831,0.168944,0.059877,3
0.0347267,0.178215,0.0604535,3
0.0361984,0.166896,0.0664558,3
0.0860748,0.0187533,0.0735536,3
0.0303146,0.173992,0.0616143,3
0.0323271,0.174336,0.0633603,3
0.0541472,0.190761,0.000893985,3
0.0314863,0.178605,0.0657646,3
0.0307021,0.170832,0.0634202,3
0.0740152,0.140289,0.0170613,3
0.0367493,0.176734,0.0694391,3
0.0327484,0.17554,0.0627466,3
0.0370409,0.174079,0.0580542,3
0.0903717,0.211961,0.00887596,3
0.0813899,0.19324,0.0315364,3
0.0863658,0.136096,0.0455687,3
0.085509,0.0947441,0.0249669,3
0.065501,0.195881,0.0791023,3
0.0904815,0.0778419,0.0164696,3
0.0894766,0.028472,0.0345984,3
0.0781595,0.0358373,0.0194885,3
0.0664437,0.0358586,0.0749735,3
0.0153655,0.193583,0.0639417,3
0.0434642,0.056617,0.0059767,3
0.0672943,0.14231,0.0339989,3
0.0764731,0.0481667,0.0265283,3
0.0320149,0.171859,0.0596174,3
0.0370848,0.171022,0.0648988,3
0.0103407,0.044123,0.00198747,3
0.0707773,0.0647681,0.0644677,3
0.0862284,0.163304,0.0465026,3
0.033467,0.173005,0.0620354,3
0.074281,0.0834189,0.0401691,3
0.070831,0.0563141,0.0222778,3
0.0336208,0.170003,0.0627162,3
0.0634432,0.0089991,0.0382794,3
0.0336252,0.176135,0.057656,3
0.0330571,0.178386,0.0614063,3
0.0422863,0.173372,0.0648132,3
0.0360691,0.175492,0.0637204,3
0.0247872,0.223745,0.0501028,3
0.0274641,0.128469,0.0361565,3
0.00751968,0.0429526,0.00269786,3
0.0373558,0.176929,0.0647777,3
0.00869492,0.0164407,0.00403065,3
0.0294722,0.00757659,0.00470335,3
0.0616375,0.205061,0.0589074,3
0.053174,0.0141629,0.0115608,3
0.0422927,0.175227,0.061179,3
0.0281441,0.0293587,0.0145145,3
0.0334473,0.171024,0.062687,3
0.00257322,0.100582,0.0255672,3
0.0751329,0.092054,0.0316538,3
0.0428465,0.0764831,0.0648915,3
0.0462175,0.0280171,0.0567931,3
0.0597596,0.0250607,0.0745545,3
0.0373237,0.177015,0.0658999,3
0.0353936,0.179445,0.0615959,3
0.0382415,0.170594,0.0635385,3
0.0381969,0.17796,0.0613672,3
0.0379687,0.174734,0.0597139,3
0.023895,0.0184839,0.0192673,3
0.0586536,0.0117196,0.0762986,3
0.00437134,0.0331806,0.030622,3
0.0263476,0.196016,0.0131385,3
0.0599571,0.00825069,0.0443698,3
0.0292422,0.0177973,0.0704199,3
0.0369791,0.174301,0.0632637,3
0.087321,0.196054,0.0766405,3
0.0508988,0.0401799,0.0228735,3
0.0375344,0.172782,0.059894,3
0.0562424,0.0837351,0.0693721,3
0.0429053,0.176011,0.0670837,3
0.0725285,0.0292968,0.0290559,3
0.0705144,0.0319685,0.0352436,3
0.0890532,0.0666096,0.069499,3
0.0562928,0.210077,0.00193965,3
0.00122998,0.0737244,0.0407064,3
0.0610103,0.0169233,5.8498e-05,3
0.0375614,0.170483,0.0590576,3
0.037693,0.17256,0.0641965,3
0.0378666,0.220361,0.0660962,3
0.0358057,0.175937,0.068024,3
0.0332846,0.176722,0.0594834,3
0.0590174,0.176625,0.0749488,3
0.0354843,0.178045,0.0679671,3
0.0400205,0.172836,0.0601371,3
0.0359396,0.171303,0.0653963,3
0.0190098,0.0147418,0.0387477,3
0.00712127,0.187868,0.0282853,3
0.0621768,0.0681343,0.0514486,3
0.0242315,0.186492,0.0774366,3
0.0363242,0.175817,0.0592976,3
0.0372603,0.176023,0.0616216,3
0.0238231,0.143053,0.0302951,3
0.0692464,0.0225347,0.0138424,3
0.0200708,0.0752946,0.021715,3
0.0367016,0.174586,0.0638943,3
0.0344169,0.168684,0.0640443,3
0.0345654,0.170436,0.0597475,3
0.0370526,0.171433,0.0607527,3
0.0399828,0.0474053,0.0508404,3
0.0388873,0.173669,0.0651284,3
0.0403334,0.174883,0.0669236,3
0.034223,0.176281,0.0604443,3
0.0583283,0.041672,0.0101437,3
0.0328762,0.172081,0.0680498,3
0.0266397,0.0931838,0.0513511,3
0.0487269,0.0636202,0.00458583,3
0.0414259,0.174175,0.0603604,3
0.0353343,0.172594,0.0574435,3
0.0379461,0.170346,0.0555,3
0.0357213,0.172304,0.0592787,3
0.0367788,0.176803,0.0636436,3
0.038397,0.176413,0.0640442,3
0.0366443,0.175802,0.0610271,3
0.0573731,0.0480518,0.0636059,3
0.0850655,0.179996,0.0025062,3
0.0225231,0.122355,0.027047,3
0.083539,0.203067,0.0288133,3
0.00999945,0.181462,0.0217462,3
0.0868536,0.142778,0.0678333,3
0.0736495,0.201905,0.0699185,3
0.0609085,0.18814,0.0350009,3
0.0914526,0.046834,0.0664983,3
0.0927161,0.0841133,0.078903,3
0.0743309,0.0302984,0.0780937,3
0.0511391,0.0227597,0.0770487,3
0.0947521,0.123787,0.0376448,3
