x coord,y coord,z coord,rank
0.0592452,0.0549332,0.184129,0
0.057992,0.00336017,0.149118,0
0.0834558,0.0792003,0.0362332,0
0.0637874,0.0707802,0.156481,0
0.0476483,0.106595,0.0764088,0
0.0696923,0.0897402,0.108658,0
0.0692322,0.0634554,0.198893,0
0.0740928,0.0368969,0.150517,0
0.00116928,0.0644007,0.158014,0
0.0486665,0.0681755,0.177582,0
0.0604207,0.0694136,0.196038,0
0.0384983,0.078114,0.176489,0
0.0589273,0.0721797,0.14156,0
0.0329929,0.055244,0.165286,0
0.0499867,0.0610155,0.0477756,0
0.0852376,0.0261476,0.169081,0
0.0863306,0.0612618,0.208887,0
0.0280265,0.0176306,0.175293,0
0.0749636,0.049194,0.00146257,0
0.0625994,0.0283102,0.11621,0
0.0184033,0.0602383,0.0406483,0
0.0541676,0.0495783,0.152522,0
0.0335233,0.0902881,0.189163,0
0.0838748,0.112174,0.18382,0
0.0260689,0.0955845,0.115463,0
0.0128339,0.0283261,0.124465,0
0.0884161,0.103431,0.0801512,0
0.00585038,0.10113,0.184851,0
0.0163284,0.11434,0.134499,0
0.0284736,0.119179,0.182153,0
0.0900596,0.103948,0.202213,0
0.00111152,0.0308897,0.00127768,0
0.0470008,0.128768,0.170904,0
0.0884731,0.0729637,0.22091,0
0.0595106,0.0852149,0.0976316,0
0.0180202,0.0555517,0.0573237,0
0.0341126,0.042231,0.00676804,0
0.042953,0.104127,0.028633,0
0.083602,0.0308079,0.15997,0
0.0593142,0.00181325,0.117697,0
0.0352681,0.0460857,0.1535,0
0.0759968,0.0389865,0.0825624,0
0.0206915,0.0355155,0.0415948,0
0.0503606,0.0231081,0.0404597,0
0.0858577,0.0534805,0.185286,0
0.00201319,0.00420148,0.184284,0
0.0832636,0.02645,0.126195,0
0.0385308,0.0415975,0.0320118,0
0.0185297,0.0344154,0.0309406,0
0.0961271,0.074096,0.187233,0
0.0818874,0.0923067,0.120665,0
0.0235356,0.11649,0.187694,0
0.0142652,0.0828005,0.00223906,0
0.0154326,0.0821365,0.2099,0
0.0748908,0.0287999,0.0450771,0
0.0650744,0.0151158,0.207295,0
0.0971028,0.0292505,0.0816808,0
0.0235213,0.0428278,0.206421,0
0.0797619,0.100416,0.166724,0
0.090976,0.0198892,0.127427,0
0.0352543,0.122801,0.147174,0
0.0339157,0.00314623,0.185316,0
0.0512539,0.0288514,0.0286879,0
0.0913796,0.0421165,0.126209,0
0.0325853,0.0878185,0.212521,0
0.0925337,0.0855403,0.0738042,0
0.0741355,0.0223564,0.151995,0
0.0360631,0.0573587,0.222052,0
0.0965377,0.0607952,0.111023,0
0.0158736,0.108167,0.105894,0
0.0523965,0.0304504,0.0478326,0
0.0486015,0.0893278,0.12382,0
0.080563,0.0495656,0.101096,0
0.0580539,0.110788,0.0469987,0
0.052818,0.0195843,0.109653,0
0.0148709,0.0974407,0.164955,0
0.0529569,0.0407733,0.0734743,0
0.0578281,0.0900171,0.218962,0
0.0493058,0.0205121,0.203567,0
0.0720973,0.0301369,0.113321,0
0.0638136,0.0675571,0.200296,0
0.0741535,0.103393,0.135979,0
0.0679845,0.12105,0.202407,0
0.0330312,0.040302,0.0865055,0
0.0261152,0.0162156,0.0781013,0
0.0794869,0.00936055,0.198905,0
0.0218222,0.129325,0.216171,0
0.0206997,0.10354,0.200832,0
0.0701912,0.035183,0.109783,0
0.0157115,0.0084666,0.191195,0
0.00398243,0.00456225,0.113878,0
0.0862655,0.0396864,0.220119,0
0.00113014,0.0181288,0.0891696,0
0.0217266,0.08615,0.0492542,0
0.0426087,0.0313365,0.0583239,0
0.0249318,0.00668379,0.147103,0
0.0942191,0.122106,0.0981091,0
0.0769228,0.0989181,0.121381,0
0.00376226,0.0292884,0.114786,0
0.0625152,0.0680846,0.0326476,0
0.00787326,0.0713084,0.0608398,0
0.0612082,0.0774524,0.105926,0
0.0692719,0.115556,0.116107,0
0.00612553,0.115807,0.0213823,0
0.0347865,0.120507,0.0815886,0
0.0964816,0.010742,0.0595365,0
0.0820145,0.0158005,0.0507905,0
0.012803,0.0630519,0.0591468,0
0.0024743,0.0984769,0.078454,0
0.0634685,0.0663343,0.113182,0
0.0431991,0.0710882,0.0776397,0
0.078542,0.0816196,0.0373006,0
0.033872,0.117858,0.0354259,0
0.0464172,0.0616195,0.000576878,0
0.0815992,0.0564568,0.113431,0
0.0242339,0.120274,0.0998049,0
0.0367112,0.03334,0.084266,0
0.0090848,0.103041,0.10043,0
0.00264141,0.127091,0.0242197,0
0.0115877,0.0919757,0.106096,0
0.0232112,0.0804329,0.0290664,0
0.0127189,0.103656,0.0986464,0
0.0516418,0.121809,0.083184,0
0.0841254,0.126752,0.0426641,0
0.0206322,0.123809,0.107293,0
0.0961136,0.123666,0.206049,0
0.0942373,0.129879,0.173957,0
0.0943167,0.0994434,0.0369357,0
0.0968788,0.0230882,0.0213138,0
0.0973834,0.00327069,0.014611,0
0.0290167,0.13156,0.0801412,0
0.207393,0.143352,0.0862619,1
0.100424,0.140371,0.166779,1
0.21596,0.14025,0.156436,1
0.159654,0.146053,0.143497,1
0.188985,0.170338,0.0610245,1
0.207176,0.212885,0.126174,1
0.119688,0.18977,0.0479169,1
0.13501,0.209259,0.1259,1
0.19498,0.207777,0.0771819,1
0.150603,0.161293,0.0495876,1
0.170655,0.187644,0.224149,1
0.181718,0.146673,0.01747,1
0.128068,0.203311,0.150249,1
0.132275,0.138521,0.0848519,1
0.198086,0.121723,0.140092,1
0.153575,0.16725,0.072189,1
0.112707,0.207419,0.0814467,1
0.127106,0.188272,0.0135108,1
0.127214,0.176206,0.150933,1
0.145193,0.179328,0.125598,1
0.195144,0.136002,0.0823832,1
0.149558,0.146756,0.0141967,1
0.102796,0.158133,0.0533476,1
0.100461,0.211557,0.0995819,1
0.174816,0.193502,0.195281,1
0.212784,0.157394,0.0688624,1
0.18307,0.132858,0.0362207,1
0.14523,0.153772,0.0609429,1
0.154556,0.213765,0.215763,1
0.224373,0.179623,0.144186,1
0.130318,0.170449,0.065349,1
0.154037,0.163456,0.138302,1
0.167998,0.17163,0.181683,1
0.201278,0.135099,0.159365,1
0.194088,0.210766,0.0705814,1
0.155785,0.139905,0.132193,1
0.223761,0.172061,0.160371,1
0.150479,0.182763,0.105227,1
0.224302,0.208905,0.195952,1
0.212825,0.150293,0.191061,1
0.192457,0.193615,0.223671,1
0.171111,0.181255,0.0333027,1
0.116191,0.154558,0.0101722,1
0.17905,0.193829,0.0731913,1
0.17971,0.152231,0.195359,1
0.21572,0.16501,0.174516,1
0.107308,0.185508,0.184889,1
0.140135,0.211328,0.0835877,1
0.176896,0.222148,0.195452,1
0.122423,0.197241,0.0590107,1
0.174358,0.187975,0.114864,1
0.145311,0.180072,0.204585,1
0.219885,0.15121,0.188153,1
0.152326,0.134436,0.214547,1
0.177162,0.178716,0.0406546,1
0.182813,0.194175,0.0358875,1
0.218645,0.194283,0.080404,1
0.19928,0.144085,0.0785009,1
0.223731,0.180632,0.190461,1
0.171657,0.180929,0.0300438,1
0.162946,0.128791,0.032226,1
0.135767,0.16067,0.137197,1
0.172414,0.211768,0.129398,1
0.193585,0.172691,0.186388,1
0.1677,0.215555,0.00362772,1
0.203928,0.218584,0.222186,1
0.162658,0.137407,0.0707557,1
0.163408,0.167926,0.133132,1
0.140546,0.198712,0.127575,1
0.202256,0.213753,0.151027,1
0.163825,0.188469,0.0444558,1
0.109252,0.200734,0.204909,1
0.121624,0.222871,0.17097,1
0.152824,0.19783,0.149274,1
0.120856,0.158664,0.210219,1
0.194407,0.190573,0.151022,1
0.168358,0.221672,0.0265368,1
0.117224,0.132538,0.15098,1
0.109063,0.204112,0.0279134,1
0.170404,0.17451,0.178589,1
0.205322,0.171941,0.156372,1
0.171033,0.208325,0.218652,1
0.166402,0.206126,0.0718534,1
0.111891,0.194041,0.166081,1
0.219858,0.122682,0.183448,1
0.127731,0.202866,0.21245,1
0.151531,0.187152,0.0151666,1
0.162697,0.140427,0.0727982,1
0.201022,0.212844,0.0626233,1
0.175049,0.165635,0.0293859,1
0.129309,0.148005,0.174334,1
0.218492,0.133141,0.134255,1
0.102505,0.129183,0.139247,1
0.202861,0.194628,0.0876484,1
0.103104,0.188918,0.1183,1
0.217726,0.221115,0.0498863,1
0.173935,0.193526,0.00136844,1
0.163192,0.140923,0.122437,1
0.102227,0.174431,0.181821,1
0.218591,0.182407,0.0161282,1
0.205762,0.143006,0.0939734,1
0.135647,0.119581,0.182882,1
0.138754,0.169151,0.0806369,1
0.184238,0.122918,0.188404,1
0.113657,0.121249,0.17142,1
0.196959,0.15409,0.0403272,1
0.172523,0.120191,0.0730288,1
0.181369,0.120717,0.0837618,1
0.197275,0.172339,0.0358772,1
0.223483,0.118023,0.102734,1
0.175305,0.118174,0.0752589,1
0.127619,0.12203,0.0523104,1
0.146598,0.140327,0.080107,1
0.107578,0.146268,0.112189,1
0.208742,0.198305,0.0291423,1
0.176179,0.189205,0.124837,1
0.110686,0.132882,0.0978688,1
0.129423,0.140456,0.0843908,1
0.156933,0.211955,0.00549447,1
0.116225,0.184483,0.0265795,1
0.127593,0.134897,0.0752088,1
0.137311,0.131256,0.107766,1
0.115821,0.183419,0.114356,1
0.146028,0.011098,0.0869616,2
0.202368,0.113153,0.0737706,2
0.100193,0.0535075,0.0179704,2
0.120256,0.113851,0.0303618,2
0.12497,0.0383625,0.0261525,2
0.176696,0.0971892,0.0817241,2
0.200959,0.0540178,0.0337612,2
0.20548,0.0938887,0.140727,2
0.142398,0.0425152,0.0398775,2
0.142745,0.0834126,0.0177159,2
0.158233,0.00941105,0.0729996,2
0.167473,0.09285,0.0859609,2
0.202656,0.0864526,0.017412,2
0.201669,0.042952,0.0534288,2
0.0987252,0.115033,0.19201,2
0.180748,0.114414,0.170748,2
0.22494,0.0304074,0.107572,2
0.195988,0.0468461,0.0856172,2
0.210353,0.0289397,0.022245,2
0.177205,0.0496126,0.0408906,2
0.174576,0.0263977,0.0295376,2
0.164177,0.0197115,0.0463105,2
0.200759,0.00865248,0.0389072,2
0.174058,0.0543352,0.0290255,2
0.125074,0.0855442,0.215778,2
0.206266,0.0591251,0.0427039,2
0.154331,0.0321863,0.0271438,2
0.125398,0.111217,0.140383,2
0.163288,0.0342017,0.0835299,2
0.126321,0.0996708,0.184295,2
0.114323,0.015207,0.151858,2
0.178665,0.0850302,0.0883281,2
0.191587,0.0411231,0.107212,2
0.154789,0.0162661,0.141651,2
0.222163,0.112546,0.21471,2
0.11392,0.0992551,0.14628,2
0.151055,0.078969,0.129576,2
0.160146,0.0527259,0.165116,2
0.200891,0.022456,0.0172964,2
0.138741,0.0737173,0.128657,2
0.155277,0.0131487,0.186239,2
0.100413,0.0157243,0.220167,2
0.119494,0.0310749,0.161964,2
0.146981,0.0190979,0.147219,2
0.123738,0.108064,0.0582857,2
0.185175,0.0711896,0.0709902,2
0.223816,0.0623983,0.186003,2
0.126977,0.0878296,0.206832,2
0.154934,0.0104473,0.164352,2
0.129564,0.08509,0.0231179,2
0.157792,0.0218743,0.180813,2
0.141622,0.110361,0.208823,2
0.170946,0.0817344,0.050951,2
0.181146,0.0737544,0.0779238,2
0.221284,0.0595229,0.031512,2
0.12185,0.0968687,0.156449,2
0.222775,0.0544544,0.110794,2
0.130874,0.00330312,0.220855,2
0.216138,0.0113936,0.195806,2
0.170178,0.102146,0.0452369,2
0.114869,0.0422755,0.176557,2
0.21158,0.00947688,0.200798,2
0.220897,0.0464181,0.00404021,2
0.201705,0.0753042,0.191551,2
0.156485,0.0479321,0.0183151,2
0.173724,0.0160231,0.0351795,2
0.168353,0.0951842,0.0858559,2
0.123592,0.114544,0.0400225,2
0.120984,0.0842926,0.0177931,2
0.0989019,0.0427599,0.0133499,2
0.189593,0.00265934,0.0502672,2
0.112189,0.0386014,0.144653,2
0.100717,0.00183999,0.183331,2
0.194283,0.0359868,0.127761,2
0.113009,0.103841,0.110074,2
0.176445,0.0624025,0.0935397,2
0.186599,0.00395478,0.154694,2
0.177917,0.109336,0.164235,2
0.15888,0.0738864,0.107001,2
0.164659,0.0784205,0.0528032,2
0.218396,0.0772587,0.0927602,2
0.163076,0.0458953,0.112424,2
0.122239,0.0837464,0.0864083,2
0.204686,0.0819982,0.0201375,2
0.181838,0.0942799,0.0837546,2
0.220754,0.10199,0.130557,2
0.183606,0.0970552,0.209759,2
0.18211,0.0356656,0.0989173,2
0.167107,0.0359348,0.0734972,2
0.125058,0.093435,0.148282,2
0.210355,0.0414521,0.0267013,2
0.14658,0.0656881,0.149918,2
0.121328,0.0713583,0.0799637,2
0.119275,0.103697,0.207864,2
0.152477,0.0601534,0.169749,2
0.177964,0.116471,0.130155,2
0.202007,0.0563168,0.132094,2
0.145294,0.00824204,0.0982976,2
0.203482,0.0308226,0.145144,2
0.103824,0.0904049,0.20405,2
0.193507,0.0874807,0.193143,2
0.197921,0.0537656,0.0498712,2
0.223122,0.0285252,0.206913,2
0.217743,0.0379209,0.124216,2
0.18151,0.083717,0.169414,2
0.13605,0.0973476,0.194217,2
0.149419,0.00316934,0.182141,2
0.150712,0.101936,0.215894,2
0.17432,0.0665032,0.21468,2
0.220938,0.0618482,0.144704,2
0.129251,0.035924,0.184677,2
0.224802,0.00085216,0.20461,2
0.220799,0.0861548,0.167885,2
0.222209,0.0101306,0.0401124,2
0.165863,0.0742178,0.142806,2
0.123414,0.0317095,0.18943,2
0.169438,0.0412794,0.16722,2
0.214576,0.0744039,0.0558963,2
0.211726,0.0344067,0.0925777,2
0.198108,0.102839,0.150929,2
0.033942,0.178379,0.141222,3
0.0304589,0.184371,0.139052,3
0.0315091,0.184893,0.143994,3
0.0337128,0.178211,0.13865,3
0.0296271,0.178676,0.145091,3
0.0174017,0.19169,0.180527,3
0.019164,0.182487,0.163666,3
0.00156007,0.216145,0.14739,3
0.0292611,0.21949,0.219471,3
0.0313413,0.180553,0.144276,3
0.0286532,0.181781,0.138442,3
0.0713852,0.173717,0.212925,3
0.0549918,0.149203,0.213809,3
0.0360196,0.167828,0.168787,3
0.00070709,0.159007,0.113961,3
0.038321,0.153726,0.0698512,3
0.0385903,0.220858,0.116793,3
0.0867523,0.161381,0.200405,3
0.0316371,0.181286,0.135064,3
0.0235647,0.158936,0.121141,3
0.0906443,0.181389,0.0273757,3
0.0336466,0.177882,0.138464,3
0.0352303,0.147801,0.218688,3
0.0793021,0.165739,0.170774,3
0.0523489,0.14355,0.223779,3
0.0930959,0.198707,0.0884872,3
0.0688033,0.171263,0.114584,3
0.0524002,0.136872,0.105961,3
0.0635947,0.14593,0.0465089,3
0.0209654,0.167668,0.0958354,3
0.0945919,0.216264,0.189933,3
0.0101237,0.140429,0.0230106,3
0.0292259,0.181037,0.142787,3
0.0955297,0.210595,0.0876672,3
0.059505,0.184816,0.120276,3
0.0807318,0.172375,0.152035,3
0.0419272,0.197904,0.1526,3
0.0327873,0.183357,0.140023,3
0.0276916,0.184955,0.139723,3
0.0324775,0.177643,0.13728,3
0.0316383,0.179131,0.142614,3
0.0318921,0.182202,0.138611,3
0.0338288,0.18067,0.13557,3
0.0364655,0.17811,0.13469,3
0.0334203,0.186832,0.138236,3
0.0676116,0.198572,0.0765599,3
0.0577487,0.155132,0.209707,3
0.0284951,0.178907,0.14369,3
0.058835,0.193091,0.0909662,3
0.0858525,0.152455,0.176205,3
0.0655227,0.186398,0.111218,3
0.0317268,0.186468,0.138726,3
0.0267091,0.174088,0.143026,3
0.0567925,0.185809,0.155403,3
0.0287446,0.184969,0.140445,3
0.0824474,0.182465,0.0737961,3
0.0286464,0.177406,0.137596,3
0.0567615,0.175049,0.153776,3
0.0349769,0.178077,0.138606,3
0.0342234,0.179962,0.139836,3
0.0293762,0.207033,0.076458,3
0.017835,0.177085,0.0511903,3
0.0347706,0.204599,0.201195,3
0.0381435,0.178672,0.142398,3
0.0261972,0.194932,0.0484658,3
0.0901761,0.18714,0.215812,3
0.0312477,0.18045,0.134973,3
0.0683501,0.181383,0.122667,3
0.0286526,0.154957,0.0523433,3
0.0354546,0.18286,0.142,3
0.0631915,0.170377,0.0620544,3
0.00946809,0.166837,0.211628,3
0.0311996,0.17951,0.143328,3
0.0275066,0.183359,0.139456,3
0.0200395,0.201028,0.0274753,3
0.0928779,0.158882,0.0212814,3
0.00528665,0.146729,0.158442,3
0.0793109,0.14559,0.0563045,3
0.0730651,0.138312,0.0785453,3
0.0355201,0.181199,0.138295,3
0.0816895,0.180871,0.0919857,3
0.014671,0.143365,0.172199,3
0.0364727,0.176832,0.141095,3
0.0233738,0.183421,0.0263566,3
0.0302716,0.216605,0.0311485,3
0.0131507,0.148989,0.222081,3
0.0446378,0.222268,0.108128,3
0.0385639,0.182351,0.137744,3
0.0682689,0.174914,0.169138,3
0.0284904,0.184133,0.140353,3
0.0826287,0.193205,0.00586814,3
0.0322003,0.179984,0.137922,3
0.0620741,0.133058,0.0453063,3
0.00722631,0.162166,0.0475042,3
0.0301182,0.175686,0.144119,3
0.0298852,0.18054,0.144165,3
0.0244891,0.16254,0.103361,3
0.0959759,0.205373,0.0088533,3
0.0310322,0.181353,0.136009,3
0.068666,0.148185,0.139196,3
0.0328626,0.177115,0.147959,3
0.0513563,0.205733,0.031008,3
0.0280657,0.151789,0.0179403,3
0.0171438,0.197494,0.124045,3
0.00181483,0.153951,0.14034,3
0.0320864,0.17879,0.14311,3
0.0472425,0.168433,0.206322,3
0.0333877,0.177014,0.140375,3
0.0202745,0.161272,0.080747,3
0.0915938,0.179001,0.161399,3
0.0274363,0.175321,0.143305,3
0.0330007,0.177084,0.137683,3
0.0670218,0.177057,0.0692809,3
0.0284235,0.182348,0.134643,3
0.0927754,0.213462,0.087815,3
0.0280387,0.181612,0.141153,3
0.0248781,0.193427,0.194931,3
0.0852711,0.224505,0.166644,3
0.0325816,0.192863,0.125509,3
0.0311557,0.179535,0.137689,3
0.0222769,0.157587,0.22125,3
0.0486355,0.182639,0.0162879,3
0.0339091,0.219759,0.0676125,3
0.0962416,0.156513,0.171314,3
0.0975144,0.21353,0.104184,3
0.097335,0.180581,0.104703,3
