x coord,y coord,z coord,rank
0.175612,0.1634,0.135187,0
0.10887,0.136389,0.195412,0
0.118395,0.192343,0.0204595,0
0.144181,0.196201,0.0451307,0
0.218463,0.180149,0.0861987,0
0.209046,0.194373,0.0127609,0
0.131437,0.22005,0.173417,0
0.220461,0.224982,0.0692795,0
0.10626,0.19591,0.0553166,0
0.161841,0.199606,0.136404,0
0.219548,0.164512,0.0966212,0
0.197443,0.131779,0.204901,0
0.172698,0.215805,0.185718,0
0.0968322,0.157051,0.00426638,0
0.175613,0.152089,0.169068,0
0.200017,0.179763,0.179614,0
0.18539,0.168744,0.112901,0
0.170563,0.176347,0.13689,0
0.130704,0.188075,0.179297,0
0.164726,0.222101,0.0732028,0
0.205155,0.179793,0.033311,0
0.209321,0.193676,0.209611,0
0.19522,0.191892,0.122399,0
0.134466,0.197525,0.0923456,0
0.0933761,0.145536,0.0196685,0
0.206044,0.133387,0.0334732,0
0.187768,0.198913,0.157237,0
0.158606,0.181711,0.1758,0
0.130458,0.197103,0.0669531,0
0.0784403,0.161539,0.0498514,0
0.212672,0.163631,0.197235,0
0.145295,0.161395,0.0564002,0
0.195935,0.185526,0.128912,0
0.18518,0.176533,0.0846375,0
0.145262,0.200282,0.00588039,0
0.142619,0.218591,0.107985,0
0.198699,0.164555,0.118214,0
0.163774,0.147794,0.168267,0
0.206966,0.20565,0.131083,0
0.191378,0.184941,0.00612942,0
0.0927339,0.141445,0.20592,0
0.113585,0.165415,0.0150074,0
0.193267,0.181357,0.141021,0
0.131614,0.157654,0.158255,0
0.117584,0.165134,0.074516,0
0.142275,0.211299,0.0710907,0
0.193883,0.205234,0.0231612,0
0.203048,0.1866,0.0650353,0
0.127283,0.192229,0.0383789,0
0.210048,0.190734,0.177535,0
0.13613,0.181573,0.214263,0
0.124701,0.153451,0.0955867,0
0.179915,0.13759,0.132011,0
0.116839,0.19505,0.0112233,0
0.179315,0.19514,0.0350895,0
0.19081,0.200532,0.0469851,0
0.207356,0.170171,0.166211,0
0.118863,0.198957,0.121089,0
0.129152,0.206037,0.0487078,0
0.210252,0.22423,0.120039,0
0.0981668,0.222002,0.0115943,0
0.170362,0.141054,0.215922,0
0.167637,0.183391,0.150499,0
0.170113,0.218876,0.193881,0
0.101834,0.22184,0.0760333,0
0.15591,0.133167,0.224626,0
0.213248,0.179656,0.0111925,0
0.222113,0.20945,0.133977,0
0.105179,0.213007,0.0226254,0
0.109027,0.181966,0.0685702,0
0.100717,0.16514,0.0768028,0
0.173988,0.159922,0.18139,0
0.133066,0.152735,0.224364,0
0.168699,0.21497,0.211002,0
0.205125,0.205836,0.113645,0
0.135262,0.176839,0.207346,0
0.107262,0.191913,0.0214446,0
0.101295,0.174522,0.108103,0
0.100793,0.219264,0.019603,0
0.160908,0.202688,0.219776,0
0.187453,0.141667,0.176639,0
0.203893,0.214297,0.202304,0
0.198666,0.157415,0.0467096,0
0.120955,0.209941,0.170405,0
0.188915,0.217837,0.0773123,0
0.0842134,0.215673,0.163173,0
0.131755,0.141548,0.0467275,0
0.0845753,0.189208,0.154356,0
0.0906845,0.169229,0.199821,0
0.116698,0.185145,0.179335,0
0.109498,0.181482,0.209839,0
0.0813682,0.191283,0.170074,0
0.21861,0.152376,0.0513572,0
0.207135,0.17058,0.167705,0
0.0859792,0.215606,0.118348,0
0.165094,0.21811,0.212914,0
0.168666,0.171922,0.0961447,0
0.0864563,0.160605,0.00677178,0
0.104614,0.146158,0.187668,0
0.20514,0.139133,0.18128,0
0.0880484,0.208933,0.0269366,0
0.0962721,0.146073,0.0966185,0
0.113328,0.221291,0.106788,0
0.0918836,0.148868,0.0942798,0
0.174035,0.14428,0.0441242,0
0.144665,0.144462,0.0169454,0
0.223362,0.14137,0.00831684,0
0.22409,0.199849,0.136794,0
0.123107,0.172994,0.155894,0
0.153315,0.207971,0.155853,0
0.154952,0.165311,0.200829,0
0.138474,0.183349,0.211926,0
0.122308,0.171997,0.193694,0
0.188138,0.177951,0.190403,0
0.0989059,0.164396,0.00787257,0
0.13492,0.157189,0.0226641,0
0.0912022,0.161733,0.0260922,0
0.14506,0.132742,0.00942074,0
0.085335,0.203051,0.0813424,0
0.0925086,0.219187,0.15888,0
0.115751,0.139453,0.0133509,0
0.195104,0.157339,0.0158211,0
0.155024,0.133896,0.09323,0
0.0794624,0.188658,0.145728,0
0.148071,0.137543,0.0334716,0
0.0464244,0.00765319,0.0153444,1
0.0671081,0.0842994,0.136793,1
0.103402,0.0199846,0.127569,1
0.001646,0.0263056,0.115776,1
0.0460269,0.0113947,0.215193,1
0.0376218,0.00387161,0.188989,1
0.0116108,0.101152,0.168212,1
0.0969511,0.0100846,0.123028,1
0.0739922,0.070275,0.149467,1
0.107581,0.130599,0.0592067,1
0.0796611,0.0911531,0.155188,1
0.0604796,0.0625129,0.186868,1
0.085635,0.042882,0.216173,1
0.0426303,0.0113568,0.192463,1
0.057335,0.0271727,0.111826,1
0.0189047,0.103345,0.217681,1
0.0515835,0.0643141,0.127156,1
0.0183821,0.00528741,0.128512,1
0.0605276,0.0696944,0.144812,1
0.0165323,0.000798013,0.195499,1
0.0700693,0.0478163,0.190591,1
0.033551,0.127381,0.0958323,1
0.0914211,0.0743864,0.181994,1
0.0204526,0.0407202,0.110871,1
0.0176971,0.0373114,0.123857,1
0.0537526,0.10611,0.154654,1
0.00712155,0.0118618,0.223715,1
0.0825683,0.0949784,0.174081,1
0.0532363,0.0168843,0.0999722,1
0.0132475,0.0281898,0.0874068,1
0.00221773,0.0166103,0.224048,1
0.0679813,0.029035,0.22051,1
0.0476898,0.100662,0.20619,1
0.0585275,0.0305274,0.204467,1
0.0527627,0.101742,0.159567,1
0.0311854,0.101287,0.115586,1
0.0877038,0.0476663,0.12176,1
0.0491709,0.0799391,0.194616,1
0.00980113,0.0414846,0.123233,1
0.0420754,0.102303,0.191795,1
0.0302332,0.0822049,0.196824,1
0.0172891,0.0107609,0.209846,1
0.0380698,0.0902817,0.133355,1
0.0519378,0.0640809,0.202496,1
0.0703125,0.000518454,0.207357,1
0.07958,0.0491358,0.174597,1
0.0501509,0.0813655,0.172339,1
0.0285717,0.0139776,0.0844879,1
0.0813347,0.0122775,0.141716,1
0.110763,0.0601521,0.113298,1
0.0286571,0.00112627,0.15163,1
0.0346318,0.0213102,0.0700428,1
0.0464957,0.0707,0.185241,1
0.0533377,0.0177236,0.174404,1
0.0670571,0.0363053,0.141917,1
0.0178521,0.125192,0.0739343,1
0.0485673,0.0484444,0.126499,1
0.0531616,0.0195541,0.00777799,1
0.0438472,0.00959797,0.00959163,1
0.00367988,0.0723911,0.120183,1
0.0239605,0.106206,0.0350934,1
0.0303659,0.0609933,0.0999448,1
0.0126028,0.092663,0.110072,1
0.0191148,0.0177439,0.144234,1
0.0462034,0.0777376,0.130228,1
0.00694359,0.0481937,0.0874498,1
0.0348338,0.0133497,0.14046,1
0.0631261,0.0105507,0.137846,1
0.0932443,0.100823,0.0889258,1
0.0821328,0.0321499,0.0512276,1
0.0291869,0.0492344,0.110963,1
0.0361842,0.0949739,0.183638,1
0.0106787,0.0421913,0.0887502,1
0.080333,0.0712088,0.139677,1
0.084259,0.0460345,0.0956149,1
0.01155,0.088915,0.0810974,1
0.0651469,0.122428,0.0179686,1
0.0035008,0.0947934,0.0633689,1
0.0192982,0.0380172,0.00871256,1
0.0848572,0.103667,0.221733,1
0.0476582,0.0449412,0.00495969,1
0.0730331,0.0230215,0.123697,1
0.0159086,0.106114,0.19766,1
0.103191,0.0778268,0.164643,1
0.062489,0.123224,0.205225,1
0.00965302,0.126433,0.0417018,1
0.0250398,0.00204089,0.0333497,1
0.0694061,0.124268,0.102783,1
0.0687129,0.0290178,0.100172,1
0.0206951,0.125348,0.18386,1
0.0684881,0.0936729,0.0489638,1
0.0387414,0.123145,0.0213091,1
0.0447677,0.109456,0.0575056,1
0.0138541,0.125025,0.177371,1
0.10705,0.0918949,0.0483666,1
0.0999471,0.123255,0.0449291,1
0.0526696,0.0121702,0.0352881,1
0.108448,0.0408329,0.098528,1
0.057281,0.118514,0.201195,1
0.025686,0.0488947,0.0437041,1
0.0160062,0.0169252,0.0999256,1
0.00595816,0.0756182,0.0644301,1
0.0923197,0.0919645,0.143195,1
0.0162351,0.049916,0.0248133,1
0.0182444,0.0148864,0.0316934,1
0.0279267,0.0113476,0.0563667,1
0.10343,0.00136824,0.0637506,1
0.0933773,0.0309935,0.067637,1
0.0555846,0.0952855,0.0446308,1
0.00350656,0.0302689,0.00545999,1
0.0394405,0.0531067,0.0312812,1
0.0351046,0.0116388,0.0298898,1
0.00778052,0.0967713,0.0619259,1
0.0249228,0.0394984,0.017611,1
0.0331911,0.0349261,0.0510603,1
0.0178656,0.0547223,0.0711485,1
0.0639521,0.112143,0.140095,1
0.109928,0.0933324,0.066136,1
0.0965655,0.104221,0.182351,1
0.0819532,0.0359647,0.215772,1
0.080208,0.116661,0.117957,1
0.0387003,0.125847,0.108023,1
0.000744257,0.0659481,0.0776141,1
0.160982,0.0921172,0.0476122,2
0.124774,0.049532,0.00435196,2
0.184874,0.107817,0.00393371,2
0.117405,0.0834605,0.198099,2
0.181336,0.124437,0.163501,2
0.162003,0.0907936,0.161368,2
0.201727,0.126382,0.0739773,2
0.131127,0.0983822,0.073181,2
0.115496,0.111852,0.0315277,2
0.214618,0.0987938,0.15694,2
0.207387,0.0735063,0.140776,2
0.202343,0.0972111,0.0627821,2
0.193455,0.0866247,0.0482602,2
0.135916,0.10783,0.0821044,2
0.166016,0.0230185,0.0148507,2
0.166718,0.0661233,0.0751313,2
0.18717,0.0319847,0.121206,2
0.194279,0.0688007,0.163948,2
0.223681,0.109312,0.0678488,2
0.203982,0.125646,0.220351,2
0.135975,0.117597,0.0378487,2
0.148621,0.0921132,0.1141,2
0.161799,0.0759628,0.109232,2
0.148332,0.0633479,0.142514,2
0.130867,0.0856769,0.0479975,2
0.119525,0.0941006,0.129089,2
0.169462,0.0683136,0.00330476,2
0.183881,0.130947,0.205703,2
0.174518,0.0790204,0.121292,2
0.212744,0.063879,0.206149,2
0.168567,0.0626017,0.204695,2
0.210332,0.0917866,0.00729508,2
0.158301,0.0449117,0.138096,2
0.123677,0.0198516,0.166726,2
0.133515,0.0877851,0.161902,2
0.142213,0.0810623,0.0430894,2
0.214184,0.0688883,0.0951831,2
0.221975,0.123963,0.0479974,2
0.192383,0.0653376,0.208832,2
0.178155,0.0165466,0.189196,2
0.158237,0.0484014,0.0984557,2
0.168209,0.0334159,0.0123563,2
0.132977,0.084279,0.212487,2
0.190749,0.034516,0.113882,2
0.166656,0.131098,0.064885,2
0.161968,0.00202231,0.0876801,2
0.133549,0.0717117,0.0692868,2
0.212644,0.0890291,0.222847,2
0.151596,0.126796,0.215096,2
0.157097,0.0867617,0.196714,2
0.174584,0.0807554,0.149555,2
0.201083,0.085986,0.0610466,2
0.141778,0.116612,0.00933151,2
0.149204,0.0888696,0.211663,2
0.187465,0.0380234,0.168913,2
0.173451,0.0580123,0.198834,2
0.171385,0.115926,0.207743,2
0.15094,0.0564568,0.0611167,2
0.214538,0.0982754,0.168495,2
0.203904,0.0681032,0.0551141,2
0.177153,0.0844767,0.164165,2
0.174577,0.000624159,0.223505,2
0.125349,0.0806267,0.104783,2
0.148088,0.0137334,0.201781,2
0.20469,0.0500436,0.0578854,2
0.120811,0.0459463,0.202422,2
0.131621,0.0360874,0.100852,2
0.135474,0.00456682,0.0566613,2
0.195146,0.0817225,0.138307,2
0.207971,0.0591998,0.077989,2
0.127144,0.0205265,0.175555,2
0.21357,0.0443774,0.180159,2
0.152581,0.082896,0.0168942,2
0.222119,0.0457364,0.211996,2
0.211161,0.0261688,0.0114391,2
0.153485,0.129418,0.10712,2
0.176317,0.0112984,0.0781557,2
0.155224,0.0213249,0.105542,2
0.215736,0.0892341,0.202198,2
0.215458,0.0935546,0.220914,2
0.135693,0.0376296,0.0464612,2
0.224506,0.0663185,0.194613,2
0.17292,0.0471684,0.210117,2
0.205686,0.0301908,0.165775,2
0.223564,0.0777246,0.14423,2
0.11297,0.0388938,0.0333186,2
0.141013,0.0414173,0.153891,2
0.129401,0.0612493,0.173096,2
0.117824,0.0807808,0.10366,2
0.221248,0.0180276,0.22264,2
0.188174,0.00694297,0.22394,2
0.173794,0.059089,0.104986,2
0.215488,0.0038166,0.00619181,2
0.154467,0.0938397,0.0195538,2
0.187791,0.034259,0.117528,2
0.209696,0.100426,0.119702,2
0.210022,0.0315662,0.162616,2
0.16136,0.0257286,0.0236273,2
0.202346,0.0348623,0.17569,2
0.137983,0.0859584,0.117236,2
0.165391,0.0527466,0.194778,2
0.176818,0.105195,0.116585,2
0.140154,0.0816895,0.175397,2
0.161769,0.0177013,0.126917,2
0.195241,0.0707318,0.13997,2
0.17779,0.0526973,0.187007,2
0.193156,0.116759,0.0243164,2
0.115631,0.0792143,0.0506365,2
0.194094,0.118289,0.155735,2
0.127274,0.0657797,0.123367,2
0.164151,0.100902,0.214266,2
0.189623,0.111928,0.170343,2
0.131975,0.113495,0.171202,2
0.177432,0.106753,0.136405,2
0.151514,0.11164,0.105413,2
0.193761,0.0665331,0.0991352,2
0.174399,0.121771,0.161309,2
0.204953,0.0651552,0.121687,2
0.12421,0.0713335,0.178945,2
0.17705,0.11479,0.0572126,2
0.119525,0.125909,0.0951289,2
0.144568,0.110919,0.00924236,2
0.11332,0.0374009,0.134528,2
0.0243939,0.188106,0.187148,3
0.0377159,0.211652,0.0832178,3
0.0615557,0.167913,0.0936282,3
0.0328988,0.180263,0.0161043,3
0.0140061,0.159774,0.159456,3
0.0376758,0.222579,0.0540092,3
0.0327717,0.179418,0.0136526,3
0.0200704,0.180727,0.202629,3
0.0740443,0.145628,0.160999,3
0.0325809,0.222177,0.163369,3
0.0265,0.184387,0.0142553,3
0.0243739,0.181722,0.00801521,3
0.0483693,0.196065,0.0017788,3
0.0377035,0.18146,0.0168264,3
0.0305955,0.183763,0.0136476,3
0.000368091,0.160872,0.14274,3
0.0594841,0.20196,0.113994,3
0.0189089,0.197345,0.166971,3
0.0312081,0.204519,0.185811,3
0.00898915,0.17736,0.0894362,3
0.0349742,0.137524,0.224833,3
0.0365586,0.21941,0.134352,3
0.0479701,0.165775,0.157236,3
0.0289611,0.141982,0.0313989,3
0.0231297,0.180541,0.0148799,3
0.0316697,0.181778,0.0138151,3
0.06127,0.137383,0.0815335,3
0.0292094,0.180873,0.0141084,3
0.0699177,0.200126,0.202661,3
0.0673867,0.140387,0.111036,3
0.0272768,0.180293,0.0147518,3
0.0291114,0.135782,0.191525,3
0.048585,0.147559,0.216033,3
0.0300806,0.185956,0.016754,3
0.0320963,0.178296,0.0192028,3
0.0708485,0.14299,0.223426,3
0.061197,0.157475,0.0163844,3
0.0288992,0.185403,0.0117147,3
0.0522491,0.169291,0.0471892,3
0.0299381,0.186313,0.0128616,3
0.0260593,0.181146,0.0107826,3
0.0225735,0.19587,0.139233,3
0.0266035,0.183164,0.0159101,3
0.0322094,0.175469,0.00437427,3
0.0238949,0.175985,0.0167666,3
0.0391074,0.169874,0.224525,3
0.0317875,0.184628,0.0123625,3
0.0348488,0.179978,0.013256,3
0.0320433,0.180927,0.0173238,3
0.0273817,0.185424,0.014563,3
0.0726753,0.218686,0.0396773,3
0.0566248,0.133871,0.0540517,3
0.0352732,0.208391,0.131246,3
0.0384568,0.159585,0.0942463,3
0.0238617,0.180456,0.015423,3
0.0169055,0.193068,0.17493,3
0.0318138,0.178479,0.0156748,3
0.0298575,0.185554,0.0101914,3
0.0139069,0.175053,0.219416,3
0.025955,0.182473,0.0149831,3
0.0309769,0.181302,0.012207,3
0.000758137,0.200074,0.0860046,3
0.00291822,0.202028,0.128425,3
0.0117562,0.165156,0.108241,3
0.0268524,0.180242,0.0132649,3
0.0410151,0.201457,0.195804,3
0.02661,0.177382,0.0113901,3
0.0220567,0.210278,0.0730715,3
0.0199866,0.212554,0.137131,3
0.0260366,0.177651,0.190946,3
0.0347013,0.178549,0.0174172,3
0.0534567,0.162243,0.0778263,3
0.0490445,0.209065,0.0123343,3
0.0289001,0.175617,0.132914,3
0.0658174,0.216037,0.0610595,3
0.0558712,0.190773,0.116069,3
0.0616912,0.188449,0.125015,3
0.0285706,0.215621,0.211972,3
0.0443257,0.215513,0.133208,3
0.0261194,0.180828,0.0119808,3
0.0277703,0.1856,0.0161407,3
0.0350798,0.173393,0.187031,3
0.0457294,0.175599,0.084878,3
0.0271999,0.176164,0.0175474,3
0.0341246,0.178534,0.0176007,3
0.00411974,0.1981,0.107883,3
0.0630391,0.199358,0.0180248,3
0.0637583,0.167715,0.0953394,3
0.0304796,0.181563,0.0126726,3
0.00959459,0.177035,0.169093,3
0.0357753,0.18402,0.0105922,3
0.033921,0.184638,0.0138783,3
0.0575455,0.177111,0.134527,3
0.0592039,0.184252,0.0672345,3
0.0225905,0.17527,0.176758,3
0.030159,0.19836,0.0546881,3
0.0321589,0.178935,0.0123691,3
0.0291246,0.181652,0.015645,3
0.0333371,0.181955,0.0157375,3
0.071336,0.164596,0.129097,3
0.0288662,0.182901,0.0199096,3
0.0327006,0.183663,0.0162221,3
0.00955768,0.162648,0.172289,3
0.0284832,0.182822,0.0102185,3
0.0439309,0.220271,0.077397,3
0.00127293,0.197887,0.0381199,3
0.0352752,0.178323,0.0150692,3
0.067264,0.179497,0.0463723,3
0.0506737,0.185882,0.0897645,3
0.024588,0.182806,0.0177396,3
0.0321157,0.180183,0.0161792,3
0.0290507,0.183731,0.0173802,3
0.0296095,0.18332,0.0151131,3
0.0305963,0.182714,0.0110727,3
0.0212062,0.177537,0.0111681,3
0.0288589,0.18471,0.0119181,3
0.0304946,0.179365,0.0172489,3
0.0278471,0.179916,0.013406,3
0.072431,0.147668,0.0829498,3
0.011226,0.155564,0.0907464,3
0.0091843,0.218489,0.00407072,3
0.0112888,0.212239,0.0940597,3
0.0155447,0.189557,0.102109,3
0.000959258,0.148698,0.0989512,3
0.0555108,0.148643,0.0503462,3
0.0757448,0.215989,0.0900717,3
0.0746489,0.132358,0.101075,3
0.0252722,0.132406,0.199443,3
0.0767007,0.195426,0.136351,3
