x coord,y coord,z coord,rank
0.0351109,0.13667,0.0495632,0
0.0636811,0.212449,0.037264,0
0.00744245,0.200363,0.0716732,0
0.0505749,0.185494,0.0687896,0
0.0113948,0.133107,0.182286,0
0.00125336,0.166052,0.057566,0
0.0141836,0.147472,0.00626254,0
0.00706938,0.20428,0.0703447,0
0.00194925,0.196533,0.0680207,0
0.0233822,0.195499,0.0871552,0
0.0593533,0.183261,0.0660645,0
0.0561773,0.221789,0.0818487,0
0.00355179,0.197956,0.0668524,0
0.0767551,0.216585,0.214501,0
0.0704627,0.195006,0.0784016,0
0.0128073,0.136628,0.184589,0
0.0738486,0.216994,0.0184387,0
0.0225537,0.21329,0.035246,0
0.0119573,0.151993,0.164882,0
0.0085762,0.19682,0.0636109,0
0.00969566,0.200838,0.0640567,0
0.0705393,0.18084,0.148272,0
0.0020941,0.212593,0.205352,0
0.00596375,0.205656,0.0680528,0
0.0124712,0.213846,0.103969,0
0.00668205,0.201085,0.0647498,0
0.015507,0.19788,0.136437,0
0.0305076,0.153227,0.0935956,0
0.0573668,0.13611,0.0348954,0
0.00366206,0.180966,0.1142,0
0.0123074,0.200021,0.0715086,0
0.00973364,0.199602,0.0672836,0
0.0183584,0.19171,0.198226,0
0.0117184,0.204128,0.0689302,0
0.014884,0.220404,0.179836,0
0.0114097,0.202402,0.0668098,0
0.00874216,0.202357,0.0736398,0
0.0480148,0.194513,0.126377,0
0.0308487,0.197986,0.0711876,0
0.000752307,0.149542,0.114977,0
0.0426831,0.153632,0.0378043,0
0.0642217,0.203827,0.161051,0
0.0586332,0.201145,0.0643001,0
0.00448243,0.182732,0.0855307,0
0.00869726,0.203359,0.0696119,0
0.0539086,0.21637,0.119319,0
0.00698949,0.206903,0.0658881,0
0.0117784,0.202506,0.0681023,0
0.0088837,0.204153,0.0615989,0
0.0150427,0.201781,0.0685671,0
0.0710889,0.212114,0.149196,0
0.0556532,0.197417,0.00994283,0
0.0559917,0.167881,0.0179858,0
0.0106821,0.200094,0.0677022,0
0.0100337,0.204234,0.0675601,0
0.0207705,0.13726,0.0234755,0
0.0103319,0.200458,0.0674957,0
0.00934651,0.199445,0.0724376,0
0.0179208,0.188469,0.160755,0
0.0555525,0.187997,0.152494,0
0.00820478,0.185839,0.139348,0
0.0135685,0.201789,0.0691285,0
0.0112525,0.206068,0.0641343,0
0.0604918,0.190333,0.0458627,0
0.0097755,0.199364,0.0647261,0
0.00445098,0.199673,0.0706505,0
0.00841127,0.201307,0.0680618,0
0.0519952,0.167348,0.140412,0
0.0333003,0.148894,0.0811741,0
0.00792626,0.199153,0.0638172,0
0.0123662,0.199497,0.0725082,0
0.0232625,0.184945,0.0975764,0
0.0118076,0.203601,0.0687597,0
0.00355896,0.155847,0.0257584,0
0.0810983,0.217614,0.202345,0
0.0256338,0.167053,0.00616532,0
0.00928449,0.196743,0.0660916,0
0.00704276,0.202622,0.067448,0
0.00521736,0.203644,0.0704368,0
0.0672416,0.214841,0.205734,0
0.00769357,0.202013,0.0712314,0
0.00577924,0.199903,0.070327,0
0.0639021,0.211628,0.105034,0
0.00616288,0.199679,0.0635061,0
0.0199343,0.177569,0.0963721,0
0.0496112,0.152882,0.0884791,0
0.00428815,0.201222,0.0659519,0
0.0677608,0.192011,0.191197,0
0.0687817,0.148656,0.124767,0
0.0112778,0.201725,0.0746313,0
0.00762456,0.206119,0.0713482,0
0.0110582,0.216526,0.0865301,0
0.0618304,0.18355,0.0236232,0
0.0444463,0.223466,0.1729,0
0.0545212,0.191138,0.0661684,0
0.0446731,0.207822,0.18677,0
0.00926881,0.19888,0.0667418,0
0.00899919,0.200318,0.0632735,0
0.0264302,0.135828,0.20626,0
0.047951,0.170882,0.0128432,0
0.00534554,0.196482,0.0643053,0
0.0193553,0.202962,0.204417,0
0.00612414,0.195232,0.0672969,0
0.0244269,0.134587,0.124118,0
0.067818,0.218639,0.117844,0
0.0647502,0.147087,0.013697,0
0.068299,0.189109,0.1555,0
0.0741862,0.189329,0.115351,0
0.0400316,0.172423,0.121726,0
0.048782,0.156127,0.200509,0
0.00675253,0.202236,0.0676376,0
0.00972687,0.197847,0.0687652,0
0.00889113,0.200783,0.0651267,0
0.00976321,0.199676,0.0648086,0
0.0653733,0.203756,0.113013,0
0.054737,0.193546,0.10967,0
0.00857929,0.204144,0.0664945,0
0.0636768,0.174657,0.0836882,0
0.00123166,0.142102,0.181084,0
0.0585456,0.162982,0.0149748,0
0.0731254,0.159209,0.0452782,0
0.0806664,0.148767,0.00196995,0
0.0730927,0.132396,0.00417036,0
0.0801915,0.141944,0.188547,0
0.0244662,0.129826,0.166095,0
0.216211,0.0613798,0.140804,1
0.18411,0.0809517,0.104621,1
0.133805,0.0715104,0.103026,1
0.205311,0.0170385,0.13368,1
0.145039,0.0602324,0.119701,1
0.115572,0.0164999,0.0874093,1
0.188397,0.0143576,0.17642,1
0.206349,0.0818177,0.198082,1
0.117923,0.0123251,0.0842506,1
0.161751,0.0832524,0.17381,1
0.221188,0.0900699,0.206584,1
0.159762,0.079285,0.00393824,1
0.189965,0.0931526,0.142013,1
0.106288,0.0328962,0.186705,1
0.172356,0.0806081,0.134395,1
0.141345,0.00692447,0.209543,1
0.167099,0.125088,0.135934,1
0.224393,0.108681,0.196364,1
0.217724,0.03695,0.0144052,1
0.150248,0.0656409,0.0361946,1
0.119147,0.057494,0.130974,1
0.164717,0.0414244,0.0922749,1
0.170978,0.0817447,0.215921,1
0.203077,0.0455361,0.0251174,1
0.217814,0.115575,0.219963,1
0.12358,0.0791595,0.100426,1
0.122367,0.0990905,0.160488,1
0.123205,0.000400197,0.127785,1
0.149841,0.0115,0.0969851,1
0.163799,0.0119796,0.184963,1
0.161613,0.0185384,0.142379,1
0.154502,0.116116,0.118334,1
0.203431,0.00252168,0.000591935,1
0.110346,0.124243,0.0769426,1
0.218426,0.10056,0.195325,1
0.12613,0.0952743,0.136201,1
0.199759,0.00477215,0.0619894,1
0.144873,0.0926491,0.144778,1
0.143856,0.125181,0.111444,1
0.19748,0.0122643,0.103355,1
0.212261,0.0677633,0.217398,1
0.118779,0.0967152,0.101257,1
0.111968,0.125244,0.00695206,1
0.107291,0.0856519,0.18755,1
0.149364,0.07361,0.174547,1
0.1122,0.00218364,0.189696,1
0.18057,0.108546,0.0914646,1
0.182292,0.12329,0.11328,1
0.199201,0.100759,0.175161,1
0.117163,0.0936378,0.147827,1
0.207695,0.0284268,0.199067,1
0.220837,0.0849074,0.160066,1
0.22469,0.017157,0.00983708,1
0.146808,0.0918591,0.15125,1
0.15588,0.00834176,0.176411,1
0.191273,0.0726589,0.0564515,1
0.186409,0.0443304,0.224582,1
0.210703,0.122249,0.0171624,1
0.128524,0.0215109,0.0101676,1
0.133224,0.100542,0.163251,1
0.193368,0.0171526,0.209557,1
0.216656,0.00273638,0.0507098,1
0.222189,0.119908,0.0757487,1
0.166734,0.0806202,0.148282,1
0.221507,0.106844,0.152923,1
0.145951,0.128512,0.0315874,1
0.16623,0.107118,0.107833,1
0.150846,0.117196,0.0654083,1
0.110115,0.0758281,0.0785147,1
0.119929,0.122456,0.0330662,1
0.147041,0.124092,0.103081,1
0.139183,0.0668655,0.184951,1
0.170994,0.103582,0.126523,1
0.160887,0.0341175,0.0521997,1
0.216267,0.0741959,0.087707,1
0.190832,0.00689595,0.100707,1
0.218731,0.0307375,0.034502,1
0.152767,0.0384288,0.106354,1
0.162929,0.087294,0.217629,1
0.174729,0.0913926,0.105768,1
0.216794,0.00169249,0.172686,1
0.173743,0.124169,0.140777,1
0.173902,0.0738645,0.0615034,1
0.161057,0.00177236,0.206658,1
0.179483,0.100454,0.219749,1
0.150077,0.0122716,0.224944,1
0.171142,0.0160544,0.00517335,1
0.180571,0.0219523,0.0560148,1
0.207506,0.0638456,0.113622,1
0.110608,0.0358021,0.0237701,1
0.176499,0.0507501,0.0930116,1
0.197671,0.0105269,0.0852684,1
0.220963,0.0153312,0.0289258,1
0.169705,0.0817209,0.0405434,1
0.128673,0.0647354,0.0657649,1
0.168913,0.104833,0.0182282,1
0.17069,0.0807285,0.0504568,1
0.12906,0.099679,0.119208,1
0.193133,0.066801,0.198849,1
0.112934,0.113723,0.0873411,1
0.194391,0.0790441,0.042209,1
0.168745,0.0200556,0.0311168,1
0.139714,0.00534467,0.192828,1
0.183455,0.0807108,0.0981753,1
0.181429,0.105298,0.0509399,1
0.119141,0.0249546,0.1364,1
0.21838,0.126278,0.202586,1
0.195705,0.107193,0.102578,1
0.222996,0.0642889,0.0462886,1
0.171014,0.0109373,0.13383,1
0.120509,0.0729593,0.208706,1
0.135539,0.108634,0.131932,1
0.184678,0.0816945,0.171992,1
0.124051,0.0921846,0.171055,1
0.112999,0.0675504,0.195475,1
0.135971,0.0656084,0.151947,1
0.222072,0.0894209,0.101488,1
0.222164,0.0650983,0.0897621,1
0.216662,0.0622727,0.175663,1
0.0856368,0.123933,0.0818277,2
0.0910164,0.111132,0.0568642,2
0.0412041,0.00417449,0.190023,2
0.014131,0.0397543,0.145836,2
0.0147163,0.119454,0.164105,2
0.0523655,0.0487975,0.103218,2
0.057811,0.0858623,0.107515,2
0.103916,0.0451294,0.00166452,2
0.0737039,0.0482343,0.0911453,2
0.0759588,0.0284653,0.100934,2
0.0983852,0.0250414,0.129614,2
0.00607583,0.037244,0.211495,2
0.0637843,0.0917323,0.0351965,2
0.0552046,0.0720602,0.0896878,2
0.0769239,0.0876718,0.112295,2
0.0732214,0.0607522,0.0189826,2
0.0497992,0.0896722,0.179193,2
0.0526404,0.0433408,0.155056,2
0.055622,0.068178,0.152745,2
0.0617121,0.107692,0.031915,2
0.0111552,0.0467048,0.216037,2
0.082443,0.061999,0.207871,2
0.0660522,0.0134332,0.215406,2
0.0393612,0.0889275,0.159869,2
0.0859356,0.0402933,0.130594,2
0.0327148,0.113354,0.12021,2
0.0278091,0.1127,0.126538,2
0.0301468,0.106662,0.21366,2
0.0428231,0.0593982,0.169017,2
0.0436376,0.00971716,0.193469,2
0.0548297,0.116057,0.0137727,2
0.0194613,0.00886041,0.1936,2
0.0108692,0.0921392,0.0807797,2
0.0548481,0.101685,0.0104645,2
0.0425844,0.0413749,0.0769875,2
0.0622309,0.100791,0.0399881,2
0.0784849,0.099435,0.126373,2
0.0724556,0.048025,0.00156925,2
0.00266947,0.0484558,0.211575,2
0.0438574,0.0683933,0.218871,2
0.0450695,0.053125,0.0135642,2
0.0214464,0.00852235,0.138371,2
0.0946828,0.11673,0.0196036,2
0.0929161,0.00949337,0.0188828,2
0.0949109,0.0921194,0.118794,2
0.053069,0.107682,0.00506585,2
0.031572,0.0605492,0.0326439,2
0.0263797,0.023893,0.0400612,2
0.00436585,0.0580132,0.0388669,2
0.0282769,0.00751825,0.163186,2
0.0826302,0.0873433,0.192771,2
0.0589459,0.030033,0.134994,2
0.0733797,0.0455092,0.12118,2
0.0166213,0.000719275,0.214725,2
0.00243961,0.0276423,0.0570409,2
0.0314818,0.0181025,0.0813918,2
0.0773018,0.0392035,0.0109622,2
0.00726337,0.0108552,0.164991,2
0.0799366,0.0714197,0.0958641,2
0.0969682,0.0870192,0.201363,2
0.0949134,0.0622219,0.11215,2
0.0379774,0.103464,0.0241813,2
0.0302734,0.0576394,0.0169985,2
0.0660849,0.0904161,0.0109842,2
0.0878589,0.040263,0.0429779,2
0.0880582,0.000549558,0.0671026,2
0.0382872,0.0901945,0.0377574,2
0.097399,0.0548112,0.221955,2
0.0420862,0.105558,0.21143,2
0.0584671,0.00612898,0.0448827,2
0.0672294,0.041297,0.148674,2
0.0536485,0.0297068,0.101284,2
0.0336244,0.00102648,0.0187288,2
0.0108057,0.113238,0.0211179,2
0.0476477,0.123138,0.0696128,2
0.0397523,0.100935,0.0191919,2
0.0431319,0.110452,0.0492168,2
0.0835532,0.11722,0.22186,2
0.00879274,0.0249958,0.0756957,2
0.00469939,0.12073,0.0689352,2
0.031232,0.127191,0.0838081,2
0.0962689,0.0493809,0.0778129,2
0.0155379,0.0213649,0.194868,2
0.0162945,0.0545372,0.0410132,2
0.103715,0.115512,0.0975428,2
0.0730798,0.103992,0.0477815,2
0.0552635,0.049052,0.051666,2
0.0922545,0.107847,0.00748761,2
0.0154667,0.0817042,0.111284,2
0.0919377,0.041884,0.124179,2
0.0585287,0.0320704,0.0802151,2
0.00488805,0.00383653,0.141244,2
0.0245355,0.0249257,0.130818,2
0.0349307,0.0567058,0.0882466,2
0.0381005,0.101479,0.216037,2
0.0981192,0.0203576,0.157625,2
0.0391695,0.0726733,0.0405795,2
0.017578,0.0589226,0.0412291,2
0.00857027,0.0865543,0.00327436,2
0.0483529,0.102083,0.16234,2
0.0924409,0.0568643,0.206801,2
0.0332157,0.121448,0.185185,2
0.0741885,0.0640402,0.126585,2
0.0553254,0.0214566,0.203133,2
0.00272456,0.0468514,0.0601054,2
0.0853935,0.0906112,0.160046,2
0.05551,0.0241535,0.139801,2
0.0427143,0.10864,0.208993,2
0.0742768,0.118009,0.00176942,2
0.103328,0.0103038,0.20572,2
0.0839109,0.0188504,0.18417,2
0.0579231,0.0227946,0.0580172,2
0.0465516,0.00369663,0.163073,2
0.0503037,0.0391999,0.090743,2
0.0451446,0.119628,0.214734,2
0.0765074,0.0776937,0.0962742,2
0.00501132,0.0543545,0.0591825,2
0.0430343,0.121007,0.0308779,2
0.0538164,0.0302022,0.013422,2
0.0604025,0.0332287,0.167847,2
0.000276602,0.0129686,0.213492,2
0.0981505,0.0513201,0.174982,2
0.091258,0.0502515,0.117577,2
0.102841,0.072991,0.0418089,2
0.0892029,0.0852176,0.092472,2
0.0527517,0.125852,0.159226,2
0.101819,0.0387769,0.208137,2
0.104163,0.0046736,0.0435862,2
0.103274,0.0891611,0.123967,2
0.224459,0.193661,0.10561,3
0.214817,0.1401,0.0650582,3
0.202313,0.183665,0.12602,3
0.121338,0.178394,0.0669868,3
0.0847124,0.137761,0.117703,3
0.125799,0.167936,0.100385,3
0.16807,0.184356,0.110458,3
0.110324,0.223576,0.154229,3
0.178531,0.207847,0.13113,3
0.139189,0.140679,0.172415,3
0.122737,0.153918,0.0690539,3
0.16113,0.154092,0.0809642,3
0.177543,0.161395,0.112479,3
0.125849,0.157923,0.037374,3
0.167115,0.13971,0.116265,3
0.165092,0.154822,0.055977,3
0.133841,0.217719,0.0891796,3
0.103227,0.173844,0.149036,3
0.0870778,0.184286,0.0957868,3
0.0962982,0.218851,0.0862589,3
0.161359,0.147605,0.0517947,3
0.211173,0.183257,0.0822741,3
0.189757,0.203782,0.0749143,3
0.107168,0.168331,0.205756,3
0.114114,0.132185,0.217736,3
0.18643,0.21606,0.117561,3
0.220971,0.153066,0.0405532,3
0.162747,0.180888,0.0781927,3
0.164738,0.191468,0.185001,3
0.0845804,0.199742,0.149098,3
0.171061,0.189042,0.107945,3
0.122186,0.176068,0.179303,3
0.10174,0.224129,0.175976,3
0.164613,0.141415,0.166449,3
0.10448,0.145868,0.178639,3
0.126806,0.157717,0.111683,3
0.0941646,0.170033,0.21047,3
0.188226,0.194636,0.0842289,3
0.0841092,0.20136,0.171003,3
0.209535,0.130855,0.112379,3
0.180891,0.138245,0.13886,3
0.17179,0.140001,0.15578,3
0.200433,0.201211,0.113573,3
0.217832,0.192759,0.0585865,3
0.149166,0.224039,0.039273,3
0.099638,0.188893,0.172611,3
0.173405,0.196291,0.0900568,3
0.203565,0.186516,0.114226,3
0.130637,0.20267,0.075848,3
0.11926,0.135121,0.0148466,3
0.119614,0.187285,0.0508572,3
0.205777,0.223453,0.0147206,3
0.0897485,0.14737,0.0172534,3
0.159909,0.204182,0.000303208,3
0.222461,0.1754,0.140682,3
0.164717,0.170235,0.0837426,3
0.138926,0.17916,0.048293,3
0.162644,0.203118,0.15921,3
0.113196,0.158796,0.0441666,3
0.211538,0.175699,0.201655,3
0.150333,0.223892,0.135683,3
0.126661,0.155217,0.114782,3
0.185336,0.201101,0.202452,3
0.146893,0.176105,0.202395,3
0.141703,0.219141,0.102496,3
0.1682,0.155831,0.196887,3
0.0912335,0.186802,0.00656609,3
0.151321,0.151309,0.038345,3
0.20136,0.163065,0.161159,3
0.104916,0.138785,0.0154652,3
0.213221,0.154618,0.122315,3
0.203613,0.165569,0.13461,3
0.116443,0.178154,0.0781892,3
0.122164,0.146708,0.122832,3
0.207906,0.142633,0.105281,3
0.201729,0.214663,0.00152799,3
0.084531,0.164842,0.164101,3
0.157586,0.210975,0.20102,3
0.176031,0.182245,0.00559718,3
0.167511,0.191843,0.0458294,3
0.140783,0.128791,0.0580022,3
0.202358,0.198413,0.170837,3
0.150098,0.139863,0.146537,3
0.222874,0.174803,0.223807,3
0.139116,0.148635,0.146596,3
0.207741,0.196628,0.170676,3
0.167376,0.186005,0.147856,3
0.167891,0.151491,0.14041,3
0.154587,0.179574,0.123368,3
0.105986,0.200319,0.101377,3
0.185588,0.171088,0.117905,3
0.164241,0.134836,0.0473177,3
0.189421,0.143957,0.0236553,3
0.126026,0.170689,0.0865585,3
0.105772,0.138538,0.13432,3
0.218489,0.153976,0.00333967,3
0.146558,0.195935,0.0912899,3
0.157951,0.177882,0.0579308,3
0.100012,0.204262,0.208463,3
0.184265,0.12938,0.0840453,3
0.124897,0.193507,0.210645,3
0.170734,0.140223,0.188794,3
0.158299,0.154338,0.18055,3
0.102425,0.197764,0.0313918,3
0.211977,0.146655,0.205594,3
0.173246,0.203715,0.0588596,3
0.11961,0.207645,0.141312,3
0.213112,0.13477,0.128295,3
0.19358,0.158317,0.017052,3
0.157751,0.21555,0.0949448,3
0.159468,0.172482,0.0287901,3
0.178993,0.140363,0.0609866,3
0.144979,0.150747,0.0314851,3
0.158238,0.182633,0.0773765,3
0.101028,0.156957,0.0254439,3
0.167437,0.140211,0.141242,3
0.157106,0.179416,0.0662495,3
0.131491,0.178534,0.00421242,3
0.156629,0.15326,0.11796,3
0.124313,0.136368,0.168133,3
0.165375,0.13099,0.045203,3
0.115624,0.167568,0.0617765,3
0.116591,0.133274,0.207945,3
0.14112,0.137365,0.0109774,3
0.0898909,0.174773,0.0191962,3
0.126793,0.131939,0.209109,3
0.169648,0.130438,0.00395927,3
