x coord,y coord,z coord,rank
0.0521054,0.148562,0.0982114,0
0.103459,0.185839,0.0397944,0
0.0123237,0.190585,0.0567559,0
0.0966221,0.190821,0.0950484,0
0.146998,0.191612,0.0853973,0
0.150602,0.147661,0.0816325,0
0.220381,0.184405,0.065881,0
0.0126206,0.195809,0.0552496,0
0.0155787,0.185106,0.0556654,0
0.0412062,0.205466,0.0873068,0
0.0712156,0.19769,0.057789,0
0.026271,0.209396,0.0789071,0
0.0149966,0.196594,0.0551275,0
0.0317308,0.219943,0.0644533,0
0.11398,0.173955,0.0760057,0
0.185873,0.144885,0.0865727,0
0.215737,0.198198,0.0933439,0
0.00614526,0.185641,0.0767107,0
0.0506941,0.147136,0.0905257,0
0.0124922,0.19186,0.0545337,0
0.0128066,0.195205,0.0498467,0
0.192873,0.214716,0.0925355,0
0.112795,0.191621,0.0495952,0
0.011165,0.19627,0.0530713,0
0.056896,0.202903,0.0287181,0
0.0081219,0.193151,0.0517562,0
0.150146,0.145906,0.0896165,0
0.161509,0.208124,0.0964984,0
0.211144,0.171668,0.100595,0
0.0223517,0.203889,0.000733591,0
0.00606553,0.191279,0.0490841,0
0.0118617,0.196648,0.0563829,0
0.0961194,0.224709,0.0350388,0
0.00983546,0.192624,0.0505335,0
0.104094,0.167182,0.085089,0
0.0135052,0.196783,0.0519362,0
0.00863631,0.197565,0.0485194,0
0.0909311,0.17029,0.0235557,0
0.151747,0.198632,0.0106453,0
0.181069,0.169875,0.0734595,0
0.0526974,0.208478,0.0297468,0
0.197867,0.171632,0.0102598,0
0.122109,0.154708,0.0447902,0
0.0134736,0.154743,0.00357605,0
0.010723,0.195246,0.0544425,0
0.134134,0.210717,0.0271107,0
0.0117867,0.192699,0.0483655,0
0.0148373,0.195978,0.0521843,0
0.015967,0.192337,0.0546764,0
0.0140253,0.192359,0.0461149,0
0.205191,0.169408,0.00820734,0
0.0974197,0.2243,0.0482316,0
0.216183,0.207169,0.0292615,0
0.00837063,0.196786,0.0542151,0
0.0157235,0.19654,0.0541254,0
0.0127634,0.198989,0.0454136,0
0.0134829,0.192231,0.053657,0
0.012089,0.192596,0.0570606,0
0.0483833,0.160215,0.0761874,0
0.211134,0.178242,0.0619153,0
0.0789652,0.185146,0.0055837,0
0.0117224,0.197061,0.0541703,0
0.0118927,0.191934,0.0479515,0
0.0159874,0.194556,0.0545927,0
0.00999575,0.197992,0.056806,0
0.0157364,0.198382,0.0486205,0
0.0100497,0.193575,0.052882,0
0.134208,0.193155,0.0359113,0
0.16525,0.210998,0.0188478,0
0.0144846,0.195648,0.0545093,0
0.00803055,0.195517,0.0500211,0
0.18011,0.202262,0.0390718,0
0.0120831,0.194048,0.0557496,0
0.00871521,0.180218,0.0447229,0
0.168291,0.155664,0.0415197,0
0.205824,0.200114,0.0499108,0
0.012372,0.201209,0.0498628,0
0.00868515,0.195811,0.0517762,0
0.0116977,0.194781,0.055597,0
0.1719,0.160906,0.0679499,0
0.0103403,0.195808,0.0575899,0
0.00831983,0.193633,0.0563242,0
0.217373,0.145925,0.0214615,0
0.0134848,0.193792,0.0547777,0
0.169069,0.187494,0.00781958,0
0.0600415,0.208021,0.0877497,0
0.0148217,0.190835,0.0528712,0
0.203655,0.153106,0.0940868,0
0.169706,0.182583,0.0274172,0
0.0149238,0.199061,0.0533818,0
0.0121979,0.191672,0.0503439,0
0.0941362,0.224653,0.0640341,0
0.0564389,0.20588,0.0146605,0
0.207253,0.15216,0.0380856,0
0.223878,0.151718,0.0107084,0
0.146379,0.163562,0.0826223,0
0.0111404,0.189347,0.0510101,0
0.0146011,0.192231,0.0490399,0
0.10235,0.200647,0.0373828,0
0.0329659,0.208771,0.0704305,0
0.00806076,0.203392,0.0735559,0
0.0973128,0.186324,0.0624635,0
0.00773147,0.197906,0.0529752,0
0.190551,0.175483,0.0647806,0
0.0863496,0.178167,0.0142159,0
0.196874,0.199595,0.0716825,0
0.165484,0.16842,0.0533902,0
0.0426049,0.170701,0.0908345,0
0.123618,0.144352,0.0244861,0
0.120715,0.151141,0.0451758,0
0.00692818,0.192978,0.0548999,0
0.010877,0.192106,0.0518275,0
0.0058505,0.194454,0.0517931,0
0.0137051,0.192446,0.0507957,0
0.11486,0.151415,0.0543375,0
0.0888509,0.179001,0.0875075,0
0.0107437,0.196994,0.0531274,0
0.0488256,0.162232,0.019911,0
0.0606519,0.211779,0.092912,0
0.202011,0.178135,0.0631039,0
0.00907233,0.18001,0.000948809,0
0.0718996,0.203808,0.0598238,0
0.12423,0.197048,0.041205,0
0.020597,0.144354,0.0815457,0
0.103221,0.157374,0.0187123,0
0.204453,0.177859,0.100105,0
0.224844,0.150337,0.0226043,0
0.148656,0.146334,0.0868507,0
0.179903,0.0281599,0.149387,1
0.176571,0.0518179,0.146213,1
0.116438,0.0671227,0.152908,1
0.211818,0.0760329,0.131649,1
0.0841534,0.0678368,0.159335,1
0.0243692,0.0469219,0.106287,1
0.169124,0.0968447,0.208597,1
0.217329,0.105463,0.170941,1
0.13969,0.0928393,0.216566,1
0.206985,0.0938862,0.127571,1
0.132066,0.0888902,0.210721,1
0.0618051,0.0170593,0.154186,1
0.137919,0.00696841,0.208682,1
0.206033,0.0891159,0.222829,1
0.0675837,0.0738705,0.108267,1
0.1245,0.00173083,0.140533,1
0.145896,0.00549189,0.182813,1
0.221161,0.0335986,0.191435,1
0.0715406,0.0803648,0.1863,1
0.080871,0.0257753,0.164127,1
0.0805639,0.034432,0.145707,1
0.154257,0.0384956,0.113272,1
0.0279575,0.0326463,0.204802,1
0.138047,0.0946809,0.189427,1
0.00710566,0.0279218,0.221575,1
0.208611,0.0342548,0.223967,1
0.0906118,0.0604173,0.135964,1
0.221928,0.00121856,0.178292,1
0.0509989,0.0500277,0.120685,1
0.211796,0.0911716,0.118405,1
0.224034,0.0725051,0.147151,1
0.194675,0.100884,0.143501,1
0.0801019,0.0790976,0.121541,1
0.0334361,0.0927235,0.121912,1
0.0149452,0.0301774,0.187514,1
0.134334,0.0424547,0.208236,1
0.175702,0.0722765,0.134598,1
0.213469,0.0814562,0.143364,1
0.0302186,0.00628023,0.216823,1
0.0583865,0.0338952,0.133029,1
0.216246,0.0364801,0.169295,1
0.171529,0.0366343,0.154008,1
0.17963,0.026143,0.166671,1
0.0128354,0.0771215,0.154542,1
0.127171,0.0637615,0.137151,1
0.146001,0.0303667,0.161946,1
0.0872101,0.0292281,0.163431,1
0.176934,0.0406013,0.129432,1
0.185984,0.0405531,0.126063,1
0.0821141,0.0320412,0.1071,1
0.180932,0.0470452,0.214333,1
0.200929,0.0458654,0.178553,1
0.026929,0.0299696,0.214517,1
0.186913,0.00224732,0.150514,1
0.131241,0.0379325,0.128377,1
0.0920822,0.0104424,0.161611,1
0.219553,0.0326843,0.193228,1
0.0155011,0.0432235,0.158611,1
0.0361386,0.0504854,0.126408,1
0.135618,0.0664225,0.209827,1
0.101903,0.0190288,0.207449,1
0.0433669,0.0440005,0.12457,1
0.0376431,0.084455,0.190992,1
0.223014,0.0912184,0.21286,1
0.121834,0.0702434,0.102555,1
0.130128,0.0226562,0.211771,1
0.0879292,0.0833456,0.121869,1
0.168329,0.00934472,0.14549,1
0.189753,0.0968798,0.163793,1
0.105136,0.0759438,0.132069,1
0.0216381,0.00261206,0.179362,1
0.0563783,0.0545761,0.127152,1
0.00187503,0.027324,0.209972,1
0.124293,0.0427661,0.221001,1
0.163196,0.0618628,0.103836,1
0.0631176,0.0406679,0.191041,1
0.0764983,0.0716322,0.14234,1
0.0412459,0.0546173,0.178884,1
0.0932584,0.0467215,0.222217,1
0.106603,0.102233,0.115148,1
0.114265,0.0729535,0.107615,1
0.0640343,0.0952826,0.221037,1
0.18792,0.0791571,0.179481,1
0.201553,0.0141708,0.115843,1
0.0379245,0.036902,0.139956,1
0.000293543,0.00776071,0.138501,1
0.0262312,0.0355324,0.13343,1
0.148742,0.0523402,0.222718,1
0.150314,0.0828987,0.159616,1
0.101174,0.074547,0.12877,1
0.0918497,0.0758501,0.175155,1
0.0854612,0.0922331,0.201104,1
0.0784791,0.0789896,0.159655,1
0.0733271,0.0902335,0.219914,1
0.217283,0.046216,0.126145,1
0.0222459,0.065363,0.169533,1
0.0140722,0.0846391,0.217975,1
0.065128,0.0731676,0.223665,1
0.170526,0.0200142,0.111916,1
0.159548,0.0422403,0.123683,1
0.202036,0.0626207,0.118731,1
0.00691388,0.036285,0.104834,1
0.0911912,0.0744555,0.179099,1
0.0556482,0.0534571,0.160087,1
0.106203,0.0781967,0.132978,1
0.123361,0.0205468,0.121061,1
0.0880487,0.102991,0.174186,1
0.0229124,0.086627,0.154151,1
0.0775364,0.0238947,0.147133,1
0.0158653,0.0199542,0.107468,1
0.0673978,0.100617,0.138283,1
0.194466,0.0213934,0.122764,1
0.224247,0.0408752,0.160068,1
0.18286,0.00324017,0.108036,1
0.0978315,0.0275145,0.16084,1
0.141483,0.0686941,0.133026,1
0.00571329,0.0266759,0.189591,1
0.178966,0.0178185,0.112717,1
0.1114,0.0954609,0.180778,1
0.166517,0.0448644,0.196466,1
0.18549,0.0543065,0.212179,1
0.0434716,0.0830071,0.192274,1
0.125287,0.0194905,0.109283,1
0.120149,0.0703303,0.193298,1
0.22452,0.0184238,0.106908,1
0.0407037,0.0635706,0.104276,1
0.0106309,0.0372672,0.104018,1
0.0405392,0.103746,0.221913,1
0.0325061,0.104058,0.137467,1
0.173532,0.198717,0.129463,2
0.0375425,0.124543,0.21795,2
0.0427086,0.108923,0.169629,2
0.109773,0.193463,0.11107,2
0.0959645,0.182427,0.197715,2
0.160906,0.219064,0.212927,2
0.0659684,0.108886,0.178975,2
0.0878848,0.22265,0.199259,2
0.150568,0.155558,0.205773,2
0.189737,0.214707,0.138857,2
0.082787,0.113782,0.129112,2
0.159435,0.126134,0.108943,2
0.0142286,0.196674,0.140982,2
0.218913,0.116012,0.122291,2
0.182491,0.120212,0.180785,2
0.216147,0.108364,0.115443,2
0.156666,0.116134,0.223504,2
0.212979,0.202114,0.103347,2
0.222514,0.205876,0.153096,2
0.159885,0.109201,0.203986,2
0.104344,0.114202,0.178535,2
0.101658,0.204055,0.176557,2
0.17216,0.108008,0.217683,2
0.126047,0.207642,0.147064,2
0.167929,0.112658,0.136002,2
0.19326,0.123991,0.103455,2
0.153729,0.112937,0.124673,2
0.205072,0.109917,0.195796,2
0.190869,0.122583,0.104429,2
0.119558,0.214449,0.150072,2
0.131175,0.116737,0.196343,2
0.12542,0.199434,0.215453,2
0.0752676,0.124075,0.136836,2
0.0894345,0.17959,0.224859,2
0.172051,0.209977,0.14213,2
0.086509,0.135554,0.186492,2
0.0917719,0.125926,0.176875,2
0.126339,0.142922,0.151466,2
0.223802,0.167079,0.177752,2
0.155098,0.12873,0.110034,2
0.110602,0.171164,0.133364,2
0.0132039,0.135423,0.183293,2
0.117234,0.18426,0.179923,2
0.0164443,0.203618,0.200729,2
0.102299,0.185118,0.15063,2
0.124772,0.151518,0.130414,2
0.0280418,0.197954,0.15371,2
0.178792,0.188581,0.132731,2
0.00266979,0.176157,0.202575,2
0.198876,0.154235,0.157659,2
0.188482,0.200349,0.221689,2
0.220379,0.157038,0.224587,2
0.0323981,0.22381,0.140324,2
0.146648,0.160575,0.168605,2
0.0610573,0.184985,0.17261,2
0.0571207,0.128738,0.183421,2
0.0519902,0.19067,0.179681,2
0.213345,0.141683,0.189931,2
0.046745,0.177937,0.195931,2
0.216674,0.191618,0.223908,2
0.00579282,0.130632,0.224131,2
0.0729489,0.182761,0.104452,2
0.144049,0.159673,0.190178,2
0.12631,0.184564,0.200849,2
0.187342,0.143123,0.213508,2
0.159097,0.174634,0.160188,2
0.0816667,0.152727,0.174342,2
0.0627623,0.206933,0.199855,2
0.205218,0.191749,0.208679,2
0.00638413,0.169991,0.159027,2
0.0222272,0.162876,0.222256,2
0.131755,0.223042,0.148396,2
0.130308,0.199004,0.152811,2
0.0113803,0.16408,0.140645,2
0.0749893,0.142856,0.124255,2
0.0330319,0.12097,0.142823,2
0.203694,0.131702,0.219217,2
0.0838028,0.135429,0.10992,2
0.103314,0.204284,0.108262,2
0.0895277,0.147825,0.129944,2
0.138203,0.182107,0.165407,2
0.0720213,0.197863,0.154433,2
0.146654,0.206122,0.154264,2
0.0642003,0.140281,0.132051,2
0.148076,0.215721,0.119048,2
0.0155603,0.219893,0.158829,2
0.146264,0.170635,0.109564,2
0.0769591,0.186361,0.159838,2
0.191625,0.125559,0.194757,2
0.163112,0.200256,0.143754,2
0.0367721,0.187166,0.141843,2
0.189701,0.193929,0.195216,2
0.0039459,0.163959,0.178729,2
0.171602,0.161877,0.213898,2
0.138297,0.129409,0.167213,2
0.220869,0.164351,0.159733,2
0.140211,0.187728,0.132868,2
0.0124392,0.141857,0.130551,2
0.0730094,0.172779,0.213019,2
0.0787716,0.146338,0.163719,2
0.215738,0.196649,0.15683,2
0.20234,0.180759,0.159141,2
0.0526546,0.202688,0.128554,2
0.139892,0.208483,0.132198,2
0.203853,0.214343,0.108121,2
0.0724352,0.174968,0.137481,2
0.180615,0.18193,0.12173,2
0.205664,0.139976,0.105497,2
0.106526,0.173587,0.102207,2
0.0868365,0.150562,0.112893,2
0.199814,0.13785,0.218723,2
0.112924,0.142134,0.111974,2
0.148652,0.192266,0.156281,2
0.191846,0.165055,0.109363,2
0.22431,0.153086,0.209207,2
0.0125331,0.133167,0.176978,2
0.0821479,0.177809,0.221534,2
0.216058,0.12499,0.116719,2
0.138168,0.223713,0.103333,2
0.205389,0.215124,0.183818,2
0.224525,0.178531,0.151898,2
0.177651,0.153247,0.10158,2
0.224185,0.171785,0.10172,2
0.160571,0.0651829,0.0987695,3
0.223605,0.133645,0.10098,3
0.12095,0.130955,0.00428864,3
0.159968,0.115576,0.0999087,3
0.109489,0.140754,0.0956558,3
0.18873,0.136341,0.0494283,3
0.130537,0.142332,0.0259767,3
0.219886,0.137556,0.013318,3
0.190818,0.128311,0.0272248,3
0.0463529,0.0933281,0.0996748,3
0.174391,0.131151,0.072135,3
0.0463653,0.0685721,0.00160615,3
0.217275,0.123727,0.0595115,3
0.0167871,0.133597,0.0257531,3
0.048709,0.0223832,0.0379659,3
0.0476389,0.127902,0.00706062,3
0.0229277,0.0996487,0.0297994,3
0.0899318,0.126625,0.0454085,3
0.202773,0.128543,0.0744814,3
0.14806,0.0998354,0.0824122,3
0.10957,0.0267234,0.013407,3
0.11775,0.0359501,0.00603721,3
0.142932,0.0170521,0.0539148,3
0.0711209,0.101156,0.00267653,3
0.14035,0.0121636,0.00803962,3
0.156896,0.109651,0.0724244,3
0.00162662,0.0727093,0.073915,3
0.0362086,0.106565,0.015759,3
0.149515,0.0325014,0.0545964,3
0.0997211,0.0791132,0.100391,3
0.0867315,0.0828924,0.0114377,3
0.0960654,0.0122494,0.036363,3
0.196486,0.0119363,0.0444864,3
0.137739,0.0322567,0.016748,3
0.125682,0.112955,0.00492584,3
0.166956,0.00349634,0.0622289,3
0.0877958,0.106589,0.0987997,3
0.00510482,0.108533,0.0186604,3
0.176621,0.0835328,0.0426712,3
0.145236,0.119538,0.0439536,3
0.122194,0.0256871,0.0171394,3
0.19571,0.000544076,0.0858262,3
0.0142866,0.0335434,0.0203913,3
0.133106,0.0393576,0.0595895,3
0.0570483,0.0248171,0.00780801,3
0.168848,0.0387341,0.0816953,3
0.203212,0.0412278,0.0790089,3
0.047904,0.095192,0.0758565,3
0.0639121,0.116974,0.0233405,3
0.0130493,0.119858,0.0814215,3
0.0427272,0.0780961,0.0292417,3
0.0483587,0.0701347,0.0684658,3
0.174273,0.10371,0.00381686,3
0.203738,0.0154921,0.0724446,3
0.131365,0.0693436,0.00715397,3
0.210802,0.0168876,0.0425861,3
0.0994569,0.0444208,0.0401546,3
0.120277,0.0119931,0.0633356,3
0.0173563,0.0594416,0.0434415,3
0.179891,0.109944,0.058758,3
0.153647,0.0869623,0.0815072,3
0.155967,0.00538942,0.0539161,3
0.2023,0.0565205,0.0280234,3
0.216144,0.0298695,0.086022,3
0.120655,0.028591,0.0979902,3
0.025385,0.141438,0.0438262,3
0.194546,0.0988269,0.0847042,3
0.0376615,0.0371759,0.0225242,3
0.1077,0.0404202,0.00801836,3
0.138252,0.0267433,0.0509055,3
0.1934,0.0127354,0.0171293,3
0.107333,0.100807,0.0722826,3
0.102027,0.0568007,0.0820485,3
0.0851644,0.0128714,0.0274458,3
0.0409182,0.0711402,0.00492254,3
0.178512,0.0900126,0.0149778,3
0.0322883,0.0357696,0.0538765,3
0.0386236,0.00170024,0.0311295,3
0.0621735,0.0628513,0.0278494,3
0.208634,0.0180126,0.0458817,3
0.195214,0.0668404,0.0161041,3
0.188165,0.0544,0.0517666,3
0.0118947,0.0908938,0.048556,3
0.10889,0.0863274,0.036704,3
0.0400019,0.0822282,0.0637055,3
0.18914,0.00364882,0.0108187,3
0.0114876,0.0221136,0.0268193,3
0.0157668,0.0902738,0.0654425,3
0.0454986,0.094719,0.0697578,3
0.121596,0.0747089,0.0376535,3
0.129642,0.0671746,0.0560282,3
0.164446,0.0566707,0.0832395,3
0.0845919,0.0515407,0.00946137,3
0.130089,0.0228294,0.0917886,3
0.0394933,0.0279054,0.0617268,3
0.161004,0.0301718,0.0945521,3
0.0150141,0.0357936,0.0603867,3
0.0311149,0.137155,0.0324164,3
0.065115,0.0135972,0.0790999,3
0.157165,0.108014,0.0944468,3
0.0759046,0.011856,0.020258,3
0.0702143,0.0974286,0.0357827,3
0.109707,0.116535,0.0443914,3
0.0902729,0.0176333,0.0295702,3
0.00593868,0.109715,0.0680558,3
0.0136941,0.0276428,0.0538162,3
0.130395,0.0508895,0.0900092,3
0.066089,0.10466,0.082985,3
0.112292,0.0545809,0.0636176,3
0.220832,0.0931063,0.0167512,3
0.0653904,0.0977213,0.0731614,3
0.027917,0.0730549,0.0894829,3
0.147825,0.0593306,0.0941293,3
0.111809,0.0150079,0.0633292,3
0.157253,0.103021,0.0880515,3
0.0253385,0.0652757,0.0903512,3
0.018168,0.00259565,0.0964783,3
0.0496459,0.123571,0.0190385,3
0.0129152,0.133342,0.0569064,3
0.00980579,0.140896,0.0683217,3
