x coord,y coord,z coord,rank
0.104994,0.11698,0.107841,0
0.103617,0.0961895,0.0778667,0
0.105864,0.135574,0.10312,0
0.105435,0.131473,0.0843001,0
0.106778,0.0881645,0.0873594,0
0.104657,0.116547,0.0833962,0
0.0969728,0.127281,0.101447,0
0.0953559,0.108222,0.0940508,0
0.0830818,0.140532,0.0762656,0
0.0901249,0.118571,0.104949,0
0.111462,0.126283,0.0624824,0
0.110097,0.134271,0.107045,0
0.110262,0.129504,0.102534,0
0.10596,0.157529,0.103771,0
0.074802,0.133322,0.100877,0
0.083554,0.0902288,0.0827183,0
0.0792941,0.128298,0.095546,0
0.0724252,0.0747543,0.109753,0
0.107079,0.106712,0.0886953,0
0.100604,0.0987527,0.10746,0
0.102709,0.118161,0.109546,0
0.104754,0.114182,0.106605,0
0.101953,0.105901,0.0840589,0
0.0924068,0.0983899,0.0964745,0
0.103351,0.120012,0.0772479,0
0.10944,0.114242,0.109771,0
0.109067,0.112161,0.109854,0
0.0889541,0.110302,0.108814,0
0.0845507,0.107324,0.0933716,0
0.108676,0.11453,0.109084,0
0.109033,0.115328,0.109089,0
0.0964976,0.132072,0.103071,0
0.0821023,0.085061,0.0968319,0
0.109415,0.119817,0.110534,0
0.110399,0.109005,0.108741,0
0.109361,0.112113,0.110824,0
0.0882184,0.0925911,0.0996334,0
0.0945607,0.0892974,0.0840865,0
0.10737,0.119191,0.106229,0
0.110196,0.113849,0.0858636,0
0.0986863,0.143037,0.0882539,0
0.108595,0.114457,0.110373,0
0.10723,0.115778,0.110213,0
0.0952067,0.109193,0.0718221,0
0.111516,0.111725,0.10961,0
0.0945553,0.120044,0.0823817,0
0.0864273,0.115543,0.0808516,0
0.0986577,0.0755693,0.105252,0
0.0786,0.13606,0.0774292,0
0.081801,0.118697,0.109383,0
0.0944627,0.131253,0.105947,0
0.10595,0.117688,0.107685,0
0.111515,0.0768718,0.0730703,0
0.0873862,0.0939085,0.0816833,0
0.110316,0.108585,0.109315,0
0.101148,0.141899,0.0992892,0
0.104448,0.121631,0.0923885,0
0.106082,0.157909,0.0837662,0
0.0835733,0.120541,0.105366,0
0.0857163,0.0871681,0.10789,0
0.0954269,0.126422,0.0959952,0
0.0929834,0.114307,0.108519,0
0.107584,0.108315,0.110708,0
0.0652215,0.109362,0.110251,0
0.0948258,0.118111,0.107172,0
0.0743877,0.122199,0.0934073,0
0.104997,0.114498,0.109603,0
0.106994,0.113706,0.106233,0
0.106626,0.119283,0.106706,0
0.106312,0.108661,0.110283,0
0.104561,0.112472,0.108349,0
0.107916,0.0864446,0.102715,0
0.0930921,0.096487,0.0827785,0
0.101206,0.11549,0.109208,0
0.102705,0.117567,0.0977612,0
0.110098,0.122371,0.107796,0
0.0669758,0.10435,0.0834053,0
0.0977111,0.12094,0.0852877,0
0.107225,0.15499,0.107971,0
0.108989,0.120886,0.108662,0
0.109325,0.113901,0.10773,0
0.110207,0.121547,0.107559,0
0.10793,0.106613,0.104421,0
0.110715,0.1248,0.109813,0
0.109756,0.107972,0.108648,0
0.102349,0.107056,0.107363,0
0.105997,0.119645,0.103259,0
0.0527599,0.126028,0.0848367,0
0.108773,0.111901,0.110534,0
0.0966878,0.0790009,0.0998563,0
0.0954563,0.113842,0.108174,0
0.10607,0.129962,0.0865729,0
0.104624,0.0712936,0.0898633,0
0.0899213,0.131364,0.0623117,0
0.104149,0.0874098,0.0745161,0
0.0905651,0.0991474,0.0959186,0
0.0960214,0.0606706,0.0693459,0
0.0831118,0.142092,0.110445,0
0.111587,0.119481,0.108599,0
0.0936962,0.0790032,0.108825,0
0.108733,0.115354,0.108235,0
0.0918463,0.140165,0.101116,0
0.098505,0.0938049,0.0966317,0
0.0863783,0.108641,0.110362,0
0.106581,0.113661,0.0766527,0
0.107827,0.0740521,0.0937309,0
0.0803455,0.0542318,0.0880915,0
0.108019,0.114866,0.108088,0
0.105938,0.114019,0.107463,0
0.0870203,0.114443,0.105008,0
0.0894293,0.127415,0.0924662,0
0.0913904,0.118036,0.0805187,0
0.108009,0.131094,0.0871412,0
0.101801,0.111994,0.109777,0
0.106253,0.115287,0.10682,0
0.1095,0.11087,0.108001,0
0.107273,0.110151,0.108325,0
0.106166,0.11168,0.110564,0
0.1078,0.111445,0.10925,0
0.0984792,0.110447,0.108209,0
0.0879595,0.132301,0.110755,0
0.108764,0.115895,0.110267,0
0.111494,0.117885,0.109804,0
0.122522,0.112552,0.0870288,1
0.115533,0.0972814,0.0962367,1
0.130402,0.0547905,0.107731,1
0.153233,0.143248,0.0711509,1
0.11498,0.102277,0.0966263,1
0.122384,0.107389,0.111384,1
0.117449,0.14439,0.0564332,1
0.112997,0.0976276,0.0898924,1
0.133061,0.154591,0.0973139,1
0.14582,0.126483,0.102847,1
0.117074,0.148535,0.108243,1
0.146289,0.114219,0.11138,1
0.115864,0.109734,0.101593,1
0.117796,0.105157,0.100623,1
0.125163,0.104574,0.0745191,1
0.125341,0.111576,0.0961011,1
0.120279,0.09983,0.0967889,1
0.11597,0.0802955,0.0955224,1
0.112149,0.11259,0.106718,1
0.134958,0.156409,0.0957606,1
0.122953,0.117087,0.0699755,1
0.115268,0.112123,0.107144,1
0.151036,0.140449,0.100723,1
0.125113,0.129235,0.0833494,1
0.135019,0.0881488,0.103203,1
0.114684,0.114523,0.106104,1
0.119723,0.0916554,0.0957641,1
0.113632,0.128962,0.109395,1
0.125734,0.149247,0.0810429,1
0.117407,0.157535,0.1123,1
0.118356,0.0885211,0.109847,1
0.114707,0.0838375,0.0672447,1
0.119736,0.115722,0.0960694,1
0.114518,0.107319,0.110771,1
0.112959,0.108012,0.109625,1
0.145035,0.11454,0.0622839,1
0.130853,0.116836,0.0959269,1
0.167685,0.0832353,0.0880131,1
0.127505,0.103715,0.110724,1
0.13071,0.0996034,0.0871346,1
0.113571,0.112607,0.101259,1
0.135889,0.0994544,0.109252,1
0.114415,0.109974,0.112149,1
0.155739,0.135928,0.109278,1
0.114242,0.0767833,0.0903728,1
0.145751,0.115106,0.107293,1
0.135532,0.112216,0.0959653,1
0.117843,0.125467,0.06755,1
0.160053,0.108008,0.0890152,1
0.114514,0.108555,0.0921634,1
0.143481,0.110082,0.0978523,1
0.149198,0.0827924,0.0811994,1
0.148609,0.104473,0.086942,1
0.111707,0.111789,0.105959,1
0.127263,0.079299,0.098653,1
0.119224,0.121148,0.106455,1
0.13406,0.119808,0.107248,1
0.127325,0.129989,0.107954,1
0.132797,0.102295,0.0670565,1
0.118014,0.100991,0.0993024,1
0.113231,0.111631,0.109482,1
0.112633,0.0942282,0.109847,1
0.112295,0.11999,0.106076,1
0.118118,0.11162,0.0937217,1
0.13195,0.128938,0.10424,1
0.115364,0.108732,0.112118,1
0.115668,0.117822,0.110109,1
0.114432,0.109732,0.108878,1
0.125419,0.106746,0.0954365,1
0.115967,0.105848,0.0955185,1
0.132187,0.0785952,0.0989041,1
0.1356,0.133961,0.07179,1
0.116252,0.115518,0.110394,1
0.119348,0.102655,0.0759011,1
0.121462,0.113334,0.101163,1
0.130215,0.115818,0.102376,1
0.142619,0.126704,0.0952793,1
0.120634,0.11425,0.0845883,1
0.11689,0.0982846,0.0960277,1
0.12152,0.101227,0.100494,1
0.113498,0.124769,0.111045,1
0.125739,0.0985786,0.0767022,1
0.114032,0.118491,0.110692,1
0.116707,0.135413,0.110886,1
0.123087,0.0751489,0.110958,1
0.114235,0.10859,0.111425,1
0.121477,0.105086,0.0945836,1
0.126083,0.118648,0.0588921,1
0.114401,0.0876836,0.102544,1
0.136299,0.101104,0.109928,1
0.12261,0.108997,0.0925679,1
0.124886,0.127382,0.0958958,1
0.131232,0.128379,0.109706,1
0.14555,0.115617,0.106432,1
0.122312,0.106029,0.0917561,1
0.116289,0.144656,0.109225,1
0.112588,0.110797,0.112037,1
0.116083,0.105545,0.0859211,1
0.112391,0.122363,0.110147,1
0.13017,0.11212,0.110992,1
0.127962,0.123869,0.102863,1
0.118646,0.115326,0.108168,1
0.123887,0.109454,0.0926935,1
0.136043,0.119726,0.0711913,1
0.121056,0.101432,0.0980745,1
0.135895,0.135345,0.0990692,1
0.116673,0.103383,0.10092,1
0.131953,0.0981159,0.109775,1
0.114503,0.115401,0.105668,1
0.113718,0.127551,0.106553,1
0.1248,0.127575,0.0918737,1
0.118155,0.0998453,0.100452,1
0.113938,0.0956735,0.0959036,1
0.116682,0.101807,0.0902179,1
0.117935,0.14503,0.10922,1
0.114941,0.137013,0.108813,1
0.113278,0.108592,0.105431,1
0.118899,0.112902,0.109432,1
0.112151,0.113101,0.108588,1
0.143635,0.0975397,0.107039,1
0.132106,0.108281,0.111086,1
0.113051,0.118788,0.106737,1
0.129719,0.155322,0.111738,1
0.118009,0.121368,0.108581,1
0.115303,0.110672,0.103292,1
0.114817,0.113877,0.107583,1
0.112236,0.113976,0.0827759,1
0.115298,0.113984,0.111619,1
0.113996,0.113031,0.107473,1
0.113194,0.115686,0.109198,1
0.112143,0.113938,0.104733,1
0.111784,0.104301,0.101769,1
0.0886338,0.101858,0.121146,2
0.109146,0.101379,0.115156,2
0.102112,0.110203,0.111715,2
0.105535,0.124641,0.127519,2
0.0823115,0.124395,0.114744,2
0.0868677,0.0851906,0.142193,2
0.0706528,0.101708,0.146444,2
0.105155,0.149924,0.148946,2
0.0753246,0.130145,0.137554,2
0.110549,0.114321,0.112689,2
0.101029,0.108151,0.145944,2
0.078412,0.0701767,0.151471,2
0.106545,0.115186,0.113265,2
0.1018,0.101646,0.113682,2
0.0815352,0.0729547,0.126854,2
0.11144,0.118687,0.11199,2
0.106537,0.110046,0.11454,2
0.0656477,0.085396,0.12107,2
0.108026,0.131883,0.124558,2
0.0872659,0.0998147,0.11484,2
0.110069,0.115222,0.110836,2
0.107372,0.130696,0.13753,2
0.108473,0.106127,0.116667,2
0.109031,0.11416,0.112654,2
0.106899,0.110606,0.111497,2
0.10797,0.134463,0.121413,2
0.108968,0.142062,0.128006,2
0.111437,0.112623,0.113295,2
0.098823,0.168025,0.125805,2
0.109091,0.115884,0.113605,2
0.10774,0.138853,0.12935,2
0.108956,0.10542,0.112729,2
0.106664,0.137803,0.130807,2
0.10903,0.111466,0.113499,2
0.108869,0.0997823,0.115565,2
0.104332,0.0847709,0.122927,2
0.0992425,0.122636,0.125775,2
0.0653121,0.105201,0.116014,2
0.0871747,0.0688189,0.11364,2
0.0889183,0.104132,0.124047,2
0.108643,0.110079,0.111989,2
0.100492,0.115319,0.114083,2
0.106134,0.0853897,0.130781,2
0.0768234,0.148634,0.160067,2
0.102986,0.12286,0.13369,2
0.086308,0.103831,0.126184,2
0.085686,0.0969777,0.136979,2
0.0968544,0.129858,0.129173,2
0.0994403,0.113267,0.138697,2
0.111128,0.106291,0.111708,2
0.100666,0.0996369,0.125552,2
0.0895855,0.103807,0.11818,2
0.0912254,0.149373,0.116264,2
0.0905424,0.123714,0.139584,2
0.108179,0.132388,0.129941,2
0.101021,0.0997962,0.135172,2
0.0990271,0.156342,0.139873,2
0.0915303,0.0915568,0.133923,2
0.103625,0.109908,0.113543,2
0.110759,0.135652,0.115679,2
0.0881842,0.122038,0.117874,2
0.108436,0.0563549,0.1141,2
0.102775,0.122287,0.147799,2
0.088179,0.102105,0.113315,2
0.0907015,0.103535,0.111971,2
0.10798,0.11206,0.111448,2
0.11087,0.11422,0.112396,2
0.105444,0.112615,0.111021,2
0.106512,0.115577,0.111238,2
0.0918437,0.0911521,0.123672,2
0.109734,0.117071,0.155501,2
0.1042,0.108614,0.114266,2
0.106886,0.109735,0.114077,2
0.0820975,0.126322,0.13856,2
0.108263,0.110673,0.11231,2
0.0871296,0.0895304,0.131737,2
0.107528,0.111862,0.113212,2
0.0666243,0.120193,0.134243,2
0.0872547,0.109826,0.111316,2
0.0907291,0.129189,0.114753,2
0.100421,0.12094,0.112587,2
0.109616,0.11351,0.124403,2
0.0914271,0.0994757,0.124004,2
0.107622,0.163353,0.137151,2
0.0839077,0.0966973,0.112701,2
0.0999614,0.126222,0.123692,2
0.0463963,0.125639,0.11935,2
0.0967359,0.113782,0.130435,2
0.0640482,0.151663,0.117734,2
0.105272,0.132866,0.111264,2
0.0584358,0.0954753,0.124908,2
0.0986941,0.104391,0.147229,2
0.109285,0.109912,0.116305,2
0.104616,0.119565,0.114099,2
0.107991,0.159584,0.132535,2
0.08786,0.100968,0.117075,2
0.0981777,0.10838,0.137202,2
0.0971383,0.121733,0.122113,2
0.0891397,0.127508,0.122834,2
0.10612,0.134,0.124855,2
0.103713,0.130084,0.1203,2
0.107968,0.116018,0.111679,2
0.107942,0.131158,0.122986,2
0.107956,0.114929,0.112047,2
0.10459,0.0645538,0.145363,2
0.108042,0.132875,0.144737,2
0.105908,0.107615,0.113798,2
0.109763,0.126098,0.125565,2
0.0981462,0.115788,0.111478,2
0.111292,0.112476,0.118593,2
0.107539,0.109569,0.115172,2
0.10689,0.112441,0.111224,2
0.107137,0.110378,0.112778,2
0.10364,0.11616,0.111024,2
0.111186,0.114296,0.112968,2
0.108506,0.1077,0.116133,2
0.110927,0.110087,0.112552,2
0.109214,0.108668,0.113287,2
0.110438,0.103739,0.112266,2
0.11053,0.11218,0.113171,2
0.10493,0.110198,0.112898,2
0.111369,0.140331,0.115022,2
0.109344,0.113133,0.116858,2
0.110299,0.111901,0.111837,2
0.110074,0.0969793,0.121244,2
0.107625,0.113746,0.112077,2
0.111326,0.093047,0.12056,2
0.110276,0.112532,0.111355,2
0.104459,0.105892,0.110869,2
0.117969,0.0928256,0.11668,3
0.159943,0.116813,0.128924,3
0.150469,0.113681,0.118684,3
0.146807,0.0802344,0.114089,3
0.115669,0.0892092,0.117522,3
0.136165,0.118482,0.150912,3
0.113582,0.132144,0.135103,3
0.123196,0.136371,0.142484,3
0.144282,0.0750485,0.145196,3
0.112842,0.115371,0.120619,3
0.113435,0.116308,0.116715,3
0.123723,0.0945561,0.128225,3
0.125271,0.147373,0.123816,3
0.142234,0.108782,0.113581,3
0.12527,0.105544,0.165436,3
0.113248,0.109043,0.116375,3
0.114566,0.111035,0.112775,3
0.1259,0.086124,0.132565,3
0.123132,0.0998029,0.142398,3
0.116058,0.0835567,0.117493,3
0.114073,0.115774,0.117343,3
0.128142,0.0939714,0.141379,3
0.115493,0.0990567,0.136646,3
0.117142,0.106845,0.132981,3
0.115853,0.10902,0.117347,3
0.123443,0.0963095,0.148896,3
0.113762,0.101171,0.140954,3
0.140386,0.166624,0.128604,3
0.11976,0.104131,0.130026,3
0.114598,0.109674,0.112982,3
0.123952,0.0852448,0.127138,3
0.116809,0.11405,0.127419,3
0.124592,0.109813,0.134507,3
0.127479,0.0996075,0.12889,3
0.150144,0.123726,0.137022,3
0.122806,0.104939,0.138477,3
0.138152,0.117551,0.125099,3
0.116448,0.148478,0.149939,3
0.130214,0.0842709,0.11691,3
0.11314,0.111718,0.117674,3
0.125777,0.0965028,0.13558,3
0.115411,0.0721602,0.131225,3
0.124383,0.0773473,0.125168,3
0.120674,0.0757599,0.119114,3
0.133835,0.101002,0.11903,3
0.12127,0.0962552,0.122152,3
0.122581,0.0802521,0.131439,3
0.123569,0.0977585,0.134745,3
0.113923,0.107033,0.114081,3
0.129351,0.144243,0.118974,3
0.146785,0.111749,0.116543,3
0.131316,0.100541,0.120205,3
0.142105,0.130017,0.127942,3
0.127884,0.0993821,0.131846,3
0.154425,0.143813,0.12594,3
0.122312,0.108596,0.127414,3
0.122728,0.114323,0.161234,3
0.149164,0.0896235,0.12678,3
0.120245,0.111613,0.127104,3
0.122287,0.0939271,0.129436,3
0.115788,0.109874,0.113011,3
0.148832,0.105188,0.168891,3
0.119175,0.110492,0.119839,3
0.120422,0.0928467,0.152556,3
0.11236,0.104519,0.119014,3
0.127543,0.0839041,0.119066,3
0.112654,0.133557,0.11298,3
0.12959,0.10735,0.119037,3
0.116429,0.0910758,0.15177,3
0.133844,0.105617,0.113747,3
0.137908,0.10301,0.117308,3
0.115493,0.116886,0.15176,3
0.130645,0.141264,0.12352,3
0.111951,0.116502,0.115166,3
0.138653,0.102256,0.145754,3
0.115713,0.106601,0.13392,3
0.123158,0.115137,0.13399,3
0.137104,0.0849312,0.115444,3
0.112959,0.118985,0.114293,3
0.133075,0.108106,0.134524,3
0.118725,0.100566,0.146097,3
0.120985,0.122737,0.13681,3
0.130887,0.09697,0.151559,3
0.113935,0.130647,0.121105,3
0.115661,0.113569,0.158193,3
0.12119,0.102112,0.14576,3
0.114835,0.104011,0.11911,3
0.157716,0.144805,0.139196,3
0.147457,0.125884,0.115953,3
0.114107,0.11356,0.1151,3
0.127555,0.0935614,0.138851,3
0.114687,0.111252,0.114256,3
0.117596,0.124219,0.137776,3
0.126197,0.116561,0.130421,3
0.129477,0.107808,0.1217,3
0.116244,0.104854,0.114962,3
0.113938,0.112455,0.121144,3
0.129071,0.114051,0.124848,3
0.128274,0.145779,0.12568,3
0.122057,0.108867,0.132308,3
0.120002,0.0780412,0.116261,3
0.120744,0.118362,0.125428,3
0.116677,0.11536,0.127062,3
0.117549,0.113532,0.132972,3
0.143169,0.138979,0.113923,3
0.120849,0.130819,0.133433,3
0.116816,0.111725,0.11617,3
0.112915,0.154668,0.112969,3
0.116018,0.115439,0.112926,3
0.11452,0.111788,0.112726,3
0.112875,0.0993402,0.128747,3
0.114096,0.110403,0.115202,3
0.112831,0.103952,0.113437,3
0.11211,0.110599,0.113936,3
0.111747,0.117199,0.113798,3
0.112187,0.114093,0.112604,3
