x coord,y coord,z coord,rank
0.123435,0.02168,0.12517,0
0.10867,0.0821075,0.123743,0
0.161476,0.0418201,0.209472,0
0.223418,0.0343845,0.124825,0
0.115211,0.022947,0.101325,0
0.170982,0.0513817,0.11097,0
0.111536,0.0743405,0.158475,0
0.083851,0.0757892,0.195743,0
0.0528827,0.108912,0.141687,0
0.107206,0.0959168,0.103146,0
0.191168,0.0766599,0.152209,0
0.138048,0.0524216,0.132004,0
0.0713155,0.0291102,0.218832,0
0.0177432,0.0791311,0.158816,0
0.00979935,0.106477,0.100513,0
0.111754,0.0552425,0.201132,0
0.0877882,0.0741869,0.197174,0
0.154414,0.0887403,0.200597,0
0.151861,0.105794,0.170916,0
0.0718478,0.0286655,0.127538,0
0.00861875,0.0610419,0.173335,0
0.159688,0.0161327,0.101164,0
0.00867612,0.0954719,0.134026,0
0.0687824,0.0868345,0.171208,0
0.0531663,0.0983537,0.213169,0
0.0530178,0.0265655,0.164076,0
0.198685,0.0281972,0.167371,0
0.179821,0.0855128,0.136649,0
0.200494,0.0264795,0.179054,0
0.213343,0.07717,0.216183,0
0.0520983,0.0112598,0.131599,0
0.194346,0.0292534,0.206669,0
0.0767507,0.0459686,0.121968,0
0.142607,0.109518,0.219402,0
0.181893,0.0292298,0.183315,0
0.133271,0.0978934,0.132256,0
0.169843,0.0416376,0.138266,0
0.0186889,0.0657274,0.202191,0
0.119239,0.0210873,0.223501,0
0.0352728,0.00729514,0.203781,0
0.179802,0.0990923,0.17177,0
0.166577,0.0976017,0.21268,0
0.060054,0.0381756,0.102682,0
0.198976,0.018285,0.139273,0
0.000923959,0.0374509,0.150552,0
0.102548,0.104037,0.214499,0
0.10341,0.00225902,0.220367,0
0.0178057,0.0840381,0.161564,0
0.0176219,0.0904997,0.141361,0
0.132058,0.0483844,0.143418,0
0.102141,0.0571171,0.188195,0
0.168684,0.0866436,0.132842,0
0.145282,0.020094,0.10998,0
0.147601,0.0413853,0.1181,0
0.147552,0.0265991,0.129411,0
0.00519726,0.0128722,0.12648,0
0.0689591,0.0374911,0.119351,0
0.0426875,0.0840172,0.194829,0
0.18313,0.0783865,0.120727,0
0.166766,0.0709737,0.123338,0
0.187485,0.0512449,0.102857,0
0.0191457,0.0471659,0.147802,0
0.0284622,0.0501203,0.101358,0
0.142165,0.0633591,0.113403,0
0.0194381,0.0307182,0.206378,0
0.171899,0.070158,0.11593,0
0.0175018,0.0655912,0.145157,0
0.102549,0.063074,0.113199,0
0.0986733,0.103332,0.111291,0
0.190689,0.0511196,0.206339,0
0.0542215,0.0494048,0.193024,0
0.21623,0.097521,0.128701,0
0.218273,0.0552781,0.176447,0
0.113381,0.0166078,0.103773,0
0.018977,0.102201,0.13374,0
0.0658336,0.0417353,0.102991,0
0.187145,0.0699124,0.159621,0
0.0193081,0.00103819,0.213436,0
0.101764,0.0816421,0.111356,0
0.0511787,0.0641984,0.16398,0
0.0765477,0.0161144,0.136466,0
0.127848,0.0859525,0.10822,0
0.146698,0.0542856,0.207423,0
0.0429291,0.0618443,0.210337,0
0.0383937,0.0297201,0.209501,0
0.21572,0.0787047,0.104382,0
0.0959291,0.102778,0.121715,0
0.0444546,0.0124656,0.222084,0
0.118197,0.00294685,0.175888,0
0.0698822,0.068937,0.164581,0
0.206199,0.0948462,0.125298,0
0.21637,0.0603296,0.173681,0
0.0571129,0.053757,0.211409,0
0.218934,0.105285,0.193806,0
0.205921,0.0700351,0.176815,0
0.204924,0.100556,0.209564,0
0.132666,0.0636833,0.210177,0
0.202582,0.0100683,0.223891,0
0.161298,0.0456658,0.121626,0
0.167315,0.115093,0.220765,0
0.0185901,0.0650179,0.202539,0
0.0242546,0.0127479,0.195859,0
0.204481,0.00788401,0.179354,0
0.155922,0.0464044,0.118612,0
0.0144497,0.0701663,0.115978,0
0.220066,0.00937327,0.152473,0
0.091584,0.0533125,0.217334,0
0.0372761,0.0154211,0.144585,0
0.204983,0.0395048,0.134497,0
0.196617,0.102916,0.215719,0
0.219936,0.00409693,0.19378,0
0.0205977,0.0273018,0.202428,0
0.178429,0.00569169,0.195688,0
0.085907,0.0533309,0.104616,0
0.137175,0.0998324,0.179627,0
0.0122537,0.00922899,0.139704,0
0.189123,0.0418503,0.20932,0
0.014759,0.0138008,0.10922,0
0.164897,0.0700209,0.22281,0
0.0314291,0.0775928,0.160071,0
0.0250605,0.0106072,0.140383,0
0.219208,0.0196896,0.221987,0
0.219637,0.0737081,0.128109,0
0.0287758,0.0167517,0.0131915,1
0.084248,0.043298,0.0563162,1
0.0309333,0.0529689,0.0958275,1
0.0313761,0.0198406,0.00463334,1
0.100299,0.112308,0.0884012,1
0.106535,0.0529699,0.0660325,1
0.0289427,0.0664186,0.048467,1
0.0249647,0.115588,0.004504,1
0.056994,0.0290625,0.0942458,1
0.0329612,0.0725072,0.00136954,1
0.038678,0.0470733,0.0241256,1
0.109026,0.0671081,0.0850661,1
0.170894,0.108082,0.0129014,1
0.177016,0.10318,0.0814213,1
0.16872,0.123332,0.0290087,1
0.164612,0.113438,0.0162701,1
0.0448815,0.0511637,0.0671512,1
0.0965074,0.022841,0.072578,1
0.0283163,0.00733971,0.0666659,1
0.123197,0.000625745,0.0459666,1
0.140929,0.118161,0.0807835,1
0.0910125,0.0851209,0.0245334,1
0.105514,0.0889331,0.0909986,1
0.0601195,0.0165941,0.0174628,1
0.0117691,0.0892612,0.0384895,1
0.0139044,0.096337,0.00682324,1
0.0920484,0.1127,0.0695157,1
0.114363,0.092538,0.0749564,1
0.111038,0.0888037,0.0441507,1
0.0467376,0.0344388,0.0570325,1
0.0612868,0.0197861,0.0385342,1
0.111367,0.105841,0.0848631,1
0.208893,0.0821651,0.0567441,1
0.0781089,0.0186668,0.0741534,1
0.1884,0.0912694,0.0563984,1
0.0517395,0.0770793,0.0448422,1
0.0715959,0.0159011,0.0725197,1
0.178625,0.0306764,0.0153341,1
0.0114554,0.0434515,0.0176166,1
0.0780222,0.105566,0.0796192,1
0.178094,0.101416,0.0555867,1
0.118316,0.0574722,0.00472494,1
0.0142816,0.0614141,0.0335355,1
0.16877,0.0473041,0.0861595,1
0.120925,0.0955636,0.0785594,1
0.0328931,0.00936511,0.0708663,1
0.153138,0.00249383,0.0166833,1
0.0165327,0.0408445,0.0375547,1
0.0395915,0.00114188,0.0781505,1
0.202167,0.0741536,0.0392452,1
0.0801345,0.0679645,0.0804297,1
0.132678,0.0116105,0.0438377,1
0.187725,0.0287324,0.0348511,1
0.0648877,0.0215833,0.0709632,1
0.0733749,0.0433707,0.0402222,1
0.107797,0.0786559,0.0491545,1
0.0745814,0.0902554,0.0942411,1
0.0125191,0.0449292,0.0664407,1
0.175239,0.0437299,0.00749499,1
0.121745,0.096792,0.0305337,1
0.140925,0.0589036,0.0194454,1
0.0273678,0.0861746,0.00318426,1
0.126211,0.0339605,0.0504742,1
0.0429704,0.0034451,0.0677345,1
0.179788,0.0601587,0.00502345,1
0.031875,0.0719516,0.0854264,1
0.0266699,0.081643,0.0487017,1
0.18483,0.00578628,0.038845,1
0.00332304,0.0384769,0.0939469,1
0.162884,0.0866072,0.0368278,1
0.0916889,0.00647781,0.0254681,1
0.157754,0.0438105,0.0755216,1
0.0446314,0.0605459,0.0234886,1
0.205747,0.0978859,0.0663865,1
0.0559708,0.0614873,0.0363707,1
0.0777728,0.0619582,0.0149897,1
0.0481768,0.0449705,0.0432361,1
0.0453652,0.0180099,0.0152254,1
0.0499831,0.0427912,0.032894,1
0.0606139,0.0832512,0.0113889,1
0.110178,0.0462058,0.0334505,1
0.120043,0.0376083,0.0321554,1
0.0823678,0.00446751,0.042425,1
0.0815357,0.0355392,0.0349027,1
0.0260025,0.0511462,0.0150142,1
0.206032,0.0196036,0.0215615,1
0.105367,0.021231,0.00523579,1
0.107607,0.0835959,0.0447709,1
0.132566,0.0468917,0.0614283,1
0.0477424,0.0927834,0.00146298,1
0.181132,0.0824023,0.052838,1
0.185755,0.0314898,0.0954458,1
0.186517,0.00887177,0.0578889,1
0.18965,0.0955751,0.0727858,1
0.213926,0.100215,0.0157051,1
0.0227151,0.0933617,0.000424336,1
0.0708609,0.0661326,0.0590275,1
0.128998,0.061558,0.0851863,1
0.103874,0.0898273,0.0129003,1
0.197451,0.0878572,0.0604423,1
0.0168384,0.0334076,0.0336702,1
0.181069,0.0393187,0.0797872,1
0.0381427,0.0209331,0.00529645,1
0.189229,0.000341087,0.0422778,1
0.153959,0.0430619,0.091143,1
0.178611,0.0437551,0.0645294,1
0.222776,0.0867117,0.0918235,1
0.141937,0.010037,0.0309617,1
0.212281,0.00775409,0.010385,1
0.0744111,0.034648,0.0113516,1
0.151755,0.0336798,0.00196868,1
0.21474,0.0412969,0.0597449,1
0.0891366,0.0495594,0.0701485,1
0.175247,0.0180561,0.0777532,1
0.0956464,0.0101692,0.0423722,1
0.177977,0.0260986,0.000504589,1
0.182291,0.0680377,0.00284702,1
0.122276,0.00631632,0.0710579,1
0.122805,0.199444,0.107318,2
0.11854,0.15438,0.138828,2
0.20896,0.130462,0.119514,2
0.168978,0.177159,0.176361,2
0.186354,0.135983,0.182723,2
0.223465,0.178594,0.164291,2
0.0945968,0.160602,0.198293,2
0.165031,0.125129,0.191396,2
0.0269121,0.175296,0.151056,2
0.138593,0.212918,0.210471,2
0.142321,0.175676,0.169922,2
0.188693,0.221043,0.211369,2
0.211097,0.167246,0.219234,2
0.0140443,0.205704,0.203049,2
0.0318794,0.198339,0.224018,2
0.209541,0.203822,0.156542,2
0.0536125,0.186473,0.221546,2
0.0533508,0.184913,0.102434,2
0.126947,0.160268,0.141288,2
0.0750406,0.213712,0.209217,2
0.140666,0.142375,0.182741,2
0.120199,0.196035,0.153286,2
0.0120644,0.198036,0.210402,2
0.142046,0.134736,0.214711,2
0.104298,0.178909,0.146089,2
0.220503,0.194359,0.20283,2
0.211391,0.170568,0.0991677,2
0.152512,0.140316,0.13593,2
0.208325,0.153462,0.127498,2
0.209319,0.197053,0.132608,2
0.107191,0.14617,0.188843,2
0.0180291,0.144659,0.193195,2
0.147661,0.210947,0.223699,2
0.221451,0.175209,0.126931,2
0.00108085,0.196783,0.219026,2
0.155168,0.169388,0.223736,2
0.200212,0.151937,0.198692,2
0.0684446,0.200647,0.132627,2
0.144726,0.22057,0.176093,2
0.135242,0.153605,0.137197,2
0.126651,0.204783,0.169959,2
0.15148,0.207562,0.124212,2
0.115432,0.139297,0.140573,2
0.0476403,0.157261,0.218564,2
0.134314,0.189134,0.103809,2
0.0155379,0.191301,0.116267,2
0.216585,0.131709,0.155393,2
0.0596239,0.145579,0.111944,2
0.12831,0.153431,0.174679,2
0.115317,0.169067,0.115273,2
0.09034,0.171989,0.216666,2
0.158565,0.207718,0.151676,2
0.0997879,0.192551,0.161365,2
0.0343385,0.21098,0.197733,2
0.150583,0.194283,0.141191,2
0.0659143,0.182388,0.184417,2
0.0897713,0.188134,0.130945,2
0.20944,0.125059,0.111261,2
0.0973885,0.164786,0.163301,2
0.0522434,0.190118,0.193744,2
0.0357124,0.179314,0.148182,2
0.0359617,0.184214,0.149292,2
0.0738418,0.199358,0.156859,2
0.222351,0.120142,0.136649,2
0.0395149,0.157896,0.1278,2
0.141494,0.211887,0.151344,2
0.04222,0.16807,0.0998601,2
0.144006,0.126185,0.127335,2
0.161029,0.132252,0.141005,2
0.218708,0.181294,0.0999931,2
0.0436546,0.156324,0.221643,2
0.196652,0.145084,0.120565,2
0.14257,0.140662,0.162103,2
0.0245295,0.175929,0.151599,2
0.0592728,0.190329,0.124355,2
0.0225404,0.18013,0.157245,2
0.0531919,0.182804,0.136603,2
0.0178768,0.174456,0.2193,2
0.223019,0.219077,0.14783,2
0.0739969,0.166799,0.18762,2
0.21264,0.207374,0.136578,2
0.140955,0.163743,0.146978,2
0.00998588,0.202661,0.166926,2
0.0484534,0.186223,0.208822,2
0.0564232,0.223488,0.111689,2
0.215244,0.122015,0.207489,2
0.0824097,0.188774,0.133393,2
0.224479,0.204569,0.144288,2
0.0644602,0.147268,0.177102,2
0.064619,0.159424,0.105835,2
0.0795594,0.148062,0.204624,2
0.0418639,0.163066,0.133397,2
0.112345,0.180904,0.100153,2
0.183642,0.141254,0.204567,2
0.0760988,0.162347,0.165692,2
0.0279802,0.194896,0.182494,2
0.183901,0.179957,0.181496,2
0.0483869,0.168243,0.165832,2
0.0731788,0.17369,0.108529,2
0.203382,0.146062,0.196412,2
0.158488,0.156665,0.20063,2
0.203527,0.175964,0.214367,2
0.0346703,0.116527,0.144079,2
0.0665336,0.120618,0.152974,2
0.173532,0.213671,0.165569,2
0.206447,0.152049,0.182015,2
0.223242,0.128554,0.223187,2
0.146982,0.172517,0.122872,2
0.00928756,0.128962,0.114719,2
0.00242236,0.120022,0.204236,2
0.0542976,0.131962,0.106048,2
0.216437,0.198482,0.167007,2
0.111514,0.131971,0.104874,2
0.00116501,0.125093,0.112834,2
0.00971149,0.140294,0.191689,2
0.0627862,0.125716,0.135557,2
0.219283,0.127549,0.215529,2
0.209349,0.126571,0.192974,2
0.110843,0.170153,0.163136,2
0.12625,0.176865,0.154338,2
0.222087,0.117368,0.138332,2
0.0641619,0.128304,0.121693,2
0.118878,0.124334,0.210724,2
0.0306984,0.125671,0.118509,2
0.0508775,0.135611,0.208204,2
0.0979608,0.119335,0.176871,2
0.195086,0.124662,0.152344,2
0.00226509,0.120033,0.183603,2
0.0940162,0.117507,0.144437,2
0.0404101,0.171257,0.0628263,3
0.0413137,0.173408,0.0630484,3
0.0382318,0.171782,0.0729919,3
0.0367321,0.176781,0.0642624,3
0.00556691,0.162012,0.0681573,3
0.0385979,0.175523,0.0737885,3
0.0412367,0.171847,0.0681884,3
0.06059,0.168274,0.028433,3
0.0400808,0.169098,0.0667978,3
0.041453,0.178239,0.067106,3
0.101282,0.212629,0.0546193,3
0.0372664,0.1717,0.0632138,3
0.033947,0.173705,0.0675708,3
0.0339422,0.174652,0.0689852,3
0.105823,0.141489,0.0177963,3
0.127652,0.199483,0.0642385,3
0.146489,0.174714,0.0620443,3
0.205374,0.157779,0.0530034,3
0.080419,0.164934,0.0947614,3
0.123988,0.178306,0.0749325,3
0.0875254,0.1973,0.0854782,3
0.205941,0.207737,0.081359,3
0.122626,0.19415,0.0557819,3
0.168999,0.128862,0.0846045,3
0.202269,0.137788,0.0245015,3
0.0919272,0.210211,0.0437387,3
0.119295,0.168616,0.0972035,3
0.0383945,0.17616,0.0724956,3
0.0366376,0.177553,0.0635843,3
0.221538,0.219036,0.0222282,3
0.161009,0.165602,0.0114999,3
0.181288,0.195016,0.0514436,3
0.0347542,0.172106,0.0662891,3
0.0146984,0.160544,0.0920171,3
0.134638,0.160479,0.0378745,3
0.0389734,0.177352,0.0678498,3
0.151861,0.215483,0.0868562,3
0.0405498,0.171596,0.0739692,3
0.0394672,0.168097,0.0686918,3
0.0362075,0.17419,0.0695304,3
0.0349481,0.17513,0.0644964,3
0.00946309,0.221991,0.0277897,3
0.203572,0.126353,0.0241573,3
0.0481841,0.204979,0.0104345,3
0.0331925,0.170501,0.0674691,3
0.172702,0.171898,0.0479555,3
0.208014,0.224028,0.0486574,3
0.0303192,0.203958,0.0734272,3
0.129017,0.19437,0.0235866,3
0.0327161,0.168078,0.0725107,3
0.0855917,0.217755,0.0157156,3
0.0369003,0.173113,0.0645563,3
0.224907,0.219648,0.0593395,3
0.190977,0.200938,0.0662724,3
0.10495,0.152479,0.0753074,3
0.00292166,0.175106,0.0898498,3
0.0977529,0.206845,0.0476338,3
0.0352292,0.166756,0.0641611,3
0.0376674,0.167918,0.0739071,3
0.0425172,0.173585,0.0692458,3
0.0392084,0.174598,0.0670319,3
0.0394119,0.172753,0.0646438,3
0.166543,0.201565,0.00921988,3
0.223856,0.199418,0.0466038,3
0.177486,0.151997,0.0947476,3
0.0338198,0.19623,0.00610267,3
0.167863,0.175139,0.0946139,3
0.0794949,0.154284,0.0767818,3
0.0347373,0.168747,0.0656397,3
0.155032,0.204771,0.019958,3
0.211547,0.156339,0.0340086,3
0.0382986,0.176599,0.0733476,3
0.22153,0.204776,0.0569727,3
0.0338306,0.170247,0.0682696,3
0.0849859,0.206228,0.0887321,3
0.147409,0.163302,0.066625,3
0.208011,0.157055,0.0314593,3
0.0738185,0.207827,0.0204073,3
0.191588,0.164827,0.0634587,3
0.180051,0.148522,0.0236069,3
0.0298918,0.1683,0.0689858,3
0.0327097,0.170503,0.0668334,3
0.0191659,0.221078,0.0693185,3
0.0343252,0.169725,0.0655088,3
0.0372033,0.175389,0.0697554,3
0.0913456,0.197595,0.0544771,3
0.0388346,0.167069,0.0660324,3
0.040171,0.172421,0.0665472,3
0.0401557,0.17422,0.0655511,3
0.122467,0.174579,0.0916064,3
0.000270894,0.129871,0.036715,3
0.213964,0.128758,0.0475223,3
0.111129,0.179477,0.00810217,3
0.0369468,0.170765,0.0691304,3
0.0334058,0.170204,0.0635217,3
0.0930949,0.19262,0.0653029,3
0.11606,0.175859,0.0276113,3
0.139383,0.14043,0.0394804,3
0.0354473,0.168607,0.0698603,3
0.0400104,0.172912,0.0685362,3
0.0371001,0.177734,0.0733514,3
0.0336054,0.170614,0.0682261,3
0.121263,0.208505,0.0194205,3
0.0405813,0.169635,0.0652902,3
0.0342775,0.166612,0.0688992,3
0.0387846,0.16826,0.0676191,3
0.220344,0.155765,0.073013,3
0.0404694,0.169734,0.064207,3
0.108059,0.14792,0.00182643,3
0.181078,0.208397,0.0308475,3
0.0366203,0.170629,0.0706346,3
0.0395221,0.17122,0.0717133,3
0.0353376,0.175451,0.070636,3
0.0368966,0.174911,0.0690869,3
0.0353037,0.173111,0.0681083,3
0.0378572,0.171691,0.0629815,3
0.0370566,0.168523,0.0660367,3
0.218318,0.203363,0.0896415,3
0.145788,0.216758,0.0375253,3
0.218595,0.161942,0.0927378,3
0.193926,0.195388,0.08494,3
0.0517394,0.132786,0.0341955,3
0.142576,0.135633,0.0137517,3
0.209377,0.139497,0.0313014,3
0.136178,0.123904,0.0314426,3
0.0171665,0.131737,0.00589327,3
0.0821414,0.125295,0.0178424,3
0.161432,0.13064,0.027909,3
0.0899767,0.12711,0.0550465,3
0.136371,0.125285,0.0149753,3
