x coord,y coord,z coord,rank
0.0582674,0.0475065,0.213794,0
0.0332621,0.0922329,0.217582,0
0.00802686,0.114555,0.180026,0
0.033603,0.0941773,0.212193,0
0.0352549,0.0948922,0.213267,0
0.0369206,0.0958136,0.215932,0
0.0370235,0.0904136,0.212575,0
0.0152838,0.125731,0.133464,0
0.0383576,0.0977414,0.208627,0
0.0487788,0.0120914,0.183784,0
0.0314544,0.0946052,0.214281,0
0.0317443,0.0954895,0.21301,0
0.031862,0.097569,0.2142,0
0.0360848,0.0934939,0.211001,0
0.0231586,0.0698861,0.202765,0
0.0370952,0.0952817,0.208911,0
0.0329279,0.0973755,0.211811,0
0.0362329,0.085327,0.216096,0
0.0347751,0.098397,0.213455,0
0.0293538,0.139822,0.203597,0
0.000487731,0.178611,0.147664,0
0.0707073,0.140236,0.199955,0
0.0433631,0.093224,0.200051,0
0.0302681,0.0574383,0.139723,0
0.0144304,0.0756013,0.20124,0
0.0496134,0.171265,0.145794,0
0.0392307,0.0956787,0.21367,0
0.0584462,0.0676648,0.136003,0
0.0127103,0.0182567,0.129153,0
0.0341376,0.0972801,0.211592,0
0.0512822,0.186041,0.153823,0
0.0594376,0.0410363,0.140841,0
0.0375169,0.200621,0.222914,0
0.0577424,0.178113,0.15009,0
0.071387,0.204909,0.155103,0
0.0331822,0.0954582,0.216111,0
0.0755348,0.152058,0.178143,0
0.085853,0.0895146,0.158462,0
0.0361991,0.0946011,0.216957,0
0.00306327,0.186839,0.219237,0
0.0105788,0.199847,0.219144,0
0.0218699,0.155104,0.197583,0
0.0344606,0.179311,0.175195,0
0.038619,0.0444274,0.196652,0
0.0117866,0.130718,0.17355,0
0.0357203,0.0911998,0.21441,0
0.0373517,0.0916694,0.216128,0
0.0317797,0.0888914,0.21505,0
0.0622397,0.0546941,0.193494,0
0.0505206,0.111466,0.130446,0
0.0675748,0.134165,0.223197,0
0.0140041,0.196044,0.203139,0
0.0444561,0.198451,0.220672,0
0.00394211,0.135034,0.134449,0
0.0495642,0.0116203,0.22292,0
0.0036417,0.0582247,0.147774,0
0.0424592,0.171292,0.128555,0
0.0908063,0.109373,0.175914,0
0.0440703,0.0394018,0.203683,0
0.0363943,0.0948826,0.210691,0
0.0229363,0.0163531,0.215429,0
0.0125034,0.163915,0.192187,0
0.0626416,0.0245322,0.184791,0
0.0678345,0.0114482,0.183252,0
0.0338028,0.0970365,0.214888,0
0.0418541,0.19628,0.207602,0
0.0696612,0.207844,0.149126,0
0.0759473,0.187921,0.199105,0
0.00541435,0.166487,0.130126,0
0.0176447,0.0298902,0.161044,0
0.035909,0.0923159,0.214027,0
0.0731292,0.210401,0.166902,0
0.0379061,0.175825,0.176644,0
0.0178974,0.197216,0.160149,0
0.00626443,0.0750566,0.190806,0
0.035506,0.0873504,0.203836,0
0.035607,0.0926985,0.212736,0
0.02939,0.209528,0.137978,0
0.0600589,0.0350458,0.210729,0
0.0385431,0.0990987,0.224926,0
0.0287775,0.0917697,0.214667,0
0.0609111,0.0494812,0.168076,0
0.0146165,0.211199,0.162356,0
0.0377321,0.0954505,0.21878,0
0.0130859,0.122955,0.219111,0
0.00192048,0.0753419,0.176445,0
0.0430806,0.11655,0.180494,0
0.01466,0.109931,0.124142,0
0.0346621,0.0900129,0.216307,0
0.0444202,0.0626252,0.162668,0
0.0380639,0.0929824,0.211819,0
0.0325186,0.0979475,0.218193,0
0.0139422,0.0280451,0.178337,0
0.0325492,0.095703,0.212395,0
0.0339459,0.0910267,0.217072,0
0.0506702,0.178264,0.181995,0
0.0311934,0.183904,0.179847,0
0.0548429,0.194667,0.208781,0
0.0361067,0.095104,0.215644,0
0.0472292,0.136592,0.146608,0
0.0637734,0.17966,0.187252,0
0.0264255,0.207978,0.161167,0
0.0779429,0.0745319,0.120956,0
0.087121,0.0283158,0.163462,0
0.0415462,0.0602794,0.189971,0
0.0182686,0.022407,0.134155,0
0.0731022,0.050954,0.164351,0
0.0301406,0.0961023,0.215784,0
0.0370622,0.0939854,0.215373,0
0.0345468,0.0902803,0.216823,0
0.038986,0.0928514,0.20998,0
0.0860985,0.0346033,0.13694,0
0.0354191,0.093256,0.213364,0
0.0148219,0.00415671,0.152816,0
0.0788173,0.0992294,0.192652,0
0.088291,0.0138101,0.188183,0
0.03658,0.0954716,0.218339,0
0.087341,0.086144,0.210806,0
0.0486546,0.106696,0.173704,0
0.036164,0.0971002,0.216408,0
0.0324543,0.0969333,0.2185,0
0.0827287,0.0619397,0.146708,0
0.0363934,0.088297,0.216935,0
0.0345079,0.0878823,0.218231,0
0.131016,0.0393214,0.0834747,1
0.196486,0.104863,0.0061018,1
0.216277,0.0631761,0.0839455,1
0.204511,0.0569841,0.0704565,1
0.189251,0.0508798,0.0461886,1
0.168678,0.101137,0.0477491,1
0.111623,0.0797296,0.0553941,1
0.0946227,0.0390084,0.0400401,1
0.214484,0.023493,0.0437938,1
0.111021,0.128004,0.021915,1
0.19303,0.0238636,0.0520842,1
0.149956,0.179444,0.0989421,1
0.136075,0.148481,0.105114,1
0.204987,0.0859064,0.0318477,1
0.19181,0.17114,0.076533,1
0.198642,0.0963021,0.0094686,1
0.186306,0.21559,0.0541412,1
0.20713,0.0738832,0.105892,1
0.139676,0.0417332,0.0228573,1
0.208293,0.158835,0.0660912,1
0.16992,0.150744,0.0586916,1
0.186441,0.0208547,0.0250365,1
0.193378,0.111357,0.00102924,1
0.140914,0.0941736,0.0111273,1
0.178464,0.184322,0.0967273,1
0.107197,0.121183,0.0856633,1
0.125796,0.166417,0.0576977,1
0.100067,0.0418635,0.0207009,1
0.214292,0.0315394,0.0475598,1
0.183987,0.161391,0.00643417,1
0.206308,0.0555382,0.0806654,1
0.131226,0.0438475,0.0237287,1
0.161665,0.202195,0.0861613,1
0.130318,0.202671,0.0479335,1
0.216077,0.135185,0.0852086,1
0.152579,0.0397093,0.0260808,1
0.172664,0.113023,0.0108713,1
0.166525,0.142269,0.0702776,1
0.191257,0.152671,0.0109349,1
0.209042,0.108123,0.00924984,1
0.15867,0.200557,0.0877434,1
0.177217,0.172666,0.10044,1
0.18441,0.0780811,0.00176917,1
0.221431,0.16301,0.00178312,1
0.131828,0.173414,0.0432086,1
0.1152,0.0934467,0.099291,1
0.187375,0.055625,0.0313095,1
0.200306,0.0194645,0.0425295,1
0.107129,0.0447408,0.0387052,1
0.196449,0.0754223,0.0387503,1
0.196721,0.182384,0.0565385,1
0.147097,0.18635,0.0123638,1
0.153479,0.104601,0.0717137,1
0.165244,0.144807,0.00704543,1
0.12166,0.221031,0.0145957,1
0.121151,0.141798,0.00753183,1
0.12911,0.144145,0.0602952,1
0.117257,0.18669,0.018121,1
0.102703,0.132677,0.100877,1
0.195564,0.0357038,0.0808497,1
0.219452,0.151895,0.0289834,1
0.21458,0.0767335,0.0304087,1
0.183547,0.168438,0.0669253,1
0.171455,0.207675,0.0801188,1
0.210205,0.176697,0.0703456,1
0.109282,0.0230858,0.0332946,1
0.115756,0.206756,0.00809216,1
0.216293,0.0872214,0.0553411,1
0.118873,0.186752,0.0401142,1
0.165455,0.163084,0.0443319,1
0.172582,0.195863,0.0594961,1
0.171225,0.132159,0.0335118,1
0.158204,0.054927,0.0388033,1
0.199734,0.107823,0.00972638,1
0.221584,0.0740045,0.0633459,1
0.115607,0.186951,0.089445,1
0.142189,0.189797,0.0625367,1
0.15546,0.0506044,0.0687046,1
0.137991,0.18258,0.100623,1
0.158503,0.0385713,0.0229265,1
0.180499,0.0141906,0.083998,1
0.205967,0.157615,0.0402171,1
0.116942,0.120708,0.0817339,1
0.144197,0.18772,0.00559668,1
0.154041,0.17574,0.0408571,1
0.21329,0.0841613,0.0315839,1
0.151998,0.00168383,0.00811573,1
0.164019,0.0339688,0.000262092,1
0.130424,0.00877501,0.0974395,1
0.111742,0.113592,0.0551248,1
0.148183,0.137978,0.0764637,1
0.13276,0.221872,0.0557557,1
0.208893,0.166597,0.0697961,1
0.160903,0.197528,0.0952655,1
0.224243,0.0713967,0.000339341,1
0.14825,0.223857,0.0474381,1
0.0978975,0.146926,0.038674,1
0.0966761,0.10812,0.0294572,1
0.0960323,0.100193,0.0483563,1
0.0984132,0.152085,0.0583194,1
0.152399,0.0852498,0.104051,1
0.0996778,0.109515,0.025965,1
0.0957253,0.0440862,0.0274271,1
0.175115,0.0781693,0.0343562,1
0.143986,0.018501,0.000349299,1
0.129949,0.0306141,0.0543996,1
0.182548,0.0522197,0.0273748,1
0.10104,0.140926,0.0421424,1
0.174477,0.0460994,0.0498823,1
0.0939906,0.0414756,0.0452991,1
0.100644,0.161006,0.0364256,1
0.137852,0.0459085,0.0771077,1
0.138892,0.095361,0.103742,1
0.0925236,0.195469,0.10177,1
0.108385,0.0408465,0.0903351,1
0.108271,0.0831516,0.0576309,1
0.0931341,0.205504,0.0747413,1
0.164891,0.0524747,0.0485766,1
0.0929274,0.137687,0.0472596,1
0.10251,0.153494,0.0758205,1
0.106968,0.0891784,0.0615586,1
0.161656,0.0255489,0.0540167,1
0.0939317,0.203789,0.0931664,1
0.092685,0.0916921,0.0900725,1
0.100049,0.0167735,0.105491,1
0.0806455,0.0153921,0.106357,2
0.0842407,0.0163459,0.0434192,2
0.0882474,0.0562236,0.0351819,2
0.0887308,0.0323125,0.100476,2
0.0809517,0.10825,0.0106966,2
0.082176,0.0378621,0.0259794,2
0.0879724,0.0030379,0.0215082,2
0.0256095,0.0923119,0.0706471,2
0.0612916,0.111777,0.109162,2
0.0302731,0.198217,0.0645558,2
0.0652628,0.181061,0.113499,2
0.0724118,0.186895,0.0991558,2
0.0831669,0.0602119,0.0825371,2
0.0841274,0.00869019,0.0949999,2
0.0196913,0.191226,0.0494441,2
0.0559193,0.155213,0.0496542,2
0.0795872,0.0465426,0.104648,2
0.0442345,0.182742,0.0347596,2
0.0510192,0.0831061,0.116486,2
0.0826909,0.014485,0.101018,2
0.06878,0.129743,0.0741669,2
0.0387015,0.140724,0.0485905,2
0.0543235,0.091266,0.0910666,2
0.0473491,0.169461,0.0597742,2
0.074053,0.089675,0.0518532,2
0.0840362,0.0999537,0.0602215,2
0.00769003,0.0727313,0.0600234,2
0.0500714,0.133432,0.0207723,2
0.0691161,0.078252,0.0197657,2
0.0661775,0.0157014,0.0245523,2
0.0497069,0.0564356,0.0431081,2
0.084786,0.139692,0.0931036,2
0.0373814,0.195771,0.0837018,2
0.00865957,0.0878609,0.0681164,2
0.0779557,0.181514,0.000488715,2
0.0588643,0.216802,0.030712,2
0.0655455,0.173063,0.0773123,2
0.00960685,0.0582508,0.0218964,2
0.089727,0.224301,0.0246505,2
0.0188366,0.034987,0.100079,2
0.0461312,0.0573431,0.0177021,2
0.0466276,0.0185131,0.0295695,2
0.0573479,0.0921841,0.108222,2
0.0462255,0.213424,0.114614,2
0.0292256,0.00175345,0.0790076,2
0.0206787,0.0675239,0.0182059,2
0.0642497,0.0459325,0.0791158,2
0.00748392,0.0662124,0.0948681,2
0.0519171,0.0157628,0.0107125,2
0.0012408,0.00292746,0.0625237,2
0.00362045,0.16018,0.102573,2
0.012264,0.0251165,0.00145619,2
0.035076,0.133223,0.0551575,2
0.00690707,0.0893877,0.0873408,2
0.0385644,0.172007,0.00103011,2
0.0402608,0.0428654,0.0502734,2
0.0466105,0.187832,0.0427868,2
0.0862392,0.155604,0.0347258,2
0.0293337,0.177581,0.100286,2
0.00530603,0.133843,0.0146018,2
0.0208832,0.0140656,0.0256231,2
0.00126558,0.0404752,0.101854,2
0.0483693,0.028237,0.114999,2
0.0192805,0.0179054,0.0818203,2
0.0056859,0.0765797,0.0696747,2
0.0694597,0.116819,0.0908084,2
0.0601138,0.0221596,0.0191717,2
0.00339831,0.00606832,0.00393295,2
0.0119909,0.0401969,0.0272638,2
0.0585927,0.155127,0.103713,2
0.0758296,0.120378,0.0253132,2
0.0572829,0.0525354,0.117102,2
0.0471204,0.00108733,0.0403535,2
0.00825619,0.0177941,0.0600239,2
0.0297158,0.0373215,0.0131357,2
0.0340315,0.183924,0.0541856,2
0.0827888,0.178966,0.0216674,2
0.00741616,0.0906157,0.110607,2
0.00645544,0.0166751,0.0047793,2
0.00425203,0.0224128,0.0985006,2
0.0713717,0.092508,0.0144052,2
0.0901262,0.0408309,0.0666525,2
0.0185641,0.122391,0.0789739,2
0.062344,0.00970383,0.0966929,2
0.0101401,0.0604187,0.101507,2
0.0236519,0.0187794,0.0406352,2
0.020547,0.176751,0.0405305,2
0.0548489,0.071222,0.0971653,2
0.0656443,0.0671392,0.0596877,2
0.0828663,0.139449,0.0624982,2
0.00840127,0.122635,0.0382022,2
0.0570321,0.0295509,0.0748071,2
0.0182433,0.220234,0.0930729,2
0.0251642,0.0475254,0.0502379,2
0.0610656,0.195294,0.0621393,2
0.0616957,0.164477,0.00185188,2
0.0532685,0.0938817,0.00380113,2
0.0147934,0.13644,0.108783,2
0.0494506,0.0444902,0.0895127,2
0.0372565,0.167187,0.101866,2
0.0700162,0.0303147,0.00547801,2
0.0112693,0.0587688,0.078422,2
0.0907305,0.220281,0.0612514,2
0.00778796,0.101418,0.0128265,2
0.0331344,0.137753,0.027931,2
0.00893173,0.171649,0.0899307,2
0.0760339,0.111426,0.00296513,2
0.0374014,0.127767,0.0240434,2
0.0475204,0.119407,0.0314847,2
0.0591495,0.209639,0.0681599,2
0.083932,0.190794,0.0830069,2
0.0116842,0.122548,0.00602215,2
0.0546553,0.16476,0.0822269,2
0.0748078,0.152261,0.0579117,2
0.0573615,0.156138,0.0295835,2
0.000701042,0.110554,0.0478478,2
0.0527688,0.192084,0.0764938,2
0.0421233,0.212938,0.0572928,2
0.057341,0.0381772,0.0523433,2
0.056293,0.204835,0.0336207,2
0.0230141,0.219112,0.102771,2
0.0531735,0.0293933,0.0867619,2
0.0220715,0.0978154,0.069847,2
0.0450394,0.0906786,0.00652008,2
0.0865816,0.120854,0.0579191,2
0.024676,0.0486926,0.114347,2
0.0887313,0.190087,0.113357,2
0.14443,0.119732,0.190425,3
0.21036,0.115209,0.129449,3
0.102514,0.184294,0.126493,3
0.168673,0.188617,0.115726,3
0.0968826,0.16207,0.186884,3
0.101519,0.106528,0.163256,3
0.169819,0.161675,0.110558,3
0.157901,0.222556,0.219433,3
0.149683,0.159651,0.147666,3
0.166129,0.126514,0.197912,3
0.129823,0.212387,0.163474,3
0.15964,0.149844,0.11516,3
0.184317,0.219574,0.180124,3
0.0975241,0.156109,0.155094,3
0.174581,0.173755,0.144271,3
0.100285,0.187114,0.150307,3
0.173096,0.220019,0.171897,3
0.144974,0.209754,0.163,3
0.111425,0.161801,0.145496,3
0.150297,0.0705958,0.106923,3
0.131935,0.00801729,0.207755,3
0.146667,0.099464,0.219451,3
0.100955,0.0723099,0.199524,3
0.178832,0.0476781,0.132276,3
0.205148,0.161009,0.108968,3
0.106714,0.182785,0.171097,3
0.129222,0.0168098,0.108101,3
0.202936,0.0395554,0.138178,3
0.12574,0.0960871,0.157774,3
0.223467,0.0815945,0.192996,3
0.201682,0.131786,0.18312,3
0.12476,0.0111049,0.189682,3
0.166519,0.174406,0.162832,3
0.118906,0.12597,0.183754,3
0.148143,0.0395021,0.158155,3
0.212263,0.0299068,0.215714,3
0.207807,0.0429836,0.204155,3
0.121833,0.191644,0.122795,3
0.224282,0.0491429,0.134179,3
0.16458,0.17882,0.177956,3
0.135972,0.197589,0.119199,3
0.160822,0.106791,0.221733,3
0.158679,0.117062,0.209143,3
0.0944974,0.15242,0.108966,3
0.177708,0.0836417,0.17043,3
0.172316,0.22431,0.219979,3
0.220436,0.0239967,0.197473,3
0.172624,0.115684,0.116415,3
0.218916,0.0408822,0.16278,3
0.132759,0.222715,0.136421,3
0.135874,0.126911,0.208877,3
0.131282,0.14642,0.160321,3
0.12596,0.0647158,0.145392,3
0.148349,0.0236618,0.158446,3
0.126553,0.0454357,0.130749,3
0.152383,0.0538726,0.154491,3
0.168283,0.102305,0.152433,3
0.127265,0.16019,0.152921,3
0.148551,0.116671,0.210358,3
0.200312,0.148574,0.185327,3
0.113536,0.157733,0.14608,3
0.107974,0.0693678,0.217598,3
0.209973,0.192981,0.166349,3
0.131271,0.108076,0.114827,3
0.174655,0.0899263,0.133993,3
0.190035,0.103399,0.155637,3
0.127882,0.00867783,0.224803,3
0.17268,0.0545426,0.155105,3
0.15149,0.0572936,0.113671,3
0.157768,0.143362,0.156685,3
0.0995809,0.0143908,0.148001,3
0.222859,0.128626,0.215131,3
0.202717,0.209654,0.131155,3
0.217408,0.0178525,0.139213,3
0.10992,0.0836116,0.207646,3
0.166796,0.0263006,0.191295,3
0.14341,0.141464,0.134342,3
0.147025,0.11284,0.160988,3
0.139269,0.0397926,0.166663,3
0.137712,0.160776,0.11091,3
0.152335,0.178778,0.143987,3
0.189592,0.0800538,0.183781,3
0.133325,0.146075,0.197418,3
0.116226,0.148661,0.151887,3
0.21466,0.0716847,0.222552,3
0.223631,0.0293986,0.179429,3
0.201225,0.0830853,0.137853,3
0.164235,0.174105,0.144361,3
0.184123,0.0236449,0.215327,3
0.12637,0.0265665,0.201867,3
0.172266,0.0104777,0.171944,3
0.180183,0.19022,0.145203,3
0.105417,0.222453,0.118984,3
0.10259,0.0444589,0.211932,3
0.156676,0.113393,0.107916,3
0.155123,0.184469,0.132477,3
0.179129,0.022784,0.184901,3
0.1548,0.0903163,0.17782,3
0.159788,0.198887,0.161378,3
0.102552,0.0235761,0.116318,3
0.156188,0.110941,0.166415,3
0.139592,0.178367,0.141105,3
0.118715,0.110267,0.142794,3
0.141211,0.169776,0.108837,3
0.134171,0.117706,0.156345,3
0.174299,0.157229,0.187617,3
0.16889,0.202646,0.177215,3
0.216458,0.0631483,0.110565,3
0.131691,0.19405,0.119634,3
0.173056,0.2019,0.223396,3
0.217216,0.0695973,0.165328,3
0.126293,0.0332519,0.124521,3
0.204911,0.186174,0.206407,3
0.159884,0.156373,0.172022,3
0.145464,0.168102,0.214494,3
0.1996,0.0448586,0.134742,3
0.123019,0.130084,0.211062,3
0.111073,0.109977,0.207898,3
0.127924,0.077876,0.117918,3
0.146717,0.182981,0.113191,3
0.219206,0.0286891,0.159937,3
0.221469,0.0620215,0.194994,3
0.127308,0.0559434,0.181215,3
0.200404,0.0685224,0.110908,3
