x coord,y coord,z coord,rank
0.0941604,0.141856,0.101696,0
0.0942242,0.142083,0.101218,0
0.0879835,0.1464,0.0978784,0
0.0935414,0.143966,0.0984988,0
0.0202926,0.158648,0.0255968,0
0.0872051,0.144545,0.0962043,0
0.0942633,0.141443,0.0982959,0
0.0925303,0.213239,0.0221786,0
0.162624,0.149102,0.0287625,0
0.089137,0.144688,0.0989351,0
0.0229644,0.1934,0.029442,0
0.189201,0.178676,0.0840139,0
0.0964616,0.143322,0.0912297,0
0.0994363,0.203529,0.0678729,0
0.132729,0.21398,0.0977472,0
0.0930597,0.140425,0.0988013,0
0.0860312,0.148851,0.0956652,0
0.0984884,0.146583,0.0944001,0
0.0931991,0.144535,0.0984903,0
0.0899804,0.140779,0.101384,0
0.0514085,0.163474,0.0818597,0
0.121904,0.154663,0.0993224,0
0.0864339,0.140517,0.0997132,0
0.0949647,0.143307,0.0988996,0
0.0947366,0.140884,0.101131,0
0.0443129,0.218943,0.0059477,0
0.0866438,0.139278,0.0933303,0
0.198174,0.141209,0.00230394,0
0.133634,0.161735,0.0964235,0
0.17499,0.161559,0.0174672,0
0.0941765,0.146243,0.096952,0
0.0501098,0.211225,0.0033923,0
0.0883422,0.141601,0.0974575,0
0.0402086,0.217053,0.0817395,0
0.155688,0.168702,0.0972316,0
0.0949205,0.143152,0.0965924,0
0.0428835,0.196675,0.0973751,0
0.0898908,0.14148,0.0982514,0
0.176116,0.200494,0.0792165,0
0.223832,0.172474,0.048329,0
0.0912801,0.145688,0.0952967,0
0.095959,0.140841,0.0979988,0
0.160679,0.157152,0.049083,0
0.0897377,0.208377,0.0829116,0
0.120988,0.155064,0.100725,0
0.0323406,0.143092,0.0638683,0
0.141005,0.178511,0.0221198,0
0.0885371,0.143925,0.101554,0
0.035864,0.159733,0.00245698,0
0.0187838,0.177555,0.0423789,0
0.118632,0.212324,0.0470817,0
0.122184,0.218878,0.0591642,0
0.0121942,0.206235,0.0935072,0
0.188664,0.158353,0.062235,0
0.0757071,0.146268,0.0773476,0
0.191579,0.180117,0.0582588,0
0.182346,0.16811,0.0068278,0
0.154097,0.220804,0.0813153,0
0.0464297,0.22055,0.000227439,0
0.114298,0.185468,0.0342686,0
0.0901555,0.14166,0.101515,0
0.185046,0.211928,0.0779097,0
0.211554,0.15776,0.0740665,0
0.00157562,0.21517,0.0312236,0
0.220345,0.208603,0.0228894,0
0.105568,0.208516,0.063941,0
0.101865,0.179342,0.0310129,0
0.160191,0.214615,0.0649423,0
0.153006,0.222257,0.0128634,0
0.217916,0.152054,0.0412478,0
0.210236,0.187434,0.0053932,0
0.175908,0.154062,0.00512699,0
0.179262,0.180809,0.019369,0
0.0425119,0.224372,0.0531227,0
0.205479,0.162953,0.0660509,0
0.154255,0.151251,0.0447674,0
0.0338949,0.192439,0.0810288,0
0.197954,0.189302,0.0021553,0
0.0931938,0.141962,0.0991473,0
0.16016,0.193827,0.0213814,0
0.194215,0.18829,0.00313207,0
0.150032,0.180283,0.0817601,0
0.165301,0.202803,0.0655396,0
0.220972,0.186108,0.0548211,0
0.0297876,0.167353,0.0772111,0
0.0342468,0.197416,0.0408742,0
0.0184003,0.159426,0.022928,0
0.208875,0.159405,0.0282393,0
0.082807,0.200919,0.0968502,0
0.0664252,0.15272,0.018001,0
0.090951,0.149232,0.0999809,0
0.0819103,0.220591,0.0901176,0
0.0933089,0.141852,0.101413,0
0.0281395,0.1963,0.0766073,0
0.0625005,0.150844,0.0563682,0
0.193429,0.190021,0.0438651,0
0.0452926,0.218496,0.00468799,0
0.0897557,0.144511,0.10042,0
0.0893142,0.168663,0.0114861,0
0.019323,0.152571,0.0181191,0
0.0946867,0.141545,0.0968706,0
0.208234,0.151596,0.00438682,0
0.115638,0.156751,0.0359515,0
0.198361,0.193044,0.00451256,0
0.088648,0.146647,0.101694,0
0.121576,0.213246,0.0564189,0
0.157731,0.166127,0.0161751,0
0.0902568,0.139837,0.0962357,0
0.0839253,0.199998,0.0206613,0
0.166158,0.190171,0.0537363,0
0.161501,0.152869,0.0760507,0
0.0898401,0.142715,0.10184,0
0.206528,0.154901,0.0318262,0
0.0887875,0.144497,0.0950053,0
0.114775,0.224946,0.0515746,0
0.0487689,0.162563,0.099636,0
0.0912314,0.140887,0.0952901,0
0.0963601,0.139307,0.0951991,0
0.193041,0.133633,0.0746679,1
0.136837,0.0410922,0.0768117,1
0.0972368,0.0309744,0.052866,1
0.0897727,0.138689,0.0949739,1
0.0949163,0.0859768,0.0217152,1
0.167504,0.0323642,0.0920946,1
0.208678,0.10168,0.0444755,1
0.152292,0.0684171,0.0164401,1
0.153582,0.0338665,0.042504,1
0.198344,0.0444871,0.0493658,1
0.11923,0.0307608,0.0292725,1
0.159318,0.0218936,0.0802057,1
0.0467702,0.136959,0.0266094,1
0.0931225,0.137769,0.099847,1
0.171815,0.0399748,0.0987714,1
0.218578,0.0443278,0.0547332,1
0.0966653,0.137044,0.101342,1
0.208222,0.0570734,0.0319197,1
0.14742,0.0250435,0.0339829,1
0.0962303,0.0531882,0.0843124,1
0.00344529,0.00917542,0.053825,1
0.0988048,0.058161,0.0579207,1
0.0294329,0.0963473,0.0159226,1
0.104614,0.0640645,0.00554177,1
0.221342,0.00997496,0.0381141,1
0.0332877,0.0113552,0.0720821,1
0.151059,0.0337141,0.0968361,1
0.219554,0.0348808,0.0373222,1
0.0713291,0.0279093,0.0863264,1
0.0992245,0.0877411,0.0198551,1
0.134493,0.0713531,0.0692165,1
0.184112,0.0967305,0.033627,1
0.073319,0.0502943,0.00266946,1
0.000203553,0.0983644,0.0896298,1
0.144333,0.0730925,0.0983458,1
0.183151,0.13606,0.0910071,1
0.0990882,0.13832,0.100346,1
0.0976283,0.127207,0.0355775,1
0.0409243,0.0832364,0.0626872,1
0.191403,0.136446,0.0730398,1
0.0619454,0.0857269,0.0566317,1
0.0347934,0.0698703,0.020192,1
0.102108,0.0444213,0.101815,1
0.21738,0.061559,0.0729406,1
0.0563362,0.0910082,0.0705264,1
0.0171693,0.0477256,0.020761,1
0.207593,0.0294377,0.0662317,1
0.220257,0.0803299,0.047411,1
0.190064,0.00682257,0.0893504,1
0.0514392,0.0343162,0.0512942,1
0.0949969,0.138701,0.0925015,1
0.216021,0.0644082,0.0944967,1
0.0557212,0.0550853,0.0331647,1
0.143755,0.0716058,0.0198315,1
0.0677494,0.00698497,0.0330153,1
0.0460001,0.111851,0.0740511,1
0.120338,0.0137003,0.0349402,1
0.0171475,0.0235042,0.0106436,1
0.214125,0.0326281,0.00431582,1
0.0963856,0.0928748,0.0980863,1
0.0042434,0.0677094,0.0549497,1
0.0174391,0.0460242,0.0263579,1
0.101521,0.0870572,0.0992445,1
0.0881811,0.0486533,0.0344765,1
0.058995,0.00719534,0.0953965,1
0.12815,0.018382,0.0130219,1
0.0886812,0.0814747,0.0688394,1
0.174559,0.0772289,0.010752,1
0.128595,0.0874631,0.0522442,1
0.173787,0.0257702,0.0844315,1
0.106412,0.0674268,0.0860643,1
0.138997,0.0781818,0.0283705,1
0.0816835,0.122335,0.0867225,1
0.201077,0.0382051,0.0789642,1
0.212391,0.0473361,0.0360145,1
0.128237,0.116509,0.0510851,1
0.108542,0.0845555,0.0427657,1
0.223602,0.0461809,0.0717517,1
0.152817,0.0540572,0.0522918,1
0.203153,0.108605,0.0778819,1
0.0886751,0.0140332,0.0384613,1
0.103438,0.0558286,0.0441971,1
0.0033324,0.116462,0.0372769,1
0.0498693,0.112483,0.0530861,1
0.209636,0.0503859,0.0328157,1
0.224603,0.042166,0.0725248,1
0.188254,0.108377,0.0172995,1
0.165307,0.0273562,0.0140601,1
0.144672,0.00117462,0.0815737,1
0.145089,0.0283427,0.0936062,1
0.161462,0.0211513,0.0801303,1
0.143944,0.0361635,0.0794712,1
0.0452774,0.0627575,0.0474012,1
0.210315,0.067823,0.000358235,1
0.215898,0.100256,0.0675983,1
0.187251,0.119719,0.00823667,1
0.0513109,0.130874,0.0542614,1
0.130109,0.0855673,0.0409777,1
0.132706,0.125286,0.0209581,1
0.0619983,0.122957,0.0693049,1
0.19102,0.119194,0.052033,1
0.138657,0.038322,0.0699575,1
0.102498,0.0770781,0.100739,1
0.138173,0.00806647,0.0781958,1
0.192889,0.0117341,0.0619083,1
0.113411,0.0044139,0.003435,1
0.0157886,0.131402,0.0722216,1
0.0926182,0.138203,0.0978033,1
0.124323,0.061625,0.0808563,1
0.140024,0.103832,0.000475069,1
0.0927105,0.136773,0.0928114,1
0.0124354,0.137995,0.0592781,1
0.161712,0.0968519,0.0595448,1
0.0466342,0.114262,0.0955655,1
0.159288,0.00130916,0.00845343,1
0.159155,0.0191826,0.0633214,1
0.15992,0.0851346,0.0412855,1
0.218636,0.102962,0.070605,1
0.167236,0.0715468,0.0709621,1
0.193223,0.000778136,0.0178348,1
0.112824,0.0569775,0.0291311,1
0.0907833,0.0295712,0.0897147,1
0.10909,0.0624407,0.0250318,1
0.0289626,0.00527814,0.0956583,1
0.0767407,0.0461864,0.0885698,1
0.0977609,0.129024,0.0932083,1
0.212972,0.0662724,0.097307,1
0.0924701,0.13656,0.101154,1
0.0949782,0.13829,0.0947051,1
0.0940348,0.138391,0.0975477,1
0.184974,0.137736,0.0183216,1
0.0894206,0.13797,0.0997407,1
0.0930332,0.13774,0.0979772,1
0.0977111,0.137763,0.0975451,1
0.0886557,0.139175,0.0942255,1
0.0232037,0.0838772,0.221055,2
0.104814,0.0919483,0.17795,2
0.0185946,0.0931547,0.154615,2
0.0791489,0.0985935,0.183806,2
0.0456693,0.0108184,0.14341,2
0.111923,0.0364642,0.207824,2
0.0233583,0.0298956,0.107037,2
0.0364768,0.0989662,0.181865,2
0.0708551,0.00223693,0.181396,2
0.0311969,0.000465257,0.185796,2
0.0321926,0.0929543,0.162779,2
0.0972396,0.0542101,0.172072,2
0.133037,0.017696,0.134979,2
0.147572,0.081744,0.175871,2
0.0567356,0.00547394,0.207921,2
0.196362,0.0698742,0.203168,2
0.100374,0.0361338,0.161813,2
0.109542,0.0318973,0.205027,2
0.177508,0.0884655,0.138287,2
0.00950326,0.0782989,0.176325,2
0.0650192,0.00393182,0.140604,2
0.0721412,0.0948649,0.194769,2
0.174974,0.0533417,0.165069,2
0.146348,0.0511383,0.141958,2
0.21705,0.0676084,0.148865,2
0.161981,0.0242902,0.1386,2
0.00848872,0.0853743,0.216015,2
0.0614154,0.0581693,0.173076,2
0.0875424,0.0592621,0.206156,2
0.204641,0.00880347,0.147256,2
0.0183556,0.00291281,0.149905,2
0.097712,0.0142535,0.108709,2
0.200977,0.0139042,0.142032,2
0.122528,0.0398317,0.124636,2
0.174429,0.0350325,0.216793,2
0.0963577,0.025721,0.169025,2
0.0285659,0.0253329,0.220296,2
0.183893,0.0279224,0.165943,2
0.175836,0.0203394,0.211233,2
0.0583911,0.0116687,0.133925,2
0.0261269,0.00391207,0.178613,2
0.209318,0.0163713,0.207208,2
0.206843,0.00320684,0.214385,2
0.182241,0.00699736,0.127718,2
0.12465,0.000285793,0.173204,2
0.0570638,0.0219909,0.15602,2
0.0113704,0.0443335,0.172448,2
0.0161342,0.0182946,0.149676,2
0.0977721,0.0756521,0.196582,2
0.1635,0.0750848,0.203297,2
0.0173603,0.0637522,0.148038,2
0.0720192,0.0376885,0.149323,2
0.0455003,0.0216173,0.103777,2
0.0959396,0.0951302,0.14455,2
0.0604625,0.0660569,0.164468,2
0.209924,0.0998361,0.178337,2
0.0492882,0.0513944,0.130948,2
0.163261,0.0136541,0.125615,2
0.172601,0.0133981,0.140708,2
0.124329,0.0506317,0.179603,2
0.115859,0.0277076,0.115251,2
0.0777526,0.0588843,0.124051,2
0.170626,0.057694,0.139693,2
0.00316656,0.0949603,0.154636,2
0.0214974,0.0387647,0.197045,2
0.087681,0.0458566,0.115862,2
0.0346736,0.00617227,0.158514,2
0.131549,0.0831609,0.177355,2
0.153823,0.049864,0.192724,2
0.0535096,0.0673241,0.208736,2
0.197881,0.0461431,0.178372,2
0.0169107,0.0393537,0.195906,2
0.155252,0.00990458,0.19967,2
0.118328,0.0270609,0.211895,2
0.0899628,0.0806794,0.104985,2
0.218157,0.0729801,0.109678,2
0.172024,0.0432834,0.197288,2
0.128077,0.052912,0.203507,2
0.207718,0.029882,0.13711,2
0.0506503,0.0222849,0.158766,2
0.111114,0.0973113,0.105352,2
0.203469,0.00704062,0.155744,2
0.0192959,0.0715797,0.111916,2
0.17561,0.0158899,0.216792,2
0.0331704,0.0841816,0.109748,2
0.201306,0.0104889,0.207963,2
0.12095,0.0480796,0.213682,2
0.142103,0.00337918,0.124707,2
0.010933,0.0796185,0.202423,2
0.0323836,0.0744523,0.223083,2
0.00322575,0.0303302,0.149324,2
0.0273125,0.0316887,0.214649,2
0.0261003,0.0383488,0.195848,2
0.012329,0.075578,0.204718,2
0.0137534,0.00806474,0.169892,2
0.0131134,0.0451477,0.147262,2
0.0246886,0.0226479,0.203012,2
0.169488,0.00552856,0.147931,2
0.121776,0.0484559,0.186303,2
0.139461,0.101761,0.17396,2
0.22351,0.0878084,0.176686,2
0.0169787,0.00300698,0.215134,2
0.00304386,0.0496466,0.190309,2
0.0652276,0.0947205,0.209028,2
0.118377,0.0256305,0.175663,2
0.109559,0.0371745,0.200949,2
0.00461036,0.0731618,0.195033,2
0.000670578,0.0993373,0.125149,2
0.0506769,0.00769078,0.203814,2
0.136578,0.094764,0.186428,2
0.0423568,0.0480467,0.190671,2
0.0538989,0.0754744,0.139241,2
0.194452,0.0398192,0.176122,2
0.114959,0.0344547,0.186435,2
0.0037736,0.0710035,0.221725,2
0.22472,0.0162664,0.127908,2
0.0032583,0.0461105,0.156604,2
0.031563,0.012242,0.106231,2
0.160351,0.0235336,0.218377,2
0.1567,0.0874489,0.211459,2
0.166096,0.00286274,0.197198,2
0.115711,0.0354379,0.196524,2
0.140314,0.100857,0.203554,2
0.137241,0.103726,0.143789,3
0.211236,0.169922,0.20624,3
0.127569,0.154363,0.105214,3
0.0685716,0.106321,0.203269,3
0.0952041,0.144139,0.103144,3
0.113066,0.138119,0.215419,3
0.194116,0.218071,0.128143,3
0.142139,0.173181,0.152131,3
0.215379,0.136757,0.203449,3
0.093104,0.146282,0.102978,3
0.0249792,0.220976,0.141675,3
0.0642796,0.150627,0.168766,3
0.0486095,0.140222,0.199458,3
0.07278,0.215129,0.186989,3
0.128544,0.218243,0.20326,3
0.0923292,0.143895,0.105153,3
0.148873,0.151481,0.16982,3
0.215582,0.138151,0.185904,3
0.169422,0.149081,0.186029,3
0.134362,0.136513,0.126576,3
0.220692,0.102943,0.178885,3
0.222156,0.217068,0.174992,3
0.116703,0.202858,0.173011,3
0.111819,0.190586,0.223121,3
0.209763,0.187778,0.168115,3
0.178691,0.217802,0.149063,3
0.111879,0.208176,0.130827,3
0.176057,0.195719,0.223838,3
0.172241,0.131904,0.15862,3
0.216294,0.141028,0.220441,3
0.139647,0.145689,0.17623,3
0.216235,0.116194,0.205531,3
0.174482,0.112807,0.198494,3
0.15664,0.205006,0.143178,3
0.165058,0.145407,0.123042,3
0.00305703,0.189952,0.104021,3
0.0165254,0.108501,0.201061,3
0.0938055,0.114266,0.161932,3
0.133553,0.178826,0.13501,3
0.0374297,0.158426,0.194968,3
0.156679,0.194958,0.143247,3
0.0132047,0.137093,0.196843,3
0.00815572,0.126287,0.131598,3
0.0209205,0.1304,0.154053,3
0.217232,0.163736,0.202333,3
0.106626,0.125061,0.174334,3
0.139454,0.127498,0.119845,3
0.139995,0.148296,0.18225,3
0.0984473,0.142471,0.105832,3
0.184525,0.124574,0.182017,3
0.0671145,0.181855,0.18534,3
0.10077,0.181318,0.215245,3
0.0505281,0.149689,0.214381,3
0.176728,0.143953,0.115518,3
0.180688,0.184649,0.134223,3
0.0432938,0.194047,0.123824,3
0.213061,0.175498,0.188425,3
0.0856642,0.211553,0.146273,3
0.167464,0.213289,0.202656,3
0.090224,0.118081,0.221477,3
0.0240799,0.197497,0.209614,3
0.00145031,0.161155,0.152864,3
0.0187551,0.144785,0.221684,3
0.125087,0.199304,0.21304,3
0.0165865,0.208373,0.133834,3
0.0646939,0.219634,0.169496,3
0.147742,0.139686,0.157657,3
0.0847435,0.202072,0.117411,3
0.0610237,0.147541,0.113514,3
0.0672687,0.17216,0.191942,3
0.0339523,0.202175,0.163914,3
0.186869,0.222705,0.163227,3
0.0559266,0.207238,0.122446,3
0.0785774,0.15035,0.176556,3
0.00268766,0.140514,0.145403,3
0.00550071,0.125359,0.173412,3
0.0663282,0.217485,0.114666,3
0.166142,0.168952,0.146823,3
0.0308006,0.223542,0.177919,3
0.159458,0.183449,0.143779,3
0.120977,0.194256,0.111224,3
0.193093,0.204093,0.123039,3
0.0107738,0.123524,0.130303,3
0.0389806,0.214855,0.201991,3
0.0939701,0.20488,0.134247,3
0.0926434,0.142389,0.104131,3
0.168674,0.1931,0.213041,3
0.0123189,0.20001,0.125757,3
0.0749993,0.131242,0.18606,3
0.100487,0.210648,0.166276,3
0.00963092,0.191453,0.196037,3
0.0399144,0.202802,0.127969,3
0.0902729,0.184073,0.223343,3
0.0487479,0.163596,0.10275,3
0.214465,0.147011,0.182978,3
0.197172,0.115205,0.173387,3
0.180779,0.132869,0.170017,3
0.0727887,0.199824,0.13502,3
0.173254,0.180986,0.14794,3
0.214255,0.17823,0.114391,3
0.0677625,0.164192,0.208563,3
0.0778828,0.124494,0.179501,3
0.0580536,0.107438,0.173759,3
0.0640744,0.114138,0.153903,3
0.184622,0.102221,0.132597,3
0.116093,0.12458,0.186654,3
0.0655894,0.116266,0.138456,3
0.0790181,0.110904,0.21888,3
0.0678312,0.117483,0.13624,3
0.189776,0.196394,0.114395,3
0.0861415,0.121936,0.179894,3
0.217946,0.135145,0.210635,3
0.00610728,0.117066,0.197788,3
0.0902382,0.139638,0.105301,3
0.153318,0.203918,0.119704,3
0.200327,0.153618,0.144034,3
0.154788,0.189502,0.218573,3
0.190935,0.125578,0.147112,3
0.102502,0.116435,0.120348,3
0.0411459,0.183783,0.183315,3
0.0902358,0.138211,0.103408,3
0.0473623,0.107225,0.179332,3
0.0917839,0.137896,0.102597,3
0.08662,0.148865,0.102065,3
