x coord,y coord,z coord,rank
0.09159,0.0872073,0.0949664,0
0.0952489,0.128973,0.108021,0
0.0875346,0.125137,0.10825,0
0.0876157,0.125132,0.108076,0
0.0602804,0.112468,0.0637573,0
0.0452859,0.0278425,0.0923443,0
0.0760286,0.0153657,0.00166142,0
0.0929397,0.123122,0.104722,0
0.0192338,0.174813,0.0887337,0
0.0215304,0.108224,0.105246,0
0.0551815,0.0149437,0.0825987,0
0.068499,0.145186,0.100715,0
0.0606219,0.173285,0.06827,0
0.0889018,0.125527,0.107057,0
0.0642676,0.210121,0.0328561,0
0.0911928,0.124488,0.102335,0
0.079843,0.095449,0.039996,0
0.0226652,0.164424,0.0536139,0
0.0169092,0.145351,0.0768702,0
0.071482,0.148857,0.0792771,0
0.0938136,0.131319,0.10949,0
0.0967108,0.219455,0.0725349,0
0.0366759,0.0204774,0.0309667,0
0.0128215,0.0752722,0.0139637,0
0.0338428,0.079346,0.00182607,0
0.0560155,0.128321,0.0554728,0
0.0458037,0.0354978,0.0934875,0
0.0356485,0.199421,0.00397701,0
0.0639115,0.175235,0.0684568,0
0.0829342,0.0469542,0.00757531,0
0.0594923,0.125358,0.0825443,0
0.0947218,0.124429,0.108604,0
0.0962118,0.217856,0.0308799,0
0.0794261,0.189015,0.0745307,0
0.0885194,0.150313,0.0789134,0
0.041513,0.120626,0.10703,0
0.0515806,0.184048,0.0652692,0
0.00964404,0.0133876,0.107367,0
0.0882089,0.122852,0.108624,0
0.042281,0.0739788,0.0139301,0
0.0591823,0.188714,0.0824769,0
0.0675589,0.0997198,0.0926284,0
0.00948701,0.11277,0.0340214,0
0.0211629,0.157855,0.0484878,0
0.00440162,0.203621,0.0360811,0
0.0935768,0.12693,0.106444,0
0.0412412,0.123201,0.0217619,0
0.0667084,0.0873837,0.106882,0
0.00569145,0.0261707,0.0250706,0
0.0762513,0.0862624,0.0534191,0
0.0368969,0.167316,0.0794376,0
0.091636,0.114862,0.105443,0
0.0461624,0.0861719,0.0978041,0
0.010999,0.108777,0.0609398,0
0.0370703,0.0427777,0.0631399,0
0.0868737,0.1353,0.0346907,0
0.0908586,0.120256,0.0148054,0
0.0128815,0.16931,0.0286246,0
0.092712,0.126867,0.107201,0
0.0900192,0.123321,0.10694,0
0.00168989,0.141022,0.0848442,0
0.0650315,0.0286292,0.0924014,0
0.0258643,0.218578,0.101204,0
0.0163994,0.0588056,0.110305,0
0.0354814,0.183021,0.061684,0
0.000160167,0.127866,0.0434909,0
0.0533661,0.0495238,0.0870517,0
0.0950437,0.090988,0.0925111,0
0.0581362,0.185108,0.0635942,0
0.0637444,0.208364,0.0362056,0
0.0436818,0.201732,0.0179339,0
0.0230479,0.0298417,0.0352933,0
0.0590192,0.0554322,0.0121012,0
0.0947605,0.131759,0.108484,0
0.0320987,0.167564,0.0772609,0
0.0744053,0.215034,0.0511955,0
0.0786866,0.0266553,0.0886339,0
0.0113852,0.124218,0.0101728,0
0.0463809,0.0411312,0.0264173,0
0.0520576,0.205396,0.100682,0
0.0925622,0.118234,0.0974363,0
0.00472185,0.154497,0.0364778,0
0.00246126,0.0730138,0.0212614,0
0.0272811,0.028918,0.0374006,0
0.0296171,0.135758,0.000301199,0
0.0472073,0.0651905,0.00900003,0
0.0741238,0.203226,0.0748895,0
0.0652747,0.151968,0.108418,0
0.0911163,0.122316,0.104302,0
0.0608544,0.174038,0.0530676,0
0.0948675,0.129261,0.110105,0
0.0582986,0.105501,0.036125,0
0.0652914,0.211562,0.0379775,0
0.0914285,0.128455,0.104495,0
0.0936211,0.0773337,0.0688452,0
0.0279392,0.161692,0.0189251,0
0.084311,0.0726246,0.000394181,0
0.065667,0.0493508,0.0643041,0
0.0499338,0.166527,0.037524,0
0.0139143,0.165785,0.0402991,0
0.090887,0.130247,0.10437,0
0.0879584,0.105514,0.0327667,0
0.0929761,0.123824,0.109632,0
0.036664,0.0315984,0.0346648,0
0.0668282,0.131306,0.0252569,0
0.0819927,0.0814889,0.0875494,0
0.0184813,0.12902,0.0889039,0
0.0638086,0.0443659,0.0880379,0
0.0928157,0.124454,0.1065,0
0.0475649,0.0818402,0.0521462,0
0.0825356,0.0363754,0.100071,0
0.0133871,0.0578278,0.107223,0
0.0592356,0.173526,0.0705289,0
0.0376833,0.0891382,0.030111,0
0.0398331,0.0589293,0.0252522,0
0.0839935,0.0562316,0.102397,0
0.0467488,0.015699,0.0506179,0
0.0928835,0.122805,0.109789,0
0.0952538,0.0904718,0.087695,0
0.0910523,0.129039,0.10246,0
0.092642,0.124851,0.109073,0
0.0956595,0.127009,0.108469,0
0.0931981,0.123965,0.110214,0
0.0924892,0.126993,0.107713,0
0.0934447,0.127139,0.109343,0
0.0912469,0.119373,0.105705,0
0.0914781,0.121199,0.106977,0
0.0943269,0.129231,0.105986,0
0.096097,0.122654,0.110114,0
0.0942648,0.121438,0.115272,1
0.0986703,0.126049,0.115042,1
0.105875,0.186425,0.167145,1
0.0897477,0.120925,0.114199,1
0.0734388,0.0790903,0.127513,1
0.0997041,0.219135,0.175783,1
0.00666323,0.15356,0.196321,1
0.0930421,0.122026,0.110676,1
0.100228,0.126211,0.11284,1
0.0148168,0.160967,0.19651,1
0.0943319,0.127007,0.118699,1
0.0922328,0.0702271,0.122885,1
0.0798958,0.122158,0.118866,1
0.0906786,0.125661,0.116452,1
0.0982261,0.122956,0.113705,1
0.0953634,0.123231,0.111752,1
0.0581077,0.0436543,0.195028,1
0.0953276,0.125966,0.117714,1
0.0164646,0.0699108,0.188553,1
0.0936136,0.129093,0.111492,1
0.00211042,0.0703797,0.203377,1
0.0495612,0.0797689,0.135814,1
0.0888243,0.196817,0.152714,1
0.0753864,0.0435757,0.188432,1
0.0861105,0.119892,0.113278,1
0.0153743,0.143146,0.186065,1
0.00777396,0.209414,0.112082,1
0.0355593,0.188461,0.144483,1
0.044797,0.197086,0.162075,1
0.056331,0.0426319,0.174465,1
0.10259,0.0866367,0.123164,1
0.0665529,0.101005,0.164297,1
0.06533,0.0838772,0.210421,1
0.0746225,0.164551,0.161164,1
0.0299754,0.204217,0.16301,1
0.00477445,0.169198,0.195588,1
0.0780335,0.174307,0.16629,1
0.0845517,0.0324686,0.205542,1
0.0979231,0.000317412,0.114411,1
0.0517507,0.0967593,0.169919,1
0.0894521,0.126869,0.111238,1
0.0588151,0.0473389,0.188675,1
0.0851178,0.0935197,0.204425,1
0.0153017,0.0169302,0.195976,1
0.0457269,0.133563,0.183576,1
0.0930145,0.122385,0.114738,1
0.0910044,0.130859,0.11947,1
0.0797448,0.0156121,0.11537,1
0.0531934,0.106942,0.190473,1
0.0159097,0.136095,0.188488,1
0.0934364,0.128714,0.111857,1
0.0877853,0.0857324,0.206264,1
0.0488211,0.0713932,0.150552,1
0.0974866,0.120727,0.116353,1
0.0565964,0.0888429,0.131508,1
0.0801777,0.0672652,0.140913,1
0.0283332,0.0759111,0.14016,1
0.0810316,0.101372,0.203212,1
0.0927714,0.124698,0.114013,1
0.0838901,0.152377,0.192949,1
0.00671724,0.107445,0.192402,1
0.0151324,0.19635,0.127721,1
0.0165866,0.187821,0.115983,1
0.0809806,0.0205066,0.206146,1
0.0230983,0.128061,0.210585,1
0.101054,0.171434,0.134411,1
0.104167,0.187353,0.164044,1
0.0870136,0.08343,0.211334,1
0.0845139,0.129136,0.113355,1
0.0336611,0.206035,0.2179,1
0.0841595,0.0155127,0.209064,1
0.102626,0.207936,0.193714,1
0.00408999,0.161966,0.218607,1
0.0368808,0.195193,0.212617,1
0.0757264,0.125472,0.177378,1
0.0637632,0.133226,0.222194,1
0.0377921,0.208006,0.221505,1
0.049177,0.178877,0.125744,1
0.0118113,0.178116,0.133989,1
0.0194235,0.0524723,0.116663,1
0.00786259,0.0174196,0.166517,1
0.0519287,0.00328336,0.192542,1
0.0875199,0.129485,0.111361,1
0.098037,0.125598,0.112182,1
0.0390006,0.026763,0.140818,1
0.0682394,0.114267,0.153408,1
0.0570569,0.0749809,0.121368,1
0.0718374,0.192689,0.159934,1
0.0205223,0.209489,0.207988,1
0.0956885,0.122656,0.114829,1
0.0474537,0.0820405,0.137251,1
0.0598579,0.120516,0.155294,1
0.0682219,0.093091,0.127013,1
0.0829531,0.115355,0.133245,1
0.0978435,0.124909,0.114038,1
0.089955,0.123915,0.1112,1
0.00762258,0.127056,0.147888,1
0.00950271,0.222438,0.208329,1
0.0827224,0.206407,0.156127,1
0.0348063,0.0499642,0.11056,1
0.0486592,0.103903,0.186416,1
0.0610292,0.191733,0.157886,1
0.0437732,0.167983,0.15188,1
0.0996843,0.125233,0.112728,1
0.101425,0.168919,0.13812,1
0.0948199,0.126351,0.110583,1
0.0882902,0.0739572,0.128697,1
0.0927578,0.158736,0.163279,1
0.0899863,0.118012,0.115812,1
0.0964579,0.128871,0.114893,1
0.0958924,0.221097,0.135184,1
0.0823546,0.123013,0.116739,1
0.0953104,0.0168951,0.18593,1
0.0391628,0.162404,0.132896,1
0.0942076,0.120365,0.110415,1
0.0505366,0.00557603,0.123429,1
0.0951565,0.126522,0.111986,1
0.0934674,0.123822,0.111892,1
0.099669,0.125697,0.112019,1
0.101624,0.00935674,0.110545,1
0.203292,0.139839,0.152376,2
0.18046,0.104285,0.125815,2
0.154315,0.174013,0.117634,2
0.201652,0.0921342,0.179719,2
0.154364,0.115386,0.119743,2
0.159089,0.131779,0.208396,2
0.188018,0.0923033,0.11269,2
0.13666,0.211163,0.173346,2
0.213265,0.0974299,0.211483,2
0.128388,0.0132838,0.130756,2
0.184612,0.134841,0.192535,2
0.223868,0.0364873,0.185719,2
0.142907,0.114861,0.176888,2
0.203933,0.220535,0.179751,2
0.112436,0.050015,0.166863,2
0.15153,0.0555792,0.121825,2
0.117953,0.112557,0.188819,2
0.187281,0.121522,0.171282,2
0.189685,0.0250233,0.187763,2
0.130492,0.201753,0.206531,2
0.111314,0.22414,0.218604,2
0.133241,0.1684,0.202187,2
0.156496,0.0544681,0.181577,2
0.124645,0.170137,0.120208,2
0.172223,0.193646,0.128324,2
0.213595,0.116889,0.175008,2
0.19726,0.0129948,0.198544,2
0.137832,0.0351414,0.182442,2
0.127884,0.0663401,0.130767,2
0.183569,0.138358,0.156113,2
0.160446,0.0450742,0.19936,2
0.111193,0.0867664,0.217622,2
0.12216,0.146711,0.183321,2
0.163838,0.183738,0.117601,2
0.108576,0.190635,0.193729,2
0.108125,0.100428,0.162148,2
0.148535,0.144742,0.188457,2
0.195486,0.0251655,0.156026,2
0.178647,0.0885165,0.118961,2
0.197273,0.0648141,0.17342,2
0.189576,0.0405591,0.197036,2
0.21546,0.221125,0.206204,2
0.197299,0.0282974,0.183621,2
0.219724,0.15242,0.223423,2
0.139796,0.206091,0.211296,2
0.121241,0.153242,0.178083,2
0.224764,0.218914,0.22229,2
0.137457,0.0799285,0.172669,2
0.21145,0.137934,0.170637,2
0.148867,0.00345816,0.199555,2
0.205533,0.133752,0.188796,2
0.188525,0.0302988,0.204056,2
0.148254,0.0102295,0.198789,2
0.216964,0.0351758,0.117023,2
0.219271,0.147203,0.12591,2
0.163537,0.206084,0.132554,2
0.156015,0.148066,0.174556,2
0.168361,0.139343,0.160747,2
0.170067,0.124976,0.11219,2
0.173213,0.212483,0.111656,2
0.212938,0.0193551,0.19869,2
0.189206,0.160495,0.113655,2
0.130019,0.22055,0.143178,2
0.159781,0.15681,0.140049,2
0.212863,0.0461705,0.156075,2
0.183109,0.0237678,0.150188,2
0.150793,0.0434975,0.189694,2
0.130591,0.131122,0.148678,2
0.144328,0.223073,0.152426,2
0.189252,0.111069,0.180289,2
0.174497,0.0551614,0.180251,2
0.210704,0.167429,0.115429,2
0.173802,0.128553,0.17252,2
0.190918,0.0520475,0.222196,2
0.189504,0.141077,0.116186,2
0.187283,0.0184965,0.150023,2
0.131244,0.16229,0.154915,2
0.113445,0.0890622,0.192238,2
0.149437,0.0880793,0.137481,2
0.202351,0.155269,0.222136,2
0.120156,0.217893,0.222606,2
0.173207,0.00951631,0.206039,2
0.224632,0.00223346,0.213521,2
0.216972,0.0552262,0.157446,2
0.207647,0.121278,0.138605,2
0.218846,0.205304,0.143215,2
0.194345,0.0228363,0.204925,2
0.121028,0.0472972,0.224053,2
0.205345,0.0657788,0.115205,2
0.142641,0.0820314,0.132239,2
0.207347,0.122997,0.159148,2
0.126461,0.0642412,0.186226,2
0.205642,0.195835,0.177402,2
0.127905,0.162287,0.179704,2
0.211885,0.146826,0.169472,2
0.160486,0.0440958,0.209223,2
0.215113,0.0877716,0.196791,2
0.155886,0.0877091,0.205801,2
0.172151,0.0877498,0.121334,2
0.158766,0.109622,0.174306,2
0.146736,0.0357675,0.214919,2
0.129917,0.102775,0.143321,2
0.115616,0.148544,0.218351,2
0.175131,0.00176936,0.193511,2
0.165125,0.143322,0.207974,2
0.219983,0.0247757,0.121789,2
0.155946,0.214575,0.182061,2
0.179439,0.203544,0.177716,2
0.140405,0.0049298,0.154122,2
0.106491,0.00662376,0.154976,2
0.141415,0.194189,0.112553,2
0.172809,0.0721745,0.151285,2
0.134829,0.115403,0.152456,2
0.142844,0.0472218,0.193724,2
0.157361,0.198329,0.173008,2
0.160677,0.0935318,0.147855,2
0.112756,0.137224,0.110893,2
0.136263,0.171434,0.179468,2
0.108803,0.103367,0.117539,2
0.187406,0.13078,0.127339,2
0.175907,0.0446356,0.124975,2
0.129668,0.0810628,0.118115,2
0.108075,0.0736889,0.0746355,3
0.127906,0.209093,0.0523038,3
0.110089,0.121254,0.0632473,3
0.122051,0.204706,0.0442099,3
0.102512,0.125165,0.109288,3
0.129343,0.0790313,0.0781099,3
0.131476,0.195884,0.0119316,3
0.221152,0.0152845,0.10106,3
0.115992,0.158752,0.105819,3
0.167791,0.0336108,0.103479,3
0.159164,0.0247796,0.107713,3
0.10152,0.0806744,0.0281358,3
0.0989628,0.128559,0.10618,3
0.103801,0.12029,0.103743,3
0.200389,0.0397304,0.109334,3
0.106095,0.0315543,0.0117269,3
0.185559,0.187241,0.0173365,3
0.203626,0.149028,0.014137,3
0.163704,0.15806,0.0972491,3
0.146735,0.212061,0.102791,3
0.116803,0.157371,0.105385,3
0.158642,0.10481,0.0885161,3
0.132031,0.0613311,0.0757227,3
0.13231,0.015068,0.0794382,3
0.120368,0.18679,0.0191279,3
0.104797,0.193717,0.0232044,3
0.0977587,0.126691,0.108787,3
0.118906,0.00178167,0.106586,3
0.192275,0.117053,0.066712,3
0.19331,0.000851896,0.00419593,3
0.221529,0.146272,0.0326139,3
0.219807,0.0239974,0.00994427,3
0.100004,0.0205688,0.00397164,3
0.178905,0.195432,0.109328,3
0.21527,0.100741,0.108174,3
0.220496,0.0736113,0.00694475,3
0.112299,0.17378,0.00887488,3
0.129751,0.0103519,0.0277001,3
0.207886,0.00169671,0.0270173,3
0.179127,0.020186,0.0936447,3
0.118505,0.0435885,0.0403795,3
0.176419,0.0906674,0.034857,3
0.141365,0.0144062,0.0399033,3
0.118551,0.200377,0.0524351,3
0.102737,0.0539448,0.0832317,3
0.113289,0.18486,0.0844659,3
0.115711,0.182156,0.0214559,3
0.10539,0.141654,0.0378764,3
0.210585,0.109408,0.080924,3
0.219238,0.224287,0.049672,3
0.207592,0.183739,0.0537596,3
0.150338,0.101183,0.0205966,3
0.144484,0.172431,0.068742,3
0.201677,0.200949,0.0774945,3
0.155966,0.0226725,0.0390449,3
0.107109,0.0775101,0.0116169,3
0.15219,0.0771866,0.0764445,3
0.203081,0.197488,0.0176848,3
0.185417,0.0230565,0.0904087,3
0.224451,0.217554,0.0704344,3
0.20681,0.0395802,0.0844168,3
0.211499,0.125303,0.03166,3
0.220595,0.0973521,0.0943655,3
0.114659,0.191271,0.0244714,3
0.203138,0.0729974,0.0527661,3
0.186188,0.164994,0.0128893,3
0.203767,0.0239567,0.030294,3
0.146715,0.0385889,0.0222236,3
0.115104,0.171753,0.0329844,3
0.18508,0.139771,0.0779235,3
0.179961,0.0992727,0.0891507,3
0.136079,0.170153,0.014636,3
0.223679,0.0223803,0.0109508,3
0.132186,0.126244,0.0820582,3
0.124203,0.0842644,0.0943168,3
0.189791,0.0851759,0.0360052,3
0.205959,0.0680758,0.0847761,3
0.186233,0.00770205,0.0826199,3
0.10498,0.0333624,0.0103636,3
0.144199,0.0820644,0.0972233,3
0.18373,0.207114,0.038819,3
0.201971,0.158589,0.0587905,3
0.101819,0.1209,0.0253191,3
0.208016,0.0268885,0.0666021,3
0.143144,0.152853,0.026761,3
0.135992,0.207945,0.0330928,3
0.106739,0.168744,0.00886421,3
0.146484,0.131589,0.0145541,3
0.178456,0.117047,0.0729257,3
0.19557,0.174173,0.0934888,3
0.197585,0.114457,0.032692,3
0.141263,0.0258893,0.00498084,3
0.19542,0.00820419,0.00679264,3
0.178185,0.135861,0.103682,3
0.121133,0.189616,0.0580367,3
0.111657,0.13933,0.0225206,3
0.210568,0.124086,0.0153957,3
0.120588,0.107204,0.0401337,3
0.214385,0.102841,0.03282,3
0.121657,0.188136,0.0214239,3
0.165307,0.0979017,0.0656942,3
0.198859,0.131784,0.103581,3
0.124429,0.0225344,0.0408867,3
0.198828,0.0156001,0.0505472,3
0.122055,0.107013,0.0360131,3
0.213386,0.101818,0.0295727,3
0.12799,0.0207748,0.0172485,3
0.124788,0.0427949,0.104543,3
0.158264,0.0364005,0.0404429,3
0.135104,0.0753339,0.0392196,3
0.203178,0.0847536,0.049986,3
0.144707,0.00738758,0.0408761,3
0.219676,0.0250979,0.0341496,3
0.142211,0.0139553,0.0386197,3
0.166292,0.0994955,0.0812817,3
0.203192,0.0933225,0.0719465,3
0.18193,0.0676895,0.0114895,3
0.125846,0.136223,0.0442605,3
0.0991788,0.125153,0.104379,3
0.108046,0.0130723,0.0327338,3
0.215555,0.0864361,0.0324744,3
0.10725,0.0116757,0.0325793,3
0.186279,0.0896333,0.0645942,3
0.220799,0.00936186,0.0498935,3
0.0994735,0.128502,0.106009,3
0.100756,0.126539,0.10788,3
0.0994262,0.128439,0.107972,3
0.0979737,0.125302,0.104179,3
0.139714,0.0855674,0.109478,3
