x coord,y coord,z coord,rank
0.147679,0.179812,0.11438,0
0.142782,0.119644,0.106959,0
0.124037,0.160438,0.0936833,0
0.142719,0.223924,0.0427173,0
0.172677,0.170293,0.0672981,0
0.191934,0.20894,0.10639,0
0.1555,0.191051,0.0752589,0
0.173665,0.201908,0.0101194,0
0.149749,0.218754,0.108968,0
0.17832,0.193518,0.0620904,0
0.200999,0.219743,0.106177,0
0.159322,0.13853,0.112208,0
0.18892,0.185938,0.101569,0
0.159793,0.155825,0.152516,0
0.153305,0.144649,0.010063,0
0.179253,0.13108,0.179772,0
0.129995,0.149645,0.212264,0
0.129501,0.177846,0.0230997,0
0.158775,0.218171,0.116423,0
0.195996,0.183246,0.0109555,0
0.219755,0.224195,0.222826,0
0.145094,0.147407,0.130361,0
0.204536,0.144014,0.213191,0
0.163494,0.200334,0.209352,0
0.139941,0.153812,0.055455,0
0.207349,0.145156,0.223999,0
0.162558,0.22267,0.102523,0
0.1364,0.128007,0.0508294,0
0.198862,0.142717,0.20759,0
0.22099,0.193255,0.197087,0
0.109632,0.147563,0.0257159,0
0.110884,0.145247,0.160023,0
0.139793,0.191221,0.144912,0
0.170475,0.217647,0.182432,0
0.151299,0.138303,0.102838,0
0.220409,0.193062,0.0257005,0
0.156478,0.173049,0.129475,0
0.201002,0.212587,0.0905888,0
0.183571,0.159255,0.207632,0
0.199231,0.178032,0.171701,0
0.191505,0.127418,0.160827,0
0.190635,0.223957,0.151491,0
0.158914,0.165337,0.0723329,0
0.125659,0.220345,0.0616861,0
0.147402,0.150056,0.138473,0
0.125532,0.156558,0.0970628,0
0.127617,0.170158,0.0138611,0
0.18469,0.165523,0.0161541,0
0.22459,0.140069,0.133522,0
0.147247,0.202977,0.089085,0
0.146751,0.157498,0.129783,0
0.210016,0.2173,0.160126,0
0.141784,0.164801,0.0474921,0
0.224284,0.22475,0.0426408,0
0.144358,0.186726,0.102169,0
0.117743,0.149946,0.164371,0
0.121007,0.126341,0.148925,0
0.135332,0.146865,0.0583594,0
0.197538,0.170862,0.000280042,0
0.124062,0.174015,0.199796,0
0.194898,0.151729,0.122679,0
0.163449,0.126371,0.103709,0
0.19138,0.171992,0.0544939,0
0.120175,0.161267,0.120964,0
0.210016,0.147312,0.00691957,0
0.121901,0.147805,0.0872471,0
0.223568,0.175096,0.0747647,0
0.180342,0.206115,0.0521812,0
0.17986,0.122182,0.185143,0
0.155175,0.116651,0.0292813,0
0.195808,0.208288,0.0841797,0
0.140376,0.195147,0.167172,0
0.185426,0.173123,0.0851968,0
0.143855,0.221726,0.133188,0
0.224778,0.162705,0.190224,0
0.142575,0.130702,0.0772936,0
0.209723,0.134374,0.028993,0
0.192048,0.221163,0.0556031,0
0.11987,0.171949,0.150696,0
0.130461,0.132627,0.0578755,0
0.18049,0.209516,0.0329136,0
0.166438,0.224528,0.14781,0
0.180795,0.127322,0.0438683,0
0.177174,0.140691,0.0319461,0
0.222331,0.191061,0.133871,0
0.189725,0.14736,0.106576,0
0.177921,0.192875,0.00431169,0
0.219002,0.192982,0.0194356,0
0.180598,0.178778,0.0904168,0
0.156491,0.160282,0.0999718,0
0.210321,0.17137,0.17716,0
0.127727,0.18237,0.0766217,0
0.220511,0.155541,0.219671,0
0.160026,0.206772,0.192048,0
0.133564,0.187332,0.205918,0
0.174841,0.192809,0.190216,0
0.131132,0.171941,0.0804218,0
0.163299,0.131246,0.0203765,0
0.12919,0.142952,0.20118,0
0.134299,0.133622,0.124619,0
0.136912,0.168876,0.10881,0
0.224017,0.148187,0.0126144,0
0.126787,0.198519,0.11266,0
0.106915,0.186155,0.0795099,0
0.203139,0.15243,0.212922,0
0.217174,0.169268,0.153084,0
0.132989,0.171441,0.126558,0
0.14262,0.156925,0.167987,0
0.164284,0.15809,0.046103,0
0.129134,0.125531,0.216992,0
0.209234,0.111968,0.193668,0
0.17414,0.121853,0.219934,0
0.18827,0.125775,0.0975734,0
0.177971,0.118289,0.169145,0
0.14177,0.114218,0.0681389,0
0.211969,0.112392,0.0748085,0
0.185761,0.123482,0.0103735,0
0.118757,0.113282,0.0284868,0
0.186781,0.113842,0.214861,0
0.125225,0.120386,0.130789,0
0.131977,0.124472,0.197998,0
0.124372,0.114584,0.165723,0
0.15477,0.111247,0.131033,0
0.209779,0.122829,0.223401,0
0.129727,0.119075,0.121969,0
0.110393,0.179008,0.176575,0
0.112959,0.199607,0.206098,0
0.107907,0.18691,0.0824845,0
0.118338,0.103837,0.121454,1
0.115605,0.00413483,0.104332,1
0.146067,0.0759104,0.0849623,1
0.171639,0.0122893,0.0202055,1
0.191864,0.0154863,0.0285606,1
0.12785,0.0382469,0.158003,1
0.202615,0.0101141,0.203569,1
0.169772,0.0123852,0.0256388,1
0.125723,0.0605003,0.0897119,1
0.132937,0.0357804,0.0466858,1
0.178445,0.098842,0.136934,1
0.10656,0.087227,0.0209354,1
0.124651,0.0477003,0.212884,1
0.190289,0.0705348,0.174264,1
0.188348,0.0338051,0.0939574,1
0.147324,0.090252,0.10177,1
0.171534,0.0414997,0.124024,1
0.16509,0.0555215,0.0876726,1
0.157132,0.0975484,0.200884,1
0.109792,0.0350907,0.0998987,1
0.138944,0.0942008,0.103212,1
0.145509,0.0298292,0.00726584,1
0.224342,0.00555508,0.143743,1
0.170329,0.0339478,0.000553789,1
0.129805,0.0108214,0.122276,1
0.124913,0.00668017,0.0822481,1
0.184386,0.0653619,0.00424564,1
0.109351,0.098176,0.0341711,1
0.182291,0.0669696,0.114557,1
0.157166,0.0166588,0.109181,1
0.197651,0.0329196,0.0636511,1
0.197417,0.0478908,0.129888,1
0.207781,0.0321519,0.103337,1
0.196842,0.0397544,0.117219,1
0.156477,0.0385018,0.107847,1
0.136748,0.0153885,0.116221,1
0.185687,0.0650577,0.0862486,1
0.117293,0.0723369,0.106582,1
0.167437,0.0293436,0.095079,1
0.197886,0.0323984,0.115873,1
0.165411,0.0250012,0.194175,1
0.158521,0.0977738,0.177241,1
0.207477,0.102752,0.111674,1
0.124549,0.0528288,0.0547713,1
0.132444,0.0474453,0.0919031,1
0.124172,0.0496854,0.192588,1
0.211775,0.0794118,0.0318652,1
0.144062,0.0339927,0.0957575,1
0.138335,0.0100673,0.203841,1
0.151378,0.00869665,0.19879,1
0.11996,0.0897066,0.0469894,1
0.197007,0.0792215,0.0780764,1
0.147871,0.0304232,0.146266,1
0.198428,0.0719935,0.132222,1
0.205355,0.0843268,0.174273,1
0.134498,0.0290762,0.224972,1
0.137844,0.017451,0.0416636,1
0.162543,0.00844281,0.131503,1
0.142069,0.102687,0.010006,1
0.136353,0.00144176,0.183518,1
0.186239,0.0440003,0.179516,1
0.169117,0.101096,0.06332,1
0.152614,0.0602707,0.0674612,1
0.164501,0.0130466,0.219955,1
0.168602,0.064688,0.142019,1
0.171922,0.0515615,0.170974,1
0.133511,0.0926517,0.134982,1
0.188245,0.0331658,0.0140728,1
0.212492,0.0686171,0.0131207,1
0.111199,0.0480636,0.0244519,1
0.121423,0.071324,0.0859273,1
0.21823,0.00301215,0.00589537,1
0.187243,0.103903,0.132792,1
0.13357,0.0613425,0.0602716,1
0.14796,0.0698501,0.0229219,1
0.165374,0.0826307,0.117877,1
0.167472,0.0952614,0.0867358,1
0.217702,0.0434347,0.0670437,1
0.153156,0.0535863,0.188902,1
0.138881,0.0349904,0.189853,1
0.183512,0.0917733,0.161711,1
0.126763,0.0394416,0.0881103,1
0.212774,0.101914,0.216666,1
0.126823,0.0983173,0.222363,1
0.17984,0.0338888,0.209255,1
0.197857,0.0896597,0.129999,1
0.18227,0.0412477,0.217501,1
0.221123,0.103374,0.182987,1
0.133038,0.0255433,0.00900281,1
0.129354,0.0380819,0.209282,1
0.154166,0.0399046,0.0597771,1
0.212731,0.0800327,0.12283,1
0.202492,0.0872437,0.0410597,1
0.118111,0.0431396,0.19696,1
0.163332,0.0540132,0.0837082,1
0.133487,0.0772985,0.170398,1
0.173085,0.0540625,0.0197657,1
0.213163,0.0242274,0.188841,1
0.127104,0.0969104,0.00620249,1
0.17606,0.0022317,0.148898,1
0.180895,0.106672,0.215429,1
0.108812,0.0289222,0.128675,1
0.114244,0.0918665,0.064863,1
0.14217,0.0411237,0.216999,1
0.174379,0.07035,0.133946,1
0.203163,0.110788,0.0319206,1
0.140743,0.0182414,0.18825,1
0.162349,0.0985626,0.177518,1
0.160947,0.0300811,0.0223314,1
0.177718,0.0256923,0.169618,1
0.186493,0.0737384,0.185442,1
0.169089,0.0754067,0.122456,1
0.131077,0.0121549,0.0406831,1
0.218467,0.0762291,0.17561,1
0.158784,0.0979646,0.0351127,1
0.152812,0.00624432,0.209394,1
0.174801,0.0321357,0.123607,1
0.148158,0.00508913,0.182066,1
0.214584,0.0725334,0.189542,1
0.19063,0.0375201,0.164612,1
0.192206,0.0798472,0.212024,1
0.151452,0.0945559,0.213662,1
0.131895,0.0774567,0.142531,1
0.129936,0.0568708,0.128178,1
0.112512,0.0432904,0.136609,1
0.112919,0.0517296,0.0659442,1
0.106766,0.0157921,0.0659951,1
0.0638886,0.122921,0.122364,2
0.0961531,0.0227532,0.130038,2
0.0809251,0.129621,0.106004,2
0.06224,0.117109,0.160149,2
0.0829057,0.0382976,0.139844,2
0.0965039,0.104889,0.190157,2
0.0893079,0.0217263,0.17726,2
0.0560497,0.0107997,0.133569,2
0.00750755,0.126874,0.216338,2
0.00269725,0.125334,0.101479,2
0.0482438,0.0145843,0.204526,2
0.0258188,0.0665813,0.187723,2
0.0545636,0.0932334,0.12929,2
0.0874221,0.0705979,0.168935,2
0.0507592,0.116373,0.184937,2
0.0944763,0.0506868,0.133257,2
0.0798814,0.129377,0.223823,2
0.0687395,0.130351,0.200992,2
0.098364,0.100903,0.0298208,2
0.0177445,0.0659373,0.102447,2
0.0757112,0.0529978,0.0217768,2
0.0701053,0.0452368,0.042379,2
0.0942964,0.120995,0.176968,2
0.0141699,0.0776073,0.0297405,2
0.0147938,0.10326,0.0469963,2
0.0366247,0.0433258,0.0693586,2
0.0260771,0.0864308,0.0628892,2
0.0428254,0.0526577,0.0809752,2
0.0463439,0.0753657,0.0626094,2
0.00288988,0.0437796,0.1276,2
0.00844236,0.0192822,0.180491,2
0.0480692,0.0455755,0.149508,2
0.0748382,0.0322281,0.0581128,2
0.0832474,0.067353,0.172017,2
0.0213361,0.0517793,0.165166,2
0.00756874,0.0204454,0.0537877,2
0.069573,0.0379731,0.173476,2
0.011601,0.0974035,0.0490213,2
0.0363448,0.0189718,0.147127,2
0.052143,0.0783673,0.0629808,2
0.031704,0.0776925,0.135414,2
0.02556,0.0656896,0.182311,2
0.039325,0.0262609,0.170923,2
0.0543856,0.00952387,0.106382,2
0.0182114,0.0219718,0.0362455,2
0.0488785,0.11425,0.0807078,2
0.00207587,0.0469075,0.180718,2
0.0881771,0.0692326,0.178003,2
0.0142668,0.109913,0.184356,2
0.0457521,0.105422,0.132091,2
0.0236804,0.108659,0.224584,2
0.00207934,0.0601288,0.191868,2
0.05854,0.053098,0.105272,2
0.0811366,0.0421609,0.0908923,2
0.00683149,0.045642,0.0144464,2
0.0540143,0.0364246,0.0488141,2
0.0970871,0.0612643,0.0507198,2
0.0108432,0.0660169,0.042897,2
0.0533629,0.0483943,0.086731,2
0.0563475,0.0176482,0.0365302,2
0.00629477,0.0625363,0.147537,2
0.0169121,0.017368,0.221136,2
0.047773,0.025076,0.00698204,2
0.00649293,0.0677479,0.0307831,2
0.0139936,0.0196035,0.0667771,2
0.0155452,0.0964313,0.049764,2
0.0501392,0.0831071,0.158124,2
0.0671722,0.079516,0.0832966,2
0.0334563,0.0634014,0.0944109,2
0.0488105,0.0878767,0.0723769,2
0.00617236,0.0698119,0.138701,2
0.0352914,0.108474,0.170318,2
0.00248715,0.108729,0.216624,2
0.0578483,0.0664562,0.157611,2
0.0132776,0.00920161,0.0737213,2
0.100082,0.0254089,0.0458769,2
0.0950215,0.0399319,0.0293209,2
0.0478275,0.0273417,0.131892,2
0.0897388,0.0373194,0.014097,2
0.00809968,0.0857001,0.0543953,2
0.0823437,0.0953856,0.100655,2
0.00578941,0.0402969,0.14535,2
0.0329682,0.0474072,0.0068405,2
0.0323405,0.0413961,0.219697,2
0.061576,0.00612439,0.0894244,2
0.0722371,0.0760987,0.012332,2
0.0828992,0.109119,0.0341666,2
0.0434665,0.0449544,0.196238,2
0.0529461,0.074263,0.221679,2
0.0593567,0.0451938,0.18554,2
0.0634857,0.0735029,0.144128,2
0.079841,0.0353906,0.151833,2
0.0398569,0.0575812,0.0914043,2
0.049076,0.0491503,0.190334,2
0.0659066,0.102201,0.152113,2
0.0346012,0.058026,0.0254776,2
0.0198865,0.00603527,0.021141,2
0.078523,0.066788,0.0587276,2
0.0553165,0.0762027,0.109254,2
0.0937011,0.0983414,0.167809,2
0.0335581,0.0213963,0.157216,2
0.0951784,0.0755511,0.185668,2
0.0987556,0.0764119,0.214323,2
0.0355371,0.0847719,0.204762,2
0.0478679,0.0357263,0.116569,2
0.0851506,0.0914753,0.143629,2
0.0885702,0.0582819,0.0301159,2
0.10026,0.0217448,0.0442546,2
0.0813389,0.115908,0.126672,2
0.0716006,0.0381123,0.196065,2
0.0951936,0.118286,0.0812118,2
0.01276,0.099109,0.113838,2
0.0657674,0.131968,0.0858734,2
0.0398891,0.0209179,0.104932,2
0.0758613,0.0619616,0.0266163,2
0.0989077,0.00107454,0.0710631,2
0.00603994,0.0684537,0.108253,2
0.0903507,0.0194385,0.0402692,2
0.102835,0.0548358,0.0386701,2
0.0113225,0.12069,0.0626508,2
0.0357224,0.0858564,0.14786,2
0.0743674,0.134497,0.143028,3
0.00994844,0.209547,0.0985185,3
0.0103605,0.210676,0.101886,3
0.0203873,0.192115,0.192171,3
0.0108904,0.209566,0.105506,3
0.047902,0.142773,0.0505916,3
0.042713,0.168439,0.197598,3
0.00829547,0.211261,0.102181,3
0.0366024,0.190953,0.0325458,3
0.00296489,0.149995,0.129623,3
0.0123503,0.206781,0.101465,3
0.0884038,0.21844,0.0678012,3
0.0599898,0.219458,0.164028,3
0.0104432,0.213962,0.10585,3
0.0441572,0.187421,0.0862662,3
0.0509326,0.155898,0.15492,3
0.0450216,0.218909,0.221636,3
0.0149466,0.210985,0.102348,3
0.0363003,0.197828,0.109275,3
0.0227473,0.170709,0.113194,3
0.0094082,0.20944,0.101783,3
0.0677464,0.204965,0.166816,3
0.0212039,0.203877,0.0125992,3
0.0107077,0.214796,0.102657,3
0.014393,0.169432,0.0912346,3
0.0966855,0.16722,0.0574426,3
0.0550786,0.213631,0.141473,3
0.0727274,0.205392,0.124015,3
0.0401185,0.199221,0.0491668,3
0.0387873,0.199694,0.214945,3
0.0391747,0.192739,0.160513,3
0.0430003,0.159027,0.0717226,3
0.0516535,0.180707,0.0401917,3
0.0254157,0.15771,0.0611987,3
0.044725,0.147039,0.0373643,3
0.0088396,0.209214,0.101154,3
0.0388545,0.175727,4.70298e-06,3
0.0177979,0.144175,0.183665,3
0.00755344,0.204992,0.101121,3
0.0103763,0.205578,0.104957,3
0.0236042,0.224939,0.195607,3
0.0120993,0.2051,0.103421,3
0.072685,0.185587,0.104416,3
0.0142498,0.207652,0.104189,3
0.0222785,0.134367,0.0620765,3
0.013965,0.205322,0.0996158,3
0.0303781,0.214914,0.197391,3
0.0126724,0.211089,0.104294,3
0.0151094,0.209195,0.104715,3
0.0283744,0.163081,0.223302,3
0.00910895,0.211096,0.102198,3
0.060714,0.204832,0.0768214,3
0.0102136,0.21119,0.107741,3
0.0962347,0.141831,0.106361,3
0.0885792,0.197616,0.18334,3
0.0094626,0.159749,0.028484,3
0.0362359,0.201303,0.183676,3
0.0417307,0.153293,0.194997,3
0.0258224,0.167037,0.0644124,3
0.0136254,0.211917,0.104072,3
0.0221007,0.148478,0.0621227,3
0.0849216,0.195542,0.122175,3
0.0379706,0.155189,0.101666,3
0.0413331,0.220186,0.164237,3
0.0325666,0.192266,0.0284093,3
0.0111432,0.208614,0.10417,3
0.0100768,0.204655,0.106068,3
0.0115576,0.208339,0.104349,3
0.0962675,0.223622,0.18146,3
0.00649279,0.206673,0.100005,3
0.0419915,0.178173,0.043439,3
0.0823453,0.134017,0.156061,3
0.0117412,0.210568,0.104491,3
0.0081303,0.207396,0.104122,3
0.00195234,0.204237,0.0629128,3
0.0129802,0.206306,0.10628,3
0.0108787,0.208978,0.105382,3
0.0350605,0.1536,0.0975717,3
0.0789052,0.136122,0.0391282,3
0.105251,0.163266,0.178326,3
0.012679,0.158574,0.0503737,3
0.0143535,0.152656,0.110211,3
0.0566848,0.198863,0.097096,3
0.00744338,0.211954,0.102283,3
0.0206679,0.188718,0.0310802,3
0.0608627,0.216857,0.110287,3
0.0415854,0.184109,0.192658,3
0.0138632,0.208232,0.102854,3
0.0713805,0.14217,0.00781016,3
0.00842651,0.207571,0.103124,3
0.00996154,0.209709,0.09785,3
0.0923662,0.150555,0.0840928,3
0.0478664,0.134515,0.150851,3
0.0927464,0.210995,0.163248,3
0.0981769,0.210776,0.0970248,3
0.0932005,0.201636,0.205903,3
0.00399833,0.159471,0.144184,3
0.0129889,0.208152,0.103675,3
0.0576369,0.183092,0.183877,3
0.0132676,0.208972,0.102555,3
0.0955962,0.136539,0.159198,3
0.0117866,0.206592,0.0999001,3
0.0938067,0.1533,0.153544,3
0.0162926,0.211143,0.10024,3
0.0119823,0.197968,0.155051,3
0.0117094,0.210619,0.0991555,3
0.0713145,0.211594,0.218766,3
0.00687973,0.204537,0.101946,3
0.0105331,0.210605,0.0985707,3
0.0669334,0.18908,0.112517,3
0.055288,0.179363,0.158981,3
0.0167471,0.20488,0.0983319,3
0.0250818,0.203542,0.185874,3
0.0118516,0.203565,0.0995962,3
0.101278,0.218264,0.103082,3
0.0536611,0.204073,0.100362,3
0.0158543,0.209731,0.1005,3
0.0894306,0.16789,0.207173,3
0.00940309,0.214229,0.100257,3
0.00781617,0.209203,0.0998999,3
0.0110476,0.214173,0.101568,3
0.00712698,0.207327,0.100447,3
0.0301172,0.132182,0.0938328,3
0.00982205,0.132981,0.0734559,3
