x coord,y coord,z coord,rank
0.00246976,0.155707,0.0660615,0
0.00143395,0.17248,0.0358065,0
0.0186611,0.18889,0.0331484,0
0.0619873,0.197868,0.0360052,0
0.0674735,0.0670594,0.0541662,0
0.0365096,0.00517968,0.0848,0
0.0185018,0.182991,0.0332806,0
0.0803282,0.126968,0.0351476,0
0.0223783,0.189756,0.033325,0
0.0815793,0.178503,0.0465522,0
0.0444894,0.00720021,0.0377272,0
0.0296322,0.13486,0.0719652,0
0.0693738,0.128227,0.0295896,0
0.0434598,0.1944,0.0418328,0
0.0139127,0.184295,0.0334214,0
0.0829301,0.212897,0.0728455,0
0.00578442,0.102233,0.0267823,0
0.0856903,0.121612,0.0743044,0
0.00770259,0.0889899,0.0690792,0
0.0190378,0.191165,0.0360387,0
0.0164633,0.187477,0.0382156,0
0.0986784,0.147358,0.0197314,0
0.0204164,0.186754,0.035406,0
0.0517113,0.000512873,0.00349633,0
0.0221438,0.189179,0.0319173,0
0.0714353,0.174077,0.00280582,0
0.0725201,0.0623957,0.0785757,0
0.0277866,0.150919,0.00339905,0
0.0387431,0.126208,0.0353835,0
0.0253961,0.102095,0.0565381,0
0.0201278,0.190771,0.0354985,0
0.0187448,0.187553,0.0326967,0
0.00552196,0.0967165,0.0300199,0
0.0961812,0.0213942,0.00709079,0
0.0253564,0.0903978,0.0459297,0
0.0190669,0.192595,0.034183,0
0.0170864,0.18667,0.0329778,0
0.0257362,0.204931,0.0108145,0
0.0677537,0.0464479,0.0368329,0
0.00862807,0.0451344,0.000728926,0
0.0444512,0.0744551,0.075874,0
0.0570971,0.0125057,0.0418224,0
0.0228681,0.183664,0.0365585,0
0.0923229,0.109154,0.0100851,0
0.0336173,0.0818908,0.0541409,0
0.0878619,0.0893639,0.0226674,0
0.0945844,0.209796,0.070171,0
0.024312,0.187327,0.0361149,0
0.0199162,0.183737,0.0355987,0
0.0193772,0.187713,0.0333817,0
0.0909402,0.0142867,0.0640374,0
0.0391295,0.115582,0.0788034,0
0.0201518,0.191414,0.0359231,0
0.0646379,0.189342,0.0427136,0
0.0190855,0.183099,0.0335752,0
0.0177545,0.186604,0.0348138,0
0.0268287,0.186177,0.0358744,0
0.0162263,0.184885,0.0353963,0
0.0215773,0.189579,0.0382245,0
0.0318819,0.113063,0.0759997,0
0.0439696,0.0317793,0.080294,0
0.0126717,0.183318,0.0340467,0
0.0199669,0.182313,0.0315553,0
0.0198888,0.193482,0.0304926,0
0.0891188,0.0810653,0.0174287,0
0.0393264,0.125211,0.0829453,0
0.0200693,0.190965,0.0304049,0
0.0571051,0.0397139,0.00500185,0
0.0870492,0.0182246,0.0664922,0
0.019854,0.184282,0.0351902,0
0.0229013,0.189768,0.0367562,0
0.0891588,0.138863,0.0151993,0
0.01837,0.185159,0.0337608,0
0.013581,0.187812,0.033183,0
0.0161683,0.186459,0.0352089,0
0.0716267,0.0580962,0.0690195,0
0.00529196,0.0177116,0.0372207,0
0.0680301,0.0101758,0.0104115,0
0.0345598,0.017975,0.0188771,0
0.00284226,0.177373,0.00851476,0
0.0190454,0.186353,0.0329895,0
0.0230503,0.185484,0.0343289,0
0.0218732,0.185735,0.0326814,0
0.0220785,0.188411,0.0315615,0
0.0902147,0.11612,0.0471567,0
0.00377231,0.0353378,0.0663682,0
0.0238986,0.190677,0.0378515,0
0.0151614,0.18684,0.0362879,0
0.0452624,0.0195416,0.0433843,0
0.0183743,0.183855,0.0372306,0
0.100026,0.196697,0.048119,0
0.0225712,0.18969,0.0317487,0
0.073316,0.215566,0.0565513,0
0.00143642,0.158939,0.0143561,0
0.096551,0.0749786,0.0600627,0
0.000728717,0.135397,0.0441877,0
0.0202406,0.184521,0.037327,0
0.0186495,0.187413,0.0332473,0
0.0147203,0.118143,0.0238102,0
0.0874533,0.104071,0.0504848,0
0.0470962,0.0909821,0.0652722,0
0.094789,0.0406257,0.0172862,0
0.0171438,0.18211,0.0349533,0
0.0226156,0.164455,0.069112,0
0.0214406,0.07484,0.0617877,0
0.0546092,0.137411,0.0205253,0
0.0196545,0.188545,0.0372171,0
0.0202043,0.185716,0.032377,0
0.025396,0.180969,0.0356148,0
0.0164435,0.188632,0.0338715,0
0.0212514,0.18388,0.0345118,0
0.0387768,0.178492,0.0773978,0
0.0256639,0.146119,0.0035734,0
0.0913283,0.111528,0.0828725,0
0.0326204,0.117333,0.072534,0
0.0223477,0.192726,0.0339034,0
0.0224216,0.184938,0.0355292,0
0.0740944,0.00247568,0.0557396,0
0.0273867,0.132144,0.0366242,0
0.0024313,0.148328,0.0263693,0
0.0543623,0.215199,0.0459161,0
0.0813061,0.206039,0.0333648,0
0.00114052,0.216471,0.0317369,0
0.102062,0.110799,0.021277,0
0.147616,0.0213964,0.141003,1
0.159644,0.0375982,0.141486,1
0.144397,0.124504,0.127008,1
0.144873,0.151926,0.135942,1
0.162573,0.172163,0.196838,1
0.161172,0.162449,0.128449,1
0.138905,0.146285,0.216098,1
0.14263,0.130105,0.13447,1
0.154674,0.0299289,0.118126,1
0.20354,0.172828,0.212723,1
0.118737,0.181309,0.173866,1
0.187199,0.153714,0.148879,1
0.173218,0.0824453,0.182672,1
0.207618,0.165566,0.150737,1
0.149707,0.0546776,0.128223,1
0.136457,0.0788347,0.224968,1
0.210029,0.139295,0.200754,1
0.211397,0.0579371,0.206579,1
0.159949,0.167941,0.114184,1
0.212181,0.2045,0.122035,1
0.156421,0.201059,0.136449,1
0.154899,0.214519,0.200834,1
0.103201,0.0165807,0.221429,1
0.117107,0.180213,0.165318,1
0.12214,0.100053,0.170234,1
0.179465,0.174329,0.115255,1
0.169947,0.179053,0.201533,1
0.218955,0.220209,0.143711,1
0.195201,0.153758,0.198748,1
0.121433,0.152956,0.187811,1
0.136138,0.03121,0.180216,1
0.154171,0.00560825,0.179625,1
0.157558,0.155356,0.124291,1
0.142072,0.0785782,0.211005,1
0.118297,0.119341,0.128385,1
0.22287,0.0729118,0.221973,1
0.182041,0.0432126,0.160245,1
0.122841,0.0387132,0.150197,1
0.137159,0.0973433,0.134485,1
0.170185,0.116826,0.212456,1
0.163334,0.0150728,0.213999,1
0.218706,0.0366764,0.187613,1
0.165112,0.126396,0.200247,1
0.216386,0.121938,0.133889,1
0.120957,0.213501,0.14034,1
0.208648,0.0515832,0.133479,1
0.215049,0.11334,0.156361,1
0.11897,0.040371,0.126668,1
0.174649,0.216242,0.162045,1
0.186306,0.134253,0.183112,1
0.206304,0.0395851,0.137221,1
0.173414,0.154776,0.138801,1
0.120278,0.0841416,0.199641,1
0.157074,0.112051,0.166951,1
0.140699,0.0310569,0.160208,1
0.13794,0.19744,0.220126,1
0.177649,0.0469348,0.172668,1
0.171124,0.0502365,0.173709,1
0.175754,0.142794,0.131193,1
0.172378,0.0271952,0.195768,1
0.211225,0.176643,0.216821,1
0.165062,0.177206,0.127755,1
0.163396,0.102369,0.149555,1
0.203897,0.133551,0.189226,1
0.127368,0.179566,0.150345,1
0.121009,0.082742,0.2044,1
0.157405,0.0380767,0.179205,1
0.122185,0.0759561,0.213294,1
0.139645,0.0159156,0.164784,1
0.213442,0.152222,0.16358,1
0.192146,0.206114,0.210731,1
0.104879,0.0953543,0.161518,1
0.158696,0.0710425,0.155667,1
0.146319,0.0500809,0.120927,1
0.16274,0.191542,0.119347,1
0.183173,0.201413,0.127991,1
0.131676,0.186437,0.220507,1
0.20024,0.167377,0.141687,1
0.196101,0.062516,0.123549,1
0.103866,0.163159,0.127077,1
0.205519,0.07154,0.121479,1
0.134827,0.113794,0.137885,1
0.13001,0.16752,0.20993,1
0.138217,0.0903067,0.216275,1
0.154952,0.00327529,0.16966,1
0.183318,0.0328298,0.198168,1
0.212003,0.0174134,0.125446,1
0.120385,0.00326059,0.134374,1
0.150255,0.091575,0.171143,1
0.13247,0.0991804,0.193689,1
0.164057,0.0172266,0.205702,1
0.179351,0.0279396,0.149738,1
0.184798,0.0173514,0.121343,1
0.115637,0.191613,0.176803,1
0.219503,0.0535465,0.180085,1
0.136591,0.180593,0.203402,1
0.203522,0.0517445,0.137557,1
0.157823,0.00241123,0.200543,1
0.20126,0.102315,0.220044,1
0.209155,0.0548859,0.190463,1
0.120472,0.185596,0.213006,1
0.193589,0.00230506,0.219398,1
0.224302,0.0412544,0.184858,1
0.121578,0.0842417,0.144897,1
0.188624,0.0915689,0.132789,1
0.221844,0.141419,0.199608,1
0.129719,0.136864,0.19658,1
0.136078,0.00474607,0.172203,1
0.119835,0.136095,0.121664,1
0.140119,0.0640398,0.199671,1
0.222538,0.0123315,0.190019,1
0.110261,0.0835808,0.223767,1
0.107708,0.135989,0.167726,1
0.155248,0.0352525,0.157798,1
0.104405,0.0964432,0.208195,1
0.154182,0.170887,0.113861,1
0.107416,0.073217,0.113933,1
0.138547,0.0683693,0.184984,1
0.192353,0.0356674,0.210994,1
0.103423,0.13681,0.174382,1
0.20374,0.053508,0.21112,1
0.183248,0.0375048,0.114552,1
0.176852,0.0134259,0.120995,1
0.167274,0.126438,0.190716,1
0.166737,0.0991213,0.124542,1
0.209492,0.180301,0.109646,1
0.144477,0.0647283,0.00270477,2
0.121962,0.0933615,0.0184396,2
0.131223,0.0628036,0.0928541,2
0.129216,0.196833,0.0879348,2
0.172064,0.0112537,0.0163314,2
0.111802,0.0267709,0.0104704,2
0.103504,0.179068,0.0320295,2
0.157128,0.0925071,0.0681725,2
0.140847,0.0201946,0.0131975,2
0.144012,0.102904,0.027247,2
0.171731,0.15786,0.100274,2
0.185535,0.12195,0.00183877,2
0.110149,0.19405,0.0886524,2
0.218121,0.0745479,0.0251724,2
0.142819,0.0517462,0.0540335,2
0.167065,0.0524385,0.03699,2
0.105219,0.0274477,0.0226139,2
0.222892,0.0757249,0.00401823,2
0.160556,0.213848,0.0195199,2
0.165829,0.0450598,0.0358006,2
0.109865,0.012475,0.0535793,2
0.176369,0.0806383,0.0380569,2
0.192549,0.0286602,0.0739337,2
0.204911,0.118182,0.0254587,2
0.122574,0.05215,0.0486924,2
0.160822,0.172014,0.104003,2
0.210471,0.0525531,0.0713339,2
0.202224,0.0619038,0.030442,2
0.200204,0.0414262,0.104009,2
0.193719,0.0965071,0.0409547,2
0.14125,0.10304,0.0232953,2
0.206521,0.154168,0.102915,2
0.15352,0.191189,0.0816958,2
0.144664,0.196522,0.0954718,2
0.216161,0.0301255,0.0045411,2
0.195004,0.205169,0.088744,2
0.163604,0.0700272,0.0507003,2
0.173251,0.077534,0.0733158,2
0.17667,0.0165421,0.0908407,2
0.124352,0.0547953,0.00872287,2
0.165318,0.221307,0.0929144,2
0.175291,0.0653074,0.0682422,2
0.152466,0.0228954,0.0638572,2
0.22009,0.153153,0.0794317,2
0.175266,0.117241,0.0112778,2
0.170949,0.199543,0.0813873,2
0.188491,0.0470284,0.0166453,2
0.184006,0.0459299,0.00723168,2
0.149369,0.051876,0.102051,2
0.163599,0.0787338,0.0718493,2
0.134709,0.0376381,0.101485,2
0.15433,0.205439,0.102081,2
0.213676,0.164301,0.0966839,2
0.214311,0.0307409,0.0158315,2
0.185214,0.13367,0.0541463,2
0.137847,0.0644748,0.0704271,2
0.185409,0.117423,0.0622212,2
0.130152,0.164518,0.05779,2
0.138687,0.125269,0.0220073,2
0.201092,0.129354,0.000178732,2
0.213977,0.196693,0.0355473,2
0.148868,0.0861894,0.0290549,2
0.125256,0.140355,0.0603244,2
0.173303,0.0096892,0.00718369,2
0.222864,0.123042,0.0209897,2
0.113584,0.0156566,0.0797814,2
0.196513,0.056634,0.10169,2
0.129494,0.0818581,0.0103429,2
0.111244,0.168363,0.0519382,2
0.148117,0.0866309,0.00506384,2
0.138251,0.129776,0.0737609,2
0.224133,0.0512535,0.0685669,2
0.215382,0.0315518,0.0157011,2
0.180285,0.153091,0.0617759,2
0.172226,0.196918,0.0734148,2
0.144547,0.173527,0.0597571,2
0.118789,0.0344971,0.0628477,2
0.152639,0.212205,0.0793553,2
0.136288,0.0288554,0.0415005,2
0.140187,0.172439,0.0620467,2
0.199075,0.0757574,0.0977514,2
0.140839,0.218017,0.0186832,2
0.207809,0.0255482,0.0375864,2
0.208826,0.16925,0.053116,2
0.10649,0.0225021,0.00624546,2
0.212953,0.18679,0.030912,2
0.174058,0.0681452,0.0592424,2
0.167952,0.159063,0.000578591,2
0.131858,0.205043,0.0801434,2
0.120016,0.189865,0.058148,2
0.1863,0.0846706,0.0463187,2
0.175059,0.0153166,0.0398359,2
0.175972,0.164818,0.069694,2
0.220063,0.149563,0.0376061,2
0.154978,0.178636,0.05689,2
0.161925,0.189204,0.0366831,2
0.106861,0.0375426,0.0934788,2
0.128164,0.196175,0.0692074,2
0.205208,0.188328,0.0115126,2
0.177132,0.16837,0.0484773,2
0.162039,0.212028,0.0770189,2
0.218571,0.123828,0.031131,2
0.156113,0.065788,0.052924,2
0.195426,0.04138,0.0800551,2
0.130505,0.0702804,0.0407373,2
0.150531,0.195725,0.00392334,2
0.107234,0.126877,0.0749749,2
0.152756,0.146697,0.0323713,2
0.19881,0.214587,0.0591995,2
0.146533,0.169567,0.0290515,2
0.125747,0.197916,0.0409245,2
0.173982,0.114096,0.056161,2
0.185084,0.0705084,0.0839679,2
0.158462,0.216671,0.0539681,2
0.165562,0.0671042,0.00101183,2
0.203325,0.188262,0.0501286,2
0.105303,0.142371,0.0402973,2
0.154523,0.0591856,0.0579092,2
0.220257,0.179849,0.0406352,2
0.224987,0.172552,0.00531062,2
0.142053,0.0309183,0.102974,2
0.179452,0.164053,0.0809597,2
0.103887,0.192383,0.0315734,2
0.104344,0.115606,0.0578865,2
0.104416,0.222317,0.0676382,2
0.116441,0.00769036,0.108419,2
0.0325204,0.0433318,0.0993538,3
0.073879,0.00270566,0.0880444,3
0.0575535,0.0340611,0.0905881,3
0.00565746,0.0253762,0.176323,3
0.074517,0.0726977,0.101334,3
0.067573,0.106507,0.112011,3
1.19316e-05,0.0705396,0.100069,3
0.0261093,0.0667799,0.111687,3
0.0892789,0.1177,0.103155,3
0.00722743,0.0729667,0.107562,3
0.101018,0.18219,0.098874,3
0.0462589,0.0511087,0.109922,3
0.0964006,0.155065,0.216537,3
0.0380434,0.126711,0.159883,3
0.0522671,0.178473,0.118022,3
0.0710191,0.203319,0.136825,3
0.0898888,0.157385,0.147571,3
0.0106789,0.0927787,0.182693,3
0.0866424,0.15164,0.13395,3
0.0997884,0.134323,0.0937569,3
0.05025,0.0923683,0.148751,3
0.0479442,0.186233,0.161621,3
0.0991655,0.0698209,0.157526,3
0.0609167,0.0589868,0.219719,3
0.0253916,0.131754,0.181098,3
0.0686788,0.20152,0.0872683,3
0.0871924,0.0879637,0.154148,3
0.0481625,0.0812521,0.16312,3
0.00587196,0.0853323,0.116644,3
0.0572248,0.0729202,0.131524,3
0.0481577,0.100913,0.202541,3
0.0458017,0.0423117,0.148824,3
0.0515919,0.134204,0.117386,3
0.0390179,0.0551189,0.1766,3
0.0155057,0.16543,0.193247,3
0.0334202,0.2022,0.122625,3
0.0859683,0.189869,0.182233,3
0.0450477,0.03826,0.22307,3
0.0462212,0.186096,0.156484,3
0.0329135,0.193628,0.185015,3
0.0663245,0.105275,0.140619,3
0.0613054,0.0143708,0.15626,3
0.0331651,0.0419943,0.204006,3
0.00698993,0.207074,0.175076,3
0.0480917,0.0446897,0.124404,3
0.0294911,0.053429,0.186177,3
0.0334147,0.0428338,0.195779,3
0.0898411,0.016591,0.180537,3
0.0668192,0.198891,0.09608,3
0.00442254,0.154813,0.127256,3
0.0664782,0.139442,0.124157,3
0.0171653,0.114367,0.148876,3
0.0647706,0.0867579,0.134008,3
0.0712736,0.0531779,0.127558,3
0.0166211,0.121913,0.16822,3
0.0188318,0.215499,0.182555,3
0.0516471,0.0582563,0.223685,3
0.0107013,0.0768209,0.152354,3
0.0691406,0.135179,0.160895,3
0.0606316,0.160908,0.130484,3
0.040956,0.0336305,0.165319,3
0.0271638,0.00907256,0.147497,3
0.0106369,0.215037,0.207489,3
0.0299546,0.195993,0.16221,3
0.0485917,0.184967,0.157244,3
0.0795086,0.114676,0.131718,3
0.0723418,0.112894,0.222215,3
0.0905743,0.14808,0.131675,3
0.00503887,0.199334,0.0976275,3
0.0875485,0.1335,0.128112,3
0.0939924,0.162138,0.179751,3
0.0435663,0.065077,0.215956,3
0.000229616,0.141617,0.161611,3
0.10081,0.0742905,0.144655,3
0.0627207,0.201172,0.175797,3
0.0548627,0.0279528,0.210758,3
0.0473737,0.137848,0.15982,3
0.056853,0.191058,0.174305,3
0.0762771,0.0261209,0.155673,3
0.0739177,0.127681,0.160033,3
0.0198826,0.0565949,0.125961,3
0.0911254,0.0873432,0.158859,3
0.0713977,0.152943,0.146943,3
0.0137127,0.200273,0.132741,3
0.0459533,0.129526,0.164853,3
0.0272218,0.0859816,0.135552,3
0.079495,0.191865,0.19702,3
0.0174615,0.100815,0.158974,3
0.070626,0.114219,0.20677,3
0.0445682,0.047433,0.122459,3
0.0820015,0.215603,0.162305,3
0.068817,0.085138,0.22451,3
0.101284,0.173204,0.131107,3
0.0613761,0.0103172,0.150875,3
0.0854138,0.0448947,0.185633,3
0.0111252,0.0714276,0.21913,3
0.0491059,0.134066,0.186487,3
0.0327784,0.122339,0.180139,3
0.0672861,0.20708,0.135521,3
0.0285778,0.177723,0.208075,3
0.0524621,0.206366,0.172055,3
0.0790372,0.161932,0.117415,3
0.0948003,0.150851,0.207621,3
0.087134,0.192894,0.16944,3
0.0403329,0.108491,0.134621,3
9.3502e-05,0.0718939,0.178663,3
0.0537178,0.147041,0.165826,3
0.0140788,0.137193,0.167839,3
0.0581965,0.18735,0.201999,3
0.0492,0.0479949,0.188894,3
0.102811,0.0673221,0.16518,3
0.0237452,0.0537015,0.129088,3
0.0416545,0.102102,0.144942,3
0.0706313,0.198216,0.128566,3
0.0708047,0.0862909,0.133516,3
0.0658023,0.00308396,0.142065,3
0.0920748,0.0671757,0.139769,3
0.0666781,0.148894,0.107933,3
0.0991623,0.212181,0.122332,3
0.0157854,0.120617,0.126739,3
0.0185432,0.155856,0.108965,3
0.0771926,0.0734949,0.145282,3
0.0370203,0.155655,0.103517,3
0.0831031,0.0575647,0.174404,3
