x coord,y coord,z coord,rank
0.0117406,0.202807,0.140244,0
0.0571194,0.111372,0.168004,0
0.00637654,0.126284,0.221664,0
0.0266027,0.14768,0.139831,0
0.0696242,0.183617,0.22127,0
0.0117768,0.158274,0.165286,0
0.0158782,0.152967,0.164401,0
0.0153174,0.153516,0.165007,0
0.0151456,0.15612,0.163514,0
0.0378688,0.17887,0.212475,0
0.0858958,0.132521,0.222114,0
0.0157363,0.159238,0.160657,0
0.0756607,0.0433706,0.166469,0
0.00973884,0.217953,0.143415,0
0.0884866,0.136837,0.163944,0
0.0117433,0.156229,0.162447,0
0.0773552,0.110645,0.141671,0
0.0754879,0.152825,0.183923,0
0.014479,0.157766,0.160772,0
0.0145979,0.156982,0.1637,0
0.0127719,0.20995,0.222258,0
0.0174583,0.156654,0.160744,0
0.0150393,0.153998,0.167206,0
0.0136028,0.122407,0.200011,0
0.0633066,0.061759,0.167498,0
0.0418626,0.0514247,0.183296,0
0.00462861,0.0601276,0.179216,0
0.0022058,0.179809,0.218613,0
0.0752228,0.0721107,0.159037,0
0.0909467,0.13695,0.185881,0
0.0219973,0.0729601,0.148667,0
0.0132474,0.158477,0.161228,0
0.0809749,0.166059,0.143198,0
0.0416751,0.0640386,0.147402,0
0.0479241,0.14771,0.192583,0
0.0167002,0.153461,0.167518,0
0.0330613,0.0468426,0.224292,0
0.0570597,0.14855,0.194389,0
0.0152358,0.15374,0.16505,0
0.0123488,0.157463,0.161592,0
0.0396591,0.101959,0.190164,0
0.00994544,0.15197,0.164742,0
0.0170364,0.157503,0.164235,0
0.0143474,0.151756,0.158606,0
0.0140612,0.155458,0.16782,0
0.00402335,0.158582,0.164465,0
0.0277072,0.0465792,0.212264,0
0.0671011,0.104385,0.152598,0
0.0306395,0.0648119,0.186943,0
0.0100613,0.158605,0.15968,0
0.0108041,0.154339,0.162971,0
0.0495307,0.0538498,0.162984,0
0.0666767,0.198763,0.206076,0
0.0142566,0.15096,0.164274,0
0.0132717,0.154675,0.164574,0
0.0289922,0.200677,0.149152,0
0.0143347,0.157639,0.162981,0
0.0666621,0.0332659,0.155041,0
0.05189,0.125839,0.208413,0
0.0246925,0.0151817,0.19147,0
0.00955463,0.153167,0.165363,0
0.0127415,0.156319,0.157426,0
0.0169348,0.155712,0.165061,0
0.0461679,0.064249,0.144485,0
0.0611854,0.0693387,0.191321,0
0.0424019,0.136332,0.163723,0
0.0512687,0.0691113,0.207563,0
0.00261938,0.134883,0.215916,0
0.0600616,0.187997,0.171253,0
0.0782663,0.1086,0.187176,0
0.0126245,0.15335,0.177135,0
0.0731475,0.122663,0.160133,0
0.023374,0.223074,0.183267,0
0.0820298,0.0190083,0.173446,0
0.0755627,0.0574596,0.198917,0
0.0138754,0.161784,0.164589,0
0.0107993,0.150929,0.168272,0
0.0124338,0.151354,0.165683,0
0.0870228,0.0261635,0.192728,0
0.0029672,0.0869185,0.207102,0
0.0677209,0.178369,0.220863,0
0.039708,0.163883,0.21262,0
0.0141831,0.154667,0.160559,0
0.00782188,0.152859,0.161243,0
0.0109547,0.157809,0.164912,0
0.011507,0.154435,0.167423,0
0.0909957,0.0761541,0.216186,0
0.0231573,0.0884272,0.154405,0
0.0222263,0.0389877,0.193515,0
0.0348576,0.118357,0.186422,0
0.0745016,0.0571169,0.173078,0
0.00772817,0.143629,0.151747,0
0.0251134,0.0568995,0.203282,0
0.0294291,0.212981,0.221129,0
0.0603048,0.137064,0.196651,0
0.0363487,0.0157781,0.220897,0
0.012691,0.159669,0.16123,0
0.0238161,0.0939544,0.216282,0
0.0105513,0.151633,0.166928,0
0.0513353,0.0279054,0.220904,0
0.014596,0.154961,0.16703,0
0.0170992,0.155555,0.161327,0
0.0265704,0.0166248,0.173004,0
0.0150809,0.0614687,0.199881,0
0.0552887,0.0320145,0.222652,0
0.0089365,0.161224,0.16453,0
0.0777929,0.0276472,0.140282,0
0.0151363,0.153272,0.163394,0
0.0115049,0.155964,0.160715,0
0.0524479,0.215487,0.21851,0
0.0238945,0.146954,0.200237,0
0.0471837,0.175817,0.178287,0
0.0695614,0.121492,0.19753,0
0.0556723,0.21195,0.214574,0
0.0239108,0.161054,0.182261,0
0.0875418,0.123914,0.143923,0
0.00900496,0.153904,0.167757,0
0.0160742,0.157094,0.162215,0
0.0517081,0.209457,0.21675,0
0.00682343,0.15359,0.159533,0
0.0165638,0.175791,0.170565,0
0.0243408,0.0924508,0.188334,0
0.0138823,0.15145,0.166694,0
0.0878787,0.0435207,0.20584,0
0.0684685,0.220346,0.131594,1
0.0173415,0.064502,0.0645055,1
0.0441346,0.169425,0.11699,1
0.00069205,0.00173722,0.0676462,1
0.0901263,0.0913945,0.0570601,1
0.0634038,0.0714973,0.0860922,1
0.08695,0.168917,0.117523,1
0.0163209,0.189515,0.13676,1
0.0317454,0.0900546,0.0398291,1
0.070707,0.12515,0.120533,1
0.0518834,0.0537319,0.0105554,1
0.0119205,0.152002,0.119136,1
0.0816433,0.0110646,0.0875393,1
0.0265044,0.0765722,0.1206,1
0.0244207,0.119046,0.0624277,1
0.0572563,0.012596,0.039044,1
0.0419445,0.120253,0.0943149,1
0.0418737,0.0975429,0.0286396,1
0.084799,0.01567,0.117119,1
0.056961,0.105738,0.0540837,1
0.087701,0.0490937,0.0746638,1
0.0910543,0.10475,0.0679841,1
0.0231579,0.00628258,0.102478,1
0.0669236,0.135822,0.0123902,1
0.0070192,0.0689397,0.026335,1
0.0127071,0.135111,0.00114582,1
0.0617384,0.0733369,0.0777817,1
0.078402,0.206233,0.098731,1
0.0840483,0.0268203,0.00150856,1
0.026735,0.0201012,0.0205618,1
0.0539446,0.0774681,0.0272062,1
0.0129496,0.0719898,0.0629505,1
0.0590824,0.107565,0.104463,1
0.0310752,0.000593009,0.00173693,1
0.0870372,0.156952,0.0476682,1
0.00859943,0.215213,0.102939,1
0.0599782,0.131207,0.113924,1
0.0213214,0.189168,0.0516492,1
0.0660181,0.0254384,0.00863163,1
0.052383,0.22146,0.108888,1
0.023142,0.0720329,0.107614,1
0.0351111,0.04736,0.0651504,1
0.0694214,0.0848639,0.0908441,1
0.024921,0.216199,0.00303265,1
0.00050375,0.034796,0.0419154,1
0.0926104,0.198401,0.0667923,1
0.00688657,0.19804,0.0594823,1
0.086193,0.16916,0.102843,1
0.0647046,0.212879,0.0817974,1
0.0475808,0.140985,0.064718,1
0.0636311,0.112724,0.00202142,1
0.00824652,0.135589,0.11397,1
0.0168267,0.192687,0.00932135,1
0.072463,0.095533,0.0169656,1
0.0774695,0.122875,0.0109118,1
0.0398259,0.170867,0.0339549,1
0.0510116,0.155731,0.00196331,1
0.0192547,0.170674,0.121838,1
0.0772913,0.133758,0.117779,1
0.0132042,0.195271,0.0583884,1
0.0897731,0.0105204,0.00828313,1
0.0584698,0.221962,0.0831311,1
0.0824423,0.054804,0.0859725,1
0.0229539,0.0365071,0.110363,1
0.041307,0.214657,0.0676115,1
0.0651263,0.0633206,0.0768937,1
0.0107156,0.0585151,0.098778,1
0.0450163,0.0712218,0.0373234,1
0.00282396,0.116091,0.0589459,1
0.0705628,0.190335,0.0673312,1
0.0261109,0.0418507,0.0717534,1
0.0460023,0.116158,0.00541804,1
0.0566494,0.0390539,0.070152,1
0.0366045,0.196132,0.0823232,1
0.00313544,0.0985911,0.118451,1
0.00854725,0.0378671,0.05317,1
0.0335722,0.219764,0.0600081,1
0.058447,0.0864178,0.11033,1
0.0414926,0.182868,0.0934882,1
0.0328011,0.162306,0.0145184,1
0.08087,0.178127,0.00227919,1
0.0848075,0.0188881,0.0328944,1
0.0741522,0.0244284,0.00849669,1
0.00449355,0.182735,0.0899989,1
0.0470159,0.0338754,0.0448283,1
0.00908746,0.0741739,0.0360193,1
0.024865,0.119014,0.0295666,1
0.0355494,0.205757,0.0812028,1
0.0716611,0.0091492,0.0846804,1
0.0491436,0.141677,0.0853862,1
0.0588518,0.151861,0.0814545,1
0.0788474,0.147396,0.032085,1
8.91772e-05,0.0247323,0.0365339,1
0.00125666,0.084408,0.0684725,1
0.0854467,0.116708,0.0491326,1
0.029064,0.0704981,0.0135768,1
0.00400106,0.107722,0.0439492,1
0.0602454,0.02058,0.0132702,1
0.0359501,0.0912495,0.0144758,1
0.0560518,0.185205,0.0795211,1
0.0800266,0.135112,0.100265,1
0.0201903,0.128174,0.0737972,1
0.00873723,0.0180111,0.0302506,1
0.0811777,0.188186,0.101956,1
0.0731231,0.0409342,0.120778,1
0.0788917,0.107753,0.0601788,1
0.0804799,0.0844407,0.135908,1
0.07799,0.0122843,0.0253582,1
0.0651636,0.0217035,0.0621853,1
0.0030823,0.108363,0.132344,1
0.0932066,0.00296868,0.016559,1
0.0592003,0.027118,0.126873,1
0.0157677,0.0712466,0.13648,1
0.0694189,0.0599088,0.129476,1
0.0814222,0.0734557,0.0764878,1
0.0437069,0.0444492,0.136989,1
0.0754208,0.100985,0.13166,1
0.00956594,0.0678109,0.0942733,1
0.0334662,0.088075,0.126053,1
0.0818413,0.0447946,0.0773453,1
0.0552665,0.0520804,0.0188336,1
0.0341197,0.0107767,0.0672833,1
0.0380932,0.102044,0.0962543,1
0.201228,0.111576,0.00611179,2
0.178844,0.143327,0.0968183,2
0.165763,0.2133,0.0545796,2
0.161866,0.161937,0.0721667,2
0.212165,0.1014,0.0751658,2
0.130424,0.164317,0.0326436,2
0.173168,0.0895591,0.0650836,2
0.197396,0.0597417,0.0412932,2
0.120215,0.06913,0.0123059,2
0.156792,0.0176273,0.0647977,2
0.189459,0.0684003,0.0397698,2
0.13953,0.151456,0.076462,2
0.12535,0.0838127,0.000433376,2
0.106656,0.0745983,0.0201156,2
0.20723,0.0827362,0.0605516,2
0.196762,0.0671323,0.0516233,2
0.0967872,0.0867424,0.00154858,2
0.128235,0.0789051,0.0819192,2
0.136296,0.177274,0.0474002,2
0.167825,0.180188,0.0724859,2
0.137603,0.0560625,0.04217,2
0.21034,0.00942829,0.0995232,2
0.107795,0.14299,0.0465909,2
0.115538,0.0521537,0.0273397,2
0.104349,0.124538,0.0922235,2
0.131012,0.154495,0.00991945,2
0.193992,0.0914282,0.040537,2
0.176384,0.193436,0.0558284,2
0.140283,0.0015454,0.0787271,2
0.194402,0.0696836,0.102582,2
0.0974742,0.00662187,0.0114909,2
0.204463,0.0399985,0.0621263,2
0.200617,0.0936013,0.0155612,2
0.192744,0.137058,0.0896299,2
0.137657,0.00690075,0.0679723,2
0.146532,0.0319643,0.0226653,2
0.174667,0.188609,0.0191081,2
0.189892,0.169735,0.0372478,2
0.14778,0.0143814,0.103337,2
0.200601,0.160033,0.0923189,2
0.150736,0.130556,0.0499046,2
0.198764,0.0707571,0.0201776,2
0.132448,0.16319,0.0713995,2
0.123643,0.146851,0.0702279,2
0.0979556,0.156043,0.0812241,2
0.112462,0.161079,0.101811,2
0.180406,0.134078,0.0145886,2
0.199433,0.193225,0.0775744,2
0.199411,0.100511,0.0730147,2
0.152605,0.0765133,0.032467,2
0.166722,0.170262,0.0862326,2
0.107012,0.156945,0.0477233,2
0.176785,0.195712,0.0792453,2
0.105498,0.0144097,0.0199695,2
0.191983,0.0520378,0.051038,2
0.163132,0.145053,0.0138467,2
0.201669,0.186495,0.0294268,2
0.12198,0.033751,0.0574512,2
0.150282,0.0919325,0.0319158,2
0.219431,0.0877055,0.0516069,2
0.175535,0.0113663,0.0401476,2
0.142862,0.197531,0.07724,2
0.157193,0.0597585,0.0777085,2
0.203247,0.178061,0.0349996,2
0.104072,0.158,0.0184893,2
0.157773,0.15911,0.087365,2
0.101937,0.194019,0.0753901,2
0.199429,0.184324,0.0760581,2
0.216402,0.040619,0.068002,2
0.118302,0.140512,0.0159567,2
0.223161,0.177456,0.0619386,2
0.183868,0.190887,0.0552955,2
0.208693,0.0922088,0.0992927,2
0.188279,0.039467,0.0533984,2
0.139806,0.125663,0.0223585,2
0.153737,0.0465343,0.00663068,2
0.183036,0.155429,0.039881,2
0.101998,0.121112,0.0852255,2
0.190702,0.0489896,0.0329527,2
0.143139,0.0865266,0.0414596,2
0.100706,0.063265,0.0325137,2
0.190354,0.0401597,0.00685106,2
0.115402,0.0597973,0.030607,2
0.188717,0.100094,0.0405055,2
0.145783,0.0703036,0.102629,2
0.204805,0.163708,0.0496706,2
0.1428,0.0198838,0.0292337,2
0.148473,0.00826543,0.10081,2
0.203401,0.00680079,0.089679,2
0.117678,0.0540178,0.0889141,2
0.145759,0.070877,0.0294579,2
0.219676,0.11945,0.0601733,2
0.122964,0.034839,0.0613507,2
0.107615,0.0183481,0.0852599,2
0.0985536,0.176887,0.0512255,2
0.222753,0.137455,0.0283993,2
0.163973,0.190873,0.0128485,2
0.180574,0.0451877,0.000202489,2
0.199807,0.105017,0.0657875,2
0.139492,0.208159,0.036401,2
0.135936,0.190351,0.00514901,2
0.105272,0.143431,0.0462634,2
0.219063,0.119499,0.0338966,2
0.109728,0.119588,0.0802292,2
0.193119,0.0825942,0.104259,2
0.122439,0.138384,0.00638534,2
0.181113,0.130742,0.0540002,2
0.149563,0.164292,0.00471081,2
0.135815,0.00733961,0.0481018,2
0.120773,0.186221,0.0775643,2
0.128573,0.178139,0.0278943,2
0.157017,0.0326956,0.0530122,2
0.123871,0.214689,0.0256996,2
0.153256,0.152079,0.0422575,2
0.166785,0.11467,0.0619179,2
0.183695,0.210653,0.0668324,2
0.171516,0.172053,0.0695665,2
0.199124,0.149378,0.0527276,2
0.116691,0.18393,0.0930609,2
0.106526,0.0935719,0.0152005,2
0.176114,0.11329,0.0299266,2
0.101695,0.0598088,0.0465905,2
0.196411,0.025758,0.0440451,2
0.1546,0.0845499,0.0714522,2
0.0952286,0.0721211,0.0997001,2
0.0973997,0.0931442,0.0829019,2
0.159847,0.158651,0.103972,2
0.197358,0.136076,0.116579,3
0.192385,0.177852,0.114325,3
0.184469,0.0218599,0.108373,3
0.147849,0.142882,0.108912,3
0.110484,0.202395,0.105767,3
0.154673,0.021629,0.107479,3
0.182485,0.0255622,0.106588,3
0.170521,0.0257259,0.115367,3
0.120892,0.00500587,0.109088,3
0.175924,0.0233323,0.105821,3
0.124057,0.0800863,0.10724,3
0.175418,0.052943,0.107118,3
0.151173,0.209397,0.183363,3
0.19142,0.0459731,0.120858,3
0.116782,0.0109943,0.108934,3
0.095604,0.0992605,0.135719,3
0.0975792,0.0836394,0.184469,3
0.141603,0.106083,0.175412,3
0.163178,0.10401,0.213283,3
0.141326,0.117792,0.126095,3
0.20563,0.169667,0.189859,3
0.101361,0.110268,0.142457,3
0.177791,0.043723,0.137787,3
0.0943607,0.144464,0.182261,3
0.154487,0.206017,0.176045,3
0.208075,0.120789,0.202782,3
0.143941,0.180283,0.15637,3
0.105754,0.111765,0.14565,3
0.148425,0.119264,0.146967,3
0.164819,0.11586,0.180424,3
0.109026,0.110861,0.217252,3
0.22245,0.0306404,0.122109,3
0.113828,0.0467079,0.155874,3
0.137637,0.0111466,0.212425,3
0.156538,0.0853414,0.168226,3
0.158671,0.0223847,0.142372,3
0.126248,0.0133437,0.186392,3
0.17652,0.0506862,0.196513,3
0.141386,0.129474,0.144454,3
0.222676,0.0503349,0.189924,3
0.115596,0.152173,0.110914,3
0.221398,0.204049,0.183747,3
0.216276,0.0185339,0.187783,3
0.190075,0.0337033,0.170579,3
0.218626,0.088373,0.191746,3
0.103819,0.12189,0.144057,3
0.174377,0.108113,0.191863,3
0.147892,0.0309082,0.153998,3
0.188893,0.167278,0.11967,3
0.1984,0.178089,0.208991,3
0.217167,0.149615,0.173698,3
0.153939,0.215348,0.118786,3
0.160451,0.223996,0.15786,3
0.0968329,0.143387,0.2083,3
0.16712,0.220435,0.169331,3
0.205934,0.218892,0.151722,3
0.102101,0.134865,0.126494,3
0.155606,0.0833446,0.174841,3
0.176782,0.117865,0.146186,3
0.157212,0.042518,0.181876,3
0.181193,0.187012,0.205946,3
0.09455,0.174319,0.168967,3
0.158021,0.149296,0.222494,3
0.208929,0.00117964,0.123368,3
0.0991134,0.186263,0.208375,3
0.129427,0.0378178,0.153579,3
0.107885,0.0277699,0.158375,3
0.221175,0.0795501,0.164753,3
0.131934,0.16691,0.198316,3
0.123896,0.0915855,0.123913,3
0.141741,0.131259,0.179939,3
0.105848,0.100036,0.215916,3
0.202203,0.00805048,0.150512,3
0.118876,0.161207,0.144538,3
0.163778,0.111654,0.217538,3
0.219261,0.0668324,0.164122,3
0.194035,0.0159459,0.191859,3
0.14704,0.0304348,0.171645,3
0.214727,0.0685769,0.165644,3
0.221124,0.186559,0.170333,3
0.214922,0.102011,0.219632,3
0.112645,0.206072,0.185459,3
0.196219,0.0868594,0.163364,3
0.218959,0.20406,0.159002,3
0.133526,0.0852387,0.18231,3
0.161163,0.0240685,0.13184,3
0.199703,0.148987,0.210973,3
0.100455,0.0884552,0.222889,3
0.152617,0.171327,0.147659,3
0.145241,0.119804,0.12817,3
0.183768,0.0309867,0.133463,3
0.222589,0.0148132,0.145107,3
0.116691,0.166473,0.119482,3
0.170306,0.203566,0.223841,3
0.165482,0.0089136,0.209869,3
0.185558,0.211023,0.143377,3
0.160611,0.0543714,0.130655,3
0.160153,0.0862435,0.151178,3
0.200769,0.00309285,0.156714,3
0.161299,0.142277,0.178664,3
0.155218,0.0368938,0.160426,3
0.142921,0.0114009,0.175985,3
0.111394,0.0514034,0.179508,3
0.166569,0.155808,0.156684,3
0.198057,0.114713,0.168676,3
0.193216,0.0475212,0.139983,3
0.165893,0.0312594,0.189191,3
0.112286,0.0852032,0.200278,3
0.165688,0.0670016,0.215193,3
0.173136,0.136846,0.154325,3
0.133544,0.0642702,0.143364,3
0.159469,0.0670284,0.157293,3
0.192915,0.0656256,0.149445,3
0.117076,0.0107501,0.124393,3
0.123741,0.189662,0.140201,3
0.110326,0.0983861,0.16444,3
0.0955091,0.171331,0.138259,3
0.180663,0.176399,0.214625,3
0.224363,0.0235038,0.206874,3
0.166703,0.00176082,0.140882,3
0.138167,0.1173,0.187345,3
0.157112,0.112339,0.215171,3
0.201585,0.0606154,0.19416,3
0.108884,0.0233507,0.143157,3
0.152219,0.131829,0.174256,3
0.11503,0.169221,0.104498,3
