x coord,y coord,z coord,rank
0.207693,0.149398,0.150031,0
0.131809,0.163407,0.137808,0
0.111999,0.207121,0.217919,0
0.100069,0.0522737,0.203989,0
0.106861,0.0843107,0.144818,0
0.143811,0.221435,0.20365,0
0.158256,0.182423,0.179933,0
0.220869,0.0580406,0.13645,0
0.103369,0.116142,0.208688,0
0.169657,0.182252,0.211406,0
0.149848,0.0120394,0.128672,0
0.122334,0.154373,0.138321,0
0.127518,0.000233593,0.20529,0
0.224136,0.0620598,0.140937,0
0.122983,0.0468412,0.209797,0
0.131225,0.00446746,0.209378,0
0.110956,0.0327225,0.192668,0
0.178955,0.165861,0.19601,0
0.164082,0.181538,0.216595,0
0.112619,0.00239859,0.180221,0
0.156799,0.209854,0.144395,0
0.193433,0.0737362,0.186754,0
0.109784,0.00446697,0.200858,0
0.136774,0.165758,0.14438,0
0.140913,0.17444,0.178585,0
0.10633,0.0938943,0.196459,0
0.124888,0.00470871,0.153221,0
0.193565,0.0915581,0.203872,0
0.119497,0.14175,0.175359,0
0.151331,0.152892,0.178603,0
0.160411,0.140708,0.201521,0
0.155742,0.11043,0.168668,0
0.116048,0.146066,0.131669,0
0.211499,0.0396785,0.150475,0
0.132334,0.17523,0.173987,0
0.149777,0.137621,0.167452,0
0.19193,0.0534791,0.154154,0
0.138233,0.125151,0.132718,0
0.158137,0.104722,0.156186,0
0.167973,0.11602,0.188476,0
0.105382,0.142085,0.129286,0
0.13449,0.0819586,0.144437,0
0.150957,0.119864,0.140369,0
0.0981451,0.0520493,0.169638,0
0.164084,0.134138,0.196484,0
0.108178,0.00644896,0.142192,0
0.135038,0.175658,0.163375,0
0.182806,0.175153,0.13271,0
0.190885,0.174998,0.144524,0
0.100477,0.208324,0.22024,0
0.10222,0.200739,0.147507,0
0.133547,0.145426,0.189878,0
0.200397,0.130508,0.165544,0
0.112954,0.11967,0.220735,0
0.199989,0.162472,0.21553,0
0.130486,0.0417852,0.190345,0
0.130943,0.066882,0.144146,0
0.223691,0.132086,0.163313,0
0.190113,0.129641,0.141488,0
0.129003,0.139219,0.16412,0
0.15971,0.0833937,0.177527,0
0.136481,0.0127278,0.202062,0
0.142906,0.0128228,0.188593,0
0.209785,0.166483,0.165273,0
0.100773,0.164305,0.199722,0
0.140055,0.0675359,0.186851,0
0.144445,0.134752,0.167204,0
0.187349,0.11678,0.194381,0
0.146977,0.0662682,0.171926,0
0.180079,0.209342,0.184597,0
0.192614,0.0604635,0.212856,0
0.203866,0.2169,0.182846,0
0.222844,0.138436,0.150368,0
0.221913,0.0951419,0.201764,0
0.173206,0.160492,0.13924,0
0.165461,0.175864,0.166252,0
0.219403,0.0778538,0.206164,0
0.171589,0.174649,0.148406,0
0.176827,0.142387,0.153065,0
0.111135,0.088084,0.16378,0
0.121967,0.00463626,0.133405,0
0.157032,0.188298,0.130078,0
0.223987,0.20674,0.191079,0
0.107564,0.0750576,0.185335,0
0.152434,0.181219,0.179239,0
0.192051,0.21742,0.172384,0
0.210524,0.0747566,0.188557,0
0.140856,0.015748,0.19163,0
0.137728,0.0816712,0.164934,0
0.199913,0.113721,0.145169,0
0.179314,0.122212,0.155768,0
0.187382,0.0120856,0.129551,0
0.14195,0.0844881,0.197505,0
0.211109,0.0102179,0.170434,0
0.193382,0.118362,0.186248,0
0.187809,0.015336,0.164581,0
0.189197,0.0184869,0.164224,0
0.116961,0.0884737,0.145264,0
0.142852,0.211623,0.200552,0
0.184917,0.131803,0.210611,0
0.0989925,0.0557597,0.144455,0
0.162333,0.0100653,0.214543,0
0.18553,0.0775226,0.220442,0
0.108974,0.101072,0.187298,0
0.163009,0.159203,0.155723,0
0.165702,0.00466558,0.180533,0
0.148093,0.109008,0.212306,0
0.118975,0.0335363,0.174955,0
0.112744,0.0769574,0.224825,0
0.18935,0.0416339,0.140443,0
0.161462,0.172024,0.168013,0
0.101231,0.0501708,0.130962,0
0.187033,0.222064,0.14797,0
0.145843,0.10443,0.139659,0
0.147328,0.0618295,0.166269,0
0.164694,0.031337,0.162482,0
0.182067,0.0411848,0.134661,0
0.199358,0.173951,0.187449,0
0.209024,0.0739842,0.143505,0
0.171221,0.113054,0.195394,0
0.180403,0.176953,0.1746,0
0.222335,0.143746,0.212013,0
0.146995,0.0266957,0.128129,0
0.0484027,0.207378,0.0226442,1
0.107472,0.203532,0.0912717,1
0.0302825,0.163463,0.0277645,1
0.0471673,0.223367,0.0530159,1
0.0231346,0.0137892,0.124205,1
0.107087,0.0757771,0.085161,1
0.0203154,0.0228703,0.120513,1
0.00888694,0.116018,0.0297212,1
0.00787192,0.184003,0.0648523,1
0.0884572,0.187141,0.00211284,1
0.0977041,0.11963,0.116166,1
0.0902406,0.192605,0.0859372,1
0.0178144,0.0739005,0.0505665,1
0.0580787,0.0461905,0.120498,1
0.0522683,0.0799221,0.0785332,1
0.0749486,0.00978338,0.00879566,1
0.0853251,0.0566292,0.0494404,1
0.0412628,0.126621,0.00580568,1
0.0460295,0.0171185,0.0695393,1
0.058078,0.015924,0.0327799,1
0.0458879,0.154234,0.121874,1
0.0400907,0.138168,0.029776,1
0.0280093,0.117657,0.106746,1
0.0483433,0.221047,0.0662351,1
0.0915632,0.163656,0.0614915,1
0.00138399,0.163905,0.127476,1
0.0018823,0.203071,0.0305267,1
0.085242,0.0441678,0.126522,1
0.00239619,0.166569,0.0137699,1
0.0862417,0.170512,0.00318489,1
0.100068,0.033637,0.00702531,1
0.0149318,0.179623,0.014703,1
0.0215659,0.21323,0.110572,1
0.0950064,0.117801,0.0959973,1
0.040014,0.224472,0.0267765,1
0.0562764,0.0880107,0.074809,1
0.0978959,0.0709746,0.0194136,1
0.0137686,0.000749188,0.0469253,1
0.103218,0.156284,0.00345467,1
0.0597138,0.192994,0.0931706,1
0.0962427,0.0960763,0.0510729,1
0.0941063,0.0329198,0.00363996,1
0.0672733,0.110343,0.0201466,1
0.0265623,0.219522,0.00742583,1
0.0374051,0.150136,0.0164435,1
0.0550466,0.140943,0.0106786,1
0.0482607,0.0121303,0.0540869,1
0.0589219,0.0594374,0.0156555,1
0.0148157,0.179886,0.0322094,1
0.0568205,0.0301057,0.115004,1
0.0187619,0.197612,0.0518083,1
0.0127411,0.138827,0.0952587,1
0.00107306,0.141162,0.0143434,1
0.0994729,0.190511,0.0437816,1
0.00710553,0.0565789,0.0107677,1
0.0905112,0.142965,0.0168507,1
0.104641,0.0259857,0.109206,1
0.0117613,0.111472,0.0614131,1
0.0738091,0.180213,0.0399173,1
0.00989847,0.038433,0.0962453,1
0.0182004,0.192392,0.0643512,1
0.095914,0.193148,0.0642316,1
0.00350409,0.199546,0.0554064,1
0.0872515,0.131649,0.0338868,1
0.0872739,0.147923,0.0317368,1
0.0993261,0.166928,0.039317,1
0.0435047,0.038487,0.0167751,1
0.102414,0.0209824,0.00313736,1
0.102025,0.166021,0.0413388,1
0.0876065,0.208161,0.105137,1
0.0789747,0.155268,0.108382,1
0.0356807,0.12369,0.0162829,1
0.0395141,0.0998099,0.0916402,1
0.0321175,0.0680237,0.024858,1
0.0626213,0.07942,0.0737608,1
0.054732,0.100099,0.0538073,1
0.038981,0.128896,0.00461999,1
0.0656471,0.207741,0.0346744,1
0.024126,0.0839534,0.0398766,1
0.0493713,0.052783,0.0943039,1
0.101727,0.125482,0.0163037,1
0.106104,0.220889,0.09124,1
0.0825368,0.153332,0.0830027,1
0.0407423,0.177817,0.0458253,1
0.0211556,0.0808632,0.0646805,1
0.00345894,0.210661,0.118906,1
0.0501329,0.0484436,0.115454,1
0.0905252,0.0911417,0.104041,1
0.0902266,0.162294,0.0964702,1
0.100357,0.214296,0.115527,1
0.0626023,0.13142,0.075878,1
0.074652,0.0162521,0.0935417,1
0.0923012,0.0425583,0.00350603,1
0.00203509,0.083794,0.0637799,1
0.00484576,0.126771,0.0285069,1
0.0232836,0.0507279,0.0015517,1
0.0108079,0.117121,0.00803082,1
0.100058,0.219763,0.122975,1
0.0485435,0.183782,0.0831326,1
0.0101541,0.12545,0.0759172,1
0.022793,0.0560444,0.00805103,1
0.106262,0.1516,0.0781685,1
0.108917,0.163567,0.00415904,1
0.00724455,0.120953,0.0810739,1
0.0525546,0.219869,0.00973972,1
0.0705206,0.0051661,0.00694655,1
0.0143796,0.217629,0.0675618,1
0.0573466,0.0638047,0.0865195,1
0.0335672,0.0314143,0.072087,1
0.0313671,0.197878,0.0522523,1
0.0715106,0.219863,0.0854334,1
0.00715624,0.156425,0.0209109,1
0.0823776,0.177465,0.0634036,1
0.0700918,0.197348,0.00118278,1
0.0411942,0.156869,0.0483544,1
0.0140873,0.0849827,0.071173,1
0.0688347,0.197501,0.0951916,1
0.0431427,0.0273848,0.0269594,1
0.0967519,0.157779,0.107123,1
0.103588,0.0896973,0.0826938,1
0.109233,0.0590656,0.0231237,1
0.00676653,0.160743,0.119068,1
0.0719391,0.165385,0.123288,1
0.104685,0.0993539,0.0493139,1
0.10444,0.0432549,0.106051,1
0.0200138,0.00439604,0.127951,1
0.10101,0.0723896,0.089458,1
0.105897,0.157322,0.0302766,1
0.00653473,0.1074,0.127741,1
0.13777,0.124347,0.0665288,2
0.130424,0.197323,0.119747,2
0.194895,0.0513682,0.0789096,2
0.111765,0.163766,0.126777,2
0.187564,0.124645,0.0858732,2
0.185985,0.204823,0.127838,2
0.12142,0.130162,0.0607353,2
0.147631,0.164237,0.0409811,2
0.202896,0.0202286,0.0033153,2
0.112669,0.0343872,0.0299002,2
0.208202,0.146913,0.101688,2
0.11692,0.0537444,0.00231924,2
0.136088,0.0436738,0.0570511,2
0.152901,0.149712,0.0880508,2
0.154856,0.132487,0.0190716,2
0.173914,0.186691,0.108027,2
0.152886,0.178454,0.0322901,2
0.161094,0.00854297,0.0942046,2
0.183094,0.202419,0.0401837,2
0.175327,0.192853,0.000683774,2
0.190981,0.18358,0.0212842,2
0.175928,0.0906792,0.0445238,2
0.189306,0.14529,0.114348,2
0.202621,0.026075,0.00305049,2
0.109236,0.103678,0.0634785,2
0.203087,0.194524,0.116298,2
0.183934,0.213002,0.121552,2
0.125583,0.125028,0.0477335,2
0.223125,0.12701,0.0566788,2
0.142141,0.0559806,0.118517,2
0.199128,0.190738,0.105068,2
0.14514,0.126223,0.10226,2
0.14417,0.0984082,0.0358619,2
0.173052,0.138758,0.0653831,2
0.123875,0.149063,0.0735948,2
0.162181,0.180775,0.117714,2
0.131445,0.104741,0.058142,2
0.201717,0.162418,0.102084,2
0.169286,0.111508,0.0124692,2
0.127166,0.0565898,0.012794,2
0.199847,0.133841,0.0722305,2
0.200998,0.00360503,0.0675274,2
0.11645,0.180161,0.121989,2
0.114426,0.138153,0.0351135,2
0.132769,0.0900253,0.113778,2
0.214524,0.220123,0.0654423,2
0.171327,0.119888,0.0942037,2
0.217161,0.0866194,0.0547725,2
0.197279,0.16518,0.0157963,2
0.111739,0.0717726,0.126233,2
0.184633,0.175729,0.0709504,2
0.153834,0.170825,0.048435,2
0.224814,0.182132,0.106573,2
0.162245,0.102548,0.0407762,2
0.141095,0.0519224,0.115605,2
0.195541,0.185831,0.0291853,2
0.111583,0.102986,0.0432343,2
0.165214,0.148087,0.0510755,2
0.170207,0.202256,0.0227706,2
0.207192,0.012994,0.0373305,2
0.175982,0.188411,0.0573452,2
0.194964,0.126278,0.118016,2
0.183648,0.128374,0.107246,2
0.151327,0.191202,0.0198966,2
0.221534,0.0187327,0.0580014,2
0.197174,0.0598076,0.00344955,2
0.172725,0.0747881,0.029152,2
0.194559,0.0493318,0.117209,2
0.221523,0.00534915,0.0303321,2
0.203511,0.115969,0.0299356,2
0.220586,0.0091786,0.0140567,2
0.206765,0.164994,0.101224,2
0.12888,0.11717,0.0944772,2
0.133195,0.0577613,0.00452584,2
0.170019,0.159038,0.014157,2
0.159829,0.205388,0.100421,2
0.187826,0.0206916,0.0642731,2
0.224504,0.147292,0.0448872,2
0.173525,0.121138,0.0729725,2
0.171036,0.137351,0.0454652,2
0.184454,0.200404,0.10952,2
0.218524,0.120449,0.0562955,2
0.186815,0.076997,0.066383,2
0.194962,0.0269823,0.0268711,2
0.153387,0.0326489,0.0334348,2
0.146839,0.133739,0.0566588,2
0.175661,0.173727,0.0879832,2
0.172951,0.200767,0.0481359,2
0.116219,0.0732323,0.120371,2
0.211802,0.115602,0.104352,2
0.116006,0.116602,0.0954313,2
0.182357,0.223005,0.0561201,2
0.113658,0.153104,0.101862,2
0.146007,0.128294,0.118177,2
0.148816,0.159613,0.125758,2
0.179935,0.0164656,0.0270459,2
0.154458,0.0894481,0.0968275,2
0.147712,0.201042,0.00802543,2
0.213225,0.18449,0.0974166,2
0.127987,0.0890201,0.00401085,2
0.165383,0.189179,0.122942,2
0.124068,0.0426113,0.1216,2
0.17981,0.0229933,0.101659,2
0.173637,0.187052,0.107431,2
0.11465,0.188811,0.10034,2
0.216683,0.162317,0.0986,2
0.210599,0.13003,0.0844095,2
0.123913,0.215999,0.0739032,2
0.160459,0.0979574,0.0350152,2
0.188785,0.0300872,0.0677233,2
0.126915,0.0410764,0.108981,2
0.117912,0.159097,0.05786,2
0.114782,0.180067,0.0804739,2
0.143001,0.157742,0.0203544,2
0.161164,0.155377,0.0671047,2
0.11286,0.13977,0.0970228,2
0.1754,0.00854621,0.00947985,2
0.145837,0.101384,0.115583,2
0.222596,0.157546,0.0120804,2
0.152774,0.152146,0.013375,2
0.14738,0.113497,0.0961376,2
0.184376,0.127479,0.0825777,2
0.0927291,0.112098,0.216082,3
0.0365096,0.196792,0.136469,3
0.0292442,0.193792,0.13624,3
0.0374176,0.191251,0.134627,3
0.0531344,0.199589,0.155442,3
0.0827698,0.0187722,0.147143,3
0.0326289,0.191098,0.138928,3
0.0877756,0.133228,0.134969,3
0.0267646,0.0796518,0.205041,3
0.0350565,0.198627,0.131504,3
0.0686853,0.134035,0.137086,3
0.000806169,0.219903,0.154659,3
0.0857306,0.172756,0.151445,3
0.0182892,0.196771,0.161846,3
0.0303248,0.112536,0.130588,3
0.0292486,0.137711,0.187988,3
0.0591748,0.0693982,0.177919,3
0.0634069,0.0611416,0.191822,3
0.0306309,0.173681,0.15325,3
0.0851569,0.195188,0.141769,3
0.0321071,0.198338,0.133325,3
0.0533834,0.0882846,0.192918,3
0.0505467,0.0195313,0.200482,3
0.0349334,0.192004,0.129782,3
0.0545801,0.207765,0.163851,3
0.0932407,0.221138,0.17505,3
0.0532424,0.042656,0.220772,3
0.0556317,0.0204665,0.22099,3
0.0349232,0.19104,0.132727,3
0.0328053,0.193571,0.136697,3
0.0329828,0.191363,0.130252,3
0.0100027,0.110546,0.150494,3
0.0325803,0.197567,0.13461,3
0.0301662,0.187799,0.130158,3
0.0335386,0.191268,0.132341,3
0.0340153,0.189265,0.130763,3
0.0235215,0.0165404,0.195395,3
0.0335652,0.193078,0.129588,3
0.085233,0.13445,0.144729,3
0.033217,0.196915,0.136307,3
0.0384666,0.160729,0.205795,3
0.0347184,0.194687,0.131511,3
0.0602759,0.088731,0.188298,3
0.0389555,0.190021,0.136583,3
0.00187666,0.019077,0.195296,3
0.0972544,0.115843,0.147597,3
0.00486943,0.17587,0.176547,3
0.0295926,0.19372,0.132221,3
0.0546581,0.00860998,0.216377,3
0.0364213,0.19126,0.130033,3
0.036789,0.194945,0.131527,3
0.0601958,0.0853097,0.141427,3
0.0312966,0.188567,0.132704,3
0.0314098,0.192417,0.130705,3
0.0303594,0.191523,0.136565,3
0.0355244,0.189687,0.132205,3
0.0211212,0.0540572,0.166049,3
0.0510769,0.0627388,0.134272,3
0.0292665,0.192837,0.136542,3
0.00401301,0.219756,0.194922,3
0.0154604,0.190062,0.174317,3
0.0885991,0.0287725,0.197581,3
0.054015,0.00280791,0.16271,3
0.0227152,0.022438,0.189352,3
0.0355571,0.016468,0.19326,3
0.0237559,0.0795144,0.181037,3
0.0839992,0.00530983,0.128313,3
0.061706,0.113192,0.140051,3
0.0412839,0.221969,0.159162,3
0.0345636,0.196219,0.134781,3
0.0953127,0.151735,0.185393,3
0.0207885,0.223318,0.183147,3
0.0348686,0.192534,0.132443,3
0.0284375,0.192571,0.133768,3
0.0350331,0.195879,0.134113,3
0.00752732,0.10659,0.219734,3
0.0845908,0.21441,0.178491,3
0.0976275,0.0903717,0.141986,3
0.0874083,0.195443,0.190055,3
0.0563466,0.0654756,0.216085,3
0.0799656,0.171431,0.154955,3
0.0207474,0.113453,0.22077,3
0.0313905,0.198275,0.134424,3
0.032177,0.188088,0.129349,3
0.0339702,0.188245,0.130656,3
0.00371611,0.211733,0.132612,3
0.0308126,0.189445,0.134416,3
0.0375047,0.190971,0.129067,3
0.0429183,0.0400331,0.210134,3
0.0101691,0.0318195,0.187345,3
0.000665641,0.145516,0.154137,3
0.0356765,0.191501,0.130984,3
0.0355291,0.03947,0.167021,3
0.0677974,0.152233,0.204092,3
0.0817884,0.090195,0.218721,3
0.0601964,0.11002,0.15601,3
0.0461971,0.0533827,0.133138,3
0.090347,0.0451379,0.142187,3
0.0133893,0.00503936,0.19052,3
0.0502589,0.013082,0.169818,3
0.0363284,0.193546,0.136499,3
0.0829163,0.059513,0.19689,3
0.0173305,0.179292,0.203129,3
0.0807687,0.00524094,0.203619,3
0.0930666,0.087457,0.150108,3
0.0181133,0.0324609,0.164486,3
0.0217025,0.0971816,0.216839,3
0.034079,0.190802,0.134444,3
0.0103948,0.0081553,0.168951,3
0.0944649,0.0676158,0.141303,3
0.0292126,0.187995,0.13452,3
0.0321424,0.188949,0.137101,3
0.0357151,0.196645,0.132757,3
0.03131,0.126087,0.202967,3
0.0246306,0.116973,0.170728,3
0.0335181,0.190303,0.130059,3
0.0395535,0.163532,0.216843,3
0.014829,0.18647,0.17986,3
0.0653748,0.0838442,0.217427,3
0.0843786,0.221705,0.202856,3
0.032918,0.191491,0.137146,3
0.0345295,0.189604,0.145875,3
0.0331505,0.194551,0.136673,3
0.095473,0.180681,0.163338,3
0.0942222,0.17671,0.201845,3
0.0320625,0.196867,0.129185,3
