x coord,y coord,z coord,rank
0.037485,0.174538,0.00848076,0
0.0341297,0.176826,0.00882859,0
0.0936835,0.207673,0.188809,0
0.0354938,0.182018,0.0131562,0
0.0148505,0.1594,0.0228924,0
0.0217765,0.210051,0.190823,0
0.0371761,0.182868,0.0109353,0
0.037665,0.179411,0.0114933,0
0.0345332,0.179293,0.0150207,0
0.0388956,0.174704,0.0103538,0
0.0267609,0.196009,0.0494223,0
0.0227938,0.18424,0.112731,0
0.0851156,0.196249,0.112561,0
0.0393119,0.180423,0.0114257,0
0.0333664,0.171373,0.0180279,0
0.0522297,0.171418,0.032466,0
0.0348699,0.154077,0.155652,0
0.0481629,0.145632,0.169577,0
0.0947488,0.181139,0.0622169,0
0.0333917,0.174282,0.0140731,0
0.0910083,0.150686,0.0501575,0
0.0449909,0.163608,0.0270591,0
0.0248441,0.19056,0.00336742,0
0.0641986,0.169673,0.032585,0
0.0867238,0.198247,0.0382712,0
0.0288227,0.177242,0.0136369,0
0.032903,0.145055,0.064595,0
0.0462886,0.171355,0.0279966,0
0.0370143,0.172041,0.0131348,0
0.0927273,0.150896,0.0301394,0
0.0104251,0.214151,0.0217687,0
0.0352269,0.179949,0.0117644,0
0.0289559,0.176145,0.0125515,0
0.0321611,0.180819,0.0173949,0
0.0347135,0.181656,0.0155409,0
0.0330038,0.175109,0.0112457,0
0.0396142,0.148288,0.219793,0
0.0191436,0.195887,0.0409075,0
0.0582873,0.203068,0.193957,0
0.0533736,0.194031,0.0280516,0
0.0325962,0.177203,0.0138631,0
0.0337743,0.177605,0.010601,0
0.0427993,0.224887,0.210201,0
0.0380848,0.177788,0.0128883,0
0.0497779,0.204322,0.214252,0
0.0303478,0.175291,0.00776895,0
0.0389808,0.179394,0.00956167,0
0.033604,0.175471,0.0131126,0
0.0919766,0.177023,0.169833,0
0.0763482,0.190584,0.188006,0
0.0838868,0.195794,0.106741,0
0.0084152,0.184704,0.0579359,0
0.0291448,0.177111,0.00834605,0
0.0908213,0.223125,0.179257,0
0.0293296,0.219679,0.109145,0
0.0404422,0.175027,0.0158135,0
0.0381255,0.176788,0.0144616,0
0.0234709,0.195231,0.169131,0
0.0316792,0.180972,0.0115053,0
0.0411974,0.178887,0.0157441,0
0.065732,0.18999,0.13383,0
0.0150697,0.16777,0.188311,0
0.0312475,0.181832,0.0159884,0
0.0352492,0.178575,0.0108162,0
0.032275,0.174822,0.01508,0
0.00855538,0.155174,0.198319,0
0.0246566,0.185859,0.115842,0
0.0369674,0.173452,0.0139652,0
0.0278518,0.183097,0.0528833,0
0.0517212,0.165561,0.140639,0
0.02124,0.156802,0.0532326,0
0.0321664,0.149169,0.172066,0
0.0310084,0.194085,0.165074,0
0.0323042,0.175806,0.0121041,0
0.0380255,0.176868,0.0158309,0
0.047092,0.202839,0.177705,0
0.0289019,0.179484,0.0109759,0
0.0109003,0.166597,0.183886,0
0.0346042,0.178689,0.0123212,0
0.0346731,0.182562,0.00778474,0
0.0384161,0.175697,0.0177528,0
0.00876551,0.211764,0.196806,0
0.0320362,0.178223,0.0118435,0
0.0747414,0.177499,0.0231016,0
0.0836036,0.149605,0.2156,0
0.0691958,0.160408,0.196278,0
0.0344062,0.181768,0.0161023,0
0.0916703,0.208504,0.139725,0
0.0305584,0.1731,0.0144337,0
0.0272796,0.191129,0.148453,0
0.0373456,0.178932,0.0153199,0
0.0366141,0.191282,0.0886449,0
0.0307135,0.178912,0.0110704,0
0.0716139,0.193854,0.134295,0
0.0930088,0.178747,0.203371,0
0.0380387,0.174555,0.0129554,0
0.0336771,0.177913,0.00885135,0
0.0335993,0.182723,0.0131482,0
0.00756742,0.158331,0.193154,0
0.0880818,0.177562,0.199291,0
0.0477941,0.18949,0.0350143,0
0.0876816,0.148992,0.0399813,0
0.0786657,0.178816,0.104561,0
0.0591411,0.212633,0.201567,0
0.0357772,0.178108,0.0137249,0
0.000729212,0.193815,0.191403,0
0.0303612,0.176909,0.0116074,0
0.0346155,0.175372,0.00950057,0
0.0511351,0.170976,0.0390663,0
0.0522561,0.181556,0.193008,0
0.0109686,0.165602,0.194756,0
0.044637,0.149255,0.188742,0
0.0685415,0.223298,0.109243,0
0.0216286,0.205835,0.0678927,0
0.044326,0.151427,0.129104,0
0.0293746,0.196248,0.0279891,0
0.00755007,0.193087,0.200471,0
0.0342923,0.174687,0.0927956,0
0.0654595,0.181282,0.187749,0
0.0826564,0.190591,0.091655,0
0.0468225,0.188722,0.0831152,0
0.0411535,0.180049,0.0149349,0
0.0595285,0.189967,0.161157,0
0.0930646,0.182145,0.00674987,0
0.0309779,0.0430563,0.135849,1
0.0913532,0.0791945,0.0409015,1
0.0477756,0.0987689,0.170604,1
0.0319228,0.010447,0.125329,1
0.0225821,0.0899003,0.215931,1
0.0802399,0.143778,0.169944,1
0.0826983,0.13317,0.147969,1
0.0648572,0.112507,0.126999,1
0.0095634,0.0104176,0.116193,1
0.0280071,0.13907,0.166171,1
0.0268759,0.00457065,0.217675,1
0.0458053,0.0516501,0.130097,1
0.0183096,0.099576,0.197161,1
0.0762498,0.12237,0.0589673,1
0.0714996,0.127842,0.0900059,1
0.0239223,0.065782,0.208191,1
0.0592525,0.141408,0.209123,1
0.00277264,0.135178,0.0916496,1
0.0852974,0.0207338,0.176242,1
0.0537289,0.0990678,0.154771,1
0.0135245,0.139459,0.159326,1
0.0471781,0.025234,0.220806,1
0.0887253,0.00253036,0.0514965,1
0.061667,0.114379,0.166242,1
0.0715479,0.0187038,0.197425,1
0.0180602,0.139532,0.11257,1
0.0547136,0.00108928,0.196097,1
0.0908837,0.053256,0.0814409,1
0.053789,0.135158,0.133275,1
0.0878333,0.0381146,0.0622253,1
0.0128461,0.12836,0.222891,1
0.0424199,0.00147014,0.143369,1
0.0511362,0.066083,0.22002,1
0.0591848,0.0209553,0.135656,1
0.0667815,0.0810976,0.186987,1
0.0338461,0.0587796,0.113588,1
0.0260608,0.126673,0.141864,1
0.0766048,0.0789826,0.143265,1
0.093089,0.106495,0.187067,1
0.0939515,0.0365561,0.158688,1
0.0679804,0.0906511,0.140854,1
0.0778881,0.0641317,0.0225168,1
0.0463139,0.0660884,0.105758,1
0.0824404,0.0116081,0.173875,1
0.0557725,0.119277,0.209215,1
0.0766866,0.0149418,0.221805,1
0.00188277,0.0247102,0.116355,1
0.0661041,0.00702981,0.219831,1
0.0271656,0.0868702,0.0989425,1
0.0118415,0.0316547,0.136849,1
0.030655,0.000146408,0.0982435,1
0.0810305,0.126579,0.163988,1
0.0926522,0.0893107,0.103418,1
0.0722667,0.0818822,0.0573996,1
0.030505,0.0384176,0.0759037,1
0.0155852,0.0154475,0.0127812,1
0.0506499,0.0559234,0.162373,1
0.0133306,0.0240014,0.00297853,1
0.036551,0.0996093,0.199237,1
0.0444668,0.0814008,0.121593,1
0.0183174,0.0179825,0.0312488,1
0.0834214,0.0122959,0.138828,1
0.0409165,0.0696154,0.0228911,1
0.0200899,0.0594549,0.0887099,1
0.0658201,0.0606571,0.142733,1
0.0518576,0.0981053,0.106375,1
0.0460628,0.0932347,0.0516167,1
0.00206442,0.0192602,0.0137154,1
0.00503153,0.0456857,0.209943,1
0.042898,0.00653574,0.0457559,1
0.0543739,0.0665432,0.110211,1
0.0611438,0.0215999,0.142574,1
0.0432272,0.0330259,0.0896062,1
0.0140986,0.133865,0.118818,1
0.0351365,0.0232871,0.0578454,1
0.0647334,0.0991317,0.00633665,1
0.0790045,0.0496546,0.0615499,1
0.0864878,0.0748727,0.196107,1
0.0481108,0.0893638,0.0734179,1
0.00246626,0.0225875,0.0701785,1
0.0728797,0.00647608,0.147113,1
0.0517965,0.0689449,0.0403165,1
0.0398483,0.039228,0.068789,1
0.0551391,0.108619,0.176497,1
0.0897465,0.00585355,0.0850986,1
0.0277544,0.104261,0.0234723,1
0.026666,0.100315,0.16157,1
0.018328,0.0671692,0.0565884,1
0.0349101,0.13442,0.223493,1
0.0472263,0.111774,0.151825,1
0.0279419,0.0618902,0.221073,1
0.00832283,0.0310103,0.00557853,1
0.0656337,0.0149202,0.204222,1
0.00965261,0.121691,0.118273,1
0.0539391,0.0792192,0.193351,1
0.00702095,0.0331287,0.0978509,1
0.0852557,0.00900893,0.106939,1
0.0295864,0.042941,0.173351,1
0.0681265,0.0459437,0.0830457,1
0.0720442,0.142212,0.0733372,1
0.0769498,0.0566,0.200713,1
0.0661968,0.0417096,0.217552,1
0.0284909,0.0566675,0.0597923,1
0.0325743,0.0412568,0.0411877,1
0.0352543,0.0924011,0.196075,1
0.0756366,0.0921356,0.193962,1
0.0377331,0.0974368,0.126285,1
0.000565614,0.0964163,0.167255,1
0.0560996,0.0277618,0.171496,1
0.0753516,0.082971,0.179738,1
0.069037,0.104801,0.094927,1
0.00780829,0.0328792,0.20264,1
0.0314079,0.0815605,0.223578,1
0.0225427,0.113257,0.208814,1
0.0583059,0.102618,0.0742858,1
0.066939,0.0945502,0.143824,1
0.0673478,0.0117784,0.0191505,1
0.0477732,0.00345673,0.0744932,1
0.0073189,0.102349,0.186338,1
0.0654389,0.108469,0.0420444,1
0.091251,0.0988537,0.186941,1
0.0376022,0.113088,0.00889598,1
0.0782463,0.120373,0.0866312,1
0.00225063,0.126631,0.121057,1
0.0327249,0.127888,0.0773412,1
0.122936,0.0715138,0.128893,2
0.213711,0.0882485,0.144765,2
0.102432,0.0745576,0.0416292,2
0.187419,0.0623956,0.178105,2
0.185288,0.00470444,0.14687,2
0.127198,0.0457401,0.162183,2
0.121554,0.111276,0.0449484,2
0.118979,0.0837251,0.130609,2
0.221412,0.00289249,0.188621,2
0.131746,0.0403445,0.19523,2
0.171849,0.000166551,0.136181,2
0.113329,0.0297047,0.186065,2
0.212922,0.0625434,0.164257,2
0.116087,0.0561144,0.158029,2
0.207023,0.102834,0.163319,2
0.198379,0.10319,0.118053,2
0.102286,0.0709912,0.0807467,2
0.159979,0.0719941,0.151507,2
0.121084,0.0628705,0.15024,2
0.123068,0.108422,0.192702,2
0.209699,0.0219114,0.0208063,2
0.198841,0.0413387,0.0127255,2
0.201142,0.010788,0.0256999,2
0.107849,0.0980255,0.00915741,2
0.12607,0.0853564,0.0318191,2
0.216396,0.0499741,0.173583,2
0.116119,0.0552616,0.0538728,2
0.165082,0.103568,0.126473,2
0.166265,0.0780048,0.0728136,2
0.17817,0.111905,0.119385,2
0.137477,0.00684478,0.0632346,2
0.195545,0.105224,0.0213587,2
0.136826,0.0498135,0.100798,2
0.193911,0.0599782,0.178329,2
0.15069,0.045708,0.193197,2
0.196612,0.0722894,0.0839484,2
0.185256,0.0723814,0.162735,2
0.113202,0.0242926,0.185391,2
0.169087,0.102492,0.0717611,2
0.215155,0.0514214,0.207547,2
0.100348,0.0680056,0.224815,2
0.177056,0.108307,0.149233,2
0.173902,0.0494802,0.0233415,2
0.138376,0.0969017,0.0256984,2
0.141149,0.0266743,0.00373883,2
0.130041,0.0968673,0.142398,2
0.156132,0.0179944,0.100121,2
0.160331,0.00339389,0.187925,2
0.151097,0.063663,0.135258,2
0.213894,0.108484,0.130137,2
0.195979,0.0776258,0.18668,2
0.118336,0.012378,0.107047,2
0.186791,0.0166267,0.18908,2
0.0961959,0.0495823,0.165548,2
0.186895,0.000203965,0.107846,2
0.171672,0.045242,0.034048,2
0.163265,0.0417007,0.112901,2
0.182924,0.0816891,0.0548399,2
0.139431,0.0760202,0.218488,2
0.21695,0.0153932,0.167988,2
0.208499,0.0869304,0.0926461,2
0.151417,0.0121296,0.0372857,2
0.168647,0.0255344,0.0802198,2
0.220256,0.0860318,0.185097,2
0.173581,0.0395338,0.016616,2
0.215828,0.0306221,0.144166,2
0.17731,0.0410521,0.21579,2
0.104119,0.0692326,0.135176,2
0.105123,0.0793935,0.136573,2
0.163748,0.0774595,0.183563,2
0.158444,0.0510724,0.0518876,2
0.17641,0.0885548,0.0273914,2
0.096245,0.0888674,0.214132,2
0.21109,0.0696015,0.0407406,2
0.109065,0.0774568,0.185643,2
0.120915,0.0325078,0.12314,2
0.109416,0.0297845,0.00592584,2
0.124394,0.0850215,0.0909956,2
0.130012,0.042956,0.0230429,2
0.186424,0.0315892,0.120567,2
0.179795,0.00216582,0.0936953,2
0.0956117,0.0870576,0.203277,2
0.112376,0.0818522,0.119301,2
0.145081,0.0289596,0.0274628,2
0.219442,0.0660808,0.117592,2
0.222402,0.0495478,0.191859,2
0.131539,0.0688994,0.0681728,2
0.21721,0.104208,0.0129077,2
0.0978777,0.111078,0.000886354,2
0.151378,0.0583512,0.0505952,2
0.181732,0.111389,0.00392189,2
0.181122,0.0553927,0.121903,2
0.207473,0.0686166,0.0454214,2
0.11459,0.0443388,0.0314084,2
0.220245,0.0654773,0.156461,2
0.112622,0.108591,0.120737,2
0.196106,0.0432496,0.115718,2
0.196964,0.00364988,0.0272864,2
0.170233,0.110498,0.0906621,2
0.110367,0.0553867,0.139988,2
0.135087,0.0966621,0.0799904,2
0.196833,0.0811773,0.101777,2
0.178395,0.112001,0.186269,2
0.219691,0.104386,0.0525308,2
0.154194,0.0941967,0.125947,2
0.220846,0.0804454,0.203594,2
0.162783,0.0212242,0.0980409,2
0.151568,0.0641019,0.0889919,2
0.0984422,0.10123,0.115294,2
0.171704,0.101883,0.0543157,2
0.100566,0.0314561,0.086894,2
0.191597,0.0371244,0.160718,2
0.15776,0.0263479,0.147857,2
0.121732,0.011485,0.210906,2
0.184599,0.0195712,0.0132923,2
0.205635,0.106463,0.160293,2
0.169719,0.09599,0.0101308,2
0.139977,0.0701954,0.141384,2
0.219369,0.0552557,0.00155172,2
0.1483,0.0255094,0.00229931,2
0.1495,0.0089843,0.118068,2
0.10364,0.0143765,0.0360417,2
0.109034,0.0490671,0.0999109,2
0.107894,0.02727,0.0527793,2
0.104994,0.0118166,0.00199565,2
0.21807,0.107092,0.0380061,2
0.11299,0.127208,0.169902,3
0.206527,0.147445,0.0323201,3
0.098492,0.140536,0.0405164,3
0.123454,0.117972,0.0336285,3
0.119282,0.219596,0.0218981,3
0.148401,0.14642,0.224026,3
0.134393,0.14933,0.0497794,3
0.163107,0.122974,0.00257404,3
0.159102,0.181803,0.0270426,3
0.183631,0.139627,0.171979,3
0.150194,0.211041,0.120805,3
0.202795,0.187674,0.0843356,3
0.218086,0.148932,0.177302,3
0.134607,0.160751,0.0454856,3
0.110849,0.150073,0.0750871,3
0.142196,0.136689,0.0783087,3
0.213947,0.150577,0.172152,3
0.11407,0.159962,0.224181,3
0.201073,0.212936,0.191507,3
0.156758,0.183865,0.0220701,3
0.107381,0.172683,0.157041,3
0.167116,0.209394,0.049685,3
0.216786,0.223515,0.0812387,3
0.114391,0.182205,0.112361,3
0.18692,0.168653,0.101623,3
0.154373,0.13313,0.0964556,3
0.143045,0.195152,0.043237,3
0.21718,0.170226,0.0840932,3
0.121858,0.218501,0.0496684,3
0.144296,0.175771,0.0842713,3
0.153696,0.212157,0.195661,3
0.18695,0.149121,0.168404,3
0.151004,0.125785,0.0311518,3
0.14614,0.139517,0.161231,3
0.156928,0.191044,0.0689969,3
0.144442,0.190912,0.0756271,3
0.133651,0.187489,0.0387512,3
0.151136,0.206021,0.118804,3
0.11058,0.180785,0.141185,3
0.12953,0.201462,0.142474,3
0.195943,0.142725,0.0536712,3
0.206326,0.144572,0.0574874,3
0.173164,0.17713,0.021689,3
0.165841,0.1311,0.162113,3
0.154951,0.2076,0.0600593,3
0.172491,0.16851,0.028759,3
0.160849,0.122733,0.0505617,3
0.215394,0.193442,0.0294328,3
0.184298,0.208404,0.165093,3
0.103614,0.184182,0.211802,3
0.200914,0.160549,0.0270725,3
0.204388,0.189813,0.138344,3
0.220025,0.154301,0.0739972,3
0.176284,0.154766,0.0773383,3
0.141643,0.137411,0.0137303,3
0.196828,0.207831,0.059312,3
0.22194,0.180656,0.134141,3
0.221778,0.136476,0.0380877,3
0.134846,0.180859,0.00342276,3
0.217294,0.142577,0.0387777,3
0.188723,0.177225,0.111794,3
0.143612,0.203607,0.121125,3
0.179982,0.132307,0.113668,3
0.16533,0.218486,0.148602,3
0.112893,0.123068,0.184992,3
0.159569,0.209947,0.114952,3
0.181206,0.163686,0.188512,3
0.144036,0.221322,0.148713,3
0.132113,0.208451,0.112246,3
0.130108,0.147484,0.144355,3
0.139249,0.203249,0.107799,3
0.192048,0.135877,0.153422,3
0.182843,0.121163,0.149848,3
0.189956,0.179653,0.134273,3
0.216595,0.137773,0.165784,3
0.136243,0.219528,0.149168,3
0.133994,0.182382,0.134007,3
0.206231,0.194442,0.205377,3
0.124219,0.125035,0.0372929,3
0.212138,0.157801,0.126068,3
0.107342,0.200074,0.20742,3
0.223818,0.173238,0.171083,3
0.147559,0.153876,0.154083,3
0.119388,0.217497,0.167492,3
0.201109,0.180601,0.145604,3
0.171518,0.182045,0.21228,3
0.142768,0.182149,0.169525,3
0.137646,0.153972,0.203423,3
0.114909,0.145044,0.179966,3
0.10805,0.202241,0.22315,3
0.122503,0.219194,0.219954,3
0.196325,0.199254,0.165974,3
0.182243,0.197487,0.129141,3
0.162373,0.198953,0.157104,3
0.222899,0.189246,0.157577,3
0.200944,0.20472,0.112555,3
0.153117,0.176694,0.194974,3
0.132411,0.192267,0.195295,3
0.172143,0.21042,0.198817,3
0.215386,0.164229,0.179667,3
0.125422,0.145899,0.212798,3
0.169219,0.135626,0.151054,3
0.149837,0.158699,0.159366,3
0.148731,0.152684,0.0925411,3
0.178141,0.164543,0.0974323,3
0.100037,0.145952,0.204375,3
0.107122,0.122453,0.118196,3
0.144207,0.114038,0.0729997,3
0.166391,0.12636,0.0998647,3
0.163689,0.112455,0.0215649,3
0.139257,0.113793,0.197255,3
0.157965,0.126258,0.00989464,3
0.114599,0.120131,0.028666,3
0.123204,0.143724,0.145911,3
0.14658,0.128478,0.0749095,3
0.218696,0.124734,0.203074,3
0.111291,0.120923,0.143917,3
0.140965,0.140526,0.0671438,3
0.140327,0.123884,0.04408,3
0.104688,0.129524,0.0647372,3
0.111362,0.14062,0.0801659,3
0.0978781,0.117433,0.0451434,3
0.161559,0.113608,0.102462,3
0.193176,0.113349,0.202856,3
0.0959057,0.195804,0.068576,3
