x coord,y coord,z coord,rank
0.0906301,0.198909,0.126928,0
0.0877038,0.206497,0.125783,0
0.1004,0.211493,0.131366,0
0.0518255,0.170129,0.130096,0
0.0453429,0.148963,0.124028,0
0.0172622,0.0396385,0.123388,0
0.0202758,0.00264594,0.121528,0
0.0942578,0.0274978,0.128691,0
0.0806112,0.21243,0.0963718,0
0.0384633,0.181117,0.105402,0
0.0958739,0.215958,0.0983825,0
0.0990397,0.164738,0.103009,0
0.0961043,0.0403815,0.0666049,0
0.0372065,0.0536638,0.021432,0
0.06848,0.0105138,0.0898671,0
0.0990337,0.126798,0.0510343,0
0.0430348,0.104475,0.0939588,0
0.0519983,0.0605924,0.10108,0
0.00415033,0.0327187,0.0835527,0
0.0456082,0.0306378,0.0170658,0
0.0530204,0.121549,0.0860821,0
0.0148303,0.151236,0.116161,0
0.0350885,0.00981656,0.0113488,0
0.0464542,0.170367,0.0902995,0
0.0585467,0.0427348,0.0720769,0
0.0356316,0.00933563,0.0791014,0
0.0557714,0.0298536,0.112965,0
0.0834624,0.0519459,0.0139715,0
0.0906494,0.133701,0.0335407,0
0.0850678,0.166722,0.0212373,0
0.0435872,0.0822797,0.115134,0
0.0644332,0.0624414,0.0366457,0
0.0378471,0.0863441,0.107947,0
0.0426008,0.141244,0.108705,0
0.037062,0.133138,0.0368469,0
0.0332875,0.0656995,0.105382,0
0.059198,0.0901738,0.0207918,0
0.0112166,0.0707479,0.00707679,0
0.0862897,0.193257,0.119212,0
0.0151672,0.0396343,0.122369,0
0.0868544,0.13267,0.0672326,0
0.0180862,0.0891463,0.0793115,0
0.0869494,0.159445,0.0368957,0
0.0859539,0.0277909,0.0344679,0
0.0986647,0.180662,0.020433,0
0.0508105,0.185996,0.0712533,0
0.0193954,0.164856,0.016722,0
0.0430419,0.00141796,0.0972832,0
0.0891311,0.201294,0.0505772,0
0.0934717,0.0493908,0.0130641,0
0.034949,0.0275474,0.024722,0
0.0633331,0.162584,0.0311887,0
0.0717618,0.14054,0.0972972,0
0.101738,0.209787,0.0589511,0
0.0303601,0.0360824,0.0949092,0
0.034608,0.195886,0.031989,0
0.0880953,0.0531458,0.0784055,0
0.0929426,0.0413875,0.0948579,0
0.0594471,0.221952,0.00552823,0
0.0552469,0.20055,0.0969302,0
0.0834243,0.176322,0.00639784,0
0.0616506,0.17684,0.114755,0
0.0832755,0.191696,0.053618,0
0.0189096,0.0730286,0.0535154,0
0.0623441,0.184756,0.0619397,0
0.0165231,0.116001,0.081052,0
0.0430894,0.204201,0.0657644,0
0.0595066,0.2174,0.0441438,0
0.0428217,0.150262,0.123615,0
0.02017,0.184745,0.0631316,0
0.00490313,0.0936559,0.110088,0
0.00617584,0.185791,0.0346525,0
0.0356424,0.220606,0.0349297,0
0.0556158,0.0393665,0.0569721,0
0.0281237,0.00136534,0.0920234,0
0.0982765,0.0380931,0.0550573,0
0.0929485,0.0471242,0.0503612,0
0.00453142,0.132225,0.0506357,0
0.072777,0.200173,0.0586694,0
0.0184842,0.0763779,0.00111887,0
0.0725718,0.114922,0.000870762,0
0.00270469,0.198941,0.0935534,0
0.00597033,0.0489448,0.00224947,0
0.0290874,0.148893,0.10263,0
0.0483795,0.119376,0.0669838,0
0.0576896,0.197145,0.00326885,0
0.0407461,0.122761,0.114842,0
0.00575208,0.196724,0.0909556,0
0.0540647,0.143735,0.0152757,0
0.0456154,0.121567,0.111088,0
0.0520417,0.13616,0.0581552,0
0.0133437,0.138437,0.041196,0
0.00615829,0.081093,0.00198611,0
0.0167034,0.136978,0.050061,0
0.075744,0.0539671,0.0806712,0
0.0443099,0.140444,0.111783,0
0.0646147,0.114125,0.0727121,0
0.0717821,0.0154884,0.0519613,0
0.00540776,0.185031,0.0673514,0
0.0546709,0.170199,0.111527,0
0.0871085,0.122877,0.112283,0
0.088184,0.0245517,0.0250222,0
0.0079907,0.0627229,0.0812374,0
0.0119296,0.120813,0.0485148,0
0.0738444,0.189759,0.0468316,0
0.0358321,0.211792,0.0553188,0
0.105461,0.0947951,0.0180438,0
0.0523645,0.14877,0.0309602,0
0.00157534,0.0555989,0.0763603,0
0.0116466,0.204071,0.0629115,0
0.0508956,0.0229224,0.0601144,0
0.00189223,0.0698102,0.0144829,0
0.0111818,0.20852,0.0428502,0
0.0780647,0.0989148,0.0641071,0
0.0954087,0.0606635,0.0447277,0
0.0603808,0.18269,0.0254005,0
0.0323377,0.0999058,0.00907078,0
0.00688622,0.0827777,0.00529756,0
0.0338227,0.0359512,0.0790204,0
0.0357691,0.187773,0.108681,0
0.0668697,0.127777,0.0949356,0
0.0844223,0.0643762,0.0569834,0
0.0432302,0.109201,0.0382737,0
0.0492309,0.12281,0.110366,0
0.102864,0.160297,0.00276832,0
0.187008,0.148938,0.0336866,1
0.168695,0.12661,0.0162234,1
0.205441,0.0713034,0.0587156,1
0.159705,0.196529,0.0950849,1
0.195033,0.137496,0.111033,1
0.204708,0.010777,0.0226264,1
0.223062,0.0940781,0.102507,1
0.183205,0.20982,0.00199131,1
0.115687,0.0570626,0.0913142,1
0.132266,0.168204,0.0852018,1
0.157105,0.0729209,0.0341675,1
0.175951,0.0489024,0.107156,1
0.215066,0.207309,0.0956417,1
0.195625,0.0145549,0.0764285,1
0.19036,0.0175143,0.0926398,1
0.173629,0.210292,0.0522927,1
0.209191,0.0556183,0.106692,1
0.147396,0.190022,0.0649381,1
0.110342,0.138033,0.0774955,1
0.145081,0.0021592,0.101644,1
0.204964,0.0355079,0.0770858,1
0.110999,0.222959,0.0701741,1
0.117549,0.16198,0.00998167,1
0.185741,0.136527,0.0340596,1
0.147695,0.0426862,0.0670481,1
0.166634,0.142206,0.0890716,1
0.156712,0.124968,0.0926291,1
0.20937,0.223774,0.0178426,1
0.181486,0.0382383,0.0265192,1
0.152352,0.178649,0.0845865,1
0.133826,0.0223588,0.0229725,1
0.201755,0.0879785,0.0369207,1
0.17419,0.01336,0.104476,1
0.134343,0.189239,0.0909315,1
0.158831,0.0209702,0.0209823,1
0.138474,0.0703915,0.043274,1
0.176485,0.0216876,0.0521792,1
0.207763,0.193987,0.0121038,1
0.215014,0.0583442,0.0507666,1
0.182785,0.132656,0.00260979,1
0.171962,0.00286219,0.0345911,1
0.191453,0.167646,0.08983,1
0.206531,0.1821,0.0971433,1
0.11022,0.186367,0.104507,1
0.211119,0.0977039,0.0768852,1
0.207364,0.0880914,0.0643238,1
0.115896,0.0274235,0.0267539,1
0.222838,0.187651,0.0875799,1
0.142223,0.0641235,0.0255261,1
0.198423,0.07283,0.0411663,1
0.140056,0.220583,0.0661097,1
0.140747,0.0261743,0.0887487,1
0.157434,0.0013169,0.0383289,1
0.113566,0.110753,0.055906,1
0.160811,0.195248,0.0983948,1
0.141612,0.127863,0.070984,1
0.114815,0.164735,0.0640581,1
0.218764,0.208232,0.0855073,1
0.112306,0.159286,0.100976,1
0.19902,0.138647,0.0274615,1
0.206176,0.153935,0.0707659,1
0.175082,0.0501539,0.0397091,1
0.145818,0.08984,0.0017629,1
0.188948,0.0840197,0.0369231,1
0.142151,0.126645,0.0476483,1
0.214765,0.174817,0.039403,1
0.135397,0.120461,0.104549,1
0.162991,0.0892553,0.0336548,1
0.190616,0.104636,0.0927884,1
0.167233,0.0169068,0.0786459,1
0.122552,0.142581,3.35123e-05,1
0.220148,0.101106,0.102372,1
0.181096,0.0868212,0.109927,1
0.132711,0.111658,0.0516148,1
0.112968,0.222907,0.0860923,1
0.179839,0.107169,0.0350707,1
0.21225,0.197156,0.0159102,1
0.123435,0.0704916,0.0546073,1
0.221642,0.181487,0.0574296,1
0.194321,0.0157658,0.0396853,1
0.169257,0.0131287,0.0195714,1
0.176855,0.202521,0.0763697,1
0.154171,0.000831661,0.0616113,1
0.216049,0.00434375,0.00357349,1
0.163437,0.0908375,0.0436168,1
0.174117,0.0297179,0.00316737,1
0.189675,0.102686,0.0856922,1
0.147228,0.0986932,0.101705,1
0.158106,0.0354002,0.0939592,1
0.161555,0.218951,0.0685331,1
0.185369,0.212013,0.0241027,1
0.165387,0.18745,0.0676409,1
0.150751,0.178917,0.103111,1
0.215007,0.219383,0.0813309,1
0.122824,0.174565,0.0227468,1
0.182389,0.162187,0.0797564,1
0.159117,0.174777,0.076201,1
0.111899,0.0783294,0.0980966,1
0.137023,0.098476,0.0407479,1
0.192969,0.0952018,0.0121865,1
0.209566,0.174344,0.0570942,1
0.144362,0.0827916,0.0591943,1
0.146924,0.200117,0.0513704,1
0.210624,0.050956,0.0259548,1
0.119001,0.210258,0.0748459,1
0.154705,0.107667,0.0325636,1
0.209771,0.189141,0.0718198,1
0.127539,0.108417,0.0892344,1
0.205843,0.13294,0.0533653,1
0.115725,0.176653,0.012398,1
0.142888,0.193796,0.106537,1
0.182372,0.119142,0.0979746,1
0.131251,0.155377,0.0327086,1
0.211072,0.0542136,0.0999214,1
0.186439,0.0521749,0.0505532,1
0.194862,0.139684,0.000883218,1
0.140623,0.0340947,0.082785,1
0.218138,0.211052,0.0350484,1
0.129459,0.169143,0.0434342,1
0.14866,0.0404536,0.0877355,1
0.115303,0.206447,0.0361302,1
0.157524,0.203039,0.127926,2
0.108723,0.109934,0.146594,2
0.179553,0.152311,0.211613,2
0.160937,0.0254376,0.198161,2
0.129839,0.182846,0.182212,2
0.143822,0.0875718,0.19126,2
0.127368,0.114936,0.202836,2
0.143177,0.215043,0.216909,2
0.166373,0.121464,0.134373,2
0.207622,0.117335,0.216804,2
0.166045,0.0590341,0.213472,2
0.114567,0.0262819,0.161532,2
0.176228,0.108314,0.221564,2
0.108196,0.111375,0.180115,2
0.140368,0.145529,0.168851,2
0.126327,0.221465,0.145621,2
0.214694,0.135322,0.161956,2
0.108005,0.196842,0.153719,2
0.179573,0.16713,0.185933,2
0.215275,0.0659924,0.220042,2
0.123253,0.200656,0.169079,2
0.126204,0.181665,0.18541,2
0.194431,0.180459,0.218235,2
0.134945,0.168548,0.173472,2
0.19566,0.0638701,0.161097,2
0.106351,0.13198,0.215297,2
0.117312,0.037486,0.19525,2
0.144987,0.0104087,0.20296,2
0.175739,0.137619,0.186766,2
0.219848,0.0552154,0.186216,2
0.182174,0.0982212,0.201454,2
0.110154,0.217252,0.139887,2
0.190165,0.0822705,0.210348,2
0.152916,0.0813789,0.164544,2
0.111377,0.0274535,0.22452,2
0.143678,0.0630826,0.187552,2
0.17958,0.0533875,0.152209,2
0.153539,0.190873,0.191312,2
0.211226,0.139255,0.134447,2
0.14507,0.0627341,0.13154,2
0.129521,0.156942,0.191605,2
0.200563,0.0530327,0.202854,2
0.204387,0.187449,0.202625,2
0.130006,0.196108,0.141002,2
0.113097,0.127998,0.138754,2
0.151241,0.1476,0.134825,2
0.161865,0.202679,0.184748,2
0.187448,0.168904,0.197146,2
0.217664,0.206912,0.122965,2
0.154889,0.0431529,0.21302,2
0.117784,0.19135,0.202385,2
0.123678,0.114105,0.149561,2
0.153273,0.176999,0.137871,2
0.166484,0.219975,0.119729,2
0.159207,0.0912001,0.189329,2
0.18761,0.0382786,0.128464,2
0.194156,0.074264,0.12011,2
0.126634,0.0447317,0.18544,2
0.207509,0.037266,0.205248,2
0.186595,0.215011,0.150825,2
0.215744,0.122392,0.189153,2
0.170221,0.0195535,0.182389,2
0.153692,0.0547816,0.169288,2
0.185069,0.169596,0.179378,2
0.19616,0.220243,0.209222,2
0.127632,0.192656,0.167219,2
0.117523,0.125191,0.203672,2
0.210415,0.0779164,0.220854,2
0.117086,0.0434724,0.223724,2
0.218965,0.217737,0.223981,2
0.166433,0.0962656,0.200346,2
0.153692,0.116625,0.207204,2
0.218824,0.128219,0.19622,2
0.149246,0.0603235,0.115732,2
0.120445,0.0311715,0.156998,2
0.150602,0.160176,0.17698,2
0.156698,0.0879414,0.151792,2
0.16723,0.0424248,0.150569,2
0.128509,0.166819,0.134033,2
0.172676,0.212198,0.207929,2
0.174963,0.0828416,0.133867,2
0.154542,0.106973,0.128278,2
0.113509,0.210307,0.131455,2
0.115404,0.162324,0.127264,2
0.184202,0.173058,0.134833,2
0.16462,0.171398,0.178956,2
0.187578,0.107966,0.204303,2
0.149819,0.171831,0.12918,2
0.205712,0.219945,0.128055,2
0.220433,0.0493041,0.154043,2
0.145777,0.100919,0.190276,2
0.194803,0.0450215,0.22316,2
0.110967,0.212428,0.215962,2
0.113453,0.0776071,0.211565,2
0.158937,0.211185,0.224286,2
0.20536,0.210047,0.118187,2
0.204807,0.0238626,0.118465,2
0.106382,0.207206,0.116631,2
0.200274,0.0906351,0.199982,2
0.139417,0.00965714,0.177658,2
0.208393,0.16619,0.118686,2
0.165689,0.124849,0.125434,2
0.106311,0.040187,0.184019,2
0.215055,0.180708,0.113417,2
0.203642,0.0034852,0.173743,2
0.14316,0.127689,0.223515,2
0.22418,0.219999,0.123275,2
0.209996,0.0308576,0.189243,2
0.157473,0.10335,0.167761,2
0.1954,0.0785313,0.182181,2
0.109069,0.00246336,0.168117,2
0.191496,0.0325022,0.22413,2
0.111388,0.00821973,0.161566,2
0.141315,0.0710935,0.129659,2
0.144442,0.108915,0.20248,2
0.10865,0.0191486,0.202141,2
0.135289,0.0065303,0.125036,2
0.153114,0.00324633,0.223702,2
0.145042,0.0223375,0.130739,2
0.156768,0.084351,0.125039,2
0.112401,0.0250373,0.21716,2
0.131992,0.104416,0.141207,2
0.194874,0.0419502,0.175363,2
0.110041,0.0996115,0.167499,2
0.179736,0.000288287,0.114955,2
0.12927,0.0507777,0.115894,2
0.133786,0.171241,0.113623,2
0.0231888,0.174236,0.14369,3
0.0255318,0.201617,0.136523,3
0.0232356,0.167061,0.143789,3
0.0244996,0.177224,0.147815,3
0.0265689,0.167336,0.148762,3
0.104234,0.215468,0.187494,3
0.0824979,0.17269,0.220494,3
0.0106936,0.00995837,0.16606,3
0.0731698,0.148386,0.139169,3
0.101371,0.106555,0.181787,3
0.0271095,0.171339,0.144793,3
0.0119244,0.0789552,0.180297,3
0.0695838,0.00719401,0.196173,3
0.0336019,0.175813,0.218071,3
0.101408,0.198038,0.17332,3
0.0282088,0.169512,0.150246,3
0.00425737,0.0708176,0.202378,3
0.00495749,0.00132829,0.145749,3
0.0274222,0.171163,0.144659,3
0.084378,0.103165,0.142165,3
0.0236319,0.211059,0.212832,3
0.0269644,0.174074,0.145647,3
0.0251387,0.17178,0.143726,3
0.0256497,0.171785,0.151065,3
0.00793401,0.220493,0.186134,3
0.0375669,0.0452378,0.138962,3
0.0258001,0.175589,0.14134,3
0.0836927,0.0877441,0.15008,3
0.0750695,0.00377975,0.150949,3
0.0754638,0.0868688,0.224573,3
0.0307505,0.173152,0.151205,3
0.00942738,0.0628858,0.177563,3
0.0269356,0.168153,0.144024,3
0.00176708,0.215944,0.216467,3
0.0363933,0.221576,0.170954,3
0.00908509,0.0137779,0.160426,3
0.0824259,0.221555,0.158762,3
0.0244295,0.171257,0.144382,3
0.02822,0.168464,0.146271,3
0.0279126,0.17024,0.14818,3
0.0161547,0.209608,0.173683,3
0.0219139,0.171309,0.146294,3
0.067258,0.221533,0.179516,3
0.0242321,0.168431,0.150199,3
0.0303633,0.169431,0.149457,3
0.101642,0.138541,0.150076,3
0.0758654,0.212007,0.199304,3
0.00227525,0.000991182,0.212136,3
0.0935846,0.0460114,0.171456,3
0.0728067,0.129868,0.137065,3
0.0276029,0.170202,0.147716,3
0.0282605,0.176233,0.141514,3
0.0302925,0.173356,0.145259,3
0.0322812,0.217906,0.224383,3
0.0299445,0.169888,0.147494,3
0.0867307,0.167792,0.138265,3
0.03031,0.171817,0.148903,3
0.0235368,0.038397,0.171136,3
0.0227475,0.174334,0.149394,3
0.0265745,0.168344,0.144124,3
0.0266623,0.0784368,0.14481,3
0.0196172,0.113494,0.192274,3
0.0973589,0.109025,0.224439,3
0.0235742,0.172438,0.145078,3
0.000333087,0.0878327,0.217132,3
0.0283648,0.0438699,0.165071,3
0.0254448,0.169671,0.148575,3
0.00167863,0.0778425,0.212158,3
0.0330154,0.0143745,0.160722,3
0.0241666,0.171521,0.145533,3
0.0511169,0.133808,0.217654,3
0.00588664,0.138339,0.222768,3
0.0284535,0.173201,0.145226,3
0.0292232,0.168679,0.14854,3
0.0334872,0.0884486,0.188019,3
0.0661108,0.059263,0.194524,3
0.0666178,0.0653204,0.159138,3
0.0663636,0.13484,0.187459,3
0.0945226,0.0944442,0.183506,3
0.025711,0.170947,0.146848,3
0.0292315,0.173501,0.142157,3
0.0228134,0.0427483,0.204695,3
0.0240152,0.176738,0.146347,3
0.0618903,0.038351,0.185398,3
0.0541915,0.101085,0.150328,3
0.078849,0.062388,0.149716,3
0.0752716,0.0889325,0.211832,3
0.0226806,0.171869,0.146168,3
0.0616976,0.0523497,0.132938,3
0.0294687,0.169606,0.146692,3
0.0349431,0.191617,0.224187,3
0.0279442,0.17014,0.149423,3
0.0694424,0.0981332,0.182568,3
0.0816315,0.0770632,0.159851,3
0.0311545,0.1707,0.145374,3
0.0235816,0.037412,0.192198,3
0.0838509,0.0910518,0.198479,3
0.100512,0.0772778,0.157044,3
0.0512436,0.0332112,0.206413,3
0.0369555,0.03725,0.198889,3
0.027382,0.172333,0.142169,3
0.0874611,0.03277,0.180093,3
0.0970251,0.00453078,0.173412,3
0.0961282,0.189536,0.131969,3
0.0513024,0.116389,0.14433,3
0.0549942,0.177859,0.167983,3
0.0323955,0.0433834,0.13949,3
0.0248366,0.177853,0.145514,3
0.0123659,0.0650258,0.169505,3
0.0148968,0.0934365,0.156766,3
0.0293738,0.17056,0.146957,3
0.0233677,0.173381,0.147863,3
0.0522032,0.202885,0.134913,3
0.0303775,0.177079,0.14568,3
0.0242089,0.17551,0.148299,3
0.0266708,0.173122,0.144229,3
0.0215586,0.211663,0.153355,3
0.0506115,0.189011,0.190609,3
0.0577636,0.0809758,0.180286,3
0.0263842,0.169613,0.143191,3
0.0018842,0.0589128,0.195735,3
0.0414026,0.168509,0.161145,3
0.0523888,0.161082,0.145423,3
0.0909123,0.142745,0.216165,3
0.0605633,0.0852606,0.221555,3
0.103944,0.0775758,0.18134,3
0.0912745,0.0582198,0.140384,3
