x coord,y coord,z coord,rank
0.0711251,0.0578149,0.0904251,0
0.0937816,0.0868124,0.0618114,0
0.107874,0.110458,0.100485,0
0.104259,0.0817961,0.0855633,0
0.0867326,0.0488223,0.0596187,0
0.109179,0.0689326,0.0703446,0
0.0992599,0.0694217,0.096221,0
0.109372,0.108905,0.108694,0
0.104672,0.112001,0.114325,0
0.0764511,0.0282529,0.0473157,0
0.0809453,0.0932901,0.095055,0
0.0699366,0.0881261,0.105745,0
0.104292,0.0827198,0.112916,0
0.064476,0.105675,0.109559,0
0.103124,0.105248,0.109951,0
0.100048,0.102588,0.0851329,0
0.108312,0.0802831,0.108718,0
0.0244792,0.0267173,0.0781458,0
0.0864202,0.0909781,0.155108,0
0.106428,0.107184,0.119478,0
0.106939,0.108929,0.11185,0
0.0827099,0.0958516,0.0976598,0
0.0859387,0.0894337,0.0265961,0
0.108062,0.0861982,0.142362,0
0.106979,0.105865,0.112559,0
0.0572279,0.0964535,0.126952,0
0.0974103,0.0849802,0.145658,0
0.0967892,0.103856,0.136916,0
0.00304322,0.105558,0.0358398,0
0.0777247,0.104618,0.112607,0
0.105783,0.0954962,0.0703138,0
0.0729483,0.0823649,0.10216,0
0.0235504,0.027798,0.102343,0
0.109083,0.110157,0.11054,0
0.0930889,0.107473,0.076934,0
0.106579,0.110977,0.112501,0
0.0694312,0.0850096,0.177402,0
0.0711334,0.103469,0.0804434,0
0.0855245,0.108966,0.0769458,0
0.0456747,0.104095,0.119889,0
0.109418,0.108988,0.102281,0
0.105323,0.0717825,0.139425,0
0.106919,0.0745189,0.0973099,0
0.0942183,0.072764,0.0793225,0
0.00948402,0.0120645,0.148594,0
0.0899029,0.0964331,0.161555,0
0.0184062,0.00111294,0.0905006,0
0.0678378,0.0955876,0.106028,0
0.103755,0.0576635,0.116147,0
0.0920887,0.0591536,0.168985,0
0.108917,0.0654985,0.10204,0
0.0855567,0.0758051,0.15526,0
0.103692,0.110114,0.114015,0
0.0253184,0.0435035,0.00767515,0
0.0497562,0.061363,0.133009,0
0.0934113,0.09759,0.161661,0
0.101643,0.108255,0.10792,0
0.0396069,0.00727002,0.110465,0
0.0910328,0.111537,0.0807154,0
0.100866,0.110765,0.117137,0
0.0220159,0.00386809,0.0945047,0
0.0353451,0.104721,0.203489,0
0.109685,0.093973,0.0931304,0
0.0874269,0.105549,0.068534,0
0.0894571,0.110367,0.122905,0
0.0760671,0.0827397,0.106326,0
0.0700285,0.057093,0.112882,0
0.0470694,0.0621359,0.0926646,0
0.0284382,0.100285,0.148681,0
0.107502,0.111806,0.103245,0
0.098379,0.106068,0.134845,0
0.0398793,0.0350091,0.0781193,0
0.0211092,0.0350668,0.00452932,0
0.10012,0.0745253,0.0952391,0
0.0900451,0.0940467,0.127313,0
0.0918366,0.108017,0.0720874,0
0.00444696,0.105518,0.115546,0
0.10959,0.110025,0.115297,0
0.0894204,0.0725015,0.125727,0
0.0704452,0.101214,0.109289,0
0.0994957,0.00973964,0.195607,0
0.0968509,0.0980064,0.164669,0
0.104059,0.108344,0.118104,0
0.100665,0.0917015,0.0736499,0
0.107963,0.111551,0.112726,0
0.0969186,0.0685471,0.0971726,0
0.0985197,0.0665633,0.120088,0
0.107399,0.104923,0.11566,0
0.0618013,0.108786,0.112772,0
0.106299,0.112637,0.109933,0
0.0971109,0.0978751,0.163658,0
0.0764482,0.0811174,0.133235,0
0.0930551,0.0767759,0.0772544,0
0.0843783,0.0974543,0.0937998,0
0.0928831,0.0915187,0.0683936,0
0.0901564,0.0721819,0.124118,0
0.0932613,0.0634416,0.0717714,0
0.0172647,0.0235049,0.206385,0
0.107908,0.107799,0.11233,0
0.0778422,0.10853,0.161634,0
0.0914941,0.0839125,0.141444,0
0.106476,0.112444,0.11319,0
0.107668,0.107629,0.115287,0
0.0862662,0.0862769,0.147092,0
0.0684663,0.0721064,0.131171,0
0.0741802,0.110118,0.10253,0
0.0779233,0.058617,0.0893109,0
0.0955023,0.0899241,0.109299,0
0.0776478,0.102148,0.0897987,0
0.0914901,0.108485,0.118159,0
0.102188,0.0889495,0.0929126,0
0.108269,0.108006,0.106636,0
0.0515261,0.0238776,0.0990617,0
0.0749531,0.0960247,0.0907953,0
0.108931,0.112467,0.108515,0
0.10325,0.110327,0.108722,0
0.108797,0.107694,0.11161,0
0.104896,0.111776,0.111803,0
0.109461,0.107563,0.110365,0
0.106401,0.112585,0.115323,0
0.109188,0.112343,0.11477,0
0.106444,0.112644,0.112138,0
0.152592,0.111868,0.181525,1
0.127204,0.0774692,0.0170125,1
0.114201,0.105495,0.111374,1
0.11326,0.0878039,0.069856,1
0.146972,0.110883,0.160459,1
0.116492,0.109596,0.110137,1
0.112356,0.110903,0.109226,1
0.110787,0.111002,0.115802,1
0.112688,0.0831008,0.11131,1
0.139733,0.109774,0.0599743,1
0.115195,0.0703506,0.0690712,1
0.132751,0.0716482,0.00967492,1
0.119502,0.106101,0.0769763,1
0.118577,0.104674,0.104808,1
0.176996,0.0453556,0.0728979,1
0.111734,0.107715,0.112585,1
0.166241,0.0811182,0.0949216,1
0.122201,0.0629605,0.164651,1
0.206898,0.0926048,0.122964,1
0.123673,0.0402809,0.107876,1
0.11443,0.107985,0.10634,1
0.146848,0.0704413,0.137437,1
0.214024,0.0331021,0.0578502,1
0.15241,0.107711,0.119609,1
0.157102,0.104223,0.112532,1
0.118742,0.0683411,0.0704722,1
0.167648,0.0216267,0.086804,1
0.146077,0.037399,0.0903372,1
0.209419,0.0469773,0.191674,1
0.124606,0.0458396,0.219119,1
0.140834,0.03473,0.085871,1
0.144216,0.0326157,0.19016,1
0.111945,0.0832452,0.139893,1
0.216604,0.0894041,0.0781685,1
0.140179,0.0681273,0.181071,1
0.192501,0.0627631,0.224942,1
0.157214,0.0982499,0.112584,1
0.177272,0.100481,0.176396,1
0.145095,0.102315,0.0561024,1
0.113695,0.111871,0.109556,1
0.153535,0.0651871,0.179709,1
0.117389,0.0857972,0.0747174,1
0.139943,0.0871943,0.0855739,1
0.208492,0.0695264,0.0263818,1
0.19652,0.112023,0.117631,1
0.132252,0.110492,0.136444,1
0.13709,0.087932,0.0956058,1
0.113239,0.10952,0.116725,1
0.138022,0.107207,0.120603,1
0.111782,0.0838547,0.108601,1
0.146199,0.0560345,0.118827,1
0.160652,0.0917938,0.1048,1
0.137638,0.101015,0.149293,1
0.155848,0.0504968,0.143579,1
0.110468,0.112822,0.10585,1
0.112237,0.111258,0.10342,1
0.13062,0.101452,0.138344,1
0.143906,0.111965,0.166244,1
0.124707,0.112778,0.140073,1
0.11965,0.0381448,0.0511875,1
0.187469,0.00778843,0.143168,1
0.154219,0.0879511,0.13032,1
0.158013,0.0496526,0.138654,1
0.111527,0.111834,0.104997,1
0.147967,0.0739362,0.134557,1
0.127875,0.112641,0.0633401,1
0.139366,0.105248,0.141188,1
0.132983,0.0918752,0.0923713,1
0.133216,0.0167006,0.0698674,1
0.141708,0.0679609,0.160411,1
0.110222,0.0850255,0.0716243,1
0.141568,0.0693545,0.175603,1
0.110462,0.109705,0.109859,1
0.145215,0.0100112,0.16918,1
0.112058,0.0875383,0.0785441,1
0.120015,0.0205489,0.207035,1
0.112149,0.070307,0.199363,1
0.117841,0.104919,0.120363,1
0.142041,0.063506,0.00638805,1
0.111422,0.0704446,0.0509774,1
0.12351,0.111301,0.16233,1
0.141667,0.104674,0.0545434,1
0.133327,0.0475584,0.222404,1
0.128379,0.108521,0.134321,1
0.117569,0.0776643,0.0676581,1
0.145505,0.108366,0.11383,1
0.15744,0.0378921,0.080235,1
0.113517,0.109348,0.105316,1
0.134067,0.103084,0.100354,1
0.111319,0.106093,0.104689,1
0.111997,0.0706781,0.0679767,1
0.154214,0.0494245,0.143601,1
0.1432,0.0898525,0.0222492,1
0.147242,0.0636338,0.185744,1
0.147071,0.0853785,0.0240385,1
0.141497,0.0849518,0.127129,1
0.118612,0.0905953,0.124989,1
0.120601,0.0916534,0.0798208,1
0.147537,0.0687925,0.182475,1
0.166124,0.100105,0.11679,1
0.131306,0.0675445,0.121743,1
0.140654,0.0694219,0.177678,1
0.127785,0.0561486,0.0436299,1
0.129649,0.104241,0.0651815,1
0.114033,0.0770744,0.0698599,1
0.132348,0.100143,0.135954,1
0.111382,0.106427,0.107182,1
0.113428,0.0739093,0.0655123,1
0.112496,0.109058,0.103486,1
0.111901,0.109406,0.111496,1
0.11231,0.112504,0.119291,1
0.137227,0.0520945,0.110361,1
0.143833,0.107535,0.0612501,1
0.128538,0.105624,0.13421,1
0.155984,0.0870539,0.140864,1
0.111948,0.110987,0.117363,1
0.11167,0.113053,0.108928,1
0.201222,0.00296989,0.192065,1
0.153647,0.0892023,0.109169,1
0.116475,0.110228,0.110253,1
0.112104,0.104189,0.112629,1
0.1137,0.109675,0.11475,1
0.111856,0.109527,0.104944,1
0.11145,0.111886,0.111368,1
0.111587,0.0890688,0.137704,1
0.111352,0.11134,0.105058,1
0.110331,0.111051,0.104408,1
0.110921,0.107892,0.109384,1
0.110196,0.111087,0.109283,1
0.116971,0.160556,0.0931625,2
0.116769,0.143551,0.0632357,2
0.11364,0.117571,0.103567,2
0.110444,0.11558,0.0994494,2
0.13711,0.142393,0.0652242,2
0.150335,0.119409,0.10881,2
0.133276,0.116467,0.0668567,2
0.111528,0.113962,0.112123,2
0.113847,0.117014,0.106368,2
0.112106,0.115325,0.115303,2
0.13212,0.12791,0.135941,2
0.112894,0.114282,0.103088,2
0.147488,0.14915,0.0802748,2
0.112378,0.11371,0.105538,2
0.1573,0.15312,0.0227811,2
0.110821,0.11467,0.111225,2
0.127433,0.131106,0.0900057,2
0.119329,0.139921,0.155518,2
0.115522,0.144633,0.142682,2
0.139402,0.130121,0.0882221,2
0.15048,0.113858,0.113641,2
0.151636,0.140461,0.0727903,2
0.135087,0.176769,0.105136,2
0.169291,0.11956,0.184662,2
0.126806,0.139243,0.113012,2
0.138562,0.122636,0.149039,2
0.115957,0.163116,0.0894999,2
0.139109,0.134382,0.120299,2
0.150047,0.125189,0.0961249,2
0.118492,0.190431,0.214708,2
0.139071,0.128292,0.0999719,2
0.117586,0.163607,0.145193,2
0.146159,0.11494,0.156351,2
0.137008,0.126916,0.150805,2
0.121994,0.143557,0.111466,2
0.136437,0.136615,0.106003,2
0.115637,0.117836,0.114205,2
0.13093,0.171256,0.122827,2
0.113999,0.118243,0.11237,2
0.140868,0.168565,0.119641,2
0.114574,0.118007,0.111823,2
0.137075,0.137193,0.152554,2
0.145289,0.145401,0.124448,2
0.112038,0.121661,0.0543861,2
0.135821,0.113522,0.141514,2
0.133389,0.199187,0.127882,2
0.203195,0.126452,0.146392,2
0.142932,0.138235,0.102712,2
0.14548,0.122082,0.11123,2
0.166154,0.172039,0.126273,2
0.139591,0.143498,0.131019,2
0.116912,0.126183,0.198501,2
0.19869,0.126571,0.0373669,2
0.135377,0.167012,0.0942329,2
0.13606,0.148254,0.136173,2
0.12711,0.135954,0.0789628,2
0.124023,0.136228,0.0267439,2
0.142944,0.14189,0.15128,2
0.111312,0.118942,0.105555,2
0.127111,0.172053,0.0686042,2
0.18496,0.121977,0.0839228,2
0.11174,0.127456,0.0425083,2
0.149699,0.150276,0.122972,2
0.146154,0.141119,0.158994,2
0.12172,0.121149,0.152853,2
0.137485,0.122786,0.149855,2
0.150461,0.114714,0.101199,2
0.132515,0.13871,0.101145,2
0.145073,0.12498,0.106533,2
0.137928,0.145394,0.149405,2
0.176132,0.210554,0.216788,2
0.175369,0.223425,0.136906,2
0.115217,0.115724,0.116094,2
0.120577,0.151061,0.0763913,2
0.118973,0.214933,0.188926,2
0.117582,0.133632,0.201443,2
0.14204,0.131836,0.00272466,2
0.115616,0.143681,0.0528821,2
0.130554,0.141812,0.123237,2
0.190669,0.13358,0.136832,2
0.154043,0.143421,0.0969237,2
0.115552,0.117785,0.106372,2
0.147348,0.114533,0.0865349,2
0.13251,0.18559,0.143529,2
0.124353,0.144729,0.109892,2
0.112837,0.173614,0.120183,2
0.118845,0.135148,0.132722,2
0.19683,0.212469,0.125207,2
0.112689,0.15401,0.0998874,2
0.142449,0.147402,0.10434,2
0.126037,0.141388,0.112178,2
0.111139,0.11754,0.113644,2
0.129224,0.180336,0.0614855,2
0.131385,0.127367,0.0768489,2
0.110299,0.118239,0.107355,2
0.111297,0.115736,0.105228,2
0.112881,0.113634,0.108749,2
0.115692,0.114213,0.133605,2
0.118194,0.11539,0.138792,2
0.114388,0.116973,0.109888,2
0.111041,0.147304,0.049601,2
0.130276,0.144156,0.0986173,2
0.162929,0.180504,0.129809,2
0.109968,0.118589,0.112881,2
0.140738,0.121993,0.0652717,2
0.114502,0.120578,0.108584,2
0.114679,0.114431,0.0960268,2
0.155593,0.157133,0.091894,2
0.110584,0.11329,0.0902988,2
0.112306,0.121848,0.107719,2
0.139771,0.130406,0.141645,2
0.111064,0.114615,0.107356,2
0.168458,0.116706,0.0539237,2
0.114894,0.115047,0.111941,2
0.163424,0.129127,0.120247,2
0.110904,0.154463,0.12807,2
0.11067,0.13438,0.127508,2
0.111053,0.114713,0.1058,2
0.110356,0.113695,0.108484,2
0.112084,0.114233,0.113448,2
0.11644,0.178862,0.107497,2
0.110026,0.116428,0.104879,2
0.112646,0.114045,0.117027,2
0.113642,0.118746,0.112522,2
0.114153,0.11377,0.110124,2
0.110295,0.11406,0.11024,2
0.111049,0.114006,0.110178,2
0.112239,0.116271,0.107766,2
0.110543,0.114049,0.112156,2
0.110275,0.121481,0.105059,2
0.117556,0.115902,0.113305,2
0.113432,0.11604,0.109349,2
0.116219,0.113564,0.104809,2
0.110087,0.115302,0.110112,2
0.110583,0.116275,0.111054,2
0.213598,0.113188,0.10343,2
0.106855,0.122651,0.11032,3
0.108799,0.117437,0.108305,3
0.105749,0.118903,0.105278,3
0.108438,0.118984,0.106245,3
0.105417,0.115521,0.112497,3
0.107919,0.117423,0.110377,3
0.081287,0.13018,0.099696,3
0.0179607,0.208137,0.217171,3
0.10568,0.118479,0.105759,3
0.0975138,0.166001,0.142838,3
0.0755368,0.133858,0.0414847,3
0.104981,0.112918,0.110262,3
0.109219,0.118579,0.108882,3
0.105107,0.16411,0.14519,3
0.0864013,0.117979,0.0882674,3
0.0255024,0.140231,0.177999,3
0.0780829,0.147472,0.111813,3
0.087668,0.152405,0.120712,3
0.0912491,0.163101,0.140687,3
0.0601699,0.131627,0.148222,3
0.106615,0.113919,0.107019,3
0.100222,0.1654,0.148428,3
0.0854589,0.191768,0.196538,3
0.0455438,0.147823,0.0391439,3
0.020395,0.136179,0.0780087,3
0.0716876,0.136831,0.129978,3
0.0738011,0.131885,0.0466228,3
0.109312,0.118148,0.106577,3
0.0368462,0.168054,0.115213,3
0.0331304,0.155808,0.0806685,3
0.0864263,0.172302,0.134956,3
0.108065,0.114048,0.107592,3
0.109112,0.119522,0.103415,3
0.0768439,0.148779,0.160971,3
0.0331092,0.197114,0.0988344,3
0.104502,0.14348,0.1497,3
0.100668,0.117141,0.104475,3
0.0927556,0.135788,0.0689963,3
0.104799,0.152821,0.111023,3
0.0857334,0.134866,0.11249,3
0.0800635,0.130639,0.12537,3
0.0944653,0.165635,0.136064,3
0.101422,0.133421,0.0810661,3
0.106975,0.122062,0.0801123,3
0.0504999,0.116181,0.0815205,3
0.0824874,0.121202,0.107708,3
0.0779641,0.156141,0.0554104,3
0.0845552,0.115105,0.151768,3
0.0984874,0.172909,0.123869,3
0.109041,0.115451,0.106563,3
0.104843,0.121448,0.111681,3
0.0378919,0.124171,0.167347,3
0.0898787,0.157718,0.0973602,3
0.0695016,0.117952,0.0842691,3
0.0976432,0.167348,0.125891,3
0.0937365,0.114376,0.016338,3
0.062447,0.114927,0.0797735,3
0.101385,0.151017,0.116044,3
0.104615,0.118731,0.107347,3
0.10438,0.119067,0.105118,3
0.0910521,0.156309,0.0897474,3
0.0956658,0.143587,0.128952,3
0.0768936,0.135201,0.0415446,3
0.0739755,0.131291,0.103599,3
0.0989354,0.169906,0.144087,3
0.109216,0.116133,0.110909,3
0.109469,0.147481,0.0922884,3
0.0745025,0.113184,0.129295,3
0.107435,0.15687,0.152929,3
0.0697157,0.172603,0.00451874,3
0.0860276,0.115109,0.0844193,3
0.102406,0.113052,0.116812,3
0.068547,0.212896,0.062546,3
0.0605636,0.125236,0.06332,3
0.0790715,0.138893,0.125725,3
0.0750257,0.136296,0.199794,3
0.0947418,0.166029,0.132824,3
0.0458275,0.128529,0.120089,3
0.107985,0.120709,0.101294,3
0.101989,0.161305,0.177421,3
0.0701576,0.146314,0.117096,3
0.0126672,0.185057,0.114083,3
0.0226739,0.128079,0.0762274,3
0.0950644,0.165715,0.141375,3
0.0916551,0.150647,0.0709128,3
0.0965331,0.15634,0.141029,3
0.106936,0.13812,0.0850511,3
0.0650068,0.113313,0.100243,3
0.0648276,0.199079,0.108982,3
0.0827613,0.113337,0.156567,3
0.092613,0.165271,0.137339,3
0.105324,0.11522,0.11448,3
0.0534068,0.142288,0.0722087,3
0.0656421,0.160759,0.0913512,3
0.105159,0.115514,0.111591,3
0.103056,0.116086,0.110657,3
0.104138,0.116137,0.114349,3
0.050029,0.129267,0.0597094,3
0.0951542,0.143695,0.108578,3
0.102667,0.113352,0.112147,3
0.0797523,0.125591,0.021438,3
0.0829417,0.123592,0.049341,3
0.091979,0.16471,0.0814279,3
0.0800874,0.119929,0.0769257,3
0.104424,0.115055,0.111969,3
0.102878,0.11403,0.110412,3
0.00251061,0.195383,0.0532505,3
0.107096,0.11796,0.108696,3
0.106514,0.1147,0.110396,3
0.108529,0.121545,0.128386,3
0.10632,0.150245,0.117721,3
0.0994729,0.116269,0.102653,3
0.104255,0.121616,0.11423,3
