x coord,y coord,z coord,rank
0.113587,0.171436,0.118461,0
0.114971,0.180118,0.165705,0
0.158908,0.21832,0.109997,0
0.187316,0.217718,0.220749,0
0.07357,0.201866,0.122471,0
0.218914,0.174129,0.127795,0
0.146882,0.224493,0.0963876,0
0.192604,0.194899,0.197169,0
0.106441,0.138845,0.0931082,0
0.19327,0.182194,0.114819,0
0.161054,0.159918,0.195232,0
0.166522,0.165414,0.168644,0
0.117371,0.153106,0.114836,0
0.172053,0.156494,0.211978,0
0.187439,0.208374,0.134452,0
0.193847,0.165117,0.178457,0
0.208124,0.195943,0.179797,0
0.173975,0.20002,0.112385,0
0.153412,0.181688,0.203063,0
0.14083,0.150194,0.209049,0
0.157613,0.147867,0.222133,0
0.18656,0.186216,0.117891,0
0.1036,0.20007,0.163428,0
0.0907363,0.155244,0.141254,0
0.148771,0.148606,0.150853,0
0.129472,0.173793,0.183104,0
0.0760886,0.147253,0.217046,0
0.212141,0.145255,0.152984,0
0.0438272,0.182084,0.203,0
0.20124,0.171124,0.0918652,0
0.171539,0.207368,0.129509,0
0.0701413,0.161347,0.0952325,0
0.193086,0.164573,0.0960165,0
0.15749,0.18619,0.156405,0
0.0382889,0.183181,0.130659,0
0.0454045,0.139904,0.213703,0
0.0940341,0.197132,0.191174,0
0.105991,0.186151,0.184818,0
0.213262,0.189026,0.214389,0
0.0745733,0.216736,0.101512,0
0.042362,0.191502,0.159431,0
0.0231559,0.19885,0.187042,0
0.0838432,0.167935,0.0989994,0
0.159391,0.217733,0.0961181,0
0.187,0.137019,0.143362,0
0.161275,0.124745,0.196855,0
0.190262,0.139911,0.149437,0
0.0149083,0.16307,0.144601,0
0.214351,0.222277,0.168667,0
0.0487304,0.160335,0.0869741,0
0.09923,0.169035,0.156055,0
0.164,0.193288,0.146728,0
0.0807469,0.17713,0.214933,0
0.0477513,0.161554,0.0867328,0
0.126209,0.181772,0.177431,0
0.0108948,0.149105,0.177496,0
0.168983,0.205663,0.087346,0
0.0386362,0.218098,0.0898477,0
0.0451756,0.158764,0.0869624,0
0.209043,0.202472,0.199122,0
0.138487,0.167253,0.222859,0
0.0135362,0.154764,0.19607,0
0.179584,0.191236,0.128114,0
0.0426026,0.14171,0.19173,0
0.216895,0.211826,0.108806,0
0.204459,0.223205,0.167261,0
0.134027,0.19143,0.104377,0
0.180405,0.196113,0.113699,0
0.0839492,0.131052,0.195707,0
0.165395,0.16402,0.202127,0
0.0903994,0.131465,0.22224,0
0.0250744,0.126155,0.197757,0
0.209312,0.22458,0.215449,0
0.178792,0.19735,0.16898,0
0.0916414,0.185001,0.169725,0
0.0665739,0.174535,0.175279,0
0.179588,0.178859,0.19139,0
0.101224,0.214264,0.188182,0
0.0346044,0.183082,0.151764,0
0.222741,0.190226,0.176417,0
0.125152,0.172128,0.150899,0
0.205441,0.17904,0.203489,0
0.0148326,0.186486,0.147466,0
0.222171,0.214473,0.161437,0
0.159131,0.173072,0.192771,0
0.0630869,0.221046,0.176771,0
0.0644443,0.187622,0.16869,0
0.223698,0.201155,0.116446,0
0.079211,0.198536,0.205156,0
0.134296,0.192718,0.132338,0
0.185454,0.201711,0.2148,0
0.000701243,0.186219,0.157239,0
0.201063,0.213113,0.189318,0
0.157634,0.130385,0.192201,0
0.16556,0.213018,0.102602,0
0.0106907,0.196949,0.193915,0
0.092231,0.218606,0.115478,0
0.0982228,0.195566,0.1946,0
0.0974571,0.224291,0.136788,0
0.0280183,0.130608,0.206775,0
0.209888,0.141487,0.165465,0
0.0178594,0.151831,0.121764,0
0.0425812,0.175494,0.131058,0
0.0851722,0.170494,0.105947,0
0.00789002,0.204175,0.156961,0
0.0581046,0.14633,0.176454,0
0.0277353,0.19497,0.198602,0
0.166897,0.135882,0.221152,0
0.0458033,0.134016,0.103076,0
0.147493,0.173371,0.119542,0
0.188194,0.126604,0.126074,0
0.00827605,0.138679,0.1244,0
0.143205,0.169765,0.138773,0
0.145919,0.224614,0.175997,0
0.165465,0.150742,0.191108,0
0.189359,0.146461,0.181291,0
0.201025,0.182423,0.199678,0
0.158746,0.218962,0.223255,0
0.153598,0.217436,0.0892367,0
0.165942,0.189407,0.12876,0
0.14577,0.185179,0.121366,0
0.158962,0.166213,0.103276,0
0.0794455,0.179618,0.0961902,0
0.140012,0.166354,0.0869727,0
0.0204811,0.127127,0.165423,0
0.0464813,0.154824,0.0873075,0
0.205567,0.216177,0.0891147,0
0.0481429,0.161138,0.0866484,0
0.130576,0.0605314,0.210391,1
0.0726987,0.0817375,0.156713,1
0.0638925,0.0594908,0.172816,1
0.107746,0.0628498,0.118081,1
0.0203374,0.0182826,0.11362,1
0.135432,0.0751623,0.162088,1
0.0191999,0.0212001,0.147284,1
0.164076,0.0706818,0.180495,1
0.142507,0.0650274,0.143815,1
0.0453781,0.0177889,0.179404,1
0.0803451,0.053524,0.168421,1
0.075606,0.0141487,0.218112,1
0.014795,0.0313321,0.14462,1
0.0259024,0.0532518,0.137771,1
0.0820333,0.0705471,0.217037,1
0.0781979,0.0325291,0.156932,1
0.0928514,0.0646439,0.143703,1
0.023971,0.0342315,0.151689,1
0.00126803,0.0459127,0.171234,1
0.0785372,0.00623094,0.152625,1
0.224712,0.114844,0.174723,1
0.125167,0.00729823,0.106662,1
0.013971,0.113421,0.202404,1
0.166536,0.0526175,0.116874,1
0.146762,0.0254828,0.11537,1
0.0652253,0.121695,0.144972,1
0.135449,0.114716,0.223788,1
0.0736584,0.0155494,0.202322,1
0.111644,0.0526536,0.184275,1
0.0901389,0.088411,0.133686,1
0.186825,0.0678309,0.209752,1
0.0975088,0.0928281,0.195616,1
0.0683709,0.0698776,0.138437,1
0.0245441,0.0794301,0.106964,1
0.00229706,0.00472286,0.169381,1
0.223987,0.00323654,0.222618,1
0.119175,0.010546,0.21064,1
0.203972,0.103208,0.126121,1
0.0155977,0.0301752,0.127429,1
0.100435,0.110077,0.223308,1
0.0054436,0.0553818,0.203076,1
0.0160005,0.0180763,0.168644,1
0.178399,0.0820398,0.205504,1
0.0639682,0.0336925,0.205558,1
0.177108,0.0262479,0.207513,1
0.164419,0.0413797,0.211046,1
0.128493,0.0632964,0.144338,1
0.0845871,0.0787059,0.137425,1
0.174331,0.110158,0.109494,1
0.218084,0.0767286,0.200739,1
0.191318,0.0642698,0.212653,1
0.174246,0.0306142,0.129021,1
0.0771514,0.0784548,0.189461,1
0.219811,0.0795271,0.180582,1
0.0137229,0.0454081,0.145373,1
0.0700305,0.0431373,0.172079,1
0.0400292,0.0501219,0.175651,1
0.166257,0.0918683,0.116801,1
0.0299443,0.0759734,0.115848,1
0.107476,0.0330615,0.14592,1
0.159532,0.0589138,0.208157,1
0.082737,0.107944,0.141348,1
0.0264329,0.101288,0.203798,1
0.195176,0.100799,0.211193,1
0.190529,0.0218364,0.195843,1
0.0932689,0.0770717,0.111481,1
0.127551,0.112217,0.18131,1
0.141204,0.0399512,0.116865,1
0.210927,0.0604545,0.130504,1
0.107871,0.017011,0.223519,1
0.186163,0.0352958,0.215937,1
0.0449782,0.101932,0.178946,1
0.221913,0.0765939,0.143963,1
0.224898,0.0445055,0.190288,1
0.213175,0.0602812,0.144271,1
0.155638,0.0145595,0.163332,1
0.0459939,0.0210007,0.206088,1
0.142451,0.0483815,0.107588,1
0.0882117,0.00437752,0.174809,1
0.14076,0.0543748,0.197319,1
0.035507,0.0372493,0.199978,1
0.111054,0.0889386,0.160488,1
0.0180382,0.112603,0.176441,1
0.120615,0.0590355,0.145775,1
0.150763,0.0127935,0.183729,1
0.0201738,0.0186698,0.144295,1
0.126486,0.082206,0.162694,1
0.00341152,0.0551323,0.131419,1
0.143821,0.00351605,0.17162,1
0.108888,0.0570732,0.194209,1
0.0636814,0.0231836,0.105985,1
0.035776,0.117554,0.128842,1
0.138803,0.0494459,0.224096,1
0.165763,0.0369713,0.173474,1
0.0239877,0.0530453,0.15406,1
0.224399,0.0108739,0.214427,1
0.0318314,0.0559792,0.105684,1
0.129552,0.099504,0.190915,1
0.113365,0.0777131,0.183072,1
0.207192,0.0643252,0.197358,1
0.162514,0.0212132,0.224247,1
0.067579,0.0360257,0.147727,1
0.0209626,0.0418131,0.175273,1
0.0489472,0.0214404,0.148738,1
0.0768573,0.0713317,0.217635,1
0.0316862,0.0384753,0.207474,1
0.20441,0.0925019,0.149485,1
0.114881,0.0792464,0.166792,1
0.0200127,0.117271,0.198553,1
0.197182,0.0394789,0.147809,1
0.111051,0.0594029,0.21227,1
0.0439247,0.0561144,0.194776,1
0.122399,0.0546094,0.188039,1
0.135372,0.0914568,0.178847,1
0.00431616,0.0788776,0.180105,1
0.0671324,0.0861502,0.125168,1
0.0812958,0.0507481,0.175057,1
0.0221778,0.0872522,0.192828,1
0.0945153,0.0234407,0.178231,1
0.0454626,0.101053,0.216292,1
0.199091,0.109548,0.214615,1
0.221987,0.108497,0.118164,1
0.184757,0.106946,0.15793,1
0.200708,0.118929,0.161835,1
0.113341,0.0533034,0.106418,1
0.137082,0.133023,0.00626854,2
0.106526,0.187358,0.0391866,2
0.0281305,0.189241,0.0266898,2
0.0444943,0.153893,0.0813839,2
0.211471,0.143805,0.0802436,2
0.0472991,0.161305,0.0808335,2
0.0446288,0.16222,0.0808542,2
0.0420034,0.158858,0.0787349,2
0.0460775,0.158168,0.0811289,2
0.0455037,0.160309,0.0812996,2
0.0383837,0.15762,0.0125857,2
0.0875787,0.172889,0.0399763,2
0.0450304,0.154629,0.0782668,2
0.125205,0.175144,0.0452745,2
0.0447034,0.193994,0.0626507,2
0.00567978,0.22364,0.0412693,2
0.120578,0.173027,0.00564764,2
0.0416223,0.158972,0.07869,2
0.152896,0.188584,0.0612966,2
0.148344,0.198441,0.0549931,2
0.00375287,0.207053,0.0741459,2
0.0753078,0.190463,0.0352397,2
0.0339215,0.132565,0.0695666,2
0.0404198,0.163065,0.0844054,2
0.0566858,0.131222,0.0116118,2
0.045051,0.16562,0.0822166,2
0.149586,0.152841,0.0462295,2
0.0496234,0.15382,0.0847225,2
0.20086,0.179252,0.0129666,2
0.0487753,0.157365,0.0804528,2
0.111151,0.15038,0.0135619,2
0.141433,0.19705,0.00964434,2
0.221429,0.176914,0.0642387,2
0.0442044,0.163695,0.0799268,2
0.0443758,0.157275,0.0849947,2
0.0877747,0.159176,0.0691565,2
0.0504142,0.162377,0.080446,2
0.155828,0.197372,0.0647469,2
0.0402135,0.158353,0.0794586,2
0.152499,0.170788,0.0541921,2
0.0707918,0.224947,0.0831286,2
0.0435795,0.164281,0.0841111,2
0.0478902,0.161445,0.0826567,2
0.0482658,0.160923,0.0824208,2
0.0468434,0.161297,0.0849174,2
0.134089,0.168076,0.0101687,2
0.0314551,0.173266,0.0203641,2
0.205625,0.17397,0.0134183,2
0.205469,0.158649,0.0591049,2
0.133097,0.160297,0.0137598,2
0.141322,0.215351,0.0373604,2
0.0448995,0.162043,0.0829927,2
0.108681,0.206412,0.00125546,2
0.0482209,0.140158,0.0426337,2
0.153265,0.219533,0.00458424,2
0.221693,0.164787,0.0633304,2
0.0505426,0.160983,0.0837282,2
0.0443694,0.153671,0.0811233,2
0.153697,0.166586,0.0539422,2
0.214018,0.180789,0.0629137,2
0.041446,0.160149,0.0808938,2
0.118567,0.153265,0.0725596,2
0.142567,0.150722,0.0406491,2
0.0173182,0.192044,0.0483074,2
0.148684,0.145879,0.0483791,2
0.114506,0.146181,0.0749708,2
0.108998,0.14679,0.0724809,2
0.0385897,0.158846,0.0850968,2
0.0438949,0.158266,0.0779132,2
0.157922,0.195754,0.0304837,2
0.0471125,0.16036,0.0819568,2
0.0429229,0.217106,0.036125,2
0.219842,0.221606,0.0624114,2
0.213457,0.158253,0.0154967,2
0.198755,0.16503,0.0692218,2
0.046606,0.159785,0.081484,2
0.121828,0.216608,0.0456486,2
0.0618543,0.163727,0.0691663,2
0.0461737,0.158522,0.0824468,2
0.145658,0.147927,0.0547335,2
0.21752,0.224809,0.0353822,2
0.0597213,0.158651,0.0475986,2
0.116921,0.214958,0.0281958,2
0.0513189,0.155782,0.082612,2
0.10807,0.160619,0.0046427,2
0.0462468,0.160262,0.0774768,2
0.154216,0.20533,0.0683427,2
0.137876,0.22408,0.018719,2
0.214129,0.224457,0.0816635,2
0.0771153,0.162991,0.0409908,2
0.179257,0.153101,0.0506169,2
0.21993,0.193305,0.0662194,2
0.0496091,0.162652,0.0824724,2
0.0529008,0.146775,0.0504968,2
0.0920202,0.128386,0.0854607,2
0.164858,0.145154,0.0625405,2
0.0508074,0.159022,0.0771988,2
0.0452754,0.158427,0.0804329,2
0.0450218,0.163564,0.0796926,2
0.0453099,0.154127,0.0853936,2
0.0409249,0.158028,0.0777494,2
0.0496405,0.158346,0.0845611,2
0.143252,0.135585,0.051227,2
0.0441529,0.16269,0.0775085,2
0.0431572,0.156196,0.0816056,2
0.040626,0.154967,0.0829537,2
0.16288,0.171007,0.0697286,2
0.0451762,0.161471,0.0807907,2
0.0167985,0.204203,0.0528722,2
0.197595,0.129732,0.0163278,2
0.037479,0.162658,0.0810337,2
0.0411322,0.160292,0.0788861,2
0.0496914,0.161233,0.0846328,2
0.0477776,0.162146,0.0750138,2
0.042315,0.159629,0.0802474,2
0.0478393,0.15822,0.0812084,2
0.0825061,0.196907,0.0664847,2
0.0427084,0.156934,0.0794275,2
0.208349,0.0937177,0.0523249,3
0.102236,0.0806326,0.0312352,3
0.0924557,0.0324292,0.0917699,3
0.184863,0.00361632,0.0662178,3
0.0627916,0.0946514,0.0244422,3
0.186022,0.0602381,0.0460077,3
0.171289,0.0718774,0.00450812,3
0.0425998,0.117423,0.0771793,3
0.00108443,0.120092,0.0477959,3
0.0353163,0.00383707,0.0805948,3
0.178963,0.094243,0.0606871,3
0.00684145,0.0592867,0.0850058,3
0.0393409,0.0980826,0.00872295,3
0.18546,0.00656289,0.0426165,3
0.0192187,0.0180665,0.00563128,3
0.0904967,0.0074316,0.0961155,3
0.191146,0.0318184,0.0939883,3
0.0276227,0.0539867,0.084004,3
0.0878228,0.0916809,0.0388137,3
0.0315786,0.0653266,0.0531296,3
0.0414284,0.0949752,0.0799114,3
0.135439,0.0636621,0.0474891,3
0.0173665,0.0599086,0.0228909,3
0.200344,0.0290661,0.0165019,3
0.165314,0.0873521,0.0466808,3
0.0200834,0.0219354,0.00653348,3
0.123494,0.0118236,0.0764724,3
0.0147007,0.0878437,0.0476183,3
0.109006,0.0567306,0.000554347,3
0.0241112,0.118672,0.0772873,3
0.0464651,0.0515977,0.0365535,3
0.055019,0.0937134,0.0789412,3
0.0480936,0.00507408,0.0280683,3
0.101742,0.0135826,0.100258,3
0.0758678,0.00977291,0.0541585,3
0.185991,0.0372798,0.0336183,3
0.152272,0.0316193,0.0125443,3
0.159763,0.062915,0.0538638,3
0.0835624,0.0445031,0.0785175,3
0.170138,0.00599358,0.00369009,3
0.0500092,0.0836757,0.100226,3
0.0353449,0.11169,0.091971,3
0.221422,0.0626964,0.0191246,3
0.196111,0.0136166,0.0236648,3
0.015497,0.0764124,0.0788347,3
0.0939333,0.109464,0.0167072,3
0.0478861,0.0128845,0.0643263,3
0.0485219,0.0615482,0.10095,3
0.176299,0.0230569,0.0115409,3
0.144061,0.0630507,0.00751752,3
0.139567,0.105011,0.034626,3
0.117099,0.0978071,0.027379,3
0.0661099,0.0336398,0.0296701,3
0.0331709,0.0549978,0.0321674,3
0.0728769,0.0323615,0.0340243,3
0.0777997,0.105886,0.0871128,3
0.214116,0.0356913,0.0844276,3
0.107587,0.048028,0.093195,3
0.11208,0.05881,0.0787143,3
0.132799,0.0648333,0.0749898,3
0.212514,0.0875441,0.00823077,3
0.0187153,0.0671879,0.0730523,3
0.0988963,0.0926558,0.0157983,3
0.0319405,0.105601,0.000143173,3
0.0724424,0.0316241,0.0736425,3
0.202683,0.0592427,0.0316216,3
0.223855,0.0803745,0.00591828,3
0.184362,0.0410064,0.103405,3
0.0692653,0.0435,0.0155244,3
0.0703698,0.111313,0.06768,3
0.157907,0.0675839,0.0957627,3
0.198708,0.100207,0.0893964,3
0.146963,0.0733,0.00115072,3
0.0795771,0.0564368,0.0754815,3
0.0924231,0.107882,0.0873623,3
0.115811,0.104267,0.0600221,3
0.160136,0.0723652,0.10016,3
0.167992,0.0791681,0.0279618,3
0.0196492,0.0464003,0.0342433,3
0.038587,0.0379134,0.0974094,3
0.161677,0.0110721,0.0458832,3
0.193043,0.0244852,0.0284692,3
0.105566,0.0736667,0.0209832,3
0.116333,0.0967255,0.0334605,3
0.0419587,0.0823663,0.0616644,3
0.151724,0.00931552,0.0363395,3
0.192342,0.0996395,0.0812018,3
0.0968122,0.0951549,0.0549417,3
0.116654,0.0183613,0.000396365,3
0.000114416,0.0848343,0.0273001,3
0.199342,0.00439026,0.0721293,3
0.17566,0.0270302,0.00244998,3
0.0962123,0.105439,0.0628705,3
0.158725,0.0793544,0.0603638,3
0.217989,0.0460676,0.016931,3
0.15639,0.00023409,0.0344367,3
0.0615094,0.104533,0.0717237,3
0.191601,0.0507107,0.0591118,3
0.0585786,0.0614314,0.00773835,3
0.214559,0.0760375,0.0317531,3
0.20413,0.0617463,0.074313,3
0.197819,0.0090679,0.0573392,3
0.122286,0.00709476,0.0698802,3
0.21362,0.0937346,0.0706297,3
0.220375,0.0257119,0.0551748,3
0.145759,0.0500975,0.0968717,3
0.0819509,0.0679625,0.0748767,3
0.16095,0.0734885,0.0525273,3
0.0587136,0.0533389,0.0099805,3
0.17885,0.0077775,0.0094289,3
0.079642,0.0497623,0.0807385,3
0.0455042,0.0544648,0.0514153,3
0.102771,0.0626186,0.024898,3
0.0778961,0.0686506,0.0562596,3
0.150192,0.113948,0.0553321,3
0.118491,0.0190256,0.102205,3
0.199583,0.000286633,0.00468887,3
0.113021,0.0577493,0.0397762,3
0.133528,0.0923388,0.0868394,3
0.189591,0.0850091,0.0878052,3
0.0993462,0.118394,0.030468,3
0.0615296,0.0806455,0.0940215,3
0.0175109,0.113809,0.0969962,3
0.11634,0.114376,0.0979276,3
0.181019,0.0527542,0.0892927,3
0.0595596,0.121006,0.00476098,3
0.0905025,0.0566159,0.10382,3
0.224756,0.122802,0.0356708,3
0.0860721,0.122658,0.00749251,3
