x coord,y coord,z coord,rank
0.0171781,0.0471728,0.124217,0
0.0172304,0.0281813,0.110805,0
0.106093,0.0785438,0.118126,0
0.0398257,0.103174,0.101211,0
0.0957478,0.0558223,0.112643,0
0.0730082,0.121311,0.131574,0
0.00421926,0.0971715,0.114542,0
0.0861118,0.0704985,0.124748,0
0.0702689,0.0316841,0.104629,0
0.0819031,0.00960942,0.119679,0
0.0883297,0.069869,0.100735,0
0.00779079,0.122338,0.14388,0
0.065757,0.0506871,0.0981105,0
0.0607954,0.01096,0.113426,0
0.0443289,0.0495727,0.123761,0
0.101057,0.0627389,0.189375,0
0.0370077,0.039837,0.0730763,0
0.00574591,0.0507233,0.0939078,0
0.0292563,0.0315514,0.0590991,0
0.00958244,0.0663255,0.0542513,0
0.0819005,0.0157034,0.169139,0
0.0507171,0.0552494,0.133224,0
0.0208731,0.0533179,0.0850294,0
0.00826465,0.0600047,0.0288397,0
0.0884928,0.0552736,0.154548,0
0.0942567,0.088951,0.0283925,0
0.0172535,0.0973734,0.131718,0
0.042222,0.0194142,0.213932,0
0.0817565,0.0690523,0.0298257,0
0.000560336,0.111715,0.0500351,0
0.0176849,0.0873269,1.48375e-05,0
0.0639524,0.085872,0.192996,0
0.0111803,0.0230669,0.0758836,0
0.0916284,0.0789356,0.131503,0
0.0140261,0.0562723,0.125687,0
0.0475802,0.0768507,0.0084078,0
0.0424783,0.0544611,0.112944,0
0.0690822,0.121373,0.207415,0
0.0470214,0.0468048,0.0904329,0
0.0812809,0.0214136,0.224675,0
0.10323,0.0569158,0.143717,0
0.00723376,0.0276606,0.124435,0
0.0740144,0.0859187,0.188498,0
0.0486123,0.0601034,0.0124751,0
0.0391571,0.115439,0.00462942,0
0.0904653,0.0820514,0.03208,0
0.0126608,0.0833444,0.0925457,0
0.0471318,0.059098,0.0176591,0
0.0431394,0.0454199,0.172506,0
0.0274726,0.0100651,0.152366,0
0.0163411,0.0786811,0.0744266,0
0.0924227,0.107708,0.0647088,0
0.054859,0.0589765,0.0693598,0
0.0481926,0.00040144,0.0467934,0
0.00499457,0.113547,0.194144,0
0.0209942,0.0894776,0.0571907,0
0.00936407,0.00688875,0.152894,0
0.0302173,0.0868545,0.0205621,0
0.105639,0.00340936,0.058873,0
0.0177287,0.0961809,0.151907,0
0.0331736,0.0516481,0.100698,0
0.0803594,0.0287748,0.0131641,0
0.0135251,0.0568501,0.0941294,0
0.0394559,0.0671863,0.177412,0
0.00317016,0.0285763,0.0223178,0
0.0458731,0.120477,0.037987,0
0.0236704,0.0914559,0.218143,0
0.0951371,0.057668,0.079725,0
0.0478333,0.109002,0.0510063,0
0.0922532,0.0351606,0.183157,0
0.0301401,0.0668238,0.0694326,0
0.0378386,0.0792206,0.0779448,0
0.0227996,0.0382872,0.0808645,0
0.0216538,0.0307374,0.190302,0
0.0503774,0.111707,0.00654214,0
0.0637958,0.0415811,0.0341881,0
0.000590467,0.00630636,0.0364762,0
0.034169,0.0883634,0.205651,0
0.038508,0.0743286,0.213277,0
0.0630504,0.103079,0.00978746,0
0.0770373,0.108486,0.0832331,0
0.0310259,0.012567,0.0426667,0
0.0169369,0.0339479,0.175148,0
0.025887,0.0908598,0.132987,0
0.0430669,0.122422,0.133569,0
0.00662423,0.0191485,0.219374,0
0.00261343,0.0671193,0.0584276,0
0.0866376,0.118853,0.1274,0
0.0577254,0.0328149,0.178337,0
0.0311866,0.114012,0.103876,0
0.00377749,0.0701867,0.103492,0
0.0267774,0.108111,0.0513468,0
0.0639112,0.0558038,0.0924175,0
0.0729842,0.0443561,0.0116067,0
0.0553722,0.0252907,0.176065,0
0.0569793,0.0119683,0.0546494,0
0.0108984,0.0470097,0.0569033,0
0.0174093,0.0435541,0.0723433,0
0.0864092,0.073244,0.0473244,0
0.010817,0.0285239,0.155347,0
0.0338414,0.109708,0.0381688,0
0.0779451,0.0802976,0.220811,0
0.0197902,0.0553258,0.193216,0
0.0394816,0.114329,0.135796,0
0.0491086,0.0624534,0.00888701,0
0.0783529,0.103435,0.020229,0
0.0389403,0.0720067,0.10392,0
0.0163627,0.000889884,0.136244,0
0.0874056,0.0710417,0.113017,0
0.0420103,0.116167,0.170001,0
0.0966746,0.00957095,0.213468,0
0.0299645,0.0769445,0.0324517,0
0.028827,0.109202,0.193818,0
0.00740406,0.11049,0.0639073,0
0.0532958,0.0924609,0.0344148,0
0.0801951,0.086559,0.020334,0
0.0886552,0.10125,0.173947,0
0.094606,0.0342947,0.0829636,0
0.0624741,0.0724202,0.165829,0
0.0909263,0.0178888,0.123839,0
0.0847288,0.0921736,0.157041,0
0.100553,0.0326414,0.089368,0
0.0942434,0.0797401,0.0492915,0
0.089867,0.107244,0.0899512,0
0.100787,0.0230448,0.0912007,0
0.0159963,0.122618,0.17207,0
0.105717,0.0257506,0.0262013,0
0.128828,0.0988067,0.0104999,1
0.108866,0.00968021,0.204901,1
0.131369,0.0332686,0.112606,1
0.125994,0.0755655,0.212848,1
0.14362,0.0284619,0.207749,1
0.131113,0.0734443,0.100967,1
0.130126,0.016773,0.107789,1
0.185251,0.025261,0.173239,1
0.143233,0.0383947,0.204068,1
0.163374,0.0442959,0.213265,1
0.182589,0.0796316,0.00814511,1
0.193717,0.0997667,0.198073,1
0.212748,0.0394951,0.000612855,1
0.16173,0.0743676,0.106712,1
0.204326,0.0083855,0.0573814,1
0.126025,0.0227019,0.0714183,1
0.107698,0.0463931,0.213909,1
0.176792,0.0399122,0.147862,1
0.169373,0.0914989,0.033973,1
0.152097,0.0621916,0.158066,1
0.210725,0.0595725,0.201753,1
0.222861,0.0537233,0.00330609,1
0.22091,0.0122843,0.0837893,1
0.132503,0.023953,0.21346,1
0.181111,0.0722141,0.167675,1
0.156245,0.0892126,0.0240035,1
0.162042,0.108463,0.0699758,1
0.118518,0.0899774,0.0411355,1
0.198048,0.113181,0.185647,1
0.201246,0.00644862,0.008154,1
0.216995,0.0502681,0.0931863,1
0.214198,0.029065,0.0255,1
0.12344,0.0949629,0.0411665,1
0.164668,0.0720032,0.0891031,1
0.165114,0.0243183,0.183216,1
0.121114,0.111646,0.105421,1
0.137716,0.0651704,0.17711,1
0.118238,0.0100221,0.0272807,1
0.115959,0.00736883,0.0145621,1
0.134076,0.0279441,0.180375,1
0.192264,0.104245,0.113012,1
0.178372,0.0697992,0.0561184,1
0.128005,0.067885,0.213987,1
0.219633,0.100596,0.127009,1
0.132941,0.0548208,0.12265,1
0.120945,0.00364254,0.112245,1
0.223101,0.0450232,0.0350015,1
0.122334,0.00564565,0.0272637,1
0.215208,0.0239005,0.126405,1
0.206238,0.0719236,0.0357086,1
0.195501,0.0534618,0.0405998,1
0.214019,0.100895,0.201095,1
0.12211,0.0308415,0.011591,1
0.181251,0.0819157,0.127924,1
0.173643,0.0538817,0.115491,1
0.115926,0.0755412,0.187025,1
0.140606,0.0270229,0.222961,1
0.165263,0.0421537,0.153249,1
0.220747,0.0518921,0.0702838,1
0.151167,0.0899068,0.192689,1
0.179044,0.0292947,0.056564,1
0.193075,0.0306224,0.00549231,1
0.211266,0.00387628,0.0150166,1
0.138842,0.111598,0.0484727,1
0.154553,0.106545,0.0918723,1
0.130127,0.0253396,0.159152,1
0.171998,0.10807,0.149954,1
0.185053,0.101064,0.163533,1
0.161317,0.075414,0.150816,1
0.153661,0.0397873,0.171226,1
0.141046,0.0352443,0.0238459,1
0.147042,0.0472015,0.131857,1
0.217177,0.0147653,0.133748,1
0.145851,0.0801476,0.043009,1
0.207411,0.109586,0.177293,1
0.144805,0.106743,0.147968,1
0.199716,0.0465472,0.0840917,1
0.215494,0.0984378,0.143226,1
0.116515,0.0879582,0.192007,1
0.138098,0.0451938,0.063546,1
0.123201,0.111825,0.0854356,1
0.189676,0.0983915,0.186676,1
0.125165,0.0986693,0.0335388,1
0.182117,0.0319238,0.104503,1
0.142902,0.0256647,0.120699,1
0.220121,0.0501921,0.136335,1
0.174189,0.0503125,0.0542962,1
0.123501,0.0111282,0.224062,1
0.154199,0.0757912,0.137155,1
0.221016,0.0417135,0.0105254,1
0.220021,0.000860958,0.163547,1
0.186118,0.0251585,0.137331,1
0.148948,0.0377213,0.0424966,1
0.187837,0.00806225,0.0148135,1
0.126792,0.00410918,0.0819263,1
0.20874,0.0191169,0.0972224,1
0.108751,0.100285,0.0359969,1
0.202007,0.0936987,0.0776468,1
0.152982,0.0849539,0.0396528,1
0.167561,0.108355,0.0845993,1
0.123994,0.107834,0.010349,1
0.107256,0.0708709,0.178888,1
0.163985,0.107593,0.0285492,1
0.206046,0.0253569,0.191294,1
0.205306,0.0464771,0.119887,1
0.148184,0.0867269,0.0689298,1
0.149928,0.0450597,0.206249,1
0.17863,0.0288836,0.0908998,1
0.147275,0.0711531,0.196713,1
0.221326,0.0740957,0.0278019,1
0.157891,0.112976,0.0355054,1
0.139039,0.0231046,0.00930594,1
0.128055,0.0771394,0.0113831,1
0.188251,0.0223561,0.0647026,1
0.147618,0.0649399,0.214999,1
0.124792,0.0746269,0.20875,1
0.158465,0.104127,0.113473,1
0.192479,0.0454437,0.21143,1
0.177639,0.0312191,0.212798,1
0.152993,0.0532485,0.198666,1
0.169278,0.103911,0.180693,1
0.189736,0.112427,0.168409,1
0.112282,0.0138565,0.00385672,1
0.116171,0.00090118,0.123292,1
0.173338,0.0742527,0.209029,1
0.168335,0.148581,0.221002,2
0.124244,0.209571,0.102453,2
0.133794,0.121741,0.178342,2
0.107851,0.163322,0.0174438,2
0.112749,0.22025,0.0575154,2
0.129605,0.190081,0.0576008,2
0.22273,0.130357,0.00869716,2
0.189879,0.173015,0.0959217,2
0.210481,0.127369,0.204842,2
0.167605,0.15508,0.19232,2
0.169854,0.180815,0.0976721,2
0.173635,0.200399,0.171206,2
0.200801,0.199523,0.15542,2
0.118055,0.131594,0.0883185,2
0.193205,0.122495,0.0504172,2
0.212503,0.141668,0.040191,2
0.137745,0.160317,0.194645,2
0.158773,0.174682,0.086674,2
0.167586,0.141251,0.022361,2
0.221242,0.184839,0.134531,2
0.109462,0.181232,0.185271,2
0.213795,0.162085,0.00900553,2
0.213765,0.158461,0.0887794,2
0.174724,0.206483,0.186026,2
0.12289,0.163991,0.106949,2
0.167359,0.147651,0.0910447,2
0.205619,0.172517,0.170611,2
0.224178,0.183088,0.089675,2
0.14357,0.125117,0.176148,2
0.117685,0.146664,0.00679532,2
0.193204,0.163676,0.0945367,2
0.217914,0.189384,0.171732,2
0.203968,0.164427,0.164551,2
0.219045,0.197156,0.181695,2
0.20517,0.22206,0.105322,2
0.129176,0.126176,0.164217,2
0.170267,0.181101,0.100161,2
0.133787,0.203725,0.0554322,2
0.193749,0.123747,0.224853,2
0.159886,0.211245,0.192213,2
0.183789,0.218044,0.0187202,2
0.185645,0.199423,0.223544,2
0.194482,0.147919,0.0239707,2
0.118189,0.197173,0.139218,2
0.210211,0.188571,0.0293226,2
0.144933,0.183843,0.00577724,2
0.211409,0.217178,0.153969,2
0.221673,0.196766,0.146725,2
0.120892,0.224532,0.206709,2
0.169438,0.209462,0.0641753,2
0.175666,0.160441,0.0589481,2
0.22481,0.202622,0.0679856,2
0.190267,0.172712,0.00433337,2
0.131349,0.117469,0.219327,2
0.179206,0.184765,0.0854752,2
0.224686,0.120116,0.140223,2
0.175455,0.21787,0.0208436,2
0.210901,0.164533,0.138825,2
0.161665,0.173458,0.0989004,2
0.22167,0.115807,0.139476,2
0.219109,0.119241,0.0745274,2
0.182033,0.208599,0.091163,2
0.178732,0.13759,0.00603083,2
0.139827,0.134219,0.18616,2
0.142871,0.117282,0.0310402,2
0.201243,0.173338,0.19124,2
0.15193,0.162165,0.160448,2
0.121258,0.130713,0.108093,2
0.163558,0.175748,0.152976,2
0.184734,0.128003,0.208724,2
0.137859,0.189961,0.0371269,2
0.180018,0.213842,0.208815,2
0.20477,0.139872,0.139487,2
0.135668,0.143994,0.196712,2
0.109114,0.157785,0.0285412,2
0.16233,0.123943,0.0335228,2
0.202654,0.185698,0.175945,2
0.183934,0.158619,0.110991,2
0.118325,0.207223,0.11261,2
0.218614,0.197766,0.0852126,2
0.201271,0.161973,0.165944,2
0.167047,0.205435,0.0419329,2
0.131698,0.154427,0.16983,2
0.156179,0.16161,0.186187,2
0.171418,0.118514,0.151267,2
0.174561,0.146518,0.136145,2
0.110136,0.114939,0.18278,2
0.131536,0.180724,0.178004,2
0.183494,0.17614,0.100207,2
0.117935,0.214187,0.183518,2
0.169715,0.214427,0.162166,2
0.160292,0.219014,0.0638933,2
0.127228,0.116082,0.121656,2
0.188665,0.142128,0.17408,2
0.213319,0.117077,0.108499,2
0.129798,0.196711,0.21005,2
0.21816,0.204301,0.0625881,2
0.178949,0.134717,0.173761,2
0.178699,0.146403,0.144903,2
0.144161,0.159376,0.191878,2
0.127569,0.201397,0.195437,2
0.194093,0.136187,0.123001,2
0.148476,0.182618,0.135823,2
0.115571,0.185652,0.0968074,2
0.185688,0.166893,0.121068,2
0.221422,0.194678,0.113142,2
0.112208,0.115608,0.176809,2
0.184239,0.126768,0.0398757,2
0.196983,0.149196,0.111617,2
0.140358,0.178781,0.00939397,2
0.217582,0.144336,0.107406,2
0.140905,0.221804,0.131554,2
0.176678,0.18947,0.117513,2
0.172429,0.165812,0.122645,2
0.170416,0.220029,0.0826816,2
0.194269,0.191053,0.0907077,2
0.217415,0.179295,0.142402,2
0.148956,0.215733,0.120545,2
0.168078,0.127195,0.0316339,2
0.152298,0.167371,0.133732,2
0.204613,0.161323,0.0567367,2
0.199826,0.200595,0.00121422,2
0.107429,0.184939,0.141113,2
0.133816,0.116597,0.153065,2
0.106905,0.19682,0.0956424,2
0.0166843,0.13445,0.17069,3
0.0206758,0.134907,0.172593,3
0.10188,0.136429,0.0455824,3
0.00835918,0.20202,0.19866,3
0.0938228,0.189119,0.167508,3
0.0140167,0.129741,0.171921,3
0.0231241,0.132769,0.173534,3
0.0847677,0.187509,0.219131,3
0.0831783,0.207125,0.205187,3
0.0735358,0.183789,0.0675113,3
0.0371535,0.187076,0.0817927,3
0.0180157,0.131396,0.177611,3
0.0706576,0.137799,0.0696769,3
0.0347727,0.210953,0.0752698,3
0.0157211,0.131678,0.172596,3
0.0571948,0.140946,0.223669,3
0.0195345,0.128709,0.167364,3
0.0446313,0.205111,0.142527,3
0.0166686,0.221354,0.0983473,3
0.0253419,0.142585,0.0159306,3
0.0190815,0.13453,0.16944,3
0.0693493,0.217239,0.0629502,3
0.0119023,0.130601,0.167779,3
0.0127488,0.128753,0.168385,3
0.102707,0.152676,0.110703,3
0.0782058,0.160128,0.0828939,3
0.0228573,0.147708,0.0914098,3
0.0173275,0.133448,0.170145,3
0.0163559,0.21117,0.0683946,3
0.0172739,0.129223,0.169772,3
0.0171269,0.129004,0.171313,3
0.01789,0.130227,0.171342,3
0.0133771,0.133735,0.164376,3
0.00706896,0.195918,0.0329198,3
0.036088,0.202376,0.0554533,3
0.0195485,0.128793,0.0969235,3
0.0386566,0.146236,0.0977733,3
0.102612,0.191419,0.05602,3
0.0461153,0.174127,0.159156,3
0.0579154,0.128762,0.0803943,3
0.0180595,0.129458,0.171419,3
0.0155854,0.129228,0.177278,3
0.0125545,0.130938,0.167633,3
0.0612021,0.200776,0.160867,3
0.0144381,0.131608,0.170022,3
0.0566021,0.159768,0.0813502,3
0.01857,0.133438,0.167072,3
0.0901236,0.152961,0.0821448,3
0.0767371,0.205123,0.0995873,3
0.0726009,0.216863,0.0985006,3
0.0953047,0.217114,0.163522,3
0.0148907,0.127593,0.175004,3
0.0123004,0.202574,0.172227,3
0.0783258,0.203832,0.00265338,3
0.015269,0.131425,0.167946,3
0.0196758,0.12607,0.172703,3
0.0210753,0.128019,0.172866,3
0.0744819,0.222121,0.0610539,3
0.10075,0.22212,0.221982,3
0.0633876,0.154116,0.130018,3
0.016462,0.127628,0.173342,3
0.0631095,0.213804,0.223284,3
0.0503194,0.138929,0.0567723,3
0.0403194,0.224336,0.184913,3
0.0802152,0.149127,0.0363584,3
0.0429137,0.161277,0.155782,3
0.0732314,0.147036,0.110117,3
0.0188418,0.13084,0.173756,3
0.0169711,0.132639,0.173083,3
0.0146378,0.126862,0.171503,3
0.0374433,0.129385,0.161117,3
0.0209709,0.133352,0.171122,3
0.0387294,0.210499,0.0755234,3
0.0150636,0.129507,0.171795,3
0.00094792,0.200113,0.0908319,3
0.0656969,0.165907,0.184145,3
0.0143943,0.132315,0.171965,3
0.00711463,0.181482,0.0898305,3
0.0842715,0.137832,0.151857,3
0.019086,0.137878,0.0718606,3
0.03821,0.18407,0.189606,3
0.0342372,0.180531,0.14692,3
0.0859878,0.213373,0.143576,3
0.0740584,0.13654,0.177293,3
0.0755123,0.1768,0.19313,3
0.0183627,0.127963,0.172396,3
0.0936587,0.197599,0.0765563,3
0.0292792,0.192865,0.0165636,3
0.0231535,0.170259,0.0149902,3
0.0164247,0.224964,0.037132,3
0.0951583,0.172347,0.16017,3
0.0125492,0.126413,0.171458,3
0.0186096,0.127179,0.169942,3
0.0540439,0.15588,0.203556,3
0.0385221,0.189872,0.114831,3
0.0657328,0.204106,0.00294734,3
0.0757029,0.177847,0.100168,3
0.0382101,0.201727,0.1075,3
0.0328325,0.170563,0.096821,3
0.0150399,0.129038,0.176868,3
0.0203853,0.129366,0.171074,3
0.0531913,0.212061,0.187922,3
0.0245065,0.149833,0.0873099,3
0.0149345,0.128606,0.173012,3
0.0958873,0.171827,0.127964,3
0.0778951,0.190792,0.12185,3
0.0726683,0.177115,0.1293,3
0.0889741,0.17337,0.141114,3
0.0152415,0.131651,0.166259,3
0.01451,0.2234,0.185897,3
0.0166391,0.131237,0.172633,3
0.0185461,0.132076,0.166408,3
0.014044,0.130309,0.17392,3
0.00484705,0.203712,0.202624,3
0.0726191,0.162464,0.126833,3
0.0123002,0.132117,0.169032,3
0.0317049,0.169972,0.140316,3
0.0699019,0.12615,0.137388,3
0.0180638,0.187439,0.179457,3
0.0954299,0.166182,0.192222,3
0.0213695,0.138696,0.171603,3
0.0332088,0.140023,0.129204,3
0.0783283,0.126466,0.177097,3
