x coord,y coord,z coord,rank
0.200918,0.120156,0.10591,0
0.183132,0.100575,0.00395494,0
0.168413,0.13721,0.0765834,0
0.120831,0.200114,0.0204713,0
0.114937,0.120398,0.0968592,0
0.101795,0.175449,0.0382755,0
0.0868502,0.165653,0.0178936,0
0.100205,0.122152,0.00842043,0
0.00164543,0.102767,0.0517321,0
0.129637,0.163995,0.0957742,0
0.0160659,0.219528,0.0476378,0
0.0952539,0.195344,0.103697,0
0.0430939,0.143801,0.0421151,0
0.22352,0.157728,0.0722719,0
0.134286,0.208536,0.080118,0
0.0904125,0.219572,0.0935663,0
0.121115,0.142195,0.0968203,0
0.0549361,0.190605,0.0229069,0
0.0567032,0.146542,0.0551145,0
0.117981,0.124768,0.00277082,0
0.109384,0.136652,0.0825154,0
0.163773,0.201335,0.09188,0
0.209023,0.108257,0.0182008,0
0.0607962,0.164478,0.115533,0
0.051453,0.15818,0.079692,0
0.0470298,0.199855,0.071619,0
0.123001,0.111613,0.0758061,0
0.0834,0.0998717,0.0176684,0
0.186411,0.181645,0.0469179,0
0.151331,0.122562,0.0329627,0
0.0487265,0.10396,0.0577013,0
0.0269834,0.220423,0.11026,0
0.0463308,0.217812,0.109136,0
0.01809,0.220932,0.0961704,0
0.176241,0.134357,0.0435187,0
0.0496407,0.186268,0.0403957,0
0.0791957,0.165555,0.113657,0
0.0517697,0.200574,0.101131,0
0.196057,0.180857,0.11593,0
0.0448996,0.142049,0.0210403,0
0.122884,0.17568,0.0455901,0
0.0288448,0.193887,0.0748168,0
0.099015,0.20928,0.106902,0
0.107689,0.184465,0.117007,0
0.105595,0.17042,0.111116,0
0.190942,0.155045,0.114448,0
0.170655,0.181587,0.059405,0
0.0489015,0.176973,0.00638493,0
0.14147,0.205599,0.105955,0
0.144487,0.19823,0.0850295,0
0.186975,0.173934,0.0711406,0
0.0320079,0.192392,0.0947754,0
0.17354,0.214134,0.038676,0
0.197648,0.108772,0.060797,0
0.0481857,0.224653,0.0632573,0
0.15086,0.110039,0.0121906,0
0.013888,0.178659,0.100212,0
0.180042,0.219553,0.0228396,0
0.024405,0.201354,0.0361843,0
0.0746888,0.155369,0.0396561,0
0.178855,0.205059,0.0744991,0
0.17466,0.192319,0.087115,0
0.172919,0.113784,0.089201,0
0.0397872,0.128219,0.10366,0
0.168778,0.123871,0.052789,0
0.029961,0.151993,0.090314,0
0.151839,0.111114,0.0875344,0
0.18506,0.193525,0.0322559,0
0.0235174,0.146305,0.0383642,0
0.159127,0.213838,0.0674158,0
0.0472866,0.11959,0.0801444,0
0.0297498,0.184359,0.0336701,0
0.163842,0.213519,0.0893188,0
0.0797769,0.189549,0.0297881,0
0.0653728,0.21668,0.0165551,0
0.172378,0.211109,0.0330496,0
0.0139148,0.217632,0.116821,0
0.0732146,0.15673,0.0617277,0
0.00603475,0.17336,0.107522,0
0.158737,0.138944,0.0776187,0
0.0172791,0.125863,0.0532168,0
0.0713447,0.10372,0.0538418,0
0.0951787,0.137771,0.0751506,0
0.200602,0.147501,0.0699969,0
0.161611,0.203636,0.105194,0
0.0382997,0.19804,0.0557157,0
0.117844,0.184381,0.0709719,0
0.0482297,0.175813,0.0635962,0
0.174108,0.102486,0.0711124,0
0.185261,0.136892,0.00470514,0
0.124998,0.124664,0.0126474,0
0.0703804,0.200488,0.0824361,0
0.0601293,0.171705,0.0017239,0
0.0974408,0.210351,0.0373604,0
0.175065,0.158192,0.0306468,0
0.195115,0.183345,0.0636394,0
0.0587529,0.184677,0.066875,0
0.0286933,0.124341,0.0244545,0
0.048793,0.164577,0.101169,0
0.208078,0.124608,0.0506158,0
0.167206,0.179458,0.038265,0
0.221623,0.17308,0.0494397,0
0.210664,0.162898,0.0663005,0
0.163298,0.203828,0.056522,0
0.0810626,0.106723,0.103862,0
0.181855,0.138981,0.0987858,0
0.143324,0.187796,0.056294,0
0.125056,0.107488,0.0437694,0
0.140859,0.210544,0.0568122,0
0.00617504,0.109009,0.0854546,0
0.202137,0.134331,0.0859735,0
0.166498,0.18594,0.00797973,0
0.140061,0.117045,0.0521578,0
0.0800682,0.20825,0.0905637,0
0.200141,0.101939,0.00758073,0
0.0489055,0.106097,0.0975067,0
0.0860018,0.139607,0.034173,0
0.166005,0.136722,0.0949364,0
0.134476,0.143926,0.105552,0
0.199752,0.159615,0.108917,0
0.121074,0.142662,0.115852,0
0.137853,0.104195,0.105287,0
0.151128,0.173992,0.113436,0
0.041523,0.10692,0.0803918,0
0.189655,0.2193,0.116925,0
0.110542,0.100462,0.0902898,0
0.169916,0.156846,0.117537,0
0.0324067,0.157189,0.125795,1
0.0379364,0.184554,0.131542,1
0.0268127,0.145107,0.131881,1
0.0931319,0.185878,0.208344,1
0.162118,0.201994,0.169261,1
0.143684,0.202359,0.143712,1
0.212539,0.203002,0.187469,1
0.178016,0.216025,0.121011,1
0.0217383,0.110294,0.18262,1
0.00366814,0.166325,0.18504,1
0.224991,0.166412,0.128846,1
0.0659557,0.191601,0.122505,1
0.0473005,0.15838,0.182142,1
0.178079,0.134011,0.139079,1
0.0302485,0.113985,0.182766,1
0.0291003,0.114173,0.184288,1
0.0616375,0.201137,0.118861,1
0.204051,0.147143,0.184633,1
0.1242,0.190048,0.131908,1
0.0298812,0.110105,0.184546,1
0.177806,0.141143,0.135869,1
0.194524,0.186674,0.166545,1
0.123793,0.171989,0.216223,1
0.0612389,0.214631,0.194619,1
0.0174642,0.137264,0.168772,1
0.0200907,0.161514,0.16348,1
0.146156,0.191237,0.151813,1
0.102276,0.183912,0.120858,1
0.00372026,0.220065,0.178166,1
0.0500963,0.193162,0.160859,1
0.219803,0.16605,0.214894,1
0.197569,0.163022,0.138316,1
0.128874,0.184264,0.20092,1
0.00888477,0.164318,0.198695,1
0.0913762,0.152227,0.191596,1
0.16988,0.142511,0.16955,1
0.0993734,0.126857,0.213349,1
0.0295029,0.110188,0.185291,1
0.124059,0.177767,0.184728,1
0.0530667,0.192955,0.211145,1
0.0687037,0.165975,0.172367,1
0.0240767,0.111932,0.183813,1
0.180519,0.159995,0.147607,1
0.0455914,0.156682,0.147914,1
0.0684666,0.145713,0.216954,1
0.0594717,0.170976,0.186825,1
0.0411164,0.191103,0.176316,1
0.210903,0.144103,0.120279,1
0.0136001,0.111925,0.179436,1
0.119825,0.175339,0.166407,1
0.0427307,0.130094,0.1463,1
0.0249681,0.110933,0.183182,1
0.107759,0.197093,0.132524,1
0.0102226,0.173925,0.217192,1
0.0161484,0.218454,0.211306,1
0.192178,0.173221,0.204796,1
0.0242077,0.109933,0.184263,1
0.056269,0.155148,0.210131,1
0.181313,0.114594,0.15595,1
0.193979,0.2229,0.178151,1
0.0825985,0.129989,0.15309,1
0.00892647,0.129563,0.175078,1
0.078005,0.14549,0.132353,1
0.127602,0.199558,0.211796,1
0.190118,0.130976,0.141908,1
0.00961616,0.12142,0.192286,1
0.0303225,0.112111,0.184235,1
0.0545688,0.204269,0.168796,1
0.0472012,0.155158,0.198774,1
0.0604487,0.184716,0.133441,1
0.14163,0.214058,0.183876,1
0.146499,0.146351,0.149196,1
0.0556684,0.211571,0.160394,1
0.103917,0.15301,0.156118,1
0.0285163,0.222559,0.148606,1
0.0593929,0.117428,0.201024,1
0.00806859,0.175205,0.149687,1
0.129689,0.140292,0.194121,1
0.000275254,0.2106,0.163025,1
0.0278827,0.138437,0.172084,1
0.09281,0.182192,0.154218,1
0.188666,0.18732,0.143293,1
0.0131094,0.141787,0.219659,1
0.202262,0.224215,0.196289,1
0.116705,0.16802,0.204378,1
0.141683,0.188801,0.149363,1
0.144118,0.195438,0.22335,1
0.141896,0.131284,0.121606,1
0.0613027,0.217395,0.196774,1
0.143259,0.166525,0.164756,1
0.0907271,0.202961,0.221248,1
0.0760477,0.158112,0.186978,1
0.0740155,0.194276,0.187337,1
0.0171703,0.162156,0.121989,1
0.193102,0.19225,0.169122,1
0.0567056,0.220848,0.164355,1
0.0710711,0.11658,0.158384,1
0.148371,0.138212,0.135544,1
0.15114,0.153607,0.16358,1
0.0287225,0.113566,0.186695,1
0.114051,0.185884,0.165597,1
0.212139,0.219802,0.140186,1
0.15664,0.205665,0.118617,1
0.166102,0.154174,0.1594,1
0.221673,0.224276,0.123607,1
0.0883679,0.157788,0.223786,1
0.030852,0.113479,0.184535,1
0.113123,0.211084,0.150245,1
0.187763,0.177541,0.192181,1
0.0386349,0.111475,0.185795,1
0.0783025,0.202267,0.123023,1
0.0303821,0.112482,0.185889,1
0.0260336,0.111159,0.185729,1
0.130111,0.180683,0.141295,1
0.0789596,0.192679,0.215926,1
0.0547603,0.205132,0.122737,1
0.0403397,0.195245,0.132724,1
0.0818261,0.173669,0.125792,1
0.106874,0.119814,0.138124,1
0.0309836,0.112208,0.186628,1
0.0933882,0.00583337,0.110888,2
0.202464,0.0607872,0.112897,2
0.0720431,0.0505962,0.0988253,2
0.145956,0.018823,0.108082,2
0.0590177,0.0317922,0.0666533,2
0.0658949,0.0931459,0.0238479,2
0.203105,0.0968434,0.0471293,2
0.0686684,0.0621999,0.0666472,2
0.186297,0.0646448,0.108716,2
0.186193,0.0347946,0.103224,2
0.143744,0.0044096,0.117572,2
0.14461,0.0622229,0.0382227,2
0.0126317,0.0191689,0.0216435,2
0.0759805,0.0367724,0.00842107,2
0.00662514,0.0899715,0.0622333,2
0.125607,0.093081,0.0867567,2
0.0390535,0.00779224,0.0933159,2
0.10015,0.0598005,0.0953994,2
0.149938,0.0714469,0.10449,2
0.144156,0.0402938,0.0810617,2
0.037198,0.0560883,0.0921207,2
0.122828,0.0130483,0.109822,2
0.0146176,0.0957534,0.0102993,2
0.121642,0.0731735,0.0415678,2
0.0904866,0.0405257,0.0977352,2
0.0954775,0.0304909,0.0279337,2
0.13805,0.0277555,0.026048,2
0.190859,0.0643718,0.0540034,2
0.00616086,0.0391054,0.10226,2
0.148601,0.0994224,0.0490134,2
0.0293516,0.0227928,0.0974446,2
0.157145,0.00277319,0.09977,2
0.197114,0.0439882,0.0556574,2
0.160716,0.0954555,0.0131511,2
0.0497078,0.00209901,0.00270817,2
0.222186,0.0572365,0.00865244,2
0.123428,0.00972658,0.0731751,2
0.0578868,0.0543472,0.044675,2
0.171565,0.09616,0.0868843,2
0.158694,0.0634671,0.0195624,2
0.0697249,0.091719,0.0196898,2
0.155642,0.0762613,0.084753,2
0.000950195,0.00685397,0.103858,2
0.0250079,0.0474208,0.0870034,2
0.168252,0.040464,0.0483887,2
0.189073,0.043843,0.0418947,2
0.0312461,0.0467487,0.00976718,2
0.0883516,0.0354708,0.0155633,2
0.140924,0.0272601,0.00401359,2
0.145607,0.050292,0.0866217,2
0.062348,0.0603287,0.0162299,2
0.107373,0.0922829,0.0668777,2
0.190798,0.0949111,0.0292606,2
0.207865,0.0518659,0.0827931,2
0.0894829,0.00442833,0.019934,2
0.166169,0.0673097,0.0416154,2
0.0782809,0.0646268,0.0112562,2
0.146141,0.0323166,0.0831966,2
0.00490322,0.06098,0.04752,2
0.152648,0.0645708,0.0544196,2
0.141316,0.0962717,0.110642,2
0.184122,0.00914118,0.00566814,2
0.139199,0.0232107,0.0768825,2
0.0917384,0.0228538,0.0733538,2
0.153324,0.00845658,0.0733886,2
0.0985448,0.0589406,0.0136662,2
0.146189,0.0363681,0.0378544,2
0.157874,0.0409405,0.0977017,2
0.205615,0.0968466,0.00964416,2
0.0424976,0.073568,0.0143144,2
0.147684,0.0458944,0.0402701,2
0.155938,0.0943711,0.0715872,2
0.0670458,0.0601444,0.0900479,2
0.22222,0.0504826,0.0766902,2
0.141174,0.0233445,0.0626488,2
0.0803011,0.031848,0.0354492,2
0.0510257,0.0471369,0.0905237,2
0.0241604,0.053979,0.0116915,2
0.191924,0.0197665,0.0809998,2
0.0752703,0.0723701,0.00333431,2
0.180811,0.0175471,0.0620196,2
0.0288332,0.0565934,0.0565418,2
0.0669243,0.0920085,0.0738322,2
0.0340119,0.0427288,0.00581986,2
0.209732,0.0620664,0.0711772,2
0.0701827,0.0720272,0.0866763,2
0.173234,0.014878,0.0897037,2
0.218389,0.0668781,0.0465216,2
0.124091,0.0233506,0.0210317,2
0.118767,0.0463007,0.0491411,2
0.0806053,0.0773625,0.0185696,2
0.139185,0.0469423,0.0203067,2
0.138555,0.0615774,0.0947195,2
0.204022,0.0788755,0.00107238,2
0.0955917,0.0206377,0.0896214,2
0.157078,0.0171824,0.0126856,2
0.0333109,0.0970776,0.0177686,2
0.180186,0.04891,0.0529103,2
0.0148555,0.0250055,0.00305636,2
0.179925,0.0728376,0.0710897,2
0.183325,0.0925696,0.084628,2
0.149475,0.0475324,0.0187911,2
0.109523,0.0356541,0.110362,2
0.112852,0.088874,0.0241251,2
0.123116,0.0788382,0.0362041,2
0.126893,0.0138202,0.0369264,2
0.138249,0.0674031,0.0142693,2
0.0434933,0.0607052,0.0478638,2
0.205008,0.0492961,0.0494236,2
0.11152,0.0127287,0.0858908,2
0.0218325,0.0495687,0.00194454,2
0.083424,0.0449561,0.0751996,2
0.133561,0.0690209,0.0709554,2
0.0602021,0.0367604,0.109262,2
0.0346786,0.0640164,0.0709902,2
0.177482,0.0197118,0.0180453,2
0.117438,0.0488158,0.0126282,2
0.0957584,0.0265002,0.0300443,2
0.0612023,0.0686245,0.0887265,2
0.0322136,0.104541,0.186437,3
0.0306968,0.103796,0.186733,3
0.0756736,0.0664813,0.119867,3
0.0296094,0.10921,0.183913,3
0.0258687,0.109459,0.189772,3
0.0297295,0.107242,0.188001,3
0.0110067,0.0421654,0.157099,3
0.165619,0.0480133,0.119316,3
0.00171394,0.107754,0.138885,3
0.0101482,0.038193,0.131193,3
0.00807864,0.0453262,0.136084,3
0.0843814,0.0163144,0.122272,3
0.108571,0.0772992,0.220778,3
0.0903716,0.103369,0.205222,3
0.159851,0.0385051,0.137589,3
0.195436,0.0337168,0.134008,3
0.17363,0.0358355,0.173863,3
0.0933118,0.0673367,0.221409,3
0.19826,0.0200489,0.135374,3
0.0970471,0.0363176,0.201957,3
0.192081,0.0225429,0.173871,3
0.159429,0.0770201,0.216892,3
0.210334,0.0608257,0.165051,3
0.0319561,0.0203836,0.216312,3
0.162218,0.072779,0.195502,3
0.0134251,0.072836,0.137822,3
0.138023,0.0331966,0.132963,3
0.178159,0.0643869,0.214509,3
0.0857749,0.0939087,0.164585,3
0.0633491,0.0519981,0.184678,3
0.199484,0.0535409,0.129594,3
0.124879,0.0867238,0.146093,3
0.0597454,0.000164398,0.187457,3
0.150496,0.0716444,0.140774,3
0.029025,0.108055,0.182022,3
0.199694,0.0369137,0.119793,3
0.20493,0.0516544,0.212336,3
0.0297294,0.109091,0.190871,3
0.0993514,0.0597546,0.181032,3
0.156746,0.0208632,0.219957,3
0.138537,0.106734,0.217207,3
0.035666,0.0561314,0.155347,3
0.2163,0.037084,0.157815,3
0.193187,0.0729225,0.133585,3
0.17456,0.044072,0.182307,3
0.0296104,0.107065,0.184325,3
0.1425,0.0865575,0.160116,3
0.0632384,0.0382034,0.145261,3
0.0181989,0.0545723,0.177885,3
0.00980914,0.0242508,0.159222,3
0.0228145,0.109567,0.186066,3
0.111209,0.071252,0.191629,3
0.0427785,0.030193,0.192103,3
0.0281445,0.0515821,0.204061,3
0.0584332,0.0525907,0.147127,3
0.0298899,0.1053,0.184744,3
0.223591,0.0118832,0.180072,3
0.0246201,0.104355,0.181807,3
0.0239337,0.0154488,0.211412,3
0.211413,0.0134236,0.17943,3
0.0192999,0.0440092,0.201924,3
0.0306946,0.106943,0.189444,3
0.201733,0.0877665,0.175243,3
0.0669105,0.0977001,0.126531,3
0.140827,0.0282021,0.168681,3
0.0430688,0.0345787,0.193849,3
0.145917,0.0897218,0.141062,3
0.000784716,0.0627437,0.151523,3
0.135655,0.0301332,0.189721,3
0.000677255,0.0211997,0.174267,3
0.151593,0.00647755,0.127698,3
0.155286,0.0843185,0.186073,3
0.0309402,0.108622,0.182442,3
0.103183,0.0308467,0.124933,3
0.208538,0.0668959,0.134559,3
0.197578,0.0352952,0.220888,3
0.0317889,0.105671,0.185846,3
0.0900591,0.00155592,0.139715,3
0.025352,0.106443,0.179381,3
0.106635,0.105971,0.168753,3
0.0536733,0.050671,0.224887,3
0.194506,0.0279733,0.141694,3
0.0366253,0.0231624,0.224961,3
0.179762,0.0600156,0.132243,3
0.136323,0.0661589,0.212953,3
0.0323722,0.0151987,0.132321,3
0.0322812,0.106616,0.180385,3
0.0510361,0.0856547,0.162844,3
0.0233426,0.0493682,0.179829,3
0.171183,0.0122224,0.129828,3
0.197899,0.0984985,0.171193,3
0.025855,0.106426,0.186859,3
0.13358,0.00179914,0.209858,3
0.00893789,0.105769,0.148907,3
0.205181,0.00647565,0.212036,3
0.13448,0.10533,0.181682,3
0.166572,0.000437863,0.124293,3
0.218453,0.0350498,0.160421,3
0.153839,0.0242249,0.141451,3
0.130539,0.0461756,0.158943,3
0.0925836,0.0398291,0.185856,3
0.187924,0.0133311,0.142649,3
0.10369,0.0718974,0.199271,3
0.0325809,0.108705,0.185409,3
0.0578839,0.0408635,0.222713,3
0.0780654,0.0333917,0.123963,3
0.0223898,0.109621,0.187837,3
0.0298705,0.0804619,0.168764,3
0.0300973,0.0844815,0.179094,3
0.0443688,0.0908099,0.190209,3
0.208446,0.00534911,0.136978,3
0.201253,0.0523764,0.142136,3
0.199846,0.0871134,0.136068,3
0.118597,0.108271,0.134135,3
0.0667214,0.0139873,0.212614,3
0.20921,0.0314294,0.140239,3
0.023643,0.106674,0.18979,3
0.0291058,0.109116,0.184616,3
0.0576999,0.000471276,0.175142,3
0.0322157,0.108414,0.181791,3
0.063317,0.0944892,0.194625,3
0.0259523,0.107718,0.180318,3
0.0281495,0.107038,0.186578,3
0.0234784,0.107876,0.185725,3
0.0959859,0.0767211,0.120547,3
0.00407009,0.0290331,0.12146,3
0.192297,0.106688,0.218372,3
0.0309973,0.108701,0.186384,3
0.196601,0.108865,0.179593,3
0.190111,0.108464,0.163563,3
0.0255501,0.107939,0.183101,3
0.0266817,0.109048,0.186403,3
0.02873,0.109033,0.187976,3
0.0227767,0.109572,0.180461,3
