x coord,y coord,z coord,rank
0.205994,0.110863,0.0969974,0
0.184224,0.10343,0.00336019,0
0.163464,0.120848,0.0698953,0
0.114584,0.210444,0.025083,0
0.110259,0.118622,0.0963353,0
0.104776,0.174213,0.052195,0
0.122036,0.0629578,0.0117817,0
0.10527,0.123126,0.0103939,0
0.178876,0.0318327,0.0260098,0
0.119357,0.174018,0.0907121,0
0.12992,0.0718721,0.0691882,0
0.126016,0.010746,0.088654,0
0.201434,0.058738,0.0516188,0
0.221561,0.128466,0.0818208,0
0.122935,0.219707,0.0787576,0
0.205366,0.102245,0.0411113,0
0.116406,0.147465,0.0764985,0
0.142781,0.0605516,0.00400447,0
0.12521,0.00129864,0.033195,0
0.11303,0.128112,0.00266938,0
0.109238,0.152264,0.0787195,0
0.144391,0.213833,0.0745046,0
0.220035,0.117715,0.0218339,0
0.125582,0.0866543,0.0196864,0
0.125675,0.0893778,0.0183708,0
0.184514,0.101675,0.0107982,0
0.130583,0.102435,0.077593,0
0.137975,0.0389588,0.0225921,0
0.191545,0.173946,0.0595262,0
0.160337,0.123194,0.0472493,0
0.145506,0.0978637,0.0987263,0
0.179412,0.0650023,0.068684,0
0.184104,0.053526,0.0581089,0
0.166872,0.00472216,0.0121947,0
0.158861,0.152331,0.0540049,0
0.186411,0.0747292,0.00654551,0
0.142565,0.0590703,0.090654,0
0.134676,0.0449775,0.024807,0
0.188771,0.104799,0.0857842,0
0.123256,0.0524813,0.04753,0
0.12497,0.184317,0.0576014,0
0.121433,0.0276759,0.020517,0
0.22324,0.0627767,0.0439646,0
0.189524,0.0372295,0.0950459,0
0.211518,0.0694369,0.0579437,0
0.179896,0.0231092,0.0669829,0
0.168211,0.174603,0.0690546,0
0.180972,0.00649643,0.102983,0
0.142888,0.19802,0.0977403,0
0.136009,0.213887,0.097879,0
0.203512,0.164236,0.0870196,0
0.133678,0.025134,0.0455366,0
0.182595,0.200413,0.0473423,0
0.198875,0.103025,0.0646766,0
0.213341,0.0474238,0.091887,0
0.156277,0.106687,0.0168536,0
0.161023,0.070505,0.075499,0
0.188141,0.220582,0.0362372,0
0.13905,0.0522869,0.0621839,0
0.201001,0.0869547,0.00645491,0
0.169333,0.209544,0.0857629,0
0.175416,0.193102,0.0811289,0
0.164162,0.111364,0.0761734,0
0.168211,0.0384919,0.0928288,0
0.173103,0.127008,0.0598592,0
0.133332,0.0368357,0.0287405,0
0.157608,0.113818,0.100604,0
0.190667,0.195637,0.0316413,0
0.155279,0.019473,0.0747397,0
0.156848,0.206891,0.0621379,0
0.150754,0.0229306,0.0689563,0
0.177916,0.0149947,0.0122421,0
0.164759,0.223403,0.0947363,0
0.137263,0.0855991,0.0998279,0
0.156072,0.060285,0.0630988,0
0.184958,0.220198,0.028398,0
0.150847,0.0274843,0.0817648,0
0.164879,0.0652774,0.055058,0
0.217146,0.0460855,0.0931072,0
0.157691,0.144567,0.0824888,0
0.190918,0.0882266,0.0275449,0
0.117914,0.0953545,0.0704746,0
0.151482,0.0421068,0.0831438,0
0.196484,0.142581,0.0716326,0
0.166865,0.199445,0.0998328,0
0.139749,0.0224505,0.0166442,0
0.126977,0.179965,0.0601954,0
0.1921,0.0293806,0.0268601,0
0.167368,0.11664,0.0731268,0
0.189517,0.136797,0.0109861,0
0.115226,0.114668,0.0250313,0
0.169077,0.0413657,0.0389685,0
0.162879,0.0771373,0.0793433,0
0.108421,0.210844,0.0296908,0
0.182323,0.160407,0.0217578,0
0.183588,0.186228,0.0737493,0
0.159276,0.0469025,0.0123773,0
0.181039,0.0889646,0.0871301,0
0.123331,0.00929151,0.0756596,0
0.208917,0.123111,0.045477,0
0.174652,0.158791,0.0242881,0
0.215844,0.170831,0.0458788,0
0.213375,0.161027,0.0725621,0
0.146817,0.196062,0.0510023,0
0.20248,0.0621841,0.0193756,0
0.183566,0.149999,0.0852789,0
0.161587,0.178002,0.0581044,0
0.116284,0.107893,0.0394621,0
0.148995,0.221657,0.0482085,0
0.17016,0.0849598,0.0271437,0
0.197347,0.140254,0.0939872,0
0.169756,0.18858,0.00267354,0
0.12645,0.113531,0.0501667,0
0.193696,0.0484666,0.0633669,0
0.153872,0.00195963,0.086171,0
0.148711,0.0884584,0.0606826,0
0.182676,0.084766,0.0388458,0
0.149118,0.0382706,0.0340618,0
0.108503,0.0673651,0.0328156,0
0.116891,0.00206343,0.0968129,0
0.148372,0.0503798,0.0886609,0
0.144867,0.0811684,0.102215,0
0.131695,0.100131,0.0904975,0
0.15011,0.0887274,0.0235776,0
0.111989,0.0592526,0.163208,1
0.162422,0.182031,0.10447,1
0.163837,0.136514,0.118655,1
0.163273,0.0627963,0.118697,1
0.161352,0.184163,0.166754,1
0.139654,0.191951,0.157743,1
0.219484,0.202281,0.179148,1
0.169699,0.204606,0.118787,1
0.187841,0.123744,0.201724,1
0.209662,0.0271811,0.131306,1
0.221073,0.16956,0.136756,1
0.212685,0.0907997,0.143544,1
0.151519,0.166127,0.106643,1
0.186553,0.130853,0.140801,1
0.205524,0.114094,0.15901,1
0.201784,0.157493,0.126816,1
0.185827,0.0538074,0.140453,1
0.207867,0.159121,0.189672,1
0.121193,0.194689,0.148562,1
0.189352,0.00384957,0.124395,1
0.102905,0.0677408,0.189173,1
0.192676,0.183691,0.174442,1
0.122547,0.16618,0.214852,1
0.18701,0.00827547,0.149354,1
0.131691,0.0273357,0.166804,1
0.210442,0.0345658,0.166117,1
0.148051,0.200326,0.153416,1
0.10293,0.1748,0.120493,1
0.160283,0.00479831,0.119177,1
0.16021,0.00482135,0.116396,1
0.223634,0.176612,0.209824,1
0.200995,0.158819,0.131479,1
0.137288,0.178862,0.20254,1
0.147846,0.0945339,0.186355,1
0.197546,0.00151853,0.206442,1
0.159184,0.140233,0.164958,1
0.107106,0.13127,0.221342,1
0.131172,0.0108945,0.202762,1
0.129607,0.181099,0.176149,1
0.192778,0.0941882,0.177427,1
0.197113,0.00213152,0.141909,1
0.207988,0.134236,0.106986,1
0.193097,0.156749,0.141334,1
0.131937,0.0614791,0.207344,1
0.189082,0.0554592,0.136569,1
0.187587,0.014401,0.140231,1
0.137878,0.166812,0.1176,1
0.182372,0.2203,0.127216,1
0.111924,0.0962524,0.177152,1
0.122778,0.167448,0.164963,1
0.202616,0.0452894,0.217004,1
0.172963,0.151661,0.129287,1
0.103116,0.192314,0.120053,1
0.20285,0.0662213,0.146817,1
0.107323,0.0353594,0.123254,1
0.198884,0.175998,0.211735,1
0.110754,0.0390158,0.122462,1
0.143786,0.0941111,0.184964,1
0.164336,0.123002,0.133187,1
0.193218,0.220213,0.175,1
0.132819,0.0289246,0.122083,1
0.114959,0.0421337,0.183115,1
0.177353,0.0445369,0.105,1
0.122801,0.177392,0.203703,1
0.18381,0.14063,0.144299,1
0.135859,0.0821673,0.13821,1
0.199319,0.157248,0.111165,1
0.172861,0.0743186,0.111775,1
0.135986,0.150381,0.113709,1
0.145596,0.0285639,0.157627,1
0.138,0.209381,0.193726,1
0.135863,0.148837,0.149018,1
0.208346,0.0798058,0.177094,1
0.191712,0.0112413,0.176157,1
0.224143,0.00907686,0.16973,1
0.109294,0.0721027,0.191096,1
0.143575,0.000107405,0.115674,1
0.135325,0.137753,0.195967,1
0.155585,0.0644076,0.171591,1
0.171422,0.0368566,0.1858,1
0.110725,0.174493,0.139154,1
0.183029,0.188973,0.160657,1
0.198285,0.0965902,0.122715,1
0.213253,0.214562,0.19889,1
0.134688,0.172212,0.214473,1
0.142961,0.169834,0.148013,1
0.141041,0.194511,0.221321,1
0.1373,0.135492,0.119238,1
0.211423,0.0374366,0.157603,1
0.161098,0.167022,0.143523,1
0.14127,0.10652,0.224893,1
0.145493,0.0281588,0.221576,1
0.206138,0.0352684,0.217696,1
0.112936,0.192761,0.119714,1
0.185541,0.212362,0.152139,1
0.133832,0.0730693,0.135897,1
0.123855,0.0801386,0.13615,1
0.140934,0.129312,0.15318,1
0.134673,0.145251,0.176135,1
0.191664,0.120162,0.158524,1
0.111278,0.182437,0.175413,1
0.221198,0.22391,0.140009,1
0.16703,0.214807,0.11927,1
0.160608,0.143512,0.16838,1
0.212226,0.222848,0.121237,1
0.194306,0.0582618,0.137845,1
0.175819,0.0811182,0.218547,1
0.115935,0.193211,0.145552,1
0.177502,0.165436,0.194584,1
0.139394,0.0424987,0.12754,1
0.197141,0.0482772,0.115356,1
0.157077,0.075266,0.200408,1
0.200248,0.0588931,0.17176,1
0.11904,0.190838,0.137528,1
0.154509,0.0646232,0.223517,1
0.183388,0.0350889,0.179567,1
0.208306,0.00792454,0.132948,1
0.170947,0.145025,0.106036,1
0.106766,0.12893,0.132949,1
0.17445,0.0449604,0.167124,1
0.187816,0.0363012,0.132093,1
0.141225,0.039821,0.133843,1
0.20929,0.0735903,0.10333,1
0.102576,0.0661401,0.223509,1
0.0627131,0.0905874,0.104835,2
0.0279685,0.184672,0.126708,2
0.083671,0.051206,0.0865965,2
0.062151,0.0956385,0.0853552,2
0.0584125,0.0327781,0.0891103,2
0.0909854,0.135187,0.0315065,2
0.0790566,0.109216,0.0232152,2
0.0774811,0.052272,0.070618,2
0.0861146,0.204479,0.114925,2
0.0880227,0.199418,0.0844123,2
0.00512553,0.107224,0.090833,2
0.0680217,0.106225,0.103576,2
0.0204909,0.0175429,0.0131754,2
0.101047,0.0907017,0.0727097,2
0.0166147,0.072941,0.0649646,2
0.0631555,0.149926,0.116983,2
0.0174671,0.00110543,0.098865,2
0.092535,0.0782046,0.0979692,2
0.0182647,0.12095,0.0229825,2
0.056386,0.17356,0.0418636,2
0.0366576,0.0558006,0.109567,2
0.0659219,0.181949,5.36638e-05,2
0.0263657,0.101029,0.0203469,2
0.077357,0.196294,0.0696241,2
0.0961261,0.0661776,0.11583,2
0.0919132,0.0333446,0.029142,2
0.0769563,0.00282508,0.122615,2
0.0463281,0.160155,0.0579885,2
0.0165316,0.0506412,0.104955,2
0.0231724,0.188419,0.0658816,2
0.0240482,0.0197369,0.108566,2
0.0838417,0.145694,0.0779539,2
0.0736085,0.188808,0.10507,2
0.0189307,0.114954,0.0558751,2
0.0433601,0.00219347,0.000662762,2
0.00131564,0.196032,0.0827254,2
0.00490528,0.0485655,0.123122,2
0.0593297,0.0491364,0.040957,2
0.0711165,0.169761,0.0605119,2
0.0134905,0.209351,0.112712,2
0.0702371,0.0947983,0.0156563,2
0.0610631,0.215164,0.0135438,2
0.00767173,0.0172571,0.0855285,2
0.0356085,0.0498291,0.0772987,2
0.05873,0.187407,0.0352977,2
0.0312049,0.186016,0.0430818,2
0.0319766,0.0431076,0.00744595,2
0.0860896,0.0214195,0.0217733,2
0.0586885,0.127897,0.0790927,2
0.0107629,0.159448,0.03501,2
0.0617239,0.0588008,0.0294644,2
0.0153695,0.154641,0.0940726,2
0.049919,0.129766,0.104784,2
0.0292164,0.157565,0.124569,2
0.0770422,0.00397755,0.0207739,2
0.0759198,0.156449,0.0485923,2
0.0768386,0.0728384,0.0159857,2
0.0155991,0.0349623,0.130491,2
0.0253441,0.052756,0.038048,2
0.0444572,0.184142,0.125315,2
0.0407724,0.20768,0.0349448,2
0.0116173,0.0935259,0.13386,2
0.0330674,0.178245,0.0812179,2
0.0866469,0.0478159,0.0750366,2
0.0422668,0.222813,0.053758,2
0.0804026,0.0736586,0.0211173,2
0.0235916,0.197213,0.114042,2
0.0421065,0.174608,0.0044225,2
0.070682,0.206362,0.116478,2
0.041062,0.0650511,0.0144989,2
0.0972649,0.183275,0.101366,2
0.0469668,0.162962,0.109445,2
0.0633731,0.0528543,0.0949778,2
0.101669,0.209018,0.115791,2
0.016705,0.192247,0.0700858,2
0.0828393,0.0350405,0.0292773,2
0.0469252,0.0459286,0.0936074,2
0.024034,0.051151,0.00265245,2
0.0774558,0.164375,0.119545,2
0.0635311,0.0764066,0.00682701,2
0.0533414,0.136618,0.0242389,2
0.0230481,0.0630009,0.0596338,2
0.0547408,0.0512653,0.114968,2
0.0270439,0.0447354,0.00364209,2
0.0580904,0.194875,0.103521,2
0.0677626,0.0911552,0.0359386,2
0.0771877,0.187887,0.117981,2
0.050366,0.192275,0.0450828,2
0.00549154,0.216288,0.0889617,2
0.0565764,0.223378,0.0974044,2
0.0767175,0.0776849,0.0359553,2
0.0304721,0.213495,0.11635,2
0.0494663,0.113912,0.0555171,2
0.0838979,0.108014,0.0239582,2
0.0994274,0.0348512,0.0787353,2
0.0563291,0.194079,0.057245,2
0.0326672,0.08544,0.0142945,2
0.0490214,0.159686,0.0795661,2
0.00129905,0.020097,0.00848612,2
0.0568495,0.167347,0.113782,2
0.0533513,0.139597,0.0236717,2
0.0364044,0.187029,0.0423381,2
0.0550256,0.160018,0.0486569,2
0.0416998,0.123372,0.122446,2
0.0943012,0.19814,0.0922028,2
0.0170209,0.215048,0.0512824,2
0.0844719,0.121656,0.123085,2
0.0359272,0.0583358,0.0592372,2
0.0870135,0.179807,0.125563,2
0.00697672,0.0261623,0.133553,2
0.0177622,0.0603889,0.00247641,2
0.0749397,0.0361451,0.0681656,2
0.0934286,0.222642,0.118678,2
0.0509226,0.0493439,0.103192,2
0.0378288,0.0632515,0.0749789,2
0.0645944,0.214971,0.131416,2
0.00123858,0.104058,0.0553349,2
0.0928407,0.0101902,0.0410718,2
0.0328723,0.0526761,0.0832401,2
0.0959831,0.164726,0.00962406,2
0.00844553,0.0125583,0.109719,2
0.0795085,0.0563541,0.0735059,2
0.0668819,0.0867693,0.0806418,2
0.0882409,0.00655333,0.111161,2
0.0988962,0.0483837,0.0979904,2
0.0983645,0.0411397,0.0134403,2
0.0286526,0.10881,0.186002,3
0.0316984,0.108018,0.182921,3
0.0264597,0.107917,0.187723,3
0.0287445,0.108163,0.183954,3
0.0251114,0.106815,0.18257,3
0.02817,0.109081,0.186029,3
0.0930837,0.150407,0.223496,3
0.0283108,0.104732,0.186318,3
0.0785988,0.124617,0.165872,3
0.0560385,0.210029,0.152183,3
0.081681,0.183604,0.177121,3
0.067739,0.152166,0.19522,3
0.0823014,0.204547,0.221529,3
0.0301547,0.109654,0.183517,3
0.0701276,0.208831,0.196941,3
0.0206407,0.14829,0.221695,3
0.0342435,0.151004,0.170874,3
0.0856071,0.0763816,0.217684,3
0.00404426,0.200538,0.148174,3
0.092594,0.0418936,0.184748,3
0.00731791,0.18741,0.156726,3
0.0247372,0.111951,0.181323,3
0.0216182,0.219738,0.153409,3
0.0416035,0.0208576,0.219531,3
0.0853624,0.168445,0.163393,3
0.00376234,0.0781788,0.137491,3
0.0656893,0.223536,0.158363,3
0.0518225,0.200901,0.137202,3
0.0800165,0.105471,0.175332,3
0.0459007,0.0459878,0.169771,3
0.0508007,0.153392,0.194379,3
0.061261,0.223631,0.186271,3
0.0489305,0.0149054,0.188198,3
0.0413456,0.110349,0.186136,3
0.0298381,0.106205,0.184804,3
0.0306333,0.108258,0.185632,3
0.000934423,0.131607,0.193121,3
0.0269288,0.109638,0.179142,3
0.0685542,0.066983,0.191513,3
0.0254476,0.11433,0.180441,3
0.00313089,0.133927,0.187186,3
0.0403736,0.0473748,0.15577,3
0.0651921,0.12195,0.172921,3
0.0563114,0.148696,0.221876,3
0.0265316,0.11179,0.184914,3
0.0248998,0.109369,0.185231,3
0.0173885,0.214085,0.202469,3
0.0727244,0.0231475,0.147331,3
0.0235954,0.0505362,0.169204,3
0.00609042,0.000137405,0.167277,3
0.0300428,0.107733,0.184922,3
0.0150727,0.182478,0.221376,3
0.0485637,0.0361945,0.205115,3
0.0232375,0.0563121,0.202782,3
0.0477005,0.0590439,0.150171,3
0.033832,0.108248,0.179587,3
0.039887,0.125931,0.156875,3
0.0260915,0.108342,0.183391,3
0.0168106,0.00987358,0.216047,3
0.023414,0.111703,0.179499,3
0.0157825,0.0458375,0.20651,3
0.0265084,0.104036,0.18109,3
0.025008,0.193449,0.187671,3
0.0570403,0.101768,0.192672,3
0.0653449,0.16352,0.182288,3
0.0392873,0.0177144,0.206731,3
0.0656113,0.13271,0.215968,3
0.00545734,0.0637476,0.157062,3
0.0540865,0.152234,0.145837,3
0.0191503,0.00890892,0.181243,3
0.017549,0.127972,0.1874,3
0.0626037,0.157491,0.170703,3
0.0414075,0.190773,0.206239,3
0.0249199,0.11205,0.188684,3
0.0857346,0.148723,0.19337,3
0.00748608,0.158849,0.192218,3
0.029111,0.108698,0.185498,3
0.0774165,0.00161749,0.145878,3
0.0282665,0.104064,0.183494,3
0.0597654,0.18345,0.16296,3
0.057647,0.0470653,0.211595,3
0.00514074,0.216646,0.174719,3
0.0551589,0.0236452,0.220859,3
0.0241082,0.164173,0.166755,3
0.0219549,0.132582,0.162345,3
0.0343445,0.0222848,0.147429,3
0.0300479,0.10616,0.180652,3
0.0538845,0.0923471,0.162473,3
0.0209993,0.0486951,0.178338,3
0.0661407,0.210308,0.201049,3
0.0273394,0.110636,0.182646,3
0.0264928,0.106323,0.183553,3
0.0252463,0.109785,0.181336,3
0.0111301,0.0856279,0.148108,3
0.0277535,0.111162,0.181336,3
0.0546783,0.185286,0.191013,3
0.0282717,0.112262,0.180796,3
0.00282267,0.164814,0.174385,3
0.096625,0.17996,0.212686,3
0.0290896,0.105717,0.184253,3
0.0861404,0.0378164,0.199537,3
0.0230656,0.114395,0.182216,3
0.0250249,0.110964,0.182411,3
0.00541445,0.109249,0.172072,3
0.0484933,0.0491294,0.220924,3
0.0615323,0.0297521,0.139318,3
0.0269617,0.10943,0.176792,3
0.0241282,0.0933195,0.178808,3
0.0370657,0.0806559,0.180358,3
0.0291159,0.0936292,0.173544,3
0.0268541,0.109803,0.178198,3
0.0993088,0.194198,0.222358,3
0.027224,0.109728,0.181967,3
0.0960708,0.100873,0.13644,3
0.0789646,0.0102276,0.214205,3
0.024152,0.110947,0.185479,3
0.0610605,0.10609,0.200195,3
0.0291418,0.107052,0.183585,3
0.0683998,0.00364739,0.172779,3
0.0289718,0.109416,0.181593,3
0.0317729,0.108519,0.184138,3
0.0262341,0.110301,0.180057,3
0.0284148,0.10975,0.185776,3
0.0333141,0.10524,0.188043,3
0.0245411,0.111199,0.183437,3
0.099056,0.108272,0.201777,3
