x coord,y coord,z coord,rank
0.214337,0.182971,0.17661,0
0.110259,0.156195,0.195132,0
0.175193,0.140659,0.218003,0
0.15957,0.137226,0.215528,0
0.0196939,0.190859,0.182152,0
0.0281171,0.127945,0.115586,0
0.163465,0.221581,0.182713,0
0.0263629,0.155907,0.19189,0
0.165265,0.135176,0.178966,0
0.145915,0.189632,0.165089,0
0.213287,0.187534,0.120775,0
0.100024,0.207622,0.10904,0
0.148235,0.210998,0.205805,0
0.0574198,0.180011,0.142611,0
0.159264,0.182536,0.211407,0
0.212366,0.153225,0.188939,0
0.198451,0.152992,0.126098,0
0.193684,0.182814,0.140263,0
0.124095,0.174686,0.205998,0
0.003472,0.161599,0.164986,0
0.197203,0.148254,0.213402,0
0.223381,0.172718,0.20913,0
0.195289,0.195017,0.107618,0
0.141924,0.173346,0.118134,0
0.16578,0.131999,0.180706,0
0.0272182,0.195292,0.131441,0
0.18918,0.215287,0.167487,0
0.169205,0.220234,0.194817,0
0.0633595,0.119084,0.189011,0
0.046058,0.168856,0.212413,0
0.211102,0.177019,0.215346,0
0.158094,0.12839,0.215209,0
0.173924,0.214009,0.138039,0
0.0124003,0.120371,0.195257,0
0.0417828,0.218092,0.189184,0
0.137199,0.18522,0.12216,0
0.195192,0.157731,0.117694,0
0.159447,0.136958,0.145675,0
0.194954,0.199606,0.129692,0
0.0646546,0.17099,0.120145,0
0.0645733,0.180141,0.19639,0
0.0127746,0.1278,0.209775,0
0.17527,0.178394,0.133724,0
0.149637,0.14418,0.151449,0
0.0627378,0.142756,0.103868,0
0.0412845,0.184194,0.221401,0
0.0148102,0.200091,0.144943,0
0.0259849,0.220499,0.180395,0
0.0438616,0.135175,0.200274,0
0.193506,0.216466,0.179312,0
0.116039,0.171591,0.204644,0
0.150835,0.138429,0.144627,0
0.165003,0.199206,0.176729,0
0.00706288,0.199993,0.114632,0
0.00357904,0.177037,0.135045,0
0.0447171,0.140835,0.197039,0
0.217998,0.216699,0.169588,0
0.203383,0.119839,0.134904,0
0.00801742,0.19963,0.21832,0
0.219289,0.220811,0.124382,0
0.142942,0.129895,0.109368,0
0.183445,0.177547,0.200117,0
0.209987,0.189048,0.150722,0
0.146503,0.223702,0.179194,0
0.0597958,0.212013,0.14757,0
0.182876,0.137742,0.171502,0
0.0514121,0.186985,0.202839,0
0.216513,0.223717,0.151641,0
0.0411453,0.196087,0.218931,0
0.0843753,0.142167,0.105456,0
0.189611,0.117146,0.160611,0
0.122463,0.153975,0.191141,0
0.0841749,0.159301,0.20696,0
0.164697,0.177266,0.212513,0
0.223161,0.198462,0.116162,0
0.11353,0.1756,0.209543,0
0.0492459,0.169149,0.145831,0
0.0932032,0.165294,0.120755,0
0.03837,0.153614,0.193365,0
0.155987,0.201698,0.221248,0
0.168076,0.168266,0.17847,0
0.190174,0.203873,0.208794,0
0.177586,0.12048,0.224926,0
0.0565145,0.205563,0.190249,0
0.00338173,0.131026,0.165638,0
0.0779757,0.189611,0.170018,0
0.0262683,0.195341,0.221179,0
0.0904555,0.184097,0.159588,0
0.0941172,0.149536,0.216105,0
0.18208,0.224074,0.177833,0
0.0792116,0.195862,0.189825,0
0.0840002,0.175129,0.184427,0
0.0202791,0.160275,0.178993,0
0.222692,0.187884,0.178467,0
0.112171,0.212924,0.120227,0
0.133333,0.217799,0.219606,0
0.181295,0.213469,0.149215,0
0.0465423,0.206351,0.173458,0
0.120125,0.158466,0.164021,0
0.221769,0.138048,0.219603,0
0.0320628,0.145368,0.212511,0
0.0471624,0.134013,0.115278,0
0.171332,0.188609,0.159804,0
0.199034,0.13512,0.206585,0
0.0425183,0.216621,0.214969,0
0.00412247,0.221504,0.169881,0
0.0551331,0.204632,0.115749,0
0.130158,0.124027,0.181684,0
0.108998,0.141567,0.175471,0
0.131959,0.176433,0.154721,0
0.119065,0.172015,0.220901,0
0.163025,0.198274,0.219595,0
0.0797334,0.146246,0.209968,0
0.18809,0.223975,0.200757,0
0.00190205,0.166889,0.154324,0
0.0455493,0.210203,0.14951,0
0.0529507,0.17686,0.1654,0
0.00279124,0.177482,0.205067,0
0.0388215,0.160168,0.174266,0
0.0855334,0.198416,0.13482,0
0.17527,0.133715,0.122384,0
0.0231872,0.195348,0.197277,0
0.191048,0.151703,0.223635,0
0.0612209,0.178389,0.12063,0
0.137668,0.152354,0.118266,0
0.15009,0.120236,0.171383,0
0.0863893,0.16645,0.103805,0
0.0350219,0.147369,0.103299,0
0.14785,0.116928,0.199946,0
0.0604998,0.159735,0.103748,0
0.0490401,0.189593,0.103626,0
0.00354174,0.0342635,0.0390192,1
0.12982,0.0865044,0.0133175,1
0.0268288,0.130479,0.080021,1
0.176951,0.107422,0.0540821,1
0.179994,0.0216493,0.0742328,1
0.126082,0.102198,0.0851965,1
0.0891394,0.142319,0.00455969,1
0.0642614,0.122795,0.0424357,1
0.114651,0.0646682,0.0352123,1
0.0793102,0.0967489,0.0360768,1
0.197295,0.108025,0.0190376,1
0.0479894,0.131311,0.0460071,1
0.125453,0.046635,0.0954739,1
0.172904,0.011989,0.0316573,1
0.12084,0.133332,0.0495313,1
0.152585,0.134432,0.00090716,1
0.191714,0.00618921,0.00617018,1
0.0628053,0.14089,0.0154347,1
0.150367,0.0726918,0.0977449,1
0.105665,0.0460848,0.0540262,1
0.156502,0.108527,0.0100021,1
0.101293,0.0859026,0.0551058,1
0.148978,0.0431364,0.00634149,1
0.0515694,0.145227,0.0408729,1
0.0321775,0.0531925,0.0914071,1
0.133198,0.0240661,0.0752471,1
0.150989,0.016257,0.0839394,1
0.172873,0.132943,0.0553159,1
0.0218383,0.0336524,0.082603,1
0.0181294,0.0260537,0.0626664,1
0.2012,0.0507478,0.00766264,1
0.148356,0.100935,0.0148284,1
0.200817,0.0883851,0.0990783,1
0.140655,0.0248953,0.0603148,1
0.000445786,0.130458,0.0327279,1
0.0736768,0.126983,0.0853185,1
0.144618,0.130814,0.0231312,1
0.18295,0.0385322,0.0248254,1
0.140882,0.13602,0.0917253,1
0.0363427,0.140909,0.0877841,1
0.19954,0.0904373,0.0517146,1
0.166426,0.0537739,0.0551831,1
0.139677,0.144175,0.0603396,1
0.15716,0.116129,0.0121673,1
0.1938,0.0962227,0.0499799,1
0.126677,0.0592898,0.0718368,1
0.160997,0.00251462,0.074634,1
0.0469334,0.000150363,0.0660072,1
0.169714,0.111434,0.0509217,1
0.0850413,0.129512,0.0960201,1
0.149482,0.00686118,0.00401924,1
0.0368242,0.0121925,0.0413211,1
0.158293,0.0770182,0.0989747,1
0.204496,0.131853,0.0634564,1
0.206261,0.0591744,0.0993617,1
0.0823485,0.107887,0.0816442,1
0.0398838,0.136389,0.0921669,1
0.0973878,0.0135515,0.0600236,1
0.0442759,0.0559885,0.0200031,1
0.11238,0.142862,0.0475477,1
0.0782771,0.0739826,0.000865764,1
0.164162,0.147384,0.0927224,1
0.135476,0.121387,0.10286,1
0.212783,0.115682,0.00438185,1
0.177288,0.113139,0.00793121,1
0.174847,0.137555,0.0451684,1
0.0911072,0.0863064,0.0364999,1
0.135275,0.0318524,0.0997509,1
0.110218,0.0675535,0.0829545,1
0.0725315,0.00261388,0.0729978,1
0.172055,0.0783933,0.0805046,1
0.134864,0.12206,0.0178949,1
0.00606667,0.131344,0.0249273,1
0.153555,0.0370541,0.0737153,1
0.0957594,0.0263285,0.0898632,1
0.0167729,0.0719909,0.0924157,1
0.0534118,0.130538,0.00202558,1
0.0238429,0.13572,0.0831458,1
0.0373702,0.0575776,0.040217,1
0.209404,0.110729,0.0762621,1
0.0590204,0.0127221,0.0311838,1
0.0197183,0.0277977,0.093387,1
0.179676,0.079518,0.0868594,1
0.168897,0.0284436,0.00328969,1
0.0370003,0.147323,0.102072,1
0.0221235,0.10054,0.0716131,1
0.0208335,0.00927019,0.0214892,1
0.0496,0.133902,0.0180889,1
0.0689518,0.0513865,0.0965932,1
0.193237,0.0638991,0.0352075,1
0.0433566,0.0460675,0.0655653,1
0.0476972,0.117811,0.00977517,1
0.0632155,0.138842,0.0800432,1
0.204792,0.0685038,0.0470694,1
0.0981642,0.116167,0.0474946,1
0.0877648,0.131889,0.0495501,1
0.0586408,0.0328512,0.0363182,1
0.102129,0.0378795,0.0744277,1
0.110546,0.103776,0.0354306,1
0.0115744,0.0448852,0.040662,1
0.00930514,0.0172431,0.0901133,1
0.206397,0.086461,0.0946035,1
0.15566,0.137277,0.0757696,1
0.00542445,0.0429311,0.0276475,1
0.0410422,0.00703072,0.0556219,1
0.0485945,0.0138162,0.073036,1
0.11789,0.00521552,0.0858266,1
0.125047,0.0619333,0.0681492,1
0.0531512,0.0984376,0.0429046,1
0.000545269,0.0340862,0.00951763,1
0.012038,0.0675553,0.0282427,1
0.0114987,0.0190162,0.0324356,1
0.00750448,0.0870114,0.0563319,1
0.068333,0.0296606,0.0038645,1
0.000580437,0.0657323,0.0266103,1
0.021026,0.0774844,0.0547203,1
0.164672,0.0826042,0.0272272,1
0.101574,0.0325623,0.0539523,1
0.176371,0.0570697,0.0255467,1
0.134003,0.0377993,0.0684337,1
0.145336,0.122111,0.0238273,1
0.211039,0.123051,0.0113616,1
0.0324614,0.105073,0.0156041,1
0.00273314,0.122402,0.0679438,1
0.112916,0.109893,0.00617191,1
0.0562435,0.0620651,0.224388,2
0.0870109,0.110849,0.158957,2
0.0354382,0.101012,0.116907,2
0.164711,0.0830491,0.205092,2
0.0651585,0.0552919,0.111766,2
0.161151,0.0439274,0.175847,2
0.0988289,0.0569319,0.160578,2
0.0721773,0.115333,0.154285,2
0.0594591,0.0832979,0.200543,2
0.203161,0.110355,0.180942,2
0.212577,0.0629188,0.147984,2
0.0976807,0.02558,0.144276,2
0.0853183,0.0128647,0.112091,2
0.187693,0.0368048,0.103801,2
0.116132,0.0728914,0.16709,2
0.0138195,0.0802857,0.219198,2
0.0456412,0.040653,0.131388,2
0.190423,0.0353353,0.155647,2
0.0713967,0.0945331,0.175357,2
0.0573542,0.0792258,0.129464,2
0.0417059,0.0768444,0.168242,2
0.0681914,0.0217885,0.103481,2
0.0786528,0.0157768,0.161252,2
0.133638,0.0977141,0.136759,2
0.0251384,0.0331417,0.159047,2
0.216582,0.0776307,0.104787,2
0.0612103,0.0745072,0.148626,2
0.0191609,0.0338872,0.113141,2
0.130629,0.0269612,0.115512,2
0.215189,0.0703194,0.210545,2
0.165536,0.068208,0.205106,2
0.0393185,0.0514787,0.168776,2
0.175316,0.0224957,0.127318,2
0.133265,0.0303666,0.163213,2
0.149082,0.0950012,0.165878,2
0.00852072,0.0844132,0.128437,2
0.0814037,0.0743276,0.125025,2
0.045068,0.0502974,0.136777,2
0.0970817,0.0889796,0.222979,2
0.214659,0.055759,0.163647,2
0.064488,0.078919,0.145701,2
0.0178082,0.00725618,0.107399,2
0.11327,0.0939391,0.19592,2
0.204482,0.0401801,0.139149,2
0.115962,0.00111357,0.14887,2
0.0487339,0.0990204,0.183769,2
0.0760823,0.0777543,0.190395,2
0.0962307,0.0628263,0.12383,2
0.111766,0.0664707,0.113861,2
0.0228417,0.088371,0.115165,2
0.165279,0.0534476,0.145427,2
0.0768559,0.0172904,0.217407,2
0.0821531,0.0730749,0.187235,2
0.180421,0.0874733,0.219558,2
0.163494,0.0228439,0.148024,2
0.166309,0.0781539,0.182655,2
0.0996204,0.0445112,0.114963,2
0.00961005,0.021058,0.218422,2
0.163339,0.0985844,0.155179,2
0.0543078,0.0635428,0.215205,2
0.00584392,0.0941814,0.135095,2
0.189063,0.0194303,0.223531,2
0.0604148,0.114695,0.197019,2
0.112057,0.0233695,0.180437,2
0.0805548,0.103527,0.192602,2
0.172796,0.0671185,0.21309,2
0.0685215,0.108168,0.168106,2
0.0411966,0.0380218,0.209751,2
0.177774,0.0871782,0.139092,2
0.00830905,0.114886,0.11932,2
0.101221,0.00138559,0.134442,2
0.22153,0.113696,0.180316,2
0.0662594,0.0251871,0.213941,2
0.202598,0.0895995,0.194911,2
0.00138163,0.0120864,0.21233,2
0.110387,0.0844961,0.180094,2
0.0201393,0.0146431,0.214116,2
0.067625,0.10589,0.171446,2
0.203249,0.0874192,0.209115,2
0.208859,0.0979068,0.173865,2
0.088064,0.0880713,0.200241,2
0.198485,0.0998259,0.209785,2
0.182264,0.0346314,0.202812,2
0.200166,0.0339417,0.166457,2
0.199306,0.0841075,0.165851,2
0.102135,0.0271378,0.152325,2
0.138466,0.0413006,0.138696,2
0.129074,0.0848749,0.200977,2
0.0351385,0.0318812,0.188892,2
0.196197,0.0613855,0.217456,2
0.168677,0.0243814,0.21896,2
0.0292472,0.0651001,0.129313,2
0.0179549,0.0492982,0.133683,2
0.0200608,0.106442,0.216146,2
0.207255,0.0382377,0.13389,2
0.201479,0.102371,0.175824,2
0.188421,0.0324799,0.180076,2
0.044573,0.00141908,0.175017,2
0.207323,0.0559769,0.193955,2
0.105682,0.017642,0.219514,2
0.128145,0.0587591,0.175455,2
0.0297604,0.0696178,0.169332,2
0.142836,0.0824744,0.194265,2
0.143586,0.035139,0.135371,2
0.129195,0.0425918,0.11132,2
0.20246,0.0458386,0.20438,2
0.112036,0.0906141,0.136192,2
0.0572368,0.0793261,0.14694,2
0.0312387,0.0491771,0.105656,2
0.177114,0.050486,0.142258,2
0.139087,0.0221989,0.190649,2
0.00179131,0.00180098,0.108275,2
0.137878,0.110113,0.151565,2
0.00871136,0.101311,0.164737,2
0.0107941,0.00482373,0.207078,2
0.0020725,0.0637705,0.20886,2
0.0695116,0.0287233,0.10505,2
0.184474,0.0510069,0.124099,2
0.153054,0.0438601,0.176885,2
0.0154853,0.0395574,0.129885,2
0.0125785,0.0501774,0.104173,2
0.11722,0.0930511,0.103776,2
0.199642,0.182028,0.0140656,3
0.0316935,0.216613,0.0738914,3
0.115098,0.188746,0.0995168,3
0.0331444,0.181228,0.013788,3
0.087012,0.179335,0.0331463,3
0.00766089,0.193164,0.0523283,3
0.0339467,0.180511,0.0112829,3
0.000535479,0.193462,0.101981,3
0.181484,0.180417,0.0377683,3
0.0827785,0.199033,0.0971556,3
0.0281502,0.187516,0.0155817,3
0.026443,0.185499,0.0180015,3
0.0397485,0.201636,0.00383019,3
0.0255182,0.184135,0.00807379,3
0.0306632,0.185393,0.00993417,3
0.0867055,0.214861,0.0563147,3
0.0890028,0.189357,0.051916,3
0.0810074,0.193408,0.0518188,3
0.15549,0.181787,0.00566231,3
0.0225894,0.196535,0.0453768,3
0.0769897,0.179494,0.0355801,3
0.0969983,0.155361,0.0517775,3
0.0609816,0.215889,0.0956352,3
0.0701473,0.208699,0.0862216,3
0.0282488,0.185696,0.0163718,3
0.0320391,0.18338,0.0110111,3
0.188955,0.171437,0.0939807,3
0.0286677,0.182172,0.0122411,3
0.21978,0.170991,0.0675977,3
0.0719664,0.207613,0.0489532,3
0.0263744,0.179361,0.0114411,3
0.0823398,0.151768,0.0943512,3
0.223327,0.167539,0.0643321,3
0.0300063,0.187828,0.0131682,3
0.0326223,0.180683,0.0162863,3
0.219964,0.174119,0.0913616,3
0.070849,0.171582,0.019961,3
0.0297864,0.185451,0.0109571,3
0.0554014,0.193086,0.0901993,3
0.0309144,0.18799,0.010609,3
0.0264541,0.185162,0.00827968,3
0.190561,0.224076,0.0363845,3
0.0281249,0.184694,0.0133516,3
0.0304043,0.198868,0.0920067,3
0.0317779,0.183799,0.0116292,3
0.200224,0.14878,0.0517995,3
0.0327629,0.187449,0.0101718,3
0.034931,0.181856,0.0111301,3
0.0327777,0.182168,0.0161034,3
0.0286759,0.186663,0.00921424,3
0.0579218,0.205661,0.0378429,3
0.0760705,0.220638,0.0197848,3
0.105486,0.180303,0.0395548,3
0.073332,0.158999,0.0943678,3
0.0265108,0.181768,0.012066,3
0.151417,0.156336,0.0323362,3
0.0335001,0.178555,0.015358,3
0.0353553,0.185563,0.0150352,3
0.210725,0.169331,0.0355368,3
0.0273226,0.184157,0.0125069,3
0.0315311,0.182911,0.00907001,3
0.0582446,0.216659,0.0667142,3
0.0918267,0.194075,0.00459041,3
0.143893,0.185247,0.0978828,3
0.0274559,0.181874,0.0108568,3
0.180116,0.223333,0.0591524,3
0.0274409,0.179573,0.00978202,3
0.0166476,0.18431,0.0691286,3
0.191162,0.152878,0.0709403,3
0.111339,0.165432,0.0248842,3
0.0272921,0.188677,0.012761,3
0.0357187,0.196528,0.0713334,3
0.0482443,0.188217,0.0210251,3
0.0912741,0.218016,0.0794327,3
0.0816187,0.196099,0.0420698,3
0.211108,0.22082,0.0822464,3
0.21154,0.203217,0.0505565,3
0.138591,0.187282,0.0970851,3
0.108136,0.200213,0.0984687,3
0.0263063,0.181884,0.00899589,3
0.0277047,0.18524,0.0128026,3
0.0454041,0.210369,0.0664243,3
0.224887,0.191657,0.057731,3
0.0286625,0.179933,0.0149927,3
0.0257081,0.180182,0.0162644,3
0.131268,0.209516,0.048183,3
0.0262096,0.172941,0.0649131,3
0.0907297,0.165125,0.0361577,3
0.0325286,0.182433,0.00865244,3
0.130316,0.159225,0.0893434,3
0.0298345,0.179417,0.0156398,3
0.0348491,0.185978,0.0103205,3
0.210343,0.172269,0.0112878,3
0.0986116,0.182195,0.0153678,3
0.177634,0.170914,0.0339178,3
0.0340324,0.186092,0.0296309,3
0.033324,0.179457,0.00912052,3
0.0276234,0.176483,0.00960883,3
0.0348145,0.184092,0.0141249,3
0.150243,0.204645,0.0136268,3
0.0300272,0.189255,0.0135279,3
0.0293637,0.184463,0.0149004,3
0.223568,0.149448,0.0563868,3
0.0292368,0.184738,0.00821158,3
0.0221899,0.206842,0.0799832,3
0.0185555,0.202095,0.0197153,3
0.0282669,0.188286,0.0154594,3
0.0963985,0.153737,0.0280883,3
0.204961,0.210608,0.0773851,3
0.0279328,0.183049,0.0153826,3
0.0320902,0.182093,0.0136845,3
0.0305008,0.185756,0.0140346,3
0.0303272,0.18616,0.013056,3
0.0255283,0.17661,0.0181185,3
0.0377651,0.184905,0.00932854,3
0.0302472,0.184702,0.00652493,3
0.0310303,0.18042,0.0146404,3
0.0278737,0.178532,0.00744959,3
0.0678885,0.166178,0.064147,3
0.0384133,0.171824,0.0974065,3
0.0522334,0.200755,0.0455317,3
0.112908,0.172874,0.0107757,3
