x coord,y coord,z coord,rank
0.0309891,0.176841,0.150392,0
0.0920324,0.141946,0.0580676,0
0.00719956,0.124974,0.209546,0
0.0429558,0.172536,0.135961,0
0.0292888,0.21538,0.222573,0
0.0122905,0.149153,0.163211,0
0.00798126,0.155393,0.165977,0
0.00848623,0.155382,0.164635,0
0.00890179,0.152689,0.166403,0
0.0100656,0.202018,0.182037,0
0.0162354,0.218058,0.138215,0
0.00852294,0.149681,0.168994,0
0.0453591,0.178575,0.145689,0
0.0775538,0.180586,0.151626,0
0.00935673,0.126313,0.132661,0
0.0129634,0.15203,0.166856,0
0.00925725,0.157888,0.0621734,0
0.080829,0.196032,0.112113,0
0.0103178,0.150824,0.169102,0
0.010885,0.149151,0.168122,0
0.00234906,0.210761,0.21469,0
0.00742029,0.151696,0.168212,0
0.00909869,0.154102,0.161461,0
0.00305906,0.140207,0.104339,0
0.0854825,0.127426,0.0989157,0
0.00266662,0.128527,0.0400412,0
0.0529789,0.133862,0.110389,0
0.0239834,0.190449,0.205176,0
0.0523115,0.147664,0.0273324,0
0.0143714,0.208164,0.166325,0
0.00280183,0.153398,0.0133222,0
0.0114569,0.15033,0.168587,0
0.0734017,0.212296,0.113818,0
0.00765295,0.19904,0.0987966,0
0.0768013,0.144222,0.205349,0
0.00756064,0.154873,0.162598,0
0.0238722,0.190687,0.0297869,0
0.074498,0.145381,0.197677,0
0.00885309,0.154876,0.164732,0
0.0111871,0.151032,0.168194,0
0.0469645,0.220384,0.108417,0
0.0140462,0.156525,0.165208,0
0.0072605,0.15109,0.165721,0
0.00961576,0.156279,0.170631,0
0.0100923,0.153048,0.16231,0
0.00547033,0.146084,0.158586,0
0.00391749,0.203711,0.0264747,0
0.00780115,0.220585,0.07472,0
0.0553423,0.215678,0.0832938,0
0.0142196,0.150078,0.17027,0
0.0134818,0.154237,0.166983,0
0.0933894,0.142623,0.155352,0
0.0601569,0.179394,0.195273,0
0.011741,0.153903,0.166768,0
0.0088074,0.155781,0.161503,0
0.0752482,0.207119,0.147161,0
0.00992557,0.151188,0.166463,0
0.0410576,0.134887,0.0573247,0
0.085586,0.166582,0.217937,0
0.0232114,0.180063,0.0215597,0
0.0143468,0.156395,0.164221,0
0.0114406,0.152522,0.17135,0
0.00732652,0.152931,0.164776,0
0.0418054,0.156001,0.050496,0
0.0693782,0.151647,0.0183379,0
0.0107943,0.157079,0.162917,0
0.0291634,0.188272,0.0247594,0
0.030038,0.171008,0.204692,0
0.0707559,0.197769,0.179472,0
0.0786183,0.145204,0.20832,0
0.0695524,0.209094,0.0799437,0
0.0438767,0.219502,0.0996604,0
0.0359057,0.220534,0.156657,0
0.071883,0.186685,0.0637941,0
0.0741032,0.188645,0.103743,0
0.0163476,0.151603,0.168976,0
0.0132992,0.156466,0.162296,0
0.0122758,0.154801,0.163751,0
0.048296,0.129838,0.137844,0
0.0430779,0.210071,0.0578531,0
0.0474582,0.155103,0.204204,0
0.0350801,0.207172,0.207362,0
0.00811944,0.154755,0.169942,0
0.0170299,0.155464,0.168953,0
0.0131183,0.150732,0.165143,0
0.0125506,0.153179,0.163162,0
0.0844346,0.158701,0.138425,0
0.0750011,0.205423,0.118864,0
0.0575854,0.147172,0.00440902,0
0.00620853,0.202969,0.0830728,0
0.00415512,0.207943,0.0606763,0
0.0209466,0.176422,0.190692,0
0.0557606,0.148842,0.071029,0
0.0106021,0.210444,0.218172,0
0.066774,0.131715,0.122501,0
0.0417803,0.157229,0.114142,0
0.00857752,0.152018,0.17042,0
0.0619155,0.149882,0.01057,0
0.0137551,0.156578,0.161284,0
0.0432108,0.159842,0.0381981,0
0.0100733,0.153509,0.163629,0
0.00952654,0.152258,0.168888,0
0.0942761,0.147799,0.0691268,0
0.0397617,0.145182,0.0556007,0
0.063968,0.138226,0.203956,0
0.0117654,0.154382,0.160331,0
0.0903241,0.184334,0.076896,0
0.00903301,0.155177,0.166459,0
0.0127114,0.152829,0.168987,0
0.032425,0.218518,0.215318,0
0.0292985,0.127905,0.190777,0
0.0726486,0.146397,0.163808,0
0.0615356,0.12295,0.172581,0
0.0460179,0.21541,0.200798,0
0.0294883,0.166049,0.187528,0
0.0800122,0.128973,0.05685,0
0.014871,0.154945,0.164463,0
0.00805663,0.151635,0.167585,0
0.045666,0.188366,0.223897,0
0.0160461,0.151189,0.16617,0
0.00392521,0.221868,0.17181,0
0.09577,0.216067,0.0527005,0
0.0148388,0.171779,0.126556,0
0.189314,0.0501279,0.204272,1
0.1725,0.00187552,0.125377,1
0.208713,0.00939943,0.00859668,1
0.216271,0.0483549,0.196488,1
0.209381,0.0208987,0.123429,1
0.190772,0.0729107,0.135324,1
0.177931,0.00866568,0.0968855,1
0.144585,0.0641336,0.169551,1
0.152876,0.0405618,0.150953,1
0.108218,0.0408215,0.0597624,1
0.183842,0.0198069,0.16969,1
0.153135,0.013646,0.0888272,1
0.130248,0.0673276,0.190214,1
0.162181,0.055189,0.173024,1
0.149122,0.0295364,0.0265007,1
0.192765,0.0178181,0.149854,1
0.122727,0.0545414,0.00316575,1
0.114377,0.0549284,0.163627,1
0.110366,0.0412393,0.0465491,1
0.150989,0.000827785,0.174283,1
0.1426,0.0510787,0.141497,1
0.203934,0.000800712,0.136221,1
0.159929,0.0634727,0.154184,1
0.183339,0.0943871,0.0618544,1
0.165957,0.0361672,0.135812,1
0.187432,0.0557166,0.0388667,1
0.155319,0.0164714,0.224508,1
0.209315,0.0236481,0.122489,1
0.110187,0.0356107,0.0404531,1
0.149828,0.0312204,0.135499,1
0.121666,0.085146,0.210067,1
0.167201,0.0127123,0.136427,1
0.135524,0.0414824,0.0581658,1
0.137378,0.0707675,0.182639,1
0.193238,0.094341,0.0742134,1
0.140868,0.0692904,0.0678705,1
0.187949,0.0168278,0.0837873,1
0.139069,0.00846015,0.0944054,1
0.18823,0.0746828,0.192791,1
0.146002,0.00932212,0.028373,1
0.205518,0.0803824,0.158391,1
0.141063,0.0131242,0.165062,1
0.187252,0.026573,0.197142,1
0.206286,0.0768229,0.164143,1
0.190857,0.000720183,0.15548,1
0.122609,0.0958218,0.18283,1
0.189324,0.0790292,0.0365121,1
0.117237,0.0360951,0.032621,1
0.224562,0.0456148,0.000728105,1
0.101788,0.0304011,0.20814,1
0.210926,0.0861969,0.139115,1
0.20101,0.065884,0.0481025,1
0.158518,0.00679146,0.0183736,1
0.114802,0.0399531,0.171973,1
0.201938,0.0548679,0.0696842,1
0.128782,0.0252851,0.157243,1
0.216538,0.0210707,0.0644257,1
0.162461,0.0691778,0.105115,1
0.106047,0.0817433,0.0423766,1
0.154586,0.0929854,0.0873279,1
0.105534,0.0194138,0.013199,1
0.140468,0.00979017,0.0358436,1
0.185304,0.0658327,0.138425,1
0.223278,0.0876706,0.0730523,1
0.177411,0.0957332,0.0252685,1
0.14873,0.0640357,0.170575,1
0.122949,0.0893804,0.0950957,1
0.145713,0.0496919,0.198701,1
0.133932,0.0146601,0.15743,1
0.140649,0.0408968,0.0362422,1
0.133058,0.0968501,0.187568,1
0.218167,0.0759127,0.206605,1
0.209212,0.0309838,0.189509,1
0.185692,0.0569307,0.0276014,1
0.181965,0.0985899,0.0658092,1
0.220858,0.0191639,0.163111,1
0.124919,0.0922427,0.168376,1
0.143045,0.0185288,0.102351,1
0.207422,0.096193,0.0382575,1
0.147641,0.052157,0.101175,1
0.156245,0.00439123,0.023001,1
0.193826,0.0430978,0.180481,1
0.133147,0.0601608,0.212306,1
0.13083,0.0191293,0.0895276,1
0.131443,0.00304033,0.174686,1
0.174561,0.0166346,0.133248,1
0.174436,0.0912886,0.162925,1
0.181365,0.0755487,0.00552043,1
0.121334,0.00964845,0.216081,1
0.213522,0.0207714,0.0708609,1
0.115043,9.02247e-05,0.0845845,1
0.208426,0.0722545,0.0646202,1
0.121542,0.0644657,0.18131,1
0.204074,0.0381826,0.123612,1
0.132283,0.0987493,0.0365066,1
0.203721,0.0448638,0.109273,1
0.180178,0.0399316,0.152757,1
0.126952,0.0574561,0.123883,1
0.193595,0.0657269,0.11732,1
0.117884,0.0453097,0.0310161,1
0.190748,0.0333023,0.135896,1
0.136996,0.0526036,0.0654103,1
0.179041,0.0814127,0.204496,1
0.122417,0.02224,0.00426918,1
0.197048,0.0641777,0.0607882,1
0.174237,0.0871961,0.115037,1
0.124016,0.0816091,0.0113149,1
0.122639,0.0892962,0.198646,1
0.110495,0.0891334,0.191654,1
0.158572,0.0488548,0.0720158,1
0.175173,0.0243209,0.0591327,1
0.218372,0.0121249,0.110755,1
0.125706,0.0866023,0.0983428,1
0.128828,0.0881346,0.00629189,1
0.191322,0.0917396,0.152653,1
0.198833,0.079227,0.00823552,1
0.166587,0.0521824,0.0717466,1
0.193042,0.00576175,0.108013,1
0.114299,0.0124119,0.0455818,1
0.115435,0.0254911,0.106902,1
0.103342,0.0886257,0.0218132,1
0.117092,0.0257759,0.0984402,1
0.205193,0.119053,0.126753,2
0.163603,0.14461,0.0910411,2
0.111422,0.222394,0.0393086,2
0.14992,0.1903,0.0420769,2
0.158337,0.148344,0.108679,2
0.140341,0.150166,0.0279806,2
0.124729,0.158996,0.118457,2
0.165636,0.190482,0.12478,2
0.141517,0.103471,0.123457,2
0.146459,0.129787,0.0524955,2
0.101929,0.104794,0.0959211,2
0.134222,0.125547,0.115277,2
0.119629,0.174623,0.106833,2
0.219978,0.10561,0.216518,2
0.100955,0.11531,0.104883,2
0.103078,0.195625,0.0770367,2
0.116725,0.156209,0.068586,2
0.112038,0.152879,0.101988,2
0.123064,0.183737,0.0319063,2
0.186032,0.191427,0.0564255,2
0.119755,0.167827,0.00225753,2
0.154332,0.105508,0.183183,2
0.108821,0.199855,0.0874411,2
0.150229,0.102138,0.157073,2
0.111863,0.108033,0.109206,2
0.105425,0.158936,0.0187071,2
0.102886,0.106565,0.151157,2
0.197395,0.209578,0.0530923,2
0.201684,0.109142,0.0423232,2
0.167634,0.212463,0.0841555,2
0.163068,0.164824,0.107466,2
0.169749,0.105263,0.0608962,2
0.127872,0.118299,0.107078,2
0.193205,0.132858,0.110014,2
0.103519,0.114545,0.145403,2
0.204635,0.102131,0.00278123,2
0.166717,0.185299,0.00348165,2
0.210059,0.187859,0.0248095,2
0.174,0.187218,0.160803,2
0.203804,0.171805,0.116695,2
0.176254,0.128253,0.0418776,2
0.215206,0.17429,0.218833,2
0.111902,0.180635,0.068295,2
0.134971,0.160108,0.0765102,2
0.130569,0.196433,0.0291457,2
0.120072,0.157163,0.104538,2
0.206745,0.144465,0.00195177,2
0.188261,0.197269,0.0984292,2
0.157476,0.148224,0.17575,2
0.129869,0.220421,0.17994,2
0.177791,0.156172,0.0802474,2
0.129086,0.151942,0.0484115,2
0.184484,0.18012,0.0543393,2
0.104333,0.184449,0.0876714,2
0.209314,0.121302,0.221982,2
0.171354,0.141529,0.0241248,2
0.212428,0.185452,0.0269836,2
0.149179,0.182234,0.181297,2
0.151181,0.130264,0.167869,2
0.127853,0.109214,0.168638,2
0.222768,0.198393,0.196299,2
0.141483,0.186914,0.0686175,2
0.209829,0.173521,0.208228,2
0.175376,0.155895,0.0216717,2
0.204618,0.162038,0.172435,2
0.171175,0.162865,0.10991,2
0.101634,0.174871,0.0614903,2
0.198228,0.195977,0.0770941,2
0.189377,0.223084,0.153574,2
0.144043,0.136769,0.014728,2
0.217783,0.189971,0.0680763,2
0.16963,0.180464,0.0412368,2
0.108666,0.157519,0.200405,2
0.160377,0.209525,0.167113,2
0.128925,0.118606,0.0142615,2
0.163955,0.218878,0.165628,2
0.196088,0.152538,0.0168239,2
0.139441,0.137297,0.210947,2
0.124455,0.123421,0.203197,2
0.214125,0.166792,0.143459,2
0.107949,0.167373,0.103592,2
0.20804,0.201315,0.19852,2
0.153531,0.139871,0.220097,2
0.127188,0.176095,0.194675,2
0.168655,0.161537,0.17296,2
0.196134,0.153516,0.0736791,2
0.156494,0.125524,0.207211,2
0.203675,0.182463,0.156217,2
0.107262,0.135968,0.0571392,2
0.131073,0.218032,0.187508,2
0.186309,0.214489,0.155211,2
0.221988,0.127715,0.0585332,2
0.171964,0.1518,0.177793,2
0.105851,0.109808,0.0727026,2
0.146154,0.156322,0.110196,2
0.20638,0.127095,0.0609574,2
0.169816,0.213823,0.0108535,2
0.15226,0.161738,0.154933,2
0.160483,0.207023,0.223995,2
0.139069,0.202483,0.0334404,2
0.132908,0.201576,0.022779,2
0.215183,0.206861,0.142598,2
0.223525,0.14175,0.0265725,2
0.116381,0.180088,0.104487,2
0.164755,0.156881,0.0913814,2
0.118585,0.112747,0.00250578,2
0.216529,0.136969,0.0160438,2
0.168809,0.158581,0.00091253,2
0.1611,0.139887,0.191864,2
0.184828,0.150655,0.160359,2
0.111761,0.166485,0.00186501,2
0.179047,0.125084,0.160047,2
0.12728,0.216177,0.0238021,2
0.169196,0.155259,0.0252978,2
0.1279,0.124219,0.00596355,2
0.191403,0.203376,0.0530669,2
0.176544,0.157374,0.061301,2
0.220358,0.12561,0.0358934,2
0.106349,0.203872,0.180356,2
0.178897,0.124512,0.111801,2
0.185227,0.120164,0.0652906,2
0.224213,0.166073,0.22201,2
0.138167,0.121491,0.191032,2
0.213009,0.105221,0.0849218,2
0.101242,0.0998784,0.175671,2
0.114232,0.100676,0.0213473,2
0.150124,0.0998499,0.029044,2
0.0633905,0.107114,0.120861,3
0.0833977,0.101255,0.141492,3
0.0777707,0.103809,0.120608,3
0.0864479,0.0289931,0.130713,3
0.095485,0.0434944,0.186446,3
0.0893147,0.103495,0.113678,3
0.0810239,0.113776,0.0097105,3
0.0954101,0.0517087,0.145227,3
0.078669,0.0523536,0.18838,3
0.0841175,0.0517817,0.193532,3
0.0694161,0.111374,0.0609119,3
0.0496731,0.0407996,0.0308861,3
0.00245732,0.0285845,0.0730949,3
0.0847536,0.10754,0.0968728,3
0.0931858,0.0601155,0.17237,3
0.0728903,0.037616,0.0638147,3
0.0840621,0.0117091,0.0174002,3
0.00303084,0.0345599,0.028661,3
0.0558218,0.102012,0.020573,3
0.0630665,0.0158833,0.0373209,3
0.00121073,0.090625,0.0105283,3
0.0132072,0.0258574,0.0425097,3
0.00631228,0.097772,0.0701059,3
0.0061227,0.0350659,0.0273823,3
0.0751155,0.0576579,0.100842,3
0.023569,0.00300384,0.107796,3
0.0718701,0.10241,0.119108,3
0.0923888,0.0948813,0.143898,3
0.0555374,0.0772388,0.13017,3
0.0699631,0.0241498,0.0894321,3
0.0116795,0.0989613,0.00305982,3
0.00211771,0.102888,0.014718,3
0.0465178,0.0210406,0.104591,3
0.0659653,0.0349422,0.0205543,3
0.0628665,0.0120209,0.0555941,3
0.00405271,0.0626616,0.0286424,3
0.0470142,0.0508759,0.0709057,3
0.0750921,0.0998637,0.00190767,3
0.0432335,0.0287269,0.143405,3
0.0170627,0.0315109,0.0724697,3
0.0314239,0.103474,0.0914075,3
0.0468661,0.0527867,0.206593,3
0.0656327,0.0880459,0.0201704,3
0.0644618,0.0990514,0.0708015,3
0.0466711,0.0789301,0.0626957,3
0.0936179,0.0789954,0.146147,3
0.0485803,0.0661433,0.0149634,3
0.0933163,0.0746578,0.0993627,3
0.00864177,0.0859156,0.142914,3
0.0323393,0.0820479,0.211104,3
0.0273611,0.0261401,0.198998,3
0.0556345,0.0159915,0.217395,3
0.0168606,0.0873452,0.199042,3
0.0450681,0.0127381,0.219779,3
0.0208477,0.0880549,0.186804,3
0.0203131,0.0730922,0.203458,3
0.0481182,0.0808149,0.137109,3
0.0832294,0.111414,0.012506,3
0.019065,0.0850286,0.218897,3
0.00424034,0.0282201,0.0188996,3
0.00532632,0.0965201,0.119702,3
0.0526485,0.027684,0.116575,3
0.00173297,0.0982273,0.151105,3
0.00417471,0.0011617,0.0367501,3
0.0529918,0.0985566,0.177684,3
0.0283283,0.0597109,0.0861027,3
0.0816827,0.0403337,0.0979582,3
0.054457,0.00339226,0.00787161,3
0.0612856,0.0811813,0.198201,3
0.0344865,0.0786475,0.1805,3
0.0791822,0.0330434,0.135202,3
0.00944459,0.0293298,0.00438331,3
0.0230975,0.0546687,0.0829287,3
0.0617779,0.00470438,0.173706,3
0.0209097,0.0868815,0.194087,3
0.0628426,0.0918031,0.0478617,3
0.0034569,0.0180594,0.0166598,3
0.0896258,0.100461,0.0929413,3
0.0773447,0.0780514,0.0875067,3
0.0573007,0.0248567,0.147473,3
0.046368,0.062346,0.0373144,3
0.0260856,0.0229048,0.18294,3
0.0109356,0.000886104,0.0910711,3
0.0539421,0.0722826,0.17163,3
0.0836872,0.0715983,0.0820452,3
0.096155,0.0386853,0.0802695,3
0.0641194,0.0863618,0.183795,3
0.060758,0.0978087,0.0911684,3
0.00996232,0.0770774,0.211856,3
0.0475391,0.0830172,0.160292,3
0.0491613,0.0862663,0.04702,3
0.0532238,0.0492157,0.0239658,3
0.0583608,0.0104455,0.191027,3
0.0294696,0.0521497,0.210747,3
0.0656603,0.00600871,0.077356,3
0.0325365,0.0817282,0.123214,3
0.0742769,0.081461,0.0340645,3
0.0079361,0.0913333,0.041459,3
0.0672591,0.020812,0.00928454,3
0.00664088,0.0629182,0.156862,3
0.0617881,0.0561548,0.0592318,3
0.0832001,0.0811526,0.0817872,3
0.00214901,0.00758913,0.0691221,3
0.0307475,0.0584865,0.138141,3
0.0320367,0.0733152,0.161359,3
0.0106583,0.0732631,0.0958275,3
0.0401773,0.0983449,0.106952,3
0.000789348,0.110104,0.155724,3
0.0323931,0.107924,0.163883,3
0.0426892,0.0422513,0.209285,3
0.0772342,0.104126,0.181823,3
0.00867778,0.108674,0.198897,3
0.0558518,0.119677,0.142478,3
0.0692846,0.120763,0.16056,3
0.0540468,0.0302514,0.205559,3
0.0383035,0.117257,0.180815,3
0.0258079,0.0686648,0.134156,3
0.0427429,0.0530874,0.127595,3
0.0358163,0.104221,0.136728,3
0.0806935,0.0439814,0.122215,3
0.057791,0.037039,0.17403,3
0.0461144,0.0414641,0.135416,3
0.00581981,0.0362393,0.110816,3
0.0971605,0.119524,0.0522725,3
0.0344089,0.110862,0.123757,3
0.0753539,0.117663,0.130424,3
0.0980652,0.0236348,0.157995,3
0.0744414,0.120688,0.171685,3
