x coord,y coord,z coord,rank
0.0161207,0.215368,0.120405,0
0.146312,0.16682,0.0908004,0
0.110074,0.210794,0.069686,0
0.0220807,0.218818,0.118319,0
0.173497,0.149473,0.0109072,0
0.0299396,0.141265,0.0441662,0
0.12483,0.131441,0.0474861,0
0.21046,0.133076,0.0910596,0
0.0941135,0.202566,0.0736344,0
0.0187476,0.215518,0.121425,0
0.200888,0.216937,0.0647475,0
0.211246,0.21402,0.100304,0
0.185844,0.19984,0.0717765,0
0.218224,0.173453,0.11777,0
0.22109,0.144643,0.0653548,0
0.199764,0.136168,0.105336,0
0.207968,0.183544,0.0692904,0
0.174694,0.146162,0.0914543,0
0.0164365,0.219004,0.12201,0
0.0363762,0.159041,0.0852753,0
0.0299568,0.171141,0.0885024,0
0.126602,0.216368,0.0593247,0
0.161147,0.194545,0.0602453,0
0.0274558,0.145266,0.0414793,0
0.150423,0.153079,0.106537,0
0.0199989,0.215548,0.12169,0
0.0165183,0.217349,0.117142,0
0.209834,0.133958,0.092878,0
0.0220516,0.214188,0.121365,0
0.0205482,0.215748,0.121734,0
0.17118,0.188102,0.0836039,0
0.101295,0.150132,0.0950814,0
0.218848,0.168155,0.105152,0
0.0212097,0.218618,0.121678,0
0.134864,0.182513,0.0997701,0
0.161301,0.206283,0.0785727,0
0.0261304,0.165248,0.0146432,0
0.0496954,0.161912,0.0771941,0
0.0329428,0.200384,0.0383501,0
0.166862,0.211094,0.0839349,0
0.114652,0.212196,0.112368,0
0.224469,0.223186,0.0300593,0
0.0133189,0.17659,0.11636,0
0.0401004,0.144296,0.0317861,0
0.164686,0.18795,0.0872287,0
0.189226,0.201354,0.0949305,0
0.014206,0.149827,0.0770331,0
0.165048,0.157098,0.0990656,0
0.0185216,0.215523,0.121912,0
0.167621,0.14033,0.114123,0
0.0173273,0.218413,0.120137,0
0.146987,0.150427,0.08627,0
0.0169473,0.210553,0.0806158,0
0.151597,0.150489,0.0469466,0
0.208512,0.204311,0.102205,0
0.0191022,0.215233,0.118755,0
0.113297,0.220763,0.0402077,0
0.174364,0.222746,0.0631223,0
0.0779346,0.192049,0.0543971,0
0.0136632,0.222429,0.0567479,0
0.212492,0.172203,0.104826,0
0.0361225,0.153721,0.0184798,0
0.0149226,0.220627,0.119713,0
0.136224,0.178014,0.0377275,0
0.224228,0.189823,0.0584926,0
0.0480983,0.134183,0.0236265,0
0.0661676,0.2181,0.106916,0
0.0953076,0.181837,0.00469514,0
0.117397,0.165671,0.0501217,0
0.222585,0.16431,0.0438358,0
0.175869,0.166207,0.0438433,0
0.0114373,0.196852,0.0699488,0
0.109181,0.172777,0.0800166,0
0.0555799,0.135724,0.00243582,0
0.138777,0.154663,0.0509604,0
0.173908,0.155311,0.00940488,0
0.16498,0.182459,0.0575079,0
0.182149,0.20676,0.118679,0
0.154826,0.158592,0.0704579,0
0.153515,0.221451,0.0893852,0
0.0495313,0.192801,0.0921584,0
0.141657,0.18438,0.0423337,0
0.0176791,0.143198,0.0211163,0
0.170969,0.143501,0.0234396,0
0.027707,0.220499,0.0966093,0
0.0493105,0.166104,0.0275793,0
0.111543,0.198259,0.000701949,0
0.0894101,0.190237,0.101957,0
0.0111235,0.164044,0.106482,0
0.120315,0.183652,0.112869,0
0.0541102,0.141354,0.00384511,0
0.218563,0.175243,0.0737626,0
0.0161723,0.221403,0.121533,0
0.173413,0.171896,0.048156,0
0.0187357,0.217847,0.117988,0
0.0235857,0.183876,0.00175762,0
0.0649032,0.195474,0.0363631,0
0.154818,0.149843,0.0578975,0
0.0499053,0.17711,0.0932711,0
0.20796,0.162296,0.0600978,0
0.000155879,0.156283,0.0100154,0
0.215224,0.163773,0.0216161,0
0.134192,0.191258,0.0842356,0
0.0742785,0.150742,0.0583196,0
0.00502012,0.147651,0.0292706,0
0.113232,0.157729,0.0431697,0
0.0541677,0.150242,0.059723,0
0.219707,0.171712,0.0203297,0
0.051673,0.197751,0.0550975,0
0.0965044,0.159959,0.0155084,0
0.0826595,0.197146,0.114589,0
0.200561,0.14774,0.0671999,0
0.159379,0.160365,0.0838568,0
0.019237,0.194942,0.0105083,0
0.088784,0.170033,0.0674748,0
0.0219097,0.20306,0.0863645,0
0.0190179,0.218334,0.1207,0
0.0636766,0.158499,0.10454,0
0.0159185,0.215576,0.11933,0
0.0160469,0.213859,0.120726,0
0.0375427,0.173553,0.120275,0
0.0143561,0.217229,0.121655,0
0.0175529,0.214853,0.126423,1
0.0192821,0.21165,0.127548,1
0.0224494,0.210603,0.122819,1
0.046092,0.141595,0.169078,1
0.0534269,0.21304,0.224356,1
0.0247725,0.179337,0.145669,1
0.070197,0.175426,0.223275,1
0.0215861,0.216363,0.124361,1
0.000436763,0.176345,0.196315,1
0.0862179,0.220763,0.123686,1
0.0323851,0.222701,0.192988,1
0.152236,0.165369,0.209387,1
0.0181106,0.217006,0.12408,1
0.143383,0.198747,0.17025,1
0.0340076,0.223608,0.195178,1
0.0253474,0.199025,0.147318,1
0.131737,0.15646,0.144444,1
0.0360964,0.14106,0.198494,1
0.0733395,0.145653,0.136017,1
0.0224378,0.203963,0.172496,1
0.123297,0.208615,0.220406,1
0.221286,0.221446,0.136076,1
0.0865146,0.184967,0.210158,1
0.0501429,0.156719,0.199916,1
0.0194856,0.2116,0.123552,1
0.203036,0.14711,0.169084,1
0.0212341,0.213774,0.123413,1
0.0328766,0.173513,0.190838,1
0.000846242,0.197372,0.186088,1
0.0245249,0.213422,0.123316,1
0.167644,0.180401,0.160574,1
0.106271,0.21579,0.185926,1
0.0707478,0.146714,0.130888,1
0.0115099,0.156162,0.207522,1
0.095221,0.201609,0.170842,1
0.214691,0.196373,0.150779,1
0.160176,0.181897,0.221931,1
0.15087,0.180616,0.193926,1
0.132316,0.160401,0.185658,1
0.128925,0.184333,0.155348,1
0.0429971,0.180402,0.127998,1
0.183172,0.151028,0.1492,1
0.0265753,0.188577,0.18897,1
0.0656887,0.193375,0.151222,1
0.174701,0.196366,0.178782,1
0.0734703,0.204386,0.185745,1
0.0992999,0.211405,0.204416,1
0.176699,0.198987,0.130479,1
0.104036,0.156426,0.186128,1
0.139491,0.166637,0.175064,1
0.156542,0.218907,0.135077,1
0.175399,0.209359,0.15895,1
0.164549,0.19634,0.136982,1
0.0911341,0.131035,0.208419,1
0.15547,0.186083,0.220703,1
0.203534,0.157679,0.203322,1
0.167242,0.154451,0.173647,1
0.0853296,0.195276,0.135005,1
0.075873,0.140463,0.202311,1
0.20564,0.15221,0.123471,1
0.153073,0.204947,0.17508,1
0.107778,0.140496,0.194499,1
0.0892356,0.182557,0.170255,1
0.197265,0.215966,0.202144,1
0.0487621,0.179442,0.178401,1
0.0250799,0.149646,0.201043,1
0.0793975,0.170416,0.200734,1
0.2123,0.159685,0.215371,1
0.0237194,0.21412,0.125039,1
0.0120703,0.183442,0.152257,1
0.0882491,0.201067,0.142359,1
0.00544278,0.194038,0.200565,1
0.0144436,0.218346,0.126698,1
0.037832,0.187621,0.150827,1
0.0545307,0.16655,0.169926,1
0.105863,0.218757,0.21359,1
0.157414,0.188688,0.209257,1
0.172042,0.140442,0.126711,1
0.0184221,0.216918,0.126978,1
0.207274,0.147767,0.158371,1
0.214308,0.201008,0.179885,1
0.0187222,0.216825,0.12653,1
0.167846,0.177564,0.163723,1
0.10821,0.156552,0.146083,1
0.0202214,0.218454,0.124652,1
0.0954086,0.178826,0.137149,1
0.016133,0.211796,0.127067,1
0.021972,0.154262,0.132049,1
0.00793741,0.142456,0.188646,1
0.0354666,0.131866,0.192232,1
0.212546,0.149819,0.146379,1
0.143815,0.1878,0.164308,1
0.0874988,0.214164,0.201145,1
0.0533879,0.157847,0.171076,1
0.214072,0.166106,0.172355,1
0.146484,0.191524,0.180033,1
0.0177494,0.217305,0.127037,1
0.184397,0.159843,0.200481,1
0.141336,0.134302,0.170809,1
0.016751,0.212746,0.123312,1
0.0198667,0.217177,0.127734,1
0.137003,0.161145,0.196955,1
0.193273,0.138691,0.189965,1
0.0157055,0.212861,0.127031,1
0.0487345,0.133005,0.135016,1
0.0249608,0.215451,0.127723,1
0.149602,0.184254,0.200425,1
0.192366,0.150445,0.164729,1
0.0284688,0.168076,0.177282,1
0.14484,0.138741,0.186089,1
0.130116,0.141112,0.193652,1
0.193977,0.145984,0.196125,1
0.01554,0.220462,0.127155,1
0.0206524,0.218121,0.122631,1
0.116077,0.14929,0.156303,1
0.00866184,0.142018,0.134181,1
0.0834974,0.144452,0.125327,1
0.024664,0.212327,0.123313,1
0.0162861,0.216349,0.123738,1
0.0174734,0.217998,0.179949,1
0.058294,0.152903,0.168709,1
0.0176015,0.213404,0.124337,1
0.0186107,0.213011,0.124462,1
0.019879,0.213587,0.122612,1
0.0250239,0.218946,0.122446,1
0.115738,0.000142117,0.0846533,2
0.12121,0.0677624,0.00995263,2
0.0650654,0.130291,0.0389325,2
0.21976,0.0433775,0.0306688,2
0.0136467,0.120542,0.0465987,2
0.15749,0.0156494,0.0128501,2
0.0822358,0.120112,0.0942207,2
0.0605406,0.0988804,0.0770606,2
0.10995,0.0371892,0.00599817,2
0.172187,0.130022,0.0846672,2
0.0399533,0.104112,0.0132395,2
0.101014,0.128787,0.0175409,2
0.13905,0.0704196,0.0659452,2
0.0710789,0.0674786,0.090626,2
0.216985,0.0310133,0.0990521,2
0.07395,0.101981,0.0320834,2
0.171071,0.0694893,0.0619179,2
0.0388599,0.0714676,0.101395,2
0.148487,0.0547042,0.102432,2
0.159092,0.0565821,0.0538305,2
0.0676316,0.0952942,0.048599,2
0.0533004,0.0386914,0.0525154,2
0.163161,0.122017,0.0654264,2
0.042454,0.111926,0.0642964,2
0.217031,0.036563,0.0870393,2
0.0701775,0.0732845,0.0251872,2
0.00423081,0.0519112,0.0878301,2
0.0864697,0.0234588,0.0515405,2
0.0238091,0.0639671,0.0268307,2
0.168599,0.111597,0.0116811,2
0.204384,0.0511879,0.0087345,2
0.0102406,0.0730642,0.016095,2
0.208467,0.0488129,0.0723418,2
0.210017,0.0209208,0.0296997,2
0.216711,0.101356,0.0700434,2
0.204654,0.0410937,0.0121415,2
0.057587,0.102558,0.0767063,2
0.0534163,0.0947805,0.0838441,2
0.057042,0.0370106,0.057486,2
0.123879,0.0116148,0.0120858,2
0.0403875,0.0887574,0.0887673,2
0.120631,0.0302122,0.0436604,2
0.179443,0.0269973,0.0856502,2
0.0184322,0.0161399,0.0708447,2
0.0502875,0.0508191,0.078817,2
0.193326,0.042692,0.00909101,2
0.187395,0.0408818,0.0818706,2
0.146749,0.0808656,0.0526155,2
0.193705,0.028511,0.0909819,2
0.00509957,0.0216609,0.0620686,2
0.0317319,0.0363014,0.0981243,2
0.0857829,0.0167799,0.0257511,2
0.217252,0.0382396,0.0267033,2
0.168378,0.0132315,0.0505016,2
0.12764,9.26151e-05,0.0843691,2
0.0156741,0.0108548,0.095503,2
0.202091,0.0293889,0.0462132,2
0.154351,0.0840405,0.062275,2
0.0297306,0.100225,0.0103754,2
0.104929,0.035765,0.0122273,2
0.157099,0.0361298,0.0997696,2
0.163626,0.100812,0.0264113,2
0.00970304,0.032375,0.0726919,2
0.0177593,0.113401,0.0703473,2
0.154141,0.0112672,0.0362352,2
0.218678,0.0748379,0.0366158,2
0.0354364,0.0909056,0.0651907,2
0.0120586,0.0620536,0.0699078,2
0.0215914,0.00767017,0.0436083,2
0.0148225,0.0993728,0.0817004,2
0.174791,0.0643634,0.0978281,2
0.11175,0.0550475,0.0366504,2
0.0247597,0.00860554,0.0263985,2
0.0271385,0.10213,0.0151938,2
0.210771,0.0289015,0.0698892,2
0.179833,4.10432e-05,0.0480289,2
0.0344629,0.0536519,0.103089,2
0.0305943,0.0109703,0.0892519,2
0.064882,0.0322571,0.0294457,2
0.011641,0.0188596,0.0482734,2
0.153511,0.110422,0.0152822,2
0.0764492,0.0817653,0.0679705,2
0.0807182,0.0554881,2.8004e-05,2
0.0925284,0.0416501,0.0671025,2
0.147957,0.0398327,0.0308411,2
0.10218,0.0923913,0.071905,2
0.0232612,0.0674104,0.0536635,2
0.0958419,0.0852501,0.0496626,2
0.180069,0.0777608,0.0884629,2
0.0803473,0.0247961,0.00505005,2
0.162699,0.0342852,0.0262228,2
0.0626656,0.0882452,0.00544975,2
0.0317995,0.0365028,0.0539727,2
0.0745904,0.110433,0.0214274,2
0.197362,0.110434,0.0341945,2
0.15885,0.0120046,0.04396,2
0.0671239,0.0766565,0.0297209,2
0.152951,0.0668312,0.040684,2
0.0531935,0.0275567,0.0456419,2
0.0844533,0.0265612,0.0992022,2
0.044332,0.0522299,0.0163843,2
0.149545,0.119089,0.0656126,2
0.0386863,0.0159351,0.0754725,2
0.0381458,0.124628,0.00619233,2
0.190368,0.0518869,0.0304645,2
0.0226168,0.0419376,0.00189469,2
0.0760145,0.0779861,0.0817206,2
0.0507055,0.0254773,0.0479767,2
0.117222,0.107031,0.0866353,2
0.0119407,0.123942,0.0915229,2
0.177163,0.121083,0.0515633,2
0.123953,0.0405148,0.0624629,2
0.170338,0.0273398,0.0861299,2
0.223601,0.129553,0.0249288,2
0.104377,0.109419,0.0142915,2
0.0225061,0.0043999,0.101581,2
0.142854,0.0228927,0.00137621,2
0.100861,0.121574,0.0605443,2
0.184643,0.0237685,0.0370025,2
0.176797,0.129011,0.100001,2
0.0702287,0.0869818,0.0344443,2
0.130429,0.105207,0.0354555,2
0.106559,0.0350799,0.0542021,2
0.105496,0.115635,0.00292203,2
0.187493,0.113758,0.00492268,2
0.0736401,0.0620565,0.0976766,2
0.189905,0.100848,0.102371,2
0.0130548,0.129712,0.0733371,2
0.0989769,0.0188563,0.104153,2
0.0349265,0.0306729,0.133907,3
0.0192202,0.0271115,0.141544,3
0.199646,0.125666,0.155176,3
0.169521,0.122775,0.131505,3
0.0289028,0.128879,0.207127,3
0.0671982,0.0781639,0.124465,3
0.12191,0.041869,0.14285,3
0.218509,0.102829,0.194785,3
0.172084,0.109283,0.140567,3
0.138578,0.0904023,0.159612,3
0.170418,0.108905,0.125758,3
0.114133,0.0500303,0.224255,3
0.151417,0.0229222,0.188363,3
0.0443703,0.0277776,0.139703,3
0.0561564,0.0548182,0.147901,3
0.101743,0.028634,0.173044,3
0.126867,0.017436,0.137108,3
0.151615,0.0712617,0.132835,3
0.167659,0.00167865,0.143935,3
0.214006,0.0152856,0.22155,3
0.0305267,0.0076686,0.206775,3
0.207032,0.0429732,0.107765,3
0.0320787,0.0478454,0.209394,3
0.0746707,0.076435,0.201242,3
0.0353839,0.0414829,0.192724,3
0.211374,0.0223372,0.195414,3
0.221138,0.0784304,0.166969,3
0.186872,0.104196,0.15721,3
0.214005,0.0955873,0.213501,3
0.167502,0.107811,0.122443,3
0.0793138,0.0875327,0.133935,3
0.152749,0.0854719,0.182165,3
0.0734167,0.00305382,0.144644,3
0.0961435,0.0883124,0.202163,3
0.114861,0.0159199,0.191953,3
0.105388,0.0957759,0.185149,3
0.0331035,0.0433687,0.203604,3
0.215494,0.0668762,0.117865,3
0.214105,0.0225291,0.209064,3
0.0408765,0.0942423,0.13829,3
0.0734377,0.104279,0.164228,3
0.0377608,0.0381908,0.185206,3
0.200586,0.0614311,0.120464,3
0.0252041,0.00989174,0.133154,3
0.174722,0.043706,0.106157,3
0.179906,0.12834,0.19915,3
0.071983,0.0214031,0.19053,3
0.0274334,0.042016,0.219188,3
0.13643,0.049698,0.168551,3
0.214397,0.00833735,0.129993,3
0.152321,0.101131,0.118551,3
0.0416152,0.0775941,0.171615,3
0.183344,0.0378021,0.147112,3
0.163019,0.0511956,0.121769,3
0.184272,0.0424913,0.17319,3
0.217869,0.108221,0.113018,3
0.09971,0.101929,0.201559,3
0.0755909,0.00823124,0.17561,3
0.115943,0.0404432,0.158905,3
0.0878632,0.0927048,0.203668,3
0.138718,0.0197535,0.127321,3
0.0767535,0.128542,0.1466,3
0.00644345,0.0718172,0.117831,3
0.0235229,0.114373,0.118036,3
0.0325144,0.122658,0.170637,3
0.161714,0.12399,0.172422,3
0.138829,0.108235,0.129736,3
0.172484,0.0284516,0.175952,3
0.0294751,0.0104516,0.125764,3
0.0416473,0.0177369,0.114213,3
0.110212,0.107356,0.158043,3
0.00523456,0.0956185,0.210611,3
0.168273,0.0948834,0.190428,3
0.0540657,0.0281908,0.153535,3
0.167097,0.126761,0.196357,3
0.0138405,0.101784,0.121932,3
0.0968274,0.0395915,0.115096,3
0.0596466,0.121479,0.190185,3
0.196772,0.100028,0.16424,3
0.16374,0.0448489,0.167478,3
0.0175848,0.0486171,0.144797,3
0.0710148,0.00423918,0.173538,3
0.0665344,0.0398714,0.209165,3
0.0985508,0.0222595,0.158384,3
0.0363439,0.0298512,0.187695,3
0.219308,0.0263163,0.108572,3
0.0901986,0.0513506,0.18045,3
0.0163501,0.0578382,0.12383,3
0.160665,0.0759713,0.186138,3
0.0857166,0.00564163,0.149762,3
0.00314914,0.115738,0.185819,3
0.0505039,0.092299,0.210667,3
0.0398434,0.0645065,0.205267,3
0.141759,0.00953662,0.127533,3
0.00821665,0.117892,0.149002,3
0.0314761,0.0310058,0.128484,3
0.0197016,0.116445,0.205032,3
0.188646,0.0950403,0.10751,3
0.0715489,0.00947399,0.142378,3
0.185039,0.014304,0.172635,3
0.113708,0.0487567,0.178678,3
0.140176,0.0418306,0.161735,3
0.0730528,0.0654929,0.14615,3
0.140757,0.0859614,0.203084,3
0.137415,0.070155,0.129618,3
0.024156,0.0905135,0.136711,3
0.141768,0.0256186,0.130023,3
0.214722,0.116093,0.139553,3
0.101767,0.0449889,0.181691,3
0.0336729,0.0345567,0.121631,3
0.0872243,0.0452747,0.171556,3
0.0818292,0.0950544,0.118495,3
0.183542,0.00344684,0.224952,3
0.133922,0.0877485,0.157177,3
0.0719453,0.0946465,0.202007,3
0.0841331,0.113861,0.206233,3
0.0731871,0.00109004,0.182155,3
0.0756375,0.129457,0.144918,3
0.161281,0.120317,0.214868,3
0.0694022,0.00800326,0.172974,3
0.189966,0.117665,0.189977,3
0.090231,0.0940845,0.21284,3
0.188547,0.100278,0.124025,3
0.198076,0.0859106,0.106819,3
