x coord,y coord,z coord,rank
0.0801628,0.122717,0.00789734,0
0.0808701,0.121307,0.0920052,0
0.0813439,0.120619,0.066134,0
0.0968417,0.137959,0.0972133,0
0.079405,0.0456217,0.0570096,0
0.0804013,0.148339,0.0908492,0
0.000652784,0.1255,0.0662961,0
0.0339233,0.172079,0.0575395,0
0.0741494,0.204263,0.0748914,0
0.0757426,0.0714415,0.0937056,0
0.0657412,0.0151975,0.0547922,0
0.0226322,0.15353,0.0426392,0
0.0198326,0.132244,0.0603324,0
0.0338032,0.133875,0.0459994,0
0.0335572,0.172691,0.0500999,0
0.00625444,0.0757441,0.0923458,0
0.00783754,0.188688,0.0740104,0
0.0641038,0.104858,0.0957001,0
0.057529,0.212109,0.0154248,0
0.0791335,0.223861,0.0084005,0
0.0205509,0.0400854,0.0948915,0
0.0717706,0.117,0.0603527,0
0.0991718,0.069044,0.0672493,0
0.0220202,0.156671,0.0444395,0
0.0933889,0.022769,0.0889275,0
0.034495,0.0753778,0.0188867,0
0.0235497,0.183934,0.0771856,0
0.0175981,0.205748,0.0750068,0
0.0896922,0.00495231,0.0328216,0
0.0373912,0.141144,0.085325,0
0.0632918,0.032123,0.0226269,0
0.101549,0.142087,0.0991293,0
0.088229,0.20812,0.0711743,0
0.0168951,0.0660585,0.0773897,0
0.102784,0.141945,0.0951257,0
0.0575643,0.107701,0.0998836,0
0.0989437,0.117672,0.0744564,0
0.0586632,0.0128728,0.0689005,0
0.0298714,0.213547,0.0143521,0
0.0802091,0.215701,0.0531816,0
0.0519222,0.0482033,0.0200008,0
0.0201478,0.0924622,0.045431,0
0.102661,0.137867,0.0978204,0
0.0985397,0.142135,0.100177,0
0.0766305,0.168573,0.0366396,0
0.0852377,0.192399,0.0911071,0
0.0683758,0.183482,0.0550062,0
0.0951242,0.202351,0.0668551,0
0.0939642,0.215998,0.0058271,0
0.0141617,0.136657,0.014536,0
0.0356811,0.168957,0.101269,0
0.00948887,0.132214,0.0249189,0
0.0321694,0.0591957,0.0906133,0
0.0274261,0.082819,0.0382599,0
0.0249052,0.0220047,0.0851042,0
0.0610326,0.121863,0.0248991,0
0.0207813,0.0724557,0.0260081,0
0.0444268,0.114658,0.0422074,0
0.0782163,0.161623,0.0648841,0
0.0816178,0.156883,0.0223108,0
0.0776401,0.0551619,0.0708505,0
0.014757,0.124815,0.00104318,0
0.103605,0.140885,0.102021,0
0.0728086,0.206728,0.0267721,0
0.0936756,0.0235266,0.0643286,0
0.0711243,0.0361663,0.0196853,0
0.0521823,0.122041,0.0542798,0
0.0824144,0.114775,0.0265227,0
0.0924018,0.120842,0.0586351,0
0.0392488,0.0118813,0.0185091,0
0.101733,0.138471,0.0991856,0
0.0854172,0.165572,0.0679081,0
0.0235338,0.0352204,0.0905587,0
0.0809353,0.179932,0.0152745,0
0.00978482,0.185177,0.0725629,0
0.0561899,0.184235,0.0781761,0
0.0253254,0.185728,0.0139676,0
0.040719,0.0632951,0.00536339,0
0.0989017,0.134576,0.0973176,0
0.102303,0.142046,0.0999237,0
0.00141364,0.00679612,0.0143446,0
0.0333992,0.0456227,0.0394942,0
0.103517,0.133031,0.0981514,0
0.0781062,0.215158,0.0915791,0
0.00597267,0.0244265,0.0180493,0
0.0695053,0.21578,0.0713797,0
0.0496931,0.186955,0.0792661,0
0.0715897,0.218302,0.032902,0
0.101448,0.138436,0.0997519,0
0.0818005,0.2171,0.048125,0
0.026325,0.134865,0.00710672,0
0.0168929,0.126287,0.100367,0
0.0249392,0.0320569,0.0136891,0
0.0204518,0.0730221,0.0252791,0
0.0562581,0.22422,0.0796474,0
0.0856215,0.029133,0.014578,0
0.0697896,0.139604,0.0186487,0
0.0532972,0.00674266,0.0343259,0
0.100828,0.0775126,0.100642,0
0.102433,0.141685,0.10057,0
0.0906709,0.18183,0.0719307,0
0.0711285,0.189622,0.062781,0
0.0396236,0.0250495,0.0818687,0
0.0532414,0.13984,0.0917408,0
0.0912802,0.0296823,0.0491539,0
0.0226418,0.123989,0.0933652,0
0.0734416,0.0940899,0.0538138,0
0.0120184,0.00276729,0.0436066,0
0.100364,0.142895,0.101485,0
0.0642773,0.120362,0.0461332,0
0.0451396,0.202994,0.00833654,0
0.00718014,0.167585,0.0225364,0
0.0728336,0.031417,0.0859987,0
0.0443262,0.0752783,0.0833577,0
0.0976539,0.163877,0.0344248,0
0.0280353,0.0543507,0.0640973,0
0.016368,0.027764,0.0300007,0
0.10188,0.137184,0.0985801,0
0.102526,0.136086,0.101997,0
0.101744,0.137146,0.100478,0
0.100299,0.13797,0.0981121,0
0.103518,0.137168,0.101356,0
0.100733,0.143051,0.10149,0
0.0999747,0.121077,0.0281612,0
0.103581,0.138499,0.101241,0
0.101002,0.13514,0.0967043,0
0.101818,0.130321,0.0984334,0
0.21243,0.170353,0.117486,1
0.149814,0.104912,0.171165,1
0.19713,0.0188864,0.172077,1
0.210528,0.01443,0.215111,1
0.15943,0.135315,0.177645,1
0.191906,0.0608732,0.172618,1
0.119266,0.193609,0.107858,1
0.197317,0.0343179,0.133658,1
0.169984,0.118766,0.178793,1
0.128929,0.0675746,0.184312,1
0.209762,0.184346,0.14925,1
0.19465,0.205435,0.176985,1
0.212412,0.0129305,0.148238,1
0.153855,0.145757,0.157138,1
0.157718,0.110073,0.138869,1
0.175812,0.194512,0.174029,1
0.221164,0.148525,0.216778,1
0.190498,0.160312,0.129194,1
0.151317,0.170165,0.152016,1
0.121093,0.216398,0.152953,1
0.108495,0.0290944,0.143495,1
0.147884,0.100007,0.122356,1
0.117154,0.019381,0.156979,1
0.149981,0.146974,0.144567,1
0.22214,0.222075,0.128863,1
0.141441,0.03434,0.149738,1
0.208135,0.143381,0.17569,1
0.16627,0.00559584,0.105102,1
0.156237,0.189056,0.126049,1
0.169414,0.0363446,0.174447,1
0.216572,0.182028,0.137585,1
0.155291,0.0495331,0.166983,1
0.123878,0.000513607,0.201486,1
0.172825,0.0316188,0.223845,1
0.174069,0.111795,0.137282,1
0.197949,0.145421,0.141447,1
0.106565,0.137635,0.104447,1
0.147209,0.110551,0.202975,1
0.111713,0.163148,0.115228,1
0.112762,0.05389,0.15849,1
0.161947,0.0208212,0.136803,1
0.15833,0.128049,0.150654,1
0.172314,0.117584,0.208868,1
0.173256,0.14515,0.146813,1
0.156389,0.0694604,0.123456,1
0.127548,0.0541808,0.212374,1
0.184172,0.155599,0.21506,1
0.177925,0.185606,0.124384,1
0.203398,0.0373659,0.191016,1
0.201139,0.0398259,0.223915,1
0.125377,0.20878,0.214989,1
0.220589,0.0249263,0.224653,1
0.11342,0.0483359,0.194899,1
0.107179,0.0631142,0.157834,1
0.132856,0.0678116,0.106839,1
0.210205,0.186583,0.181779,1
0.132443,0.0669796,0.186444,1
0.174456,0.0953926,0.156389,1
0.136025,0.131989,0.114359,1
0.121722,0.0206163,0.159532,1
0.113025,0.144547,0.151031,1
0.221233,0.178805,0.12077,1
0.156407,0.0692874,0.209325,1
0.144807,0.0213012,0.146136,1
0.19781,0.206792,0.211486,1
0.152865,0.0502085,0.181719,1
0.215398,0.061722,0.213154,1
0.154449,0.160696,0.128049,1
0.105838,0.0253175,0.121938,1
0.117002,0.185639,0.201892,1
0.165816,0.208579,0.106401,1
0.116723,0.103588,0.153643,1
0.200743,0.0070037,0.158058,1
0.145245,0.183483,0.127734,1
0.11989,0.0126995,0.145426,1
0.137007,0.0521563,0.168871,1
0.216526,0.221337,0.204846,1
0.10947,0.151773,0.139436,1
0.127721,0.00646645,0.223236,1
0.122603,0.220188,0.22188,1
0.200279,0.0113445,0.220829,1
0.174242,0.166289,0.170879,1
0.172054,0.142534,0.196175,1
0.121454,0.0288562,0.158192,1
0.180156,0.169153,0.184643,1
0.18729,0.208399,0.194937,1
0.220643,0.217695,0.153239,1
0.135249,0.118971,0.155917,1
0.171082,0.19421,0.13427,1
0.173294,0.0961664,0.159532,1
0.201997,0.0519767,0.218174,1
0.197774,0.151401,0.142522,1
0.178955,0.179428,0.139731,1
0.16887,0.0332774,0.157264,1
0.127919,0.106264,0.205181,1
0.10739,0.134761,0.107427,1
0.107497,0.051684,0.203732,1
0.210441,0.16979,0.173615,1
0.190975,0.0166827,0.140259,1
0.12984,0.083928,0.112352,1
0.194854,0.115633,0.220079,1
0.156092,0.00438754,0.205052,1
0.124049,0.118701,0.223715,1
0.120922,0.0209126,0.154854,1
0.119775,0.00958934,0.103197,1
0.185906,0.0482867,0.119918,1
0.145982,0.0390523,0.113042,1
0.156141,0.0171318,0.18092,1
0.165672,0.197162,0.204478,1
0.111217,0.0807946,0.212183,1
0.118141,0.033725,0.152245,1
0.201703,0.0265781,0.174788,1
0.11277,0.100916,0.181455,1
0.159209,0.0821224,0.190621,1
0.204201,0.00764279,0.218091,1
0.165895,0.0756968,0.202631,1
0.203578,0.0782056,0.211339,1
0.185379,0.0356173,0.135266,1
0.204184,0.0985041,0.157923,1
0.111254,0.125265,0.121746,1
0.162393,0.109108,0.210625,1
0.105315,0.142795,0.10362,1
0.104245,0.139232,0.10357,1
0.10436,0.141543,0.103598,1
0.105396,0.136939,0.10308,1
0.164916,0.126929,0.101174,2
0.224086,0.104687,0.0398456,2
0.161523,0.110254,0.048213,2
0.112553,0.110793,0.0508784,2
0.10553,0.142861,0.0946414,2
0.110973,0.142922,0.094802,2
0.108908,0.140005,0.0961889,2
0.10767,0.141061,0.0992022,2
0.112947,0.118039,0.0444117,2
0.201661,0.0873068,0.0160046,2
0.161113,0.0822795,0.0510809,2
0.134041,0.175721,0.0926922,2
0.112624,0.144446,0.101283,2
0.178705,0.0586218,0.0992758,2
0.105934,0.140998,0.100397,2
0.222135,0.0512946,0.0293125,2
0.126273,0.0254866,0.0435265,2
0.178121,0.149053,0.100373,2
0.224476,0.0732097,0.0965329,2
0.118769,0.0327284,0.0014802,2
0.114043,0.093036,0.0951518,2
0.107378,0.136949,0.0976825,2
0.184925,0.0186311,0.0730707,2
0.117765,0.188624,0.020991,2
0.16041,0.170762,0.0132207,2
0.141352,0.115401,0.0370244,2
0.106057,0.137007,0.101204,2
0.185447,0.080946,0.00354219,2
0.208984,0.0972,0.00155317,2
0.188307,0.00499634,0.0589228,2
0.210561,0.156356,0.0957205,2
0.116779,0.187969,0.0223027,2
0.153359,0.152734,0.0168292,2
0.208233,0.132406,0.0218371,2
0.182834,0.0161422,0.0407765,2
0.187886,0.0852023,0.0385173,2
0.106752,0.138386,0.0998527,2
0.208391,0.199459,0.0924199,2
0.206775,0.123921,0.0802028,2
0.177122,0.11067,0.0590818,2
0.105987,0.139907,0.0967881,2
0.128053,0.0282411,0.0436454,2
0.109616,0.141107,0.10127,2
0.177735,0.155708,0.056314,2
0.217257,0.0994251,0.0160778,2
0.111111,0.137819,0.0972094,2
0.172601,0.0070019,0.0555525,2
0.158898,0.140577,0.0738127,2
0.154598,0.155286,0.07567,2
0.201998,0.13707,0.0415151,2
0.212224,0.0948107,0.0389686,2
0.146224,0.00569745,0.033292,2
0.109888,0.188678,0.049786,2
0.191193,0.0703258,0.0142364,2
0.117856,0.192742,0.0211389,2
0.174991,0.179367,0.0479621,2
0.182198,0.144385,0.0262971,2
0.191447,0.147122,0.0263552,2
0.186597,0.0936373,0.0753399,2
0.184357,0.150325,0.0319359,2
0.164782,0.00441556,0.00202518,2
0.132108,0.00602019,0.0907242,2
0.172386,0.0906837,0.020997,2
0.178467,0.0264083,0.0455268,2
0.108941,0.0973044,0.000872955,2
0.166237,0.0320183,0.0389122,2
0.107785,0.214798,0.0225885,2
0.123835,0.0619804,0.0285731,2
0.211928,0.150008,0.0381605,2
0.193187,0.0945564,0.0384381,2
0.187053,0.0900697,0.0122981,2
0.165828,0.0862619,0.0149018,2
0.106349,0.140899,0.0951983,2
0.159224,0.220298,0.0730121,2
0.125048,0.167884,0.084897,2
0.206365,0.161897,0.0829824,2
0.139876,0.147993,0.0427414,2
0.106651,0.133835,0.102717,2
0.106404,0.081518,0.102057,2
0.108839,0.0705399,0.0563515,2
0.176748,0.0576221,0.0102474,2
0.178793,0.0301922,0.0707931,2
0.104893,0.135761,0.0976358,2
0.104449,0.13781,0.0969446,2
0.128372,0.194012,0.0403133,2
0.185566,0.195107,0.0243488,2
0.164826,0.161332,0.023808,2
0.13431,0.087839,0.00797135,2
0.123155,0.0702608,0.0111448,2
0.218332,0.073318,0.0967553,2
0.207625,0.0273479,0.0271767,2
0.159522,0.0871076,0.0993189,2
0.116212,0.183021,0.0826396,2
0.193159,0.0780267,0.06296,2
0.221938,0.11676,0.00229063,2
0.136754,0.0173118,0.082978,2
0.106503,0.143353,0.100142,2
0.108863,0.138119,0.0948964,2
0.107908,0.13521,0.0997347,2
0.170481,0.218184,0.0662793,2
0.18902,0.0934113,0.0274042,2
0.109503,0.144587,0.100885,2
0.107273,0.13932,0.0971136,2
0.121301,0.0784685,0.0487713,2
0.138565,0.0591166,0.0159628,2
0.142904,0.0907804,0.00300018,2
0.10536,0.141853,0.0995719,2
0.142607,0.041654,0.0794153,2
0.105758,0.135685,0.0983995,2
0.216712,0.12194,0.0290792,2
0.136774,0.181236,0.0722843,2
0.115953,0.153579,0.0660082,2
0.113951,0.137908,0.0971997,2
0.105201,0.140894,0.0988553,2
0.104925,0.192938,0.0744597,2
0.109995,0.209197,0.0734403,2
0.105299,0.136382,0.0990635,2
0.114987,0.20308,0.075172,2
0.200235,0.113236,0.0360914,2
0.111524,0.14129,0.0983596,2
0.106394,0.141218,0.102031,2
0.109127,0.136265,0.099255,2
0.105776,0.140672,0.0973139,2
0.1044,0.136959,0.0917767,2
0.104299,0.138509,0.0990761,2
0.0251628,0.0989589,0.19732,3
0.0460335,0.138083,0.136017,3
0.0256856,0.0233374,0.210205,3
0.0273943,0.037131,0.105913,3
0.00214853,0.201694,0.178519,3
0.0350526,0.0424189,0.18226,3
0.0387406,0.187554,0.219713,3
0.0968008,0.188583,0.110263,3
0.0391964,0.13327,0.152421,3
0.0134042,0.0976094,0.140323,3
0.0562344,0.184805,0.206551,3
0.0573632,0.120171,0.116698,3
0.0142133,0.222965,0.124133,3
0.0699248,0.205832,0.11762,3
0.0318508,0.0521087,0.119994,3
0.102897,0.135516,0.103841,3
0.0886372,0.171962,0.199355,3
0.0594255,0.120345,0.13031,3
0.0810955,0.112521,0.145519,3
0.0102697,0.199592,0.181054,3
0.0777761,0.111563,0.220406,3
0.0110827,0.00883075,0.189433,3
0.0408907,0.181913,0.127828,3
0.0226986,0.179597,0.136651,3
0.041425,0.0822765,0.133299,3
0.095405,0.0496393,0.210952,3
0.0964686,0.215469,0.214397,3
0.056543,0.166027,0.181972,3
0.0244591,0.1828,0.149781,3
0.0402982,0.0646063,0.188083,3
0.0777275,0.0627842,0.130042,3
0.0218316,0.0952673,0.131444,3
0.0364944,0.130476,0.213996,3
0.0702927,0.0936321,0.203827,3
0.0254186,0.00656506,0.176476,3
0.0668019,0.0871223,0.164365,3
0.0848712,0.077538,0.215187,3
0.103125,0.141457,0.102669,3
0.0641641,0.0738581,0.1917,3
0.0460737,0.0500365,0.220554,3
0.00942697,0.112595,0.192141,3
0.0038182,0.220226,0.147953,3
0.0746123,0.146058,0.173345,3
0.0397653,0.186341,0.223358,3
0.0547793,0.192635,0.109823,3
0.0293758,0.00331927,0.121058,3
0.0822551,0.176292,0.146238,3
0.0942671,0.224103,0.202696,3
0.00940014,0.0620789,0.181403,3
0.10015,0.0881389,0.114199,3
0.0694098,0.203987,0.185251,3
0.0953373,0.148572,0.155394,3
0.0388703,0.218232,0.119467,3
0.0717115,0.18646,0.216521,3
0.0963207,0.124683,0.207214,3
0.103414,0.184976,0.202077,3
0.00679972,0.125539,0.210641,3
0.0611959,0.160002,0.143491,3
0.0690268,0.205873,0.187216,3
0.0152492,0.0108651,0.215024,3
0.0871545,0.210444,0.132388,3
0.0528045,0.0911004,0.157516,3
0.0791865,0.0449835,0.221594,3
0.0524185,0.0413872,0.218548,3
0.0941822,0.0131131,0.211714,3
0.0243023,0.142123,0.129397,3
0.0640855,0.0043692,0.145513,3
0.0233213,0.124586,0.182698,3
0.0768127,0.079986,0.183708,3
0.0945123,0.0235329,0.218788,3
0.0576015,0.0142374,0.171349,3
0.0507561,0.22322,0.221526,3
0.0795294,0.0347941,0.131173,3
0.0374986,0.174894,0.176012,3
0.0908354,0.164497,0.223895,3
0.089498,0.0922668,0.148177,3
0.0426131,0.14793,0.181931,3
0.10198,0.0217959,0.169626,3
0.0462818,0.147467,0.112624,3
0.0272086,0.219471,0.114436,3
0.060855,0.0452496,0.103412,3
0.0264931,0.0245755,0.223084,3
0.0243312,0.103129,0.21911,3
0.0751535,0.0819447,0.135005,3
0.0956626,0.0587948,0.183761,3
0.00826813,0.152973,0.169369,3
0.0376333,0.0547617,0.194882,3
0.0227366,0.117702,0.218551,3
0.0486435,0.169135,0.191863,3
0.0149359,0.0582391,0.205051,3
0.0775016,0.197517,0.200065,3
0.0790375,0.204291,0.12911,3
0.0690064,0.0447751,0.22048,3
0.033489,0.0622099,0.153263,3
0.0515685,0.0895014,0.168314,3
0.0754567,0.0443382,0.224177,3
0.0581435,0.139521,0.19857,3
0.0605458,0.0162999,0.205483,3
0.0675367,0.0667766,0.156386,3
0.0217511,0.22308,0.216251,3
0.0933055,0.201971,0.111029,3
0.00974326,0.114539,0.140646,3
0.00360332,0.00348561,0.223309,3
0.0867916,0.212759,0.115098,3
0.00570362,0.140996,0.126517,3
0.00626876,0.12093,0.144336,3
0.0285438,0.107013,0.158771,3
0.0419695,0.114563,0.146017,3
0.0265415,0.0418226,0.147046,3
0.0717345,0.00575864,0.200315,3
0.0743153,0.0787391,0.134708,3
0.0469983,0.0697628,0.186396,3
0.0175712,0.0190881,0.221705,3
0.0967073,0.0237304,0.167565,3
0.0739567,0.078195,0.222534,3
0.0174357,0.0895438,0.122152,3
0.0134115,0.103891,0.152772,3
0.0900558,0.155687,0.127867,3
0.0190163,0.063049,0.144038,3
0.0297783,0.0349248,0.105747,3
0.024929,0.010484,0.186708,3
0.0807533,0.0847519,0.192703,3
0.0361618,0.0781661,0.168333,3
