x coord,y coord,z coord,rank
0.0314384,0.196882,0.200937,0
0.0258321,0.191196,0.220731,0
0.166212,0.172068,0.197598,0
0.0585206,0.112574,0.159028,0
0.0537549,0.224439,0.127151,0
0.107913,0.191002,0.18894,0
0.131285,0.114459,0.125553,0
0.215546,0.14893,0.213253,0
0.0194364,0.139232,0.143891,0
0.142395,0.160324,0.124824,0
0.103338,0.218072,0.116379,0
0.105159,0.126036,0.11459,0
0.169094,0.18849,0.117767,0
0.0480407,0.217762,0.196164,0
0.0910713,0.193495,0.164741,0
0.209201,0.155981,0.208717,0
0.116039,0.211537,0.14025,0
0.192246,0.148328,0.195327,0
0.00520197,0.111725,0.189689,0
0.137438,0.108003,0.133585,0
0.0139204,0.212261,0.180308,0
0.0513051,0.157368,0.171649,0
0.084454,0.165961,0.211493,0
0.134461,0.196343,0.218717,0
0.191405,0.15804,0.205006,0
0.143524,0.201949,0.17241,0
0.0353542,0.114468,0.196959,0
0.114281,0.174304,0.182098,0
0.196762,0.156339,0.102785,0
0.200187,0.190079,0.168336,0
0.0820942,0.196947,0.181459,0
0.166544,0.171954,0.181529,0
0.134151,0.140718,0.203452,0
0.175996,0.153036,0.21897,0
0.0735692,0.198498,0.21084,0
0.0828663,0.156862,0.141565,0
0.174437,0.158712,0.208242,0
0.0739432,0.201594,0.146805,0
0.195589,0.166461,0.104465,0
0.197944,0.205744,0.125022,0
0.0768863,0.214016,0.190049,0
0.029152,0.136404,0.168511,0
0.142478,0.193087,0.201524,0
0.0888433,0.170041,0.174159,0
0.201538,0.22111,0.109253,0
0.0382079,0.21347,0.105634,0
0.037427,0.150497,0.112019,0
0.132981,0.165859,0.114353,0
0.110857,0.120276,0.147336,0
0.0935597,0.168385,0.121157,0
0.0597779,0.209617,0.195466,0
0.141215,0.137827,0.117537,0
0.106675,0.146037,0.125384,0
0.207579,0.210452,0.152497,0
0.173996,0.200557,0.141463,0
0.0756283,0.122794,0.205811,0
0.158619,0.190238,0.220728,0
0.0173699,0.21215,0.147428,0
0.0915518,0.171107,0.187303,0
0.052526,0.109856,0.143674,0
0.0835653,0.148485,0.202294,0
0.134397,0.114113,0.163761,0
0.171697,0.185818,0.170021,0
0.172036,0.140763,0.10621,0
0.0047405,0.212406,0.206329,0
0.184235,0.176301,0.117765,0
0.068552,0.189039,0.177487,0
0.0277707,0.155929,0.15399,0
0.190754,0.162119,0.139641,0
0.0219547,0.173675,0.219028,0
0.0378551,0.194217,0.180691,0
0.193537,0.13111,0.157595,0
0.208111,0.119893,0.172182,0
0.208956,0.149799,0.14184,0
0.0265195,0.223381,0.113523,0
0.0540901,0.128608,0.1604,0
0.0396892,0.195011,0.176432,0
0.0367396,0.146577,0.223725,0
0.0735414,0.194933,0.20253,0
0.0849078,0.118934,0.118795,0
0.0578272,0.117622,0.166897,0
0.0356192,0.143774,0.162407,0
0.0326279,0.128612,0.116612,0
0.0695601,0.202103,0.175395,0
0.00684036,0.174361,0.220737,0
0.0499957,0.120763,0.132413,0
0.0850135,0.149558,0.146367,0
0.0151965,0.126869,0.11655,0
0.19806,0.137926,0.123905,0
0.0820388,0.201208,0.206667,0
0.0702785,0.142109,0.209447,0
0.21357,0.168672,0.110184,0
0.120157,0.188766,0.104367,0
0.111607,0.18218,0.210723,0
0.17578,0.198433,0.217042,0
0.207532,0.204709,0.173097,0
0.123521,0.211365,0.120319,0
0.123105,0.136367,0.175937,0
0.121973,0.127377,0.185671,0
0.182931,0.112879,0.195717,0
0.155658,0.113842,0.208296,0
0.196693,0.12351,0.143773,0
0.200639,0.163775,0.138035,0
0.163326,0.210468,0.123505,0
0.197781,0.124458,0.190768,0
0.196046,0.160379,0.204042,0
0.132338,0.176264,0.218961,0
0.137271,0.177865,0.174277,0
0.125139,0.155009,0.209669,0
0.175025,0.192568,0.123306,0
0.119369,0.133159,0.102859,0
0.191502,0.108672,0.152099,0
0.206226,0.120906,0.203361,0
0.199582,0.11944,0.21192,0
0.143738,0.160811,0.125864,0
0.146984,0.17732,0.128826,0
0.140221,0.113168,0.131589,0
0.168959,0.152005,0.15949,0
0.200788,0.122929,0.153543,0
0.126448,0.132812,0.161116,0
0.135267,0.114824,0.127969,0
0.223946,0.119051,0.204077,0
0.15084,0.159779,0.179453,0
0.15625,0.00530397,0.0217503,1
0.0908657,0.106005,0.0431206,1
0.218947,0.0525543,0.0221383,1
0.0434243,0.0993946,0.0222519,1
0.00765135,0.102441,0.10496,1
0.103704,0.102487,0.0262072,1
0.211675,0.0849306,0.0493979,1
0.202503,0.0525924,0.053713,1
0.131368,0.090285,0.00696362,1
0.21104,0.0817619,0.0476436,1
0.0691658,0.0326329,0.049666,1
0.0591729,0.106394,0.0258289,1
0.137073,0.0743745,0.0869437,1
0.104618,0.0794794,0.0772404,1
0.123911,0.0830218,0.0368127,1
0.170539,0.0978479,0.00724413,1
0.0568358,0.000694551,0.119688,1
0.0837221,0.00137203,0.00643673,1
0.0786715,0.0762254,0.018129,1
0.050728,0.0684974,0.0336525,1
0.186462,0.0870308,0.0395605,1
0.164462,0.0502475,0.0581421,1
0.0805609,0.08769,0.126046,1
0.0465541,0.0748401,0.0115187,1
0.00431996,0.0550238,0.0542724,1
0.00460905,0.0731361,0.0671195,1
0.165284,0.0257304,0.111087,1
0.0553804,0.0438509,0.12966,1
0.219511,0.01436,0.117056,1
0.0448574,0.0730412,0.0611069,1
0.152654,0.0701556,0.0602225,1
0.0204701,0.0127035,0.0958552,1
0.0155606,0.065244,0.0798308,1
0.1779,0.0257091,0.0938669,1
0.0250649,0.099286,0.0317256,1
0.0159059,0.0278976,0.107035,1
0.114222,0.082574,0.0189645,1
0.221254,0.00292143,0.0994992,1
0.0961627,0.0129477,0.0512172,1
0.0264304,0.0326775,0.00057273,1
0.107019,0.025718,0.059446,1
0.102863,0.0438111,0.0654677,1
0.0859303,0.0537089,0.129198,1
0.147888,0.0144968,0.106637,1
0.0676488,0.0969683,0.0552491,1
0.120961,0.0899921,0.0568571,1
0.0302459,0.00336908,0.113898,1
0.19492,0.0557534,0.000909769,1
0.222462,0.071582,0.0925688,1
0.219829,0.0671841,0.0952199,1
0.150189,0.0536397,0.0710519,1
0.197449,0.0692538,0.129049,1
0.136406,0.0265839,0.0201072,1
0.00309373,0.0959119,0.118915,1
0.22378,0.0378065,0.0715409,1
0.122412,0.0274389,0.0763655,1
0.0613276,0.0803183,0.0306186,1
0.18885,0.0332377,0.0770119,1
0.199285,0.0794003,0.131257,1
0.224737,0.0450415,0.123959,1
0.00524493,0.0247716,0.116809,1
0.00568677,0.000648851,0.0501277,1
0.0890166,0.0149515,0.0133414,1
0.207323,0.0340864,0.0502555,1
0.011805,0.031559,0.111159,1
0.0810538,0.10253,0.0292343,1
0.0103068,0.0599299,0.0775058,1
0.219101,0.0891738,0.0090679,1
0.0156236,0.0341691,0.026531,1
0.183539,0.0684505,0.12411,1
0.0374534,0.0108267,0.0205959,1
0.101397,0.0280101,0.0181503,1
0.177171,0.0536663,0.129234,1
0.195559,0.0473034,0.12823,1
0.0723621,0.00242737,0.11317,1
0.120269,0.0453911,0.0089083,1
0.192147,0.053597,0.128759,1
0.185248,0.0971399,0.0560767,1
0.0176021,0.0688212,0.022426,1
0.0374917,0.102406,0.102657,1
0.116024,0.0656499,0.0757092,1
0.135318,0.0960329,0.110415,1
0.111732,0.0178273,0.0244355,1
0.206069,0.0853395,0.0693774,1
0.116131,0.107396,0.063178,1
0.127423,0.0575714,0.0465367,1
0.132945,0.0892096,0.10981,1
0.162317,0.0352172,0.0270255,1
0.0407136,0.0150436,0.0519987,1
0.0440547,0.0383222,0.00860907,1
0.0149415,0.03291,0.0355559,1
0.130411,0.10748,0.0510398,1
0.0880747,0.087683,0.0333687,1
0.107164,0.0405619,0.0950467,1
0.142558,0.0147389,0.0392347,1
0.0967282,0.0743677,0.0738568,1
0.0803092,0.085819,0.120442,1
0.0129947,0.0440661,0.105711,1
0.0938723,0.0270031,0.0965541,1
0.19274,0.0527977,0.0596967,1
0.204762,0.0776377,0.0298095,1
0.186129,0.0415638,0.0877634,1
0.128311,0.0206445,0.0259058,1
0.20913,0.0281108,0.0457448,1
0.113107,0.00816593,0.0617778,1
0.0854458,0.0171659,0.110445,1
0.0201728,0.00868852,0.0673244,1
0.0608701,0.0935543,0.0325838,1
0.210947,0.00423686,0.0957986,1
0.217238,0.0376161,0.109452,1
0.183583,0.0347116,0.0967128,1
0.206356,0.0398835,0.0249396,1
0.18108,0.0301622,0.064151,1
0.12581,0.0493495,0.0952047,1
0.10878,0.0767934,0.0715664,1
0.111793,0.101609,0.100344,1
0.126314,0.0594636,0.0475416,1
0.213699,0.0732489,0.121131,1
0.116542,0.0959558,0.126221,1
0.0764036,0.0119095,0.0876528,1
0.01975,0.0662156,0.0734915,1
0.0075126,0.0534938,0.086879,1
0.00184144,0.106783,0.10807,1
0.0516174,0.0956125,0.207896,2
0.0514914,0.101383,0.13529,2
0.0505184,0.0919891,0.206553,2
0.109045,0.00411838,0.221944,2
0.0895478,0.0243346,0.147431,2
0.142219,0.0992371,0.142461,2
0.0458342,0.0943848,0.203274,2
0.0484681,0.09418,0.206821,2
0.18161,0.0706407,0.219383,2
0.106068,0.0777786,0.156672,2
0.217948,0.0280853,0.143839,2
0.206431,0.0800277,0.167739,2
0.131658,0.0976171,0.164833,2
0.0407206,0.0284468,0.209473,2
0.109977,0.0804445,0.150554,2
0.0469659,0.090096,0.207272,2
0.04806,0.0954893,0.201422,2
0.104653,0.0986605,0.160199,2
0.0528089,0.092734,0.206666,2
0.1556,0.0508799,0.182141,2
0.0519145,0.0936937,0.211027,2
0.204789,0.072629,0.190046,2
0.142884,0.0541898,0.138616,2
0.00578952,0.0671685,0.212873,2
0.188102,0.0166689,0.200238,2
0.104787,0.0338158,0.218388,2
0.0553496,0.0270754,0.167849,2
0.177571,0.089966,0.160954,2
0.0392286,0.045535,0.147657,2
0.0488831,0.0925666,0.210176,2
0.204639,0.086649,0.203555,2
0.215004,0.0965521,0.174225,2
0.0519233,0.0931074,0.211818,2
0.0931967,0.0563153,0.205324,2
0.0118266,0.0665244,0.158176,2
0.0531658,0.0925976,0.208771,2
0.157244,0.0698352,0.183624,2
0.0521718,0.092082,0.20648,2
0.106684,0.0206431,0.216447,2
0.0503297,0.0487401,0.209324,2
0.0541567,0.0908878,0.203418,2
0.016935,0.0775477,0.175142,2
0.0529429,0.0887282,0.222254,2
0.0456008,0.0948442,0.204807,2
0.118175,0.0904942,0.215449,2
0.20653,0.0872813,0.150657,2
0.150828,0.0748786,0.179736,2
0.0514631,0.0934979,0.210861,2
0.18951,0.0135668,0.167496,2
0.150858,0.0523374,0.213049,2
0.0498753,0.0973041,0.209708,2
0.126549,0.052674,0.197478,2
0.108621,0.0386499,0.176175,2
0.215105,0.0804298,0.171078,2
0.0501771,0.0935842,0.211875,2
0.00177187,0.0334582,0.176028,2
0.194181,0.07946,0.207921,2
0.168615,0.00750233,0.1549,2
0.0474662,0.093232,0.207335,2
0.0867537,0.0595881,0.135699,2
0.0981656,0.0887993,0.174363,2
0.0786752,0.0860234,0.142148,2
0.0496887,0.0959463,0.208037,2
0.162689,0.0746749,0.208993,2
0.18384,0.103603,0.191734,2
0.171555,0.00222726,0.171608,2
0.182741,0.0721984,0.218114,2
0.141271,0.0929647,0.214152,2
0.101837,0.0741423,0.166101,2
0.179179,0.0147214,0.194941,2
0.0517235,0.0913546,0.208455,2
0.0512012,0.091464,0.209134,2
0.184849,0.0851827,0.153447,2
0.204253,0.0210135,0.151332,2
0.0528482,0.0910143,0.208317,2
0.0412836,0.080207,0.169828,2
0.189709,0.0927289,0.207052,2
0.180799,0.0861296,0.174826,2
0.0234375,0.0162801,0.21573,2
0.0519206,0.0961372,0.208067,2
0.209638,0.0846991,0.206853,2
0.0205935,0.048789,0.144316,2
0.220795,0.0798538,0.177278,2
0.0449894,0.0932792,0.206754,2
0.0634538,0.0360627,0.151009,2
0.171422,0.0303257,0.143371,2
0.113308,0.00870365,0.222482,2
0.0540442,0.0895388,0.210123,2
0.0543456,0.0912075,0.209218,2
0.0527693,0.0936418,0.204124,2
0.218282,0.0966873,0.155546,2
0.0488372,0.0964887,0.211387,2
0.0458519,0.0509312,0.168035,2
0.047397,0.096554,0.210275,2
0.0519133,0.095796,0.210555,2
0.0533954,0.0921801,0.209361,2
0.0121185,0.0529796,0.151042,2
0.0506035,0.100464,0.207132,2
0.199683,0.09546,0.15674,2
0.177008,0.0969369,0.163224,2
0.069205,0.0549767,0.218273,2
0.103418,0.0383776,0.151094,2
0.0540086,0.0975905,0.207159,2
0.00185546,0.0406643,0.176325,2
0.00977251,0.0848315,0.220219,2
0.211327,0.0742925,0.147534,2
0.0334677,0.00429249,0.216162,2
0.0896498,0.0218528,0.134258,2
0.0423267,0.00210869,0.160624,2
0.20338,0.102928,0.220574,2
0.0444329,0.0110012,0.201731,2
0.127063,0.0636504,0.202765,2
0.0532303,0.0990811,0.205755,2
0.0517114,0.0942847,0.201178,2
0.0412055,0.0564181,0.192134,2
0.0466609,0.0935509,0.212471,2
0.052889,0.092173,0.207923,2
0.0547225,0.0961768,0.206763,2
0.0504196,0.0984886,0.206266,2
0.178534,0.0985165,0.193515,2
0.0482035,0.0975277,0.211542,2
0.0563315,0.0834541,0.146293,2
0.15597,0.0998163,0.186194,2
0.0502372,0.0877328,0.205993,2
0.114179,0.0196556,0.13685,2
0.184194,0.0998559,0.169075,2
0.0847696,0.105421,0.135308,2
0.0838792,0.106313,0.176747,2
0.0575899,0.107294,0.140754,2
0.195257,0.108352,0.0260132,3
0.114795,0.108909,0.0493071,3
0.182578,0.111966,0.0533941,3
0.138464,0.211677,0.0745493,3
0.192589,0.125573,0.0591134,3
0.155259,0.146992,0.0471127,3
0.220453,0.159602,0.048013,3
0.193625,0.188324,0.0939301,3
0.18398,0.188485,0.0964906,3
0.214581,0.198078,0.0791476,3
0.00744667,0.157825,0.050615,3
0.0532048,0.116414,0.073119,3
0.218229,0.112971,0.012126,3
0.157646,0.178199,0.0861298,3
0.145043,0.139375,0.0342359,3
0.156754,0.144078,0.0561288,3
0.211589,0.155982,0.0384758,3
0.145413,0.185932,0.0870652,3
0.131205,0.161794,0.0319974,3
0.127371,0.199072,0.0589897,3
0.209781,0.140391,0.0631916,3
0.130003,0.138782,0.0792094,3
0.0322154,0.130099,0.0214096,3
0.0923362,0.20694,0.0539235,3
0.20697,0.185661,0.0510344,3
0.112647,0.134578,0.0862754,3
0.221059,0.217828,0.0368243,3
0.17368,0.204351,0.0451104,3
0.108832,0.202568,0.0756474,3
0.0617926,0.183422,0.0127899,3
0.0868148,0.164942,0.0242898,3
0.147599,0.156779,0.0910873,3
0.194073,0.129243,0.0704441,3
0.135539,0.162644,0.0868513,3
0.0429127,0.109274,0.0739508,3
0.0738089,0.174764,0.051799,3
0.130503,0.169118,0.0208927,3
0.0558947,0.207461,0.0867431,3
0.0124045,0.166219,0.0486764,3
0.112773,0.113748,0.0771322,3
0.115823,0.19234,0.0963488,3
0.0981896,0.207017,0.0260181,3
0.0229419,0.222288,0.0598527,3
0.0881007,0.152518,0.0331397,3
0.0790832,0.147935,0.0483475,3
0.0310001,0.163236,0.0286451,3
0.0558032,0.224555,0.0694954,3
0.0143812,0.215974,0.0716893,3
0.128724,0.128969,0.0411981,3
0.0994364,0.172893,0.00330248,3
0.00250777,0.143575,0.081507,3
0.183672,0.205859,0.0627127,3
0.0177696,0.179201,0.0749503,3
0.0970731,0.149339,0.0753089,3
0.089082,0.115592,0.0478795,3
0.0436175,0.109623,0.0694625,3
0.0916305,0.1275,0.0466388,3
0.0481455,0.144209,0.0432087,3
0.211477,0.130327,0.00383819,3
0.0224128,0.157022,0.0379724,3
0.0394073,0.142584,0.0117684,3
0.222152,0.194262,0.048783,3
0.201879,0.162021,0.0392758,3
0.174908,0.175385,0.00274758,3
0.0299456,0.163488,0.0812961,3
0.090608,0.189329,0.08094,3
0.0702838,0.180733,0.0113923,3
0.0960125,0.214914,0.0216382,3
0.0808626,0.135353,0.077064,3
0.0692246,0.172153,0.0471084,3
0.0331569,0.158986,0.0810337,3
0.0710235,0.161946,0.094869,3
0.00545823,0.167545,0.0931331,3
0.124924,0.11548,0.0680575,3
0.00263383,0.166425,0.0461457,3
0.138077,0.182395,0.0564864,3
0.123481,0.180808,0.0511056,3
0.0646284,0.193401,0.0139084,3
0.0811587,0.145851,0.030756,3
0.125804,0.172113,0.0702687,3
0.124541,0.134883,0.0103743,3
0.198543,0.155693,0.0405629,3
0.00247144,0.13644,0.0759695,3
0.0797281,0.174199,0.101043,3
0.171288,0.108793,0.0226095,3
0.00327401,0.205679,0.00522866,3
0.0591824,0.203365,0.0877816,3
0.0572149,0.173854,0.0122567,3
0.0885764,0.209038,0.0303253,3
0.217004,0.163956,0.0714915,3
0.0347669,0.168215,0.0769784,3
0.0353336,0.15058,0.0563167,3
0.208591,0.2246,0.0134319,3
0.158248,0.192066,0.0917938,3
0.11381,0.133574,0.0269862,3
0.00358005,0.126045,0.0908678,3
0.221391,0.200899,0.0617087,3
0.0428478,0.184678,0.0374195,3
0.0161198,0.177209,0.098951,3
0.147397,0.131422,0.08012,3
0.104133,0.154807,0.0923032,3
0.0378524,0.20295,0.0690291,3
0.215319,0.150263,0.0995837,3
0.030065,0.172405,0.0883336,3
0.149606,0.123444,0.0352145,3
0.00434283,0.175482,0.0848991,3
0.127451,0.126611,0.0401268,3
0.135506,0.18497,0.0857901,3
0.115656,0.117476,0.0104481,3
0.00141657,0.123409,0.0699397,3
0.171176,0.218152,0.0852309,3
0.0289893,0.132298,0.0335704,3
0.0634102,0.162775,0.0958766,3
0.0417575,0.177144,0.031275,3
0.179401,0.182579,0.0487551,3
0.00131469,0.17267,0.0865264,3
0.00629178,0.146068,0.0180355,3
0.136875,0.181117,0.0642014,3
0.00436488,0.221572,0.0524689,3
0.198381,0.127388,0.0301789,3
0.146471,0.159922,0.00524647,3
0.186812,0.130548,0.0360996,3
0.128665,0.183783,0.051601,3
0.00084462,0.178196,0.0581568,3
0.188413,0.107601,0.0176468,3
