x coord,y coord,z coord,rank
0.119503,0.110652,0.0699227,0
0.126741,0.118339,0.00328656,0
0.221494,0.125577,0.0272948,0
0.200638,0.120204,0.0670593,0
0.14949,0.12098,0.0726891,0
0.118488,0.113798,0.0721689,0
0.120937,0.105829,0.0915009,0
0.174519,0.111779,0.0747646,0
0.108716,0.101929,0.0356138,0
0.179712,0.12091,0.0496344,0
0.138958,0.132455,0.0715176,0
0.187636,0.123582,0.0502841,0
0.154767,0.117847,0.00467629,0
0.168614,0.134903,0.0925147,0
0.184233,0.130804,0.0235986,0
0.146561,0.124791,0.0846166,0
0.184646,0.117723,0.0446619,0
0.0704685,0.113195,0.0891698,0
0.125243,0.121599,0.0445278,0
0.104701,0.128001,0.0174074,0
0.139761,0.127983,0.0686611,0
0.0712437,0.133265,0.0160877,0
0.206176,0.132324,0.0417828,0
0.140746,0.0947489,0.0891029,0
0.102589,0.0223432,0.0973082,0
0.217618,0.0916173,0.0883461,0
0.0208494,0.126672,0.0164636,0
0.0494332,0.131935,0.0880443,0
0.0323799,0.126234,0.0435512,0
0.0420036,0.125618,0.062036,0
0.205705,0.0174027,0.089673,0
0.152449,0.0790985,0.0980064,0
0.222673,0.0675895,0.0280791,0
0.0171034,0.0614587,0.0751619,0
0.165654,0.0386587,0.0657369,0
0.216494,0.0343663,0.103688,0
0.198352,0.0190416,0.0122653,0
0.0934395,0.113276,0.0509561,0
0.00621308,0.0693863,0.0195994,0
0.0339893,0.0501042,0.0158889,0
0.00537383,0.0983282,0.0697507,0
0.0148892,0.0397883,0.0836463,0
0.143483,0.106359,0.0779327,0
0.180423,0.0442984,0.0987896,0
0.0293219,0.0493046,0.0665411,0
0.0386894,0.0544744,0.00414901,0
0.0670482,0.087862,0.00787691,0
0.149914,0.0141965,0.0971667,0
0.16771,0.0623736,0.0521784,0
0.140264,0.0333612,0.000665266,0
0.0110927,0.0416932,0.102886,0
0.11379,0.0445637,0.00659921,0
0.220395,0.00474345,0.0429475,0
0.0401905,0.100373,0.0199404,0
0.139888,0.023445,0.0297764,0
0.196397,0.0981976,0.0733639,0
0.101698,0.0991101,0.0912912,0
0.10861,0.00812455,0.0122687,0
0.214957,0.0663639,0.0258068,0
0.0168479,0.105145,0.100574,0
0.00253277,0.00365872,0.0068391,0
0.109432,0.0563584,0.0569112,0
0.160757,0.104598,0.00838426,0
0.212791,0.066711,0.0805214,0
0.193018,0.0585991,0.0932794,0
0.143081,0.0747486,0.0854901,0
0.1015,0.0452093,0.0336909,0
0.0364167,0.0828534,0.0373203,0
0.023506,0.0544974,0.0807707,0
0.217847,0.0229961,0.0473943,0
0.212246,0.0586149,0.0700397,0
0.0694784,0.00788502,0.0158406,0
0.216111,0.0439264,0.00465817,0
0.162433,0.0547493,0.0814315,0
0.121644,0.0234404,0.0125103,0
0.0415901,0.0322561,0.099173,0
0.185997,0.0294384,0.0632787,0
0.0587731,0.135983,0.0202621,0
0.0603966,0.036568,0.031941,0
0.0493427,0.0400454,0.0263077,0
0.121507,0.021472,0.0555868,0
0.220221,0.012205,0.0661479,0
0.208206,0.0980877,0.0438561,0
0.206393,0.0494654,0.0934641,0
0.0195765,0.0875471,0.0162237,0
0.13947,0.0177022,0.0936112,0
0.194196,0.0980054,0.000696821,0
0.172783,0.0353467,0.00765427,0
0.043206,0.0191555,0.0789443,0
0.15288,0.00315552,0.0343514,0
0.0222766,0.125988,0.0218182,0
0.162782,0.0010261,0.0700973,0
0.19755,0.0450795,0.0417541,0
0.210812,0.0164596,0.047372,0
0.00956732,0.0101853,0.0777795,0
0.173351,0.0693211,0.0615417,0
0.116694,0.0410932,0.097388,0
0.188785,0.059274,0.00333855,0
0.0317873,0.0729883,0.103767,0
0.0549482,0.00156425,0.0158902,0
0.00659432,0.0992563,0.0319739,0
0.0376773,0.0691503,0.060191,0
0.105652,0.0164602,0.0691256,0
0.0735216,0.0316908,0.0957421,0
0.0243292,0.0801649,0.00760625,0
0.10244,0.0355499,0.0751276,0
0.0991953,0.103387,0.0519657,0
0.114408,0.0981526,0.0826788,0
0.0992365,0.00810367,0.0911024,0
0.121883,0.0077836,0.02921,0
0.103198,0.0265379,0.0290335,0
0.00152199,0.0188149,0.0423107,0
0.0308967,0.0822714,0.0951257,0
0.122721,0.0521191,0.0974695,0
0.0658293,0.079455,0.0902687,0
0.162054,0.0139367,0.00645266,0
0.0987976,0.0411242,0.107829,0
0.0251236,0.131807,0.0980376,0
0.0892954,0.0167469,0.0874065,0
0.116062,0.0168616,0.100761,0
0.103184,0.05466,0.0714894,0
0.119197,0.0218177,0.0439188,0
0.0986949,0.0837519,0.00403879,0
0.0952413,0.0264636,0.0543174,0
0.0936045,0.127744,0.0812435,0
0.208994,0.133358,0.0124639,0
0.084137,0.105166,0.106699,0
0.0777345,0.0347038,0.106974,0
0.0145275,0.135259,0.101118,0
0.223298,0.108092,0.144084,1
0.173496,0.0182022,0.179315,1
0.182033,0.10649,0.1666,1
0.0973118,0.0514621,0.162123,1
0.106188,0.0664927,0.145589,1
0.0552244,0.0610314,0.118433,1
0.220997,0.0957424,0.217194,1
0.202033,0.00763495,0.168451,1
0.196835,0.0617253,0.152193,1
0.0537946,0.101444,0.197345,1
0.206038,0.0216454,0.19912,1
0.221517,0.0142357,0.210678,1
0.097765,0.0438924,0.210381,1
0.0930237,0.0621391,0.134764,1
0.194696,0.0258077,0.198423,1
0.0608987,0.0235893,0.195781,1
0.11061,0.0647253,0.183399,1
0.193771,0.0371354,0.179637,1
0.00647391,0.00585468,0.17392,1
0.0291336,0.00841316,0.215697,1
0.0452051,0.0850138,0.219327,1
0.200101,0.0911842,0.128177,1
0.0154622,0.0151285,0.218582,1
0.209401,0.0104258,0.187394,1
0.186942,0.0832141,0.132492,1
0.0812738,0.0871964,0.160852,1
0.150674,0.0313606,0.175859,1
0.0902164,0.0887988,0.138427,1
0.12027,0.0994276,0.175212,1
0.173103,0.0133262,0.135806,1
0.194269,0.0819383,0.121799,1
0.145702,0.0619957,0.14068,1
0.185462,0.0348034,0.140157,1
0.144028,0.0811526,0.138073,1
0.11991,0.0548851,0.212644,1
0.0656903,0.019922,0.163185,1
0.198774,0.079886,0.199882,1
0.139947,0.0838615,0.178314,1
0.0666784,0.0502074,0.157368,1
0.0218741,0.0106163,0.143756,1
0.11005,0.0771344,0.133564,1
0.192593,0.0249334,0.15276,1
0.120576,0.0605346,0.13423,1
0.097648,0.0277589,0.156288,1
0.127334,0.0562575,0.199886,1
0.219465,0.0833694,0.22202,1
0.217071,0.00309118,0.21595,1
0.0567273,0.0740802,0.132277,1
0.0208302,0.0925061,0.198392,1
0.116707,0.0772894,0.165345,1
0.155402,0.0839804,0.159452,1
0.0432049,0.0370741,0.184562,1
0.129288,0.0597906,0.200078,1
0.0062341,0.0712302,0.186896,1
0.165479,0.0727181,0.150269,1
0.180277,0.0480134,0.153834,1
0.161953,0.00994104,0.155721,1
0.132644,0.0258653,0.149564,1
0.037347,0.0349649,0.140576,1
0.0171193,0.0418406,0.176237,1
0.00567119,0.0993876,0.120814,1
0.105383,0.0208554,0.213571,1
0.203028,0.0959399,0.127791,1
0.116076,0.00601518,0.179472,1
0.0205313,0.0848833,0.128387,1
0.18035,0.0891147,0.175347,1
0.0536035,0.103931,0.166268,1
0.191672,0.0204923,0.117898,1
0.131022,0.0590241,0.200169,1
0.168797,0.0418956,0.210527,1
0.156835,0.0630291,0.193567,1
0.176092,0.0405178,0.115294,1
0.221322,0.0604271,0.153365,1
0.0598127,0.0599241,0.193938,1
0.0694196,0.0225978,0.177576,1
0.0274489,0.0850767,0.131276,1
0.0570166,0.105861,0.194894,1
0.0764322,0.0331711,0.134801,1
0.20169,0.0865639,0.173448,1
0.0513481,0.0297402,0.17527,1
0.152166,0.00570811,0.124562,1
0.100538,0.0828819,0.136097,1
0.0702659,0.0354017,0.173993,1
0.144698,0.0754872,0.14094,1
0.0187192,0.0776891,0.165101,1
0.162472,0.0417026,0.224765,1
0.0233251,0.0797746,0.121668,1
0.169567,0.0364918,0.113148,1
0.0647362,0.0998591,0.207001,1
0.0200007,0.0391897,0.185854,1
0.00390599,0.00520475,0.126918,1
0.0864732,0.0250792,0.187623,1
0.0307406,0.0599057,0.14469,1
0.119149,0.0274979,0.179338,1
0.129158,0.0546822,0.198747,1
0.0510871,0.0647563,0.127547,1
0.00574341,0.00544695,0.142461,1
0.18824,0.0273095,0.12993,1
0.0231745,0.0398924,0.220208,1
0.0261765,0.101458,0.163746,1
0.0517974,0.0855112,0.1353,1
0.0899911,0.104085,0.123016,1
0.0991357,0.0401148,0.20735,1
0.216726,0.0834288,0.154678,1
0.186768,0.0237658,0.128681,1
0.213249,0.0192064,0.145201,1
0.184218,0.0338843,0.111424,1
0.0457858,0.0293799,0.124802,1
0.221784,0.0523737,0.123632,1
0.200924,0.0594599,0.116421,1
0.188453,0.0276929,0.114363,1
0.0919855,0.102411,0.199213,1
0.168014,0.0115076,0.112327,1
0.0424405,0.0479047,0.206055,1
0.174871,0.038717,0.211193,1
0.0398631,0.0756608,0.222183,1
0.00122658,0.0814208,0.218255,1
0.182824,0.0358773,0.117576,1
0.074417,0.0960189,0.144146,1
0.0723036,0.0837283,0.194181,1
0.0235658,0.0234842,0.161881,1
0.0479755,0.0599872,0.135508,1
0.0188684,0.0679483,0.126125,1
0.0779202,0.0800059,0.178841,1
0.00172171,0.0923747,0.110759,1
0.094043,0.107045,0.212944,1
0.0790268,0.0859228,0.109584,1
0.0750895,0.107583,0.128882,1
0.0727314,0.16439,0.0518508,2
0.0311796,0.221001,0.0801645,2
0.128056,0.197194,0.0262819,2
0.0456578,0.199786,0.0203777,2
0.164131,0.13787,0.0562608,2
0.0251081,0.186502,0.0285811,2
0.175367,0.193778,0.0604302,2
0.0225707,0.184429,0.0233462,2
0.0359539,0.163421,0.0546871,2
0.0229089,0.186005,0.0245392,2
0.0242127,0.181115,0.0218666,2
0.0284732,0.180988,0.0213156,2
0.0266887,0.184221,0.0203024,2
0.0322195,0.183905,0.0238154,2
0.0334614,0.21224,0.0534397,2
0.0235828,0.177254,0.0273891,2
0.0283955,0.184594,0.0268063,2
0.0211172,0.18558,0.0297559,2
0.0357847,0.139461,0.0825735,2
0.060557,0.148301,0.0276146,2
0.0850861,0.157237,0.0553359,2
0.0297099,0.18422,0.0289567,2
0.0295341,0.185964,0.0264341,2
0.0224083,0.184872,0.0250868,2
0.0276184,0.183394,0.0209628,2
0.000948823,0.217089,0.0733133,2
0.174354,0.220624,0.0658612,2
0.0208569,0.18191,0.0288731,2
0.0254469,0.184716,0.0274059,2
0.0235433,0.185323,0.0257193,2
0.1089,0.169382,0.0408543,2
0.123176,0.201979,0.0116023,2
0.0213973,0.183714,0.0256956,2
0.0231494,0.176016,0.0252882,2
0.166577,0.209263,0.0268961,2
0.0216466,0.180216,0.0271482,2
0.093689,0.212065,0.0288792,2
0.0235494,0.179656,0.0277342,2
0.0268869,0.185882,0.0269514,2
0.0234595,0.18227,0.0237383,2
0.0226154,0.178429,0.0224551,2
0.223609,0.194953,0.0652849,2
0.183226,0.17281,0.0612164,2
0.130536,0.216736,0.0548286,2
0.0274051,0.181159,0.0226147,2
0.0310219,0.195937,0.0542336,2
0.10267,0.187479,0.0692846,2
0.0609807,0.168834,0.0369707,2
0.0209771,0.187276,0.0235325,2
0.0229382,0.18639,0.0273739,2
0.161373,0.163129,0.00330259,2
0.12382,0.206597,0.0878785,2
0.0200514,0.183452,0.0240612,2
0.0275285,0.179011,0.0255428,2
0.0269191,0.185284,0.0245945,2
0.030677,0.18397,0.0271986,2
0.165429,0.173487,0.101005,2
0.221256,0.200672,0.0128973,2
0.161714,0.198441,0.0331362,2
0.186834,0.161787,0.100673,2
0.18544,0.168,0.101353,2
0.0283796,0.181043,0.0264758,2
0.172755,0.171496,0.0132866,2
0.028406,0.181983,0.0281683,2
0.148415,0.220753,0.0628923,2
0.163275,0.170799,0.0985951,2
0.0150326,0.180743,0.0223646,2
0.116533,0.183737,0.0307119,2
0.166863,0.145085,0.0278206,2
0.0418193,0.166514,0.025758,2
0.181196,0.147075,0.0393757,2
0.021412,0.182466,0.028296,2
0.0246181,0.186261,0.0253124,2
0.028577,0.182236,0.0225846,2
0.135112,0.212806,0.0177653,2
0.0513906,0.224002,0.0298771,2
0.0230951,0.186183,0.024688,2
0.00672345,0.172532,0.0111922,2
0.0239662,0.186053,0.0182257,2
0.0221417,0.18748,0.0261156,2
0.00408959,0.202071,0.0605965,2
0.0723792,0.224538,0.0676726,2
0.0274438,0.182507,0.0269415,2
0.0950333,0.194008,0.0624515,2
0.0219887,0.185183,0.0275919,2
0.124175,0.162647,0.0860486,2
0.0206484,0.183627,0.0275235,2
0.0218473,0.181315,0.0287167,2
0.108581,0.188968,0.0873296,2
0.0426497,0.159536,0.0698437,2
0.0224412,0.183946,0.0249529,2
0.0197028,0.183133,0.0294475,2
0.0259441,0.180208,0.0236308,2
0.178321,0.15762,0.0855031,2
0.0134936,0.170886,0.00114731,2
0.209638,0.210042,0.0922707,2
0.00336936,0.192583,0.0590242,2
0.142139,0.193035,0.0209198,2
0.005769,0.149958,0.0779909,2
0.0253361,0.184011,0.0270996,2
0.0451365,0.162621,0.08374,2
0.0198913,0.184434,0.0667292,2
0.1593,0.174073,0.00436874,2
0.046214,0.165774,0.105063,2
0.0510398,0.21437,0.0786615,2
0.0222714,0.223152,0.0352842,2
0.0238683,0.18202,0.0294517,2
0.0787717,0.155726,0.104894,2
0.11497,0.182468,0.0361004,2
0.159462,0.216753,0.105647,2
0.0247847,0.188127,0.0272464,2
0.207915,0.208536,0.100599,2
0.156132,0.188503,0.0251273,2
0.19755,0.1687,0.037476,2
0.0684356,0.207854,0.102032,2
0.0411317,0.213378,0.0382409,2
0.061056,0.194445,0.0676868,2
0.0195656,0.184604,0.0241989,2
0.0793575,0.148932,0.0182416,2
0.0542547,0.158414,0.20974,3
0.0828721,0.184533,0.21786,3
0.0344365,0.170369,0.208963,3
0.0786304,0.198267,0.186382,3
0.00379153,0.198989,0.186952,3
0.0859327,0.178058,0.114048,3
0.0456043,0.206197,0.216598,3
0.0283827,0.205898,0.187268,3
0.0769581,0.196436,0.193088,3
0.0825595,0.223892,0.16396,3
0.0194353,0.182318,0.153614,3
0.0531397,0.147528,0.138392,3
0.0587383,0.165226,0.135605,3
0.0792489,0.168366,0.159599,3
0.0907969,0.18584,0.21623,3
0.0567148,0.151349,0.137436,3
0.0246339,0.173469,0.139138,3
0.0493,0.170357,0.220825,3
0.0352292,0.148385,0.158125,3
0.0248988,0.218092,0.165588,3
0.0984643,0.14574,0.211978,3
0.12642,0.13628,0.117229,3
0.0907249,0.176422,0.175628,3
0.00375397,0.219653,0.16227,3
0.0456912,0.167004,0.177907,3
0.0716044,0.222874,0.175379,3
0.183786,0.13076,0.127516,3
0.0715883,0.198813,0.157825,3
0.0501232,0.158763,0.164571,3
0.0949724,0.1969,0.183757,3
0.181465,0.199516,0.137281,3
0.0362387,0.200852,0.19348,3
0.101317,0.149368,0.14785,3
0.0734884,0.19603,0.146134,3
0.104964,0.166787,0.15376,3
0.0393446,0.207815,0.149367,3
0.0550188,0.205794,0.177278,3
0.0739525,0.169799,0.162394,3
0.0804663,0.20934,0.138138,3
0.0656159,0.168621,0.184743,3
0.0193233,0.219971,0.18179,3
0.0624791,0.115705,0.205998,3
0.0146891,0.124919,0.216414,3
0.00215156,0.124623,0.22323,3
0.0949235,0.165937,0.110699,3
0.117731,0.112662,0.148011,3
0.0316409,0.120384,0.157251,3
0.115566,0.139088,0.224988,3
0.129551,0.1623,0.192861,3
0.212424,0.124312,0.123971,3
0.144259,0.165918,0.142983,3
0.0404672,0.120939,0.180216,3
0.220207,0.196935,0.147991,3
0.0913843,0.124248,0.12216,3
0.0651738,0.138336,0.112343,3
0.115553,0.134082,0.134722,3
0.213264,0.186326,0.190462,3
0.0237724,0.127734,0.193282,3
0.0264371,0.114414,0.211362,3
0.168832,0.2111,0.14436,3
0.141994,0.165206,0.191806,3
0.145361,0.199064,0.168388,3
0.0210538,0.133463,0.218973,3
0.157415,0.186448,0.112802,3
0.208935,0.113733,0.132198,3
0.193852,0.179744,0.151607,3
0.195402,0.170589,0.182393,3
0.132337,0.190739,0.185213,3
0.16534,0.209147,0.158662,3
0.17342,0.122789,0.189976,3
0.0300035,0.127816,0.127721,3
0.0538244,0.109755,0.15572,3
0.121097,0.191665,0.223831,3
0.147087,0.212047,0.187981,3
0.130016,0.178222,0.133861,3
0.158672,0.133376,0.111565,3
0.08603,0.121154,0.16136,3
0.22302,0.189081,0.162838,3
0.169018,0.15757,0.200848,3
0.186228,0.165174,0.148369,3
0.171618,0.164322,0.215496,3
0.138814,0.151249,0.165638,3
0.0175651,0.137453,0.214114,3
0.0680209,0.146757,0.21752,3
0.187448,0.114499,0.180448,3
0.224638,0.115045,0.171863,3
0.171181,0.114573,0.175268,3
0.15492,0.157991,0.162409,3
0.118166,0.157073,0.119394,3
0.118754,0.211328,0.198193,3
0.071477,0.109652,0.155449,3
0.177471,0.189476,0.112657,3
0.156969,0.159668,0.157503,3
0.192382,0.195908,0.146808,3
0.157155,0.152284,0.224708,3
0.107009,0.126412,0.197383,3
0.117742,0.166709,0.217299,3
0.224018,0.172535,0.108785,3
0.213078,0.128831,0.149449,3
0.107983,0.204716,0.205054,3
0.19777,0.13231,0.13977,3
0.108125,0.201394,0.198048,3
0.206412,0.119982,0.193779,3
0.112428,0.126912,0.195827,3
0.176194,0.122184,0.146896,3
0.161037,0.210077,0.16012,3
0.149399,0.169775,0.142104,3
0.133672,0.189047,0.186752,3
0.155412,0.213894,0.166954,3
0.215161,0.152596,0.202431,3
0.17334,0.170593,0.222166,3
0.201508,0.181659,0.169872,3
0.215068,0.130612,0.146713,3
0.114526,0.121311,0.149916,3
0.220282,0.187026,0.19804,3
0.199011,0.185792,0.110228,3
0.186741,0.203155,0.16639,3
0.108792,0.212952,0.205949,3
0.189467,0.149166,0.151866,3
0.188631,0.121325,0.14653,3
0.193256,0.222586,0.120906,3
0.128734,0.161882,0.224756,3
0.156151,0.210177,0.1747,3
0.0552182,0.143682,0.108817,3
