x coord,y coord,z coord,rank
0.029641,0.192856,0.219208,0
0.031546,0.201655,0.209654,0
0.0684287,0.119741,0.177274,0
0.0378236,0.22,0.0970096,0
0.0525951,0.210465,0.133874,0
0.0955964,0.196993,0.205776,0
0.0374242,0.16137,0.0494855,0
0.00647897,0.169075,0.0452681,0
0.00985191,0.120176,0.190066,0
0.00567829,0.212122,0.0391005,0
0.00473673,0.149829,0.154908,0
0.105208,0.117131,0.00134226,0
0.0383139,0.152934,0.0175535,0
0.0563392,0.155633,0.111311,0
0.0870933,0.221478,0.131542,0
0.00870568,0.150726,0.0614779,0
0.0335916,0.183539,0.0372096,0
0.0219633,0.132388,0.043447,0
0.0813166,0.137387,0.145184,0
0.0524568,0.223515,0.188089,0
0.0686503,0.194576,0.175738,0
0.0185758,0.137545,0.189035,0
0.0203757,0.116292,0.117767,0
0.0103555,0.111374,0.0645755,0
0.0705322,0.170176,0.0560552,0
0.0223361,0.213944,0.214213,0
0.0693518,0.129174,0.165769,0
0.0443672,0.164959,0.0814332,0
0.0602855,0.18552,0.204378,0
0.044,0.185768,0.0953006,0
0.0494241,0.111925,0.176268,0
0.0110264,0.160362,0.0846359,0
0.0351722,0.216481,0.0339993,0
0.0215459,0.136697,0.0701331,0
0.0471546,0.124952,0.164753,0
0.0978729,0.163901,0.21063,0
0.0786169,0.151355,0.0222025,0
0.0897297,0.160184,0.169294,0
0.0260446,0.154163,0.0631507,0
0.0752719,0.21881,0.18764,0
0.0780959,0.155118,0.135614,0
0.0615171,0.216825,0.212776,0
0.0868821,0.204129,0.0286956,0
0.0607965,0.214684,0.163938,0
0.0584166,0.162367,0.0128788,0
0.0512234,0.124021,0.112165,0
0.0761682,0.182704,0.155594,0
0.0315876,0.193381,0.0791227,0
0.0459647,0.19042,0.0204469,0
0.059523,0.171275,0.126147,0
0.0222942,0.115022,0.117816,0
0.111838,0.141841,0.0966222,0
0.0197849,0.128882,0.0843167,0
0.0961873,0.127371,0.0408061,0
0.0818494,0.150039,0.00996333,0
0.106273,0.125066,0.124982,0
0.00824306,0.188291,0.0728728,0
0.0281307,0.162034,0.103822,0
0.0845465,0.200566,0.104852,0
0.0717966,0.224815,0.167003,0
0.0607153,0.121467,0.176432,0
0.0987525,0.131927,0.102039,0
0.0722592,0.151008,0.0715287,0
0.0202996,0.146854,0.0753656,0
0.043644,0.113729,0.14061,0
0.0715965,0.171613,0.0694526,0
0.0210316,0.220715,0.139489,0
0.0813702,0.216138,0.168714,0
0.107059,0.130777,0.0749818,0
0.110268,0.111969,0.218906,0
0.0874584,0.11786,0.147286,0
0.108028,0.215291,0.0300822,0
0.0671421,0.205637,0.0121022,0
0.106235,0.182345,0.0573499,0
0.0708258,0.150958,0.182888,0
0.108373,0.175274,0.0406459,0
0.0985843,0.167481,0.205674,0
0.00444106,0.200738,0.221814,0
0.103211,0.171959,0.168107,0
0.0541021,0.144988,0.193419,0
0.0253894,0.156055,0.200213,0
0.0176307,0.199685,0.173607,0
0.0236258,0.164114,0.118723,0
0.0446824,0.130333,0.184375,0
0.0408213,0.217032,0.201354,0
0.037675,0.192054,0.209809,0
0.0464927,0.170392,0.20453,0
0.0631437,0.13106,0.1912,0
0.0334562,0.127755,0.148856,0
0.0693692,0.11933,0.131643,0
0.0972586,0.221189,0.13689,0
0.0063783,0.144458,0.218296,0
0.0438971,0.189742,0.0985744,0
0.082518,0.141666,0.0175034,0
0.00264259,0.164392,0.0293064,0
0.0620757,0.124421,0.0716153,0
0.08509,0.149241,0.0611092,0
0.065287,0.122168,0.0833492,0
0.0923712,0.156931,0.0644567,0
0.0955404,0.12381,0.152137,0
0.026599,0.127507,0.118009,0
0.099824,0.157928,0.0573779,0
0.029313,0.190543,0.0737482,0
0.0132759,0.1453,0.0895504,0
0.0755531,0.166337,0.00329526,0
0.0474066,0.220017,0.0313727,0
0.0227995,0.222841,0.0441959,0
0.0526201,0.139116,0.0497796,0
0.0951294,0.146198,0.0305805,0
0.0773369,0.168156,0.052945,0
0.100328,0.198453,0.219719,0
0.111753,0.17785,0.0439805,0
0.00607289,0.198162,0.0630822,0
0.10216,0.110341,0.0482789,0
0.0578744,0.126455,0.0261609,0
0.016709,0.1729,0.0627277,0
0.109255,0.132293,0.175836,0
0.0862524,0.210153,0.0911392,0
0.0869906,0.195541,0.0581571,0
0.0957773,0.145598,0.016053,0
0.0792428,0.192728,0.00320303,0
0.081941,0.162572,0.101767,0
0.0672057,0.118892,0.209846,0
0.143159,0.0145741,0.0198773,1
0.115727,0.0219387,0.080156,1
0.217043,0.0720867,0.0469548,1
0.206899,0.0292544,0.113655,1
0.221545,0.100486,0.13252,1
0.160569,0.0015631,0.196723,1
0.218848,0.0635304,0.0278201,1
0.21793,0.0770749,0.0505044,1
0.14143,0.0362984,0.0116412,1
0.207384,0.0916901,0.0652859,1
0.220858,0.0465393,0.193368,1
0.104168,0.0271544,0.162142,1
0.129275,0.0943757,0.101545,1
0.142404,0.104544,0.174807,1
0.199041,0.0966197,0.191276,1
0.174358,0.0999515,0.0135276,1
0.147359,0.0914485,0.103672,1
0.202311,0.0665066,0.173029,1
0.153944,0.0928065,0.20343,1
0.218043,0.106876,0.154876,1
0.187617,0.0971085,0.0522357,1
0.165553,0.071292,0.0822367,1
0.209624,6.24577e-05,0.128426,1
0.199235,0.0950657,0.128348,1
0.163386,0.0741305,0.178638,1
0.187242,0.0997095,0.0516414,1
0.145465,0.00296073,0.0872977,1
0.139377,0.0197082,0.182425,1
0.22243,0.00654542,0.103019,1
0.0986837,0.0239113,0.0558381,1
0.16431,0.0351486,0.0531404,1
0.140173,0.087705,0.221201,1
0.199649,0.0826825,0.194266,1
0.162058,0.021661,0.116565,1
0.174137,0.00519165,0.188892,1
0.100042,0.000372263,0.0168933,1
0.12672,0.0542278,0.00977977,1
0.21685,0.00607163,0.0925659,1
0.18354,0.0698748,0.140464,1
0.175833,0.0904504,0.183467,1
0.168757,0.104774,0.20573,1
0.222401,0.0502966,0.154913,1
0.183751,0.048484,0.153298,1
0.168337,0.00575035,0.123402,1
0.169617,0.0436459,0.157649,1
0.104273,0.0802745,0.0240565,1
0.218828,0.0822218,0.224301,1
0.177752,0.0611207,0.00855909,1
0.21652,0.0806039,0.112702,1
0.222102,0.0602612,0.0951435,1
0.163616,0.0806841,0.0762186,1
0.208744,0.0444982,0.159128,1
0.170517,0.00956017,0.00268006,1
0.120644,0.022692,0.159542,1
0.216813,0.0773497,0.0695544,1
0.10798,0.0378622,0.0954936,1
0.162343,0.0207941,0.119996,1
0.184909,0.0200459,0.0582674,1
0.188861,0.0945162,0.0262368,1
0.219072,0.105959,0.00982207,1
0.170494,0.0516958,0.208081,1
0.158462,0.0627705,0.145471,1
0.163708,0.028207,0.198573,1
0.221891,0.0235458,0.037658,1
0.143175,0.0272677,0.19441,1
0.105017,0.00236347,0.0466049,1
0.102371,0.0397795,0.0234051,1
0.224739,0.0883463,0.0377082,1
0.168158,0.049305,0.13244,1
0.117418,0.080163,0.136789,1
0.0989943,0.0272224,0.187733,1
0.152964,0.0601326,0.172848,1
0.1641,0.0113623,0.127477,1
0.210969,0.0497616,0.10673,1
0.206257,0.0668559,0.133178,1
0.134632,0.0189077,0.0165025,1
0.182254,0.0726787,0.206751,1
0.170221,0.0999801,0.0640778,1
0.203037,0.0703314,0.173479,1
0.129847,0.00201095,0.224984,1
0.111096,0.0415814,0.0801281,1
0.181295,0.0952093,0.118838,1
0.130119,0.000928611,0.044149,1
0.217801,0.0399287,0.0746809,1
0.132086,0.0923008,0.0730161,1
0.129889,0.0369736,0.0600767,1
0.122749,0.0930056,0.100253,1
0.138914,0.00719586,0.0202372,1
0.107223,0.0875887,0.132794,1
0.210847,0.00258304,0.188072,1
0.183365,0.082908,0.202999,1
0.124541,0.0989815,0.0421885,1
0.146452,0.0486081,0.145257,1
0.106699,0.0533144,0.0695334,1
0.113487,0.0406234,0.0264632,1
0.124476,0.0927522,0.171127,1
0.110614,0.077905,0.151283,1
0.139442,0.0772568,0.120108,1
0.220523,0.103782,0.166318,1
0.195521,0.0691198,0.0403842,1
0.201514,0.067194,0.00855943,1
0.191019,0.0656643,0.0820538,1
0.120324,0.0338589,0.0318667,1
0.197387,0.0540059,0.0277228,1
0.117896,0.0298312,0.068292,1
0.221574,0.0381631,0.159265,1
0.114713,0.0136676,0.12172,1
0.17863,0.0830004,0.186369,1
0.224111,0.0464196,0.131437,1
0.200002,0.0557913,0.104027,1
0.203474,0.01263,0.111591,1
0.219867,0.067204,0.0275274,1
0.166289,0.0334541,0.0782396,1
0.115977,0.0448319,0.103263,1
0.121769,0.0589473,0.0871752,1
0.186562,0.104271,0.185756,1
0.134812,0.0611097,0.073322,1
0.188636,0.0843539,0.117462,1
0.124766,0.102284,0.114162,1
0.140993,0.107067,0.0428849,1
0.121471,0.10599,0.0905828,1
0.172198,0.101882,0.127034,1
0.117016,0.104243,0.0865141,1
0.107198,0.106885,0.0285754,1
0.204474,0.104769,0.206774,1
0.100203,0.0735314,0.212943,1
0.138572,0.104895,0.14929,1
0.0482799,0.0915348,0.209587,2
0.0938977,0.00995624,0.215389,2
0.0472251,0.0972037,0.208085,2
0.0957195,0.0721245,0.0376479,2
0.0826618,0.039044,0.149986,2
0.0382267,0.0951047,0.10856,2
0.0539964,0.0938032,0.21353,2
0.0538215,0.0938004,0.209082,2
0.0147593,0.068413,0.0968707,2
0.042234,0.0523819,0.0805939,2
0.0335832,0.0623628,0.0918781,2
0.0558786,0.0472502,0.110623,2
0.0788007,0.0220551,0.0890949,2
0.0338393,0.0352789,0.205032,2
0.0475966,0.0858919,0.150683,2
0.0530271,0.095756,0.211186,2
0.0536432,0.0924165,0.2121,2
0.0815704,0.0973934,0.0554736,2
0.0479091,0.093901,0.210236,2
0.0168122,0.0145795,0.0808988,2
0.0434247,0.0937553,0.211024,2
0.0824426,0.0239548,0.132452,2
0.0344773,0.0906836,0.0596989,2
0.0169199,0.0633204,0.206965,2
0.0484958,0.0532909,0.0747023,2
0.0655797,0.0759084,0.132993,2
0.0682386,0.045894,0.165939,2
0.0963943,0.0770542,0.0707879,2
0.0399308,0.077914,0.135903,2
0.0522163,0.0936755,0.206549,2
0.00329679,0.0886405,0.0241161,2
0.0107112,0.0350807,0.0499814,2
0.0490782,0.0941097,0.204859,2
0.0469612,0.0048011,0.0306536,2
0.015049,0.0528566,0.144718,2
0.0473084,0.0959671,0.208638,2
0.0493504,0.0886852,0.0649924,2
0.0494773,0.094554,0.211628,2
0.0929129,0.0375879,0.220051,2
0.0571649,0.0497314,0.210248,2
0.0473263,0.0959102,0.213303,2
0.0251645,0.0892855,0.169605,2
0.0697566,0.0821093,0.219745,2
0.0557235,0.0912471,0.207626,2
0.0479451,0.0110159,0.0596056,2
0.0232717,0.0833969,0.109906,2
0.00242796,0.0665879,0.0145671,2
0.0490766,0.0933427,0.207265,2
0.0186871,0.0514553,0.122526,2
0.0481692,0.00134099,0.0303313,2
0.0506257,0.090054,0.208046,2
0.00396035,0.037147,0.0146085,2
0.0661116,0.0570598,0.113155,2
0.0725659,0.0846136,0.00306834,2
0.0481923,0.0919901,0.21321,2
0.00832218,0.0439371,0.155844,2
0.00487788,0.0381084,0.0891155,2
0.0838573,0.00929421,0.00557727,2
0.00720979,0.00587277,0.0489432,2
0.0239389,0.0251848,0.122096,2
0.0882179,0.0630761,0.179467,2
0.0784183,0.0652591,0.133478,2
0.0506198,0.0908795,0.209706,2
0.0704727,0.0650663,0.0694579,2
0.0488372,0.0679295,0.0218278,2
0.0111405,0.0846839,0.10421,2
0.067339,0.0887378,0.108026,2
0.0392652,0.00184489,0.0907167,2
0.0883044,0.0716667,0.146804,2
0.0416896,0.0809931,0.0866436,2
0.0489315,0.0949832,0.20993,2
0.0490966,0.0950893,0.208815,2
0.0409381,0.0404607,0.104472,2
0.0480519,0.100359,0.148195,2
0.0477229,0.096276,0.209176,2
0.0797523,0.0511322,0.189049,2
0.0490419,0.0956177,0.138535,2
0.0767,0.0418018,0.0732517,2
0.015621,0.031177,0.16516,2
0.0477924,0.0900309,0.208699,2
0.0906872,0.00967012,0.0526702,2
0.00863328,0.0548375,0.0108063,2
0.0144888,0.0616487,0.114233,2
0.0552606,0.0943235,0.210778,2
0.0596731,0.0395147,0.133372,2
0.0315145,0.0784154,0.0677965,2
0.0350448,0.020864,0.13199,2
0.0486322,0.096165,0.208867,2
0.0471622,0.0954543,0.208813,2
0.0475055,0.0934982,0.213293,2
0.0412841,0.0827823,0.0241653,2
0.0455999,0.0901449,0.207337,2
0.0865652,0.0756701,0.162643,2
0.0524881,0.0912138,0.207652,2
0.0486494,0.0910325,0.206765,2
0.0488033,0.0892041,0.217595,2
0.0502716,0.0160021,0.133693,2
0.04988,0.0902275,0.207665,2
0.052035,0.0491066,0.0733507,2
0.0429692,0.0839178,0.0863112,2
0.0619098,0.073509,0.224496,2
0.0116328,0.0816221,0.0899678,2
0.0468984,0.0904506,0.209777,2
0.0175706,0.030169,0.199,2
0.0339326,0.0915221,0.214811,2
0.0124154,0.102841,0.076498,2
0.0409399,0.0153979,0.22447,2
0.0814916,0.0199839,0.14627,2
0.0448898,0.0165176,0.147774,2
0.0727912,0.00325744,0.138925,2
0.000544066,0.0230947,0.215212,2
0.0533794,0.0917633,0.00123356,2
0.0481306,0.0912513,0.209933,2
0.052333,0.0936157,0.21357,2
0.0048313,0.0467688,0.203659,2
0.0539569,0.0931885,0.205052,2
0.0478537,0.094458,0.210326,2
0.046827,0.0905873,0.211041,2
0.0496542,0.0894109,0.211774,2
0.0530037,0.0879347,0.212385,2
0.051871,0.0886286,0.209067,2
0.054592,0.0941375,0.21401,2
0.0690799,0.0651959,0.124032,2
0.0878277,0.0330736,0.0122696,2
0.0968774,0.029666,0.138806,2
0.0973123,0.071234,0.0116046,2
0.129538,0.173986,0.00496113,3
0.159566,0.199387,0.011183,3
0.150307,0.189871,0.130723,3
0.157372,0.124023,0.146632,3
0.11618,0.162887,0.0897018,3
0.20168,0.112076,0.220277,3
0.189491,0.135488,0.0533634,3
0.144707,0.150545,0.0702166,3
0.189351,0.178908,0.107253,3
0.206252,0.174994,0.0665343,3
0.138992,0.110071,0.125886,3
0.118038,0.142521,0.168691,3
0.155784,0.179194,0.0863678,3
0.200753,0.127783,0.0237877,3
0.220761,0.206813,0.0839465,3
0.191649,0.121025,0.0220447,3
0.201235,0.112629,0.0903861,3
0.151771,0.136697,0.125201,3
0.132466,0.199804,0.12506,3
0.205651,0.140632,0.0722435,3
0.141011,0.162635,0.103957,3
0.135596,0.180538,0.12987,3
0.214915,0.126093,0.200693,3
0.188894,0.117362,0.219487,3
0.13299,0.152135,0.0312388,3
0.162162,0.115293,0.171563,3
0.149127,0.149641,0.0697318,3
0.207091,0.163309,0.0599193,3
0.161652,0.175997,0.0898269,3
0.113672,0.148037,0.185064,3
0.13147,0.196547,0.192803,3
0.116868,0.141531,0.0264406,3
0.129691,0.188713,0.053872,3
0.213957,0.150662,0.0617804,3
0.12362,0.12525,0.103042,3
0.21114,0.16128,0.0571904,3
0.195915,0.221318,0.0358579,3
0.172955,0.15799,0.204818,3
0.174479,0.138355,0.207044,3
0.181844,0.18647,0.102835,3
0.176591,0.217022,0.0282867,3
0.186907,0.162063,0.157332,3
0.187114,0.139472,0.150334,3
0.135752,0.152087,0.17226,3
0.15843,0.140006,0.209665,3
0.134,0.22037,0.130718,3
0.148605,0.167994,0.0755962,3
0.201557,0.216516,0.170132,3
0.182484,0.138704,0.0377398,3
0.181054,0.218799,0.214527,3
0.134807,0.112555,0.12768,3
0.137282,0.134379,0.100256,3
0.112873,0.165434,0.2185,3
0.112329,0.201826,0.107887,3
0.224094,0.175008,0.140471,3
0.200976,0.134891,0.136844,3
0.210444,0.127722,0.18308,3
0.199826,0.183321,0.140398,3
0.221704,0.133909,0.0954219,3
0.13835,0.167098,0.117191,3
0.208894,0.110689,0.222384,3
0.113413,0.15688,0.0182661,3
0.116347,0.129479,0.0673553,3
0.143877,0.202379,0.103227,3
0.161009,0.181556,0.186458,3
0.143768,0.222693,0.208751,3
0.179048,0.19103,0.148174,3
0.219625,0.224359,0.150942,3
0.205168,0.153357,0.0720617,3
0.147056,0.113719,0.118649,3
0.131922,0.152981,0.126482,3
0.157317,0.138745,0.100165,3
0.143145,0.131434,0.0238781,3
0.181417,0.183954,0.0567593,3
0.210017,0.213727,0.120621,3
0.213088,0.140037,0.00688256,3
0.223344,0.170697,0.0334297,3
0.142123,0.164046,0.202778,3
0.187425,0.216122,0.119859,3
0.205163,0.16358,0.0487528,3
0.166346,0.120199,0.0923722,3
0.130152,0.114251,0.0612348,3
0.180636,0.161661,0.118958,3
0.163519,0.180557,0.22048,3
0.143075,0.174022,0.0543994,3
0.194795,0.141334,0.218953,3
0.12798,0.179613,0.224016,3
0.133473,0.169685,0.16809,3
0.202435,0.21176,0.19145,3
0.11358,0.217047,0.0919205,3
0.194029,0.120589,0.197673,3
0.136013,0.163113,0.0674522,3
0.174816,0.19883,0.0914299,3
0.122112,0.146269,0.0130665,3
0.172045,0.107633,0.180776,3
0.173198,0.115466,0.198229,3
0.208494,0.171241,0.0459359,3
0.188388,0.122168,0.212822,3
0.123149,0.16315,0.214778,3
0.166302,0.138261,0.0240005,3
0.21507,0.163211,0.0602348,3
0.177416,0.138967,0.214468,3
0.199096,0.18469,0.00682343,3
0.127854,0.108401,0.15272,3
0.155404,0.205067,0.0804958,3
0.133014,0.209471,0.141312,3
0.122815,0.206594,0.0328929,3
0.223519,0.212995,0.0614839,3
0.112509,0.176182,0.0707112,3
0.198231,0.157529,0.205593,3
0.135067,0.134628,0.0842628,3
0.127712,0.198669,0.0995305,3
0.206789,0.139909,0.0914732,3
0.131462,0.162805,0.135017,3
0.159966,0.124773,0.0220544,3
0.221262,0.142037,0.218672,3
0.11966,0.131462,0.0112031,3
0.122859,0.174249,0.0724704,3
0.132518,0.166955,0.19785,3
0.169849,0.197428,0.0859213,3
0.189167,0.188399,0.0182928,3
0.122286,0.172542,0.0896299,3
0.195992,0.112285,0.0148795,3
0.11227,0.201321,0.0762088,3
