x coord,y coord,z coord,rank
0.0518063,0.153214,0.096159,0
0.0154429,0.13817,0.184375,0
0.0110402,0.191283,0.0532902,0
0.104567,0.195158,0.103713,0
0.0103435,0.138885,0.181584,0
0.0258995,0.136379,0.0297811,0
0.0245913,0.142423,0.0413697,0
0.0146054,0.194082,0.0509692,0
0.0161246,0.191411,0.0537555,0
0.0408095,0.201639,0.100345,0
0.0690629,0.192089,0.0607957,0
0.0225622,0.207415,0.0795264,0
0.00572545,0.194472,0.0486355,0
0.0359767,0.219555,0.0694581,0
0.0948153,0.200346,0.181554,0
0.0111577,0.204749,0.131504,0
0.08847,0.217776,0.200751,0
0.0110522,0.172709,0.0709876,0
0.0514735,0.148285,0.0902801,0
0.0111229,0.196531,0.0568957,0
0.00989958,0.197097,0.0561435,0
0.0942515,0.185203,0.205162,0
0.0831836,0.184127,0.218555,0
0.0136188,0.190874,0.0516229,0
0.0533475,0.207428,0.0311846,0
0.015079,0.196014,0.0529403,0
0.0927936,0.150362,0.115856,0
0.0718551,0.175718,0.142395,0
0.056506,0.201347,0.136379,0
0.017719,0.194082,0.00288305,0
0.00913882,0.197054,0.0511704,0
0.0105131,0.195048,0.0532678,0
0.0975724,0.220495,0.0324631,0
0.00817414,0.197495,0.0557547,0
0.0944391,0.17025,0.0888111,0
0.0064961,0.192159,0.0542876,0
0.0101567,0.1964,0.0566794,0
0.0907533,0.176014,0.0225555,0
0.0758354,0.148993,0.163955,0
0.0720991,0.173566,0.209599,0
0.0525938,0.203836,0.0300072,0
0.0117862,0.149083,0.131086,0
0.00399009,0.180479,0.184685,0
0.0130181,0.156406,0.00167655,0
0.0111793,0.194466,0.049265,0
0.0367771,0.183065,0.139789,0
0.012687,0.195136,0.06218,0
0.00908093,0.191794,0.0541634,0
0.0103329,0.194672,0.0562601,0
0.00843975,0.195888,0.048727,0
0.0769699,0.184537,0.15919,0
0.0942508,0.223998,0.0458404,0
0.023811,0.2249,0.159294,0
0.0180252,0.193049,0.05382,0
0.00995368,0.191542,0.0550975,0
0.00487696,0.198349,0.0556505,0
0.0091182,0.198524,0.0516173,0
0.0107194,0.196954,0.0487853,0
0.0431163,0.155446,0.0843847,0
0.0684277,0.13833,0.130341,0
0.0808662,0.181854,0.00966486,0
0.00838548,0.195898,0.0532427,0
0.0103573,0.194939,0.0585178,0
0.00730398,0.200073,0.0501637,0
0.0136649,0.189803,0.0520504,0
0.0113854,0.190921,0.0565233,0
0.0110426,0.195605,0.0505771,0
0.0737186,0.194959,0.155105,0
0.0917899,0.15561,0.129191,0
0.0108912,0.19046,0.0548763,0
0.0150966,0.191202,0.0525203,0
0.0964428,0.207408,0.106321,0
0.0181763,0.194581,0.0551983,0
0.00814869,0.179535,0.0412769,0
0.103238,0.156228,0.0183604,0
0.0757875,0.14133,0.117821,0
0.0116606,0.192174,0.0562617,0
0.0122946,0.193199,0.0529737,0
0.0150995,0.192358,0.0525407,0
0.00813796,0.158579,0.141296,0
0.0143378,0.193555,0.050337,0
0.0138722,0.194193,0.0499296,0
0.0174306,0.162046,0.221781,0
0.00921288,0.199899,0.0559167,0
0.00747899,0.171865,0.154613,0
0.0546691,0.206524,0.0932314,0
0.0125221,0.196237,0.0546639,0
0.0645741,0.210927,0.196584,0
0.089838,0.150646,0.173396,0
0.0136554,0.194696,0.0579398,0
0.0130595,0.198093,0.0505076,0
0.0971526,0.224845,0.0582052,0
0.0576177,0.209115,0.0147319,0
0.0770201,0.179599,0.105527,0
0.0446644,0.170656,0.197158,0
0.0470447,0.184921,0.186267,0
0.0109889,0.198087,0.0556567,0
0.0114765,0.197602,0.0581666,0
0.021896,0.142279,0.0796925,0
0.0331511,0.206637,0.0672901,0
0.0115411,0.202286,0.0703556,0
0.103515,0.184789,0.0653587,0
0.014708,0.195325,0.0532134,0
0.0646114,0.18602,0.166028,0
0.0934621,0.175138,0.0190676,0
0.0240362,0.216927,0.1408,0
0.00366086,0.184218,0.203275,0
0.0405771,0.164767,0.0935099,0
0.0258034,0.195382,0.154275,0
0.100165,0.187941,0.144385,0
0.0172417,0.194494,0.0539578,0
0.00945861,0.199458,0.0501582,0
0.0101194,0.194508,0.0507661,0
0.00800206,0.196739,0.0535354,0
0.0222546,0.202092,0.210886,0
0.0965653,0.182499,0.0817211,0
0.0133598,0.194902,0.0521941,0
0.0523669,0.156769,0.0171182,0
0.0521444,0.211211,0.0924721,0
0.0799194,0.144283,0.195998,0
0.012973,0.185946,0.00139826,0
0.0720762,0.205529,0.0572844,0
0.0837309,0.187643,0.223633,0
0.104445,0.174956,0.101102,0
0.0181051,0.135964,0.0289556,0
0.182884,0.0225705,0.15843,1
0.171721,0.0601033,0.15486,1
0.119124,0.0676061,0.143978,1
0.207896,0.0799846,0.125957,1
0.156818,0.100987,0.0852458,1
0.115964,0.006227,0.0611386,1
0.170557,0.0908195,0.212464,1
0.218849,0.104096,0.172447,1
0.138516,0.0968107,0.215825,1
0.208661,0.0980459,0.12876,1
0.129096,0.093592,0.213274,1
0.144004,0.0644559,0.088975,1
0.136007,0.0132787,0.20243,1
0.213294,0.0821299,0.22407,1
0.224811,0.0857301,0.0109562,1
0.125324,0.00146415,0.144469,1
0.146668,0.00192335,0.180215,1
0.223002,0.038901,0.192098,1
0.113633,0.0592978,0.0605161,1
0.136076,0.0487818,0.0916505,1
0.152998,0.109072,0.0945066,1
0.152648,0.0368291,0.11204,1
0.161442,0.0229621,0.0960518,1
0.132081,0.0964787,0.183593,1
0.134513,0.0209308,0.0877669,1
0.197454,0.0444249,0.22194,1
0.157929,0.0662384,0.0832042,1
0.216407,0.00197949,0.175744,1
0.122868,0.0652108,0.0573979,1
0.209012,0.0858008,0.122119,1
0.222321,0.0751772,0.14743,1
0.194145,0.104222,0.144032,1
0.117392,0.077329,0.0372919,1
0.19106,0.0024822,0.00964559,1
0.112837,0.0926263,0.042083,1
0.127964,0.0401369,0.210415,1
0.167342,0.0789883,0.133039,1
0.220478,0.083291,0.142175,1
0.195043,0.0438441,0.0586709,1
0.197713,0.0698887,0.0142242,1
0.215835,0.0311303,0.172283,1
0.168953,0.0422559,0.154695,1
0.175417,0.0252579,0.170914,1
0.2033,0.020607,0.0546808,1
0.136432,0.0640121,0.140409,1
0.139865,0.038719,0.170604,1
0.186801,0.094169,0.00924875,1
0.176112,0.0457313,0.127785,1
0.185503,0.0326916,0.128213,1
0.109243,0.0947848,0.0824635,1
0.182034,0.0459024,0.21423,1
0.201665,0.0477912,0.176694,1
0.188437,0.0122358,0.0137075,1
0.177192,0.00123797,0.149987,1
0.132623,0.0363049,0.131045,1
0.132541,0.0302636,0.049656,1
0.221809,0.0279645,0.194794,1
0.120898,0.0162347,0.1084,1
0.195147,0.102683,0.0780804,1
0.135496,0.0686205,0.207089,1
0.118245,0.0214358,0.0901481,1
0.219359,0.0369464,0.0875036,1
0.210891,0.0546877,0.0336578,1
0.223508,0.0911139,0.209275,1
0.115617,0.0689567,0.0979641,1
0.143227,0.0182326,0.213287,1
0.156196,0.0031563,0.0537065,1
0.164968,0.00893682,0.141934,1
0.188071,0.103259,0.165866,1
0.218707,0.0148549,0.114564,1
0.163212,0.086035,0.0834856,1
0.182469,0.112396,0.0546205,1
0.126843,0.00689374,0.0641281,1
0.121643,0.0448009,0.214405,1
0.16922,0.0588061,0.0927245,1
0.212015,0.0173911,0.0419677,1
0.127575,0.0745257,0.00751352,1
0.20584,0.0212254,0.0804267,1
0.164892,0.104717,0.00732173,1
0.110185,0.10294,0.116184,1
0.115878,0.0710743,0.107504,1
0.204637,0.0383643,0.0835076,1
0.195459,0.0913185,0.176759,1
0.198642,0.0122298,0.122192,1
0.167649,0.035805,0.0896699,1
0.128929,0.0398765,0.0552628,1
0.194396,0.0114146,0.0862651,1
0.152374,0.0580677,0.221493,1
0.153783,0.081869,0.157207,1
0.118227,0.0319593,0.0206483,1
0.169314,0.0818772,0.0397639,1
0.167062,0.0105029,0.0585007,1
0.128676,0.0336647,0.0176191,1
0.194916,0.00654986,0.0520252,1
0.214414,0.0437763,0.118574,1
0.150927,0.0353708,0.0593188,1
0.156448,0.111328,0.0704596,1
0.142381,0.0100121,0.0106737,1
0.172171,0.0227089,0.116137,1
0.158523,0.0367739,0.118431,1
0.192143,0.0595254,0.123621,1
0.14596,0.0154119,0.0463075,1
0.123339,0.0347652,0.00726781,1
0.111505,0.0324816,0.0131659,1
0.108245,0.0786832,0.131386,1
0.123127,0.0207744,0.121837,1
0.142752,0.100274,0.0781299,1
0.166817,0.0698946,0.0963623,1
0.155847,0.107728,0.101553,1
0.130788,0.0768056,0.188032,1
0.176264,0.109334,0.140069,1
0.195898,0.0279228,0.112312,1
0.223903,0.0430175,0.160949,1
0.184718,0.00293744,0.104834,1
0.17197,0.109083,0.212927,1
0.141339,0.0690224,0.133265,1
0.162565,0.108459,0.212252,1
0.173021,0.0110437,0.121265,1
0.10775,0.0933916,0.180151,1
0.168902,0.0486726,0.196599,1
0.182075,0.0565576,0.217574,1
0.209294,0.108995,0.122251,1
0.161153,0.112703,0.224256,1
0.16943,0.198143,0.131829,2
0.147561,0.119242,0.0494827,2
0.151512,0.14585,0.0789067,2
0.11249,0.181527,0.106306,2
0.206865,0.132431,0.077129,2
0.154852,0.223272,0.215021,2
0.21031,0.123185,0.0650726,2
0.174762,0.130004,0.0704415,2
0.162593,0.160597,0.203733,2
0.189118,0.211855,0.139235,2
0.190953,0.132389,0.0213797,2
0.15908,0.130125,0.108733,2
0.221622,0.135859,0.01805,2
0.216127,0.113078,0.123642,2
0.186002,0.124898,0.176175,2
0.127088,0.145202,0.018308,2
0.203495,0.114451,0.196107,2
0.217079,0.204644,0.106296,2
0.224976,0.200636,0.157635,2
0.181109,0.144062,0.0455043,2
0.105146,0.142271,0.0905014,2
0.10977,0.189449,0.0345456,2
0.117677,0.131809,0.00507633,2
0.122498,0.206832,0.147581,2
0.220391,0.12558,0.102833,2
0.191591,0.121231,0.0950183,2
0.111245,0.12091,0.0462013,2
0.148517,0.151003,0.08739,2
0.191933,0.126142,0.105153,2
0.121328,0.218149,0.153064,2
0.137102,0.118437,0.19902,2
0.125939,0.201218,0.222747,2
0.219813,0.158208,0.0243564,2
0.213902,0.169482,0.0956517,2
0.178241,0.214483,0.145096,2
0.129626,0.192626,0.0435972,2
0.198766,0.181316,0.0599645,2
0.124262,0.149488,0.15147,2
0.221278,0.164337,0.174805,2
0.156319,0.125529,0.108164,2
0.105288,0.171813,0.130956,2
0.116589,0.152912,0.0472693,2
0.113678,0.176341,0.178169,2
0.123819,0.152762,0.0457762,2
0.117756,0.148049,0.0255571,2
0.123671,0.152227,0.120802,2
0.163302,0.176049,0.056257,2
0.176026,0.177026,0.130935,2
0.193937,0.204614,0.0696374,2
0.203751,0.153766,0.152152,2
0.182265,0.202165,0.222462,2
0.224498,0.154532,0.218518,2
0.189433,0.180457,0.0672371,2
0.151919,0.159352,0.165079,2
0.142589,0.1675,0.0844135,2
0.224685,0.154872,0.0086784,2
0.205883,0.148124,0.0413546,2
0.215215,0.137407,0.192484,2
0.166336,0.180528,0.0257094,2
0.21676,0.196022,0.218053,2
0.200127,0.151563,0.110758,2
0.169465,0.187197,0.00709763,2
0.141158,0.162832,0.18968,2
0.128094,0.182607,0.1976,2
0.192598,0.142458,0.208178,2
0.169805,0.161323,0.157632,2
0.220715,0.147412,0.0237663,2
0.170444,0.161162,0.0726581,2
0.211923,0.190313,0.220804,2
0.208181,0.197581,0.0551421,2
0.162705,0.152102,0.0410329,2
0.126122,0.221107,0.151145,2
0.127453,0.200192,0.155333,2
0.173281,0.203714,0.031155,2
0.164971,0.209013,0.0214279,2
0.133095,0.196783,0.0351087,2
0.196747,0.129778,0.222655,2
0.208863,0.17986,0.0555769,2
0.217478,0.203169,0.0205403,2
0.208234,0.169444,0.00774137,2
0.139899,0.182073,0.164377,2
0.135291,0.214646,0.0272105,2
0.154156,0.213872,0.144741,2
0.117417,0.151228,0.0413068,2
0.148406,0.212997,0.109333,2
0.209166,0.165721,0.0139871,2
0.148538,0.166429,0.108897,2
0.1904,0.166278,0.0764179,2
0.196541,0.125522,0.195147,2
0.173689,0.199862,0.141351,2
0.153738,0.186401,0.015548,2
0.187652,0.193419,0.202492,2
0.210979,0.183846,0.100235,2
0.172097,0.148603,0.224588,2
0.139912,0.127293,0.170171,2
0.222375,0.16852,0.155006,2
0.133118,0.185126,0.136822,2
0.171915,0.205061,0.0898122,2
0.141017,0.142756,0.0892443,2
0.118826,0.196574,0.0597602,2
0.221355,0.19303,0.152467,2
0.205893,0.177753,0.155095,2
0.196194,0.22197,0.0912201,2
0.139088,0.211453,0.137246,2
0.208484,0.217399,0.106452,2
0.217066,0.19798,0.0937696,2
0.186316,0.179637,0.125277,2
0.196865,0.135351,0.106677,2
0.109854,0.21086,0.0329752,2
0.181881,0.150029,0.0893078,2
0.198676,0.136439,0.209646,2
0.111091,0.146438,0.114731,2
0.144556,0.200231,0.14941,2
0.195862,0.16062,0.109001,2
0.220767,0.157452,0.203029,2
0.123065,0.171166,0.0802561,2
0.218234,0.192211,0.0596678,2
0.222537,0.123152,0.118465,2
0.136064,0.21915,0.10331,2
0.20716,0.224523,0.174056,2
0.211436,0.182715,0.161142,2
0.171849,0.164489,0.102051,2
0.224697,0.168387,0.10706,2
0.141629,0.194804,0.0916586,2
0.155112,0.116336,0.123811,2
0.126467,0.116427,0.00517476,2
0.0841017,0.130203,0.110603,3
0.0343125,0.114432,0.1456,3
0.00540187,0.115515,0.222231,3
0.0554421,0.125406,0.178048,3
0.10319,0.0700596,0.137628,3
0.0908477,0.12939,0.173741,3
0.0755749,0.127261,0.136041,3
0.0996448,0.111064,0.167358,3
0.0783035,0.117719,0.128966,3
0.0506262,0.093767,0.0990695,3
0.0707338,0.107949,0.185629,3
0.0465515,0.0685991,0.00447258,3
0.0495293,0.11075,0.170691,3
0.0100591,0.132043,0.0673593,3
0.0319214,0.0264638,0.0341665,3
0.0475236,0.121358,0.00162243,3
0.0265938,0.0914038,0.0293187,3
0.0915149,0.126484,0.0410603,3
0.0401267,0.130038,0.209805,3
0.0281802,0.0982498,0.144565,3
0.0285413,0.0976373,0.217222,3
0.0104009,0.0377494,0.110263,3
0.0400392,0.0636765,0.111185,3
0.0735104,0.0969705,0.0032495,3
0.0425631,0.0794973,0.188589,3
0.00853747,0.0388686,0.190414,3
0.00421037,0.0745602,0.0703041,3
0.0354704,0.103654,0.0137504,3
0.0975797,0.0181898,0.163239,3
0.0972239,0.0913354,0.0998216,3
0.084587,0.0823106,0.010913,3
0.0956872,0.00814483,0.0422569,3
0.0622654,0.0947958,0.138993,3
0.0192719,0.024653,0.113347,3
0.0769179,0.0247007,0.147195,3
0.0316291,0.084452,0.15116,3
0.0848939,0.111668,0.096129,3
0.000667104,0.105238,0.0202825,3
0.0873047,0.0998674,0.171717,3
0.0533025,0.0505335,0.1645,3
0.0921439,0.0753111,0.184109,3
0.00539455,0.0418883,0.0974623,3
0.0101416,0.0305889,0.0213299,3
0.0662016,0.0784665,0.22043,3
0.0553895,0.02943,0.00239583,3
0.0185353,0.0845326,0.217043,3
0.0212496,0.0696108,0.166086,3
0.0424683,0.0998614,0.0737973,3
0.0649447,0.117655,0.0215404,3
0.0186777,0.121153,0.0857001,3
0.0408239,0.0802962,0.027188,3
0.0483042,0.0733348,0.0682572,3
0.0749952,0.0864443,0.220573,3
0.0767895,0.0805391,0.162834,3
0.0876451,0.092129,0.199426,3
0.0900912,0.0727323,0.173805,3
0.0971062,0.0437831,0.0434948,3
0.0990776,0.0771277,0.134114,3
0.0109592,0.0585335,0.0452676,3
0.0314651,0.039832,0.134839,3
0.00630834,0.0133053,0.137526,3
0.0373448,0.037743,0.137129,3
0.0584014,0.0988258,0.218182,3
0.0939944,0.0438647,0.219732,3
0.0395623,0.051292,0.176893,3
0.0743459,0.067361,0.135368,3
0.0646724,0.0322555,0.183548,3
0.0389917,0.039823,0.0257844,3
0.00331905,0.0274207,0.206553,3
0.054577,0.0556226,0.12108,3
0.0177424,0.00812951,0.178401,3
0.091855,0.0880388,0.119651,3
0.098817,0.0513269,0.0817167,3
0.0919623,0.0126583,0.0368095,3
0.046023,0.0729258,0.0101494,3
0.0401621,0.0759182,0.192569,3
0.0348751,0.0395701,0.0478523,3
0.0438916,0.000684882,0.0298382,3
0.0583312,0.0567536,0.0149294,3
0.0414708,0.0400224,0.122073,3
0.102932,0.0233595,0.203661,3
0.0432659,0.0514867,0.124084,3
0.000578567,0.0902945,0.0426259,3
0.0162584,0.0475692,0.164203,3
0.0370014,0.0876366,0.0660491,3
0.0902153,0.0136359,0.158913,3
0.0181047,0.0248848,0.0292043,3
0.00642825,0.0961921,0.0732664,3
0.0446479,0.0960808,0.0753181,3
0.0142827,0.0388984,0.218982,3
0.0807775,0.0255404,0.10715,3
0.0862884,0.028517,0.168177,3
0.0860459,0.0551857,0.0137108,3
0.0037349,0.0852871,0.153227,3
0.0340029,0.0290328,0.0605997,3
0.0606786,0.0330089,0.134501,3
0.0179129,0.039851,0.0576422,3
0.0156673,0.000509689,0.217598,3
0.0602833,0.0119402,0.0640356,3
0.0121895,0.0339183,0.190545,3
0.078104,0.00683445,0.0134476,3
0.0664327,0.101011,0.0374211,3
0.0334937,0.0972956,0.122414,3
0.0882253,0.0151268,0.0321029,3
0.0106039,0.111667,0.0651239,3
0.0151132,0.0220977,0.048604,3
0.0894208,0.0722964,0.11626,3
0.0618354,0.100933,0.0770151,3
0.0524408,0.0434146,0.119289,3
0.0896644,0.0599876,0.133461,3
0.0628341,0.0977025,0.0698221,3
0.0270239,0.0717729,0.0878191,3
0.00357384,0.0390284,0.218147,3
0.0219052,0.0292689,0.20378,3
0.0778471,0.0329733,0.147082,3
0.023749,0.0644861,0.0885488,3
0.0202378,0.00110299,0.0986869,3
0.0534098,0.125907,0.0213352,3
0.0187846,0.13492,0.0594456,3
0.0778552,0.0310487,0.166468,3
0.0930548,0.0801617,0.167574,3
0.0260281,0.0477293,0.110391,3
0.0728505,0.0054637,0.160697,3
0.069262,0.0768031,0.106871,3
0.0661543,0.081859,0.188013,3
0.104818,0.0398516,0.00690291,3
