x coord,y coord,z coord,rank
0.208853,0.115623,0.127485,0
0.0752939,0.116902,0.20336,0
0.12904,0.111332,0.154052,0
0.0626871,0.0107315,0.117883,0
0.14437,0.117062,0.183032,0
0.122071,0.117825,0.224269,0
0.0317853,0.0332984,0.197223,0
0.166965,0.105374,0.146603,0
0.0488424,0.0572368,0.129649,0
0.197147,0.032012,0.118659,0
0.216403,0.0574177,0.128176,0
0.195702,0.0588688,0.166573,0
0.188438,0.119045,0.182106,0
0.176468,0.106862,0.173078,0
0.000464704,0.00288532,0.112046,0
0.0923966,0.119409,0.224722,0
0.140621,0.0457365,0.179341,0
0.200692,0.0834472,0.154638,0
0.0441334,0.100524,0.196757,0
0.0612721,0.0669482,0.156428,0
0.0821982,0.0210035,0.180332,0
0.121823,0.0147384,0.108928,0
0.151751,0.0939331,0.194584,0
0.00870704,0.0701259,0.173687,0
0.130105,0.0943509,0.197263,0
0.0525618,0.0173796,0.19102,0
0.187688,0.101287,0.22185,0
0.0165392,0.122084,0.195934,0
0.0980181,0.121928,0.221032,0
0.170054,0.0134816,0.146963,0
0.202341,0.121054,0.14137,0
0.159623,0.063134,0.182788,0
0.152331,0.0109077,0.212736,0
0.0520087,0.0589642,0.157532,0
0.0316015,0.0671408,0.170436,0
0.119536,0.064094,0.155183,0
0.201129,0.110919,0.122636,0
0.0481661,0.0168722,0.127844,0
0.215187,0.0597932,0.20935,0
0.0926539,0.0154135,0.16921,0
0.0913925,0.0283878,0.128847,0
0.0332622,0.0833807,0.146593,0
0.219145,0.02214,0.22251,0
0.111586,0.100647,0.13808,0
0.0175846,0.0754769,0.224629,0
0.0837269,0.116832,0.148933,0
0.0701656,0.0388358,0.151285,0
0.0757045,0.102855,0.19132,0
0.22296,0.00271608,0.170855,0
0.158089,0.0319608,0.175013,0
0.206163,0.111227,0.211229,0
0.0991511,0.0252233,0.193956,0
0.149899,0.0462382,0.159701,0
0.0109638,0.0519785,0.13227,0
0.0135514,0.0236402,0.150262,0
0.143231,0.0226813,0.12772,0
0.081895,0.0262865,0.12624,0
0.167831,0.11123,0.172536,0
0.0923459,0.108032,0.161761,0
0.0772571,0.0531678,0.222837,0
0.179378,0.0331536,0.185474,0
0.000301674,0.0580413,0.202834,0
0.0785693,0.0629693,0.109953,0
0.140791,0.113747,0.178011,0
0.115663,0.0686649,0.133535,0
0.162794,0.115338,0.207536,0
0.188161,0.0606539,0.191493,0
0.206453,0.00246096,0.198679,0
0.0326282,0.023892,0.165304,0
0.0554936,0.0464743,0.154902,0
0.215737,0.0610512,0.137901,0
0.190563,0.00969147,0.11669,0
0.179987,0.00410047,0.219634,0
0.0535382,0.00871819,0.13584,0
0.0779624,0.00283679,0.161498,0
0.0922097,0.0535558,0.131268,0
0.00154962,0.0532216,0.178904,0
0.0864412,0.0870891,0.212941,0
0.222672,0.0149507,0.177891,0
0.183988,0.0126431,0.121509,0
0.00381287,0.110268,0.157427,0
0.20054,0.0470919,0.179349,0
0.143802,0.0496652,0.221409,0
0.141733,0.0880604,0.135223,0
0.0951466,0.105623,0.145901,0
0.0874586,0.117597,0.156004,0
0.0929112,0.117225,0.161422,0
0.217736,0.0724037,0.193829,0
0.169722,0.089249,0.217632,0
0.107943,0.0136186,0.180401,0
0.110848,0.0719434,0.204821,0
0.136306,0.00987111,0.122455,0
0.012711,0.0810986,0.137632,0
0.178746,0.025782,0.113655,0
0.0519388,0.10151,0.190594,0
0.0239511,0.00630747,0.112273,0
0.00646884,0.0897681,0.173151,0
0.114272,0.05885,0.138454,0
0.0697547,0.119441,0.112587,0
0.00204197,0.1224,0.159581,0
0.00467993,0.0116298,0.13616,0
0.181035,0.0808773,0.141356,0
0.00838271,0.116158,0.142164,0
0.191214,0.00914849,0.143612,0
0.0868146,0.010617,0.210193,0
0.075852,0.0864835,0.131621,0
0.0127544,0.0582282,0.224677,0
0.0902888,0.11002,0.14519,0
0.0260426,0.0427149,0.141802,0
0.0589705,0.0147672,0.203426,0
0.0201261,0.110922,0.141894,0
0.0123745,0.0612027,0.143044,0
0.0943652,0.110856,0.22201,0
0.0569324,0.00916692,0.161638,0
0.02631,0.0627483,0.218251,0
0.206451,0.116212,0.122966,0
0.0147567,0.042352,0.19581,0
0.0504706,0.0599035,0.17933,0
0.0458221,0.115866,0.210464,0
0.116875,0.214285,0.123992,1
0.108408,0.175954,0.146572,1
0.133988,0.168906,0.204696,1
0.0205995,0.213338,0.117592,1
0.019335,0.180072,0.153041,1
0.0571021,0.188166,0.142785,1
0.053841,0.148878,0.131671,1
0.126028,0.195774,0.157023,1
0.0453469,0.186018,0.183389,1
0.113884,0.222256,0.124222,1
0.0604394,0.205037,0.151285,1
0.158721,0.146525,0.196209,1
0.139748,0.151162,0.198769,1
0.00724624,0.152307,0.173158,1
0.0379848,0.199082,0.184962,1
0.0353775,0.200783,0.19206,1
0.0824878,0.205781,0.158822,1
0.138305,0.185415,0.177936,1
0.0470574,0.224966,0.135751,1
0.120016,0.170092,0.180278,1
0.0929541,0.164239,0.121919,1
0.124614,0.140598,0.159597,1
0.00672382,0.160762,0.212519,1
0.126546,0.209878,0.189463,1
0.0140064,0.141023,0.127455,1
0.105133,0.221119,0.137267,1
0.124609,0.138443,0.213887,1
0.0150221,0.218618,0.116987,1
0.0174372,0.158225,0.145764,1
0.158577,0.204376,0.185821,1
0.108523,0.211736,0.222491,1
0.0132905,0.215774,0.121858,1
0.0169671,0.21675,0.121555,1
0.099822,0.198444,0.128883,1
0.105373,0.148222,0.198389,1
0.222243,0.16771,0.183567,1
0.114655,0.176393,0.120355,1
0.193768,0.213085,0.120173,1
0.108329,0.189923,0.151475,1
0.222896,0.219885,0.162518,1
0.211287,0.200274,0.181625,1
0.105824,0.196533,0.213766,1
0.0200717,0.216512,0.116926,1
0.156714,0.15346,0.210409,1
0.194389,0.135282,0.205255,1
0.0589947,0.181275,0.146265,1
0.161427,0.163275,0.21812,1
0.180374,0.208293,0.184995,1
0.202721,0.189737,0.201219,1
0.00286829,0.125144,0.186855,1
0.0825303,0.131276,0.145605,1
0.112361,0.183165,0.163407,1
0.115849,0.162302,0.142909,1
0.0878737,0.16079,0.13548,1
0.0522406,0.203479,0.192984,1
0.11474,0.125349,0.135997,1
0.158086,0.143893,0.219566,1
0.115434,0.217036,0.144309,1
0.175031,0.209063,0.193332,1
0.049693,0.224028,0.135808,1
0.12671,0.183926,0.169303,1
0.15484,0.22178,0.183802,1
0.140154,0.154457,0.219915,1
0.0166306,0.152185,0.188642,1
0.185333,0.177376,0.216087,1
0.032857,0.136629,0.166044,1
0.10163,0.206251,0.159601,1
0.166246,0.141005,0.158546,1
0.13415,0.153263,0.178903,1
0.0149719,0.18696,0.141027,1
0.0272254,0.22258,0.164833,1
0.00919374,0.153565,0.213596,1
0.16082,0.204415,0.129775,1
0.0246794,0.207449,0.198153,1
0.0804346,0.174141,0.202029,1
0.11799,0.209641,0.213846,1
0.209511,0.16248,0.164399,1
0.0904807,0.139194,0.201813,1
0.0400713,0.21829,0.14776,1
0.0139874,0.214879,0.121397,1
0.0174761,0.212475,0.1181,1
0.0844081,0.153655,0.15333,1
0.100092,0.200867,0.212629,1
0.0251449,0.209087,0.211605,1
0.120186,0.211829,0.212789,1
0.203931,0.181458,0.128833,1
0.124421,0.125474,0.151963,1
0.0729965,0.19463,0.124373,1
0.193466,0.18834,0.197744,1
0.0165531,0.210248,0.118165,1
0.217334,0.141529,0.120006,1
0.0148756,0.216692,0.118315,1
0.197252,0.165732,0.188022,1
0.0183139,0.211896,0.117747,1
0.107675,0.162259,0.191731,1
0.0972485,0.148459,0.195296,1
0.224426,0.157446,0.161225,1
0.0802582,0.180817,0.175178,1
0.10407,0.205427,0.135219,1
0.0132523,0.214943,0.121388,1
0.0338926,0.198899,0.117388,1
0.0132255,0.211445,0.117841,1
0.0534416,0.147019,0.14413,1
0.0885685,0.185793,0.145649,1
0.204217,0.224759,0.14628,1
0.0140158,0.212795,0.121796,1
0.0212235,0.213998,0.117169,1
0.0175193,0.217868,0.120355,1
0.102405,0.123991,0.219789,1
0.144375,0.131141,0.139681,1
0.0890641,0.172015,0.215184,1
0.0111627,0.21547,0.118242,1
0.00364708,0.135889,0.214585,1
0.132115,0.220503,0.202599,1
0.192439,0.188849,0.123599,1
0.0889901,0.172696,0.127228,1
0.206216,0.150753,0.163001,1
0.00878595,0.215514,0.117854,1
0.0161432,0.221359,0.116973,1
0.0211314,0.213355,0.117925,1
0.0145861,0.219408,0.118628,1
0.0197458,0.217006,0.119908,1
0.0184925,0.215777,0.120376,1
0.0145161,0.217455,0.12199,1
0.0589031,0.127284,0.191614,1
0.189817,0.125368,0.176865,1
0.0158006,0.217847,0.119186,1
0.0136542,0.212664,0.116988,1
0.0154356,0.218959,0.116982,1
0.009921,0.21708,0.11689,1
0.0124252,0.216397,0.116728,1
0.206636,0.118741,0.0687717,2
0.192093,0.0329378,0.0603153,2
0.126391,0.075316,0.0932225,2
0.129401,0.0608357,0.0839852,2
0.152188,0.0884901,0.0500833,2
0.201839,0.00603391,0.0727055,2
0.189061,0.102177,0.0796883,2
0.0214665,0.080539,0.0168025,2
0.127471,0.032424,0.03594,2
0.220564,0.101524,0.00793143,2
0.0891724,0.0682457,0.0825373,2
0.0401501,0.0101808,0.0621558,2
0.179277,0.0317731,0.0133636,2
0.165943,0.0592845,0.0958044,2
0.161475,0.121004,0.0313772,2
0.0487812,0.0228837,0.0483769,2
0.162351,0.0268612,0.0900944,2
0.174846,0.0237564,0.0590771,2
0.0253146,0.110758,0.0253196,2
0.185778,0.0685907,0.0807693,2
0.00259807,0.0193487,0.06762,2
0.067147,0.047,0.0340147,2
0.208449,0.0595213,0.0106222,2
0.142767,0.097306,0.098177,2
0.0337703,0.0546425,0.00495835,2
0.0653345,0.0797719,0.00540006,2
0.105946,0.106465,0.067049,2
0.0494321,0.0455689,0.0493181,2
0.054819,0.104062,0.0693471,2
0.205819,0.0995646,0.0516286,2
0.182671,0.0638806,0.0159314,2
0.120003,0.0246364,0.0805296,2
0.217383,0.00533416,0.053604,2
0.201507,0.0651438,0.064821,2
0.151717,0.0279169,0.0463082,2
0.0463289,0.0502773,0.0374127,2
0.0767094,0.0243187,0.0976079,2
0.102516,0.0615293,0.0494716,2
0.0758135,0.0627348,0.100119,2
0.201697,0.0978318,0.0750103,2
0.21077,0.0244685,0.00569816,2
0.126002,0.0492307,0.0352187,2
0.129219,0.000646237,0.0255889,2
0.0154139,0.0555494,0.0450073,2
0.01812,0.0960413,0.0555548,2
0.180524,0.0119855,0.0106891,2
0.156476,0.0199266,0.00324539,2
0.0249419,0.0233254,0.0763668,2
0.212812,0.0502461,0.063087,2
0.150156,0.0998228,0.0184292,2
0.0278635,0.0637978,0.0574056,2
0.120558,0.0246576,0.0194391,2
0.156387,0.0623339,0.104722,2
0.172234,0.0267593,0.041706,2
0.12455,0.0198517,0.0479747,2
0.0493182,0.00133343,0.0404175,2
0.200846,0.0450348,0.0680456,2
0.159836,0.0617713,0.0276741,2
0.190251,0.0880956,0.0738858,2
0.131662,0.000210024,0.0505191,2
0.0415548,0.0744863,0.0731221,2
0.193844,0.108676,0.0713307,2
0.14289,0.0551343,0.00787042,2
0.0294214,0.11887,0.0599922,2
0.0501331,0.00474773,0.0931584,2
0.169564,0.0358538,0.0922348,2
0.0470318,0.00916823,0.0254582,2
0.186348,0.112479,0.0619803,2
0.150157,0.0643139,0.0831082,2
0.200839,0.121248,0.0647374,2
0.142692,0.00324218,0.0608013,2
0.133517,0.0978069,0.0297772,2
0.214693,0.0172318,0.0556087,2
0.039859,0.0588537,0.00271497,2
0.192581,0.0240931,0.0793649,2
0.149606,0.0291581,0.0151095,2
0.0376754,0.0825119,0.0527025,2
0.0456877,0.035903,0.0904522,2
0.0718091,0.0587399,0.0257262,2
0.000804607,0.0359254,0.0723322,2
0.197641,0.0859133,0.0681344,2
0.192626,0.0922972,0.0363618,2
0.183445,0.0481358,0.0876613,2
0.022367,0.0233883,0.0368134,2
0.132004,0.0742981,0.0999431,2
0.189659,0.0996549,0.0885682,2
0.0544327,0.0106097,0.00952487,2
0.116964,0.108153,0.0936816,2
0.170662,0.007524,0.0949725,2
0.177522,0.105085,0.0292538,2
0.209026,0.0754002,0.00123425,2
0.208776,0.0191779,0.080136,2
0.0852671,0.10322,0.0297755,2
0.0866731,0.0146179,0.0221611,2
0.159561,0.108088,0.0536567,2
0.0926203,0.0389791,0.100953,2
0.205974,0.0585428,0.0691035,2
0.118682,0.0733363,0.104316,2
0.0881706,0.00278454,0.0891031,2
0.0551994,0.107946,0.00258097,2
0.00154922,0.0852451,0.00219463,2
0.173419,0.10777,0.0775084,2
0.200992,0.0589429,0.0165705,2
0.0159522,0.0751635,0.028415,2
0.14309,0.0222175,0.0725986,2
0.0341271,0.106907,0.0593405,2
0.01386,0.0770647,0.0425302,2
0.161381,0.110654,0.0985489,2
0.0445845,0.0214579,0.0605347,2
0.0304311,0.0318022,0.0984172,2
0.0846472,0.0186011,0.0323021,2
0.0436957,0.0182832,0.0174334,2
0.0977365,0.0260232,0.0847972,2
0.0110159,0.0187193,0.0120256,2
0.0665218,0.0522995,0.0748555,2
0.0312151,0.0565128,0.0477738,2
0.108472,0.0814517,0.103519,2
0.0842905,0.0048357,0.00755929,2
0.00070928,0.0899595,0.0184153,2
0.0103354,0.0262219,0.0266487,2
0.119761,0.00332482,0.0459303,2
0.0201871,0.0285239,0.0416827,2
0.0424055,0.107316,0.0682838,2
0.120423,0.114223,0.00013453,2
0.126138,0.0364033,0.0397356,2
0.16414,0.116973,0.0743334,2
0.11242,0.119709,0.0284891,2
0.111977,0.120765,0.0763205,2
0.126222,0.112031,0.102815,2
0.0774487,0.113619,0.105124,2
0.2032,0.120435,0.0689837,2
0.0629958,0.0105615,0.107404,2
0.145239,0.0011556,0.108292,2
0.017216,0.212891,0.114804,3
0.0141507,0.218018,0.113931,3
0.131122,0.134719,0.116447,3
0.01653,0.220756,0.114019,3
0.154357,0.182208,0.0598074,3
0.0118714,0.211218,0.116586,3
0.223571,0.142176,0.0708773,3
0.126385,0.138406,0.0660829,3
0.0148833,0.214872,0.115469,3
0.0932975,0.165331,0.0551002,3
0.0540397,0.219252,0.0798416,3
0.109829,0.124325,0.106713,3
0.170614,0.127168,0.102778,3
0.0376161,0.175274,0.0407935,3
0.096441,0.193604,0.0930755,3
0.00726047,0.175883,0.0595131,3
0.00932195,0.221897,0.0785472,3
0.100319,0.138719,0.0732154,3
0.159387,0.130869,0.107709,3
0.155554,0.213332,0.0423584,3
0.0148895,0.216961,0.115934,3
0.0189209,0.212604,0.115837,3
0.0145794,0.224162,0.0380353,3
0.0455493,0.137195,0.087371,3
0.118488,0.126427,0.0387474,3
0.143232,0.159227,0.106346,3
0.154453,0.21863,0.076808,3
0.150847,0.150857,0.028447,3
0.18436,0.135469,0.0603624,3
0.195631,0.192422,0.0498877,3
0.0191844,0.217374,0.110275,3
0.0151698,0.216199,0.110104,3
0.182101,0.212549,0.0592205,3
0.0615263,0.135852,0.0580766,3
0.155181,0.173991,0.00346962,3
0.0186306,0.211066,0.111721,3
0.0832189,0.222276,0.0842666,3
0.212618,0.150709,0.0474068,3
0.20167,0.159794,0.0861241,3
0.051546,0.223182,0.0336182,3
0.212762,0.202948,0.0944882,3
0.0150145,0.21335,0.115636,3
0.0157634,0.214968,0.112154,3
0.0226767,0.145761,0.00282618,3
0.0538553,0.160225,0.0557083,3
0.186567,0.22297,0.0864418,3
0.0503308,0.190591,0.115248,3
0.0175711,0.218892,0.113251,3
0.196715,0.21608,0.0989568,3
0.126596,0.176821,0.074763,3
0.156572,0.209005,0.0175748,3
0.0840598,0.185298,0.00853823,3
0.0301574,0.174877,0.0784945,3
0.128035,0.157578,0.0292446,3
0.0748738,0.167019,0.0372678,3
0.17922,0.191557,0.0512214,3
0.00152855,0.154282,0.0938225,3
0.037432,0.155647,0.00638249,3
0.0210601,0.212086,0.0501185,3
0.0128104,0.214844,0.1157,3
0.130476,0.180186,0.0105999,3
0.0114557,0.157041,0.0829375,3
0.0968166,0.144442,0.103806,3
0.21897,0.215994,0.0206802,3
0.0443683,0.141175,0.0488239,3
0.197481,0.145217,0.0721414,3
0.178997,0.184236,0.0117877,3
0.213041,0.152967,0.00842565,3
0.0285532,0.194475,0.0241695,3
0.0664514,0.196986,0.0589856,3
0.182409,0.219127,0.0644549,3
0.0547639,0.135144,0.0159857,3
0.21523,0.162127,0.0259977,3
0.034239,0.140282,0.110769,3
0.0560777,0.218332,0.105519,3
0.0391746,0.155538,0.0320167,3
0.194792,0.198624,0.0715702,3
0.0735272,0.175038,0.0504434,3
0.212132,0.169184,0.0821576,3
0.0219267,0.162657,0.0222667,3
0.0156508,0.212025,0.0237335,3
0.0882752,0.136191,0.0657936,3
0.184667,0.13932,0.0642532,3
0.183138,0.188989,0.0884521,3
0.0136149,0.163609,0.0703618,3
0.161483,0.160104,0.00720955,3
0.0367447,0.211804,0.0821163,3
0.210367,0.219038,0.0840843,3
0.141,0.173863,0.0978686,3
0.0513314,0.158859,0.0515229,3
0.0536759,0.124595,0.0769861,3
0.0137669,0.216444,0.112706,3
0.0644399,0.158619,0.0753938,3
0.018917,0.216906,0.114123,3
0.0776842,0.174541,0.00835979,3
0.0229091,0.210453,0.114486,3
0.198684,0.174024,0.0763975,3
0.185517,0.147853,0.091613,3
0.124439,0.150831,0.0191757,3
0.0997782,0.138618,0.00500546,3
0.212381,0.166586,0.0695348,3
0.136497,0.220631,0.0185601,3
0.151084,0.172788,0.00162985,3
0.0172803,0.190177,0.0875443,3
0.16452,0.170162,0.0665516,3
0.0534732,0.176298,0.0405371,3
0.095444,0.133518,0.000603827,3
0.00629829,0.156297,0.0521306,3
0.181638,0.170598,0.115604,3
0.0215804,0.224934,0.0453813,3
0.0177727,0.216222,0.113472,3
0.0237378,0.204279,0.0337925,3
0.025968,0.174429,0.0949405,3
0.207238,0.132531,0.0685664,3
0.218851,0.170114,0.0672206,3
0.0636833,0.163245,0.0284523,3
0.0337149,0.178651,0.0557545,3
