x coord,y coord,z coord,rank
0.0559047,0.0535458,0.17722,0
0.0550565,0.00310947,0.149579,0
0.0856611,0.0704665,0.0274319,0
0.0551431,0.0789405,0.148828,0
0.048861,0.10627,0.0685378,0
0.0762281,0.0842253,0.102987,0
0.0694965,0.0698925,0.206405,0
0.0868416,0.0323171,0.154781,0
0.00578588,0.0606069,0.160272,0
0.0457986,0.067603,0.179511,0
0.0559729,0.0647345,0.192454,0
0.0391927,0.0827289,0.171912,0
0.0537821,0.0675372,0.140512,0
0.0349769,0.061014,0.171445,0
0.0500483,0.0683571,0.0504067,0
0.0868715,0.0260862,0.173145,0
0.0853453,0.0574344,0.205093,0
0.0316221,0.0221172,0.178811,0
0.0760587,0.0497176,0.00808545,0
0.0700569,0.0335368,0.123229,0
0.0167712,0.0692477,0.0440388,0
0.0531747,0.0495663,0.150588,0
0.0490613,0.0923026,0.183247,0
0.0824708,0.112947,0.176293,0
0.0353154,0.090182,0.113234,0
0.0114007,0.0256261,0.126938,0
0.0924411,0.107072,0.0864519,0
0.0128515,0.101137,0.183598,0
0.0189589,0.118643,0.132716,0
0.0237827,0.117473,0.176428,0
0.0856674,0.112883,0.202836,0
0.0045541,0.0415772,0.00957474,0
0.0647064,0.128467,0.0458166,0
0.0897378,0.0741952,0.218956,0
0.0571972,0.0819793,0.099667,0
0.0194496,0.0618937,0.0559864,0
0.0326042,0.0372126,0.012315,0
0.0424954,0.106014,0.0242792,0
0.0852207,0.0305956,0.160885,0
0.0654652,0.00592791,0.112348,0
0.0379161,0.0515901,0.15229,0
0.0738504,0.0383365,0.0778562,0
0.0203593,0.0324477,0.0375063,0
0.0509345,0.0187575,0.0425175,0
0.0819203,0.0523539,0.184258,0
0.0118147,0.0123013,0.184337,0
0.0804584,0.0248208,0.124171,0
0.0442645,0.0461537,0.0462692,0
0.0204154,0.0326707,0.0347766,0
0.0327661,0.126181,0.0724548,0
0.0795465,0.0967089,0.118639,0
0.0193695,0.113902,0.18362,0
0.0188115,0.0807031,0.00277176,0
0.0143069,0.0824551,0.211443,0
0.0796307,0.0225675,0.0452111,0
0.0624091,0.0173932,0.205391,0
0.0846971,0.103364,0.0442692,0
0.0220811,0.045152,0.20848,0
0.072247,0.0946933,0.166358,0
0.0922542,0.0191673,0.129606,0
0.040492,0.122985,0.146477,0
0.0331505,0.00582309,0.189309,0
0.0521205,0.0309449,0.0293499,0
0.054859,0.130974,0.101568,0
0.0338286,0.0844242,0.215797,0
0.0928734,0.0830416,0.0775345,0
0.072915,0.017726,0.151017,0
0.0375603,0.0662115,0.224391,0
0.0936879,0.126662,0.173041,0
0.01296,0.105981,0.107798,0
0.0544556,0.0353583,0.0541775,0
0.0467659,0.0879963,0.114474,0
0.0761434,0.0484679,0.102355,0
0.0589017,0.115863,0.0478229,0
0.0550753,0.016452,0.104674,0
0.017339,0.102465,0.162325,0
0.0599897,0.0393743,0.0818195,0
0.0646409,0.0838384,0.219319,0
0.0536893,0.0203025,0.202382,0
0.0737375,0.0243851,0.104897,0
0.0645707,0.0684981,0.203245,0
0.0634786,0.10764,0.1362,0
0.0702705,0.118094,0.2084,0
0.0320938,0.0365457,0.0822936,0
0.0325542,0.0118907,0.0875325,0
0.0786064,0.0127844,0.199242,0
0.0239166,0.128294,0.224267,0
0.0216533,0.111581,0.198652,0
0.0673828,0.0307219,0.108889,0
0.0122823,0.0102259,0.192428,0
0.00243091,0.00728054,0.111076,0
0.0867177,0.0352202,0.223286,0
0.00510504,0.014088,0.0896533,0
0.0183801,0.0850946,0.0425866,0
0.0409781,0.0289581,0.065539,0
0.0298041,0.00598244,0.148824,0
0.09244,0.129181,0.103581,0
0.0759462,0.0991698,0.120764,0
0.00290091,0.0213847,0.114854,0
0.0676854,0.0618744,0.0363177,0
0.00702609,0.0718209,0.0568967,0
0.0626822,0.0858211,0.103938,0
0.0598895,0.114132,0.112136,0
0.00573958,0.111858,0.0199244,0
0.03507,0.125405,0.0791671,0
0.0936129,0.12283,0.212692,0
0.0849543,0.0156834,0.0444685,0
0.0214755,0.0640491,0.0518809,0
0.00103301,0.0999395,0.0688175,0
0.0602799,0.0719649,0.113683,0
0.0396032,0.0713334,0.0715342,0
0.0688874,0.0799072,0.0404217,0
0.0363027,0.109037,0.0367668,0
0.0390611,0.0522207,0.0121205,0
0.0958947,0.0649301,0.111084,0
0.0229722,0.116706,0.105128,0
0.0408783,0.0333642,0.0770353,0
0.00941509,0.102301,0.0994459,0
0.00201556,0.12388,0.0222009,0
0.0105971,0.0917512,0.10101,0
0.0286684,0.068711,0.0259245,0
0.00989202,0.100161,0.0963154,0
0.0459321,0.119116,0.0874942,0
0.0929028,0.122582,0.0552925,0
0.0220995,0.129426,0.104686,0
0.0902959,0.0262013,0.0189137,0
0.0937826,0.00471617,0.0180427,0
0.0961944,0.00114368,0.180355,0
0.20721,0.138591,0.0764921,1
0.102313,0.146081,0.165934,1
0.222778,0.145614,0.161254,1
0.17051,0.149073,0.145155,1
0.188447,0.176526,0.0668642,1
0.204872,0.224356,0.131633,1
0.114596,0.197215,0.0527897,1
0.13452,0.206575,0.125815,1
0.198165,0.197926,0.0793982,1
0.152368,0.164051,0.05043,1
0.162523,0.193506,0.221765,1
0.182879,0.143902,0.0108387,1
0.133658,0.20362,0.146498,1
0.135047,0.134726,0.0882714,1
0.200875,0.126263,0.135482,1
0.152847,0.168723,0.0717679,1
0.11258,0.208438,0.0806616,1
0.126082,0.186664,0.0131369,1
0.132211,0.167924,0.154182,1
0.144551,0.17647,0.128054,1
0.191912,0.128052,0.0781274,1
0.151851,0.146075,0.0109733,1
0.1072,0.157894,0.0562694,1
0.11137,0.182411,0.108285,1
0.177261,0.18978,0.201442,1
0.212628,0.161934,0.0630782,1
0.185263,0.123701,0.0340614,1
0.14561,0.155475,0.0623089,1
0.149904,0.212078,0.222527,1
0.217489,0.181039,0.145434,1
0.132009,0.175233,0.06998,1
0.1503,0.164316,0.130565,1
0.176138,0.170575,0.183724,1
0.19921,0.135415,0.161279,1
0.197759,0.214265,0.0679246,1
0.164312,0.137059,0.136788,1
0.219668,0.172506,0.162211,1
0.153186,0.181757,0.104261,1
0.223199,0.213074,0.197363,1
0.212604,0.147131,0.1943,1
0.200773,0.191787,0.222672,1
0.172495,0.186905,0.0394625,1
0.116821,0.156933,0.00272197,1
0.182796,0.194513,0.0742358,1
0.179353,0.149373,0.19113,1
0.221479,0.161367,0.169253,1
0.106963,0.181875,0.187331,1
0.145424,0.21289,0.0865248,1
0.176666,0.213272,0.199954,1
0.124989,0.200983,0.0615578,1
0.173259,0.188811,0.116275,1
0.145865,0.180798,0.208187,1
0.212903,0.152348,0.191581,1
0.153591,0.132087,0.218286,1
0.173585,0.175222,0.0333265,1
0.178885,0.192007,0.0366868,1
0.219385,0.19745,0.0808136,1
0.187885,0.141646,0.0739317,1
0.222083,0.181346,0.191228,1
0.176405,0.179472,0.0332058,1
0.161604,0.128605,0.0269258,1
0.133864,0.155182,0.14598,1
0.175435,0.211548,0.128977,1
0.192979,0.17684,0.181409,1
0.174228,0.221411,0.00184985,1
0.202988,0.222625,0.224261,1
0.160715,0.136002,0.0725363,1
0.164784,0.162574,0.132025,1
0.137783,0.20175,0.128699,1
0.203697,0.211287,0.144799,1
0.161001,0.185045,0.0413393,1
0.101919,0.202908,0.206721,1
0.112194,0.215554,0.172373,1
0.152881,0.202641,0.148757,1
0.123892,0.163388,0.218271,1
0.195047,0.192458,0.151837,1
0.171211,0.220066,0.0258056,1
0.117531,0.128818,0.146311,1
0.108364,0.206349,0.021844,1
0.17565,0.175012,0.177556,1
0.200284,0.166849,0.158255,1
0.169574,0.201308,0.216793,1
0.16122,0.205885,0.0703379,1
0.111776,0.196487,0.163048,1
0.212848,0.1303,0.179884,1
0.134233,0.205416,0.212816,1
0.147302,0.18586,0.0114945,1
0.168168,0.140565,0.0770667,1
0.198042,0.213179,0.0610957,1
0.177012,0.166669,0.0286491,1
0.132636,0.152153,0.168419,1
0.218109,0.139081,0.1414,1
0.103447,0.131372,0.138424,1
0.197794,0.193613,0.0817608,1
0.108527,0.195185,0.115354,1
0.222648,0.21806,0.0516834,1
0.172756,0.188845,0.0100011,1
0.159804,0.142151,0.12104,1
0.110358,0.18403,0.1823,1
0.220149,0.181915,0.018891,1
0.215041,0.140602,0.0971265,1
0.13767,0.122975,0.188778,1
0.131828,0.170448,0.0824239,1
0.17009,0.118026,0.192946,1
0.122397,0.121767,0.0424723,1
0.192843,0.149096,0.0339665,1
0.0979587,0.118567,0.192834,1
0.175022,0.124446,0.0758303,1
0.192314,0.174163,0.0337162,1
0.222413,0.119255,0.0986644,1
0.177376,0.118482,0.0769435,1
0.125768,0.122672,0.0458866,1
0.145597,0.14137,0.0769749,1
0.109541,0.143836,0.101771,1
0.209366,0.201023,0.0248645,1
0.172139,0.189487,0.124094,1
0.110455,0.136688,0.103435,1
0.123858,0.145112,0.0829126,1
0.154994,0.216613,0.00843697,1
0.109327,0.197486,0.0363169,1
0.126104,0.138556,0.0721765,1
0.134988,0.137526,0.112992,1
0.096973,0.160974,0.0168515,1
0.149727,0.00932495,0.0824749,2
0.192365,0.113133,0.0772973,2
0.0985942,0.0591899,0.0124367,2
0.130961,0.114721,0.0272697,2
0.134071,0.0372505,0.0183593,2
0.176157,0.0913584,0.0838298,2
0.207825,0.0488459,0.0226321,2
0.201307,0.0859793,0.14492,2
0.141798,0.0431222,0.0293559,2
0.153032,0.0803326,0.020883,2
0.156513,0.010337,0.0667615,2
0.168374,0.09222,0.0821688,2
0.207724,0.080167,0.0234056,2
0.205814,0.0407276,0.0575227,2
0.100713,0.011625,0.0538953,2
0.184141,0.109185,0.17208,2
0.219003,0.0317152,0.112237,2
0.193289,0.0496268,0.0882963,2
0.207881,0.0250628,0.0232577,2
0.180959,0.0506112,0.0419795,2
0.181507,0.0249389,0.0304203,2
0.162273,0.00699879,0.0510854,2
0.19383,0.0105739,0.0399708,2
0.166171,0.0531225,0.0309711,2
0.134557,0.0732957,0.218017,2
0.208717,0.0494029,0.0445904,2
0.152936,0.0259846,0.0273338,2
0.129575,0.109175,0.147035,2
0.166464,0.0434307,0.0812005,2
0.12785,0.0965229,0.190372,2
0.112652,0.0240189,0.15736,2
0.173108,0.0898339,0.0813162,2
0.187221,0.0463179,0.104445,2
0.152908,0.0162279,0.147081,2
0.21687,0.10885,0.217547,2
0.118757,0.108404,0.136622,2
0.152743,0.0771208,0.131737,2
0.15467,0.0490067,0.178316,2
0.19956,0.0240377,0.0131696,2
0.13929,0.0642599,0.129083,2
0.169744,0.00649025,0.190372,2
0.0996844,0.0222734,0.21811,2
0.114845,0.0374163,0.16665,2
0.149424,0.0235849,0.145808,2
0.125239,0.106881,0.0544915,2
0.186956,0.0704534,0.0773707,2
0.214918,0.0645439,0.186664,2
0.128902,0.0852779,0.208732,2
0.147941,0.013843,0.159941,2
0.131755,0.0854064,0.0193446,2
0.15182,0.0252448,0.185846,2
0.140543,0.110566,0.214948,2
0.172846,0.0835873,0.0531352,2
0.177364,0.0724505,0.0798431,2
0.222958,0.0519527,0.0410306,2
0.120177,0.100636,0.152787,2
0.216265,0.0481564,0.11579,2
0.121908,0.000205485,0.22423,2
0.214416,0.0132878,0.190884,2
0.170815,0.102393,0.0446165,2
0.11196,0.0433253,0.184315,2
0.213985,0.0110352,0.20093,2
0.21468,0.0479459,0.000242839,2
0.202137,0.0786865,0.192006,2
0.155093,0.0444735,0.0254473,2
0.169603,0.0297872,0.0386325,2
0.175812,0.0888987,0.0813514,2
0.116324,0.109449,0.178767,2
0.116166,0.0816457,0.0150773,2
0.0967117,0.0329825,0.00265964,2
0.187691,0.00259049,0.0514241,2
0.114087,0.0337437,0.140527,2
0.0969726,0.0538062,0.116661,2
0.188268,0.0427462,0.128541,2
0.104253,0.108253,0.101654,2
0.172602,0.0604808,0.0979536,2
0.18821,0.0105808,0.150193,2
0.182288,0.108241,0.167717,2
0.166906,0.0754326,0.0972439,2
0.173828,0.080919,0.056329,2
0.218271,0.0871896,0.0920951,2
0.161502,0.0477218,0.11362,2
0.127726,0.0935276,0.0887266,2
0.20198,0.0745872,0.0177658,2
0.177032,0.0883626,0.0922832,2
0.219117,0.0942854,0.126981,2
0.182063,0.104664,0.211663,2
0.173706,0.0353341,0.09987,2
0.168698,0.0431135,0.068672,2
0.122515,0.09236,0.147927,2
0.209606,0.0478057,0.0228369,2
0.146871,0.0712235,0.148524,2
0.119464,0.0684648,0.0785439,2
0.112289,0.104226,0.199413,2
0.149702,0.0702519,0.172842,2
0.17668,0.114548,0.131527,2
0.198358,0.0498751,0.131293,2
0.153029,0.0135846,0.0924658,2
0.209606,0.0359481,0.144036,2
0.101801,0.0899853,0.211278,2
0.193294,0.0891416,0.196222,2
0.193289,0.0583874,0.0609527,2
0.22357,0.0298829,0.203398,2
0.219373,0.032061,0.117884,2
0.182706,0.0812198,0.172195,2
0.134743,0.0974418,0.198016,2
0.151139,0.000355751,0.177113,2
0.151541,0.105912,0.214954,2
0.17908,0.0637221,0.208253,2
0.22074,0.0639105,0.15153,2
0.124586,0.0390394,0.186864,2
0.223654,0.000774529,0.202559,2
0.21891,0.0823376,0.169447,2
0.220309,0.0197622,0.0395458,2
0.171793,0.0784513,0.140685,2
0.127625,0.0346027,0.194745,2
0.177573,0.0408816,0.16227,2
0.218155,0.0782723,0.0526767,2
0.213547,0.035705,0.0930846,2
0.201329,0.094606,0.145963,2
0.103019,0.030773,0.079471,2
0.0996946,0.0758429,0.19112,2
0.176311,0.116345,0.0748418,2
0.0965825,0.0408692,0.130158,2
0.028758,0.178233,0.1383,3
0.0304588,0.179622,0.129639,3
0.0289632,0.176715,0.138506,3
0.0279585,0.182081,0.140969,3
0.0311697,0.182586,0.138439,3
0.0127422,0.191162,0.173473,3
0.0199498,0.180211,0.156701,3
0.00560456,0.214012,0.141722,3
0.0184343,0.217808,0.210625,3
0.0325508,0.178595,0.135262,3
0.0340994,0.17919,0.143633,3
0.0629025,0.173311,0.207671,3
0.0490426,0.150128,0.208532,3
0.031429,0.168343,0.172971,3
0.00544747,0.15745,0.112612,3
0.0400821,0.166942,0.0772676,3
0.0406124,0.220612,0.109134,3
0.0912494,0.16409,0.192445,3
0.0320253,0.18129,0.143751,3
0.018512,0.161178,0.119181,3
0.0887329,0.181073,0.0248517,3
0.0296027,0.179299,0.143645,3
0.0439906,0.149756,0.207965,3
0.0894969,0.172726,0.16641,3
0.0494857,0.149154,0.223865,3
0.0929381,0.202906,0.0908456,3
0.0606226,0.177878,0.118028,3
0.0496869,0.1341,0.168106,3
0.0584428,0.149839,0.0552817,3
0.0233908,0.170905,0.0922767,3
0.0960245,0.214527,0.193901,3
0.01796,0.13843,0.0155469,3
0.0358948,0.182114,0.137427,3
0.0830907,0.205341,0.0975413,3
0.0703874,0.184771,0.120322,3
0.0832235,0.169315,0.155582,3
0.0395508,0.201967,0.168218,3
0.0267822,0.178688,0.13792,3
0.0365477,0.177904,0.141174,3
0.029715,0.18298,0.142584,3
0.0324115,0.181864,0.141381,3
0.0350881,0.178783,0.143041,3
0.0289674,0.180059,0.144104,3
0.0308867,0.181175,0.140807,3
0.0350285,0.179793,0.14303,3
0.0642233,0.203442,0.0753668,3
0.0587999,0.159002,0.208853,3
0.0356361,0.180907,0.13918,3
0.0665213,0.196434,0.098649,3
0.0874264,0.148861,0.181892,3
0.0636258,0.188034,0.118867,3
0.0295682,0.181584,0.143781,3
0.0328404,0.179925,0.143862,3
0.0551333,0.188029,0.160049,3
0.0336509,0.174814,0.140612,3
0.0786563,0.183505,0.0778371,3
0.0329401,0.18182,0.141735,3
0.0593227,0.16638,0.154826,3
0.0274862,0.178604,0.142931,3
0.0270942,0.180099,0.136805,3
0.0279609,0.210853,0.0736641,3
0.0194961,0.179604,0.0506422,3
0.0350785,0.199334,0.195303,3
0.0289201,0.181035,0.13841,3
0.0236727,0.191055,0.0481872,3
0.0908963,0.189821,0.224806,3
0.0338567,0.182513,0.143312,3
0.0731759,0.180319,0.121611,3
0.0360194,0.159345,0.0535646,3
0.0299846,0.177712,0.139716,3
0.0677945,0.166488,0.0613771,3
0.00848393,0.164882,0.212659,3
0.0311545,0.179424,0.139508,3
0.0356061,0.178287,0.140601,3
0.0244229,0.195954,0.0242182,3
0.0926146,0.213324,0.0982736,3
0.0084455,0.144223,0.153648,3
0.086526,0.141316,0.0508214,3
0.0694429,0.135116,0.0787405,3
0.0295426,0.179245,0.142981,3
0.0850562,0.175707,0.0952315,3
0.00746121,0.142109,0.164817,3
0.0292362,0.180308,0.140329,3
0.0247772,0.183671,0.0262082,3
0.0331271,0.216634,0.0395325,3
0.0145622,0.14981,0.219085,3
0.0498223,0.224065,0.11253,3
0.0266367,0.180067,0.143838,3
0.0713376,0.177896,0.167071,3
0.0331305,0.176145,0.139201,3
0.0904971,0.204899,0.00813541,3
0.0339446,0.175691,0.140697,3
0.0889868,0.168707,0.103791,3
0.00956027,0.159507,0.0520045,3
0.0350902,0.17807,0.13985,3
0.0276856,0.182313,0.136858,3
0.0256159,0.159048,0.0990831,3
0.0950743,0.200923,0.0106464,3
0.0317591,0.179452,0.144872,3
0.0649333,0.147582,0.132738,3
0.0317223,0.183231,0.134922,3
0.0513623,0.212938,0.0328505,3
0.0271325,0.150498,0.0133821,3
0.0217741,0.195223,0.126202,3
0.00368167,0.157576,0.135546,3
0.0317427,0.174513,0.139689,3
0.0433711,0.157792,0.207286,3
0.0279449,0.182326,0.13976,3
0.0156483,0.165117,0.0844863,3
0.092146,0.186082,0.1575,3
0.0359317,0.180263,0.140097,3
0.035847,0.180757,0.142072,3
0.0632962,0.179143,0.0674556,3
0.0357072,0.18087,0.142149,3
0.0904584,0.211167,0.0835583,3
0.0358269,0.177778,0.141437,3
0.0247225,0.195797,0.192645,3
0.0860655,0.210866,0.172334,3
0.037648,0.190392,0.129947,3
0.0311379,0.180506,0.145098,3
0.0307853,0.158681,0.221636,3
0.0553071,0.173148,0.021049,3
0.0404795,0.223913,0.0682513,3
0.0915058,0.153128,0.17596,3
0.0952304,0.216359,0.104038,3
