x coord,y coord,z coord,rank
0.0837346,0.143418,0.0939333,0
0.0856829,0.144556,0.0938538,0
0.0650017,0.20119,0.0311373,0
0.085121,0.136101,0.0967388,0
0.0803343,0.13795,0.09485,0
0.083239,0.136966,0.0965203,0
0.00327292,0.159973,0.205699,0
0.084839,0.133764,0.0974985,0
0.0576707,0.190096,0.0602824,0
0.0796623,0.139877,0.0985315,0
0.0786854,0.140312,0.098372,0
0.0857248,0.132353,0.0980882,0
0.0021825,0.165338,0.0921712,0
0.0858647,0.138555,0.10118,0
0.0650882,0.166223,0.136044,0
0.0530339,0.16409,0.0937225,0
0.0785825,0.136242,0.0984618,0
0.0106496,0.191326,0.161803,0
0.0845656,0.144304,0.0988022,0
0.0149101,0.224881,0.0877268,0
0.045858,0.208138,0.181803,0
0.0820944,0.132935,0.0965382,0
0.0822096,0.141729,0.0969622,0
0.0903244,0.139299,0.0993947,0
0.00746397,0.199726,0.159708,0
0.0819729,0.136647,0.0996431,0
0.082438,0.139083,0.0993584,0
0.0909741,0.138273,0.099549,0
0.0636507,0.181986,0.223275,0
0.0257522,0.176799,0.1038,0
0.0824194,0.139005,0.098906,0
0.0877463,0.14144,0.0985232,0
0.0558619,0.185576,0.0217732,0
0.0818934,0.134966,0.096394,0
0.0785298,0.208445,0.0206944,0
0.0863978,0.137292,0.0979828,0
0.0809274,0.188523,0.218403,0
0.0081938,0.176109,0.211481,0
0.010836,0.216632,0.224753,0
0.0832107,0.142589,0.0965092,0
0.0180579,0.216377,0.0202697,0
0.0871304,0.142104,0.0993225,0
0.0387993,0.168503,0.124893,0
0.0792599,0.206445,0.100367,0
0.0837008,0.139558,0.100793,0
0.0862306,0.207237,0.14716,0
0.0430025,0.159287,0.150532,0
0.0599614,0.16803,0.213316,0
0.0613247,0.193633,0.202884,0
0.00521331,0.207431,0.124441,0
0.0800024,0.135801,0.100593,0
0.0173136,0.189126,0.0144464,0
0.0818255,0.14292,0.0972547,0
0.0179179,0.205073,0.0334356,0
0.0405984,0.133069,0.0650852,0
0.0252154,0.151598,0.0390933,0
0.009069,0.220258,0.176094,0
0.0847482,0.136795,0.0947726,0
0.0564269,0.1848,0.0186453,0
0.0655162,0.202266,0.153356,0
0.0847954,0.137763,0.0985567,0
0.0338297,0.22337,0.0371355,0
0.0720883,0.134591,0.0046855,0
0.0805505,0.138059,0.0954965,0
0.0816456,0.135943,0.0988362,0
0.0746197,0.168705,0.223909,0
0.0647028,0.169815,0.173758,0
0.012562,0.156838,0.065485,0
0.0889221,0.139744,0.102766,0
0.0123627,0.147435,0.138759,0
0.0611374,0.162852,0.043433,0
0.0085839,0.158641,0.102903,0
0.038073,0.212165,0.158314,0
0.0014314,0.206143,0.132689,0
0.085089,0.133794,0.100313,0
0.0820024,0.142275,0.100406,0
0.000731312,0.193711,0.116662,0
0.0860504,0.139595,0.0995141,0
0.0481612,0.195205,0.185118,0
0.090099,0.168719,0.153886,0
0.0945109,0.207749,0.148525,0
0.0288454,0.153203,0.210751,0
0.05782,0.213835,0.205917,0
0.0830663,0.136919,0.103956,0
0.077577,0.196954,0.16904,0
0.0225779,0.160468,0.0294008,0
0.040076,0.206287,0.175618,0
0.00762566,0.17352,0.0372668,0
0.00128304,0.176723,0.00194684,0
0.00309231,0.199755,0.186239,0
0.0845198,0.222225,0.0502879,0
0.0217899,0.155449,0.0621619,0
0.0815204,0.13368,0.100767,0
0.0300844,0.172814,0.068556,0
0.0843079,0.140888,0.096713,0
0.0226834,0.181443,0.0432857,0
0.0466252,0.224717,0.0371424,0
0.0556298,0.197761,0.0801335,0
0.0113514,0.136059,0.0542838,0
0.0252046,0.208819,0.0533826,0
0.0806982,0.137609,0.0982212,0
0.0878008,0.133132,0.0970095,0
0.0263057,0.136005,0.116308,0
0.0298323,0.170448,0.068184,0
0.0310718,0.184231,0.215416,0
0.0912999,0.135409,0.0974991,0
0.0853149,0.134621,0.0949999,0
0.0865968,0.219749,0.0428346,0
0.0874577,0.134744,0.0982747,0
0.0869739,0.138177,0.093857,0
0.0740594,0.210236,0.122843,0
0.0834025,0.140152,0.097445,0
0.0356598,0.196887,0.0236997,0
0.0875798,0.135612,0.102446,0
0.0814428,0.132597,0.0959191,0
0.0816041,0.138163,0.0990946,0
0.0856116,0.138713,0.0993362,0
0.0887818,0.137559,0.096311,0
0.0828659,0.137082,0.0969157,0
0.0750452,0.201278,0.006465,0
0.0838496,0.140739,0.099466,0
0.080321,0.142296,0.0988345,0
0.0852457,0.165018,0.0484023,0
0.0835098,0.13693,0.103791,0
0.0815193,0.136374,0.102783,0
0.0524757,0.136418,0.116421,0
0.0954482,0.211892,0.0370656,0
0.0958489,0.201432,0.0160865,0
0.0375158,0.09625,0.0990837,1
0.0186138,0.0817576,0.178369,1
0.0882996,0.0680825,0.207158,1
0.00997279,0.115164,0.217448,1
0.0924238,0.0894267,0.0196232,1
0.0236055,0.108528,0.217348,1
0.0719048,0.107683,0.219115,1
0.052235,0.016271,0.219242,1
0.0464839,0.0197207,0.191954,1
0.054278,0.0194185,0.185602,1
0.0513848,0.0742088,0.177192,1
0.0106686,0.0916253,0.096402,1
0.0339036,0.0776035,0.0932013,1
0.0232455,0.0918264,0.215432,1
0.0261581,0.0816562,0.214807,1
0.0369285,0.0389619,0.103653,1
0.0722216,0.0998163,0.049169,1
0.0418202,0.025753,0.00640126,1
0.0236136,0.0296026,0.0487177,1
0.000471702,0.100968,0.179206,1
0.0691837,0.0100537,0.178603,1
0.000806442,0.0112549,0.206715,1
0.0668105,0.0781666,0.0987078,1
0.0716088,0.0505467,0.063022,1
0.0722486,0.107539,0.0841021,1
0.0167065,0.119375,0.124813,1
0.042113,0.042262,0.195807,1
0.0920201,0.0496095,0.169339,1
0.0458254,0.0918581,0.0267988,1
0.0039991,0.00777389,0.0726177,1
0.0940899,0.0492731,0.127114,1
0.0874727,0.0646875,0.0765502,1
0.0308236,0.126327,0.170046,1
0.0174891,0.0280682,0.0496488,1
0.0606723,0.0503982,0.0450152,1
0.0576394,0.11486,0.0258598,1
0.0800183,0.120871,0.0897828,1
0.0524356,0.0431558,0.0766918,1
0.0113033,0.101987,0.0191523,1
0.00182957,0.0177318,0.158523,1
0.0575805,0.0880461,0.0728289,1
0.0356765,0.0966267,0.147982,1
0.0892362,0.0338581,0.218845,1
0.0397456,0.081437,0.133096,1
0.0212171,0.0634624,0.0378352,1
0.0818151,0.0716985,0.110461,1
0.0861595,0.0300149,0.109663,1
0.0249234,0.0195841,0.0286323,1
0.0351872,0.0391947,0.0285189,1
0.0654012,0.118495,0.129105,1
0.0453394,0.0729543,0.0745497,1
0.0721207,0.0208001,0.0387675,1
0.053718,0.102544,0.222037,1
0.0731229,0.08674,0.112799,1
0.0823397,0.0976887,0.129318,1
0.0258167,0.0716177,0.0817837,1
0.0091348,0.0162248,0.158255,1
0.00578995,0.0113043,0.0172335,1
0.0606771,0.0569313,0.224701,1
0.0220246,0.100216,0.168538,1
0.0433611,0.0387921,0.0550874,1
0.0682179,0.0343934,0.0518088,1
0.0902826,0.129257,0.103025,1
0.0050696,0.0277544,0.0533114,1
0.0589201,0.102184,0.137358,1
0.00514371,0.0157473,0.160967,1
0.0312369,0.077008,0.00745784,1
0.0851643,0.0965977,0.153109,1
0.0309911,0.0330439,0.178089,1
0.0755127,0.0946485,0.138491,1
0.00155347,0.0418253,0.0880827,1
0.0826015,0.033726,0.0395983,1
0.0959521,0.0810113,0.0483919,1
0.00377748,0.026456,0.0347898,1
0.00889146,0.0762717,0.166601,1
0.0690544,0.0883029,0.0353917,1
0.0132375,0.0862148,0.172394,1
0.0381126,0.0401108,0.0376014,1
0.0525213,0.00529213,0.161091,1
0.0354743,0.0739062,0.0233655,1
0.0395356,0.0808506,0.197018,1
0.0930571,0.0222004,0.211548,1
0.00525709,0.0439617,0.153865,1
0.00978579,0.117721,0.170091,1
0.0247226,0.105983,0.0596223,1
0.05292,0.0156531,0.123495,1
0.0606321,0.0380391,0.138429,1
0.0605469,0.0387574,0.154185,1
0.0330202,0.0653322,0.110896,1
0.0664494,0.0417574,0.150418,1
0.0466134,0.0386803,0.104977,1
0.0249404,0.062839,0.183727,1
0.0825631,0.0192304,0.166416,1
0.0204918,0.0731711,0.166553,1
0.0113354,0.0718988,0.208962,1
0.0928555,0.0848007,0.192907,1
0.0805566,0.0103372,0.0280429,1
0.0938898,0.0251921,0.0470145,1
0.0558691,0.112873,0.202201,1
0.0178093,0.119157,0.11257,1
0.0305715,0.0525114,0.206922,1
0.00321215,0.0554527,0.213518,1
0.0922338,0.0313123,0.105505,1
0.0486107,0.0789216,0.188056,1
0.0878251,0.0168771,0.0513844,1
0.0172793,0.0390751,0.109639,1
0.0316028,0.0835218,0.180353,1
0.045035,0.11188,0.0170044,1
0.0106461,0.0210819,0.0601015,1
0.0531743,0.0370109,0.22296,1
0.0206637,0.0535406,0.0793239,1
0.0232554,0.104619,0.060726,1
0.0527502,0.129091,0.100813,1
0.0408535,0.0967136,0.165684,1
0.0712571,0.0137942,0.117501,1
0.0649209,0.00833206,0.111161,1
0.0881558,0.0669167,0.158948,1
0.0820315,0.0546753,0.052421,1
0.0384436,0.0967001,0.133739,1
0.0703271,0.07747,0.0603173,1
0.0802062,0.0876598,0.110868,1
0.212997,0.0289378,0.10868,2
0.17427,0.1044,0.199845,2
0.102759,0.0659467,0.0970822,2
0.10092,0.0825931,0.0349173,2
0.223225,0.0128615,0.114789,2
0.19035,0.0581111,0.173921,2
0.204168,0.0290109,0.221502,2
0.107574,0.00907359,0.109467,2
0.164138,0.103099,0.209711,2
0.0994201,0.0407575,0.0385247,2
0.115143,0.0684184,0.00900568,2
0.173042,0.0468492,0.19324,2
0.204557,0.0597596,0.204634,2
0.116187,0.0644507,0.208404,2
0.104251,0.0757992,0.217354,2
0.216604,0.0461756,0.203282,2
0.102376,0.0269543,0.00313404,2
0.201639,0.0728762,0.146676,2
0.105747,0.0698219,0.0717928,2
0.138825,0.0304789,0.0388903,2
0.125208,0.064322,0.208942,2
0.154675,0.0672933,0.012639,2
0.170831,0.0194975,0.181641,2
0.154247,0.00110144,0.126509,2
0.110251,0.0648035,0.0818122,2
0.15136,0.0587364,0.134487,2
0.115982,0.00399663,0.0683277,2
0.186591,0.0726871,0.175055,2
0.0995519,0.0081937,0.13148,2
0.208392,0.0947161,0.129708,2
0.174753,0.0396595,0.0192973,2
0.191704,0.0506642,0.182024,2
0.187884,0.0439378,0.181653,2
0.173435,0.0596565,0.149817,2
0.153055,0.00951828,0.0921829,2
0.142455,0.0500707,0.217666,2
0.129135,0.0576878,0.0500225,2
0.12038,0.0532261,0.00937801,2
0.205593,0.0329006,0.218148,2
0.102462,0.0841647,0.0509256,2
0.119903,0.0963994,0.0453314,2
0.21004,0.025199,0.207311,2
0.169252,0.012431,0.0558228,2
0.113595,0.0132291,0.0906606,2
0.108856,0.0929548,0.0803311,2
0.17639,0.0740504,0.0365491,2
0.104593,0.077195,0.0593467,2
0.160548,0.0992326,0.210221,2
0.149751,0.0698611,0.0497237,2
0.142362,0.0167162,0.197556,2
0.12339,0.0595996,0.0737258,2
0.223913,0.0638282,0.0126235,2
0.210256,0.0954783,0.113332,2
0.120225,0.063427,0.0666979,2
0.16067,0.0439071,0.0426098,2
0.224403,0.0401615,0.190908,2
0.124816,0.0558048,0.185832,2
0.196503,0.035899,0.188407,2
0.200383,0.087131,0.0361911,2
0.131312,0.0431915,0.0130217,2
0.176612,0.00223461,0.0167968,2
0.125347,0.0160709,0.124183,2
0.170195,0.0450423,0.108003,2
0.148842,0.034718,0.10821,2
0.214566,0.0356974,0.0684184,2
0.143643,0.103215,0.144191,2
0.115485,0.0280094,0.0371279,2
0.13566,0.0443897,0.187945,2
0.206845,0.0251436,0.073743,2
0.194718,0.103071,0.110974,2
0.157908,0.00573001,0.0890352,2
0.185195,0.0456903,0.186001,2
0.140907,0.0115489,0.182053,2
0.100369,0.100557,0.109422,2
0.118023,0.0242049,0.183406,2
0.115277,0.0588115,0.127064,2
0.200238,0.0557851,0.102181,2
0.19433,0.00241205,0.145021,2
0.173595,0.0859812,0.00987172,2
0.141108,0.0585646,0.196416,2
0.129823,0.0782128,0.105734,2
0.152057,0.0273833,0.197552,2
0.181583,0.0114947,0.00831032,2
0.110785,0.0408214,0.178716,2
0.120092,0.0342442,0.0661853,2
0.140241,0.0119745,0.164171,2
0.115785,0.0659691,0.201289,2
0.14134,0.00586852,0.191938,2
0.181929,0.0176909,0.0506757,2
0.191394,0.0413667,0.038513,2
0.157376,0.0579684,0.0302123,2
0.133972,0.0756233,0.0788369,2
0.148344,0.0122322,0.0284339,2
0.107291,0.103418,0.0172907,2
0.197001,0.0197586,0.13916,2
0.155811,0.0249741,0.164488,2
0.209558,0.00614182,0.0515724,2
0.214292,0.000460565,0.104146,2
0.20644,0.0235082,0.169297,2
0.15462,0.0147324,0.180755,2
0.21396,0.0612773,0.151466,2
0.148113,0.0115341,0.154274,2
0.184267,0.0181949,0.137672,2
0.13058,0.0499165,0.162726,2
0.136584,0.0363328,0.0673685,2
0.163254,0.00479878,0.12236,2
0.197654,0.0294322,0.211707,2
0.213822,0.0328752,0.00422501,2
0.120071,0.101538,0.0977737,2
0.142291,0.0896872,0.0161284,2
0.116001,0.0655458,0.207728,2
0.134145,0.0824683,0.0812819,2
0.140148,0.0672975,0.0433895,2
0.153146,0.0384006,0.110952,2
0.0963817,0.0410731,0.0592359,2
0.204758,0.0189721,0.146417,2
0.110808,0.0314256,0.0793332,2
0.101187,0.0968274,0.223379,2
0.218642,0.091514,0.0681347,2
0.110906,0.0225516,0.142416,2
0.100139,0.0544845,0.0311463,2
0.122498,0.0163279,0.182499,2
0.216566,0.0179992,0.08378,2
0.098521,0.0649618,0.1217,2
0.0998183,0.0980941,0.0261485,2
0.207164,0.215261,0.158094,3
0.192673,0.111556,0.172437,3
0.183586,0.172021,0.155915,3
0.115845,0.175542,0.0108299,3
0.161189,0.135374,0.118821,3
0.135079,0.217505,0.137124,3
0.125466,0.115143,0.0245963,3
0.143629,0.157849,0.0336336,3
0.200631,0.131683,0.121522,3
0.116753,0.209381,0.199713,3
0.20842,0.216655,0.119145,3
0.119829,0.220175,0.14543,3
0.166471,0.110698,0.0669765,3
0.129136,0.125306,0.0415091,3
0.127309,0.112704,0.082081,3
0.191535,0.116785,0.0915855,3
0.192208,0.152554,0.203474,3
0.115422,0.164518,0.023888,3
0.145539,0.161217,0.12577,3
0.202612,0.137347,0.0745131,3
0.113129,0.202015,0.219951,3
0.122574,0.12468,0.119524,3
0.116383,0.111832,0.221367,3
0.164853,0.149844,0.162322,3
0.12349,0.167647,0.189796,3
0.177338,0.131558,0.0734058,3
0.114678,0.124873,0.023148,3
0.2142,0.16744,0.117854,3
0.102349,0.222889,0.215215,3
0.107013,0.116861,0.22457,3
0.203,0.144956,0.0384293,3
0.129665,0.166143,0.224834,3
0.173209,0.151006,0.010916,3
0.199918,0.121465,0.187679,3
0.135457,0.119336,0.0163569,3
0.0971872,0.178238,0.0638067,3
0.159785,0.209283,0.109035,3
0.210147,0.176816,0.112789,3
0.198026,0.20931,0.019034,3
0.211353,0.169517,0.157766,3
0.103201,0.168457,0.168011,3
0.17863,0.187939,0.0735043,3
0.148205,0.130719,0.0274674,3
0.218503,0.177098,0.00471384,3
0.172623,0.134336,0.200011,3
0.215916,0.224991,0.093178,3
0.211155,0.156087,0.0345022,3
0.129248,0.204136,0.173886,3
0.0998813,0.14902,0.200607,3
0.144177,0.170562,0.0820978,3
0.142465,0.144718,0.221879,3
0.159959,0.188919,0.101065,3
0.132326,0.1708,0.182058,3
0.199629,0.164126,0.211777,3
0.170012,0.16466,0.200303,3
0.112249,0.146702,0.0664384,3
0.190482,0.21026,0.017798,3
0.161916,0.202577,0.161633,3
0.223947,0.12167,0.0216769,3
0.202571,0.126041,0.158131,3
0.110749,0.2167,0.059906,3
0.199103,0.208333,0.0195346,3
0.157706,0.162863,0.0251447,3
0.208327,0.147766,0.171951,3
0.127629,0.171302,0.194753,3
0.150244,0.152068,0.0519056,3
0.185795,0.149394,0.191784,3
0.102303,0.123218,0.180432,3
0.128602,0.164284,0.0817932,3
0.15971,0.111645,0.076214,3
0.15919,0.170208,0.121966,3
0.212446,0.199505,0.148027,3
0.202121,0.224237,0.0216935,3
0.11531,0.150921,0.130478,3
0.172315,0.221657,0.189354,3
0.222489,0.218856,0.156799,3
0.136269,0.169072,0.0463783,3
0.210781,0.218472,0.0828918,3
0.130861,0.183208,0.0316687,3
0.200825,0.151391,0.0463069,3
0.161012,0.179263,0.0692589,3
0.199473,0.108484,0.184297,3
0.158182,0.17445,0.061867,3
0.223355,0.138988,0.115496,3
0.181732,0.15284,0.0742733,3
0.104813,0.148382,0.197643,3
0.101441,0.157671,0.000505704,3
0.181246,0.156835,0.18812,3
0.201187,0.208259,0.215518,3
0.178196,0.215527,0.0210667,3
0.191462,0.136054,0.194744,3
0.185304,0.142126,0.0822676,3
0.171811,0.116883,0.0354854,3
0.16705,0.137547,0.0715231,3
0.142303,0.140451,0.142361,3
0.207613,0.151094,0.140655,3
0.167707,0.109224,0.115454,3
0.201629,0.150524,0.0724339,3
0.104054,0.185838,0.172378,3
0.21304,0.207961,0.0457205,3
0.159703,0.164057,0.136882,3
0.10171,0.194407,0.165499,3
0.151165,0.192965,0.192861,3
0.111314,0.166567,0.0160161,3
0.186996,0.148207,0.213267,3
0.184171,0.204709,0.0150634,3
0.110267,0.174806,0.215454,3
0.210111,0.194839,0.0865068,3
0.224559,0.154989,0.0258963,3
0.203393,0.1364,0.106548,3
0.143187,0.114117,0.145895,3
0.220143,0.178293,0.0506892,3
0.116556,0.124477,0.220344,3
0.1207,0.201507,0.0846894,3
0.192633,0.115112,0.130646,3
0.199678,0.11039,0.104039,3
0.218373,0.151339,0.0404895,3
0.184734,0.18431,0.0564935,3
0.112024,0.217382,0.0769236,3
0.109633,0.185764,0.0134761,3
0.143393,0.193117,0.069795,3
0.109706,0.176407,0.17743,3
0.167056,0.173472,0.220553,3
0.147909,0.117002,0.108278,3
0.101206,0.214391,0.00173057,3
0.208587,0.110127,0.0865661,3
