x coord,y coord,z coord,rank
0.0292085,0.100702,0.206507,0
0.0673348,0.0240607,0.102146,0
0.0259724,0.0966591,0.202968,0
0.00106248,0.0854463,0.171572,0
0.0289774,0.095721,0.202456,0
0.0267336,0.0930448,0.204102,0
0.0609458,0.0866599,0.160391,0
0.0279667,0.0988565,0.201187,0
0.0729163,0.00879855,0.129467,0
0.0237122,0.0607547,0.19642,0
0.0513723,0.00471991,0.121369,0
0.0585978,0.0211822,0.116792,0
0.0589961,0.0717034,0.219294,0
0.032246,0.0975446,0.205223,0
0.0280259,0.0966092,0.203133,0
0.0260462,0.0993949,0.206342,0
0.0269751,0.089008,0.202492,0
0.0313925,0.0988864,0.20506,0
0.026654,0.0914544,0.203354,0
0.0262505,0.00190449,0.0348499,0
0.0291244,0.096796,0.200793,0
0.073371,0.102287,0.224738,0
0.0257642,0.0997132,0.203456,0
0.0498033,0.0599941,0.158148,0
0.0305772,0.0956791,0.202203,0
0.0522238,0.0475956,0.210792,0
0.0195466,0.00675617,0.0931541,0
0.0839196,0.0559906,0.0888997,0
0.0525446,0.00477907,0.0797151,0
0.0803835,0.067933,0.069311,0
0.0758734,0.020146,0.152582,0
0.0764546,0.0870292,0.194328,0
0.0214375,0.095357,0.201243,0
0.0235811,0.0983822,0.204789,0
0.0458925,0.098872,0.0149242,0
0.0200903,0.027774,0.0299219,0
0.0767943,0.0387975,0.155678,0
0.0847692,0.00650003,0.0182737,0
0.0305479,0.0985895,0.204529,0
0.0584487,0.0678864,0.189165,0
0.0532174,0.0198435,0.132243,0
0.0527647,0.0318042,0.204964,0
0.047978,0.0952812,0.221333,0
0.0230644,0.0938362,0.206102,0
0.0739625,0.0646395,0.113573,0
0.0400296,0.0603934,0.0165482,0
0.0289166,0.097956,0.203526,0
0.0714145,0.001165,0.128774,0
0.0321238,0.0230563,0.0637206,0
0.0844403,0.0682298,0.0494804,0
0.0371067,0.0185715,0.101939,0
0.0296927,0.0692532,0.15525,0
0.0261825,0.100525,0.204925,0
0.0286617,0.0954796,0.204928,0
0.0286662,0.0991978,0.204813,0
0.0274612,0.0987895,0.206049,0
0.00540385,0.0435419,0.0761347,0
0.0241413,0.0974302,0.201527,0
0.0295115,0.0785883,0.22168,0
0.00453203,0.065981,0.189033,0
0.0798776,0.0788362,0.214835,0
0.0175362,0.0990649,0.170277,0
0.000456852,0.0448771,0.00460649,0
0.0699403,0.0402386,0.014454,0
0.083159,0.0928464,0.101203,0
0.0835825,0.0994111,0.135976,0
0.0254241,0.0954879,0.20741,0
0.0667383,0.0637662,0.142056,0
0.0292384,0.0962489,0.11256,0
0.0179714,0.0309192,0.204132,0
0.031303,0.0949627,0.201847,0
0.017937,0.0511087,0.189567,0
0.0253946,0.0922821,0.206624,0
0.0315905,0.070451,0.118076,0
0.0262443,0.0926365,0.205357,0
0.018023,0.095073,0.0593124,0
0.027747,0.0957188,0.206191,0
0.0279624,0.0989095,0.207192,0
0.00910994,0.046474,0.199256,0
0.0416201,0.0759702,0.20794,0
0.0798973,0.0396689,0.0683595,0
0.043743,0.0177152,0.206538,0
0.062189,0.0499602,0.0936258,0
0.03708,0.0776608,0.079858,0
0.0634719,0.0970468,0.076208,0
0.0305276,0.0955795,0.203143,0
0.0561789,0.046824,0.0955864,0
0.0241464,0.0912054,0.207312,0
0.00807152,0.0536621,0.0194087,0
0.0109127,0.0526263,0.0339837,0
0.0247975,0.0974205,0.204475,0
0.0279346,0.0931476,0.202115,0
0.0511506,0.0787767,0.219468,0
0.0286749,0.0992713,0.207498,0
0.00805109,0.0639012,0.0939054,0
0.0831606,0.0919355,0.00831951,0
0.0162058,0.0774658,0.0395475,0
0.0676632,0.0669595,0.0809382,0
0.0843537,0.0978308,0.217741,0
0.0291768,0.0175684,0.0126126,0
0.0835086,0.0870353,0.0602709,0
0.00768799,0.0399988,0.0543368,0
0.061388,0.0935788,0.0216353,0
0.00463258,0.100578,0.0384429,0
0.0311043,0.0937972,0.202128,0
0.0273436,0.0995499,0.204142,0
0.0301796,0.0975225,0.203372,0
0.0297294,0.0967599,0.205676,0
0.0307136,0.0979526,0.202802,0
0.0331829,0.0845532,0.172755,0
0.0272872,0.0959134,0.203644,0
0.032942,0.0963298,0.199172,0
0.0408878,0.0833275,0.0354997,0
0.0687679,0.0221666,0.177971,0
0.0333064,0.000794585,0.0584948,0
0.0258455,0.0553685,0.136967,0
0.0396136,0.0435532,0.121396,0
0.0668706,0.0473998,0.164325,0
0.0333022,0.100173,0.201035,0
0.0297419,0.0275759,0.146862,0
0.0877009,0.0212014,0.0384031,0
0.0301418,0.101993,0.205194,0
0.0604724,0.0520242,0.0387727,0
0.0581401,0.07615,0.037414,0
0.075525,0.0910924,0.048607,0
0.0446863,0.102867,0.0504731,0
0.104427,0.13526,0.00816131,1
0.109552,0.175075,0.0428393,1
0.077378,0.133956,0.0407453,1
0.00470815,0.224191,0.0659134,1
0.00325066,0.173974,0.0903285,1
0.111867,0.14038,0.0115113,1
0.113681,0.143324,0.0754542,1
0.0282363,0.167778,0.0164124,1
0.100752,0.211511,0.111192,1
0.0904456,0.193166,0.19894,1
0.00729074,0.147931,0.0964418,1
0.108524,0.127604,0.200867,1
0.0950429,0.112177,0.142835,1
0.0411224,0.175609,0.112485,1
0.00989108,0.12264,0.0494632,1
0.0282151,0.153301,0.072901,1
0.0922235,0.222291,0.154172,1
0.0930482,0.116928,0.170603,1
0.0307815,0.152184,0.0781343,1
0.0840936,0.19913,0.014178,1
0.111642,0.210618,0.16336,1
0.0964393,0.154539,0.122129,1
0.0115972,0.128449,0.00498205,1
0.042819,0.179845,0.0437698,1
0.00663713,0.19112,0.105115,1
0.0915797,0.127014,0.191436,1
0.0910552,0.160317,0.149514,1
0.098179,0.190233,0.216664,1
0.0528778,0.174507,0.0779533,1
0.0513185,0.104956,0.0495726,1
0.103517,0.202762,0.211591,1
0.100708,0.179634,0.0985507,1
0.10858,0.170215,0.174364,1
0.101113,0.117113,0.130917,1
0.0117528,0.17518,0.0439269,1
0.0558182,0.142995,0.0630899,1
0.116181,0.199657,0.194062,1
0.116418,0.121675,0.00344661,1
0.00979704,0.145282,0.0241361,1
0.022384,0.107626,0.124389,1
0.0596934,0.161067,0.195153,1
0.0432307,0.193801,0.143166,1
0.0345953,0.2014,0.158939,1
0.100718,0.185381,0.0399972,1
0.0107324,0.13326,0.162934,1
0.0677734,0.138704,0.224695,1
0.024718,0.147943,0.0986014,1
0.0436396,0.194373,0.103169,1
0.109166,0.185297,0.112828,1
0.08263,0.174646,0.0149614,1
0.0499278,0.207493,0.162913,1
0.0321797,0.12625,4.66368e-05,1
0.0844346,0.190322,0.210399,1
0.0442412,0.153242,0.101527,1
0.0519356,0.14229,0.178141,1
0.0305122,0.143422,0.165723,1
0.044686,0.166817,0.0864565,1
0.0362703,0.158797,0.0327798,1
0.0659421,0.123905,0.0943786,1
0.0174611,0.137911,0.216497,1
0.0396439,0.205837,0.0649627,1
0.0234491,0.152841,0.21797,1
0.0655843,0.158973,0.125925,1
0.110541,0.157267,0.0565004,1
0.0848356,0.109309,0.0348485,1
0.0673499,0.20193,0.160992,1
0.00941449,0.125937,0.0630804,1
0.0221814,0.132338,0.0001658,1
0.0469883,0.197997,0.0788693,1
0.0433018,0.168055,0.0297961,1
0.0486879,0.189174,0.135066,1
0.0741314,0.13602,0.00988016,1
0.0625434,0.171739,0.194018,1
0.0627361,0.145959,0.142664,1
0.0388372,0.104602,0.0350277,1
0.0614116,0.197963,0.193437,1
0.0755373,0.117971,0.100078,1
0.0471116,0.156987,0.141669,1
0.0531918,0.150999,0.000461212,1
0.0923323,0.216434,0.174428,1
0.0385976,0.184283,0.0390638,1
0.00520578,0.187113,0.171318,1
0.0235239,0.145616,0.0752813,1
0.0848141,0.154605,0.184347,1
0.0360932,0.114467,0.0582072,1
0.0122542,0.109524,0.145825,1
0.0502719,0.135168,0.220974,1
0.0817333,0.203743,0.0089397,1
0.0833612,0.133142,0.114276,1
0.0824019,0.151394,0.0201084,1
0.0545658,0.158656,0.122047,1
0.055647,0.20379,0.126544,1
0.00815896,0.205305,0.154309,1
0.0410638,0.221003,0.190951,1
0.0604587,0.19024,0.131086,1
0.0253188,0.152951,0.18368,1
0.0113928,0.151467,0.0822116,1
0.00442112,0.221029,0.0273643,1
0.0814152,0.142453,0.140877,1
0.0452468,0.178029,0.0916446,1
0.0651575,0.142315,0.0417024,1
0.0794816,0.199654,0.113051,1
0.0593592,0.162244,0.202401,1
0.0271865,0.172251,0.132696,1
0.0808306,0.176965,0.0282091,1
0.0334779,0.10606,0.103453,1
0.0148759,0.188872,0.111604,1
0.0334726,0.149642,0.211564,1
0.0192091,0.130288,0.131704,1
0.00693722,0.148507,0.140145,1
0.0875565,0.113159,0.0356403,1
0.0309693,0.170227,0.165795,1
0.0044376,0.195085,0.195219,1
0.0472814,0.118954,0.0997907,1
0.095417,0.108953,0.0628066,1
0.044993,0.160319,0.12797,1
0.0538067,0.163811,0.197902,1
0.00869144,0.221867,0.132666,1
0.0311952,0.188114,0.169259,1
0.0692024,0.116922,0.139616,1
0.0166662,0.146432,0.128006,1
0.00205453,0.158151,0.128245,1
0.122165,0.0819659,0.0643632,2
0.136118,0.0653385,0.0308499,2
0.166222,0.0838715,0.0669896,2
0.208646,0.0850851,0.180936,2
0.117217,0.0306868,0.187121,2
0.198561,0.0918695,0.108566,2
0.155691,0.0426651,0.100241,2
0.136074,0.0150191,0.118919,2
0.112857,0.0138598,0.0779461,2
0.092634,0.0101937,0.148697,2
0.114179,0.101423,0.157783,2
0.161395,0.0847566,0.212535,2
0.177205,0.0397428,0.03458,2
0.157664,0.05651,0.143323,2
0.211809,0.0786236,0.11834,2
0.171215,0.0488926,0.111707,2
0.0983219,0.0856407,0.182407,2
0.21991,0.0605752,0.0254779,2
0.218302,0.0479876,0.117628,2
0.198794,0.0794555,0.0606579,2
0.188907,0.0391182,0.122592,2
0.120746,0.00157455,0.105082,2
0.206474,0.0965981,0.0631949,2
0.210522,0.019568,0.0625481,2
0.138961,0.0487408,0.0749285,2
0.224756,0.00237248,0.13747,2
0.218436,0.097594,0.0416688,2
0.143431,0.0103328,0.0692666,2
0.219381,0.011523,0.223281,2
0.180124,0.0445818,0.000495236,2
0.12259,0.0474672,0.191731,2
0.15503,0.0743817,0.0719209,2
0.144015,0.101683,0.0853478,2
0.0985257,0.0964439,0.152774,2
0.116735,0.06703,0.153564,2
0.166219,0.0337989,0.0234604,2
0.213472,0.056968,0.0773591,2
0.224221,0.0292027,0.0648522,2
0.197742,0.0884092,0.0181992,2
0.110206,0.0542934,0.1414,2
0.121008,0.050223,0.0605934,2
0.20892,0.0847716,0.139691,2
0.125516,0.0532458,0.0121196,2
0.138627,0.082586,0.0356389,2
0.130371,0.0917623,0.110421,2
0.183425,0.0565809,0.119224,2
0.0995222,0.0202663,0.192301,2
0.161673,0.00320385,0.0947964,2
0.19106,0.0697244,0.0229058,2
0.196656,0.00380642,0.114854,2
0.126508,0.0106312,0.140606,2
0.174024,0.101542,0.0988512,2
0.163137,0.057722,0.00940507,2
0.115462,0.0589796,0.183343,2
0.158748,0.0388047,0.0897592,2
0.202614,0.0568375,0.190104,2
0.15632,0.0255872,0.101315,2
0.157857,0.102872,0.0211102,2
0.200922,0.0203248,0.0814608,2
0.0892623,0.101714,0.0412458,2
0.195178,0.0314938,0.0224805,2
0.129137,0.0344943,0.223657,2
0.216433,0.0458976,0.102367,2
0.112061,0.0959588,0.22092,2
0.206437,0.0689695,0.02672,2
0.0915837,0.0119299,0.142908,2
0.17341,0.0541112,0.0842797,2
0.149824,0.0441222,0.149877,2
0.133879,0.0817843,0.000884438,2
0.12743,0.057335,0.207691,2
0.206752,0.0254262,0.0464987,2
0.14172,0.0199458,0.188369,2
0.149361,0.0648547,0.0840624,2
0.144307,0.0695201,0.0769607,2
0.172866,0.0374811,0.0251231,2
0.163535,0.0629845,0.184,2
0.120768,0.0693381,0.176034,2
0.160887,0.0539864,0.030613,2
0.178583,0.0205394,0.0352378,2
0.117034,0.0105084,0.136877,2
0.174022,0.0729443,0.0898824,2
0.120094,0.0475004,0.206128,2
0.171815,0.0464527,0.0717662,2
0.178917,0.0531125,0.179876,2
0.167738,0.0722075,0.214043,2
0.206427,0.0342421,0.214521,2
0.0904193,0.0477263,0.0865555,2
0.196719,0.016808,0.141678,2
0.179513,0.0801991,0.0369117,2
0.204797,0.0351742,0.173788,2
0.138474,0.00972711,0.0505385,2
0.158655,0.083267,0.0321146,2
0.111937,0.0621199,0.113573,2
0.104501,0.0930411,0.00978655,2
0.172341,0.0438733,0.182729,2
0.102842,0.00734596,0.0102353,2
0.100762,0.0609132,0.108968,2
0.104512,0.0342879,0.168884,2
0.0994845,0.0697263,0.090266,2
0.0956128,0.0562412,0.048547,2
0.21845,0.0490984,0.199178,2
0.123104,0.029763,0.224737,2
0.106905,0.0726561,0.143684,2
0.12135,0.0686123,0.010536,2
0.107497,0.0532053,0.0920085,2
0.200971,0.0229965,0.182623,2
0.170705,0.0760241,0.132815,2
0.175864,0.0423488,0.153086,2
0.109503,0.0754329,0.114587,2
0.108488,0.038989,0.15807,2
0.101209,0.0290087,0.0860012,2
0.102261,0.071333,0.0498044,2
0.220344,0.0128419,0.15276,2
0.143906,0.00544415,0.143546,2
0.0997726,0.0147407,0.206954,2
0.111241,0.0986516,0.148522,2
0.105327,0.0922621,0.0176968,2
0.15721,0.0769371,0.133902,2
0.0926572,0.0890977,0.170911,2
0.141362,0.0891573,0.192286,2
0.107669,0.0344518,0.199757,2
0.104293,0.0151717,0.190361,2
0.123031,0.0694567,0.0344199,2
0.151312,0.0983235,0.143603,2
0.0924059,0.0399806,0.121606,2
0.0924085,0.0143848,0.0221092,2
0.221607,0.145833,0.0243282,3
0.209148,0.106967,0.00220184,3
0.188085,0.191552,0.016085,3
0.17316,0.110521,0.0847178,3
0.181864,0.120455,0.0806229,3
0.218107,0.115266,0.0275448,3
0.12493,0.124039,0.150867,3
0.145369,0.202702,0.075063,3
0.179747,0.117382,0.160138,3
0.204146,0.199613,0.0645372,3
0.181713,0.105891,0.1819,3
0.183152,0.167929,0.0597083,3
0.121864,0.209949,0.120186,3
0.133719,0.10626,0.158568,3
0.16513,0.194058,0.190476,3
0.155155,0.149194,0.0914202,3
0.157331,0.125249,0.170299,3
0.200738,0.109248,0.139845,3
0.192153,0.121,0.0536395,3
0.187503,0.179802,0.204792,3
0.192592,0.134699,0.208917,3
0.151538,0.210643,0.0127547,3
0.152402,0.109817,0.185635,3
0.171626,0.169038,0.216185,3
0.191173,0.106031,0.0353185,3
0.209099,0.187918,0.158965,3
0.137044,0.203674,0.0319513,3
0.163721,0.151198,0.00460397,3
0.137724,0.205767,0.0392294,3
0.12708,0.16381,0.0538458,3
0.160027,0.172594,0.203341,3
0.135439,0.218418,0.0354399,3
0.133083,0.194541,0.168735,3
0.160757,0.176632,0.0623691,3
0.180274,0.126392,0.101859,3
0.133577,0.160253,0.0248197,3
0.200904,0.177475,0.00659185,3
0.222834,0.120635,0.127043,3
0.222062,0.202328,0.0913737,3
0.215251,0.182118,0.159517,3
0.154991,0.143426,0.0415116,3
0.174474,0.182009,0.143833,3
0.14038,0.206377,0.0676007,3
0.134074,0.13249,0.00324348,3
0.192788,0.216411,0.143124,3
0.165653,0.146262,0.193538,3
0.197622,0.137963,0.204464,3
0.19818,0.176916,0.189527,3
0.207713,0.154484,0.025587,3
0.195834,0.184117,0.0603171,3
0.222225,0.173707,0.107845,3
0.161563,0.167933,0.157784,3
0.134564,0.218863,0.00602701,3
0.152948,0.179882,0.0684194,3
0.122761,0.115455,0.10018,3
0.185391,0.186985,0.193565,3
0.199414,0.208625,0.110146,3
0.199529,0.138597,0.126029,3
0.192259,0.113357,0.148391,3
0.14148,0.152837,0.12474,3
0.120327,0.123357,0.0157999,3
0.149446,0.176607,0.191474,3
0.166409,0.124337,0.016115,3
0.224226,0.154794,0.196262,3
0.142374,0.167412,0.0542614,3
0.182764,0.186184,0.0768121,3
0.123895,0.149887,0.0291904,3
0.124438,0.151109,0.0134697,3
0.131133,0.10897,0.00238016,3
0.16388,0.142964,0.072471,3
0.123338,0.213213,0.0859181,3
0.219271,0.11638,0.204024,3
0.204405,0.170441,0.017283,3
0.205065,0.196829,0.147408,3
0.215715,0.14245,0.085526,3
0.203464,0.127227,0.166106,3
0.212978,0.12077,0.0732362,3
0.139005,0.1327,0.140166,3
0.149522,0.216604,0.0653033,3
0.197943,0.153753,0.0420619,3
0.134429,0.221313,0.021732,3
0.125559,0.22442,0.219562,3
0.126987,0.212233,0.129255,3
0.221172,0.151741,0.005279,3
0.191369,0.121534,0.0877736,3
0.18568,0.195582,0.119735,3
0.216604,0.214963,0.0127042,3
0.211744,0.184521,0.183102,3
0.12964,0.199897,0.0405223,3
0.154697,0.14185,0.189301,3
0.1555,0.172504,0.0646962,3
0.214337,0.118996,0.0574508,3
0.1471,0.211382,0.103912,3
0.131084,0.148208,0.192415,3
0.219595,0.115468,0.209027,3
0.199374,0.143104,0.0712269,3
0.222721,0.166875,0.124556,3
0.179767,0.186793,0.0290245,3
0.135413,0.196108,0.188612,3
0.222831,0.141986,0.077814,3
0.177691,0.145165,0.100819,3
0.153209,0.136643,0.0912994,3
0.179285,0.196333,0.0585615,3
0.20907,0.128907,0.171393,3
0.15546,0.210968,0.126735,3
0.128216,0.203603,0.181813,3
0.165765,0.221927,0.0650122,3
0.198521,0.213317,0.194021,3
0.138898,0.152183,0.142472,3
0.157453,0.178157,0.029703,3
0.141182,0.149143,0.0682589,3
0.195348,0.140099,0.163672,3
0.196976,0.13306,0.105412,3
0.175714,0.113292,0.0107629,3
0.146315,0.151692,0.195056,3
0.180086,0.110455,0.056867,3
0.14237,0.165304,0.0991839,3
0.156639,0.122882,0.224757,3
0.190873,0.155738,0.0196506,3
0.152468,0.107812,0.102029,3
0.20349,0.115422,0.0376209,3
0.14629,0.202366,0.0861235,3
0.196304,0.117786,0.0599883,3
0.177071,0.131377,0.0769314,3
0.155411,0.106122,0.0212984,3
0.141578,0.103856,0.0273155,3
