x coord,y coord,z coord,rank
0.0980399,0.112102,0.0694124,0
0.117157,0.0396037,0.044764,0
0.116321,0.0928685,0.0105426,0
0.153851,0.163635,0.0105301,0
0.172167,0.0762755,0.0444631,0
0.218687,0.0692239,0.0854512,0
0.197294,0.0600792,0.0297226,0
0.12878,0.0657425,0.0281934,0
0.144866,0.0306194,0.0786117,0
0.135304,0.132568,0.0311827,0
0.105288,0.0191283,0.0664633,0
0.130213,0.0930044,0.0016282,0
0.125819,0.0129636,0.097887,0
0.196837,0.047936,0.0212294,0
0.171202,0.0355908,0.0271818,0
0.169377,0.100978,0.0581613,0
0.210878,0.0393765,0.00258558,0
0.105149,0.0250576,0.092456,0
0.167317,0.0506531,0.0495362,0
0.173456,0.0488803,0.047633,0
0.146719,0.0318094,0.0563264,0
0.158426,0.116113,0.0428978,0
0.167353,0.0525005,0.0789166,0
0.123535,0.076304,0.0184147,0
0.207267,0.106322,0.0814335,0
0.151325,0.00306436,0.0674371,0
0.131966,0.0305551,0.0177605,0
0.202592,0.0545758,0.0548663,0
0.10309,0.203593,0.0891917,0
0.167084,0.138459,0.0909795,0
0.191032,0.200926,0.0630533,0
0.180699,0.0804206,0.051269,0
0.176205,0.0388,0.000720042,0
0.15476,0.0796421,0.026437,0
0.106985,0.142593,0.0928756,0
0.184576,0.163202,0.0868777,0
0.183243,0.135072,0.0885853,0
0.19384,0.0204144,0.00262202,0
0.189919,0.148561,0.0647614,0
0.162098,0.118324,0.0782961,0
0.219588,0.108381,0.053719,0
0.150221,0.185296,0.0144772,0
0.0974128,0.0611746,0.0899204,0
0.141093,0.0222416,0.0324698,0
0.203372,0.0180828,0.0485503,0
0.186776,0.197306,0.0139256,0
0.151267,0.0174725,0.0209653,0
0.120505,0.131146,0.062985,0
0.163898,0.088502,0.0308192,0
0.0837097,0.0157714,0.0364888,0
0.0813673,0.194804,0.0199026,0
0.194415,0.09654,0.0113625,0
0.211515,0.0564566,0.000463638,0
0.124943,0.129128,0.0685141,0
0.2175,0.0871102,0.0965533,0
0.163628,0.0976117,0.0778322,0
0.152137,0.102305,0.0566061,0
0.20668,0.0298229,0.0989847,0
0.19567,0.0806571,0.077609,0
0.129816,0.159032,0.0192967,0
0.120463,0.123706,0.0371831,0
0.221891,0.0987882,0.0905959,0
0.146699,0.0322438,0.0928156,0
0.214716,0.0505761,0.0406048,0
0.104207,0.0423727,0.0774981,0
0.120586,0.159195,0.0288605,0
0.184571,0.0426004,0.0761585,0
0.145375,0.0704528,0.0289197,0
0.146536,0.00171476,0.0270092,0
0.198273,0.0594252,0.038795,0
0.205651,0.0175713,0.0310753,0
0.19367,0.0828984,0.00145047,0
0.112525,0.0388951,0.0108454,0
0.0968218,0.0467345,0.0659802,0
0.185188,0.215158,0.0701203,0
0.165937,0.11364,0.0779809,0
0.112073,0.100551,0.083575,0
0.122606,0.131324,0.0923261,0
0.0881854,0.102625,0.0207494,0
0.148025,0.0200583,0.0750819,0
0.0950517,0.1702,0.0605726,0
0.127202,0.0144741,0.0362362,0
0.0815885,0.0595305,0.0227545,0
0.116239,0.135899,0.0533783,0
0.169182,0.0317339,0.0222075,0
0.114747,0.0851706,0.0607239,0
0.200532,0.0290993,0.0666279,0
0.118903,0.0986493,0.0452544,0
0.187021,0.0569491,0.00882087,0
0.192787,0.0935613,0.0501517,0
0.213945,0.131238,0.0207437,0
0.189846,0.105306,0.00352677,0
0.144916,0.119509,0.053993,0
0.120638,0.127957,0.0130862,0
0.160697,0.073504,0.024443,0
0.124958,0.176529,0.00637038,0
0.104686,0.2086,0.0786739,0
0.0911705,0.0833127,0.092789,0
0.0808908,0.185941,0.097946,0
0.0805651,0.109296,0.072862,0
0.0932198,0.171395,0.0314663,0
0.187217,0.135567,0.0168244,0
0.0948607,0.180863,0.0585515,0
0.222336,0.218453,0.0771349,0
0.0893892,0.198151,0.0684389,0
0.0868154,0.195263,0.013865,0
0.0826807,0.0141444,0.0610541,0
0.0817745,0.114734,0.0895496,0
0.123804,0.196101,0.0921939,0
0.151359,0.191347,0.0569377,0
0.193112,0.170239,0.0117058,0
0.113956,0.213424,0.0350946,0
0.095645,0.128764,0.0125519,0
0.198748,0.163737,0.0132593,0
0.165806,0.205167,0.0621791,0
0.136988,0.107828,0.0325932,0
0.207105,0.142064,0.0308077,0
0.0861495,0.0674831,0.0474572,0
0.147253,0.201366,0.051894,0
0.217964,0.1711,0.0879129,0
0.0823309,0.0207777,0.00916172,0
0.104783,0.120564,0.0878084,0
0.102578,0.099843,0.150816,1
0.0961853,0.0789918,0.137957,1
0.0964334,0.0343922,0.192299,1
0.0941085,0.00459433,0.141859,1
0.0791998,0.112003,0.216094,1
0.0179561,0.12299,0.12458,1
0.0541336,0.125849,0.104081,1
0.068404,0.0258183,0.113933,1
0.0738787,0.0974768,0.168549,1
0.099786,0.0350807,0.186696,1
0.0843128,0.198951,0.146094,1
0.0593189,0.156823,0.192969,1
0.00132738,0.218512,0.174591,1
0.056167,0.211494,0.106726,1
0.0123411,0.218135,0.198743,1
0.0733528,0.101309,0.11219,1
0.0426188,0.158634,0.1976,1
0.05939,0.215988,0.104497,1
0.0418887,0.196693,0.113317,1
0.0803426,0.116442,0.109715,1
0.067794,0.21219,0.154142,1
0.0766727,0.0878127,0.186608,1
0.0495522,0.0054652,0.155249,1
0.0918649,0.0396318,0.129647,1
0.0493199,0.0961197,0.166254,1
0.0256752,0.132404,0.116806,1
0.00110264,0.111426,0.14553,1
0.00379776,0.102515,0.211763,1
0.0830714,0.0744645,0.179309,1
0.0580015,0.2067,0.194529,1
0.00282901,0.094966,0.205761,1
0.0521904,0.124026,0.159495,1
0.0622823,0.0734172,0.191413,1
0.0209981,0.1171,0.145024,1
0.0556544,0.199851,0.173001,1
0.0985589,0.061396,0.178224,1
0.102899,0.0323812,0.222192,1
0.0426984,0.029885,0.180717,1
0.076148,0.121097,0.155465,1
0.0523284,0.0178566,0.115256,1
0.0219608,0.193116,0.202407,1
0.0292439,0.119871,0.191757,1
0.0751586,0.197532,0.164851,1
0.0521704,0.00673057,0.224481,1
0.0505556,0.00490834,0.178055,1
0.0883704,0.155899,0.121399,1
0.0708524,0.133997,0.188201,1
0.0711873,0.195325,0.205892,1
0.049243,0.174895,0.169638,1
0.0346159,0.160437,0.199456,1
0.101993,0.142489,0.128677,1
0.055791,0.156273,0.161414,1
0.0248514,0.0772525,0.129457,1
0.056434,0.126095,0.206239,1
0.095564,0.0949901,0.154448,1
0.0695687,0.222779,0.151035,1
0.0588557,0.0854057,0.224267,1
0.0745292,0.165328,0.199002,1
0.0589599,0.0419756,0.119675,1
0.0406714,0.219327,0.160404,1
0.035922,0.0038302,0.141685,1
0.0347346,0.220268,0.198412,1
0.0353368,0.171142,0.17038,1
0.0600011,0.194888,0.148369,1
0.0046242,0.0604925,0.15023,1
0.0239334,0.204776,0.20705,1
0.0499968,0.129597,0.189003,1
0.0683159,0.159902,0.212141,1
0.0124968,0.00222347,0.165618,1
0.0621065,0.0140741,0.192069,1
0.0766109,0.0308003,0.189968,1
0.0387096,0.0246706,0.148239,1
0.0745409,0.14645,0.194906,1
0.00937797,0.0139108,0.148548,1
0.0878817,0.0505037,0.218946,1
0.0670783,0.00974699,0.12183,1
0.0702537,0.169944,0.180763,1
0.00876561,0.152601,0.141138,1
0.0790611,0.0193585,0.156991,1
0.0145407,0.0689826,0.180224,1
0.0332656,0.0241553,0.204513,1
0.0116352,0.197896,0.126801,1
0.0756588,0.206858,0.171382,1
0.0322242,0.206457,0.158791,1
0.0869319,0.0841872,0.187336,1
0.030961,0.220418,0.179156,1
0.031049,0.0249078,0.213321,1
0.0531441,0.197217,0.128757,1
0.0779303,0.181121,0.117959,1
0.0583705,0.175033,0.195489,1
0.0260826,0.12098,0.215318,1
0.0547202,0.17401,0.171215,1
0.106821,0.123266,0.172577,1
0.013587,0.0867926,0.155324,1
0.00250881,0.0991369,0.160559,1
0.0622153,0.116858,0.178462,1
0.104848,0.0288633,0.142369,1
0.0751488,0.0334124,0.133949,1
0.0693222,0.129324,0.21454,1
0.0380413,0.151503,0.153744,1
0.0593525,0.152512,0.134385,1
0.0748529,0.0441179,0.17607,1
0.0706973,0.196662,0.208642,1
0.065837,0.167616,0.16129,1
0.0489126,0.0695572,0.201199,1
0.038111,0.15526,0.198377,1
0.0714294,0.124443,0.181414,1
0.0973928,0.119133,0.139341,1
0.0375089,0.116873,0.126334,1
0.0913139,0.0325954,0.153032,1
0.0434966,0.0379772,0.202185,1
0.0962043,0.12924,0.130132,1
0.107184,0.138498,0.122196,1
0.0775857,0.12487,0.183636,1
0.0510611,0.108905,0.173459,1
0.0343304,0.0838941,0.172359,1
0.0885387,0.133919,0.12723,1
0.0233718,0.0873374,0.139564,1
0.0723287,0.0868162,0.104747,1
0.00469748,0.165151,0.111266,1
0.0646163,0.0534438,0.0976048,2
0.0306847,0.18105,0.0144653,2
0.00812899,0.0300534,0.0570515,2
0.0328226,0.222742,0.0331316,2
0.0437362,0.0788158,0.0795934,2
0.0508742,0.204939,0.00708975,2
0.0493205,0.107487,0.0735705,2
0.0335394,0.0843351,0.0699547,2
0.027657,0.181396,0.0097512,2
0.0324504,0.180844,0.0151075,2
0.0269386,0.186618,0.00584262,2
0.0297951,0.183696,0.0060253,2
0.0310435,0.0440866,0.0951845,2
0.0042819,0.178269,0.023714,2
0.0336764,0.182153,0.00984065,2
0.0325187,0.185402,0.0092849,2
0.0710843,0.0931466,0.0209153,2
0.0179686,0.0629854,0.0990378,2
0.0263312,0.181508,0.011635,2
0.0281887,0.186184,0.0127976,2
0.0497973,0.0786161,0.00338936,2
0.0286283,0.183139,0.0129965,2
0.0317829,0.0931957,0.0407009,2
0.0534542,0.0436822,0.0368174,2
0.0306138,0.189531,0.00938831,2
0.0254788,0.0201826,0.0275874,2
0.0222589,0.178386,0.0125358,2
0.0263831,0.184781,0.00706559,2
0.0300535,0.181227,0.012293,2
0.0125001,0.0433097,0.0868062,2
0.0272889,0.180663,0.00969034,2
0.0613073,0.206198,0.0207172,2
0.0341221,0.18414,0.00791164,2
0.0512374,0.0916455,0.0650102,2
0.0320644,0.182836,0.0148118,2
0.0272531,0.183652,0.01336,2
0.0377675,0.186144,0.00799833,2
0.030322,0.184809,0.00645421,2
0.0652031,0.181629,0.0528194,2
0.0256728,0.177927,0.00916207,2
0.033412,0.183091,0.0127148,2
0.0351568,0.0744529,0.0426774,2
0.0276049,0.187013,0.00913007,2
0.0227232,0.160554,0.0370678,2
0.0177062,0.186292,0.0703584,2
0.0585269,0.044538,0.053706,2
0.0533357,0.0430905,0.0984782,2
0.0504108,0.120606,0.0887647,2
0.0459148,0.00753663,0.0323071,2
0.0304387,0.180855,0.00346816,2
0.0117955,0.10253,0.102548,2
0.00193272,0.197707,0.0365091,2
0.0465755,0.17371,0.0234271,2
0.0460057,0.015827,0.0500916,2
0.029395,0.0889578,0.0501435,2
0.0658397,0.068646,0.0729969,2
0.0285166,0.185063,0.00963693,2
0.0318431,0.180504,0.0127125,2
0.010182,0.00195499,0.00928381,2
0.0311893,0.18269,0.00916177,2
0.0299505,0.182704,0.00868594,2
0.0289439,0.183355,0.00969342,2
0.0701777,0.129808,0.0086468,2
0.0453157,0.0486271,0.0870809,2
0.0672751,0.151896,0.102562,2
0.0485419,0.201953,0.027553,2
0.011219,0.0869613,0.0540644,2
0.0099694,0.143219,0.00109454,2
0.0282929,0.181238,0.00631787,2
0.00870172,0.0675019,0.0571546,2
0.00622558,0.0328284,0.0140258,2
0.0351428,0.187441,0.011057,2
0.0331664,0.181833,0.0108188,2
0.0567484,0.00818231,0.00786644,2
0.0114445,0.152217,0.083014,2
0.0273332,0.182152,0.00512915,2
0.034198,0.179772,0.0104359,2
0.0298729,0.185482,0.0105984,2
0.0299344,0.18462,0.00768844,2
0.0490248,0.185418,0.0456456,2
0.0313709,0.18289,0.00551355,2
0.0293885,0.179103,0.0141677,2
0.0457688,0.0253041,0.0023825,2
0.0289242,0.178647,0.00639546,2
0.00257004,0.0544753,0.0596363,2
0.033323,0.0826166,0.0638988,2
0.0342421,0.044416,0.0772225,2
0.0385338,0.20516,0.029368,2
0.0670362,0.147681,0.0483564,2
0.0285249,0.184218,0.0141697,2
0.0262658,0.0160206,0.0657647,2
0.0249393,0.0935399,0.0530321,2
0.032063,0.185808,0.00936047,2
0.0326445,0.183393,0.0105761,2
0.0294211,0.0149515,0.0711903,2
0.0305188,0.180637,0.0131403,2
0.0304148,0.181186,0.00263471,2
0.0267866,0.186266,0.00945703,2
0.00180319,0.0423469,0.0316513,2
0.0099124,0.196433,0.0504375,2
0.0599586,0.224501,0.042563,2
0.0250966,0.185986,0.0103678,2
0.00593431,0.00992523,0.0594021,2
0.0312513,0.184362,0.00863786,2
0.0272093,0.183886,0.0126202,2
0.0617408,0.144248,0.0298312,2
0.0702576,0.22266,0.0761446,2
0.00888547,0.0616533,0.00305215,2
0.0679257,0.0986081,0.0942515,2
0.00906696,0.0204319,0.0741552,2
0.0768454,0.0532891,0.027418,2
0.0653473,0.0895071,0.0209548,2
0.0304438,0.184969,0.0127945,2
0.0308977,0.188583,0.00953058,2
0.00295209,0.169676,0.0794889,2
0.0587389,0.132621,0.0769585,2
0.0468067,0.0419689,0.0606044,2
0.0683714,0.0573045,0.0743512,2
0.070211,0.084904,0.0634378,2
0.0524482,0.114059,0.0335651,2
0.0457339,0.127788,0.0573595,2
0.0554775,0.184584,0.101398,2
0.0250356,0.108321,0.0561111,2
0.0107511,0.0207893,0.0170394,2
0.0568051,0.185255,0.0977652,2
0.0459673,0.147775,0.0984055,2
0.0735717,0.099585,0.0922961,2
0.0169669,0.171833,0.102227,2
0.170589,0.133983,0.136131,3
0.148753,0.157678,0.120457,3
0.183904,0.197713,0.12717,3
0.17144,0.179585,0.137504,3
0.171102,0.118451,0.114712,3
0.134657,0.148552,0.224283,3
0.12525,0.165656,0.133155,3
0.196527,0.123038,0.14049,3
0.126026,0.211785,0.124689,3
0.221145,0.000218803,0.183777,3
0.218305,0.186992,0.144007,3
0.203811,0.105454,0.217702,3
0.222789,0.0504501,0.193704,3
0.127063,0.150873,0.13302,3
0.130708,0.10517,0.224887,3
0.15241,0.103454,0.202957,3
0.211244,0.0385603,0.20921,3
0.159021,0.164857,0.150535,3
0.197883,0.0745496,0.196499,3
0.175942,0.210343,0.205134,3
0.219851,0.192732,0.130816,3
0.223724,0.0566585,0.176482,3
0.118008,0.214255,0.172862,3
0.199844,0.21802,0.105703,3
0.145892,0.16051,0.149747,3
0.147281,0.0845345,0.158521,3
0.17523,0.0131172,0.176677,3
0.210247,0.0672648,0.175415,3
0.153894,0.0938266,0.129195,3
0.171648,0.211484,0.189261,3
0.124438,0.0964096,0.130971,3
0.139823,0.0627006,0.210399,3
0.163809,0.172636,0.115366,3
0.164177,0.182119,0.183763,3
0.131671,0.141519,0.221016,3
0.172337,0.0420906,0.175521,3
0.196641,0.152193,0.215571,3
0.221369,0.173337,0.137269,3
0.170958,0.0299964,0.129507,3
0.205689,0.171224,0.183631,3
0.165619,0.153206,0.166653,3
0.143646,0.118255,0.114597,3
0.166809,0.138851,0.127633,3
0.188754,0.0183318,0.215806,3
0.122468,0.136097,0.179781,3
0.167922,0.0412117,0.164689,3
0.178219,0.0265328,0.204774,3
0.180333,0.20253,0.164748,3
0.177445,0.190698,0.216402,3
0.220883,0.224487,0.145079,3
0.154041,0.181971,0.222069,3
0.124235,0.172608,0.181083,3
0.137741,0.102143,0.213749,3
0.130182,0.193466,0.118521,3
0.162528,0.147786,0.220826,3
0.215288,0.0536383,0.166297,3
0.161305,0.217637,0.199894,3
0.205929,0.207308,0.105188,3
0.205877,0.103544,0.176658,3
0.217947,0.21324,0.194314,3
0.206973,0.0706567,0.147785,3
0.161461,0.203923,0.174177,3
0.172353,0.083881,0.152144,3
0.14491,0.0594209,0.182783,3
0.205186,0.107891,0.155239,3
0.168682,0.0214327,0.209267,3
0.222545,0.102229,0.14045,3
0.196444,0.0608106,0.215474,3
0.174666,0.201717,0.143238,3
0.13593,0.201144,0.134824,3
0.173879,0.0264438,0.147202,3
0.125271,0.0661359,0.163412,3
0.218282,0.170424,0.154372,3
0.184416,0.0203763,0.15963,3
0.160169,0.0793608,0.172591,3
0.175508,0.0537389,0.178543,3
0.167978,0.027203,0.166092,3
0.196009,0.0302565,0.220012,3
0.188763,0.0211048,0.216653,3
0.176844,0.221659,0.220973,3
0.151047,0.0864626,0.215774,3
0.188562,0.0347779,0.149765,3
0.188935,0.0561368,0.18742,3
0.137615,0.0963297,0.208771,3
0.115858,0.0149362,0.18458,3
0.192091,0.194488,0.106371,3
0.189086,0.14759,0.190861,3
0.183008,0.0486837,0.203228,3
0.1419,0.189676,0.146057,3
0.119992,0.00589045,0.204038,3
0.139396,0.181718,0.179277,3
0.151673,0.196666,0.174978,3
0.164808,0.172338,0.123092,3
0.133363,0.0164033,0.188844,3
0.144436,0.00337812,0.186151,3
0.180068,0.0299224,0.216997,3
0.222597,0.170902,0.151761,3
0.123537,0.186643,0.170402,3
0.149118,0.208132,0.14015,3
0.187231,0.185016,0.173335,3
0.136852,0.0104182,0.16371,3
0.138841,0.0629543,0.198353,3
0.154747,0.0622953,0.176694,3
0.162323,0.183024,0.21801,3
0.156342,0.0867344,0.170209,3
0.190671,0.101555,0.214225,3
0.130368,0.120014,0.164932,3
0.115279,0.0720336,0.162573,3
0.172277,0.141186,0.186882,3
0.199457,0.2052,0.17225,3
0.2218,0.185203,0.146514,3
0.138503,0.105048,0.223518,3
0.191304,0.0288309,0.219872,3
0.143003,0.176594,0.223681,3
0.122487,0.181727,0.151915,3
0.224994,0.0234472,0.172569,3
0.139613,0.19094,0.121988,3
0.172412,0.105168,0.124492,3
0.132832,0.106338,0.172668,3
0.221777,0.147464,0.135612,3
0.143863,0.19362,0.111297,3
0.149383,0.181398,0.124594,3
0.216072,0.122607,0.112716,3
0.116476,0.0597236,0.174074,3
0.112365,0.0957525,0.188258,3
0.11509,0.22073,0.153041,3
0.111107,0.190049,0.190585,3
0.113893,0.219948,0.113749,3
0.180672,0.000752248,0.104759,3
0.197146,0.08761,0.103876,3
