x coord,y coord,z coord,rank
0.0637269,0.0654986,0.11501,0
0.0215314,0.0477418,0.0745945,0
0.0617116,0.0610566,0.0442058,0
0.0250518,0.110993,0.126151,0
0.0266322,0.0474217,0.00175743,0
0.0256243,0.0222042,0.112519,0
0.0460105,0.104221,0.0975671,0
0.0562739,0.093979,0.115607,0
0.0131904,0.00733624,0.0374223,0
0.0531912,0.0158224,0.0847082,0
0.0685183,0.0847566,0.0998699,0
0.0158736,0.0297237,0.150817,0
0.0682595,0.0757658,0.0772155,0
0.0929173,0.0586666,0.0912592,0
0.0462001,0.0158088,0.0836487,0
0.0373987,0.0933279,0.100259,0
0.080703,0.0174649,0.0424634,0
0.0119643,0.0734145,0.0579,0
0.0298457,0.0756721,0.0622336,0
0.00536135,0.0437138,0.0445033,0
0.00545665,0.0231392,0.0943263,0
0.00662266,0.110532,0.207256,0
0.0121522,0.0490416,0.14386,0
0.0537081,0.10035,0.123608,0
0.0586853,0.0560639,0.00180092,0
0.0649201,0.0253421,0.0257957,0
0.0521704,0.0323018,0.0455058,0
0.0595432,0.101534,0.211941,0
0.0758972,0.0563534,0.210394,0
0.0208809,0.0757457,0.0265587,0
0.00488846,0.0294624,0.115437,0
0.0760554,0.042687,0.190119,0
0.0672629,0.0980121,0.0555662,0
0.0367728,0.0300455,0.0483029,0
0.0167317,0.0430461,0.0693651,0
0.0723952,0.111795,0.222846,0
0.0296344,0.120599,0.063951,0
0.0525664,0.0151612,0.0055253,0
0.0439951,0.0891803,0.1969,0
0.0332823,0.049415,0.0820462,0
0.043081,0.0265765,0.0434599,0
0.0164047,0.108701,0.0211351,0
0.0940416,0.0383299,0.109473,0
0.0314888,0.0497023,0.192414,0
0.0405161,0.122805,0.122672,0
0.0150615,0.100714,0.222372,0
0.087615,0.105595,0.0340481,0
0.0703212,0.064026,0.0434145,0
0.0106745,0.0806325,0.147511,0
0.0421958,0.0329357,0.00614391,0
0.0111579,0.117354,0.0662634,0
0.0195479,0.0253965,0.0285007,0
0.0318158,0.0929763,0.0106377,0
0.0874333,0.0518885,0.0269275,0
0.0731607,0.114235,0.0114541,0
0.058831,0.0749373,0.086775,0
0.000702303,0.00627369,0.0476351,0
0.00881438,0.101681,0.158082,0
0.00167573,0.0110923,0.020449,0
0.0831001,0.102277,0.0560141,0
0.0397884,0.113476,0.0566809,0
0.00270397,0.00785296,0.0282567,0
0.0740052,0.049159,0.141527,0
0.062455,0.0807215,0.223415,0
0.0228623,0.0645687,0.181052,0
0.0541219,0.0333327,0.003449,0
0.0799445,0.0462475,0.201146,0
0.0569258,0.0922396,0.218047,0
0.00533223,0.102277,0.223807,0
0.0467916,0.00535083,0.0373215,0
0.0455431,0.0441779,0.0584052,0
0.00371044,0.0543743,0.219465,0
0.0565118,0.00377693,0.211007,0
0.0184243,0.0767304,0.0423827,0
0.05824,0.0511763,0.0352739,0
0.00672399,0.0136649,0.0132911,0
0.0419792,0.0503183,0.102779,0
0.00579957,0.10716,0.0650934,0
0.0780186,0.0603418,0.169526,0
0.0346582,0.0412764,0.0331773,0
0.0536294,0.0605475,0.155965,0
0.0710934,0.109288,0.103769,0
0.0110317,0.0147828,0.0114129,0
0.0391701,0.0829125,0.0872898,0
0.0198323,0.0843565,0.199743,0
0.0627985,0.0595697,0.134055,0
0.0277157,0.0787557,0.163796,0
0.0850369,0.0138742,0.15028,0
0.0960013,0.0450651,0.101872,0
0.0358042,0.00421405,0.12695,0
0.0264191,0.039829,0.188004,0
0.00527464,0.0524168,0.117358,0
0.0502428,0.0818597,0.15973,0
0.0531702,0.0995623,0.130764,0
0.0273878,0.0289035,0.13195,0
0.093497,0.100517,0.008963,0
0.0103258,0.107997,0.159362,0
0.0935936,0.103759,0.202857,0
0.0140535,0.123336,0.104507,0
0.064458,0.0380752,0.127033,0
0.0929658,0.123099,0.0156516,0
0.095689,0.0910861,0.120741,0
0.036742,0.0472857,0.130752,0
0.0634177,0.0486052,0.166196,0
0.0521033,0.00888505,0.21524,0
0.0239972,0.0237984,0.179389,0
0.00544894,0.0249953,0.156974,0
0.0856069,0.0883346,0.0879536,0
0.0647483,0.110384,0.180931,0
0.0428948,0.058235,0.209413,0
0.000915506,0.0447635,0.215041,0
0.000950229,0.0729095,0.209827,0
0.0488465,0.0954563,0.109445,0
0.0945324,0.0964686,0.0110592,0
0.0647732,0.0483942,0.100053,0
0.025077,0.0807493,0.116782,0
0.0804311,0.0166879,0.201067,0
0.0825419,0.0619022,0.151708,0
0.0727759,0.115388,0.134233,0
0.083021,0.0775867,0.150089,0
0.0843746,0.0154435,0.0859844,0
0.0269812,0.116424,0.0840548,0
0.0140405,0.0865543,0.083226,0
0.0931621,0.0271205,0.0365316,0
0.0926302,0.0915688,0.219711,0
0.0877486,0.125,0.0269754,0
0.0831183,0.124693,0.222619,0
0.109718,0.0731457,0.0677116,1
0.180048,0.0462869,0.0597661,1
0.174069,0.0795793,0.0214466,1
0.20312,0.00746271,0.0728001,1
0.146754,0.00657494,0.121147,1
0.196681,0.00694034,0.215112,1
0.101283,0.0890128,0.219087,1
0.129856,0.108323,0.202881,1
0.191529,0.0882987,0.16009,1
0.183946,0.0277875,0.172234,1
0.195645,0.0651886,0.184465,1
0.15869,2.99943e-05,0.174715,1
0.180816,0.0461944,0.10626,1
0.124484,0.0439986,0.0512462,1
0.103044,0.0445245,0.0831859,1
0.217983,0.0553353,0.193924,1
0.170672,0.066772,0.12276,1
0.21438,0.0384195,0.198903,1
0.205126,0.0555959,0.189126,1
0.201329,0.0939561,0.0445056,1
0.124705,0.022795,0.130163,1
0.101194,0.108109,0.215961,1
0.199578,0.085551,0.00570152,1
0.222427,0.029032,0.162376,1
0.221941,0.0514467,0.13781,1
0.104762,0.0688365,0.142524,1
0.103851,0.0952727,0.173054,1
0.105618,0.114576,0.00857327,1
0.153522,0.0269983,0.0478406,1
0.187821,0.0573616,0.114384,1
0.150303,0.103849,0.206912,1
0.197698,0.0289911,0.0112466,1
0.179245,0.0849054,0.0169862,1
0.109944,0.0253269,0.0449359,1
0.19,0.0119313,0.0322787,1
0.221151,0.00391119,0.173489,1
0.103811,0.0542692,0.0244813,1
0.134916,0.0298913,0.066782,1
0.11754,0.114077,0.106191,1
0.150447,0.0472336,0.134836,1
0.129126,0.0952242,0.04904,1
0.0991707,0.00889028,0.0107172,1
0.161191,0.0934476,0.117891,1
0.180416,0.0425776,0.0987407,1
0.221733,0.0195475,0.0640749,1
0.142034,0.011396,0.0014433,1
0.213208,0.0861961,0.0281709,1
0.221661,0.00369054,0.198516,1
0.150433,0.054755,0.191173,1
0.183874,0.0500049,0.02746,1
0.196304,0.0742304,0.190863,1
0.218725,0.115289,0.117367,1
0.206387,0.0559576,0.093866,1
0.168715,0.0359531,0.0536784,1
0.187998,0.0713036,0.145024,1
0.220876,0.0612637,0.0435979,1
0.16034,0.0761428,0.212899,1
0.151125,0.0162503,0.0710091,1
0.17103,0.106224,0.122328,1
0.134461,0.100755,0.079739,1
0.18207,0.0211265,0.195614,1
0.126525,0.0627715,0.0331629,1
0.200884,0.0781501,0.0974688,1
0.151167,0.0589366,0.202699,1
0.188382,0.115186,0.0991834,1
0.141972,0.103043,0.178115,1
0.181514,0.0255871,0.160226,1
0.219814,0.0228263,0.206408,1
0.10571,0.0343932,0.201725,1
0.1469,0.0289869,0.133089,1
0.144771,0.0954821,0.139486,1
0.197584,0.0352916,0.0965516,1
0.186799,0.0940302,0.0375313,1
0.224383,0.0411334,0.107853,1
0.16366,0.0391789,0.182087,1
0.104819,0.0940242,0.0554271,1
0.2173,0.0776554,0.153355,1
0.220832,0.0800655,0.0552284,1
0.174347,0.0655294,0.0454049,1
0.195302,0.0345635,0.0241567,1
0.0998599,0.0936896,0.0865334,1
0.119406,0.0511149,0.223138,1
0.171876,0.0773898,0.0529347,1
0.131004,0.0498065,0.016057,1
0.210607,0.111835,0.162273,1
0.154598,0.0560034,0.0299049,1
0.173095,0.0592175,0.0353358,1
0.20448,0.00320747,0.0770729,1
0.147963,0.0901095,0.0191038,1
0.111569,0.0281732,0.156412,1
0.111956,0.0022783,0.108579,1
0.173307,0.0323869,0.180977,1
0.220261,0.0600819,0.111169,1
0.120619,0.0238107,0.22352,1
0.18383,0.116665,0.107641,1
0.160136,0.0683771,0.0695461,1
0.159795,0.0866197,0.119419,1
0.149953,0.0232031,0.16851,1
0.168654,0.0735472,0.1123,1
0.191363,0.101529,0.165439,1
0.193196,0.0226501,0.0526627,1
0.107481,0.0630252,0.0011374,1
0.217387,0.0461621,0.210887,1
0.17927,0.110098,0.149886,1
0.13097,0.0110326,0.139254,1
0.11623,0.00493088,0.0115026,1
0.156053,0.03764,0.0398393,1
0.127362,0.0287989,0.0108164,1
0.120259,0.104326,0.00242133,1
0.117541,0.0900589,0.00394539,1
0.186977,0.0684735,0.157888,1
0.222564,0.0815571,0.057191,1
0.200065,0.00778605,0.200922,1
0.130016,0.118251,0.0241732,1
0.159803,0.0592979,0.0595875,1
0.141364,0.0451944,0.210128,1
0.117176,0.111627,0.0102675,1
0.12735,0.0868782,0.00540238,1
0.20231,0.086805,0.040952,1
0.0996311,0.0865752,0.20187,1
0.195569,0.0223509,0.205003,1
0.140686,0.161327,0.0606147,2
0.186925,0.135464,0.104743,2
0.155126,0.207321,0.0876687,2
0.130703,0.143905,0.047453,2
0.168719,0.12078,0.16049,2
0.119604,0.213686,0.0598998,2
0.187024,0.167646,0.081094,2
0.177691,0.200715,0.00866096,2
0.181094,0.192961,0.0174272,2
0.161185,0.121366,0.112142,2
0.104219,0.207191,0.0230478,2
0.167431,0.186372,0.0163078,2
0.202701,0.151161,0.0311806,2
0.16963,0.167672,0.0268316,2
0.189973,0.186367,0.0494004,2
0.144457,0.224769,0.0547518,2
0.194714,0.170416,0.0417437,2
0.178279,0.218204,0.0824561,2
0.187331,0.160207,0.156721,2
0.100145,0.158627,0.0513257,2
0.156718,0.124938,0.0495933,2
0.0981509,0.128693,0.0112921,2
0.215353,0.14618,0.210329,2
0.104832,0.195824,0.0828413,2
0.186446,0.151704,0.169748,2
0.132275,0.141724,0.0755495,2
0.102899,0.148755,0.19401,2
0.167839,0.177693,0.162008,2
0.120301,0.166392,0.161715,2
0.223826,0.223616,0.0807397,2
0.203693,0.212528,0.0957367,2
0.211784,0.176087,0.222203,2
0.151422,0.215447,0.0282638,2
0.200923,0.14497,0.133631,2
0.208701,0.21595,0.150084,2
0.182033,0.223225,0.168609,2
0.122433,0.165975,0.0423914,2
0.169454,0.220472,0.084727,2
0.187179,0.209017,0.0974191,2
0.172223,0.137316,0.132109,2
0.122255,0.124861,0.0435174,2
0.197502,0.215428,0.0697591,2
0.16566,0.166365,0.0829178,2
0.122137,0.195768,0.030079,2
0.201946,0.169582,0.110209,2
0.220636,0.156128,0.0170706,2
0.145119,0.20491,0.142711,2
0.124,0.190583,0.159843,2
0.168242,0.146499,0.0108113,2
0.136493,0.154535,0.189059,2
0.211569,0.22172,0.115824,2
0.140302,0.170939,0.0779772,2
0.196449,0.133662,0.00911723,2
0.187314,0.184887,0.22266,2
0.200757,0.136883,0.14066,2
0.152505,0.146384,0.0107376,2
0.133212,0.200151,0.0436829,2
0.150856,0.15129,0.151239,2
0.17425,0.213481,0.0276964,2
0.133902,0.191498,0.174441,2
0.151612,0.169115,0.0650343,2
0.180522,0.18323,0.029827,2
0.172284,0.164837,0.0264688,2
0.117534,0.139408,0.22405,2
0.185515,0.133655,0.105679,2
0.192888,0.155132,0.123895,2
0.214888,0.174368,0.164892,2
0.224972,0.219085,0.215546,2
0.182079,0.167378,0.0664638,2
0.179171,0.137349,0.125285,2
0.197809,0.197424,0.0162254,2
0.18644,0.220644,0.102919,2
0.181305,0.134402,0.000368286,2
0.217687,0.120108,0.176121,2
0.164643,0.136897,0.00231632,2
0.151043,0.179361,0.129948,2
0.105835,0.215127,0.0484986,2
0.121504,0.144803,0.0662832,2
0.16996,0.215131,0.223084,2
0.116454,0.187501,0.117838,2
0.123571,0.144781,0.105321,2
0.176551,0.134846,0.0592434,2
0.143004,0.184368,0.0869967,2
0.165908,0.183325,0.170809,2
0.141057,0.125068,0.0962183,2
0.152065,0.200887,0.200075,2
0.20274,0.15196,0.200409,2
0.18889,0.131931,0.078073,2
0.137221,0.194106,0.191605,2
0.14867,0.158879,0.100277,2
0.224487,0.134206,0.145295,2
0.14221,0.177339,0.195012,2
0.164419,0.122898,0.0398511,2
0.162165,0.135971,0.112063,2
0.178068,0.151064,0.110447,2
0.143456,0.121591,0.156225,2
0.11284,0.206784,0.115487,2
0.189247,0.164157,0.220214,2
0.108278,0.144077,0.131987,2
0.103938,0.159658,0.0967696,2
0.142866,0.19854,0.127993,2
0.200992,0.153967,0.0123113,2
0.182901,0.197946,0.132103,2
0.153642,0.121259,0.0933902,2
0.118061,0.128571,0.110232,2
0.219147,0.161758,0.21496,2
0.120398,0.21236,0.126468,2
0.214289,0.217768,0.178286,2
0.175031,0.221521,0.0701329,2
0.123833,0.211917,0.140996,2
0.124601,0.152463,0.156704,2
0.108162,0.131433,0.0685816,2
0.216025,0.164557,0.171482,2
0.146354,0.217897,0.15493,2
0.111388,0.207089,0.169884,2
0.138918,0.197419,0.188362,2
0.112327,0.194255,0.095122,2
0.182488,0.218199,0.0704321,2
0.197878,0.222326,0.209617,2
0.191853,0.21589,0.22256,2
0.112035,0.182506,0.203972,2
0.207327,0.122402,0.131768,2
0.122814,0.13075,0.0165987,2
0.102485,0.209024,0.0363391,2
0.0990295,0.202813,0.190677,2
0.0975298,0.162536,0.0275397,2
0.107995,0.120332,0.144856,2
0.1402,0.121308,0.0575282,2
0.209597,0.120518,0.147983,2
0.0330612,0.181764,0.0499458,3
0.0292893,0.180653,0.0496995,3
0.0329262,0.17428,0.0459461,3
0.029687,0.177736,0.0456644,3
0.047014,0.20022,0.100093,3
0.0361431,0.178304,0.0474076,3
0.0376522,0.178103,0.0479177,3
0.0293304,0.187426,0.0703149,3
0.0326749,0.175387,0.042963,3
0.0314564,0.17833,0.0479107,3
0.01344,0.13285,0.206594,3
0.0376754,0.182779,0.0507494,3
0.033602,0.17904,0.0492665,3
0.028212,0.18195,0.0462289,3
0.0775848,0.173881,0.119864,3
0.0656895,0.154313,0.00446174,3
0.00129032,0.138403,0.121573,3
0.0226508,0.145674,0.221789,3
0.013516,0.180749,0.216569,3
0.0536586,0.192794,0.16338,3
0.0186436,0.187554,0.150304,3
0.0763404,0.195402,0.215378,3
0.0250209,0.178992,0.112284,3
0.0911081,0.128238,0.152804,3
0.0930742,0.158366,0.197629,3
0.036004,0.219623,0.215393,3
0.0172543,0.130655,0.0031868,3
0.0341218,0.178832,0.0407955,3
0.032921,0.177188,0.0502194,3
0.0684008,0.219836,0.118193,3
0.0341446,0.206842,0.105386,3
0.0327201,0.217775,0.153366,3
0.0348048,0.177318,0.049027,3
0.0156372,0.163988,0.139707,3
0.0943749,0.18042,0.0606789,3
0.0351581,0.184362,0.045909,3
0.0813127,0.204403,0.196817,3
0.0309943,0.181902,0.0432771,3
0.0380209,0.184172,0.0475415,3
0.0342233,0.17406,0.0429764,3
0.0320899,0.175727,0.0418538,3
0.0438124,0.144325,0.199148,3
0.0917195,0.172445,0.0631595,3
0.0369472,0.183331,0.0993588,3
0.0317728,0.174687,0.0459115,3
0.066419,0.20648,0.126922,3
0.0792541,0.212607,0.112219,3
0.0930201,0.148199,0.0690764,3
0.032336,0.17468,0.2003,3
0.0273965,0.177093,0.0462907,3
0.0526812,0.154497,0.0575652,3
0.0320222,0.177042,0.0408304,3
0.0400554,0.21615,0.139211,3
0.0594384,0.130032,0.092373,3
0.0727246,0.17788,0.0235424,3
0.0811052,0.216742,0.0246793,3
0.0334656,0.175752,0.0478841,3
0.0349228,0.175702,0.0469961,3
0.0352647,0.175995,0.0516687,3
0.039224,0.184027,0.0475582,3
0.0318922,0.177445,0.0479358,3
0.0308894,0.178736,0.0496247,3
0.0508632,0.221348,0.0125625,3
0.0122368,0.177913,0.164112,3
0.0832476,0.14169,0.172111,3
0.00489583,0.197149,0.0615611,3
0.0616022,0.134321,0.222726,3
0.000557113,0.140523,0.120064,3
0.0326733,0.180327,0.0517694,3
0.0439225,0.139219,0.0898786,3
0.0326648,0.192313,0.12964,3
0.0447039,0.181391,0.0503766,3
0.0511268,0.195718,0.15709,3
0.0396663,0.180617,0.045633,3
0.07331,0.186763,0.0514832,3
0.0149916,0.171009,0.188359,3
0.0589539,0.222897,0.00631791,3
0.0881872,0.144846,0.171382,3
0.00242379,0.189482,0.0035474,3
0.0734309,0.193387,0.102255,3
0.0295179,0.179152,0.0531675,3
0.0313044,0.183156,0.0403828,3
0.0839785,0.12684,0.194996,3
0.0342249,0.178041,0.0432246,3
0.0363634,0.175101,0.0475536,3
0.0178738,0.19879,0.0460008,3
0.0362645,0.177162,0.0492746,3
0.0328879,0.185264,0.0461769,3
0.0338032,0.173759,0.0517763,3
0.0107434,0.192318,0.0231665,3
0.0205253,0.21014,0.216489,3
0.000162229,0.19884,0.0834511,3
0.0740936,0.139606,0.10511,3
0.033217,0.180418,0.0443625,3
0.0357939,0.176498,0.0457854,3
0.0892976,0.154001,0.132052,3
0.00664507,0.187679,0.106431,3
0.0853508,0.165676,0.118329,3
0.0377345,0.176176,0.0499145,3
0.0359939,0.179027,0.0420313,3
0.0294123,0.182359,0.0482757,3
0.0329947,0.179836,0.0513838,3
0.0300015,0.18592,0.169731,3
0.0335813,0.180472,0.0495909,3
0.0335665,0.174521,0.0498387,3
0.0370769,0.176494,0.0508855,3
0.052156,0.197867,0.102966,3
0.0362475,0.176123,0.0458009,3
0.0487993,0.22069,0.218844,3
0.0541339,0.199547,0.0829282,3
0.0381701,0.179999,0.0451691,3
0.0347449,0.180525,0.0460498,3
0.0276099,0.177504,0.0532574,3
0.0335651,0.176714,0.0460108,3
0.0304867,0.180363,0.0468676,3
0.0296903,0.17373,0.0447972,3
0.031054,0.176724,0.0476672,3
0.0382989,0.149495,0.115484,3
0.00916565,0.187525,0.0150126,3
0.0339729,0.21466,0.0380005,3
0.0941528,0.152452,0.105223,3
0.024139,0.163319,0.213538,3
0.0573606,0.130134,0.0851273,3
