x coord,y coord,z coord,rank
0.100841,0.113606,0.101797,0
0.209266,0.197163,0.0620883,0
0.103033,0.117199,0.0995046,0
0.178425,0.163423,0.00100516,0
0.141809,0.187075,0.0929737,0
0.222501,0.128947,0.0828538,0
0.201607,0.139802,0.0439462,0
0.161753,0.159817,0.0764753,0
0.162218,0.200467,0.0801422,0
0.151285,0.146394,0.0952247,0
0.133828,0.14846,0.0717222,0
0.131096,0.141496,0.102476,0
0.0165515,0.151896,0.100857,0
0.102313,0.117715,0.10773,0
0.138522,0.118317,0.0812086,0
0.102873,0.119938,0.106578,0
0.139748,0.131879,0.00728717,0
0.112471,0.133498,0.0691211,0
0.103502,0.121966,0.108669,0
0.202734,0.165384,0.070872,0
0.12957,0.132372,0.0724011,0
0.145976,0.141992,0.0674134,0
0.099657,0.115001,0.105046,0
0.083647,0.151182,0.0653919,0
0.102114,0.11658,0.108095,0
0.182472,0.163997,0.098303,0
0.102288,0.122205,0.0284592,0
0.103339,0.11294,0.107046,0
0.168859,0.179008,0.0982228,0
0.0411042,0.121341,0.0439996,0
0.175707,0.154041,0.0143871,0
0.188963,0.118591,0.0282723,0
0.103419,0.116656,0.106715,0
0.100841,0.116358,0.108282,0
0.213592,0.222037,0.0883282,0
0.0813175,0.178277,0.0636215,0
0.152645,0.118581,0.10076,0
0.0362901,0.130779,0.0286273,0
0.22426,0.178551,0.0777874,0
0.0510831,0.1336,0.0351884,0
0.0356369,0.120487,0.0440541,0
0.0842334,0.136698,0.0435696,0
0.189739,0.124708,0.0875328,0
0.203117,0.114525,0.0539633,0
0.0207372,0.183711,0.0423398,0
0.0475357,0.136452,0.0270385,0
0.0863737,0.164278,0.0653809,0
0.143596,0.223141,0.00618311,0
0.0326832,0.131305,0.0277999,0
0.107969,0.197733,0.0222997,0
0.0748104,0.115283,0.0857839,0
0.177523,0.164112,0.0336158,0
0.0630424,0.217339,0.0186271,0
0.149396,0.174532,0.0547145,0
0.00486093,0.117869,0.0811632,0
0.0866675,0.141788,0.0751228,0
0.0978043,0.172191,0.0526147,0
0.08852,0.125955,0.082634,0
0.133689,0.124253,0.0744982,0
0.0155758,0.205269,0.0644517,0
0.083167,0.164166,0.0686892,0
0.0250555,0.224151,0.0279184,0
0.0680009,0.167147,0.0260154,0
0.133661,0.197969,0.0758372,0
0.0628345,0.202988,0.0664762,0
0.163816,0.126351,0.0527712,0
0.207919,0.174614,0.039499,0
0.109283,0.114287,0.105054,0
0.0423778,0.156589,0.0664199,0
0.0597157,0.126833,0.107109,0
0.0676013,0.205888,0.0587261,0
0.134501,0.129343,0.0865125,0
0.169926,0.168028,0.0770864,0
0.133605,0.147008,0.0999024,0
0.103184,0.114287,0.105542,0
0.10163,0.113268,0.107404,0
0.083315,0.139464,0.10731,0
0.140832,0.150298,0.0638146,0
0.101284,0.117578,0.106562,0
0.208171,0.160782,0.0973657,0
0.0382294,0.158463,0.0315597,0
0.144282,0.204039,0.0593663,0
0.137902,0.203009,0.0534149,0
0.153352,0.134699,0.0721682,0
0.0267671,0.130643,0.00730662,0
0.122228,0.135956,0.0314597,0
0.111432,0.158802,0.0547927,0
0.0969096,0.173839,0.0548348,0
0.0675917,0.172174,0.0924058,0
0.0456294,0.155989,0.093545,0
0.000447429,0.116043,0.075995,0
0.0587335,0.198883,0.00246368,0
0.166057,0.157155,0.108001,0
0.159476,0.131385,0.0375305,0
0.128236,0.140633,0.100671,0
0.014908,0.205159,0.0656502,0
0.211383,0.210471,0.0843666,0
0.0823907,0.151304,0.0913828,0
0.0270921,0.115417,0.00147388,0
0.20264,0.206421,0.00975992,0
0.176672,0.181396,0.0989919,0
0.0333541,0.138709,0.0028566,0
0.11164,0.164191,0.0183096,0
0.127807,0.14736,0.104229,0
0.0967802,0.112862,0.108935,0
0.0638531,0.122295,0.0749417,0
0.0996512,0.115465,0.10425,0
0.130097,0.150422,0.0120761,0
0.0495435,0.152007,0.0948216,0
0.106887,0.120746,0.0840791,0
0.0466796,0.11559,0.105148,0
0.154805,0.160201,0.104096,0
0.0984586,0.116305,0.107339,0
0.0662853,0.218744,0.0165065,0
0.101689,0.112709,0.107652,0
0.103272,0.116845,0.10927,0
0.100224,0.116361,0.109226,0
0.104401,0.106667,0.116934,1
0.104668,0.112945,0.110313,1
0.187841,0.100729,0.126685,1
0.222859,0.0306163,0.167048,1
0.109054,0.0977209,0.169139,1
0.181783,0.0848126,0.197244,1
0.170979,0.100291,0.175129,1
0.141467,0.0135334,0.143699,1
0.145389,0.0504122,0.164959,1
0.191142,0.0106519,0.131896,1
0.103007,0.111087,0.111313,1
0.0979105,0.110331,0.116833,1
0.058042,0.0590544,0.117049,1
0.10684,0.112081,0.1156,1
0.107713,0.113069,0.111671,1
0.187942,0.104687,0.1257,1
0.0745659,0.050359,0.210529,1
0.175207,0.040918,0.192066,1
0.0699974,0.105504,0.222695,1
0.0976879,0.0542224,0.149083,1
0.101458,0.112773,0.114261,1
0.14035,0.0734206,0.121784,1
0.0972654,0.0844011,0.218778,1
0.177628,0.104633,0.14988,1
0.0412621,0.0476307,0.11868,1
0.0152051,0.00659757,0.146244,1
0.0952789,0.0829878,0.217013,1
0.0877782,0.0291174,0.152686,1
0.106077,0.112377,0.112593,1
0.190925,0.0674123,0.139978,1
0.100588,0.106733,0.110028,1
0.111502,0.0663695,0.14798,1
0.173448,0.0266734,0.209438,1
0.0958796,0.110102,0.115887,1
0.108619,0.0712337,0.129742,1
0.176684,0.0899667,0.197836,1
0.224302,0.00977272,0.21573,1
0.0745744,0.0762123,0.172041,1
0.10226,0.113587,0.11143,1
0.0497795,0.051168,0.198406,1
0.101667,0.113099,0.111218,1
0.164098,0.0490422,0.172909,1
0.0164395,0.0703232,0.123088,1
0.119481,0.0862182,0.133557,1
0.165148,0.0148235,0.118962,1
0.118629,0.0967056,0.148406,1
0.200578,0.0398029,0.167712,1
0.104395,0.11246,0.112316,1
0.105928,0.112815,0.112183,1
0.0230861,0.095234,0.146311,1
0.106259,0.110449,0.115103,1
0.103232,0.0473472,0.115989,1
0.150147,0.098801,0.164363,1
0.061378,0.105223,0.167341,1
0.148531,0.101736,0.168378,1
0.117451,0.08291,0.162065,1
0.175145,0.0891296,0.146431,1
0.0976312,0.0824768,0.219329,1
0.19764,0.0431794,0.173531,1
0.191312,0.0138557,0.136702,1
0.201813,0.103309,0.198967,1
0.189905,0.030343,0.210681,1
0.140458,0.0948469,0.218968,1
0.000103527,0.00999726,0.148567,1
0.17485,0.0237926,0.209157,1
0.0485377,0.017689,0.150383,1
0.0133729,0.0203862,0.183276,1
0.0885727,0.00907754,0.223964,1
0.0968596,0.0455127,0.124723,1
0.161204,0.0111554,0.205676,1
0.134004,0.0702744,0.168002,1
0.167271,0.0918566,0.20541,1
0.105253,0.107615,0.113197,1
0.135175,0.0747759,0.126653,1
0.223312,0.0796853,0.116368,1
0.103543,0.110484,0.110036,1
0.106577,0.104212,0.172516,1
0.146142,0.0948754,0.161771,1
0.0985865,0.111648,0.115019,1
0.114855,0.113794,0.191985,1
0.0331232,0.103872,0.134324,1
0.0167311,0.0734714,0.175262,1
0.123774,0.111603,0.150766,1
0.145514,0.111545,0.16514,1
0.0729102,0.0849412,0.131924,1
0.105036,0.105712,0.122207,1
0.170296,0.0573914,0.142409,1
0.0569918,0.0353742,0.137536,1
0.0744804,0.0560462,0.216323,1
0.170965,0.0993109,0.172863,1
0.143992,0.110667,0.137285,1
0.201022,0.0434937,0.171554,1
0.0555038,0.101341,0.127654,1
0.186543,0.109004,0.153861,1
0.0650033,0.107163,0.221406,1
0.177571,0.0273363,0.212662,1
0.0427851,0.0315793,0.183927,1
0.0935702,0.062335,0.116301,1
0.100897,0.110894,0.113215,1
0.138019,0.0506322,0.149451,1
0.181098,0.0811857,0.113215,1
0.132454,0.0838604,0.110059,1
0.0609945,0.0846646,0.132383,1
0.145868,0.045084,0.113862,1
0.192449,0.0169869,0.17767,1
0.176697,0.0821178,0.147292,1
0.0043295,0.0633103,0.11209,1
0.0789504,0.0201761,0.163901,1
0.100136,0.108249,0.111662,1
0.101277,0.0630962,0.117511,1
0.152229,0.0580088,0.13021,1
0.167884,0.00349911,0.129611,1
0.173388,0.021535,0.21795,1
0.10212,0.112805,0.112132,1
0.103555,0.111676,0.115255,1
0.103251,0.110854,0.121927,1
0.097485,0.112994,0.111337,1
0.103707,0.112198,0.111751,1
0.100939,0.111527,0.112639,1
0.107219,0.102591,0.11353,1
0.103558,0.108858,0.119302,1
0.0593799,0.113486,0.165034,1
0.0996096,0.108278,0.115436,1
0.104356,0.112387,0.110368,1
0.102608,0.111045,0.111689,1
0.0720823,0.0616474,0.115669,1
0.10726,0.112042,0.113095,1
0.108799,0.10769,0.112301,1
0.097897,0.111502,0.110758,1
0.107111,0.111642,0.11671,1
0.0937364,0.113932,0.11074,1
0.103585,0.112793,0.109731,1
0.0973017,0.112005,0.110579,1
0.102312,0.112397,0.113166,1
0.109974,0.110481,0.109564,1
0.10808,0.112227,0.109679,1
0.0771958,0.115216,0.130071,2
0.102001,0.118718,0.113145,2
0.105205,0.117722,0.110965,2
0.104055,0.114886,0.117486,2
0.066182,0.177833,0.142712,2
0.103292,0.116297,0.111968,2
0.0152604,0.151512,0.184948,2
0.0990481,0.116975,0.111496,2
0.0954116,0.119482,0.111248,2
0.105389,0.119108,0.113597,2
0.100618,0.117509,0.112202,2
0.0990317,0.115094,0.11283,2
0.103377,0.121263,0.110818,2
0.106188,0.116408,0.110912,2
0.16971,0.159328,0.110818,2
0.101812,0.121004,0.109546,2
0.0268207,0.159685,0.190538,2
0.126057,0.167526,0.12218,2
0.102254,0.11904,0.113393,2
0.109777,0.216391,0.165363,2
0.102212,0.155891,0.207674,2
0.0327575,0.126918,0.163385,2
0.16652,0.139763,0.117251,2
0.0263043,0.129737,0.17318,2
0.042618,0.152937,0.113788,2
0.100611,0.116419,0.112834,2
0.192031,0.124109,0.138939,2
0.127954,0.134725,0.159073,2
0.0810333,0.150722,0.161582,2
0.102974,0.173972,0.128081,2
0.121651,0.177551,0.110115,2
0.116351,0.192443,0.118601,2
0.137557,0.116174,0.145965,2
0.186633,0.182837,0.142901,2
0.072864,0.214392,0.160066,2
0.0752637,0.160116,0.197708,2
0.169498,0.160266,0.189843,2
0.0944676,0.118489,0.111372,2
0.217569,0.20354,0.129794,2
0.167579,0.13538,0.21556,2
0.102609,0.119816,0.112351,2
0.112723,0.175332,0.214025,2
0.164278,0.200831,0.127285,2
0.0821828,0.186017,0.126839,2
0.135802,0.18929,0.11036,2
0.0773139,0.217764,0.160152,2
0.117557,0.120637,0.179606,2
0.185418,0.164289,0.130352,2
0.0974009,0.132269,0.172184,2
0.164294,0.179974,0.195347,2
0.0971243,0.120836,0.11536,2
0.171386,0.183677,0.168191,2
0.0868968,0.216735,0.113419,2
0.0995301,0.1159,0.115187,2
0.186639,0.177277,0.142707,2
0.0747451,0.149333,0.162597,2
0.0833711,0.147714,0.146236,2
0.139859,0.12058,0.196527,2
0.0789976,0.17913,0.129211,2
0.186712,0.119966,0.195063,2
0.0994787,0.146778,0.109894,2
0.101494,0.122443,0.11363,2
0.165493,0.155608,0.164692,2
0.135631,0.119135,0.177845,2
0.0419381,0.160653,0.185358,2
0.0594657,0.162043,0.134663,2
0.0741943,0.219818,0.162774,2
0.0723014,0.187403,0.119397,2
0.114095,0.12388,0.137447,2
0.123138,0.171449,0.209499,2
0.224393,0.186789,0.196884,2
0.0779013,0.168548,0.157792,2
0.167144,0.154846,0.16896,2
0.0480244,0.142391,0.195486,2
0.165354,0.114145,0.115214,2
0.158355,0.145235,0.140916,2
0.0683126,0.214095,0.156367,2
0.0850352,0.181053,0.125475,2
0.181422,0.1759,0.147925,2
0.0640455,0.186572,0.137101,2
0.106969,0.117345,0.117852,2
0.0706041,0.162125,0.149399,2
0.10092,0.209439,0.215908,2
0.144883,0.176807,0.161924,2
0.216961,0.201864,0.15574,2
0.190426,0.124591,0.147779,2
0.174151,0.164512,0.187194,2
0.0546291,0.163964,0.136097,2
0.0777899,0.215281,0.161551,2
0.164072,0.154882,0.172923,2
0.0457675,0.132417,0.124645,2
0.1285,0.195645,0.198002,2
0.0297534,0.165646,0.115301,2
0.0791706,0.206367,0.168528,2
0.107583,0.170054,0.119751,2
0.100938,0.114882,0.115672,2
0.104895,0.206252,0.196522,2
0.106217,0.11714,0.114243,2
0.0214409,0.199342,0.131585,2
0.117715,0.174102,0.214318,2
0.0751997,0.216818,0.154356,2
0.187666,0.154752,0.211986,2
0.0745721,0.214991,0.160128,2
0.103632,0.114783,0.112978,2
0.0143267,0.156643,0.215424,2
0.142475,0.114432,0.146352,2
0.101496,0.115987,0.111341,2
0.0918556,0.137499,0.203345,2
0.160676,0.124975,0.184449,2
0.0790667,0.209111,0.165094,2
0.0116085,0.122051,0.170934,2
0.143222,0.128234,0.181716,2
0.0872407,0.174786,0.2057,2
0.143405,0.197857,0.213155,2
0.109967,0.122203,0.117413,2
0.139591,0.199478,0.153143,2
0.177387,0.202669,0.178801,2
0.10371,0.119208,0.110952,2
0.105764,0.119034,0.111218,2
0.0980198,0.117018,0.109484,2
0.100278,0.117621,0.113415,2
0.0983488,0.120953,0.110781,2
0.109941,0.111974,0.10498,3
0.141543,0.0374234,0.0948501,3
0.031313,0.0154215,0.068688,3
0.100745,0.1084,0.108938,3
0.0999097,0.111878,0.106049,3
0.166417,0.0566055,0.105886,3
0.1195,0.112219,0.0704283,3
0.0978263,0.110635,0.103575,3
0.119307,0.0259053,0.0246721,3
0.0601145,0.0683012,0.0253586,3
0.13823,0.0423895,0.0879034,3
0.0319112,0.0735878,0.107637,3
0.0103523,0.0787949,0.0897397,3
0.0493932,0.0363617,0.0403718,3
0.0704237,0.0219123,0.108044,3
0.109033,0.109361,0.108442,3
0.0603972,0.0486505,0.0695847,3
0.0834429,0.0867371,0.0447933,3
0.0763734,0.0745767,0.0723578,3
0.0623734,0.0507926,0.0620049,3
0.199823,0.09913,0.1034,3
0.053729,0.0701229,0.0382799,3
0.0830254,0.0139388,0.0492708,3
0.180516,0.019474,0.106805,3
0.0196707,0.0641757,0.00834352,3
0.00594332,0.0807977,0.0885072,3
0.0987326,0.110839,0.0986232,3
0.0839653,0.0861347,0.0678279,3
0.14998,0.111568,0.10494,3
0.0605841,0.048379,0.0641779,3
0.114542,0.0308565,0.0217556,3
0.165097,0.007124,0.0841704,3
0.0859723,0.0349414,0.10887,3
0.064437,0.0581392,0.0405916,3
0.0187753,0.0193227,0.032681,3
0.150164,0.0984117,0.0450566,3
0.160676,0.0752306,0.0954726,3
0.181799,0.107568,0.0486959,3
0.0678343,0.0801656,0.0710332,3
0.0414078,0.0652121,0.0953158,3
0.0112376,0.0976959,0.0481702,3
0.0860228,0.085872,0.0599866,3
0.148593,0.0550963,0.0101893,3
0.174707,0.0382583,0.0298431,3
0.0996892,0.109976,0.105868,3
0.221185,0.0673883,0.0976144,3
0.181797,0.0772908,0.0122388,3
0.0474077,0.0614217,0.0801452,3
0.00885216,0.084251,0.0925636,3
0.185109,0.0277745,0.0018846,3
0.0683224,0.000598384,0.0134398,3
0.164114,0.0728997,0.103579,3
0.0528287,0.0473193,0.0625632,3
0.118353,0.0284008,0.0155759,3
0.152018,0.0350089,0.0995269,3
0.0949799,0.0707,0.014569,3
0.10455,0.108369,0.107068,3
0.104263,0.109695,0.108237,3
0.175819,0.0688771,0.0808901,3
0.168373,0.0701808,0.0784431,3
0.0767571,0.0579448,0.0464794,3
0.10668,0.0614341,0.0505852,3
0.0296773,0.0798139,0.0757276,3
0.0877481,0.0884221,0.0670507,3
0.0755786,0.057876,0.0904011,3
0.133575,0.0752078,0.019657,3
0.114344,0.0889492,0.0341323,3
0.126023,0.10814,0.100098,3
0.00749188,0.0466849,0.0917745,3
0.058506,0.0713224,0.0345273,3
0.148095,0.0151473,0.0678473,3
0.153921,0.0900767,0.0740944,3
0.139296,0.102832,0.0525639,3
0.182136,0.0743401,0.101433,3
0.100596,0.11131,0.1068,3
0.180158,0.0603067,0.0610116,3
0.154544,0.112375,0.0274595,3
0.140562,0.0962437,0.0587536,3
0.157078,0.0905271,0.0740655,3
0.0227154,0.0917871,0.0707151,3
0.209139,0.0655413,0.0169771,3
0.164577,0.0954397,0.0344209,3
0.054571,0.0496313,0.0626602,3
0.102027,0.109459,0.10708,3
0.119816,0.0264187,0.0221809,3
0.0502431,0.0806743,0.0953716,3
0.101408,0.10794,0.107846,3
0.0890277,0.0299727,0.0144761,3
0.167692,0.00541081,0.108897,3
0.117342,0.0515478,0.026783,3
0.0179867,0.00641861,0.0662769,3
0.0930158,0.111792,0.10776,3
0.063445,0.0152719,0.0814002,3
0.117805,0.0541637,0.0509097,3
0.0790184,0.0468334,0.0664528,3
0.179266,0.0912992,0.0467371,3
0.198329,0.0985122,0.104789,3
0.0197771,0.0885554,0.0154404,3
0.0406062,0.101606,0.0761738,3
0.188284,0.0463385,0.0469023,3
0.142121,0.0989858,0.0979372,3
0.0159643,0.0461272,0.0938777,3
0.123639,0.0653251,0.0989436,3
0.172242,0.105951,0.0463989,3
0.0595794,0.0528032,0.0623015,3
0.0551044,0.00487573,0.00684749,3
0.0953846,0.0712777,0.00974908,3
0.119781,0.0230247,0.0261953,3
0.192272,0.0600445,0.0646248,3
0.0983533,0.069515,0.0115377,3
0.19464,0.0563434,0.0614842,3
0.116495,0.0504477,0.0332799,3
0.164567,0.0218911,0.0437768,3
0.114331,0.0950768,0.0144916,3
0.120337,0.0285727,0.0273639,3
0.20105,0.10503,0.0970717,3
0.113838,0.0200306,0.109076,3
0.10014,0.10703,0.104793,3
0.0983952,0.107784,0.106548,3
0.101328,0.110755,0.106843,3
0.103055,0.106324,0.107491,3
0.104617,0.108403,0.106797,3
0.102514,0.111577,0.107493,3
0.109579,0.110112,0.106456,3
0.107913,0.107675,0.108332,3
