x coord,y coord,z coord,rank
0.0123464,0.123159,0.0261195,0
0.0829493,0.126555,0.0189576,0
0.0224383,0.179099,0.0313455,0
0.0615211,0.224763,0.0510818,0
0.00785425,0.194977,0.0804914,0
0.0723689,0.0527797,0.0933548,0
0.0223673,0.189636,0.0316665,0
0.0929754,0.11199,0.066486,0
0.0205301,0.18197,0.0343154,0
0.0289725,0.196514,0.00598614,0
0.0266034,0.0978959,0.0959703,0
0.013584,0.103451,0.0575571,0
0.0480082,0.173258,0.0468019,0
0.0248089,0.116718,0.00402589,0
0.0146724,0.183768,0.0275296,0
0.0242843,0.100437,0.0604702,0
0.0835895,0.201818,0.0685958,0
0.0800581,0.15418,0.100058,0
0.0792215,0.147188,0.0120797,0
0.0225557,0.181811,0.0267006,0
0.0260815,0.184264,0.0252901,0
0.0830233,0.164656,0.0938317,0
0.0202397,0.185763,0.0291368,0
0.024184,0.0325878,0.00782339,0
0.0202025,0.183349,0.0330474,0
0.0690396,0.199116,0.0197473,0
0.0581043,0.0601315,0.0487614,0
0.0142849,0.10564,0.0660532,0
0.0838866,0.15564,0.0778542,0
0.0541203,0.0108749,0.0401434,0
0.0266836,0.187426,0.0310853,0
0.0240296,0.184172,0.0305727,0
0.0152087,0.102829,0.0356933,0
0.0884426,0.0336098,0.00929346,0
0.00132443,0.149055,0.0123353,0
0.0249476,0.182239,0.0303726,0
0.0182107,0.181589,0.0337746,0
0.0215696,0.213931,0.00148692,0
0.0517884,0.0559253,0.0462764,0
0.0769542,0.0151785,0.0481662,0
0.0479658,0.0573493,0.0649419,0
0.0171169,0.0493593,0.0365657,0
0.01835,0.189712,0.0282994,0
0.0786939,0.080956,0.0997522,0
0.0364178,0.0133259,0.0908465,0
0.0570424,0.176792,0.0483254,0
0.0691008,0.143396,0.0461973,0
0.0207691,0.184193,0.0272606,0
0.0210292,0.188982,0.0292113,0
0.0218172,0.183918,0.0301512,0
0.0113174,0.123161,0.0280601,0
0.0124751,0.165478,0.0797752,0
0.0183068,0.183825,0.0269772,0
0.0578534,0.00846461,0.0409439,0
0.0246575,0.18724,0.0314294,0
0.0251713,0.185151,0.0298089,0
0.0198438,0.186577,0.0359569,0
0.0254886,0.187066,0.0293174,0
0.0239258,0.181073,0.0279403,0
0.0771881,0.0775234,0.00550735,0
0.0231752,0.0850644,0.0212557,0
0.0278672,0.181712,0.0364423,0
0.0214355,0.189455,0.0322465,0
0.0270081,0.186812,0.032235,0
0.0679383,0.0394678,0.0278952,0
0.0687011,0.186241,0.0428856,0
0.0209669,0.182436,0.0339917,0
0.0563658,0.0744519,0.0899427,0
0.0838929,0.0671164,0.0230531,0
0.0266744,0.183878,0.0302119,0
0.019216,0.182403,0.02842,0
0.0141536,0.10103,0.0522921,0
0.0237918,0.188477,0.0303836,0
0.0196501,0.192106,0.030409,0
0.0249881,0.185354,0.0243092,0
0.0847431,0.0630948,0.0212947,0
0.0224305,0.00783743,0.0222199,0
0.00981624,0.0577422,0.0589473,0
0.0129896,0.0315499,0.0452406,0
0.0884538,0.00912893,0.00745784,0
0.0224938,0.185217,0.0305797,0
0.0190727,0.187214,0.0287674,0
0.0206658,0.186374,0.0322664,0
0.0201117,0.184622,0.0331879,0
0.0853697,0.0410297,0.0854804,0
0.0503991,0.0694604,0.0999955,0
0.0204812,0.182977,0.0270122,0
0.0274754,0.184487,0.0279369,0
0.00464615,0.0117915,0.0797199,0
0.0216078,0.186966,0.027995,0
0.0319638,0.174663,0.0217488,0
0.0227809,0.18712,0.0243399,0
0.00318842,0.187932,0.0492238,0
0.0279064,0.154472,0.0206765,0
0.0283053,0.100199,0.0796856,0
0.0932263,0.119477,0.0687168,0
0.021703,0.188055,0.0254337,0
0.0190388,0.181753,0.0328756,0
0.0517471,0.145452,0.0372609,0
0.0121946,0.0266852,0.0210533,0
0.0776963,0.078865,0.0985985,0
0.0583471,0.0627784,0.0503529,0
0.0226617,0.186492,0.0301801,0
0.0450405,0.173284,0.0548322,0
0.00757091,0.0595862,0.0959267,0
0.0927389,0.147975,0.0902677,0
0.0260084,0.18947,0.0372445,0
0.0201919,0.182461,0.0307095,0
0.0203562,0.181933,0.0350925,0
0.023028,0.183762,0.0285966,0
0.0206763,0.187092,0.0295323,0
0.0762185,0.110315,0.0982491,0
0.0476738,0.136628,0.0422609,0
0.0453674,0.129186,0.0371464,0
0.0697527,0.0795993,0.00484003,0
0.0180309,0.183704,0.0276143,0
0.0184921,0.188732,0.0283945,0
0.0912319,0.0916901,0.0438463,0
0.00212952,0.104884,0.0953228,0
0.0437642,0.147739,0.083847,0
0.0300649,0.0920356,0.088995,0
0.0330783,0.0535092,0.0916006,0
0.0598415,0.216418,0.00378974,0
0.0774404,0.145366,0.0720197,0
0.0880388,0.0841624,0.0913038,0
0.093837,0.0492058,0.0642386,0
0.183422,0.153611,0.0312354,1
0.129184,0.140977,0.078545,1
0.185106,0.122866,0.0410571,1
0.145204,0.0928126,0.0806936,1
0.115211,0.101416,0.0964575,1
0.156018,0.10761,0.0282604,1
0.133307,0.0870606,0.0394477,1
0.173596,0.0755759,0.042871,1
0.147573,0.185923,0.0681958,1
0.131132,0.20128,0.0919334,1
0.152327,0.187427,0.0699131,1
0.153398,0.0648764,0.015093,1
0.115764,0.111712,0.032107,1
0.111213,0.0753984,0.0526665,1
0.183044,0.177439,0.0834873,1
0.220102,0.205954,0.0958011,1
0.160363,0.0589211,0.0872061,1
0.105289,0.0275743,0.038369,1
0.185742,0.0981026,0.0568926,1
0.220627,0.0137293,0.0969966,1
0.168454,0.122613,0.0676762,1
0.220074,0.064285,0.0631196,1
0.160616,0.0479878,0.000226053,1
0.181736,0.0298339,0.00951073,1
0.150788,0.070207,0.038518,1
0.186764,0.0361194,0.0863062,1
0.155655,0.113018,0.033598,1
0.21723,0.0811204,0.0815397,1
0.136412,0.0633609,0.0948558,1
0.205467,0.0493095,0.0199074,1
0.179093,0.171347,0.0663901,1
0.131242,0.209217,0.0811887,1
0.154998,0.145674,0.0345927,1
0.101169,0.0754638,0.0321819,1
0.155709,0.142628,0.0346724,1
0.204115,0.192183,0.053687,1
0.159219,0.145644,0.0342825,1
0.143991,0.15445,0.0969859,1
0.219297,0.0303842,0.0580956,1
0.168078,0.0235191,0.0115722,1
0.149731,0.0680571,0.0366706,1
0.170097,0.171833,0.0738457,1
0.224418,0.0153752,0.00923173,1
0.186829,0.0772461,0.0858979,1
0.19998,0.114865,0.0551069,1
0.201833,0.187395,0.0479819,1
0.201073,0.210689,0.0448784,1
0.166479,0.177688,0.0128678,1
0.181413,0.0740376,0.079674,1
0.215342,0.0351412,0.0939509,1
0.114955,0.164253,0.0661732,1
0.156409,0.0940473,0.0322641,1
0.192172,0.126919,0.0019469,1
0.201633,0.0430915,0.059384,1
0.194573,0.125742,0.00693247,1
0.193194,0.113424,0.0796775,1
0.126754,0.191373,0.0396805,1
0.14622,0.195434,0.0119778,1
0.214662,0.0717403,0.0771148,1
0.204143,0.0473297,0.0308824,1
0.13069,0.127338,0.0737646,1
0.210146,0.0468615,0.00682637,1
0.115796,0.147019,0.0725014,1
0.135904,0.220685,0.0533058,1
0.166838,0.0583219,0.0937374,1
0.118687,0.0301997,0.0965702,1
0.160118,0.0343571,0.0842548,1
0.136373,0.197213,0.0734998,1
0.214672,0.0955864,0.038536,1
0.188186,0.0410822,0.0467522,1
0.203418,0.0516016,0.0282408,1
0.186855,0.126746,0.00455311,1
0.201051,0.0553265,0.0961362,1
0.157743,0.0268678,0.00131252,1
0.208838,0.0786518,0.0312216,1
0.214048,0.0929531,0.0278539,1
0.202943,0.0533159,0.0634862,1
0.207872,0.0489042,0.0178933,1
0.175009,0.217402,0.0609709,1
0.108169,0.102608,0.0708342,1
0.184714,0.178538,0.0539614,1
0.147613,0.185292,0.0288648,1
0.103433,0.103907,0.0852202,1
0.158961,0.173949,0.032923,1
0.120568,0.0317899,0.0566362,1
0.128765,0.138879,0.0666109,1
0.192715,0.18084,0.0732669,1
0.190563,0.154431,0.0914393,1
0.204445,0.221446,0.0538897,1
0.209748,0.1053,0.0778447,1
0.115964,0.1779,0.00328484,1
0.223175,0.145902,0.0896063,1
0.223706,0.180456,0.0800898,1
0.121439,0.169654,0.0323041,1
0.192792,0.15188,0.0780195,1
0.128728,0.160392,0.0594192,1
0.151881,0.160405,0.0867959,1
0.15499,0.20347,0.0532347,1
0.129177,0.224942,0.0440853,1
0.167155,0.00975986,0.033511,1
0.107244,0.0232103,0.0166062,1
0.215062,0.208869,0.0511303,1
0.129397,0.165901,0.0138035,1
0.147808,0.215635,0.103532,1
0.0989201,0.159708,0.0162459,1
0.14557,0.0602465,0.0109813,1
0.173705,0.034215,0.0192547,1
0.222707,0.102804,0.0666729,1
0.126576,0.12205,0.0288951,1
0.104905,0.0452702,0.0834497,1
0.100771,0.217698,0.0489832,1
0.12678,0.0170732,0.091534,1
0.18249,0.075924,0.0878698,1
0.0966699,0.00978031,0.0563827,1
0.1397,0.112897,0.00333107,1
0.101068,0.0127436,0.0384149,1
0.10358,0.130593,0.0828618,1
0.100239,0.0416755,0.0331821,1
0.0982901,0.0718352,0.0745662,1
0.101264,0.128189,0.077855,1
0.104672,0.147968,0.100851,1
0.0999179,0.223833,0.0469664,1
0.165951,0.135944,0.104019,1
0.0813238,0.0787216,0.113255,2
0.107425,0.077338,0.110165,2
0.0702051,0.101299,0.140241,2
0.0959564,0.192682,0.18366,2
0.0929976,0.0031522,0.139294,2
0.073138,0.0338234,0.196193,2
0.0399546,0.199583,0.106823,2
0.102181,0.0425822,0.219651,2
0.103361,0.0620149,0.170751,2
0.103399,0.0640271,0.136274,2
0.0937252,0.0300876,0.194803,2
0.00773365,0.126939,0.141367,2
0.103764,0.0851221,0.154764,2
0.0842482,0.109058,0.151874,2
0.105129,0.179956,0.134472,2
0.01216,0.0835617,0.123169,2
0.103967,0.213475,0.20107,2
0.0606869,0.0774675,0.163322,2
0.0450714,0.088254,0.206039,2
0.0279608,0.0267692,0.134152,2
0.0505902,0.0912816,0.176605,2
0.0558917,0.104771,0.147383,2
0.0145219,0.0599406,0.212705,2
0.0287012,0.0599631,0.18704,2
0.0540357,0.036569,0.154383,2
0.00272103,0.187401,0.139359,2
0.0960518,0.200551,0.131406,2
0.0414913,0.0155594,0.182031,2
0.0633115,0.0572277,0.155599,2
0.0480609,0.0782824,0.193195,2
0.0520145,0.19315,0.131025,2
0.0480032,0.120084,0.11416,2
0.0718704,0.0137063,0.110188,2
0.0951278,0.0761572,0.17506,2
0.00479717,0.0736212,0.129961,2
0.0805309,0.110031,0.151402,2
0.0171083,0.108937,0.114629,2
0.0750092,0.117872,0.163701,2
0.056798,0.0872244,0.191298,2
0.0606641,0.0700209,0.141345,2
0.0717636,0.168073,0.164313,2
0.0893815,0.0876232,0.132926,2
0.0159686,0.107711,0.115081,2
0.0519898,0.156747,0.183247,2
0.102933,0.098191,0.176885,2
0.0125871,0.221085,0.170603,2
0.0374188,0.0857145,0.117531,2
0.0611283,0.025934,0.210614,2
0.0744224,0.063149,0.170878,2
0.0767302,0.101241,0.183744,2
0.105557,0.183522,0.161552,2
0.0815075,0.17827,0.155542,2
0.0399735,0.177769,0.12135,2
0.0498119,0.0953532,0.172799,2
0.0453152,0.162565,0.111259,2
0.0345964,0.11559,0.111224,2
0.0340056,0.14322,0.152268,2
0.0886572,0.143824,0.176811,2
0.0569474,0.138849,0.121172,2
0.0800799,0.189227,0.120691,2
0.0444216,0.133856,0.15663,2
0.0921558,0.0774628,0.107431,2
0.0146571,0.171659,0.200075,2
0.0903132,0.0917796,0.178175,2
0.0822616,0.175697,0.13786,2
0.105932,0.182933,0.181873,2
0.00265452,0.00905185,0.111989,2
0.0697391,0.0241097,0.144063,2
0.100269,0.19275,0.184272,2
0.0805101,0.0375795,0.132425,2
0.0410587,0.135725,0.211473,2
0.0154492,0.04013,0.165073,2
0.0433526,0.0853762,0.174762,2
0.00576508,0.0785761,0.197869,2
0.0357072,0.156772,0.1488,2
0.081716,0.0114379,0.136893,2
0.0346236,0.158342,0.187701,2
0.00880876,0.0855668,0.206386,2
0.0100651,0.0669162,0.153116,2
0.0428135,0.221352,0.191671,2
0.044517,0.0251224,0.134716,2
0.0286869,0.197804,0.197565,2
0.0759669,0.08729,0.137193,2
0.0309716,0.0183912,0.216034,2
0.0363461,0.0867002,0.149528,2
0.0222317,0.112697,0.131384,2
0.101428,0.00468293,0.12439,2
0.0855128,0.193601,0.162022,2
0.0439531,0.13399,0.174105,2
0.0308578,0.0665701,0.129564,2
0.0616242,0.0641216,0.218388,2
0.036362,0.0639498,0.18776,2
0.0934241,0.125799,0.206289,2
0.0170592,0.206517,0.118442,2
0.0221723,0.133461,0.196699,2
0.0572546,0.132625,0.179285,2
0.0269978,0.0492658,0.209715,2
0.0250804,0.218699,0.150334,2
0.0468744,0.114556,0.154073,2
0.0719489,0.165168,0.132196,2
0.0668298,0.128986,0.137906,2
0.060216,0.0708417,0.142341,2
0.0985614,0.109177,0.13864,2
0.0679325,0.0816029,0.223077,2
0.0782098,0.0163312,0.159845,2
0.0310203,0.215335,0.168815,2
0.00806947,0.132922,0.136664,2
0.0575424,0.128634,0.147519,2
0.021259,0.179787,0.129735,2
0.0263492,0.132193,0.115705,2
0.0999833,0.0733836,0.202356,2
0.0308716,0.172753,0.163212,2
0.047873,0.217777,0.132924,2
0.0132309,0.222339,0.151439,2
0.015203,0.210604,0.199254,2
0.0923969,0.196465,0.217976,2
0.00703534,0.204324,0.173671,2
0.104896,0.181522,0.193167,2
0.00351465,0.182745,0.199116,2
0.044625,0.194704,0.193115,2
0.0262051,0.155077,0.201366,2
0.0489052,0.199847,0.147925,2
0.0960143,0.203487,0.122685,2
0.022943,0.122882,0.181137,2
0.0815131,0.124735,0.222129,2
0.0562468,0.156544,0.107104,2
0.104618,0.201617,0.170993,2
0.106983,0.139442,0.1395,2
0.160673,0.147728,0.188403,3
0.19377,0.00817277,0.212013,3
0.21426,0.14343,0.144861,3
0.213937,0.0238497,0.195411,3
0.120737,0.199881,0.149138,3
0.134292,0.0456479,0.189182,3
0.168793,0.0103376,0.142335,3
0.218684,0.0406173,0.186849,3
0.157253,0.0838298,0.201253,3
0.131969,0.046151,0.118342,3
0.144041,0.0443127,0.224692,3
0.149029,0.000826271,0.132178,3
0.167053,0.0155938,0.150903,3
0.193547,0.110978,0.182836,3
0.144418,0.0772159,0.120881,3
0.212796,0.0128509,0.163466,3
0.158512,0.044812,0.218489,3
0.158656,0.124952,0.175199,3
0.154317,0.109383,0.140827,3
0.159077,0.0484024,0.223768,3
0.184011,0.132596,0.2063,3
0.137244,0.108747,0.199569,3
0.224897,0.03994,0.114594,3
0.210854,0.182113,0.203735,3
0.203981,0.18288,0.109641,3
0.131276,0.165776,0.105117,3
0.213985,0.210535,0.158806,3
0.198726,0.197682,0.215809,3
0.154519,0.195648,0.129065,3
0.190482,0.121753,0.223641,3
0.170371,0.208742,0.21873,3
0.185864,0.214877,0.110398,3
0.212692,0.0483463,0.193058,3
0.211161,0.0665507,0.125455,3
0.114984,0.0602646,0.194983,3
0.139468,0.0408779,0.156147,3
0.124709,0.0391286,0.17837,3
0.119138,0.00193984,0.148348,3
0.194922,0.0503406,0.22473,3
0.132214,0.103685,0.110544,3
0.147723,0.050241,0.201262,3
0.142202,0.023529,0.133923,3
0.17932,0.11158,0.11843,3
0.193974,0.0187799,0.201032,3
0.221307,0.0131085,0.197386,3
0.161482,0.209842,0.18483,3
0.109611,0.0698991,0.216118,3
0.179251,0.187446,0.160818,3
0.149446,0.017318,0.110408,3
0.219273,0.0799434,0.137086,3
0.206912,0.204853,0.185276,3
0.153475,0.160798,0.195507,3
0.195844,0.110182,0.187134,3
0.149681,0.0101185,0.138898,3
0.176803,0.0304321,0.203813,3
0.201683,0.0401038,0.12706,3
0.183922,0.11278,0.177516,3
0.14578,0.111299,0.167811,3
0.224794,0.0742105,0.197589,3
0.211434,0.168344,0.124872,3
0.214272,0.146358,0.199955,3
0.155581,0.162289,0.189299,3
0.198674,0.0725221,0.151111,3
0.132585,0.0880456,0.160841,3
0.154809,0.103388,0.187928,3
0.119834,0.209917,0.114412,3
0.207318,0.211043,0.214883,3
0.152419,0.180501,0.153428,3
0.118751,0.177417,0.171518,3
0.117495,0.0350209,0.135133,3
0.222057,0.00712286,0.115429,3
0.17841,0.0874695,0.182495,3
0.148427,0.149721,0.217818,3
0.203916,0.196259,0.176237,3
0.152738,0.00329933,0.180493,3
0.126277,0.201941,0.212778,3
0.131472,0.0194882,0.189139,3
0.198559,0.147818,0.140647,3
0.149485,0.114671,0.181036,3
0.142772,0.114348,0.140316,3
0.130868,0.191486,0.178943,3
0.168738,0.216772,0.137733,3
0.195746,0.0329722,0.125922,3
0.209459,0.00852175,0.124848,3
0.185039,0.0442773,0.152956,3
0.122215,0.193335,0.1948,3
0.193369,0.0191993,0.147315,3
0.150705,0.154841,0.107383,3
0.172941,0.206596,0.205841,3
0.201052,0.14535,0.211617,3
0.189977,0.0286466,0.175788,3
0.217642,0.140547,0.153814,3
0.175202,0.196232,0.132841,3
0.165038,0.196449,0.204083,3
0.218704,0.104341,0.172555,3
0.112186,0.126311,0.162624,3
0.207368,0.100604,0.165736,3
0.16845,0.197886,0.120184,3
0.111004,0.105095,0.165518,3
0.196534,0.0198529,0.16896,3
0.160034,0.073864,0.142702,3
0.163571,0.0114757,0.140524,3
0.114474,0.059778,0.19719,3
0.188609,0.0125702,0.155995,3
0.158192,0.187239,0.180461,3
0.224635,0.21988,0.193127,3
0.116944,0.182346,0.194735,3
0.121959,0.0122687,0.14073,3
0.211475,0.0958873,0.113371,3
0.214879,0.173903,0.105544,3
0.180869,0.197876,0.215485,3
0.125248,0.187491,0.156112,3
0.171528,0.186502,0.21353,3
0.153907,0.085872,0.157203,3
0.190452,0.196518,0.120724,3
0.120082,0.132404,0.164203,3
0.195596,0.138964,0.199336,3
0.20826,0.0385913,0.123533,3
0.200404,0.0779658,0.122795,3
0.181485,0.0487631,0.194565,3
0.129219,0.20453,0.144503,3
0.120864,0.0700144,0.131812,3
0.16707,0.155574,0.116178,3
