x coord,y coord,z coord,rank
0.104305,0.0518656,0.0238746,0
0.0297018,0.0306226,0.100204,0
0.0945463,0.156988,0.0208994,0
0.0113249,0.12736,0.0790166,0
0.0635845,0.0500947,0.0719479,0
0.0977285,0.162993,0.08236,0
0.0542882,0.212782,0.0390494,0
0.0176456,0.0284453,0.0956732,0
0.0311787,0.202279,0.0642581,0
0.0455452,0.178752,0.108402,0
0.0851848,0.122474,0.0591959,0
0.0174368,0.21132,0.0134862,0
0.0397429,0.215431,0.0683164,0
0.0365714,0.137042,0.0234047,0
0.0153263,0.198013,0.0113081,0
0.0215961,0.140322,0.0886204,0
0.0131974,0.0584817,0.0240522,0
0.0360856,0.0349718,0.0476705,0
0.061718,0.0828189,0.000456643,0
0.00433875,0.0932597,0.0358767,0
0.00851874,0.206466,0.0271753,0
0.0704259,0.0980207,0.108577,0
0.000987923,0.0988787,0.0105694,0
0.0173586,0.0176923,0.100909,0
0.0672738,0.131149,0.103079,0
0.0271099,0.192169,0.044682,0
0.0351269,0.0867319,0.106231,0
0.00482242,0.146652,0.0464933,0
0.0475636,0.0328466,0.0979642,0
0.0140577,0.221185,0.0488085,0
0.042328,0.0365106,0.0154565,0
0.0237668,0.187551,0.0692933,0
0.0524359,0.0928798,0.0898427,0
0.00426734,0.138727,0.116365,0
0.0732105,0.16816,0.10033,0
0.0280403,0.0315917,0.101101,0
0.0468499,0.00451986,0.0642644,0
0.0505106,0.135218,0.0211604,0
0.0498145,0.0287602,0.0681111,0
0.0627981,0.161778,0.0301615,0
0.0501916,0.198624,0.0905023,0
0.0941942,0.112526,0.00651751,0
0.0490241,0.190016,0.0691665,0
0.05194,0.0859767,0.0927288,0
0.050865,0.221502,0.0869924,0
0.0798266,0.00505678,0.0338472,0
0.0106805,0.0392165,0.103263,0
0.0494381,0.107134,0.0649425,0
0.0739379,0.0287664,0.08868,0
0.0297711,0.123416,0.0231084,0
0.0176706,0.0837121,0.0529107,0
0.0966903,0.0411853,0.11913,0
0.0852147,0.116024,0.064411,0
0.0639514,0.0205477,0.115649,0
0.0197809,0.182705,0.0223917,0
0.0693801,0.00278063,0.0568278,0
0.0909479,0.163575,0.103094,0
0.0168501,0.0977349,0.0918714,0
0.0672669,0.0791022,0.0314989,0
0.0906174,0.163599,0.0355844,0
0.0747299,0.0280194,0.094742,0
0.0485931,0.0168258,0.0838993,0
0.0856784,0.0468343,0.0269755,0
0.081222,0.161533,0.0466183,0
0.051723,0.0212373,0.0990859,0
0.0124981,0.0035787,0.082536,0
0.038485,0.0835854,0.0296593,0
0.0820007,0.0801844,0.102684,0
0.0851525,0.0272525,0.0269928,0
0.0569085,0.18042,0.0891853,0
0.0332789,0.0870919,0.0907691,0
0.00711453,0.0814122,0.106132,0
0.0799041,0.0340188,0.0539534,0
0.0626408,0.203339,0.0998259,0
0.0567169,0.0330044,0.105694,0
0.00801723,0.0928686,0.00989942,0
0.067783,0.0422407,0.0452104,0
0.0133471,0.206848,0.0884503,0
0.00502527,0.00267235,0.0432646,0
0.0696121,0.00747557,0.010364,0
0.0882116,0.112471,0.0218916,0
0.00935154,0.100404,0.102733,0
0.0172353,0.132915,0.110614,0
0.0983384,0.196354,0.0250162,0
0.00398225,0.0471823,0.0182827,0
0.0272258,0.0680376,0.108935,0
0.0713438,0.00296446,0.0152698,0
0.00546315,0.185955,0.0977288,0
0.0884775,0.204997,0.122251,0
0.000862354,0.0973205,0.0711902,0
0.019284,0.0917076,0.101419,0
0.0496097,0.0206085,0.120029,0
0.00087445,0.0548485,0.0897126,0
0.111843,0.106487,0.112989,0
0.00774218,0.159656,0.00526502,0
0.105308,0.0859603,0.0902213,0
0.0212456,0.0143796,0.00668322,0
0.0426467,0.0558109,0.00902671,0
0.0215297,0.00203897,0.0518086,0
0.0576703,0.127789,0.0428168,0
0.0220508,0.159273,0.00691007,0
0.0537637,0.145356,0.0420429,0
0.0193534,0.167688,0.0173903,0
0.0700284,0.0991829,0.115629,0
0.066671,0.215153,0.112215,0
0.090849,0.106707,0.0378772,0
0.0200503,0.0481263,0.113211,0
0.0496212,0.0335655,0.05289,0
0.0930998,0.121019,0.0724504,0
0.0312126,0.19553,0.103007,0
0.0123503,0.13057,0.106445,0
0.112435,0.047552,0.0089715,0
0.10221,0.15942,0.0375543,0
0.1137,0.216278,0.00856327,0
0.0287705,0.115106,0.0438214,0
0.113842,0.0691976,0.112728,0
0.069842,0.108213,0.0581884,0
0.105239,0.141084,0.0311898,0
0.111254,0.0520003,0.0699628,0
0.102914,0.223756,0.0108612,0
0.10554,0.185257,0.0281784,0
0.183469,0.150336,0.142691,1
0.118134,0.00797777,0.171607,1
0.117294,0.0424797,0.215637,1
0.118161,0.0984,0.163533,1
0.219146,0.119341,0.182901,1
0.11436,0.0939799,0.198262,1
0.164007,0.093614,0.187235,1
0.148563,0.0572523,0.204838,1
0.129122,0.14221,0.166037,1
0.211155,0.031259,0.208744,1
0.19248,0.119865,0.202256,1
0.156972,0.0823861,0.220526,1
0.143199,0.139397,0.214594,1
0.19074,0.170475,0.143103,1
0.210478,0.218687,0.19044,1
0.170992,0.0962146,0.1881,1
0.207032,0.0382419,0.125435,1
0.126044,0.0650492,0.220939,1
0.154074,0.13927,0.130879,1
0.192538,0.0459076,0.218712,1
0.143164,0.0408729,0.204415,1
0.127807,0.144328,0.144014,1
0.220295,0.205519,0.180821,1
0.096647,0.00115922,0.218276,1
0.179627,0.0229226,0.187378,1
0.169616,0.0910461,0.215547,1
0.151494,0.0580144,0.191238,1
0.120682,0.190469,0.220286,1
0.202424,0.207435,0.132469,1
0.199113,0.198223,0.169696,1
0.200301,0.209333,0.172891,1
0.208317,0.201967,0.208697,1
0.210798,0.174463,0.137722,1
0.202779,0.125126,0.217713,1
0.202895,0.0305131,0.21057,1
0.147028,0.214746,0.165195,1
0.220664,0.0472843,0.187114,1
0.130212,0.196576,0.134204,1
0.164708,0.0718489,0.155964,1
0.192559,0.0931677,0.138252,1
0.131491,0.223507,0.168836,1
0.223638,0.203859,0.192932,1
0.221987,0.0783261,0.146944,1
0.222238,0.102069,0.149965,1
0.172504,0.00611052,0.207239,1
0.203698,0.0246807,0.212253,1
0.114097,0.166497,0.13557,1
0.108385,0.201796,0.186415,1
0.108621,0.170688,0.149815,1
0.198305,0.216038,0.157365,1
0.11777,0.0375995,0.140369,1
0.218943,0.0858126,0.181846,1
0.103068,0.157327,0.159024,1
0.11578,0.081708,0.199741,1
0.139528,0.0124714,0.141332,1
0.216166,0.00203408,0.150951,1
0.181801,0.0801615,0.15141,1
0.209173,0.102937,0.191697,1
0.101515,0.205108,0.215147,1
0.131454,0.0898978,0.1752,1
0.218585,0.139021,0.195242,1
0.10673,0.204179,0.214036,1
0.182357,0.211316,0.206941,1
0.139994,0.163488,0.136718,1
0.119258,0.18411,0.137926,1
0.118864,0.0530934,0.180238,1
0.123908,0.0186101,0.212772,1
0.107581,0.0703779,0.138234,1
0.166464,0.057405,0.128207,1
0.0948285,0.172027,0.146075,1
0.200079,0.0994372,0.171656,1
0.164302,0.0660624,0.186034,1
0.159053,0.0745448,0.133116,1
0.14855,0.201395,0.136729,1
0.144449,0.0963869,0.217319,1
0.215973,0.0799959,0.219267,1
0.135982,0.180842,0.215745,1
0.159667,0.0387475,0.160562,1
0.181962,0.0280004,0.164078,1
0.189632,0.204181,0.188475,1
0.191946,0.051,0.144162,1
0.199977,0.0761188,0.164546,1
0.166784,0.222376,0.136872,1
0.224419,0.158086,0.154097,1
0.153338,0.0779521,0.158382,1
0.165549,0.101859,0.194095,1
0.116389,0.128108,0.207488,1
0.158592,0.0941888,0.160706,1
0.201872,0.0712976,0.152492,1
0.158128,0.161065,0.141561,1
0.161897,0.0456349,0.191751,1
0.193175,0.105112,0.217893,1
0.100685,0.218174,0.212238,1
0.144723,0.149833,0.210512,1
0.164329,0.123164,0.169538,1
0.19387,0.0617795,0.12636,1
0.200295,0.141767,0.202097,1
0.147561,0.121905,0.182586,1
0.159442,0.219049,0.211965,1
0.132105,0.0727336,0.16805,1
0.129323,0.222714,0.15423,1
0.143365,0.206142,0.181683,1
0.127698,0.170036,0.208525,1
0.177462,0.134686,0.151798,1
0.120169,0.0984521,0.16573,1
0.124481,0.136646,0.138038,1
0.141933,0.0232978,0.167824,1
0.151902,0.188516,0.136797,1
0.171003,0.139703,0.200342,1
0.116865,0.173568,0.174684,1
0.14077,0.0411523,0.153551,1
0.216464,0.220084,0.165972,1
0.196306,0.14113,0.193882,1
0.105172,0.20435,0.124457,1
0.13545,0.188504,0.215995,1
0.175327,0.216096,0.128761,1
0.110876,0.0123529,0.137829,1
0.152721,0.169074,0.178497,1
0.18477,0.117523,0.204149,1
0.106369,0.00351446,0.184168,1
0.10111,0.210023,0.172799,1
0.0996676,0.0524411,0.178183,1
0.102162,0.0898803,0.199598,1
0.111781,0.0350793,0.172935,1
0.0966009,0.126946,0.204577,1
0.198563,0.121744,0.0715063,2
0.136571,0.137885,0.0825449,2
0.116191,0.195138,0.0888381,2
0.167695,0.122461,0.0718156,2
0.213357,0.172139,0.000999501,2
0.219947,0.0649134,0.0252057,2
0.149496,0.0236499,0.110803,2
0.130257,0.120734,0.0194424,2
0.198909,0.0636532,0.0830355,2
0.163922,0.148868,0.0697264,2
0.179129,0.174945,0.0837473,2
0.198825,0.0738273,0.105743,2
0.195698,0.099165,0.0798192,2
0.189903,0.224422,0.0690304,2
0.211253,0.0090973,0.109276,2
0.157115,0.141403,0.00248727,2
0.1169,0.0667631,0.0110234,2
0.197568,0.188934,0.0950005,2
0.115531,0.111135,0.0446436,2
0.201102,0.0404846,0.0179928,2
0.213,0.00293683,0.107884,2
0.1563,0.153397,0.10602,2
0.191184,0.2246,0.0674618,2
0.149456,0.0761096,0.0623008,2
0.13727,0.00237561,0.110191,2
0.196546,0.204571,0.104959,2
0.117649,0.0427097,0.104451,2
0.146626,0.0117131,0.10926,2
0.146095,0.11025,0.0494169,2
0.141092,0.203559,0.0800779,2
0.193572,0.210675,0.061379,2
0.138635,0.0816163,0.0447738,2
0.2002,0.0403728,0.019788,2
0.161248,0.0670291,0.113702,2
0.206589,0.131652,0.0567839,2
0.22169,0.044815,0.0181457,2
0.169642,0.181274,0.0635287,2
0.175787,0.193023,0.114306,2
0.193638,0.0200302,0.101714,2
0.156526,0.0631407,0.0621093,2
0.140916,0.187922,0.00861554,2
0.153213,0.172144,0.107382,2
0.186566,0.191687,0.038847,2
0.140586,0.0152911,0.0132824,2
0.185286,0.180954,0.0580394,2
0.19318,0.167808,0.0140096,2
0.213236,0.0991188,0.0887104,2
0.209494,0.0726225,0.090312,2
0.185203,0.012328,0.00162449,2
0.138747,0.0570608,0.0828459,2
0.118029,0.113624,0.00790444,2
0.198377,0.175646,0.0632369,2
0.16422,0.22142,0.0103506,2
0.181784,0.158574,0.0800315,2
0.220669,0.112542,0.0763316,2
0.16719,0.0969597,0.0755228,2
0.21654,0.120874,0.108117,2
0.195406,0.0492689,0.0178031,2
0.197461,0.207052,0.0662652,2
0.158417,0.167669,0.103047,2
0.196951,0.154889,0.0522085,2
0.206464,0.203443,0.121182,2
0.159012,0.0223248,0.106439,2
0.222187,0.109864,0.00885307,2
0.166549,0.188013,0.0206947,2
0.1874,0.200307,0.0586603,2
0.215262,0.0418747,0.0828561,2
0.121262,0.149026,0.0558279,2
0.201924,0.00162963,0.0151225,2
0.214312,0.112554,0.0124485,2
0.196504,0.119071,0.115436,2
0.204626,0.0269933,0.0277136,2
0.207672,0.00288706,0.0211918,2
0.161541,0.00525998,0.0466217,2
0.218871,0.15897,0.108553,2
0.120298,0.205027,0.0980999,2
0.117426,0.0349272,0.0229715,2
0.22133,0.137915,0.0771715,2
0.193127,0.0827182,0.0026265,2
0.123969,0.0748938,0.0228412,2
0.160833,0.125815,0.0058571,2
0.159319,0.209852,0.0313059,2
0.142017,0.0316543,0.0305168,2
0.153758,0.0860085,0.0456564,2
0.116682,0.113598,0.0546636,2
0.153086,0.187268,0.0542049,2
0.144511,0.0013129,0.071828,2
0.202258,0.0649237,0.00271912,2
0.146225,0.125131,0.095077,2
0.193736,0.00740303,0.0245744,2
0.162531,0.0306686,0.0478447,2
0.206159,0.182601,0.0451603,2
0.130406,0.00182192,0.0665478,2
0.181791,0.0451814,0.0988936,2
0.147528,0.201648,0.0639191,2
0.204451,0.21364,0.0877911,2
0.139508,0.153696,0.0505442,2
0.197497,0.139275,0.0445073,2
0.214166,0.0913497,0.0320756,2
0.121284,0.0744896,0.0229451,2
0.126131,0.00155962,0.0779243,2
0.166428,0.101025,0.0560429,2
0.167178,0.0585623,0.1216,2
0.159676,0.109511,0.0588488,2
0.214081,0.0437107,0.0371812,2
0.19953,0.0732014,0.103058,2
0.14696,0.172538,0.112131,2
0.141844,0.144158,0.0773075,2
0.210857,0.100797,0.0135797,2
0.155474,0.137667,0.106582,2
0.127964,0.216046,0.1127,2
0.175209,0.091913,0.0464982,2
0.180748,0.0549049,0.0835071,2
0.160308,0.0658671,0.0222242,2
0.116889,0.160377,0.0858595,2
0.212521,0.149056,0.0782825,2
0.14069,0.168459,0.085298,2
0.216204,0.0421745,0.0606484,2
0.13191,0.204251,0.0433647,2
0.193556,0.107491,0.10172,2
0.115954,0.0492721,0.0744622,2
0.219932,0.155827,0.00439321,2
0.156378,0.0903546,0.0209617,2
0.124923,0.109208,0.00203559,2
0.119183,0.0976645,0.017098,2
0.191738,0.188575,0.119155,2
0.116043,0.0518443,0.0788207,2
0.184025,0.194356,0.121103,2
0.1922,0.104387,0.120106,2
0.0130178,0.12981,0.171338,3
0.012443,0.12899,0.169888,3
0.0359655,0.125872,0.152852,3
0.0224064,0.178379,0.187774,3
0.016175,0.212385,0.148135,3
0.0126496,0.136054,0.171787,3
0.00851028,0.133456,0.176748,3
0.0725784,0.184849,0.213555,3
0.0115521,0.136722,0.140232,3
0.0749709,0.214369,0.124293,3
0.0110494,0.065884,0.216316,3
0.0133596,0.131317,0.165245,3
0.0321152,0.0927389,0.164953,3
0.0896342,0.106854,0.214784,3
0.0178709,0.132066,0.17106,3
0.00842968,0.22098,0.153787,3
0.0119224,0.134485,0.175826,3
0.0513513,0.173437,0.142965,3
0.0263884,0.0483999,0.126344,3
0.0945252,0.219212,0.149157,3
0.0130482,0.130152,0.173331,3
0.0748256,0.100616,0.219986,3
0.0196526,0.133774,0.168295,3
0.0172308,0.13643,0.170685,3
0.013957,0.140272,0.170245,3
0.0801441,0.0132479,0.183569,3
0.0850908,0.0806249,0.153051,3
0.016112,0.132278,0.171665,3
0.0827413,0.141362,0.154184,3
0.0137484,0.137817,0.170919,3
0.0118063,0.137015,0.171442,3
0.0165116,0.136528,0.171009,3
0.0156896,0.132894,0.172002,3
0.0472877,0.0267149,0.198991,3
0.000755475,0.00307921,0.138701,3
0.0323547,0.043685,0.16134,3
0.0681087,0.0282629,0.151665,3
0.00377521,0.0227315,0.167497,3
0.054358,0.0729943,0.163366,3
0.00727272,0.152739,0.182161,3
0.0130078,0.136536,0.171006,3
0.0179251,0.133468,0.166509,3
0.0164371,0.136728,0.171898,3
0.00606355,0.200945,0.150563,3
0.0129406,0.130551,0.170649,3
0.0551089,0.19121,0.14441,3
0.0140538,0.132084,0.175552,3
0.0199106,0.0138384,0.130291,3
0.0145723,0.151892,0.139649,3
0.0840964,0.104249,0.168409,3
0.0158245,0.142942,0.17528,3
0.0138323,0.137935,0.166807,3
0.0466612,0.162344,0.168964,3
0.0600192,0.00581651,0.126521,3
0.0157098,0.135444,0.171577,3
0.0119043,0.134903,0.168385,3
0.0117873,0.136748,0.168435,3
0.0769099,0.0780862,0.162279,3
0.0157416,0.0470397,0.214617,3
0.0698871,0.220502,0.148222,3
0.013135,0.132567,0.168036,3
0.0678638,0.0760984,0.124966,3
0.0540936,0.10076,0.140427,3
0.0263194,0.165449,0.217144,3
0.0677211,0.220948,0.146636,3
0.015439,0.156897,0.224051,3
0.0930697,0.0052165,0.213012,3
0.0115185,0.133342,0.1696,3
0.010628,0.133373,0.171233,3
0.0170289,0.136251,0.170581,3
0.0489171,0.122459,0.194692,3
0.0112584,0.131312,0.171256,3
0.0324158,0.156948,0.191598,3
0.0109433,0.135039,0.168989,3
0.0700861,0.115956,0.19366,3
0.0381641,0.161975,0.141844,3
0.0162168,0.132917,0.17226,3
0.0705975,0.0749834,0.1916,3
0.0319148,0.0737045,0.192438,3
0.0322522,0.0301488,0.201105,3
0.0165945,0.205649,0.214543,3
0.0837692,0.186421,0.145116,3
0.0627217,0.190203,0.141565,3
0.0333987,0.0149582,0.133889,3
0.0303994,0.0544015,0.182965,3
0.0138638,0.136994,0.168196,3
0.0622298,0.152322,0.184452,3
0.00395263,0.0883764,0.132672,3
0.0884837,0.000206978,0.205116,3
0.0791975,0.0355561,0.134016,3
0.0721299,0.155097,0.180891,3
0.0166733,0.138226,0.168471,3
0.012981,0.133738,0.171862,3
0.00637861,0.178111,0.185941,3
0.0203024,0.0192852,0.153883,3
0.0585279,0.193735,0.156018,3
0.0700378,0.160839,0.186415,3
0.0589093,0.104334,0.132576,3
0.0845802,0.0966613,0.157245,3
0.018091,0.133624,0.166526,3
0.0126152,0.132523,0.172426,3
0.0547771,0.217891,0.220865,3
0.011618,0.00663646,0.150963,3
0.0126164,0.132579,0.168695,3
0.0471475,0.0577231,0.191544,3
0.00546244,0.0664562,0.22131,3
0.0827416,0.0653272,0.161456,3
0.03261,0.0155093,0.18704,3
0.017528,0.135077,0.169507,3
0.00230913,0.137164,0.193056,3
0.0119687,0.133738,0.169544,3
0.00972819,0.135069,0.175005,3
0.0160919,0.132956,0.170867,3
0.0394715,0.209071,0.184794,3
0.0350437,0.102758,0.194487,3
0.0175191,0.131673,0.17099,3
0.000599743,0.141219,0.168253,3
0.0608315,0.000308886,0.222805,3
0.0152374,0.221831,0.129769,3
0.0398345,0.0585582,0.176748,3
0.0188662,0.138873,0.165249,3
0.0779268,0.101424,0.155643,3
0.0814089,0.0673107,0.126311,3
0.0227761,0.0587037,0.127512,3
0.0256868,0.0130702,0.132483,3
