x coord,y coord,z coord,rank
0.139082,0.0633869,0.048362,0
0.16722,0.0902122,0.135622,0
0.14335,0.00750703,0.121227,0
0.20805,0.00525908,0.124664,0
0.111105,0.0472942,0.0950416,0
0.185707,0.00552109,0.139306,0
0.21907,0.0045187,0.0381259,0
0.190748,0.0856106,0.164919,0
0.159216,0.0945844,0.191633,0
0.122987,0.0926169,0.139374,0
0.197591,0.0653416,0.0505538,0
0.146278,0.00138506,0.05387,0
0.210206,0.0190602,0.0637979,0
0.120518,0.0199589,0.170848,0
0.198992,0.0325765,0.0111173,0
0.18019,0.0925106,0.127636,0
0.191297,0.101706,0.0529681,0
0.211358,0.104172,0.165297,0
0.136095,0.0333411,0.224536,0
0.219495,0.111805,0.0244668,0
0.208199,0.00664546,0.0365274,0
0.172996,0.0532818,0.0444934,0
0.206593,2.2861e-05,0.127071,0
0.178176,0.0248794,0.198436,0
0.184894,0.0397183,0.0111674,0
0.113252,0.0578086,0.026258,0
0.184453,0.0921843,0.135724,0
0.124316,0.108624,0.179242,0
0.133658,0.0743208,0.191648,0
0.138815,0.077259,0.161356,0
0.171661,0.0838498,0.0762919,0
0.145237,0.053921,0.0343387,0
0.145632,0.0664607,0.0290289,0
0.181143,0.0712064,0.181234,0
0.143136,0.0725262,0.175536,0
0.174646,0.0385227,0.0998348,0
0.181552,0.00619666,0.0328749,0
0.140516,0.0589782,0.194283,0
0.212971,0.0222547,0.0345812,0
0.206753,0.0190173,0.217364,0
0.214108,0.0121554,0.193569,0
0.133715,0.0226936,0.182509,0
0.189777,0.00892419,0.193474,0
0.198957,0.101619,0.0632885,0
0.15875,0.0137766,0.106388,0
0.185809,0.0504121,0.0714697,0
0.200339,0.0467377,0.000432604,0
0.198355,0.0296642,0.184807,0
0.209525,0.0480515,0.0401251,0
0.141272,0.0360902,0.169832,0
0.1818,0.0160083,0.114152,0
0.138581,0.0406032,0.113985,0
0.105079,0.0376541,0.10636,0
0.136028,0.0533882,0.0241751,0
0.168924,0.0757979,0.0980766,0
0.187348,0.0304529,0.0217516,0
0.198342,0.0195784,0.0410366,0
0.196404,0.0548198,0.0763903,0
0.117816,0.010775,0.0637353,0
0.216773,0.0914459,0.0293641,0
0.171201,0.0574823,0.0332026,0
0.171542,0.0787857,0.00933442,0
0.166396,0.0978654,0.0596076,0
0.14239,0.0226046,0.0534242,0
0.168589,0.0342425,0.0796804,0
0.14695,0.0676743,0.189109,0
0.139708,0.043092,0.0040942,0
0.179005,0.0650561,0.141144,0
0.139516,0.0287899,0.0473736,0
0.181013,0.0209596,0.010714,0
0.10862,0.0388246,0.168486,0
0.124158,0.110339,0.0218418,0
0.132377,0.10228,0.0870944,0
0.216799,0.0797995,0.110837,0
0.110633,0.0655262,0.202733,0
0.15775,0.0490906,0.112991,0
0.196035,0.0667181,0.19958,0
0.180475,0.0451926,0.0485611,0
0.133693,0.0442522,0.174595,0
0.214113,0.101267,0.112765,0
0.220828,0.0070741,0.212458,0
0.124797,0.0821258,0.103826,0
0.224189,0.0326439,0.0662818,0
0.184263,0.075587,0.074702,0
0.199017,0.00439683,0.177783,0
0.186061,0.0548861,0.00635571,0
0.20895,0.0240416,0.0899947,0
0.168634,0.0463523,0.0147315,0
0.219829,0.0257547,0.0544999,0
0.108874,0.0857441,0.145671,0
0.197211,0.103481,0.0264164,0
0.130918,0.0554175,0.0935264,0
0.165035,0.0443113,0.0156783,0
0.183957,0.020012,0.110768,0
0.17688,0.111394,0.114105,0
0.222137,0.0277157,0.171008,0
0.215768,0.0420424,0.0200943,0
0.147363,0.0326157,0.134193,0
0.186396,0.0387057,0.144252,0
0.151607,0.0703118,0.0775839,0
0.153051,0.0683037,0.101923,0
0.17578,0.0854064,0.131472,0
0.123963,0.0303791,0.0437143,0
0.114222,0.00431729,0.167325,0
0.18724,0.00577621,0.173552,0
0.206153,0.0114933,0.100414,0
0.1908,0.0732143,0.120902,0
0.180484,0.0250654,0.121993,0
0.11114,0.0595195,0.180086,0
0.15535,0.097876,0.218963,0
0.199216,0.0807361,0.212436,0
0.147459,0.110521,0.0879165,0
0.106916,0.0176878,0.128782,0
0.175561,0.0740446,0.0125975,0
0.14147,0.0987174,0.209531,0
0.133288,0.0705425,0.12197,0
0.20466,0.044572,0.100347,0
0.171439,0.0422108,0.130024,0
0.179508,0.0371176,0.13131,0
0.115511,0.0772611,0.0705682,0
0.108281,0.109486,0.0168423,0
0.152637,0.0613227,0.122153,0
0.117228,0.0457598,0.21025,0
0.204164,0.100656,0.135761,0
0.101595,0.0286805,0.0780017,0
0.120179,0.106547,0.216999,0
0.0327758,0.217404,0.133663,1
0.0267246,0.217386,0.133586,1
0.0473308,0.194608,0.0126133,1
0.0316756,0.218398,0.134928,1
0.0284292,0.213404,0.134633,1
0.0830988,0.205132,0.105718,1
0.000385702,0.151821,0.0788192,1
0.0743576,0.194189,0.156027,1
0.0331176,0.214988,0.130772,1
0.00149831,0.179269,0.173606,1
0.0327784,0.214367,0.130155,1
0.0292062,0.22317,0.129222,1
0.0236265,0.218101,0.137641,1
0.0313904,0.220675,0.133464,1
0.0275505,0.217027,0.136269,1
0.0293367,0.221109,0.131175,1
0.0282899,0.22376,0.134197,1
0.0306795,0.216261,0.132185,1
0.0283915,0.224888,0.131877,1
0.0296823,0.218652,0.131011,1
0.0275115,0.215,0.13837,1
0.0810929,0.185513,0.223426,1
0.0531137,0.208447,0.211999,1
0.026594,0.217431,0.132479,1
0.0267352,0.215434,0.136554,1
0.0336695,0.2214,0.132825,1
0.0279509,0.220137,0.132354,1
0.00640307,0.197617,0.190174,1
0.0311171,0.221341,0.128545,1
0.0940283,0.182914,0.145254,1
0.086117,0.159119,0.154635,1
0.0374147,0.213935,0.209289,1
0.0745149,0.168304,0.147872,1
0.0278796,0.216885,0.136543,1
0.0300217,0.218905,0.134659,1
0.0287855,0.215567,0.129077,1
0.0205446,0.217633,0.114064,1
0.00390739,0.211226,0.146601,1
0.0263903,0.219106,0.135921,1
0.00124536,0.181522,0.108578,1
0.0103985,0.149049,0.0306397,1
0.0877278,0.184785,0.174879,1
0.0974693,0.19952,0.214761,1
0.0898218,0.168416,0.174769,1
0.0263036,0.221279,0.138272,1
0.0518208,0.20986,0.127026,1
0.0529993,0.209032,0.155375,1
0.025894,0.216016,0.136541,1
0.0486891,0.158061,0.126852,1
0.049072,0.154949,0.0958762,1
0.0354219,0.21644,0.0896294,1
0.0212383,0.174287,0.133822,1
0.0602321,0.217682,0.153549,1
0.0273022,0.220901,0.132652,1
0.0754807,0.221443,0.150702,1
0.0311536,0.222556,0.129758,1
0.0376194,0.14842,0.0842768,1
0.0162497,0.169628,0.0459274,1
0.0298528,0.220875,0.136722,1
0.00580336,0.224238,0.0986494,1
0.0688969,0.147716,0.143155,1
0.0308061,0.223388,0.131127,1
0.0830473,0.174065,0.221617,1
0.0350029,0.215697,0.134702,1
0.0479831,0.220156,0.127367,1
0.0382356,0.170901,0.0223316,1
0.0957636,0.195764,0.0394092,1
0.030173,0.221359,0.136954,1
0.0307019,0.220093,0.138357,1
0.091801,0.146169,0.0674687,1
0.0708783,0.207485,0.101615,1
0.0346771,0.219739,0.135175,1
0.0363039,0.188191,0.00824533,1
0.0795664,0.200624,0.0411879,1
0.05447,0.221972,0.075696,1
0.031367,0.211931,0.128584,1
0.0497022,0.220362,0.0857136,1
0.00477022,0.223438,0.199316,1
0.0131621,0.218683,0.0369036,1
0.0186005,0.164865,0.0756876,1
0.00525608,0.209845,0.102783,1
0.0304831,0.213477,0.0635008,1
0.0251171,0.220151,0.130511,1
0.0506358,0.169756,0.0686948,1
0.00562516,0.214975,0.0222769,1
0.0899667,0.148144,0.0825967,1
0.0297698,0.214903,0.134439,1
0.0999478,0.182458,0.0694097,1
0.0262138,0.218943,0.13418,1
0.00134108,0.145151,0.0985792,1
0.0576406,0.190885,0.0126305,1
0.0297069,0.216418,0.133412,1
0.0211426,0.147038,0.0483878,1
0.0431032,0.189413,0.200571,1
0.0314057,0.221145,0.0746673,1
0.0527904,0.212076,0.00691419,1
0.0561777,0.209885,0.0105958,1
0.0949731,0.198716,0.0606219,1
0.0301524,0.215752,0.129066,1
0.00131617,0.202679,0.184187,1
0.0281802,0.145381,0.0102546,1
0.0420777,0.172988,0.0712382,1
0.0605412,0.161862,0.126907,1
0.0027775,0.158281,0.192526,1
0.043638,0.21962,0.219442,1
0.0419988,0.16523,0.0370323,1
0.0509271,0.223027,0.0731056,1
0.0157016,0.173696,0.0806723,1
0.0317342,0.219106,0.131954,1
0.0440279,0.164255,0.152673,1
0.00543146,0.205441,0.0206276,1
0.0312334,0.221404,0.130346,1
0.0646855,0.196592,0.211951,1
0.0772937,0.220379,0.0198295,1
0.0338205,0.216817,0.135451,1
0.0582755,0.173634,0.162593,1
0.0672747,0.219428,0.0353166,1
0.0613511,0.186213,0.0259046,1
0.0648167,0.162628,0.0857774,1
0.0303457,0.216181,0.134204,1
0.0159125,0.212431,0.131588,1
0.0642163,0.180809,0.0486143,1
0.0232998,0.149647,0.0537405,1
0.0683997,0.00988108,0.0275153,2
0.0950891,0.0501555,0.217959,2
0.0333446,0.108437,0.12913,2
0.0397264,0.0494183,0.202656,2
0.0581479,0.02716,0.0983048,2
0.0252724,0.0034669,0.0552525,2
0.0134294,0.136708,0.031014,2
0.00405752,0.0129183,0.158083,2
0.0794378,0.044393,0.0274407,2
0.0226765,0.0415434,0.221808,2
0.0661378,0.0956746,0.0142139,2
0.0108959,0.0258534,0.0434597,2
0.0852974,0.0605376,0.211335,2
0.0249318,0.0654341,0.191576,2
0.0686057,0.0823653,0.0442658,2
0.00933226,0.0248671,0.209343,2
0.0741245,0.118388,0.114311,2
0.024523,0.00741462,0.131738,2
0.0219709,0.076233,0.214202,2
0.0245875,0.00835418,0.165483,2
0.0385185,0.0577337,0.218956,2
0.0124208,0.113365,0.212066,2
0.0544024,0.141243,0.162762,2
0.0232749,0.000866325,0.150122,2
0.0191393,0.07845,0.187191,2
0.0790771,0.0498954,0.0832071,2
0.0359171,0.109618,0.114586,2
0.0613351,0.0671286,0.128557,2
0.0544188,0.081123,0.204654,2
0.00412068,0.0432731,0.0138709,2
0.0962146,0.10633,0.204661,2
0.0177054,0.0891856,0.208284,2
0.068725,0.0329041,0.128285,2
0.0576108,0.043859,0.127794,2
0.0437958,0.0995376,0.0176894,2
0.0869074,0.0708401,0.0887558,2
0.0497001,0.0496866,0.190454,2
0.0230985,0.0966966,0.199854,2
0.0151956,0.101017,0.100242,2
0.00608911,0.0665393,0.14791,2
0.0256766,0.0382549,0.156739,2
0.00241603,0.0286258,0.171212,2
0.0146575,0.119978,0.0741181,2
0.0947326,0.135126,0.000822297,2
0.0932385,0.059411,0.195083,2
0.0411844,0.110863,0.185705,2
0.0595518,0.0997932,0.0563794,2
0.0299241,0.103208,0.176033,2
0.0220586,0.085696,0.173174,2
0.0842417,0.0719314,0.102926,2
0.00775093,0.0984787,0.0975448,2
0.0690762,0.0873479,0.152651,2
0.025612,0.0156135,0.0954721,2
0.0161082,0.0694842,0.0213378,2
0.0262308,0.0761928,0.112205,2
0.047173,0.0944699,0.146765,2
0.0870541,0.0115507,0.147494,2
0.0783226,0.029397,0.203142,2
0.0188758,0.12251,0.0732904,2
0.092898,0.11661,0.056767,2
0.0122844,0.132614,0.202001,2
0.044459,0.0199761,0.16704,2
0.0283509,0.0293516,0.0228783,2
0.0340687,0.117746,0.0526822,2
0.0769787,0.000600411,0.0391042,2
0.0331372,0.0247175,0.0144041,2
0.0382318,0.0587549,0.0229751,2
0.050954,0.0596566,0.0811378,2
0.019634,0.12805,0.0763117,2
0.0912217,0.105226,0.00842305,2
0.0405867,0.113051,0.0577913,2
0.0845379,0.0461992,0.136408,2
0.0356161,0.0884238,0.075303,2
0.0971055,0.0480136,0.0444403,2
0.00911083,0.124309,0.193534,2
0.00970147,0.109268,0.000582188,2
0.0379817,0.0991821,0.00838246,2
0.0793005,0.0359388,0.0360863,2
0.100344,0.0207768,0.096256,2
0.0876144,0.0668853,0.00976821,2
0.0637462,0.0106674,0.0119107,2
0.00505165,0.0806405,0.0744925,2
0.00816012,0.0427951,0.185024,2
0.054277,0.0858925,0.0674521,2
0.0611829,0.100966,0.0104396,2
0.0156195,0.0499436,0.0646872,2
0.0561046,0.127224,0.127194,2
0.000918502,0.109234,0.0149519,2
0.0948715,0.101323,0.208368,2
0.0910853,0.0493883,0.185212,2
0.0898952,0.0752499,0.164154,2
0.0151119,0.0938531,0.0262648,2
0.025775,0.103851,0.0306573,2
0.0573336,0.0497613,0.20334,2
0.0660909,0.139549,0.0642875,2
0.0167002,0.108355,0.0152885,2
0.0669315,0.0417633,0.0947608,2
0.00269904,0.0459632,0.00704374,2
0.0369331,0.0616255,0.0885005,2
0.0476282,0.130483,0.0949667,2
0.0798602,0.0760813,0.103498,2
0.00225642,0.128358,0.080413,2
0.054476,0.0438707,0.0941182,2
0.0971807,0.0429009,0.150284,2
0.0875352,0.0123507,0.10119,2
0.0102126,0.0256755,0.104548,2
0.0748331,0.0240039,0.0428356,2
0.0573457,0.0456158,0.168328,2
0.00626651,0.133333,0.0610458,2
0.00636722,0.0571726,0.149431,2
0.0227875,0.076026,0.0343803,2
0.0517618,0.136301,0.221502,2
0.0555658,0.105519,0.0765817,2
0.0419733,0.104201,0.138238,2
0.0650128,0.076674,0.0598636,2
0.0612367,0.00295231,0.202506,2
0.0159993,0.107377,0.0116963,2
0.08661,0.140521,0.0409553,2
0.0920042,0.0651336,0.0816226,2
0.0754727,0.0333966,0.198137,2
0.100668,0.0878138,0.0247784,2
0.0111176,0.0783047,0.095389,2
0.0142683,0.0255306,0.109506,2
0.0864223,0.135534,0.176267,2
0.0836022,0.13571,0.186043,2
0.0663845,0.141689,0.0611755,2
0.0534316,0.142852,0.148765,2
0.141308,0.200402,0.0520189,3
0.131998,0.174032,0.130666,3
0.19876,0.145063,0.133084,3
0.106352,0.135145,0.12119,3
0.124991,0.130747,0.0796714,3
0.19183,0.165183,0.0964173,3
0.121179,0.203761,0.196307,3
0.14215,0.152354,0.188308,3
0.223797,0.146929,0.0528548,3
0.164179,0.204823,0.101482,3
0.103898,0.207278,0.0130932,3
0.141105,0.150167,0.053963,3
0.213604,0.183261,0.154044,3
0.172237,0.215786,0.0976699,3
0.176391,0.118667,0.181095,3
0.153108,0.165048,0.207112,3
0.180061,0.166157,0.137872,3
0.123642,0.192276,0.0883758,3
0.105038,0.11589,0.210056,3
0.161247,0.147703,0.0136351,3
0.200602,0.190545,0.189526,3
0.178971,0.119769,0.139723,3
0.119232,0.214208,0.00854559,3
0.219651,0.176727,0.156092,3
0.217536,0.183449,0.140668,3
0.194488,0.117877,0.057391,3
0.196249,0.137482,0.211787,3
0.146115,0.221957,0.0286961,3
0.159475,0.142032,0.0667956,3
0.200385,0.179746,0.142969,3
0.15128,0.219705,0.01647,3
0.177563,0.217406,0.206944,3
0.126479,0.149614,0.167871,3
0.12022,0.206124,0.129471,3
0.196625,0.126965,0.0233265,3
0.167012,0.213041,0.062545,3
0.113851,0.224564,0.00592548,3
0.162848,0.149112,0.179151,3
0.133794,0.210675,0.223558,3
0.184049,0.203278,0.0722253,3
0.161296,0.14898,0.00901711,3
0.16037,0.139069,0.124679,3
0.201352,0.163205,0.169053,3
0.113682,0.162491,0.136361,3
0.190607,0.167295,0.055379,3
0.202048,0.163799,0.13411,3
0.130023,0.192578,0.0170722,3
0.216132,0.182375,0.14395,3
0.163152,0.15381,0.052406,3
0.217262,0.146789,0.11204,3
0.192828,0.15734,0.192347,3
0.152416,0.141898,0.136289,3
0.177077,0.122383,0.0728273,3
0.154954,0.117548,0.151799,3
0.180665,0.198176,0.17249,3
0.191606,0.202084,0.176221,3
0.172911,0.222419,0.183563,3
0.147988,0.224313,0.079901,3
0.150313,0.126038,0.196489,3
0.168332,0.218814,0.183026,3
0.203642,0.144514,0.101301,3
0.168224,0.21973,0.0260283,3
0.189402,0.170562,0.0235382,3
0.221773,0.18428,0.0793201,3
0.180678,0.20083,0.0172037,3
0.19409,0.177154,0.0910451,3
0.17433,0.164725,0.0731813,3
0.158873,0.161562,0.0325065,3
0.214339,0.185741,0.0261939,3
0.116016,0.153561,0.206687,3
0.177039,0.121323,0.0933176,3
0.165321,0.151773,0.218948,3
0.126943,0.222088,0.123375,3
0.145611,0.182462,0.171619,3
0.20864,0.182622,0.0536533,3
0.120917,0.219752,0.138129,3
0.112372,0.162796,0.20758,3
0.21234,0.16093,0.156859,3
0.130196,0.208765,0.168066,3
0.198581,0.133021,0.128817,3
0.199885,0.202325,0.0935638,3
0.163841,0.136249,0.185883,3
0.128854,0.12713,0.0894263,3
0.19897,0.208582,0.184195,3
0.141323,0.161436,0.11909,3
0.114905,0.206683,0.100732,3
0.191244,0.190867,0.00696041,3
0.122513,0.135347,0.0829171,3
0.126489,0.134567,0.0794847,3
0.159922,0.121337,0.165085,3
0.112004,0.112386,0.208555,3
0.178792,0.184964,0.179209,3
0.22284,0.114194,0.22323,3
0.157337,0.11525,0.066647,3
0.110878,0.216551,0.023846,3
0.215721,0.182727,0.00700545,3
0.174126,0.210574,0.181069,3
0.199774,0.115075,0.224788,3
0.17189,0.125574,0.168868,3
0.188347,0.173992,0.151851,3
0.162542,0.118409,0.162399,3
0.203691,0.170822,0.117927,3
0.193438,0.185764,0.190215,3
0.161676,0.135907,0.106374,3
0.135184,0.143043,0.086313,3
0.128952,0.166897,0.156181,3
0.15793,0.167111,0.0365992,3
0.201007,0.186836,0.193038,3
0.186983,0.113577,0.00491605,3
0.124692,0.153106,0.0463505,3
0.18275,0.223632,0.177166,3
0.174618,0.209198,0.173375,3
0.116575,0.129489,0.126496,3
0.202823,0.176456,0.0924769,3
0.135286,0.159326,0.0666986,3
0.115269,0.202366,0.120697,3
0.121374,0.175368,0.145205,3
0.211909,0.140397,0.139207,3
0.196225,0.219112,0.179103,3
0.206012,0.188417,0.161009,3
0.128785,0.181027,0.156904,3
0.119041,0.175188,0.147391,3
0.19872,0.214637,0.131129,3
0.196607,0.202581,0.139012,3
