x coord,y coord,z coord,rank
0.0689655,0.143867,0.0954737,0
0.224747,0.185542,0.20061,0
0.224341,0.222276,0.106468,0
0.154076,0.21093,0.131972,0
0.176523,0.187184,0.136923,0
0.0662834,0.143852,0.0990806,0
0.0846841,0.128482,0.101523,0
0.0586148,0.138627,0.0940288,0
0.0870893,0.132454,0.108331,0
0.189584,0.172754,0.095674,0
0.164863,0.159653,0.218685,0
0.199383,0.143816,0.0963164,0
0.173876,0.182077,0.103441,0
0.222362,0.141458,0.102108,0
0.00346295,0.123946,0.107111,0
0.122038,0.150387,0.216448,0
0.0681154,0.223185,0.0967898,0
0.0671475,0.142878,0.0961522,0
0.184141,0.216971,0.216267,0
0.165988,0.182118,0.202983,0
0.127544,0.189849,0.167487,0
0.153516,0.190236,0.171974,0
0.05877,0.145654,0.0940212,0
0.195522,0.145623,0.167087,0
0.188232,0.219415,0.116468,0
0.0288024,0.20469,0.0959626,0
0.0611567,0.144345,0.0945216,0
0.126715,0.149618,0.207632,0
0.0658786,0.144531,0.0963442,0
0.192748,0.201151,0.219531,0
0.0631756,0.147321,0.0960591,0
0.0657412,0.144904,0.0940971,0
0.118628,0.209686,0.212262,0
0.155496,0.158795,0.146714,0
0.180089,0.175768,0.204051,0
0.0624182,0.143268,0.0952077,0
0.220861,0.206092,0.170584,0
0.0614754,0.143549,0.0967279,0
0.205405,0.132048,0.210794,0
0.206747,0.171856,0.121559,0
0.186499,0.146911,0.183379,0
0.188795,0.188912,0.22218,0
0.134021,0.175047,0.154695,0
0.128526,0.151402,0.20804,0
0.183071,0.161007,0.144479,0
0.129224,0.136612,0.211818,0
0.067569,0.143992,0.100268,0
0.156771,0.220412,0.22359,0
0.162654,0.155418,0.131951,0
0.0242294,0.208237,0.10974,0
0.0899345,0.175801,0.121012,0
0.206939,0.13182,0.180072,0
0.0277723,0.170431,0.193527,0
0.0834731,0.22201,0.171242,0
0.0649792,0.150513,0.0946081,0
0.217993,0.202196,0.218924,0
0.0298329,0.167863,0.182269,0
0.163402,0.1573,0.149936,0
0.12096,0.153681,0.159014,0
0.0361751,0.193102,0.172643,0
0.0196749,0.21844,0.175584,0
0.0176352,0.156047,0.21797,0
0.224424,0.146997,0.147649,0
0.0396863,0.151498,0.158089,0
0.201629,0.162179,0.134953,0
0.212426,0.214041,0.128256,0
0.12003,0.19194,0.108958,0
0.135052,0.198305,0.107317,0
0.0497673,0.157587,0.179544,0
0.162712,0.14092,0.181173,0
0.0619869,0.129701,0.169128,0
0.0348907,0.215759,0.190285,0
0.0526537,0.19637,0.111677,0
0.173127,0.211946,0.154622,0
0.174636,0.213353,0.165489,0
0.13863,0.133989,0.114687,0
0.121518,0.187314,0.146686,0
0.220827,0.187044,0.211333,0
0.0484711,0.201795,0.153417,0
0.149126,0.179315,0.128561,0
0.0381565,0.144764,0.158209,0
0.0948963,0.145141,0.134837,0
0.0353325,0.199905,0.213654,0
0.00903087,0.216914,0.211696,0
0.121621,0.205092,0.150196,0
0.205238,0.223738,0.135402,0
0.1659,0.161688,0.133687,0
0.192658,0.148996,0.139189,0
0.0288376,0.201396,0.17683,0
0.119386,0.221464,0.176537,0
0.203008,0.20817,0.222026,0
0.0490876,0.205007,0.144651,0
0.189652,0.181191,0.202162,0
0.0446831,0.205108,0.193673,0
0.0547666,0.145154,0.207288,0
0.193058,0.147261,0.140776,0
0.14804,0.174634,0.163428,0
0.0840906,0.186889,0.197813,0
0.0221722,0.172891,0.194798,0
0.169843,0.203241,0.115038,0
0.0211329,0.13533,0.110244,0
0.0243741,0.150321,0.221008,0
0.0861565,0.124072,0.146742,0
0.0698189,0.139381,0.115962,0
0.0686738,0.144201,0.143352,0
0.0204698,0.165592,0.200124,0
0.0587841,0.140651,0.168591,0
0.0218283,0.137075,0.149052,0
0.109563,0.16545,0.209086,0
0.188874,0.193357,0.211984,0
0.0825389,0.153287,0.173153,0
0.0938739,0.195403,0.183104,0
0.101492,0.170083,0.17857,0
0.116364,0.185585,0.215363,0
0.100126,0.170991,0.127791,0
0.16245,0.211369,0.206997,0
0.0432989,0.184238,0.224357,0
0.114173,0.154892,0.173883,0
0.0587554,0.161472,0.168305,0
0.032293,0.201231,0.152461,0
0.0281452,0.130556,0.127951,0
0.00611672,0.132188,0.150065,0
0.028423,0.223827,0.11038,0
0.0652198,0.146507,0.0944975,0
0.0664984,0.145345,0.0998035,0
0.0628721,0.14884,0.0970704,0
0.0614904,0.14809,0.094526,0
0.0760347,0.0838803,0.149561,1
0.0835158,0.0368619,0.176336,1
0.16114,0.0877292,0.135468,1
0.120848,0.0351743,0.223395,1
0.124252,0.0818166,0.160055,1
0.186756,0.0513408,0.144698,1
0.100933,0.0469731,0.220264,1
0.114162,0.0632566,0.206961,1
0.0708653,0.0586205,0.187569,1
0.0213417,0.028955,0.154152,1
0.00292872,0.0176384,0.193537,1
0.0157267,0.070706,0.176713,1
0.206117,0.0256358,0.174636,1
0.217671,0.0698463,0.161849,1
0.147542,0.0543256,0.132131,1
0.0099665,0.0304595,0.203369,1
0.0513557,0.0238924,0.154576,1
0.088019,0.00466386,0.171006,1
0.17822,0.107655,0.176762,1
0.107376,0.121471,0.171824,1
0.190632,0.0966724,0.145588,1
0.201282,0.0460902,0.16795,1
0.134758,0.0168062,0.204323,1
0.123909,0.102344,0.172631,1
0.137042,0.068064,0.175769,1
0.122826,0.0675403,0.193324,1
0.224982,0.117461,0.199198,1
0.164696,0.0258486,0.204735,1
0.0132715,0.112647,0.221528,1
0.162874,0.080881,0.187835,1
0.105853,0.101043,0.221855,1
0.17148,0.0657923,0.127606,1
0.16277,0.0993363,0.175808,1
0.0308603,0.0821138,0.204379,1
0.200803,0.0789244,0.187427,1
0.135358,0.0400468,0.195067,1
0.220941,0.0113345,0.138475,1
0.0580117,0.067329,0.175884,1
0.208244,0.0630827,0.19222,1
0.0396557,0.0260093,0.130339,1
0.0487087,0.0778553,0.191438,1
0.0184645,0.0457074,0.159053,1
0.0604187,0.00924506,0.170827,1
0.217974,0.1211,0.171342,1
0.0843171,0.0108187,0.200872,1
0.154932,0.0712065,0.134813,1
0.101157,0.00583882,0.196903,1
0.192668,0.0119709,0.172262,1
0.12208,0.0704712,0.214404,1
0.0171841,0.115987,0.156929,1
0.22185,0.0144307,0.142016,1
0.000638321,0.0502636,0.125357,1
0.0718202,0.0800889,0.133292,1
0.0649767,0.0625071,0.158139,1
0.129358,0.0858967,0.167302,1
0.0219615,0.117738,0.154379,1
0.0597775,0.0324462,0.133549,1
0.146162,0.0413322,0.213617,1
9.91214e-05,0.0146739,0.172698,1
0.0202806,0.0656151,0.158613,1
0.181944,0.0467663,0.192894,1
0.0263052,0.0638208,0.184986,1
0.0101862,0.112366,0.213933,1
0.0531625,0.109057,0.220761,1
0.091053,0.0393995,0.182655,1
0.123206,0.00208977,0.142783,1
0.125654,0.122188,0.196718,1
0.13995,0.0157721,0.217695,1
0.136648,0.0116084,0.206469,1
0.161461,0.0855806,0.160455,1
0.0605965,0.103462,0.216544,1
0.155895,0.0600431,0.14084,1
0.204175,0.0602796,0.127967,1
0.173684,0.118732,0.203247,1
0.108752,0.0802983,0.143221,1
0.0763789,0.0505218,0.155572,1
0.144772,0.0338987,0.152679,1
0.0938024,0.057044,0.201246,1
0.0518384,0.0900094,0.186385,1
0.191304,0.00933964,0.204461,1
0.149802,0.0656326,0.158514,1
0.0127715,0.0516921,0.13375,1
0.145817,0.0778655,0.188918,1
0.173697,0.10795,0.193669,1
0.200789,0.013551,0.210556,1
0.028139,0.0234731,0.138219,1
0.123472,0.121568,0.218915,1
0.139462,0.0921291,0.214813,1
0.209432,0.104288,0.169783,1
0.0294901,0.0186085,0.201686,1
0.0610575,0.0648851,0.157813,1
0.0288722,0.0591944,0.165711,1
0.00173871,0.0882628,0.179258,1
0.15285,0.0685158,0.168365,1
0.147425,0.00147869,0.191487,1
0.142183,0.079705,0.163888,1
0.185428,0.105757,0.171602,1
0.0631166,0.0217808,0.193823,1
0.0312023,0.0184174,0.163404,1
0.159748,0.0119369,0.132489,1
0.090525,0.115493,0.164051,1
0.191116,0.027526,0.172852,1
0.212839,0.112237,0.202097,1
0.0843661,0.0847056,0.151639,1
0.02805,0.102211,0.219816,1
0.0868683,0.0230162,0.182144,1
0.0170657,0.0463804,0.161729,1
0.159225,0.113826,0.133564,1
0.0627879,0.0594332,0.211196,1
0.0974019,0.0711584,0.168896,1
0.178959,0.0688386,0.173366,1
0.0524809,0.019019,0.210512,1
0.134446,0.0193816,0.180664,1
0.119395,0.0801465,0.162779,1
0.153592,0.122216,0.222143,1
0.187493,0.116345,0.224368,1
0.193481,0.0734041,0.173016,1
0.144201,0.0155887,0.218844,1
0.0467496,0.0228195,0.159747,1
0.200486,0.0978052,0.195096,1
0.191337,0.0304272,0.152274,1
0.123079,0.081318,0.198177,1
0.117923,0.121749,0.150393,1
0.0829342,0.194701,0.0834757,2
0.163308,0.186219,0.0869158,2
0.209495,0.202673,0.0796641,2
0.126731,0.177966,0.0856072,2
0.10779,0.209351,0.0928065,2
0.0622894,0.14394,0.092864,2
0.0606072,0.149638,0.0888608,2
0.18472,0.168517,0.0647726,2
0.0688181,0.142432,0.0915238,2
0.0678913,0.146635,0.0920045,2
0.00195566,0.17208,0.0772615,2
0.0616482,0.141105,0.0869771,2
0.0673723,0.139814,0.0892735,2
0.159858,0.192992,0.0580054,2
0.0548424,0.136495,0.0353454,2
0.0654865,0.140304,0.0901873,2
0.156521,0.137022,0.0707358,2
0.212415,0.198126,0.0317477,2
0.148896,0.204917,0.0560208,2
0.216624,0.128446,0.0509558,2
0.222949,0.209416,0.0923839,2
0.217839,0.141383,0.0832092,2
0.213476,0.142267,0.0808495,2
0.0257978,0.174832,0.0428282,2
0.0254578,0.172975,0.00387116,2
0.0691198,0.141693,0.0901901,2
0.214247,0.155639,0.0547014,2
0.0214215,0.127483,0.0372253,2
0.154202,0.137208,0.0184547,2
0.0419875,0.128049,0.0131344,2
0.153837,0.206157,0.0548757,2
0.151998,0.218551,0.0681893,2
0.174982,0.184777,0.0931505,2
0.0624799,0.147559,0.0890244,2
0.0648451,0.145662,0.0910532,2
0.000606862,0.1816,0.0591132,2
0.0706451,0.132015,0.0451941,2
0.119997,0.183328,0.0502658,2
0.157149,0.179571,0.0553061,2
0.0172871,0.143413,0.0369042,2
0.101602,0.151805,0.0578845,2
0.196385,0.221744,0.092701,2
0.06619,0.14867,0.0912503,2
0.0845748,0.150862,0.000925222,2
0.0645063,0.140304,0.0911849,2
0.0676981,0.147688,0.0911813,2
0.103338,0.191931,0.0285114,2
0.107568,0.145103,0.05561,2
0.0918832,0.20475,0.0137192,2
0.167542,0.175862,0.0466884,2
0.0649681,0.146561,0.0880766,2
0.0804676,0.135079,0.0675887,2
0.108701,0.199419,0.0817751,2
0.222418,0.127719,0.041131,2
0.0504158,0.183371,0.0631931,2
0.0664469,0.147146,0.0875215,2
0.0102798,0.138088,0.0852598,2
0.00110479,0.162606,0.0192974,2
0.168873,0.174992,0.0432182,2
0.0229736,0.18652,0.0738897,2
0.0574965,0.144855,0.0935987,2
0.0668349,0.148872,0.0905307,2
0.187331,0.163533,0.00695613,2
0.184314,0.211476,0.0510567,2
0.136549,0.195298,0.0924589,2
0.179137,0.201201,0.000817081,2
0.145395,0.136693,0.0662217,2
0.18897,0.206212,0.0552717,2
0.200863,0.222912,0.0766125,2
0.126054,0.174821,0.0432095,2
0.0672348,0.141848,0.087487,2
0.054732,0.128895,0.0311061,2
0.123144,0.143486,0.0330218,2
0.189356,0.182079,0.0685933,2
0.0660264,0.141299,0.0926941,2
0.0595799,0.143325,0.0900669,2
0.105904,0.16129,0.0303345,2
0.103312,0.205058,0.0817198,2
0.0607745,0.14413,0.090348,2
0.0607417,0.139405,0.0904113,2
0.214291,0.19563,0.0499039,2
0.187606,0.134402,0.0080359,2
0.148337,0.18857,0.0141425,2
0.0033481,0.201372,0.0487018,2
0.140688,0.16627,0.0742686,2
0.140788,0.202978,0.0386829,2
0.121953,0.182475,0.00199202,2
0.10849,0.195015,0.0109885,2
0.0461959,0.215732,0.0862998,2
0.0880075,0.19589,0.0379561,2
0.037965,0.179976,0.0521472,2
0.213638,0.135656,0.00281126,2
0.0668185,0.143012,0.088103,2
0.0143101,0.154927,0.0250043,2
0.0630513,0.147824,0.0895509,2
0.0618926,0.145224,0.0878945,2
0.0624292,0.144979,0.0874486,2
0.132858,0.181986,0.0312192,2
0.0630949,0.219918,0.0167664,2
0.162988,0.123289,0.0812765,2
0.127465,0.160175,0.089117,2
0.0643494,0.140665,0.092218,2
0.068269,0.145879,0.0933813,2
0.0635598,0.144698,0.089441,2
0.0608189,0.147305,0.092225,2
0.0663418,0.151881,0.0930037,2
0.155724,0.138078,0.0778728,2
0.114853,0.204361,0.029565,2
0.0396662,0.124845,0.055181,2
0.0684507,0.126166,0.0929656,2
0.0454462,0.200992,0.0405926,2
0.0601423,0.144161,0.0908944,2
0.177685,0.143202,0.0668777,2
0.0675962,0.151797,0.0913532,2
0.161335,0.189608,0.0222319,2
0.0664892,0.143841,0.0889646,2
0.0118669,0.161086,0.0935126,2
0.0622381,0.140262,0.0913139,2
0.112938,0.136601,0.0923049,2
0.0695716,0.149339,0.0911517,2
0.0644436,0.143092,0.087306,2
0.061288,0.145483,0.0894492,2
0.106024,0.146813,0.0937977,2
0.197624,0.106409,0.0619416,3
0.0965932,0.089101,0.014261,3
0.062147,0.0960376,0.0928087,3
0.0205178,0.0383363,0.110112,3
0.0884452,0.00460637,0.0377362,3
0.167212,0.0527499,0.0566956,3
0.11989,0.0554963,0.0336977,3
0.165914,0.101378,0.0275984,3
0.137384,0.0539926,0.000907432,3
0.143156,0.0827148,0.063675,3
0.217508,0.0927821,0.0038207,3
0.184392,0.0829549,0.0166803,3
0.0523332,0.0700237,0.0729889,3
0.0149296,0.0980881,0.049106,3
0.210242,0.0726287,0.0290529,3
0.101097,0.0925951,0.0836816,3
0.191032,0.0892847,0.0387821,3
0.0761624,0.0936761,0.0411525,3
0.189759,0.0488471,0.0788117,3
0.105268,0.0869305,0.0322969,3
0.160734,0.0408052,0.0336828,3
0.178673,0.0867701,0.0449812,3
0.00101912,0.0957108,0.00935898,3
0.109061,0.0867694,0.017546,3
0.0650833,0.072168,0.0233473,3
0.0929492,0.0564908,0.047749,3
0.0647763,0.0960117,0.00510566,3
0.168822,0.0255926,0.0304699,3
0.158461,0.000911251,0.0360486,3
0.0893516,0.1216,0.0684736,3
0.0615225,0.0957745,0.00148326,3
0.0430115,0.0848797,0.0423502,3
0.0247786,0.114075,0.0578461,3
0.0949636,0.0199882,0.0752994,3
0.0308106,0.0517647,0.0667474,3
0.164556,0.113266,0.0714831,3
0.0651694,0.0196101,0.0711146,3
0.070447,0.0278165,0.000759114,3
0.0346953,0.0755464,0.0664677,3
0.150613,0.106625,0.0343338,3
0.00484871,0.0423075,0.0400028,3
0.00747021,0.0130807,0.0101008,3
0.0823149,0.0265657,0.0511397,3
0.106298,0.118388,0.0613884,3
0.052971,0.00571303,0.0746793,3
0.0960621,0.0704654,0.0499028,3
0.0488701,0.065863,0.082416,3
0.170749,0.0922007,0.0809601,3
0.17168,0.0686357,0.0419204,3
0.0598899,0.0846279,0.0673504,3
0.158682,0.113254,0.111867,3
0.158345,0.0542507,0.0465516,3
0.00632195,0.0447182,0.0434594,3
0.025596,0.103041,0.01573,3
0.0296622,0.066772,0.0135357,3
0.00989461,0.0136686,0.0470373,3
0.185151,0.00805403,0.00946949,3
0.150026,0.0839977,0.0727406,3
0.0146705,0.0682191,0.0426228,3
0.189615,0.0631066,0.117101,3
0.0109251,0.0340954,0.106466,3
0.151977,0.118788,0.0595282,3
0.189639,0.0560371,0.0451894,3
0.177847,0.0892328,0.0377727,3
0.05976,0.115966,0.0773826,3
0.196786,0.0651703,0.0946631,3
0.159123,0.0439176,0.0524628,3
0.0162029,0.0182111,0.0870491,3
0.179999,0.0768667,0.101607,3
0.0847914,0.0592917,0.106364,3
0.162642,0.0279937,0.00899385,3
0.179514,0.101958,0.0682643,3
0.0765108,0.0938559,0.0257598,3
0.00312638,0.10302,0.124435,3
0.0298052,0.0578217,0.0922854,3
0.0293993,0.00356585,0.0243532,3
0.0653024,0.0678702,0.0771251,3
0.0647363,0.0462914,0.0432802,3
0.0622441,0.0116376,0.0729219,3
0.045196,0.0412254,0.0901977,3
0.0448188,0.0162421,0.0762679,3
0.0219335,0.0799519,0.0512509,3
0.0914145,0.0539793,0.0645415,3
0.0699829,0.0102783,0.0787525,3
0.213087,0.0556609,0.0614041,3
0.0639082,0.0931544,0.0568032,3
0.105136,0.00606166,0.0703485,3
0.0699799,0.0840493,0.00685178,3
0.0369639,0.050515,0.117188,3
0.173832,0.00301164,0.123616,3
0.0942628,0.0803604,0.0776562,3
0.170315,0.0520876,0.071112,3
0.063009,0.0913308,0.109979,3
0.0852034,0.105777,0.115421,3
0.20182,0.0519822,0.077752,3
0.0560264,0.0144709,0.113586,3
0.204821,0.0102021,0.0481463,3
0.0156893,0.0603904,0.116619,3
0.176413,0.0167413,0.0617144,3
0.0305248,0.0433559,0.114234,3
0.186035,0.0833169,0.0690865,3
0.0474408,0.019147,0.112726,3
0.0775654,0.115607,0.108861,3
0.202943,0.0997697,0.0645708,3
0.0749268,0.0929105,0.115341,3
0.021108,0.0308725,0.113621,3
0.10381,0.0771319,0.0295334,3
0.19403,0.0146111,0.121453,3
0.191354,0.0412127,0.056948,3
0.0533506,0.0183605,0.109322,3
0.210535,0.00780138,0.0263962,3
0.0762542,0.0121483,0.106511,3
0.0492822,0.0988138,0.104535,3
0.0132863,0.0448268,0.107722,3
0.126938,0.0142399,0.117626,3
0.144664,0.0852477,0.112093,3
0.214908,0.0512296,0.121653,3
0.145093,0.0915872,0.11647,3
0.178268,0.109813,0.0643972,3
0.217035,0.0260633,0.102281,3
0.131772,0.0820729,0.0148224,3
0.216369,0.0383003,0.107636,3
0.196563,0.116745,0.116697,3
0.2191,0.100297,0.118183,3
0.15211,0.0699565,0.116211,3
0.079984,0.078055,0.120881,3
0.146864,0.118527,0.0666331,3
