x coord,y coord,z coord,rank
0.154428,0.111934,0.084165,0
0.13823,0.124292,0.16016,0
0.124945,0.143563,0.00325344,0
0.128669,0.146143,0.175149,0
0.2244,0.131268,0.161635,0
0.115679,0.118593,0.220207,0
0.220634,0.209001,0.0674055,0
0.151128,0.220087,0.0118405,0
0.208948,0.174077,0.0938584,0
0.21905,0.190953,0.0116743,0
0.115092,0.211707,0.0333728,0
0.180759,0.127161,0.135467,0
0.187609,0.199648,0.00212,0
0.209358,0.16215,0.166243,0
0.138754,0.224151,0.0634739,0
0.111843,0.123192,0.215651,0
0.183749,0.204705,0.179727,0
0.191569,0.207735,0.142067,0
0.164765,0.176515,0.0988239,0
0.13345,0.109074,0.0073347,0
0.169475,0.203142,0.00571459,0
0.15038,0.189356,0.0035329,0
0.132307,0.137511,0.0169707,0
0.142374,0.154684,0.177945,0
0.208545,0.138546,0.173836,0
0.18521,0.213622,0.027909,0
0.126867,0.216566,0.116939,0
0.198595,0.198102,0.190853,0
0.192544,0.19917,0.180279,0
0.192031,0.178366,0.045845,0
0.195947,0.206159,0.219527,0
0.139216,0.177052,0.0861243,0
0.155163,0.127622,0.0885653,0
0.203244,0.12782,0.182602,0
0.115231,0.17833,0.158957,0
0.124454,0.203411,0.0365222,0
0.187523,0.195857,0.206623,0
0.154034,0.150282,0.179094,0
0.194,0.177502,0.183383,0
0.204312,0.167106,0.161298,0
0.217879,0.145025,0.168121,0
0.148495,0.147385,0.188906,0
0.190666,0.158418,0.0871444,0
0.199831,0.220327,0.217886,0
0.172565,0.217986,0.196359,0
0.178378,0.205927,0.121314,0
0.193311,0.204052,0.213273,0
0.174187,0.193671,0.149278,0
0.193616,0.176238,0.209304,0
0.201961,0.188603,0.171679,0
0.172855,0.179591,0.187704,0
0.193912,0.148374,0.0015662,0
0.167887,0.17497,0.10502,0
0.17874,0.222007,0.136019,0
0.209357,0.21,0.0976444,0
0.124256,0.179107,0.0266433,0
0.125515,0.168504,0.216608,0
0.18795,0.210907,0.127497,0
0.149445,0.224965,0.107725,0
0.135202,0.121011,0.218409,0
0.177088,0.171836,0.209087,0
0.138865,0.20738,0.103633,0
0.180871,0.219105,0.100831,0
0.200817,0.194881,0.217565,0
0.209587,0.18787,0.133924,0
0.128726,0.134209,0.145308,0
0.156725,0.172677,0.0278395,0
0.18403,0.149863,0.16507,0
0.179432,0.181523,0.0466815,0
0.128729,0.14483,0.0772683,0
0.109626,0.211473,0.0495881,0
0.216241,0.20868,0.144169,0
0.176728,0.181423,0.221567,0
0.181173,0.212396,0.188025,0
0.140842,0.147728,0.0826488,0
0.117543,0.125899,0.044884,0
0.21276,0.126836,0.164891,0
0.1954,0.168056,0.179133,0
0.158478,0.188412,0.131584,0
0.145808,0.20903,0.133488,0
0.169198,0.137652,0.0691624,0
0.11911,0.185091,0.0446948,0
0.198204,0.190509,0.0696432,0
0.141713,0.223676,0.0912479,0
0.112613,0.14359,0.0185411,0
0.135758,0.151452,0.164306,0
0.119638,0.113452,0.130868,0
0.14642,0.21745,0.0110341,0
0.156137,0.170545,0.0970971,0
0.209051,0.212361,0.129007,0
0.157968,0.219253,0.0601637,0
0.139264,0.221273,0.0978165,0
0.188994,0.193436,0.13032,0
0.169039,0.151568,0.210056,0
0.125137,0.129345,0.0109189,0
0.186442,0.200104,0.0544815,0
0.163711,0.154393,0.220266,0
0.183672,0.199587,0.0499693,0
0.154742,0.207756,0.0272707,0
0.1504,0.206404,0.00850701,0
0.157875,0.185252,0.122694,0
0.206082,0.147829,0.12983,0
0.115763,0.166609,0.0177535,0
0.120345,0.131423,0.00150926,0
0.130101,0.135421,0.0483178,0
0.223488,0.128331,0.00762859,0
0.218092,0.114547,0.0543188,0
0.15566,0.111397,0.0601459,0
0.160226,0.124486,0.0640073,0
0.176986,0.150064,0.070675,0
0.135951,0.117244,0.201696,0
0.153374,0.127344,0.215867,0
0.155724,0.151022,0.0203092,0
0.187618,0.223623,0.151847,0
0.137422,0.211423,0.0641641,0
0.209371,0.116433,0.027017,0
0.203686,0.183356,0.0179328,0
0.169316,0.161502,0.0970731,0
0.117972,0.196113,0.0776518,0
0.178228,0.110669,0.108993,0
0.138019,0.196316,0.0406933,0
0.156091,0.153843,0.0208083,0
0.164612,0.110741,0.113797,0
0.168658,0.113809,0.212123,0
0.196368,0.0479957,0.153184,1
0.122005,0.0774291,0.0876615,1
0.158377,0.013513,0.108381,1
0.131932,0.0602674,0.115745,1
0.219061,0.0640196,0.0110763,1
0.140231,0.0198056,0.0584337,1
0.214902,0.0323591,0.14946,1
0.126645,0.0230073,0.0365514,1
0.11187,0.0436007,0.00980141,1
0.203176,0.0560434,0.208474,1
0.164165,0.0306196,0.119104,1
0.18717,0.107536,0.0424653,1
0.146494,0.0895815,0.0974465,1
0.12674,0.0394664,0.166129,1
0.186293,0.0454973,0.0314369,1
0.206492,0.0732811,0.0702667,1
0.177136,0.0758213,0.171456,1
0.214183,0.0391499,0.187516,1
0.196775,0.0198306,0.0501258,1
0.123136,0.00614128,0.0734568,1
0.158137,0.0511308,0.0788576,1
0.201164,0.0932669,0.223891,1
0.195443,0.00739842,0.10317,1
0.126253,0.0446084,0.195056,1
0.133069,0.0711926,0.116695,1
0.174447,0.0537959,0.180419,1
0.217856,0.0260199,0.106748,1
0.197856,0.105487,0.0813354,1
0.203889,0.103828,0.0113179,1
0.189188,0.0664229,0.163319,1
0.167101,0.0360031,0.119693,1
0.125521,0.104952,0.0839951,1
0.131235,0.0108156,0.0785346,1
0.212611,0.0261566,0.0889751,1
0.184952,0.0702867,0.00103094,1
0.201065,0.100083,0.0429063,1
0.117962,0.0602538,0.0444858,1
0.19476,0.043421,0.219015,1
0.120375,0.010724,0.062665,1
0.133373,0.0679907,0.0815617,1
0.148742,0.0160345,0.069539,1
0.205744,0.0570737,0.103971,1
0.109606,0.0548991,0.0556378,1
0.189403,0.102325,0.20522,1
0.1209,0.0137751,0.062842,1
0.138069,0.0945112,0.0310354,1
0.109611,0.0724654,0.0455931,1
0.148005,0.040866,0.202989,1
0.158837,0.0301625,0.110887,1
0.184544,0.0612497,0.11412,1
0.178441,0.0190959,0.0616287,1
0.160443,0.0460788,0.205185,1
0.190722,0.0644736,0.124643,1
0.200518,0.0102627,0.173367,1
0.223894,0.00152519,0.0675594,1
0.118686,0.0130576,0.0842401,1
0.130007,0.0136239,0.0432577,1
0.164257,0.0934117,0.211727,1
0.130784,0.0126077,0.157564,1
0.171875,0.0206458,0.0937329,1
0.129097,0.0618378,0.138603,1
0.196583,0.102684,0.184485,1
0.217424,0.0582458,0.0278266,1
0.222581,0.0175694,0.199879,1
0.14033,0.000735595,0.0637938,1
0.175624,0.0358673,0.188727,1
0.139259,0.0861056,0.196951,1
0.121847,0.0170643,0.151245,1
0.212763,0.0909568,0.0199131,1
0.125627,0.0428037,0.0748952,1
0.111164,0.099943,0.120452,1
0.210541,0.103918,0.0698939,1
0.207116,0.078783,0.0478049,1
0.174306,0.097198,0.00240584,1
0.220764,0.0496781,0.0683479,1
0.207988,0.0916961,0.162536,1
0.119334,0.079227,0.120018,1
0.194805,0.00739187,0.0692708,1
0.1977,0.055913,0.120126,1
0.214318,0.0682593,0.0922304,1
0.132437,0.0486434,0.151731,1
0.115885,0.0440573,0.180809,1
0.209138,0.102341,0.180455,1
0.202074,0.0833326,0.107997,1
0.18003,0.0153609,0.173737,1
0.166088,0.0230667,0.116981,1
0.224442,0.0342916,0.0032819,1
0.163725,0.0380732,0.059592,1
0.216849,0.0649843,0.0280107,1
0.176094,0.0855877,0.135643,1
0.202284,0.00761759,0.121146,1
0.136202,0.0747934,0.221014,1
0.128247,0.0437837,0.103228,1
0.1918,0.00267076,0.059368,1
0.159982,0.0347249,0.130307,1
0.175555,0.00976694,0.182937,1
0.1833,0.0804723,0.00609718,1
0.149573,0.0590849,0.0327188,1
0.220988,0.0405983,0.102539,1
0.206637,0.0608992,0.0442624,1
0.195245,0.0761689,0.204141,1
0.139045,0.0592443,0.13456,1
0.167821,0.00831384,0.0412713,1
0.211526,0.00378645,0.0465549,1
0.108863,0.0513608,0.0954672,1
0.162234,0.0476608,0.162847,1
0.141919,0.0998642,0.0806402,1
0.15151,0.0438155,0.0412312,1
0.111865,0.027489,0.0264042,1
0.197183,0.0884353,0.0854627,1
0.131823,0.0237713,0.183485,1
0.198917,0.0492795,0.144176,1
0.173511,0.0949922,0.196581,1
0.144543,0.0751866,0.0115755,1
0.194077,0.0205158,0.148071,1
0.129622,0.0828808,0.193287,1
0.205199,0.0426502,0.186807,1
0.209997,0.0754251,0.0866774,1
0.152909,0.0374375,0.154576,1
0.15981,0.0607176,0.0751896,1
0.113115,0.0782304,0.106465,1
0.128577,0.103379,0.147374,1
0.0688922,0.171908,0.13588,2
0.0787669,0.180483,0.10347,2
0.0739729,0.191546,0.0741863,2
0.00176737,0.191385,0.109283,2
0.0948461,0.165857,0.181593,2
0.0744926,0.198186,0.105613,2
0.00897862,0.147108,0.105051,2
0.0442451,0.144447,0.0899105,2
0.0377892,0.186093,0.059495,2
0.0354964,0.21127,0.0685157,2
0.00197327,0.169805,0.202491,2
0.0282471,0.182522,0.0233044,2
0.0343354,0.181801,0.0278591,2
0.0291902,0.181084,0.0228202,2
0.026829,0.182804,0.0305625,2
0.081506,0.182851,0.0182016,2
0.0289762,0.179128,0.135956,2
0.0485691,0.169112,0.103972,2
0.0683477,0.188687,0.209167,2
0.0410283,0.154579,0.114759,2
0.0309072,0.177135,0.0299328,2
0.0285315,0.157335,0.165373,2
0.00171855,0.220849,0.117863,2
0.0966332,0.209407,0.0908307,2
0.0276278,0.177146,0.0224339,2
0.0307436,0.183639,0.0274262,2
0.0324365,0.214376,0.151278,2
0.0282688,0.180849,0.0216931,2
0.0283189,0.178848,0.0252376,2
0.0600538,0.16395,0.117154,2
0.0719545,0.205202,0.126893,2
0.0290253,0.216876,0.159267,2
0.0544552,0.187811,0.107678,2
0.101529,0.198015,0.00937617,2
0.00312641,0.17551,0.0841807,2
0.0323657,0.176651,0.0209677,2
0.0304796,0.186003,0.0285751,2
0.0359293,0.177931,0.0219129,2
0.0319567,0.2148,0.104556,2
0.021618,0.213891,0.128416,2
0.0316596,0.1767,0.0265905,2
0.00579622,0.148966,0.118589,2
0.0937859,0.182948,0.0287032,2
0.0363636,0.163234,0.192964,2
0.0275035,0.179869,0.0246121,2
0.0274569,0.186038,0.020321,2
0.0313481,0.179338,0.023545,2
0.0341795,0.178417,0.0219848,2
0.0320891,0.181368,0.0247981,2
0.0833032,0.172925,0.224271,2
0.0236826,0.205301,0.126256,2
0.0801554,0.220375,0.145619,2
0.00925226,0.213605,0.167979,2
0.0325572,0.224894,0.135472,2
0.0297022,0.177613,0.0212017,2
0.036399,0.177871,0.0268144,2
0.0754039,0.193035,0.204501,2
0.0290699,0.182629,0.0222016,2
0.00427421,0.161199,0.17131,2
0.0510367,0.196213,0.123407,2
0.0357725,0.208516,0.113721,2
0.061948,0.192207,0.0594952,2
0.0476412,0.18741,0.0709621,2
0.0284598,0.179574,0.0291385,2
0.0482909,0.21477,0.116622,2
0.0314971,0.180187,0.0283447,2
0.0343468,0.185132,0.0231449,2
0.029562,0.180018,0.0255463,2
0.0312354,0.180395,0.0236866,2
0.0805078,0.180377,0.0630499,2
0.0019104,0.173343,0.0831544,2
0.0736377,0.19986,0.181081,2
0.051528,0.206591,0.103997,2
0.105843,0.14932,0.088155,2
0.00761133,0.176021,0.0734256,2
0.0465561,0.171433,0.0494198,2
0.0320742,0.182102,0.0268148,2
0.0401423,0.150964,0.215162,2
0.0671226,0.146371,0.221535,2
0.0818754,0.153914,0.205783,2
0.02686,0.17884,0.0228981,2
0.032286,0.167057,0.152509,2
0.0287247,0.146262,0.0948366,2
0.0467234,0.224176,0.0169423,2
0.0746845,0.169561,0.157341,2
0.0100519,0.209538,0.173377,2
0.0363138,0.147175,0.212913,2
0.0327091,0.18485,0.0267747,2
0.0560627,0.169696,0.0136434,2
0.0163379,0.212113,0.060091,2
0.0385974,0.20841,0.203644,2
0.028937,0.183552,0.0227585,2
0.0288497,0.17685,0.0237383,2
0.0272202,0.174864,0.0257584,2
0.035451,0.179171,0.0198317,2
0.0487449,0.196954,0.028932,2
0.0863421,0.159114,0.117739,2
0.0541909,0.163662,0.20161,2
0.0343278,0.177709,0.0230483,2
0.0276382,0.184012,0.0199332,2
0.100615,0.157799,0.115656,2
0.0343392,0.1823,0.0265263,2
0.0288809,0.191939,0.0875835,2
0.0331376,0.181073,0.0215876,2
0.0607576,0.204044,0.102588,2
0.0275604,0.176679,0.0291892,2
0.0323141,0.184259,0.02568,2
0.0352543,0.182247,0.0201958,2
0.0300688,0.181506,0.0302846,2
0.0316967,0.178943,0.0275596,2
0.0880749,0.194031,0.082818,2
0.00801624,0.220317,0.0787077,2
0.0308602,0.17711,0.0220568,2
0.00770255,0.191628,0.0801811,2
0.0573237,0.149124,0.0474646,2
0.0290794,0.180308,0.0191952,2
0.0300638,0.181897,0.0219487,2
0.0269364,0.177507,0.0246761,2
0.0299295,0.1839,0.024003,2
0.033069,0.184179,0.0208368,2
0.0347276,0.1488,0.0111338,2
0.0356007,0.175152,0.0238112,2
0.0298693,0.18201,0.0212605,2
0.027135,0.175107,0.0234374,2
0.0978993,0.169257,0.0696833,2
0.0196813,0.0828779,0.195485,3
0.0854944,0.0867902,0.164049,3
0.0371137,0.0285225,0.150209,3
0.00237757,0.12601,0.0873326,3
0.044488,0.0463297,0.156856,3
0.059676,0.0341336,0.178379,3
0.0628807,0.0376376,0.0966346,3
0.0327094,0.117522,0.0649315,3
0.0285042,0.056331,0.119242,3
0.0987665,0.0642441,0.189729,3
0.0282351,0.0920995,0.160538,3
0.0652938,0.0369621,0.131457,3
0.0843217,0.0213796,0.130052,3
0.0487019,0.061098,0.165955,3
0.0275254,0.065716,0.19858,3
0.0682921,0.0921822,0.190079,3
0.0377929,0.0762529,0.115428,3
0.0528621,0.127735,0.0624021,3
0.0558614,0.111845,0.171961,3
0.0930947,0.120962,0.0813918,3
0.0452428,0.0309728,0.146452,3
0.0389391,0.0200533,0.0974983,3
0.0409434,0.0213741,0.178994,3
0.0639274,0.0142525,0.0290047,3
0.00119462,0.092601,0.0746589,3
0.0285718,0.0759042,0.135072,3
0.0168589,0.0814991,0.179677,3
0.0863597,0.0481651,0.189938,3
0.0484173,0.139596,0.201649,3
0.0611218,0.0233037,0.0284366,3
0.0691198,0.0544137,0.0476537,3
0.0529591,0.108461,0.193701,3
0.0574206,0.00454865,0.198492,3
0.0496294,0.0555025,0.145003,3
0.00590057,0.0862988,0.00900068,3
0.0326756,0.0436913,0.0180648,3
0.052404,0.0909408,0.148703,3
0.0836482,0.120383,0.157843,3
0.0452366,0.0840814,0.0533863,3
0.0527316,0.026697,0.0643399,3
0.101243,0.118145,0.0555425,3
0.0274647,0.105093,0.0239465,3
0.0501275,0.111593,0.177961,3
0.00487391,0.0966855,0.113941,3
0.06742,0.0453941,0.0673016,3
0.104779,0.101427,0.187817,3
0.0663914,0.0790747,0.0787197,3
0.026713,0.0921864,0.207562,3
0.102767,0.097345,0.0792888,3
0.00490702,0.0345897,0.185041,3
0.0621478,0.0412669,0.205028,3
0.108223,0.130228,0.16958,3
0.0603853,0.0932515,0.159187,3
0.0332008,0.0187147,0.192292,3
0.0487712,0.00306352,0.0720743,3
0.041518,0.0380346,0.0952065,3
0.0563216,0.0274638,0.0894585,3
0.0153161,0.0505772,0.134944,3
0.0324145,0.0224747,0.194504,3
0.028894,0.0503032,0.158958,3
0.00513202,0.0149617,0.123795,3
0.0108133,0.0699894,0.0501739,3
0.0553349,0.0210777,0.00229568,3
0.0407255,0.113505,0.0733699,3
0.00764475,0.000975098,0.0817454,3
0.0142059,0.0172934,0.0165961,3
0.0349364,0.0563257,0.0315965,3
0.053088,0.0979805,0.00303313,3
0.0287835,0.130876,0.0174114,3
0.103492,0.0725984,0.140522,3
0.0342639,0.0924776,0.112241,3
0.0033972,0.116566,0.0302678,3
0.0701472,0.0872892,0.0616965,3
0.00441848,0.0506493,0.111273,3
0.00442492,0.0927958,0.117055,3
0.00513164,0.134532,0.151612,3
0.0316927,0.111055,0.00213875,3
0.0322736,0.10284,0.188431,3
0.0494966,0.071605,0.0130874,3
0.0358866,0.0919782,0.0889542,3
0.0496647,0.138642,0.14355,3
0.0399487,0.0926797,0.00837975,3
0.0759792,0.100541,0.126979,3
0.0992284,0.0115939,0.0478975,3
0.032449,0.0859862,0.173366,3
0.0238246,0.0123232,0.213869,3
0.101692,0.0651548,0.0789588,3
0.00448435,0.0881268,0.110372,3
0.0621296,0.0857773,0.0496294,3
0.0839831,0.0810242,0.0595282,3
0.0147337,0.00951873,0.120668,3
0.000185792,0.0277336,0.0601705,3
0.0903453,0.101261,0.00516331,3
0.0301143,0.110807,0.13186,3
0.0362467,0.136861,0.112485,3
0.043396,0.10252,0.220211,3
0.0174383,0.113905,0.156865,3
0.032627,0.0215286,0.202867,3
0.0194464,0.0929887,0.174783,3
0.100486,0.0325566,0.123535,3
0.0603853,0.11052,0.180654,3
0.0151218,0.0944212,0.224686,3
0.0468632,0.108421,0.114423,3
0.0375237,0.00939099,0.13511,3
0.088206,0.132837,0.180328,3
0.0176716,0.0256608,0.134278,3
0.0526803,0.0163243,0.206772,3
0.0811782,0.0645324,0.146162,3
0.0871785,0.016781,0.192461,3
0.0961668,0.0824454,0.129227,3
0.0909966,0.0210509,0.173916,3
0.0157214,0.110554,0.211351,3
0.0219185,0.136268,0.184119,3
0.0780351,0.115523,0.162126,3
0.024408,0.109008,0.200751,3
0.0127489,0.0531943,0.153424,3
0.00842937,0.0323478,0.174603,3
0.0766073,0.0900389,0.18633,3
0.0644319,0.127029,0.157485,3
0.00574766,0.0988294,0.121562,3
0.103799,0.12231,0.132456,3
0.102005,0.0159888,0.212272,3
0.0317604,0.102589,0.0714523,3
0.058925,0.0626155,0.0429874,3
0.0436383,0.0574798,0.0379235,3
0.101609,0.0726848,0.170553,3
0.103094,0.0239774,0.00280693,3
0.00856085,0.141417,0.0382034,3
0.108248,0.0537374,0.169736,3
