x coord,y coord,z coord,rank
0.181645,0.134224,0.20896,0
0.169002,0.190959,0.10328,0
0.108227,0.224361,0.0746056,0
0.126648,0.142506,0.145728,0
0.157985,0.151401,0.00526087,0
0.169184,0.139585,0.175585,0
0.118288,0.14118,0.186309,0
0.164694,0.131675,0.201908,0
0.0878161,0.13254,0.12517,0
0.213399,0.145881,0.112913,0
0.200372,0.213896,0.0623743,0
0.207123,0.217451,0.0942447,0
0.181346,0.196526,0.0614784,0
0.142033,0.138694,0.193195,0
0.208234,0.132717,0.0743728,0
0.172849,0.142149,0.153775,0
0.2052,0.177949,0.06858,0
0.166046,0.152581,0.08831,0
0.190941,0.134361,0.158439,0
0.179102,0.133563,0.186488,0
0.116803,0.150772,0.20787,0
0.142303,0.21204,0.0639656,0
0.165941,0.198491,0.0651484,0
0.137325,0.141426,0.16991,0
0.157306,0.163469,0.105803,0
0.0903347,0.150459,0.197434,0
0.145952,0.208787,0.181918,0
0.0883676,0.140803,0.129011,0
0.206238,0.159495,0.142666,0
0.0994261,0.218524,0.198845,0
0.170589,0.205466,0.0807474,0
0.111907,0.156231,0.0883033,0
0.211996,0.159239,0.0930975,0
0.151391,0.180344,0.164269,0
0.133665,0.183716,0.0849856,0
0.168852,0.212352,0.069926,0
0.212289,0.150118,0.132298,0
0.109202,0.180265,0.13516,0
0.10465,0.168829,0.148264,0
0.170866,0.206579,0.0718008,0
0.117176,0.20105,0.115544,0
0.214823,0.212916,0.0216893,0
0.162773,0.180443,0.164234,0
0.213751,0.189662,0.173069,0
0.168509,0.18926,0.0847815,0
0.191423,0.210837,0.099931,0
0.212617,0.158191,0.15739,0
0.147306,0.169239,0.104714,0
0.224504,0.163109,0.13355,0
0.178441,0.16,0.110049,0
0.175106,0.140643,0.117904,0
0.153537,0.157794,0.0916942,0
0.146159,0.192323,0.218571,0
0.159771,0.150157,0.0639252,0
0.192083,0.19188,0.110468,0
0.10485,0.208436,0.219491,0
0.107887,0.213089,0.0397241,0
0.178635,0.224184,0.066064,0
0.0940378,0.198428,0.131899,0
0.223171,0.157358,0.220043,0
0.218752,0.158029,0.0991211,0
0.216234,0.218731,0.20356,0
0.0887436,0.172506,0.168219,0
0.133733,0.200603,0.0323431,0
0.219899,0.186908,0.0614834,0
0.0965665,0.15244,0.189754,0
0.145662,0.202287,0.186564,0
0.0897085,0.197031,0.149562,0
0.21704,0.131066,0.094669,0
0.207218,0.160058,0.0409516,0
0.184831,0.166362,0.0457919,0
0.167634,0.161453,0.19472,0
0.115135,0.187697,0.0688298,0
0.198276,0.155365,0.196878,0
0.126521,0.177455,0.0415046,0
0.172753,0.17289,0.0177201,0
0.165762,0.180983,0.0653278,0
0.170617,0.206493,0.125001,0
0.161895,0.156736,0.0695812,0
0.164314,0.220015,0.087336,0
0.158149,0.175922,0.215016,0
0.144735,0.173774,0.0222973,0
0.163012,0.199797,0.143396,0
0.203077,0.145932,0.0120184,0
0.180119,0.131587,0.0904908,0
0.153635,0.213807,0.139488,0
0.0996727,0.206448,0.00408755,0
0.138005,0.156412,0.177849,0
0.114718,0.168999,0.18779,0
0.118924,0.188903,0.112778,0
0.173849,0.191657,0.145057,0
0.211662,0.179646,0.0741967,0
0.0924267,0.210275,0.201924,0
0.185724,0.161595,0.0546217,0
0.165721,0.192726,0.172341,0
0.186081,0.156824,0.163223,0
0.117442,0.189562,0.152092,0
0.14541,0.152089,0.0579766,0
0.135562,0.162109,0.189909,0
0.188752,0.147596,0.0662712,0
0.166,0.19978,0.201031,0
0.210782,0.159393,0.0321136,0
0.134724,0.18211,0.0803198,0
0.19214,0.141804,0.0133981,0
0.213723,0.18829,0.138617,0
0.212738,0.131414,0.100135,0
0.109235,0.214883,0.192471,0
0.213459,0.167286,0.0247268,0
0.174175,0.183651,0.176196,0
0.0905226,0.152591,0.0129432,0
0.205017,0.157449,0.168867,0
0.0865394,0.190586,0.110932,0
0.155279,0.157723,0.0857232,0
0.224044,0.220862,0.134112,0
0.121296,0.208002,0.206719,0
0.14402,0.175026,0.127403,0
0.144804,0.206038,0.180478,0
0.146761,0.171804,0.216778,0
0.0959658,0.222272,0.116992,0
0.168394,0.14123,0.103317,0
0.155265,0.174915,0.220052,0
0.17778,0.153261,0.203768,0
0.144661,0.180941,0.197854,0
0.180246,0.20146,0.134911,0
0.0939541,0.158214,0.0337572,0
0.181766,0.134386,0.069389,0
0.0930271,0.169098,0.0573844,0
0.0227222,0.217996,0.120486,1
0.0185899,0.215926,0.124034,1
0.0167405,0.221486,0.120089,1
0.0458259,0.148014,0.156186,1
0.0483967,0.22058,0.215085,1
0.0295008,0.180738,0.145159,1
0.076077,0.18956,0.216163,1
0.020291,0.214309,0.121001,1
0.00558897,0.177445,0.194851,1
0.0279582,0.139264,0.206744,1
0.0366448,0.218928,0.185358,1
0.0201478,0.210477,0.123434,1
0.01259,0.21694,0.121086,1
0.0550369,0.157065,0.11453,1
0.0343396,0.219128,0.195785,1
0.0269355,0.19965,0.153131,1
0.0156324,0.218239,0.125352,1
0.0510002,0.136533,0.20959,1
0.0645238,0.143039,0.153234,1
0.0114481,0.206716,0.160312,1
0.0210373,0.222156,0.122312,1
0.0181985,0.214175,0.123246,1
0.0751544,0.199912,0.214036,1
0.0630325,0.140735,0.196952,1
0.019222,0.216801,0.120528,1
0.018025,0.220908,0.120416,1
0.0199524,0.219785,0.123876,1
0.0195793,0.194616,0.190441,1
0.00331858,0.1918,0.180408,1
0.0186272,0.214988,0.118317,1
0.0199989,0.215184,0.127738,1
0.0314262,0.200312,0.0947772,1
0.0639675,0.15106,0.125311,1
0.00755785,0.161078,0.190496,1
0.0666052,0.215047,0.176536,1
0.0828767,0.170602,0.0670421,1
0.0131467,0.196254,0.0137836,1
0.0796006,0.131396,0.18081,1
0.0575713,0.210317,0.0646673,1
0.0543481,0.15206,0.0618358,1
0.0212793,0.217435,0.121869,1
0.00951203,0.156584,0.036838,1
0.022042,0.179076,0.184505,1
0.0755427,0.187675,0.155191,1
0.0646185,0.150406,0.0576822,1
0.0546142,0.201033,0.180052,1
0.00219785,0.155169,0.00945094,1
0.0405017,0.185867,0.0835039,1
0.0784375,0.177007,0.0581302,1
0.0306873,0.1969,0.00570025,1
0.0228456,0.213439,0.123572,1
0.0158355,0.214743,0.126407,1
0.0505296,0.142053,0.00126855,1
0.0215869,0.217589,0.11689,1
0.0172467,0.17386,0.106507,1
0.0748625,0.175488,0.0837922,1
0.0371705,0.162273,0.0406611,1
0.0303613,0.218507,0.0927702,1
0.0847192,0.194023,0.0705756,1
0.0728135,0.143383,0.141392,1
0.0185723,0.150558,0.00930829,1
0.0620769,0.196808,0.0815579,1
0.0518908,0.136237,0.00815321,1
0.00998607,0.190937,0.073392,1
0.0675421,0.165416,0.172256,1
0.0160748,0.148491,0.196646,1
0.00737509,0.136251,0.08405,1
0.0768998,0.191757,0.0131087,1
0.0159547,0.217642,0.120067,1
0.0108341,0.196646,0.145515,1
0.0759059,0.199005,0.103926,1
0.00622811,0.187947,0.201915,1
0.0174028,0.219659,0.12226,1
0.0406296,0.191763,0.133231,1
0.0656281,0.174886,0.181529,1
0.042557,0.139367,0.0290327,1
0.0136203,0.218863,0.122485,1
0.0204225,0.214399,0.125053,1
0.026119,0.160191,0.0117127,1
0.0238911,0.218269,0.0660249,1
0.080591,0.181797,0.0689393,1
0.0213496,0.22128,0.124718,1
0.0230321,0.136002,0.0881974,1
0.00348297,0.215964,0.0819201,1
0.0153482,0.217957,0.124612,1
0.0236546,0.21722,0.12411,1
0.0479738,0.167769,0.135131,1
0.0113875,0.167711,0.127546,1
0.0244525,0.146502,0.1962,1
0.0171661,0.220699,0.121036,1
0.0044249,0.147436,0.0813475,1
0.0447735,0.145063,0.0160282,1
0.0107136,0.167067,0.121135,1
0.0155693,0.219737,0.122966,1
0.0503499,0.20548,0.0389072,1
0.063883,0.153036,0.0688222,1
0.0179548,0.209949,0.119496,1
0.0209708,0.153772,0.0100849,1
0.0173305,0.216197,0.117813,1
0.0155102,0.219215,0.121822,1
0.0190192,0.217376,0.119623,1
0.0149159,0.219283,0.124747,1
0.0180751,0.217234,0.128927,1
0.0196084,0.216497,0.121006,1
0.0568575,0.144378,0.1388,1
0.0131938,0.218752,0.122371,1
0.0190471,0.216859,0.122373,1
0.017708,0.21302,0.124029,1
0.0415969,0.161558,0.172424,1
0.0208934,0.136928,0.0549584,1
0.0384627,0.171029,0.109325,1
0.031029,0.139387,0.0820416,1
0.0207697,0.209654,0.118516,1
0.0240241,0.215488,0.120607,1
0.0159971,0.216388,0.124517,1
0.0187135,0.146121,0.132772,1
0.0212456,0.214553,0.122856,1
0.0130888,0.218193,0.118372,1
0.0195773,0.21757,0.123387,1
0.0183239,0.19128,0.190143,1
0.0176211,0.219268,0.126861,1
0.0177067,0.212047,0.1213,1
0.0163202,0.213315,0.119015,1
0.0623285,0.189685,0.136785,1
0.0588001,0.129498,0.0253536,1
0.0362938,0.133956,0.163768,1
0.0723456,0.12957,0.211608,1
0.118237,0.0207198,0.106553,2
0.131084,0.06179,0.00012007,2
0.138347,0.010495,0.125005,2
0.206822,0.0287052,0.0392628,2
0.205185,0.0994507,0.11492,2
0.170485,0.0127256,0.000628092,2
0.179623,0.124818,0.195028,2
0.18012,0.123277,0.199786,2
0.111934,0.0265587,0.000676876,2
0.221599,0.0365089,0.0922407,2
0.144725,0.082367,0.142801,2
0.154806,0.00276425,0.221236,2
0.145053,0.0547534,0.0585336,2
0.222302,0.118203,0.139541,2
0.210607,0.0283121,0.100677,2
0.136552,0.0280496,0.126801,2
0.170051,0.0641423,0.0399542,2
0.14268,0.0642915,0.118641,2
0.144871,0.046652,0.0944998,2
0.162174,0.0579694,0.0575877,2
0.126499,0.0831217,0.197406,2
0.132394,0.0478506,0.172545,2
0.170117,0.113505,0.0544904,2
0.106743,0.0588667,0.182791,2
0.218423,0.0397945,0.093137,2
0.19629,0.0051033,0.160327,2
0.172982,0.0857825,0.109482,2
0.131949,0.0272364,0.122907,2
0.163381,0.0820058,0.182247,2
0.174392,0.109683,0.0172856,2
0.200999,0.0541215,0.00536547,2
0.199107,0.106161,0.113609,2
0.209767,0.0426394,0.0696801,2
0.216043,0.0266943,0.0343075,2
0.2224,0.109313,0.0814969,2
0.186251,0.0447349,0.00665907,2
0.152507,0.0400046,0.173487,2
0.184369,0.0899977,0.15316,2
0.103005,0.0496018,0.171304,2
0.117009,0.0135508,0.024352,2
0.168502,0.0960976,0.206125,2
0.121826,0.0326983,0.0433771,2
0.167885,0.0376402,0.0961611,2
0.110286,0.126335,0.167065,2
0.184737,0.0231221,0.171247,2
0.191277,0.0338907,0.00950471,2
0.180999,0.0340967,0.071792,2
0.14587,0.0812976,0.0643058,2
0.193874,0.026221,0.0948766,2
0.129551,0.102539,0.126838,2
0.164163,0.109935,0.164006,2
0.139277,0.0166449,0.127438,2
0.215312,0.0501729,0.0320907,2
0.170757,0.0161483,0.0494057,2
0.13013,8.65082e-05,0.0878107,2
0.115106,0.0427129,0.165322,2
0.201178,0.0314553,0.0294447,2
0.155631,0.08087,0.0494965,2
0.223429,0.103404,0.106465,2
0.107227,0.0887733,0.204486,2
0.162136,0.030795,0.103131,2
0.176446,0.101882,0.0332007,2
0.191115,0.0467482,0.176132,2
0.154149,0.0605927,0.124412,2
0.139505,0.012189,0.0288709,2
0.221309,0.0869936,0.0303819,2
0.177708,0.0394862,0.158773,2
0.157694,0.102132,0.110777,2
0.212421,0.0136878,0.13708,2
0.138262,0.0476709,0.151089,2
0.170568,0.0549935,0.0928235,2
0.115163,0.0326016,0.0261548,2
0.178392,0.0493872,0.113055,2
0.20873,0.0793476,0.13154,2
0.20847,0.0211317,0.0715768,2
0.197068,0.00429204,0.0432885,2
0.20868,0.0205272,0.213078,2
0.21545,0.0660647,0.120748,2
0.117178,0.0907006,0.186166,2
0.110716,0.0157901,0.182666,2
0.138033,0.0997977,0.000216982,2
0.196834,0.121452,0.128042,2
0.154139,0.0874756,0.18278,2
0.165183,0.0944044,0.121624,2
0.145357,0.0450901,0.0401844,2
0.218279,0.0978241,0.217113,2
0.191818,0.112248,0.172949,2
0.221979,0.0675887,0.182958,2
0.178049,0.0652252,0.0892949,2
0.21414,0.0160684,0.2001,2
0.167958,0.0403856,0.0221237,2
0.214009,0.0364983,0.104374,2
0.216114,0.0133945,0.213019,2
0.174539,0.00711946,0.1533,2
0.191732,0.110069,0.0217824,2
0.154252,0.00504602,0.0434046,2
0.161307,0.068192,0.10452,2
0.147176,0.074386,0.0308244,2
0.10963,0.0252226,0.179007,2
0.156218,0.0451021,0.192153,2
0.119615,0.0561435,0.220854,2
0.153208,0.117074,0.0662982,2
0.181166,0.101336,0.10498,2
0.135275,0.0876398,0.152952,2
0.184398,0.0390907,0.0346385,2
0.162064,0.125971,0.13882,2
0.22206,0.103854,0.177065,2
0.109088,0.042356,0.143598,2
0.107649,0.117535,0.0805741,2
0.106346,0.00960255,0.112049,2
0.17816,0.12417,0.0577378,2
0.123745,0.0368645,0.0687799,2
0.168616,0.0232984,0.0944,2
0.224038,0.109292,0.047276,2
0.110489,0.118288,0.0270241,2
0.198192,0.106099,0.100061,2
0.14588,0.0363744,0.00917777,2
0.114598,0.125583,0.0622368,2
0.180628,0.0118089,0.0471385,2
0.112831,0.122246,0.0620327,2
0.181085,0.122788,0.12172,2
0.124033,0.112793,0.0480598,2
0.103111,0.0317816,0.0609609,2
0.0300648,0.025956,0.130576,3
0.0125154,0.0280455,0.134838,3
0.0802033,0.0822975,0.0305707,3
0.0997071,0.0331641,0.025797,3
0.0440294,0.0248174,0.062372,3
0.0751948,0.0901756,0.110732,3
0.0602769,0.0507114,0.0812839,3
0.022218,0.0326239,0.00781263,3
0.0437617,0.123114,0.020299,3
0.0568075,0.0221404,0.0782302,3
0.0559678,0.0622128,0.000510745,3
0.0810317,0.0131967,0.107456,3
0.0577677,0.0243816,0.0380224,3
0.0301675,0.00309266,0.141694,3
0.0551087,0.0551432,0.145344,3
0.0745379,0.0627355,0.0343266,3
0.0569895,0.0674342,0.112777,3
0.0684032,0.102755,0.0114323,3
0.0292067,0.0278724,0.0445896,3
0.0600518,0.0781039,0.00194654,3
0.0380562,0.00436849,0.203052,3
0.0810448,0.0239086,0.00890525,3
0.0276081,0.0483234,0.217547,3
0.0769337,0.0823185,0.204508,3
0.02288,0.0331789,0.192402,3
0.0980084,0.0978826,0.0591823,3
0.0266935,0.0608746,0.0549116,3
0.101766,0.0964524,0.0619849,3
0.077515,0.0241547,0.051556,3
0.0742666,0.0615797,0.00844782,3
0.0835441,0.0856157,0.130253,3
0.080662,0.0873202,0.0690701,3
0.0992846,0.0159943,0.135685,3
0.0186109,0.0129475,0.0642584,3
0.0647694,0.0473448,0.0330175,3
0.0258471,0.021367,0.0761969,3
0.0209258,0.0455549,0.196916,3
0.041788,0.0478712,0.0914467,3
0.0357463,0.101753,0.0179466,3
0.0504779,0.107814,0.140379,3
0.0741346,0.114632,0.170612,3
0.0382162,0.0352223,0.174996,3
0.0290105,0.00583383,0.0240319,3
0.00874266,0.0343669,0.114089,3
0.00527101,0.104065,0.0827113,3
0.0292633,0.00914162,0.109031,3
0.0735311,0.0274937,0.174057,3
0.0270469,0.0495154,0.221986,3
0.0155939,0.00390537,0.0422084,3
0.0105651,0.0581344,0.0697393,3
0.0290041,0.0857284,0.0753346,3
0.0476382,0.0884908,0.168954,3
0.0202494,0.108981,0.0674656,3
0.00291029,0.0350787,0.0946371,3
0.0312825,0.0941072,0.0087733,3
0.0191896,0.00974858,0.0954368,3
0.0968494,0.103164,0.210232,3
0.0483075,0.0113344,0.169303,3
0.0800814,0.0244831,0.0325196,3
0.0778637,0.098444,0.215044,3
0.0340153,0.0326963,0.0898886,3
0.0303521,0.121375,0.200121,3
0.0106415,0.0644745,0.125649,3
0.0161646,0.107094,0.108929,3
0.0356486,0.098373,0.168986,3
0.00853677,0.0219457,0.0640148,3
0.0727192,0.0471874,0.0658317,3
0.0183047,0.0231596,0.0538215,3
0.0342448,0.00863417,0.126718,3
0.0461781,0.014524,0.120921,3
0.0493228,0.0851939,0.0823823,3
0.00421991,0.0895661,0.219283,3
0.0675232,0.029084,0.0508496,3
0.034316,0.0424019,0.152689,3
0.0584484,0.090867,0.0741,3
0.0123181,0.104931,0.131382,3
0.0872085,0.0422945,0.097876,3
0.0579882,0.119416,0.201152,3
0.0551353,0.0957085,0.0701075,3
0.0124183,0.0784674,0.0173929,3
0.0147737,0.0435072,0.142375,3
0.0620855,0.0202577,0.168674,3
0.0724636,0.032226,0.205071,3
0.0911995,0.0260985,0.14098,3
0.0429465,0.0381322,0.181737,3
0.0376002,0.0584959,0.0200854,3
0.0786669,0.0524574,0.187127,3
0.00783945,0.0529939,0.114006,3
0.0981256,0.0240338,0.0559058,3
0.0836129,0.00624787,0.157106,3
0.0179423,0.108018,0.17015,3
0.0406739,0.0943717,0.200727,3
0.0359283,0.0638703,0.196447,3
0.00460628,0.0221519,0.082763,3
0.00687314,0.119849,0.158368,3
0.031098,0.0357874,0.14334,3
0.0163457,0.122186,0.187145,3
0.0547117,0.0612208,0.0125386,3
0.0622204,0.00414425,0.126023,3
0.0332558,0.128256,0.0601947,3
0.0637887,0.0357329,0.0524559,3
0.0438806,0.101531,0.0407933,3
0.065436,0.078131,0.126223,3
0.0503785,0.0710051,0.106552,3
0.0926985,0.104967,0.043971,3
0.0145824,0.0953007,0.147295,3
0.077587,0.0732924,0.0914752,3
0.0887117,0.121899,0.0190114,3
0.0326681,0.127541,0.0450962,3
0.0109364,0.045687,0.125381,3
0.10177,0.117615,0.0301067,3
0.0666962,0.0798006,0.118983,3
0.0463426,0.113915,0.00966195,3
0.0659569,0.114293,0.0854698,3
0.0737054,0.101955,0.206785,3
0.0874901,0.111264,0.196652,3
0.0782795,0.00381976,0.167678,3
0.0917064,0.12747,0.211158,3
0.0857969,0.119,0.0899184,3
0.072953,0.00386821,0.168865,3
0.0211729,0.126164,0.050245,3
0.0819937,0.110374,0.216192,3
0.102039,0.0353604,0.191631,3
