x coord,y coord,z coord,rank
0.111583,0.0232553,0.13939,0
0.0618055,0.109904,0.164813,0
0.204646,0.0632436,0.191637,0
0.162864,0.105688,0.216505,0
0.138144,0.116317,0.186428,0
0.165267,0.00168171,0.144754,0
0.22361,0.0172911,0.209482,0
0.112598,0.0980146,0.161633,0
0.117045,0.00645877,0.130726,0
0.193415,0.0639971,0.152744,0
0.163228,0.0676517,0.154321,0
0.128729,0.0700482,0.141417,0
0.160856,0.0786707,0.223629,0
0.10783,0.0896424,0.202815,0
0.0332661,0.0824437,0.126653,0
0.073397,0.100853,0.129106,0
0.0828462,0.108649,0.14142,0
0.166882,0.0251977,0.193261,0
0.193433,0.0549357,0.13754,0
0.202812,0.11212,0.170835,0
0.111128,0.0508095,0.183301,0
0.140932,0.0140049,0.176414,0
0.158459,0.0335996,0.165211,0
0.199642,0.00528509,0.161392,0
0.0655834,0.0697096,0.157953,0
0.0416652,0.0536865,0.176808,0
0.00222589,0.0568298,0.183683,0
0.16023,0.0919598,0.150345,0
0.0707253,0.075115,0.155693,0
0.159265,0.0589793,0.12935,0
0.0258445,0.0754492,0.146729,0
0.0430526,0.0451914,0.136906,0
0.168024,0.0152586,0.20621,0
0.044386,0.0597199,0.153065,0
0.218082,0.0125767,0.15077,0
0.192288,0.0309037,0.132891,0
0.0340297,0.0455032,0.220566,0
0.141467,0.112413,0.132732,0
0.0951332,0.0892361,0.218638,0
0.16026,0.0271693,0.132206,0
0.0377016,0.106682,0.197631,0
0.132567,0.0888551,0.182213,0
0.19821,0.0899083,0.156011,0
0.213663,0.101102,0.220415,0
0.218514,0.0643942,0.16789,0
0.148507,0.0347566,0.173434,0
0.0370715,0.0389041,0.205745,0
0.0678398,0.108821,0.144791,0
0.0248282,0.0630849,0.190893,0
0.195723,0.0132809,0.190547,0
0.220912,0.0653112,0.163724,0
0.0553719,0.0615577,0.157989,0
0.0867165,0.0862035,0.137347,0
0.164273,0.107886,0.219384,0
0.205365,0.00865862,0.149721,0
0.0680018,0.0604991,0.136644,0
0.101717,0.101103,0.22423,0
0.0686877,0.0351618,0.157211,0
0.135644,0.122713,0.181019,0
0.0154714,0.0177444,0.195985,0
0.124061,0.0920941,0.13106,0
0.216737,0.0781403,0.17112,0
0.106144,0.0247184,0.155039,0
0.0375307,0.0719715,0.147153,0
0.0678595,0.066906,0.193822,0
0.129531,0.0410006,0.152649,0
0.0487657,0.0660975,0.209949,0
0.00420169,0.12561,0.218866,0
0.206575,0.00451142,0.126515,0
0.0845879,0.111106,0.189565,0
0.159221,0.037272,0.18459,0
0.166933,0.105672,0.146987,0
0.158055,0.0917773,0.16838,0
0.09202,0.0167473,0.18066,0
0.0733713,0.0588032,0.200197,0
0.095158,0.0519238,0.192612,0
0.151354,0.034855,0.152987,0
0.0131779,0.0717769,0.137006,0
0.0891517,0.0196739,0.193946,0
0.000850896,0.0875503,0.204028,0
0.184743,0.111035,0.193009,0
0.066317,0.0192392,0.124525,0
0.218743,0.0914883,0.188032,0
0.185291,0.0343575,0.165839,0
0.213064,0.0183741,0.193943,0
0.214301,0.052171,0.192279,0
0.0820849,0.0722215,0.222044,0
0.016929,0.0903921,0.158775,0
0.0226805,0.0303957,0.191009,0
0.0437602,0.120436,0.19409,0
0.0693764,0.0605446,0.169773,0
0.187666,0.0484513,0.192792,0
0.0251886,0.0495766,0.208003,0
0.12492,0.0174385,0.189331,0
0.154038,0.0234489,0.143168,0
0.0340583,0.0165426,0.221185,0
0.152102,0.0838582,0.17011,0
0.0253437,0.0954778,0.207494,0
0.141713,0.0115212,0.207053,0
0.0505566,0.0390828,0.221838,0
0.111406,0.0420167,0.149693,0
0.216574,0.0287733,0.121727,0
0.0263181,0.0142905,0.166439,0
0.0116806,0.0559418,0.19649,0
0.0435906,0.0320842,0.217619,0
0.0977529,0.112124,0.224245,0
0.0734043,0.0216313,0.139042,0
0.168459,0.119301,0.186233,0
0.147834,0.116467,0.141784,0
0.108264,0.116131,0.145023,0
0.20776,0.120671,0.197978,0
0.177107,0.044778,0.134104,0
0.0720096,0.121688,0.20369,0
0.00428638,0.110916,0.127683,0
0.0993931,0.111472,0.151741,0
0.0921128,0.124758,0.139781,0
0.141784,0.121594,0.127036,0
0.159201,0.110365,0.215948,0
0.146276,0.110282,0.16953,0
0.0937238,0.0974469,0.132609,0
0.0782546,0.0442447,0.121815,0
0.0187507,0.102397,0.183768,0
0.0946843,0.0821203,0.182809,0
0.0801452,0.0449057,0.164557,0
0.100056,0.0645447,0.0433837,1
0.0244711,0.0630239,0.0561122,1
0.193266,0.0345649,0.0528914,1
0.00140343,0.000273552,0.0672782,1
0.0919703,0.0938548,0.0515459,1
0.064657,0.0766725,0.0914912,1
0.160162,0.080987,0.0802182,1
0.18782,0.0643992,0.0156449,1
0.0376777,0.0897267,0.0394478,1
0.101105,0.08599,0.0174159,1
0.0465834,0.0464091,0.00551553,1
0.158995,0.0335047,0.0596332,1
0.0842431,0.0128148,0.0901591,1
0.0309547,0.074282,0.114962,1
0.142171,0.019497,0.0484795,1
0.0581107,0.00357269,0.0428818,1
0.189953,0.0916543,0.10295,1
0.0400149,0.100424,0.024075,1
0.0843902,0.012333,0.113718,1
0.179022,0.0425048,0.00950905,1
0.0849894,0.0511436,0.0733723,1
0.102778,0.00858147,0.0755981,1
0.0262114,0.00762647,0.105326,1
0.119695,0.0329388,0.0611263,1
0.00283976,0.0706276,0.0236222,1
0.110144,0.00801754,0.110631,1
0.0576961,0.0707205,0.0751374,1
0.145685,0.0563848,0.0234621,1
0.0772579,0.0245716,0.0120439,1
0.0326061,0.0205742,0.0214995,1
0.0512788,0.0733183,0.0218972,1
0.0103934,0.0756276,0.058541,1
0.111881,0.0501971,0.0941779,1
0.0364937,0.00659469,0.00104458,1
0.207275,0.0126959,0.0911459,1
0.19149,0.0343628,0.113133,1
0.150667,0.00861499,0.102638,1
0.170837,0.0497394,0.10457,1
0.0692933,0.0303396,0.0131592,1
0.141921,0.0270346,0.0295604,1
0.00849164,0.0799418,0.109994,1
0.0368253,0.0443424,0.0598065,1
0.0644018,0.080056,0.085234,1
0.150132,0.0581489,0.101577,1
0.000120572,0.0351493,0.0483962,1
0.115138,0.0646687,0.0288054,1
0.18144,0.0389156,0.00830203,1
0.0992943,0.0586724,0.0300039,1
0.114628,0.0829738,0.10769,1
0.141406,0.0831307,0.0447408,1
0.187458,0.0444366,0.0295005,1
0.152547,0.059849,0.0128893,1
0.1849,0.035456,0.0493969,1
0.0904037,0.0948795,0.0791025,1
0.181571,0.0196029,0.100753,1
0.173395,0.0284033,0.105222,1
0.216367,0.0453302,0.0687306,1
0.157841,0.0514495,0.0753068,1
0.184328,0.0117276,0.0411978,1
0.217683,0.0877175,0.0461939,1
0.0859241,0.00743536,0.0075261,1
0.143659,0.091131,0.0334532,1
0.0909592,0.0484515,0.091735,1
0.022803,0.0448861,0.111009,1
0.117432,0.0321747,0.063779,1
0.0649547,0.0550247,0.080024,1
0.0119138,0.0642751,0.095705,1
0.0403383,0.0675876,0.0418135,1
0.194205,0.0509092,0.0563851,1
0.10139,0.0125267,0.0239471,1
0.0282668,0.0443422,0.0716401,1
0.161941,0.0701809,0.035404,1
0.0590629,0.036116,0.0699769,1
0.19808,0.0986541,0.0800276,1
0.00525047,0.0990903,0.118106,1
0.00971856,0.0317092,0.0593871,1
0.148843,0.00440463,0.10383,1
0.0623775,0.0947493,0.106014,1
0.144153,0.0389839,0.0225013,1
0.139358,0.00392421,0.0624966,1
0.205419,0.0981147,0.0180622,1
0.0903524,0.0206658,0.0273015,1
0.0755315,0.0220796,0.00542009,1
0.196842,0.0449945,0.0601184,1
0.0471239,0.0370634,0.0298769,1
0.0118869,0.066963,0.0413869,1
0.104603,0.00321692,0.012161,1
0.122327,0.0015259,0.109778,1
0.073482,0.00490816,0.0834213,1
0.160785,0.0373269,0.113305,1
0.199986,0.0656851,0.0995068,1
0.183227,0.0285249,0.109848,1
0.00128897,0.0225996,0.0378627,1
2.67674e-05,0.0810849,0.0680721,1
0.154202,0.0237153,0.111941,1
0.0330795,0.0816088,0.00631814,1
0.146582,0.00182282,0.0773398,1
0.0600608,0.0221923,0.00684201,1
0.0309632,0.0885661,0.0129022,1
0.190104,0.0968764,0.0346705,1
0.114824,0.0548859,0.0277105,1
0.216625,0.00463004,0.0897829,1
0.00944455,0.0147055,0.0308498,1
0.137766,0.056951,0.0363698,1
0.136973,0.0799078,0.0775528,1
0.0784954,0.102148,0.0600983,1
0.218379,0.0889509,0.108862,1
0.0763805,0.0182116,0.0273382,1
0.0632427,0.017718,0.0617742,1
0.0999955,0.0805278,0.000942159,1
0.088224,0.00118419,0.00859693,1
0.196747,0.0679621,0.0495033,1
0.205484,0.0772305,0.0545937,1
0.10252,0.0795766,0.0259636,1
0.0806968,0.0649541,0.0713704,1
0.125813,0.0840572,0.00202159,1
0.197065,0.0734904,0.0317014,1
0.0113381,0.0774051,0.0996223,1
0.152205,0.0159478,0.066225,1
0.0827751,0.0454283,0.0659282,1
0.0565412,0.0551149,0.0149673,1
0.0416071,0.0137595,0.0749162,1
0.0935393,0.0639322,0.100688,1
0.118058,0.0647186,0.013485,1
0.197161,0.0548795,0.0495026,1
0.0375634,0.102947,0.0935779,1
0.174757,0.0988261,0.0633738,1
0.217379,0.102997,0.0754342,1
0.0784332,0.10289,0.0174002,1
0.200377,0.113947,0.00693822,2
0.18265,0.142957,0.0982637,2
0.179339,0.209737,0.0583918,2
0.164734,0.154778,0.0796326,2
0.0788717,0.189147,0.10822,2
0.127954,0.167786,0.0338303,2
0.0351718,0.123967,0.0783987,2
0.0768331,0.132053,0.108329,2
0.0591718,0.191416,0.089885,2
0.00522496,0.11231,0.0575638,2
0.109015,0.207902,0.106056,2
0.140731,0.158085,0.0667949,2
0.0895205,0.118362,0.0470701,2
0.0831015,0.146955,0.0373934,2
0.0631878,0.150625,0.0733171,2
0.0474304,0.13979,0.0889592,2
0.0433335,0.204731,0.0863306,2
0.034028,0.123891,0.0376929,2
0.13961,0.175661,0.0512942,2
0.164146,0.17682,0.0764813,2
0.00406131,0.177667,0.0917207,2
0.068441,0.173565,0.00444947,2
0.111256,0.142854,0.0434164,2
0.0265438,0.166097,0.0170404,2
0.104913,0.126414,0.088155,2
0.137331,0.153523,0.00759001,2
0.0331391,0.177225,0.087258,2
0.171731,0.188857,0.0566825,2
0.148248,0.139531,0.108597,2
0.03142,0.214661,0.0605844,2
0.0272486,0.198464,0.0768648,2
0.0387017,0.120235,0.00629049,2
0.0702415,0.19125,0.0682068,2
0.19268,0.138108,0.0844832,2
0.00441806,0.119085,0.0508331,2
0.0404341,0.21354,0.0595306,2
0.176764,0.189353,0.0230667,2
0.185419,0.165187,0.0399539,2
0.0553824,0.223984,0.0840346,2
0.199804,0.157092,0.0862243,2
0.14435,0.13113,0.0519114,2
0.116865,0.170339,0.104381,2
0.137735,0.158704,0.0721437,2
0.120794,0.143501,0.0686428,2
0.100753,0.163107,0.0765634,2
0.109993,0.16498,0.101949,2
0.17383,0.131478,0.0187208,2
0.202283,0.190757,0.0720254,2
0.00929989,0.196512,0.0663274,2
0.0845534,0.134889,0.112756,2
0.164066,0.173877,0.0877374,2
0.101545,0.158353,0.0475556,2
0.17435,0.199617,0.0852212,2
0.035355,0.168733,0.115837,2
0.0465316,0.156634,0.00209503,2
0.161074,0.145924,0.0233413,2
0.198822,0.18638,0.0302692,2
0.0394202,0.174708,0.0297899,2
0.0766616,0.125129,0.0112365,2
0.015226,0.195832,0.00624634,2
0.00796276,0.137856,0.1093,2
0.143209,0.200188,0.079397,2
0.053847,0.118783,0.00321558,2
0.209807,0.184115,0.0384814,2
0.100235,0.15561,0.0227819,2
0.153944,0.157575,0.0823086,2
0.0994472,0.192083,0.07218,2
0.1997,0.182867,0.0761508,2
0.0492085,0.142507,0.0665448,2
0.111908,0.14142,0.0161833,2
0.224511,0.174328,0.0604038,2
0.186688,0.194229,0.0589656,2
0.0673964,0.21338,0.0813075,2
0.0806829,0.169603,0.102594,2
0.142516,0.12742,0.0243422,2
0.0110399,0.19229,0.055799,2
0.179755,0.156048,0.0456486,2
0.105968,0.12651,0.0838436,2
0.08664,0.204855,0.0570067,2
0.0301725,0.208678,0.00282831,2
0.0537367,0.21942,0.109015,2
0.158941,0.159724,0.106793,2
0.0201415,0.189438,0.0574786,2
0.188858,0.104734,0.0413412,2
0.0552062,0.137432,0.113094,2
0.206993,0.166288,0.0436785,2
0.00883764,0.219263,0.103988,2
0.081995,0.161934,0.0453502,2
0.0559213,0.108944,0.100838,2
0.0796565,0.204712,0.0949776,2
0.0151829,0.13054,0.00189868,2
0.219134,0.117373,0.0606108,2
0.070474,0.132816,0.00868422,2
0.092871,0.113139,0.0637491,2
0.0977779,0.177399,0.0486547,2
0.223352,0.140332,0.0200313,2
0.162404,0.18522,0.0132942,2
0.0559987,0.107733,0.0448215,2
0.204467,0.107478,0.0672986,2
0.139618,0.209568,0.0371571,2
0.13669,0.187537,0.000733769,2
0.107718,0.149907,0.0450162,2
0.217973,0.113945,0.0357275,2
0.110015,0.122246,0.0824892,2
0.0391848,0.116869,0.0902932,2
0.123444,0.144725,0.00757475,2
0.172205,0.129172,0.0634494,2
0.144755,0.165734,0.00565448,2
0.0298938,0.11665,0.067961,2
0.127116,0.17431,0.0836968,2
0.132757,0.180957,0.0342559,2
0.199118,0.17485,0.111662,2
0.122999,0.214332,0.0261614,2
0.149276,0.151291,0.0464963,2
0.163019,0.118634,0.0610267,2
0.181934,0.212319,0.0698774,2
0.16999,0.176331,0.0718905,2
0.194017,0.155012,0.0571835,2
0.119518,0.183553,0.0942662,2
0.201954,0.138948,0.117812,2
0.173833,0.11158,0.0210751,2
0.00810378,0.214443,0.144681,3
0.093883,0.139867,0.210274,3
0.012479,0.153564,0.163957,3
0.0876849,0.129345,0.217249,3
0.044778,0.173182,0.220044,3
0.00921514,0.154194,0.164035,3
0.0147536,0.154141,0.16296,3
0.0103254,0.15753,0.163929,3
0.0164532,0.155103,0.164977,3
0.0796055,0.175386,0.220977,3
0.029579,0.141621,0.143081,3
0.00589173,0.126859,0.216826,3
0.145327,0.215025,0.188424,3
0.00674111,0.209008,0.137977,3
0.0683326,0.203596,0.208751,3
0.0166476,0.158822,0.160399,3
0.0198795,0.164777,0.170466,3
0.0123256,0.160723,0.166357,3
0.0532797,0.197059,0.214702,3
0.00976088,0.155542,0.165665,3
0.203102,0.168555,0.182604,3
0.0155256,0.156299,0.157312,3
0.0228069,0.159933,0.181329,3
0.0987242,0.153913,0.182942,3
0.160768,0.200028,0.17568,3
0.0568353,0.211991,0.206242,3
0.142591,0.179834,0.150177,3
0.0408107,0.183166,0.18191,3
0.0225488,0.15171,0.202613,3
0.0584622,0.210372,0.218948,3
0.0158529,0.152613,0.164251,3
0.015389,0.156449,0.165375,3
0.0117352,0.156588,0.166803,3
0.00772155,0.156735,0.163379,3
0.0105694,0.156331,0.15813,3
0.0142744,0.155954,0.169114,3
0.0182996,0.150539,0.161734,3
0.0563664,0.140467,0.202974,3
0.144674,0.134599,0.138401,3
0.0341927,0.213634,0.218463,3
0.119841,0.141966,0.120093,3
0.221058,0.192166,0.180616,3
0.00478551,0.136604,0.143659,3
0.0155159,0.159617,0.158306,3
0.01496,0.154391,0.163452,3
0.106712,0.131787,0.142894,3
0.0141372,0.154996,0.122827,3
0.0134734,0.158359,0.161475,3
0.195324,0.167664,0.122656,3
0.195386,0.178492,0.200687,3
0.220305,0.146508,0.174014,3
0.150515,0.216069,0.127443,3
0.153284,0.223361,0.159068,3
0.0191681,0.15448,0.164449,3
0.168842,0.223133,0.169996,3
0.216341,0.215813,0.147995,3
0.110941,0.135662,0.127481,3
0.0409063,0.152959,0.213963,3
0.0730641,0.184535,0.224991,3
0.0136323,0.162071,0.160958,3
0.174405,0.183346,0.207885,3
0.0948532,0.182252,0.172392,3
0.159147,0.15166,0.223097,3
0.0727231,0.130062,0.119505,3
0.102496,0.191183,0.202453,3
0.0126471,0.157285,0.163245,3
0.010229,0.15167,0.159324,3
0.020242,0.223711,0.189919,3
0.13312,0.164614,0.199226,3
0.0824069,0.127249,0.166039,3
0.00732972,0.164622,0.177825,3
0.0573967,0.185563,0.169192,3
0.034097,0.140811,0.172106,3
0.117416,0.161759,0.151066,3
0.00986924,0.154952,0.16137,3
0.0144608,0.155532,0.166718,3
0.0183864,0.154618,0.162425,3
0.0169441,0.185159,0.129088,3
0.059603,0.13555,0.212018,3
0.224508,0.187568,0.173862,3
0.0121122,0.155857,0.16151,3
0.108033,0.203087,0.184934,3
0.0255185,0.20771,0.152517,3
0.222865,0.201468,0.15998,3
0.0160944,0.153847,0.167151,3
0.0118274,0.162071,0.160653,3
0.206644,0.14828,0.219272,3
0.0168985,0.154024,0.164301,3
0.152743,0.173688,0.145799,3
0.0157199,0.15424,0.164684,3
0.0152973,0.152465,0.159408,3
0.0884733,0.162145,0.118957,3
0.115304,0.168693,0.131658,3
0.172761,0.202704,0.223302,3
0.0105236,0.156429,0.159688,3
0.178144,0.21205,0.143522,3
0.012141,0.158256,0.167089,3
0.0122811,0.154177,0.16365,3
0.0158752,0.158636,0.162782,3
0.161542,0.14296,0.17555,3
0.0528543,0.172308,0.130696,3
0.011975,0.153737,0.165236,3
0.0108373,0.158621,0.162514,3
0.162007,0.157104,0.155765,3
0.0504617,0.148396,0.194127,3
0.0118867,0.154703,0.160627,3
0.0432295,0.149007,0.188434,3
0.0752827,0.178943,0.142724,3
0.015081,0.154025,0.163921,3
0.165643,0.141247,0.161092,3
0.0825226,0.140941,0.180999,3
0.00324747,0.177144,0.221979,3
0.0191726,0.125834,0.20028,3
0.0157385,0.159245,0.161621,3
0.128089,0.186111,0.130161,3
0.0100983,0.157047,0.165914,3
0.100022,0.16904,0.134912,3
0.169749,0.179767,0.211356,3
0.0153079,0.209731,0.218989,3
0.0101406,0.158203,0.158781,3
0.0162332,0.153077,0.164248,3
0.078046,0.157202,0.179325,3
0.0120793,0.15523,0.166952,3
0.0667745,0.214712,0.127704,3
0.0895275,0.131352,0.170228,3
0.150083,0.128641,0.174372,3
