x coord,y coord,z coord,rank
0.0271011,0.0434904,0.114509,0
0.0322911,0.0250071,0.101425,0
0.101473,0.0797181,0.0296063,0
0.0477407,0.0693568,0.0596979,0
0.00206143,0.0867098,0.10228,0
0.0240005,0.0858804,0.0189959,0
0.0170927,0.0957936,0.102933,0
0.0844929,0.0369482,0.0885747,0
0.0769801,0.0110552,0.116801,0
0.00695289,0.117427,0.0435188,0
0.105418,0.0532525,0.0652697,0
0.0951877,0.000128467,0.156472,0
0.0883231,0.0402891,0.185979,0
0.0501765,0.0966962,0.0428081,0
0.073775,0.11353,0.0568849,0
0.00958711,0.00645838,0.0873065,0
0.0920128,0.0936941,0.0124136,0
0.0208163,0.0987657,0.106686,0
0.0645029,0.0280394,0.0193402,0
0.0368389,0.0206757,0.0962732,0
0.0904092,0.0279585,0.187386,0
0.104857,0.0997412,0.0581131,0
0.0234228,0.0605539,0.00993596,0
0.104293,0.0595184,0.198334,0
0.0680343,0.0800875,0.192506,0
0.00285962,0.00356397,0.0696108,0
0.00147684,0.109123,0.039188,0
0.0211248,0.031702,0.0500551,0
0.0909983,0.0536479,0.082513,0
0.0433214,0.0310411,0.0600387,0
0.0540861,0.102008,0.0181092,0
0.0989243,0.0635177,0.162729,0
0.0870546,0.126042,0.041184,0
0.0377556,0.0540149,0.0719757,0
0.067995,0.108567,0.0122571,0
0.0789362,0.0265707,0.00269512,0
0.0903676,0.00422283,0.1349,0
0.0891135,0.0180648,0.17483,0
0.0446518,0.0800804,0.118294,0
0.0916931,0.0599227,0.0309058,0
0.0164441,0.0805137,0.0511144,0
0.102859,0.084245,0.0914526,0
0.100463,0.11902,0.0659514,0
0.0816567,0.105912,0.182472,0
0.0859001,0.035656,0.161061,0
0.0935713,0.0432978,0.0169802,0
0.0553711,0.0364048,0.171635,0
0.0680528,0.0706207,0.065544,0
0.00176269,0.0315833,0.0165385,0
0.0652695,0.00198239,0.022081,0
0.0405088,0.00975323,0.115238,0
0.0598095,0.00222815,0.203973,0
0.07732,0.119142,0.224674,0
0.0134724,0.102022,0.00577616,0
0.0162681,0.0141313,0.0308876,0
0.0313599,0.111164,0.127276,0
0.0338505,0.0899195,0.0796515,0
0.0337324,0.014967,0.0465284,0
0.0425497,0.0416687,0.139227,0
0.0322304,0.0250417,0.155337,0
0.0150081,0.0698758,0.0702856,0
0.0302673,0.109336,0.207629,0
0.0751134,0.122339,0.102832,0
0.0481974,0.101035,0.0446316,0
0.0129162,0.12209,0.0761015,0
0.0523381,0.0536725,0.152247,0
0.072784,0.0774224,0.136301,0
0.0579352,0.0545665,0.15284,0
0.0351849,0.0282139,0.0290848,0
0.0154553,0.0142399,0.214238,0
0.0262175,0.111747,0.0188754,0
0.0426409,0.041139,0.193494,0
0.07012,0.064358,0.194687,0
0.0595984,0.0550553,0.190415,0
0.00952926,0.0118316,0.0949294,0
0.0972008,0.00134694,0.0122314,0
0.0709863,0.0913955,0.141469,0
0.00252151,0.0211482,0.0583199,0
0.00542012,0.0580195,0.104745,0
0.0162403,0.00101058,0.105023,0
0.0205682,0.0216957,0.161389,0
0.0219737,0.0958053,0.101963,0
0.0550614,0.0425736,0.218433,0
0.0315544,0.0525891,0.0639968,0
0.0203379,0.0680102,0.131323,0
0.0720406,0.0835368,0.151545,0
0.0436768,0.104566,0.101642,0
0.0377594,0.0449313,0.211157,0
0.0598923,0.0383326,0.169531,0
0.0646606,0.112924,0.0920355,0
0.068916,0.0093428,0.2236,0
0.00580202,0.0622993,0.0133884,0
0.0037255,0.0748758,0.0404192,0
0.063196,0.0221154,0.0427343,0
0.104016,0.0561296,0.0172715,0
0.0286118,0.0273997,0.212086,0
0.0295684,0.0558003,0.176939,0
0.00309659,0.111016,0.0977983,0
0.052899,0.104383,0.179746,0
0.0993422,0.0990561,0.0525741,0
0.0182809,0.0139863,0.125846,0
0.0609087,0.0797415,0.0725928,0
0.0362095,0.046401,0.0610209,0
0.00724613,0.107702,0.193262,0
0.0742742,0.088513,0.199603,0
0.103168,0.0378039,0.214475,0
0.0629926,0.125661,0.168308,0
0.0158191,0.072507,0.0910775,0
0.023129,0.0588259,0.149811,0
0.0198234,0.0652813,0.126462,0
0.0548356,0.0552349,0.217385,0
0.0362516,0.0963376,0.00835236,0
0.0594184,0.0540362,0.0899759,0
0.023195,0.0171032,0.196643,0
0.0334849,0.0673114,0.143397,0
0.0585881,0.12503,0.0125676,0
0.0701374,0.0881572,0.219433,0
0.0477029,0.0659393,0.222917,0
0.0108936,0.113965,0.130278,0
0.0262364,0.104737,0.209002,0
0.0645239,0.0306064,0.184667,0
0.0813854,0.101561,0.153943,0
0.105237,0.0325622,0.160161,0
0.0826879,0.13135,0.182733,1
0.0667214,0.217811,0.137102,1
0.019182,0.212525,0.125632,1
0.0452757,0.130564,0.196739,1
0.0636934,0.197944,0.202961,1
0.0154747,0.176238,0.146296,1
0.0583829,0.147085,0.202135,1
0.0776232,0.131884,0.0661143,1
0.0124974,0.173954,0.1993,1
0.0171999,0.184757,0.0913296,1
0.0267603,0.218722,0.208233,1
0.0810103,0.161326,0.0845214,1
0.0749818,0.204003,0.162929,1
0.0678554,0.175887,0.141135,1
0.0304864,0.218496,0.194027,1
0.0222999,0.197412,0.136267,1
0.00449147,0.208852,0.0668411,1
0.00671136,0.149351,0.175713,1
0.0153784,0.217676,0.125243,1
0.0427935,0.197486,0.198319,1
0.0313009,0.192604,0.00413691,1
0.0775728,0.196141,0.10572,1
0.0398815,0.172622,0.0359844,1
0.0245412,0.18879,0.206082,1
0.0536357,0.146536,0.0553688,1
0.00427896,0.129712,0.0142709,1
0.0173252,0.21689,0.124538,1
0.0586795,0.132011,0.190335,1
0.0049461,0.207703,0.199239,1
0.0214634,0.213436,0.124192,1
0.00483748,0.158687,0.0488682,1
0.0687159,0.159485,0.112865,1
0.0377904,0.217596,0.00729269,1
0.0191656,0.146498,0.208327,1
0.0195724,0.21509,0.125785,1
0.00940739,0.157613,0.0164894,1
0.0628995,0.134661,0.00672234,1
0.0227698,0.213915,0.128675,1
0.00112952,0.144223,0.106099,1
0.0736383,0.173823,0.00143853,1
0.0216591,0.218597,0.123403,1
0.0226078,0.224744,0.103621,1
0.0373439,0.206793,0.197576,1
0.045951,0.204771,0.143298,1
0.0162308,0.12858,0.0445836,1
0.0192894,0.21468,0.129616,1
0.0247297,0.185124,0.113398,1
0.015948,0.215425,0.122775,1
0.0737226,0.166517,0.125911,1
0.0615555,0.140255,0.010226,1
0.0134155,0.208854,0.0639937,1
0.0466691,0.193696,0.112881,1
0.0261337,0.171205,0.173773,1
0.0207316,0.212185,0.121679,1
0.0164072,0.217335,0.127269,1
0.0550426,0.140913,0.0312083,1
0.00679149,0.219246,0.0381783,1
0.0726286,0.212577,0.0253735,1
0.0828127,0.162321,0.183713,1
0.0154027,0.198111,0.146433,1
0.057333,0.163128,0.0805492,1
0.0514362,0.154636,0.0684057,1
0.0298,0.142138,0.0632542,1
0.0182373,0.195838,0.10736,1
0.0127701,0.208049,0.190733,1
0.0430553,0.15145,0.209302,1
0.0583853,0.210371,0.207453,1
0.00188145,0.190197,0.0372278,1
0.0194933,0.218001,0.12496,1
0.0140212,0.156984,0.166055,1
0.00403663,0.161492,0.108878,1
0.00319447,0.20722,0.196167,1
0.0206499,0.181747,0.0965148,1
0.0324835,0.179477,0.186154,1
0.03228,0.148665,0.147205,1
0.0377639,0.187797,0.0243681,1
0.0800954,0.138069,0.108699,1
0.0435811,0.158076,0.0185179,1
0.0125454,0.171668,0.0468297,1
0.0476082,0.196205,0.0885583,1
0.0227514,0.171884,0.0392986,1
0.0162931,0.216248,0.127994,1
0.0754153,0.20839,0.12249,1
0.0201472,0.210782,0.127966,1
0.0158872,0.215706,0.12583,1
0.0197239,0.21675,0.125124,1
0.0231351,0.216469,0.12498,1
0.04302,0.127347,0.140633,1
0.0250188,0.13501,0.174227,1
0.0468472,0.151996,0.175997,1
0.0186318,0.214389,0.126459,1
0.0164884,0.213501,0.126445,1
0.0221771,0.215219,0.121379,1
0.0395615,0.128283,0.136544,1
0.0238439,0.210042,0.12736,1
0.0234342,0.215706,0.127505,1
0.0623183,0.179431,0.206031,1
0.0166485,0.219422,0.125607,1
0.022255,0.212292,0.124145,1
0.0220545,0.216035,0.123164,1
0.0242428,0.211151,0.120463,1
0.0152229,0.211114,0.12503,1
0.0212624,0.214441,0.126295,1
0.0226223,0.214315,0.127891,1
0.0249593,0.211182,0.124441,1
0.0224659,0.217417,0.121599,1
0.0198759,0.211657,0.129325,1
0.0157979,0.178603,0.159722,1
0.00211054,0.181064,0.18675,1
0.0176126,0.214693,0.124036,1
0.0227366,0.210572,0.118711,1
0.0227494,0.210418,0.125716,1
0.0229104,0.215873,0.122302,1
0.0189972,0.211682,0.125584,1
0.02213,0.213756,0.126346,1
0.0115006,0.133739,0.137016,1
0.0184664,0.212335,0.127047,1
0.0224202,0.212191,0.127828,1
0.0230206,0.215718,0.119142,1
0.0204391,0.218058,0.121388,1
0.0191319,0.211915,0.123268,1
0.01966,0.214085,0.12014,1
0.0229013,0.211536,0.120284,1
0.0166335,0.213397,0.123622,1
0.0457781,0.130028,0.217789,1
0.0268227,0.127755,0.0220111,1
0.197435,0.0455766,0.12045,2
0.186277,0.0257531,0.0980589,2
0.215982,0.0685041,0.111983,2
0.190898,0.0562293,0.115752,2
0.155676,0.0708597,0.118292,2
0.113123,0.0416627,0.0409528,2
0.219303,0.115654,0.10082,2
0.110245,0.0421367,0.0407159,2
0.180751,0.0323178,0.116609,2
0.205064,0.0717845,0.0106268,2
0.131538,0.0214001,0.0374058,2
0.177067,0.117827,0.00529134,2
0.167476,0.032318,0.0923779,2
0.146526,0.126373,0.162789,2
0.126902,0.101663,0.0808157,2
0.141833,0.0935939,0.170457,2
0.217657,0.0358503,0.0982643,2
0.192938,0.0766098,0.145273,2
0.173193,0.0802028,0.105754,2
0.153845,0.0558307,0.0460741,2
0.210379,0.0991093,0.219854,2
0.147459,0.0410521,0.141126,2
0.146719,0.120081,0.153559,2
0.217102,0.108327,0.148871,2
0.21475,0.0300074,0.0748878,2
0.141323,0.0988079,0.133783,2
0.210506,0.103004,0.180088,2
0.123623,0.114284,0.204734,2
0.15501,0.102306,0.141752,2
0.157259,0.115456,0.00015039,2
0.11567,0.100909,0.188373,2
0.209129,0.0171218,0.217655,2
0.211676,0.0450342,0.0155958,2
0.205854,0.0613039,0.0776291,2
0.197725,0.00948288,0.0206671,2
0.205338,0.0854283,0.0471409,2
0.116332,0.0343368,0.14973,2
0.188739,0.111792,0.139345,2
0.145896,0.0168589,0.13154,2
0.210665,0.0329516,0.0223229,2
0.126529,0.0818684,0.151462,2
0.137312,0.00772026,0.0123683,2
0.118564,0.0249331,0.0439897,2
0.169262,0.0916444,0.214467,2
0.155453,0.032093,0.139837,2
0.197814,0.00368058,0.0644817,2
0.19878,0.0616742,0.00840163,2
0.200197,0.0548907,0.101781,2
0.150691,0.0806114,0.0293978,2
0.12821,0.0286951,0.170379,2
0.162661,0.0325666,0.197274,2
0.162815,0.0243961,0.138287,2
0.193697,0.0328911,0.0834522,2
0.221825,0.0148095,0.0186633,2
0.162751,0.00540865,0.0500897,2
0.162739,0.108987,0.0699381,2
0.123165,0.000306272,0.0774873,2
0.20403,0.0252018,0.0799314,2
0.155633,0.0633395,0.194145,2
0.115192,0.0500659,0.166708,2
0.149663,0.0899691,0.0876543,2
0.146827,0.0467699,0.0931197,2
0.113449,0.0142566,0.192902,2
0.186061,0.0547624,0.15527,2
0.117377,0.0432875,0.0152748,2
0.137402,0.0976437,0.0130193,2
0.221573,0.120422,0.186235,2
0.174704,0.11721,0.184312,2
0.167908,0.0925319,0.159057,2
0.11004,0.0694017,0.139989,2
0.18241,0.0124626,0.0567767,2
0.198657,0.0505356,0.049107,2
0.147784,0.0391036,0.185412,2
0.157125,0.119779,0.135587,2
0.183166,0.0829266,0.108016,2
0.14223,0.0270917,0.13081,2
0.117316,0.0359348,0.145915,2
0.215444,0.0445367,0.0661656,2
0.170845,0.0339049,0.167435,2
0.1302,0.116382,0.204171,2
0.14644,0.0114395,0.0570222,2
0.194631,0.034421,0.123793,2
0.218361,0.00260354,0.115807,2
0.113276,0.109399,0.0686019,2
0.107302,0.119294,0.178517,2
0.133283,0.0514247,0.203875,2
0.173499,0.116587,0.180545,2
0.122483,0.0767654,0.0983017,2
0.152626,0.0297053,0.0119707,2
0.17825,0.0576522,0.0120584,2
0.18347,0.103397,0.0876662,2
0.129378,0.0469079,0.188075,2
0.224942,0.0267727,0.201392,2
0.123184,0.0161204,0.210584,2
0.152747,0.0219029,0.0345448,2
0.208635,0.111172,0.0590154,2
0.145766,0.101209,0.121654,2
0.168801,0.0221272,0.042534,2
0.16352,0.0494993,0.0606124,2
0.149548,0.0819388,0.180715,2
0.206491,0.092779,0.206355,2
0.141734,0.122945,0.0641597,2
0.176598,0.0867282,0.12542,2
0.219468,0.100099,0.134986,2
0.202228,0.0775555,0.0221956,2
0.205724,0.0348608,0.185369,2
0.149172,0.11969,0.172185,2
0.212167,0.00666379,0.139105,2
0.136375,0.08603,0.0987945,2
0.206795,0.117871,0.126138,2
0.175391,0.114981,0.039157,2
0.124529,0.0479125,0.0499545,2
0.178193,0.0371272,0.0694899,2
0.174428,0.0175887,0.211065,2
0.15278,0.0190569,0.126042,2
0.132528,0.0774534,0.189521,2
0.13698,0.0040764,0.0225472,2
0.109725,0.0810729,0.187043,2
0.19271,0.0477314,0.0166673,2
0.193658,0.104487,0.0936287,2
0.141803,0.0214443,0.180805,2
0.143808,0.0907792,0.0102234,2
0.106325,0.100547,0.184482,2
0.173211,0.0869122,0.0809339,2
0.111636,0.125198,0.116914,2
0.115294,0.0831082,0.0638927,2
0.100609,0.168855,0.0683595,3
0.118663,0.219647,0.138137,3
0.11393,0.183615,0.0597679,3
0.203662,0.148083,0.0200287,3
0.221935,0.19022,0.130922,3
0.0949931,0.162775,0.177744,3
0.148422,0.151024,0.0184836,3
0.20307,0.137892,0.0779403,3
0.222739,0.169999,0.0197834,3
0.201936,0.223045,0.0694818,3
0.220394,0.204762,0.110734,3
0.194943,0.206618,0.0921333,3
0.204787,0.192502,0.0852628,3
0.205427,0.15489,0.214035,3
0.153623,0.140911,0.208459,3
0.179352,0.169576,0.0489264,3
0.206342,0.164271,0.0597349,3
0.213803,0.194861,0.0711597,3
0.191752,0.135603,0.0974779,3
0.150998,0.187552,0.0507335,3
0.136852,0.133615,0.107102,3
0.197227,0.139222,0.0847206,3
0.166571,0.15329,0.0904808,3
0.150388,0.139147,0.172153,3
0.217641,0.167009,0.186323,3
0.149718,0.196003,0.0991899,3
0.155494,0.218202,0.105229,3
0.203049,0.206282,0.0467932,3
0.162165,0.185282,0.0893163,3
0.174576,0.135383,0.126097,3
0.16253,0.19058,0.203065,3
0.18472,0.182256,0.0850726,3
0.220698,0.152887,0.19795,3
0.201075,0.129648,0.0890525,3
0.134703,0.135622,0.0746388,3
0.132358,0.162257,0.0403306,3
0.177074,0.18342,0.174988,3
0.19745,0.173181,0.19382,3
0.134589,0.148583,0.0153023,3
0.146128,0.158814,0.173084,3
0.220059,0.178653,0.217886,3
0.163133,0.152235,0.194649,3
0.209397,0.218438,0.0874229,3
0.131052,0.204392,0.164971,3
0.213536,0.149507,0.173983,3
0.12414,0.213892,0.0410353,3
0.111138,0.211083,0.197147,3
0.115145,0.132088,0.14143,3
0.165841,0.219918,0.0572042,3
0.20536,0.197937,0.115527,3
0.178571,0.174107,0.161026,3
0.215426,0.223699,0.193516,3
0.142717,0.134305,0.0498699,3
0.217176,0.195933,0.0524307,3
0.163767,0.154569,0.035288,3
0.196126,0.127304,0.163168,3
0.196616,0.172683,0.0493252,3
0.165672,0.140445,0.144951,3
0.15571,0.170948,0.0444204,3
0.137591,0.180226,0.128623,3
0.163869,0.184889,0.0419767,3
0.178081,0.179238,0.166254,3
0.108279,0.20858,0.202282,3
0.20563,0.207564,0.105632,3
0.191855,0.163376,0.203908,3
0.159341,0.210458,0.199356,3
0.140588,0.162468,0.0719675,3
0.131195,0.20413,0.0933435,3
0.0901044,0.202605,0.174478,3
0.165659,0.209298,0.150507,3
0.133146,0.205279,0.0815646,3
0.157241,0.152093,0.189317,3
0.1064,0.139715,0.0461631,3
0.19012,0.16487,0.14458,3
0.135298,0.181898,0.00606607,3
0.166511,0.139989,0.131367,3
0.212829,0.163217,0.218634,3
0.15346,0.204706,0.217698,3
0.122814,0.17308,0.113108,3
0.218015,0.166309,0.0723757,3
0.0901032,0.138208,0.203007,3
0.167053,0.189374,0.124345,3
0.165773,0.224716,0.207045,3
0.125432,0.142824,0.0146609,3
0.162333,0.220857,0.126251,3
0.144263,0.187011,0.17044,3
0.151173,0.18705,0.0302059,3
0.140022,0.182018,0.153062,3
0.17515,0.145084,0.0552066,3
0.203572,0.191801,0.0478244,3
0.112654,0.21483,0.208827,3
0.192706,0.20376,0.191761,3
0.177457,0.138187,0.122021,3
0.223775,0.176921,0.00063896,3
0.151323,0.173768,0.161331,3
0.126138,0.156305,0.17865,3
0.119439,0.142102,0.181012,3
0.166509,0.199358,0.206993,3
0.171524,0.21254,0.17509,3
0.133485,0.209914,0.0929922,3
0.15193,0.138173,0.0877101,3
0.154851,0.160111,0.0619049,3
0.15301,0.174981,0.159088,3
0.186113,0.176261,0.0114108,3
0.211647,0.17313,0.0616307,3
0.100437,0.217644,0.172718,3
0.167846,0.165482,0.0824165,3
0.182468,0.213379,0.101474,3
0.154044,0.127723,0.0726204,3
0.154125,0.171432,0.130934,3
0.108209,0.174425,0.0206109,3
0.198066,0.127818,0.166309,3
0.09377,0.151384,0.0595251,3
0.0973119,0.142957,0.102374,3
0.10937,0.155185,0.2024,3
0.0952194,0.224959,0.0501363,3
0.211951,0.222621,0.140004,3
0.127411,0.209803,0.202228,3
0.112715,0.219706,0.0798985,3
0.184143,0.131915,0.0455176,3
0.0911391,0.152093,0.100399,3
0.109606,0.215473,0.106016,3
0.107641,0.132409,0.0840302,3
0.0876421,0.204653,0.181724,3
0.0858652,0.138031,0.142925,3
