x coord,y coord,z coord,rank
0.205016,0.112971,0.133235,0
0.118207,0.0916923,0.00526668,0
0.111436,0.0824651,0.0976411,0
0.122316,0.0411987,0.037706,0
0.121983,0.0927008,0.196113,0
0.10108,0.0297035,0.0711714,0
0.111716,0.112561,0.2221,0
0.166095,0.10738,0.130858,0
0.134834,0.0301449,0.0806052,0
0.1964,0.0335144,0.121376,0
0.214078,0.0611741,0.136403,0
0.211049,0.0600424,0.165684,0
0.163972,0.100043,0.118808,0
0.188755,0.0534651,0.0348524,0
0.176762,0.106338,0.0797692,0
0.115219,0.0711414,0.0953033,0
0.153585,0.0300268,0.176385,0
0.204436,0.0891327,0.161575,0
0.211371,0.0603941,0.0991884,0
0.154176,0.107754,0.0662459,0
0.204518,0.0286187,0.0761088,0
0.121376,0.0109951,0.115819,0
0.157004,0.100258,0.190553,0
0.218119,0.0807021,0.004524,0
0.129015,0.0835548,0.201526,0
0.171932,0.0958971,0.0185989,0
0.181365,0.0910559,0.206034,0
0.169653,0.0195626,0.096023,0
0.147796,0.00128733,0.111627,0
0.170982,0.0120424,0.155477,0
0.200254,0.109722,0.136411,0
0.173168,0.0440362,0.203339,0
0.159375,0.0171031,0.218344,0
0.124922,0.11431,0.0925534,0
0.199618,0.0927203,0.0782207,0
0.131042,0.0630372,0.163707,0
0.219199,0.113417,0.136523,0
0.129245,0.0784356,0.108719,0
0.221934,0.0685481,0.21872,0
0.170715,0.0566776,0.0758981,0
0.1877,0.0801373,0.0229868,0
0.188513,0.0762906,0.0658552,0
0.216346,0.0285071,0.217937,0
0.132545,0.0328697,0.0106675,0
0.188846,0.0309307,0.0796676,0
0.22189,0.0228993,0.0451412,0
0.11377,0.0982694,0.128127,0
0.138431,0.0116761,0.0541261,0
0.222051,0.00737094,0.154245,0
0.169348,0.0121194,0.171353,0
0.113895,0.0211502,0.176357,0
0.115497,0.00322312,0.0356447,0
0.157114,0.0555708,0.167635,0
0.173688,0.0582261,0.0707448,0
0.110147,0.0771147,0.211459,0
0.138091,0.011354,0.128916,0
0.182408,0.0368698,0.0972393,0
0.111475,0.0576554,0.0441894,0
0.154608,0.050944,0.00449653,0
0.179946,0.110187,0.0752913,0
0.176541,0.0184556,0.162731,0
0.140775,0.00623944,0.0557002,0
0.186847,0.0848112,0.0660839,0
0.156026,0.110715,0.168754,0
0.121055,0.0581936,0.136414,0
0.162996,0.105135,0.208403,0
0.200006,0.055578,0.192249,0
0.222131,0.0247935,0.187228,0
0.160554,0.0586447,0.0405781,0
0.200642,0.0469628,0.0843049,0
0.215703,0.0598202,0.138963,0
0.187132,0.00829189,0.122189,0
0.175211,0.00832046,0.216857,0
0.136355,0.0319153,0.0483668,0
0.171321,0.0276241,0.0403735,0
0.15189,0.0753749,0.111582,0
0.134396,0.0189474,0.0259481,0
0.164588,0.0909664,0.00999793,0
0.222116,0.035366,0.199593,0
0.189496,0.0181834,0.122925,0
0.224239,0.0450359,0.0506233,0
0.198566,0.0527768,0.186536,0
0.138141,0.0513654,0.209786,0
0.14049,0.0899012,0.147153,0
0.154062,0.0308392,0.016801,0
0.178735,0.0195663,0.0108174,0
0.138341,0.00299398,0.0204934,0
0.210883,0.076708,0.196756,0
0.179767,0.0891796,0.219833,0
0.126428,0.052678,0.0330313,0
0.215984,0.0206549,0.0170969,0
0.136187,0.0145785,0.122248,0
0.177478,0.11296,0.0646873,0
0.181072,0.011871,0.105195,0
0.153565,0.0249355,0.0287331,0
0.196704,0.0700767,0.0692303,0
0.218789,0.00138293,0.0509169,0
0.121419,0.0682813,0.13271,0
0.204869,0.108461,0.174114,0
0.180359,0.0636982,0.019307,0
0.209392,0.098573,0.0577189,0
0.199989,0.0667611,0.136371,0
0.110524,0.0130549,0.067901,0
0.178864,0.0145402,0.139044,0
0.153852,0.0809817,0.0971432,0
0.213736,0.0495224,0.0223621,0
0.189923,0.0705057,0.0846641,0
0.179635,0.0170335,0.0499997,0
0.162099,0.0192241,0.111863,0
0.107528,0.105322,0.0636258,0
0.184484,0.0655743,0.100764,0
0.184438,0.045591,0.005888,0
0.219455,0.111866,0.0254914,0
0.12954,0.043685,0.0438219,0
0.177374,0.0920622,0.0849231,0
0.200492,0.111707,0.126066,0
0.188941,0.00931467,0.0848035,0
0.137138,0.0853752,0.0392294,0
0.116033,0.0747121,0.0916872,0
0.14807,0.0525355,0.0978737,0
0.202713,0.02975,0.0710684,0
0.181775,0.111913,0.168458,0
0.201989,0.113453,0.207624,0
0.16752,0.114155,0.173195,0
0.108032,0.221564,0.127282,1
0.112653,0.161791,0.134397,1
0.12782,0.176351,0.195673,1
0.123817,0.131262,0.0644843,1
0.186229,0.153529,0.0964241,1
0.145601,0.181922,0.0559862,1
0.133426,0.123762,0.116059,1
0.122279,0.197645,0.1546,1
0.205145,0.160945,0.0650131,1
0.113691,0.224156,0.126168,1
0.216274,0.129006,0.0690386,1
0.147507,0.144799,0.189745,1
0.138354,0.136398,0.202134,1
0.192575,0.118858,0.0572785,1
0.161662,0.151141,0.0739402,1
0.158495,0.158966,0.0112149,1
0.148648,0.224351,0.00804822,1
0.129665,0.193837,0.181296,1
0.199607,0.123423,0.049311,1
0.116389,0.168963,0.177652,1
0.0987017,0.151945,0.131472,1
0.119276,0.135433,0.149573,1
0.20609,0.167282,0.070598,1
0.123274,0.21615,0.18211,1
0.123837,0.143141,0.0117136,1
0.103365,0.118538,0.0389132,1
0.121525,0.138512,0.20646,1
0.10993,0.150582,0.0163417,1
0.195345,0.172896,0.0784482,1
0.160376,0.198683,0.171474,1
0.109464,0.194039,0.211921,1
0.2019,0.131997,0.0762471,1
0.166737,0.130628,0.0850859,1
0.154092,0.11518,0.0601594,1
0.13412,0.132999,0.200565,1
0.222581,0.177185,0.16794,1
0.117244,0.189207,0.129948,1
0.188576,0.211524,0.117736,1
0.119014,0.203254,0.153414,1
0.223746,0.219762,0.161267,1
0.217459,0.203099,0.166239,1
0.107913,0.114874,0.203632,1
0.104222,0.127695,0.224426,1
0.156495,0.157221,0.209857,1
0.147151,0.18345,0.10863,1
0.216055,0.218119,0.0866848,1
0.166383,0.163437,0.223008,1
0.197375,0.199366,0.19432,1
0.204763,0.195147,0.186765,1
0.150965,0.172707,0.0126811,1
0.10156,0.1467,0.144012,1
0.107917,0.189834,0.162728,1
0.108004,0.157722,0.138662,1
0.185653,0.193651,0.0870978,1
0.182936,0.139046,0.0530919,1
0.141971,0.144305,0.131275,1
0.154295,0.134287,0.206702,1
0.126462,0.220982,0.142145,1
0.187484,0.19758,0.191779,1
0.202417,0.148818,0.0780285,1
0.119087,0.179653,0.174561,1
0.154113,0.223766,0.190672,1
0.143933,0.177395,0.200487,1
0.200199,0.200859,0.0701011,1
0.189901,0.199822,0.219449,1
0.223508,0.143347,0.00879939,1
0.135885,0.119189,0.120291,1
0.160292,0.138987,0.152151,1
0.17732,0.198824,0.0550449,1
0.218795,0.145468,0.0325849,1
0.18027,0.180651,0.00217464,1
0.210796,0.14684,0.0745122,1
0.159461,0.211639,0.108902,1
0.222814,0.212444,0.0123795,1
0.189496,0.118112,0.0577667,1
0.122987,0.211887,0.19884,1
0.217955,0.164868,0.180787,1
0.190953,0.115096,0.0536595,1
0.129884,0.179456,0.0265001,1
0.190686,0.197309,0.0478578,1
0.137171,0.168351,0.0158568,1
0.179396,0.116207,0.19798,1
0.135184,0.119123,0.0383705,1
0.0992856,0.209646,0.00866003,1
0.10051,0.207062,0.214463,1
0.20612,0.171663,0.133664,1
0.167953,0.220381,0.00102904,1
0.131463,0.172058,0.0657184,1
0.186533,0.206994,0.208711,1
0.18658,0.169054,0.124425,1
0.208404,0.143343,0.124648,1
0.203455,0.203836,0.0979539,1
0.200411,0.169818,0.180732,1
0.106867,0.127126,0.0393143,1
0.122484,0.162575,0.180474,1
0.127082,0.120433,0.111086,1
0.223088,0.165035,0.175306,1
0.189048,0.223273,0.0896743,1
0.111257,0.219685,0.143794,1
0.11908,0.125459,0.0771359,1
0.196866,0.20335,0.0998931,1
0.201292,0.156284,0.0894596,1
0.212725,0.150625,0.033129,1
0.166281,0.120485,0.114502,1
0.198664,0.213502,0.144194,1
0.149957,0.168821,0.0137112,1
0.178426,0.210328,0.056703,1
0.193971,0.187827,0.048456,1
0.153089,0.122594,0.15719,1
0.131296,0.133516,0.139451,1
0.140298,0.140314,0.0367924,1
0.164197,0.217118,0.0701114,1
0.14107,0.160664,0.109807,1
0.143545,0.224409,0.19251,1
0.178572,0.12163,0.192788,1
0.101737,0.176803,0.126404,1
0.215051,0.146237,0.162145,1
0.173306,0.208153,0.0429759,1
0.140699,0.131639,0.092825,1
0.102514,0.128491,0.0644531,1
0.138306,0.117923,0.149747,1
0.144021,0.147535,0.182633,1
0.206201,0.190388,0.121656,1
0.0989194,0.201216,0.203304,1
0.220648,0.114954,0.0817546,1
0.0297482,0.11353,0.131122,2
0.081414,0.0944605,0.123229,2
0.0563927,0.117644,0.22099,2
0.0464962,0.0480458,0.169399,2
0.0427546,0.0490988,0.191354,2
0.0229645,0.0680715,0.202354,2
0.0646169,0.0110988,0.177365,2
0.0386463,0.0650194,0.0325142,2
0.0925529,0.112812,0.220298,2
0.00836071,0.0611339,0.13411,2
0.0921933,0.0757816,0.0683563,2
0.0558941,0.0232626,0.0730106,2
0.0400685,0.132905,0.0446037,2
0.0553186,0.0147347,0.211137,2
0.0113949,0.0430516,0.140794,2
0.0609962,0.0185063,0.0397709,2
0.0011602,0.128728,0.196084,2
0.00428393,0.0584382,0.220878,2
0.0274621,0.116128,0.0266667,2
0.0565541,0.00667264,0.121953,2
0.00938387,0.00065514,0.0676238,2
0.0697605,0.0389959,0.0276644,2
0.0772877,0.00551396,0.216775,2
0.00801487,0.00620763,0.135585,2
0.0272742,0.0585408,0.0213763,2
0.0661348,0.0781428,0.0061479,2
0.0678232,0.127687,0.0553558,2
0.0527209,0.0308121,0.0487611,2
0.0351062,0.0987363,0.0543799,2
0.00602885,0.113511,0.155495,2
0.0275859,0.0805843,0.161141,2
0.0154906,0.136412,0.147448,2
0.0388727,0.0213168,0.110362,2
0.0507156,0.098028,0.182059,2
0.0177641,0.0714083,0.151507,2
0.0383535,0.0551786,0.0215919,2
0.0702408,0.0264319,0.109832,2
0.0713583,0.124972,0.207209,2
0.0584623,0.0486523,0.10645,2
0.0570876,0.133359,0.110385,2
0.0788963,0.122354,0.152556,2
0.0760767,0.103935,0.168446,2
0.0863305,0.104872,0.171521,2
0.0140787,0.0596353,0.0600795,2
0.00755363,0.0881467,0.0365316,2
0.0827531,0.112351,0.149914,2
0.00588842,0.0997736,0.16297,2
0.0273737,0.0233381,0.0785934,2
0.0787996,0.0936372,0.202127,2
0.00216234,0.046993,0.170406,2
0.0349549,0.0553127,0.0498144,2
0.0749025,0.0392395,0.141613,2
0.0834594,0.00557867,0.168319,2
0.054618,0.0124606,0.138388,2
0.0588938,0.0710893,0.152535,2
0.0520847,0.00426218,0.0322055,2
0.0361787,0.0172583,0.171656,2
0.0837727,0.111512,0.118596,2
0.00554722,0.0475321,0.194952,2
0.0897398,0.0561604,0.200756,2
0.0345251,0.0835255,0.079846,2
0.0779035,0.106796,0.159098,2
0.0687689,0.0162042,0.131144,2
0.0246733,0.116852,0.0738777,2
0.0560332,0.00775799,0.0927623,2
0.00913086,0.0235231,0.164928,2
0.0310468,0.0079801,0.034497,2
0.0178209,0.0455648,0.141644,2
0.0970243,0.0357724,0.182582,2
0.0706854,0.10254,0.183807,2
0.0772272,0.0437576,0.158031,2
0.0853611,0.108872,0.144657,2
0.0156068,0.0795875,0.223922,2
0.03939,0.0504398,0.00194598,2
0.045546,0.138774,0.121696,2
0.0197199,0.0776532,0.160585,2
0.040821,0.0779848,0.0506328,2
0.0298349,0.0253573,0.105355,2
0.0526001,0.0611034,0.0310475,2
0.0021085,0.0322344,0.0720555,2
0.0866933,0.03035,0.118778,2
0.0721304,0.0160214,0.161756,2
0.0494222,0.0142091,0.119903,2
0.0294787,0.0333849,0.0398053,2
0.0150694,0.0647051,0.166519,2
0.0639353,0.06024,0.150911,2
0.058863,0.0132144,0.00714011,2
0.00909428,0.118159,0.179367,2
0.0650228,0.0258387,0.190624,2
0.00627402,0.0744765,0.163814,2
0.0889032,0.0270536,0.176726,2
0.0584708,0.080559,0.164523,2
0.0410995,0.134677,0.160985,2
0.0956663,0.00995352,0.0115227,2
0.0613622,0.105746,0.210491,2
0.0853043,0.0409054,0.0966528,2
0.0931864,0.117677,0.192846,2
0.00369599,6.67682e-05,0.10851,2
0.085964,0.00905636,0.0938997,2
0.0493849,0.100404,0.00518573,2
0.00616125,0.0959122,0.0151694,2
0.07133,0.105951,0.193302,2
0.0477776,0.0576753,0.126916,2
0.00419731,0.0666121,0.030041,2
0.0346099,0.00650406,0.187354,2
0.0272107,0.115683,0.067927,2
0.0280221,0.0950104,0.0596165,2
0.0703093,0.055099,0.105504,2
0.0452172,0.0137888,0.0600319,2
0.0384719,0.0320303,0.0935514,2
0.0536783,0.120789,0.0923502,2
0.0407639,0.00869209,0.0204361,2
0.0948171,0.130997,0.108611,2
0.00731277,0.0266182,0.0212839,2
0.0471925,0.0387948,0.0752877,2
0.0254292,0.0500508,0.0578245,2
0.000308095,0.13287,0.13861,2
0.0890425,0.00152021,0.0145079,2
0.00378844,0.0790221,0.023095,2
0.00479802,0.0279546,0.00913702,2
0.0785535,0.0343964,0.109007,2
0.0169346,0.0369783,0.0443631,2
0.0838184,0.0168706,0.0354702,2
0.0436831,0.111876,0.0257019,2
0.093182,0.10427,0.0316219,2
0.0595553,0.133901,0.0628391,2
0.0032238,0.138589,0.224026,2
0.0136452,0.213347,0.117578,3
0.0143001,0.216138,0.11519,3
0.0134508,0.217982,0.11747,3
0.0192791,0.218608,0.114349,3
0.0124259,0.217171,0.116402,3
0.00980328,0.215425,0.117305,3
0.0151045,0.215382,0.114536,3
0.0134386,0.217908,0.114134,3
0.0160357,0.213459,0.116566,3
0.0166344,0.212938,0.115396,3
0.0653749,0.210794,0.0696744,3
0.0201038,0.213022,0.117426,3
0.02057,0.215154,0.111088,3
0.0478446,0.177325,0.049647,3
0.0185009,0.20904,0.116881,3
0.00127043,0.182118,0.0645026,3
0.018748,0.222149,0.0674705,3
0.094284,0.140709,0.190952,3
0.020052,0.212722,0.1175,3
0.0195804,0.213512,0.115705,3
0.016354,0.219057,0.118972,3
0.0147402,0.217204,0.11748,3
0.0200256,0.207312,0.0307917,3
0.053442,0.143181,0.0880381,3
0.0740376,0.194301,0.12507,3
0.0152253,0.219963,0.111983,3
0.0146903,0.213071,0.110771,3
0.0131708,0.217708,0.115755,3
0.0672547,0.172122,0.143827,3
0.0146709,0.213836,0.111277,3
0.0163663,0.208348,0.114717,3
0.0126467,0.213358,0.121769,3
0.0536788,0.187101,0.131903,3
0.0136748,0.220034,0.118716,3
0.0141222,0.2135,0.109193,3
0.0164836,0.216696,0.121574,3
0.0727723,0.222239,0.0618408,3
0.0891276,0.189384,0.189329,3
0.00958742,0.220677,0.117538,3
0.0519219,0.220526,0.0186278,3
0.0139427,0.21469,0.110283,3
0.015237,0.213511,0.118029,3
0.0803505,0.190492,0.134084,3
0.0164068,0.155798,0.0252127,3
0.0210553,0.16218,0.0658341,3
0.0131141,0.213101,0.119216,3
0.0155612,0.214323,0.118261,3
0.01608,0.223952,0.208116,3
0.0162639,0.213295,0.117251,3
0.0165734,0.217104,0.108703,3
0.09004,0.164854,0.150601,3
0.0231472,0.209022,0.155185,3
0.0254527,0.179371,0.0657969,3
0.0813077,0.182997,0.205328,3
0.0695728,0.159351,0.0368689,3
0.0235353,0.218845,0.197004,3
0.00164017,0.147143,0.0970552,3
0.0359972,0.15777,0.00952022,3
0.0216375,0.222235,0.059607,3
0.0173804,0.218661,0.115923,3
0.00798387,0.149923,0.21483,3
0.0153297,0.164628,0.0657271,3
0.0156699,0.215778,0.160767,3
0.0202807,0.175775,0.143887,3
0.0948034,0.14629,0.19409,3
0.0187183,0.215347,0.117252,3
0.0852206,0.201439,0.0944738,3
0.00651489,0.161991,0.182025,3
0.016791,0.186184,0.0273544,3
0.0749287,0.192431,0.0517339,3
0.0451838,0.211334,0.135891,3
0.0200675,0.214937,0.118074,3
0.0459121,0.20254,0.191851,3
0.0903286,0.206545,0.165309,3
0.0631015,0.208833,0.105488,3
0.0374543,0.159604,0.0376372,3
0.0827467,0.168952,0.152288,3
0.0809711,0.16225,0.0580192,3
0.0975501,0.194053,0.205608,3
0.0413203,0.163456,0.0318044,3
0.0248595,0.203524,0.0133245,3
0.0943034,0.197899,0.116245,3
0.0959006,0.213531,0.139328,3
0.0775692,0.180774,0.139016,3
0.00642299,0.165681,0.0733989,3
0.0193509,0.211474,0.116298,3
0.0413367,0.221123,0.0896562,3
0.0169722,0.215296,0.116136,3
0.0170243,0.213266,0.113772,3
0.0496612,0.160151,0.0503082,3
0.0843065,0.167551,0.0546606,3
0.0197551,0.152661,0.139923,3
0.0715652,0.163487,0.0802099,3
0.0169294,0.217902,0.113787,3
0.0820366,0.185788,0.011856,3
0.0144101,0.214235,0.117621,3
0.0944938,0.141566,0.0112843,3
0.0154397,0.209963,0.119397,3
0.00364783,0.143898,0.209428,3
0.0347058,0.218529,0.132842,3
0.0787087,0.193017,0.160415,3
0.0392588,0.19944,0.197764,3
0.0349879,0.197136,0.183768,3
0.0213533,0.19498,0.0703337,3
0.000474001,0.151719,0.182702,3
0.0172382,0.212048,0.116616,3
0.064483,0.203106,0.145561,3
0.00682707,0.18592,0.0467393,3
0.0119193,0.21293,0.119133,3
0.0283595,0.211736,0.0435158,3
0.0145729,0.213309,0.114918,3
0.0300847,0.205415,0.0372836,3
0.0212049,0.176974,0.0897781,3
0.0527345,0.187671,0.181084,3
0.0438667,0.150767,0.122018,3
0.0470968,0.165732,0.0335247,3
0.0239895,0.179655,0.0538907,3
0.0448811,0.186289,0.033563,3
0.0609607,0.150187,0.062451,3
0.0619762,0.186533,0.144036,3
0.0156485,0.172921,0.14215,3
0.0182287,0.213059,0.113551,3
0.0975457,0.17244,0.194165,3
0.0981071,0.183513,0.153954,3
