x coord,y coord,z coord,rank
0.19974,0.151599,0.140367,0
0.140701,0.167653,0.128851,0
0.092309,0.179807,0.158009,0
0.0042551,0.219242,0.139761,0
0.103702,0.175911,0.151275,0
0.157749,0.208736,0.220646,0
0.160878,0.198993,0.190189,0
0.0663135,0.143095,0.132294,0
0.033724,0.191349,0.135495,0
0.162357,0.172944,0.222754,0
0.00962395,0.18616,0.135879,0
0.12341,0.137734,0.142787,0
0.0623953,0.198666,0.163033,0
0.0311032,0.194181,0.13146,0
0.0315183,0.191578,0.13005,0
0.0337624,0.188545,0.131087,0
0.0337373,0.196233,0.128439,0
0.16981,0.155708,0.207233,0
0.177475,0.185542,0.218421,0
0.0347212,0.190159,0.133168,0
0.16368,0.224024,0.142886,0
0.0376039,0.196066,0.134422,0
0.0371298,0.187971,0.138527,0
0.0756263,0.175736,0.134221,0
0.14282,0.155577,0.157036,0
0.0321416,0.195992,0.138574,0
0.0971273,0.217403,0.191359,0
0.000847735,0.190974,0.176856,0
0.121588,0.154765,0.169741,0
0.151015,0.165069,0.190657,0
0.143827,0.142272,0.205488,0
0.0407606,0.162988,0.211511,0
0.125615,0.158556,0.149212,0
0.0330628,0.196563,0.132617,0
0.138451,0.176877,0.186028,0
0.0440686,0.137611,0.189282,0
0.0284331,0.192811,0.131191,0
0.145445,0.132384,0.133566,0
0.0401259,0.193224,0.133074,0
0.100618,0.13217,0.132681,0
0.18128,0.213798,0.1299,0
0.028533,0.193054,0.131558,0
0.00898114,0.175597,0.195806,0
0.0352656,0.191246,0.133994,0
0.166583,0.13994,0.202148,0
0.0993033,0.201681,0.206859,0
0.138109,0.175871,0.162477,0
0.170602,0.171041,0.133144,0
0.18854,0.18199,0.144132,0
0.113218,0.195623,0.220445,0
0.0642328,0.161618,0.195163,0
0.128968,0.157764,0.18106,0
0.00234379,0.16204,0.148251,0
0.0361051,0.19213,0.135637,0
0.197787,0.147306,0.222918,0
0.0316221,0.191051,0.13391,0
0.100141,0.162338,0.192964,0
0.0920831,0.208432,0.141978,0
0.0371957,0.194152,0.132366,0
0.0341706,0.187918,0.130588,0
0.0858427,0.175584,0.157442,0
0.100697,0.186239,0.202642,0
0.0940514,0.220312,0.168092,0
0.0368423,0.192037,0.130093,0
0.120953,0.163924,0.127601,0
0.0335406,0.195794,0.132592,0
0.144132,0.140154,0.170788,0
0.0291055,0.193476,0.135942,0
0.0193711,0.218382,0.179541,0
0.175661,0.196486,0.200681,0
0.0948902,0.157735,0.184077,0
0.190396,0.206154,0.183318,0
0.216126,0.139439,0.159855,0
0.0363898,0.194906,0.134741,0
0.182188,0.161175,0.131029,0
0.172968,0.185731,0.157076,0
0.0482552,0.221839,0.174567,0
0.169823,0.169448,0.135496,0
0.176911,0.150542,0.167108,0
0.00426624,0.190217,0.177401,0
0.0331183,0.19709,0.128169,0
0.149274,0.197901,0.12948,0
0.217024,0.208694,0.179184,0
0.0329195,0.195277,0.128631,0
0.159898,0.176466,0.18575,0
0.210478,0.205561,0.179909,0
0.00789903,0.207025,0.205758,0
0.0480806,0.15287,0.130806,0
0.0334941,0.19097,0.134418,0
0.0326891,0.198903,0.136556,0
0.0338786,0.19727,0.131372,0
0.0327513,0.192691,0.13616,0
0.0303791,0.192265,0.133597,0
0.0329623,0.192061,0.134459,0
0.201068,0.138412,0.186115,0
0.0323248,0.193498,0.136567,0
0.0139529,0.177329,0.185299,0
0.106614,0.190862,0.191736,0
0.137738,0.204108,0.216852,0
0.173642,0.158656,0.219377,0
0.0348526,0.193996,0.132497,0
0.0379971,0.195916,0.133591,0
0.035431,0.141702,0.190547,0
0.0311353,0.193507,0.131785,0
0.16913,0.16115,0.142926,0
0.0851488,0.135427,0.150504,0
0.036454,0.194406,0.132252,0
0.0328653,0.189653,0.13462,0
0.0347839,0.199179,0.128875,0
0.0306572,0.191788,0.136269,0
0.164977,0.165087,0.174752,0
0.177015,0.191929,0.144473,0
0.187723,0.213217,0.139095,0
0.0371903,0.195538,0.133533,0
0.0369932,0.192774,0.130235,0
0.0307801,0.195119,0.132342,0
0.0348065,0.196168,0.135293,0
0.178611,0.188524,0.187089,0
0.0294769,0.196138,0.132145,0
0.0902544,0.213025,0.165042,0
0.178032,0.18949,0.163026,0
0.0616214,0.198942,0.146364,0
0.0325637,0.194551,0.131896,0
0.0306316,0.192889,0.134582,0
0.223619,0.148724,0.141345,0
0.0744003,0.187648,0.130311,0
0.144485,0.168146,0.131473,0
0.138867,0.132252,0.165589,0
0.0150464,0.183394,0.132647,0
0.0424601,0.132199,0.186298,0
0.214809,0.134146,0.220378,0
0.0874829,0.140434,0.127419,0
0.0140906,0.196998,0.131811,0
0.0646146,0.212977,0.013772,1
0.200588,0.143006,0.0793702,1
0.022701,0.16747,0.0424255,1
0.0552899,0.212955,0.059098,1
0.1619,0.19783,0.0229531,1
0.148768,0.13165,0.0177485,1
0.222474,0.168882,0.0155216,1
0.126922,0.163699,0.0325902,1
0.0140366,0.175728,0.0567017,1
0.0993798,0.182684,0.0137131,1
0.033451,0.194339,0.115469,1
0.0980331,0.187245,0.0843099,1
0.172842,0.156775,0.0600422,1
0.146096,0.161607,0.00550764,1
0.122576,0.178846,0.0645518,1
0.122736,0.165273,0.0550322,1
0.125751,0.222027,0.0727,1
0.215128,0.182147,0.0967172,1
0.114932,0.188299,0.101805,1
0.155678,0.188147,0.0968956,1
0.10228,0.155538,0.0924141,1
0.046309,0.139482,0.0126321,1
0.153258,0.189191,0.120724,1
0.0535229,0.224236,0.0764233,1
0.0853452,0.159647,0.063626,1
0.000449598,0.170455,0.119998,1
0.00318753,0.193278,0.0291533,1
0.215503,0.204522,0.0905658,1
0.0119601,0.166398,0.0190783,1
0.0967037,0.164878,0.00603296,1
0.149666,0.200867,0.0116096,1
0.00482905,0.177624,0.00951128,1
0.0223155,0.222284,0.110337,1
0.148847,0.151109,0.120751,1
0.0290268,0.217639,0.0249108,1
0.148805,0.1328,0.11862,1
0.108951,0.152585,0.0935061,1
0.179166,0.202831,0.0581093,1
0.0962653,0.151753,0.00360017,1
0.0574106,0.191252,0.0855943,1
0.171644,0.208426,0.045821,1
0.195026,0.173176,0.0832477,1
0.180624,0.205135,0.105147,1
0.0146588,0.223562,0.0181166,1
0.0429805,0.151911,0.0358364,1
0.0490609,0.13771,0.00776681,1
0.200056,0.156781,0.0356652,1
0.160775,0.200347,0.0986263,1
0.015701,0.179098,0.0328458,1
0.186735,0.158881,0.0335491,1
0.0194149,0.202842,0.0549163,1
0.00627867,0.13511,0.0906903,1
0.210149,0.1609,0.101454,1
0.0937261,0.18743,0.0451774,1
0.153814,0.207276,0.00744382,1
0.0908037,0.148157,0.0249962,1
0.167733,0.145511,0.091509,1
0.103594,0.167572,0.105658,1
0.0607001,0.186855,0.0549362,1
0.166375,0.182591,0.0443574,1
0.0147346,0.19912,0.0525284,1
0.0899005,0.198741,0.0649612,1
0.00657527,0.189534,0.0432562,1
0.133968,0.156818,0.0458632,1
0.0968831,0.146081,0.0202729,1
0.0918951,0.175175,0.0363676,1
0.197454,0.189786,0.0249377,1
0.219462,0.175323,0.108574,1
0.0962915,0.166969,0.0384562,1
0.0767457,0.211408,0.10056,1
0.0717887,0.157285,0.101984,1
0.156841,0.172873,0.0602979,1
0.177963,0.160819,0.0764948,1
0.201316,0.17561,0.0147469,1
0.103431,0.165927,0.00937657,1
0.224621,0.214666,0.0567612,1
0.0378148,0.138803,0.00880363,1
0.0646868,0.20027,0.0231409,1
0.111686,0.180848,0.113088,1
0.206481,0.168292,0.0998674,1
0.152121,0.180827,0.121688,1
0.10075,0.208098,0.0991283,1
0.0708014,0.153476,0.0725979,1
0.0504574,0.190143,0.0458164,1
0.122472,0.156821,0.0690485,1
0.00529615,0.20585,0.104751,1
0.191861,0.190868,0.112686,1
0.106805,0.198981,0.0823681,1
0.0852285,0.158462,0.0958976,1
0.0936191,0.204173,0.10964,1
0.0539409,0.137255,0.0623989,1
0.202322,0.185493,0.0949638,1
0.196919,0.140737,0.11647,1
0.203312,0.188851,0.0312189,1
0.00665529,0.142917,0.0167954,1
0.156275,0.189411,0.0213008,1
0.180063,0.204537,0.0454314,1
0.094335,0.221894,0.121339,1
0.0580569,0.175627,0.0851913,1
0.0217382,0.145374,0.0577395,1
0.160017,0.183428,0.0198436,1
0.0999647,0.141441,0.0707127,1
0.019371,0.208411,0.124432,1
0.187055,0.189895,0.0969283,1
0.0556597,0.210681,0.0181729,1
0.158124,0.142153,0.0912418,1
0.0154796,0.223045,0.0713818,1
0.210753,0.155963,0.0964779,1
0.139052,0.148546,0.0307716,1
0.0285647,0.190827,0.0425987,1
0.0687747,0.223493,0.0644862,1
0.00198288,0.17695,0.0149397,1
0.0865992,0.17202,0.0650349,1
0.0618803,0.190235,0.00246034,1
0.042357,0.173811,0.0564959,1
0.121629,0.191978,0.1165,1
0.0957011,0.183851,0.086338,1
0.133346,0.10898,0.0693808,2
0.0605838,0.023247,0.0328446,2
0.181684,0.0575566,0.0837023,2
0.109179,0.10523,0.0669819,2
0.18098,0.125502,0.077783,2
0.103873,0.0869105,0.0674451,2
0.117175,0.126491,0.0648268,2
0.0731621,0.0204124,0.096117,2
0.198894,0.0277774,0.00757047,2
0.1125,0.0260928,0.039909,2
0.0604874,0.0853155,0.068761,2
0.113664,0.0446188,0.00502905,2
0.123151,0.0475792,0.0456453,2
0.0062769,0.0913078,0.0627691,2
0.142529,0.130112,0.013604,2
0.0225744,0.0219736,0.0660948,2
0.0587705,0.0689254,0.0777096,2
0.157505,0.00978249,0.0868107,2
0.0731127,0.0158281,0.0031809,2
0.00582341,0.122005,0.0790974,2
0.031132,0.0548943,0.00486619,2
0.16479,0.0886712,0.0291835,2
0.00765883,0.116563,0.0166971,2
0.208771,0.0367408,0.0111346,2
0.116201,0.0478405,0.102684,2
0.0216088,0.0584324,0.00056883,2
0.0129984,0.0686449,0.055608,2
0.138825,0.117584,0.0455127,2
0.215162,0.101702,0.0640999,2
0.15105,0.0668335,0.118377,2
0.0823459,0.0299667,0.00270759,2
0.138476,0.122198,0.110723,2
0.164221,0.107644,0.0478801,2
0.176781,0.126044,0.0814074,2
0.0593537,0.0163831,0.0948381,2
0.09795,0.0682516,0.105502,2
0.127405,0.10838,0.069445,2
0.0699427,0.0465947,0.0986576,2
0.162054,0.116186,0.00876002,2
0.136708,0.0436137,0.0210685,2
0.204961,0.128808,0.0673339,2
0.203077,0.0218286,0.0782116,2
0.030871,0.0735565,0.0513302,2
0.115882,0.129253,0.0386355,2
0.153667,0.0883727,0.120869,2
0.100576,0.0495369,0.113916,2
0.178894,0.117054,0.0955414,2
0.22212,0.0760096,0.0595446,2
0.048975,0.0545281,0.0887805,2
0.104138,0.0743029,0.0291241,2
0.0274476,0.0883985,0.0454943,2
0.0520803,0.127307,0.0454488,2
0.0289059,0.0777137,0.010194,2
0.159692,0.100468,0.038043,2
0.142801,0.061621,0.116656,2
0.0455675,0.113163,0.0932876,2
0.113142,0.0950882,0.0403762,2
0.0270237,0.118017,0.00264889,2
0.112849,0.0774427,0.0962775,2
0.204171,0.0244086,0.0524203,2
0.0943697,0.0147177,0.00304625,2
0.0420958,0.0253343,0.0210081,2
0.0906544,0.12808,0.0218789,2
0.00267956,0.0357685,0.0891063,2
0.213651,0.00912221,0.0657407,2
0.194997,0.0826685,0.0131427,2
0.188752,0.0675317,0.0130054,2
0.194311,0.046252,0.110615,2
0.222539,0.00661328,0.0287608,2
0.198894,0.120586,0.0419021,2
0.220412,0.00453893,0.0272195,2
0.0138542,0.105818,0.0623333,2
0.143989,0.110871,0.110775,2
0.143088,0.0500639,0.00176498,2
0.0628034,0.0852665,0.122689,2
0.00613097,0.0601543,0.0106102,2
0.187301,0.0234419,0.0583523,2
0.00591188,0.128933,0.023807,2
0.173548,0.114663,0.070835,2
0.161769,0.109681,0.0502779,2
0.0551313,0.0271522,0.107734,2
0.220251,0.113986,0.0544577,2
0.195658,0.0792406,0.0634266,2
0.198413,0.0278283,0.0173202,2
0.159591,0.0441712,0.0441308,2
0.155809,0.129042,0.0696143,2
0.0538973,0.0370648,0.0309588,2
0.0422033,0.0155926,0.0429939,2
0.12185,0.0742325,0.115537,2
0.208634,0.128976,0.111116,2
0.10615,0.117106,0.0897914,2
0.0588294,0.106843,0.0177446,2
0.0832716,0.0368201,0.0111279,2
0.0866473,0.0985991,0.0608607,2
0.0209669,0.0107691,0.0565901,2
0.163331,0.00285556,0.0200345,2
0.154016,0.0893874,0.0878068,2
0.0858788,0.0730189,0.0250374,2
0.0598848,0.0895268,0.0710343,2
0.107923,0.0886339,0.00183486,2
0.0987941,0.119581,0.0762189,2
0.111992,0.128045,0.019031,2
0.179539,0.0230946,0.104532,2
0.093582,0.0346529,0.00358556,2
0.0684295,0.0324916,0.118897,2
0.0274766,0.106943,0.0947752,2
0.123064,0.0667461,0.0837606,2
0.0526751,0.00432985,0.0173123,2
0.16771,0.101418,0.023336,2
0.197586,0.0301595,0.0741657,2
0.142796,0.0223338,0.119637,2
0.0320882,0.00673912,0.0626447,2
0.0484934,0.111597,0.00149345,2
0.0816787,0.0475129,0.06017,2
0.0647506,0.00467413,0.00511312,2
0.0601928,0.0885682,0.0681165,2
0.178569,0.00497803,0.0252645,2
0.153815,0.105626,0.103712,2
0.0520106,0.0389594,0.105387,2
0.0341316,0.0964143,0.0562206,2
0.159523,0.121104,0.0972261,2
0.191426,0.128979,0.0763727,2
0.120139,0.124531,0.0519521,2
0.0167122,0.130245,0.0356216,2
0.100292,0.103641,0.224719,3
0.165876,0.0979812,0.203375,3
0.210288,0.0659072,0.133464,3
0.187781,0.0330551,0.141224,3
0.167349,0.0306362,0.142789,3
0.0885009,0.0208085,0.143041,3
0.135359,0.0677983,0.156533,3
0.0996577,0.0941433,0.138937,3
0.0317347,0.0945447,0.201658,3
0.152335,0.110065,0.138237,3
0.176516,0.0325925,0.143972,3
0.117175,0.0784741,0.212786,3
0.107372,0.0263264,0.159544,3
0.159932,0.10979,0.214505,3
0.0317913,0.119936,0.138201,3
0.186194,0.0191098,0.174109,3
0.0646578,0.0719109,0.161198,3
0.0493597,0.0761497,0.186497,3
0.109456,0.0966237,0.20298,3
0.194118,0.0793988,0.224029,3
0.162337,0.0195894,0.221037,3
0.0429022,0.0991169,0.195278,3
0.058465,0.0195251,0.196186,3
0.111718,0.0565926,0.16257,3
0.186142,0.0178527,0.16042,3
0.179453,0.0144546,0.15834,3
0.0523912,0.0429453,0.201817,3
0.0637084,0.0291721,0.223442,3
0.216799,0.010427,0.16689,3
0.149746,0.0888625,0.198983,3
0.181109,0.0146504,0.139386,3
0.00619152,0.124253,0.154485,3
0.182463,0.120541,0.162229,3
0.192444,0.111523,0.146394,3
0.135494,0.0720271,0.166668,3
0.148897,0.00708712,0.192301,3
0.0265299,0.0150639,0.207414,3
0.21971,0.0809374,0.181525,3
0.110954,0.0823179,0.183461,3
0.108362,0.107104,0.126622,3
0.113982,0.085775,0.165987,3
0.221969,0.0902565,0.210346,3
0.059614,0.0922496,0.200875,3
0.219221,0.0926903,0.210584,3
0.0101309,0.0227239,0.20604,3
0.0146524,0.103074,0.136786,3
0.188423,0.053138,0.198572,3
0.149316,0.0757411,0.171732,3
0.0514183,0.00207617,0.222628,3
0.0223384,0.0310428,0.12596,3
0.195742,0.117451,0.203755,3
0.148331,0.0752273,0.192906,3
0.103434,0.0916694,0.135083,3
0.133921,0.0216025,0.17409,3
0.132138,0.00379278,0.193269,3
0.0169471,0.00387684,0.129632,3
0.0365328,0.0536737,0.154831,3
0.0509092,0.0586841,0.143681,3
0.15184,0.0939214,0.183497,3
0.123756,0.121541,0.15238,3
0.188172,0.123685,0.15155,3
0.085202,0.0266963,0.205414,3
0.0562307,0.00560476,0.161079,3
0.00857169,0.0284532,0.193581,3
0.0481324,0.0172003,0.203569,3
0.0221172,0.0798773,0.177948,3
0.071017,0.00139185,0.13847,3
0.0639197,0.105113,0.144633,3
0.224965,0.124753,0.155559,3
0.125368,0.0593091,0.161543,3
0.137676,0.0484198,0.183777,3
0.118514,0.113592,0.188711,3
0.199708,0.125388,0.16305,3
0.0830679,0.0353794,0.12668,3
0.150917,0.027564,0.127064,3
0.0141061,0.100722,0.224261,3
0.112309,0.0428549,0.135077,3
0.0973343,0.0805526,0.14981,3
0.114713,0.0724885,0.167254,3
0.0613489,0.0586897,0.209818,3
0.146641,0.113077,0.139573,3
0.0257618,0.109093,0.218852,3
0.137298,0.0924884,0.153605,3
0.152242,0.101155,0.191793,3
0.148047,0.107263,0.183766,3
0.202873,0.0461458,0.170564,3
0.109025,0.114255,0.144481,3
0.212596,0.0442902,0.140193,3
0.044675,0.0291621,0.208806,3
0.019487,0.019768,0.194017,3
0.16613,0.10566,0.172395,3
0.103433,0.00224693,0.133355,3
0.0425518,0.0444729,0.166771,3
0.210788,0.0953781,0.215796,3
0.081371,0.0933793,0.220095,3
0.0353956,0.0995877,0.17632,3
0.0475885,0.0616908,0.147766,3
0.103683,0.00527365,0.168648,3
0.0179855,0.00530803,0.182777,3
0.0561043,0.00512785,0.172084,3
0.126015,0.101106,0.207181,3
0.0855048,0.0605386,0.200439,3
0.115878,0.0527597,0.126883,3
0.0805785,0.00985723,0.19806,3
0.0893227,0.0961618,0.148385,3
0.0149697,0.0412275,0.156254,3
0.0203857,0.102212,0.223732,3
0.111937,0.00391423,0.210718,3
0.00758119,0.0032263,0.167364,3
0.194722,0.05973,0.18316,3
0.116065,0.0160377,0.178314,3
0.102704,0.0558264,0.21337,3
0.110801,0.026524,0.194882,3
0.127623,0.00515559,0.207061,3
0.0231206,0.118328,0.152261,3
0.109372,0.0534572,0.219206,3
0.216012,0.0670184,0.134857,3
0.125152,0.00034198,0.216587,3
0.0718509,0.0823845,0.223491,3
0.132208,0.0354144,0.129625,3
0.110542,0.119727,0.221856,3
0.0356578,0.0204201,0.125661,3
0.220709,0.0678377,0.127787,3
0.114096,0.0693301,0.125815,3
0.183517,0.130035,0.128843,3
0.0875631,0.000857016,0.126,3
