x coord,y coord,z coord,rank
0.174603,0.0270974,0.0775696,0
0.219119,0.109195,0.0106344,0
0.154578,0.0460713,0.133091,0
0.202008,0.0590497,0.128595,0
0.180592,0.0936866,0.0462295,0
0.152472,0.101465,0.118737,0
0.190025,0.068656,0.163221,0
0.107453,0.0157341,0.0250446,0
0.145833,0.0113567,0.0569838,0
0.185949,0.0494199,0.162541,0
0.103827,0.0404841,0.168369,0
0.170175,0.0371181,0.0695144,0
0.14121,0.0171558,0.0550785,0
0.185168,0.0257163,0.191062,0
0.147322,0.0984325,0.118881,0
0.136968,0.075252,0.0374829,0
0.130051,0.0315618,0.0703863,0
0.121245,0.0433213,0.103763,0
0.123243,0.0138963,0.0302218,0
0.218935,0.102488,0.024809,0
0.134612,0.0408269,0.213423,0
0.15292,0.102978,0.124412,0
0.145695,0.0888679,0.205059,0
0.224014,0.0914623,0.204263,0
0.107695,0.0184413,0.187415,0
0.165559,0.0043761,0.199423,0
0.207479,0.00460571,0.0602912,0
0.139017,0.0172964,0.0229921,0
0.123597,0.10183,0.175787,0
0.129169,0.0990069,0.223991,0
0.174098,0.0803283,0.0669152,0
0.133401,0.0853005,0.0960291,0
0.186448,0.0100534,0.17479,0
0.194822,0.0192116,0.00858578,0
0.167234,0.0198363,0.0284852,0
0.149834,0.0160658,0.111528,0
0.220443,0.0161725,0.133126,0
0.207235,0.000378168,0.065907,0
0.204735,0.00472458,0.185847,0
0.1461,0.0613727,0.123141,0
0.183651,0.00313197,0.186023,0
0.149138,0.0927167,0.145176,0
0.11775,0.0862636,0.188795,0
0.162417,0.0814475,0.100785,0
0.122891,0.0338627,0.0116718,0
0.205184,0.0278693,0.0696002,0
0.182825,0.0635001,0.103382,0
0.116779,0.0543421,0.0635227,0
0.168348,0.00926373,0.138325,0
0.194418,0.0540579,0.217736,0
0.101218,0.0357774,0.0441379,0
0.160496,0.0487301,0.176179,0
0.123683,0.0394505,0.193959,0
0.215222,0.0304152,0.00792751,0
0.192773,0.028666,0.155075,0
0.176384,0.0913008,0.0816444,0
0.208296,0.0381343,0.158582,0
0.136623,0.0237806,0.000726243,0
0.210378,0.0262278,0.193454,0
0.141971,0.0139462,0.201017,0
0.183496,0.0303649,0.0368888,0
0.152935,0.0549394,0.023732,0
0.22006,0.093409,0.0812995,0
0.181901,0.0137594,0.193418,0
0.201372,0.00204677,0.090286,0
0.176362,0.0400977,0.101057,0
0.141118,0.0157211,0.199069,0
0.156713,0.0713264,0.0717774,0
0.113453,0.0590515,0.0133545,0
0.1535,0.0175779,0.0512179,0
0.145895,0.0911439,0.034516,0
0.134207,0.0972888,0.161828,0
0.193327,0.0286393,0.193952,0
0.102758,0.010608,0.0974555,0
0.207989,0.081482,0.0158652,0
0.144993,0.0100274,0.0543764,0
0.18174,0.0438807,0.200067,0
0.221033,0.046803,0.196707,0
0.150734,0.103858,0.119156,0
0.137469,0.0464539,0.0332687,0
0.119224,0.00543755,0.0783223,0
0.19845,0.0348873,0.0928913,0
0.17813,0.0159102,0.172041,0
0.214254,0.0115631,0.104564,0
0.220763,0.0143538,0.00636558,0
0.11513,0.00743472,0.014923,0
0.213613,0.0578092,0.0117166,0
0.218683,0.0257034,0.0115371,0
0.102222,0.0717143,0.203153,0
0.191727,0.0736412,0.0887262,0
0.165037,0.0481831,0.205902,0
0.190534,0.020646,0.00708309,0
0.112353,0.035953,0.13146,0
0.187702,0.0781272,0.0999641,0
0.12855,0.0285336,0.177506,0
0.173477,0.0506106,0.0899913,0
0.183455,0.0111756,0.203278,0
0.14949,0.0471811,0.185054,0
0.13375,0.00329597,0.0781117,0
0.128913,0.0667251,0.0457037,0
0.187874,0.105699,0.19805,0
0.172412,0.0956571,0.1411,0
0.217078,0.0659898,0.197775,0
0.126872,0.0752758,0.133425,0
0.197111,0.0990549,0.100703,0
0.126308,0.103435,0.179676,0
0.115842,0.0322691,0.0119608,0
0.216696,0.0212736,0.224822,0
0.139569,0.0298424,0.128242,0
0.190833,0.0749108,0.0988855,0
0.11103,0.0157651,0.0258171,0
0.191558,0.0884655,0.0602439,0
0.109469,0.0823566,0.0624638,0
0.164657,0.013992,0.0921426,0
0.171091,0.0347404,0.0721019,0
0.206511,0.0882476,0.179218,0
0.130421,0.0523098,0.118897,0
0.219422,0.0265708,0.0887015,0
0.214234,0.0258273,0.101955,0
0.128466,0.0524536,0.0421928,0
0.164827,0.074297,0.144551,0
0.11104,0.0828163,0.130265,0
0.133178,0.075052,0.0386798,0
0.099316,0.102757,0.0176407,0
0.0990782,0.0850961,0.205865,0
0.217389,0.177495,0.101474,1
0.0999028,0.137838,0.112735,1
0.099127,0.155909,0.0416743,1
0.203109,0.125492,0.0828034,1
0.106212,0.171584,0.163828,1
0.0993083,0.126822,0.109943,1
0.180871,0.136395,0.215472,1
0.106938,0.191108,0.0173597,1
0.217845,0.127045,0.0153019,1
0.103708,0.126579,0.109417,1
0.10269,0.149041,0.0211886,1
0.21275,0.141925,0.123793,1
0.151657,0.163005,0.186689,1
0.126207,0.182612,0.0573432,1
0.213679,0.175706,0.0812017,1
0.165418,0.152156,0.150292,1
0.141889,0.130584,0.113593,1
0.22126,0.135913,0.0805941,1
0.217662,0.203508,0.147912,1
0.154273,0.162181,0.0397545,1
0.135874,0.207144,0.108371,1
0.196198,0.208376,0.130117,1
0.103587,0.188626,0.0227516,1
0.201001,0.22127,0.201448,1
0.101021,0.171326,0.129976,1
0.131423,0.195876,0.0161139,1
0.139548,0.166068,0.0183975,1
0.189183,0.181799,0.0640579,1
0.181054,0.221319,0.0443679,1
0.154063,0.152691,0.209244,1
0.116433,0.153385,0.083747,1
0.11366,0.135696,0.190504,1
0.222583,0.13784,0.181239,1
0.142938,0.18533,0.0157224,1
0.165913,0.155577,0.0654651,1
0.115589,0.151617,0.0384381,1
0.188858,0.158962,0.0164247,1
0.158385,0.114261,0.0846052,1
0.223903,0.196376,0.164175,1
0.214844,0.196716,0.171384,1
0.115076,0.188628,0.0147997,1
0.190625,0.141341,0.106475,1
0.124711,0.198726,0.213078,1
0.206606,0.140412,0.189594,1
0.19384,0.132275,0.0333008,1
0.210977,0.19052,0.0484381,1
0.140849,0.138974,0.127653,1
0.125816,0.15877,0.162929,1
0.184451,0.121917,0.133053,1
0.179818,0.128726,0.0636609,1
0.201634,0.207024,0.0293921,1
0.185383,0.121607,0.177917,1
0.154468,0.177869,0.156251,1
0.201417,0.205858,0.0686949,1
0.145177,0.13172,0.154431,1
0.166199,0.175423,0.143775,1
0.133651,0.174607,0.149904,1
0.185903,0.155756,0.119069,1
0.161013,0.178912,0.0714078,1
0.174702,0.218134,0.120999,1
0.179001,0.139281,0.163752,1
0.179148,0.161972,0.0839636,1
0.211141,0.175734,0.0408713,1
0.143986,0.145043,0.18095,1
0.223425,0.21756,0.0581659,1
0.210576,0.130722,0.0795642,1
0.157999,0.209096,0.126954,1
0.114589,0.199791,0.0179722,1
0.125828,0.178776,0.116102,1
0.136781,0.194768,0.0408954,1
0.220555,0.169428,0.17465,1
0.139885,0.110856,0.0599889,1
0.217252,0.143682,0.184505,1
0.17559,0.220591,0.0920498,1
0.149803,0.178783,0.11646,1
0.200076,0.138476,0.0622524,1
0.11,0.194324,0.0209946,1
0.162151,0.112869,0.0667912,1
0.116699,0.171279,0.0862258,1
0.215509,0.187271,0.203217,1
0.104127,0.157052,0.182333,1
0.136214,0.19955,0.208492,1
0.217862,0.142046,0.224724,1
0.157317,0.153356,0.0820503,1
0.198628,0.195681,0.219971,1
0.141145,0.157649,0.172826,1
0.122278,0.187735,0.209277,1
0.170766,0.12369,0.00910444,1
0.146035,0.163172,0.117536,1
0.180846,0.163555,0.0399098,1
0.14433,0.162075,0.192339,1
0.188482,0.14154,0.14783,1
0.145126,0.179872,0.1537,1
0.218533,0.133754,0.0372033,1
0.136138,0.156019,0.121403,1
0.110202,0.202031,0.022998,1
0.104865,0.19183,0.165689,1
0.102478,0.128317,0.114405,1
0.0996037,0.202675,0.0479609,1
0.160131,0.177405,0.211368,1
0.0991088,0.177184,0.127175,1
0.134341,0.209826,0.0591063,1
0.104843,0.223255,0.0136822,1
0.143339,0.113548,0.141226,1
0.118763,0.192357,0.203749,1
0.189885,0.110656,0.13995,1
0.198255,0.172809,0.177612,1
0.219818,0.139626,0.189361,1
0.148039,0.133847,0.19616,1
0.137281,0.224799,0.181466,1
0.140533,0.123756,0.147715,1
0.184842,0.120545,0.170681,1
0.0997307,0.129592,0.110946,1
0.209374,0.129326,0.0582424,1
0.100213,0.126732,0.111,1
0.195419,0.112807,0.21979,1
0.122753,0.116541,0.191297,1
0.195519,0.120339,0.0612283,1
0.140703,0.11601,0.0334555,1
0.116555,0.113267,0.014467,1
0.112907,0.116263,0.0195715,1
0.133748,0.11584,0.20783,1
0.219179,0.111588,0.133398,1
0.101473,0.130811,0.105205,1
0.101007,0.122514,0.107479,1
0.100767,0.120884,0.107117,1
0.100383,0.121484,0.106122,1
0.10052,0.127823,0.105311,1
0.100648,0.130621,0.110284,1
0.0992676,0.124086,0.11281,1
0.0992591,0.154091,0.139681,1
0.0991673,0.129908,0.105919,1
0.0260544,0.0553703,0.113832,2
0.0590301,0.0897818,0.0340564,2
0.0599927,0.00669231,0.146918,2
0.0918807,0.120895,0.110067,2
0.0915015,0.122987,0.107528,2
0.0887662,0.0235419,0.213488,2
0.0972159,0.117905,0.108614,2
0.0844851,0.096376,0.112856,2
0.0936692,0.124673,0.110479,2
0.096803,0.119517,0.109394,2
0.0364626,0.0125136,0.0814036,2
0.0975656,0.123691,0.107315,2
0.0934645,0.119658,0.109558,2
0.078001,0.0516266,0.121736,2
0.0789005,0.0670667,0.202193,2
0.050914,0.0161725,0.0637078,2
0.0948383,0.11882,0.106585,2
0.0891967,0.123179,0.109961,2
0.0948914,0.0939396,0.0841148,2
0.0898437,0.0749801,0.1412,2
0.0605699,0.0121996,0.15317,2
0.0135818,0.0727723,0.197571,2
0.0917712,0.122969,0.109296,2
0.0577344,0.0740268,0.112258,2
0.0332989,0.117028,0.156117,2
0.0703909,0.110275,0.0762406,2
0.0966867,0.0748918,0.128374,2
0.0026331,0.0896381,0.0989229,2
0.0960052,0.118127,0.111572,2
0.0778309,0.105464,0.172344,2
0.0970816,0.119332,0.106047,2
0.0934769,0.123323,0.107331,2
0.0616101,0.104143,0.149943,2
0.025281,0.0913199,0.132035,2
0.0689806,0.0910849,0.128767,2
0.0990596,0.123687,0.112077,2
0.0761088,0.000322552,0.104811,2
0.0888279,0.0937197,0.0928373,2
0.0464283,0.0181277,0.0751215,2
0.0607756,0.0582918,0.0310374,2
0.00200376,0.0373314,0.0478181,2
0.0528643,0.11732,0.135678,2
0.0216936,0.0819278,0.0593103,2
0.0551976,0.0165835,0.117196,2
0.0409172,0.0286714,0.0775082,2
0.0745276,0.0380326,0.169573,2
0.0286271,0.00897345,0.181533,2
0.0837077,0.0697773,0.0952543,2
0.0147326,0.0616315,0.12753,2
0.0270088,0.0290005,0.0404584,2
0.0141772,0.0605905,0.13327,2
0.0632576,0.0107611,0.0198284,2
0.0692589,0.0841863,0.0408271,2
0.0747182,0.0439067,0.0668821,2
0.0897047,0.0182904,0.215145,2
0.0967769,0.122649,0.105775,2
0.064778,0.116249,0.190381,2
0.0618412,0.0133091,0.205768,2
0.098821,0.0750331,0.143412,2
0.0118968,0.0679047,0.162179,2
0.0856974,0.0677244,0.00257159,2
0.0323316,0.056973,0.139322,2
0.0982179,0.115525,0.113996,2
0.0499737,0.0650081,0.144711,2
0.0820639,0.0658503,0.0361673,2
0.0698273,0.113208,0.0848066,2
0.0888536,0.115793,0.0381446,2
0.0902705,0.0720346,0.153119,2
0.00306119,0.118387,0.113099,2
0.0420473,0.0443158,0.0194457,2
0.0252028,0.0296747,0.0412431,2
0.00396461,0.0563086,0.0323576,2
0.0470535,0.0706319,0.13352,2
0.0414036,0.00637248,0.0160737,2
0.0943493,0.0822759,0.210208,2
0.0708223,0.0199751,0.0836039,2
0.0816559,0.0837751,0.182163,2
0.0515839,0.0451947,0.00460323,2
0.0212774,0.0251084,0.0463498,2
0.0834357,0.0842065,0.0899948,2
0.000424029,0.0413278,0.175034,2
0.0545244,0.0561351,0.0759071,2
0.0959962,0.0601869,0.0800583,2
0.0970525,0.12334,0.105832,2
0.0950647,0.0859391,0.207812,2
0.0657601,0.0341008,0.200534,2
0.0385462,0.0404099,0.0764099,2
0.0111341,0.111038,0.0712479,2
0.0420203,0.0789933,0.0981075,2
0.0742918,0.0879353,0.0549377,2
0.0200931,0.00425703,0.0476455,2
0.051163,0.0776381,0.101035,2
0.0706343,0.0810615,0.137725,2
0.0742589,0.0885557,0.123434,2
0.00380819,0.0966716,0.0134122,2
0.00336571,0.0807217,0.0502235,2
0.0670779,0.113561,0.0699704,2
0.0346139,0.0963296,0.023418,2
0.0286811,0.0110768,0.0902391,2
0.0896938,0.0574283,0.145501,2
0.0858574,0.0441138,0.00803978,2
0.0331086,0.0115131,0.0763611,2
0.0612442,0.0772199,0.211491,2
0.0725697,0.0897877,0.127461,2
0.0669562,0.0947612,0.156182,2
0.0680198,0.0395783,0.199376,2
0.0926283,0.00330642,0.124645,2
0.0907946,0.0277756,0.20702,2
0.0218018,0.0874966,0.0299475,2
0.0172009,0.0624266,0.022284,2
0.0531844,0.0673788,0.140192,2
0.00820695,0.00453414,0.0485703,2
0.0947552,0.00655744,0.0024347,2
0.0701336,0.0816317,0.0516079,2
0.00976328,0.0957137,0.19911,2
0.0360346,0.110762,0.0670042,2
0.00276929,0.0972901,0.158623,2
0.0283623,0.123351,0.0423692,2
0.091352,0.126702,0.105781,3
0.0287882,0.161545,0.217217,3
0.0255546,0.221951,0.192016,3
0.0918676,0.130541,0.110223,3
0.0846603,0.168507,0.165445,3
0.0968713,0.129265,0.102621,3
0.0801929,0.158791,0.0954452,3
0.0419707,0.203816,0.167155,3
0.023551,0.183516,0.131961,3
0.0923167,0.131219,0.110307,3
0.0234579,0.16492,0.17888,3
0.0954367,0.125111,0.109382,3
0.0771786,0.182302,0.0959732,3
0.0723958,0.215737,0.167779,3
0.0917754,0.127321,0.110292,3
0.093874,0.130114,0.109048,3
0.0957547,0.181588,0.161956,3
0.0877967,0.127476,0.110772,3
0.0193271,0.179832,0.222206,3
0.0813702,0.192942,0.196433,3
0.0530367,0.181522,0.0733857,3
0.0932329,0.146468,0.021061,3
0.0890969,0.127689,0.107297,3
0.00980323,0.143936,0.168817,3
0.0739119,0.195347,0.167766,3
0.013402,0.134647,0.100322,3
0.0559811,0.142319,0.0300355,3
0.0231678,0.214966,0.0817695,3
0.0891976,0.127047,0.106815,3
0.0376276,0.201487,0.0774857,3
0.0976092,0.13024,0.112761,3
0.0359206,0.171095,0.0202341,3
0.0901545,0.126174,0.10366,3
0.0960692,0.12598,0.108665,3
0.0971994,0.130746,0.102637,3
0.0953511,0.124824,0.108564,3
0.0941451,0.130228,0.109922,3
0.0662114,0.21451,0.0298943,3
0.0779351,0.135368,0.00479101,3
0.0797877,0.174896,0.0587648,3
0.0404174,0.16696,0.10337,3
0.0582408,0.214413,0.0700875,3
0.0977612,0.132097,0.111852,3
0.0957434,0.12479,0.106488,3
0.0652591,0.142802,0.0272078,3
0.00252498,0.166691,0.030313,3
0.0922553,0.129566,0.112605,3
0.0932424,0.130438,0.114447,3
0.0940952,0.12482,0.105756,3
0.038218,0.209661,0.113158,3
0.0927415,0.126526,0.103887,3
0.0945393,0.131374,0.105509,3
0.0827013,0.21568,0.13045,3
0.0725169,0.176336,0.171285,3
0.0938762,0.130267,0.104598,3
0.0591439,0.155461,0.0614993,3
0.0292374,0.172499,0.077291,3
0.0450087,0.182718,0.118784,3
0.0914512,0.194432,0.0060752,3
0.0894739,0.208418,0.164424,3
0.0580605,0.216506,0.0179297,3
0.0937858,0.12785,0.108899,3
0.0635664,0.221443,0.0317542,3
0.00472734,0.202766,0.21662,3
0.0494106,0.194038,0.0747545,3
0.0963724,0.128631,0.104592,3
0.0968674,0.130947,0.110371,3
0.00406538,0.153674,0.0483177,3
0.0296642,0.197892,0.207297,3
0.0703108,0.202903,0.175354,3
0.0527762,0.187121,0.0652174,3
0.0251518,0.200272,0.123961,3
0.0650415,0.217432,0.107225,3
0.0893037,0.168977,0.13557,3
0.0966225,0.125212,0.111084,3
0.012066,0.142392,0.0697089,3
0.00528129,0.157545,0.0298869,3
0.0827416,0.134657,0.0285671,3
0.0342101,0.165724,0.078968,3
0.0182935,0.141706,0.0727357,3
0.0302953,0.204902,0.211352,3
0.0779551,0.136397,0.210187,3
0.0898839,0.133913,0.163251,3
0.0945691,0.12596,0.115733,3
0.094749,0.129151,0.112011,3
0.0692392,0.183811,0.21643,3
0.011102,0.15828,0.201618,3
0.0379758,0.206919,0.213679,3
0.0238086,0.19468,0.112886,3
0.00814846,0.223952,0.103059,3
0.0977518,0.129599,0.111168,3
0.00388247,0.223735,0.0116495,3
0.013341,0.168248,0.0294892,3
0.0927255,0.149089,0.189299,3
0.0944982,0.130985,0.109844,3
0.0131774,0.142948,0.1753,3
0.0476954,0.185785,0.0698066,3
0.0953741,0.127641,0.108514,3
0.0481046,0.140813,0.176519,3
0.0958375,0.125382,0.10575,3
0.0558897,0.202702,0.0601128,3
0.0802702,0.173605,0.0670759,3
0.0841358,0.179314,0.0683082,3
0.0642446,0.1811,0.157723,3
0.0148554,0.132683,0.0412746,3
0.0568902,0.12742,0.0858591,3
0.0614561,0.149246,0.0342024,3
0.045408,0.217114,0.0124122,3
0.0899489,0.126641,0.106617,3
0.0951727,0.165126,0.0696033,3
0.0701618,0.155299,0.0977568,3
0.00820791,0.169008,0.095797,3
0.030958,0.211938,0.017246,3
0.0779003,0.208893,0.221356,3
0.0926929,0.129031,0.10389,3
0.0617134,0.223473,0.0344949,3
0.056785,0.181226,0.0692581,3
0.0533136,0.135255,0.0903722,3
0.0943479,0.131556,0.107665,3
0.0912646,0.131655,0.109147,3
0.0941866,0.133123,0.103229,3
0.0169989,0.156213,0.0776587,3
0.0956214,0.182971,0.0246065,3
0.0899737,0.12589,0.112179,3
0.0971823,0.12472,0.109325,3
