x coord,y coord,z coord,rank
0.121222,0.0927127,0.0537708,0
0.0545645,0.0411341,0.0777151,0
0.0818725,0.0808628,0.00991613,0
0.199187,0.0735341,0.0524966,0
0.208714,0.0646675,0.0185174,0
0.177946,0.104004,0.0701308,0
0.114268,0.0928507,0.00439408,0
0.135054,0.0185849,0.00421601,0
0.141451,0.110731,0.0705942,0
0.0540967,0.0267488,0.113818,0
0.0895625,0.0783946,0.0581261,0
0.106913,0.0892606,0.0277228,0
0.104443,0.061692,0.123817,0
0.0822901,0.0646352,0.00576218,0
0.202986,0.000911822,0.0335247,0
0.117474,0.0887126,0.0117133,0
0.0477326,0.0592122,0.0892943,0
0.188881,0.0176366,0.0399913,0
0.04547,0.0468888,0.0373279,0
0.0515975,0.0461035,0.108914,0
0.00330863,0.0419439,0.101081,0
0.06218,0.0859567,0.0111532,0
0.145661,0.062083,0.000763681,0
0.164796,0.0224767,0.0489894,0
0.0913541,0.00241876,0.0277968,0
0.0793853,0.0610511,0.0949102,0
0.130065,0.107611,0.0450091,0
0.209134,0.100112,0.0131852,0
0.0174109,0.0532371,0.102722,0
0.208289,0.011941,0.0822439,0
0.224145,0.0605117,0.0590657,0
0.0789049,0.00680215,0.0282771,0
0.00686463,0.00575356,0.0568553,0
0.0986248,0.086635,0.056297,0
0.202267,0.0604328,0.0539065,0
0.14848,0.0230945,0.0816116,0
0.0284411,0.0615686,0.0511584,0
0.0800774,0.101961,0.0351631,0
0.11666,0.0349828,0.0328209,0
0.0369151,0.103405,0.0116257,0
0.00834715,0.0301214,6.92928e-05,0
0.0613588,0.0298529,0.107684,0
0.201957,0.0142431,0.0600283,0
0.0347113,0.0794982,0.000758444,0
0.0117567,0.0253851,0.0453485,0
0.15745,0.0253224,0.109582,0
0.214666,0.0631224,0.0555859,0
0.15581,0.0178549,0.137439,0
0.0274349,0.000703756,0.0995633,0
0.149056,0.00338472,0.0488217,0
0.088661,0.102594,0.113719,0
0.0656753,0.00727285,0.0607094,0
0.10755,0.0786981,0.00903921,0
0.0564795,0.0616007,0.0242114,0
0.0854349,0.0313897,0.127521,0
0.125926,0.0313781,0.0494843,0
0.117452,0.0615267,0.112212,0
0.0477979,0.0641647,0.0888379,0
0.165403,0.0298777,0.0186998,0
0.203949,0.0338637,0.0709394,0
0.0469223,0.0306453,0.0756272,0
0.0115017,0.0510071,0.0572719,0
0.148786,0.0746034,0.0798941,0
0.0345309,0.045185,0.0166557,0
0.12548,0.074912,0.034771,0
0.0798557,0.0347382,0.0519423,0
0.196541,0.0801325,0.0983143,0
0.097673,0.0892173,0.0185558,0
0.0154466,0.0518643,0.0566419,0
0.220501,0.030952,0.080306,0
0.00321777,0.100997,0.0493706,0
0.0391971,0.0568923,0.000434947,0
0.0367557,0.0704437,0.0469352,0
0.0179216,0.02188,0.114611,0
0.202532,0.0772716,0.0242523,0
0.0371796,0.0784176,0.105142,0
0.213714,0.102001,0.0553336,0
0.223691,0.0681951,0.0659978,0
0.098222,0.0580614,0.137084,0
0.0803754,0.00137907,0.11107,0
0.141106,0.00552926,0.0525958,0
0.0609433,0.00947271,0.0786179,0
0.0378479,0.0641776,0.0828758,0
0.163053,0.0246032,0.0145095,0
0.113493,0.0554687,0.0500156,0
0.12225,0.043537,0.119394,0
0.0422051,0.00658475,0.0426068,0
0.113582,0.0880621,0.000354938,0
0.0859853,0.0305583,0.0901183,0
0.0880176,0.104379,0.105692,0
0.0703605,0.037298,0.0570692,0
0.00265736,0.0415802,0.0928779,0
0.165676,0.0626943,0.0137169,0
0.18563,0.051296,0.0465746,0
0.127908,0.0320127,0.121085,0
0.141671,0.0408427,0.0798535,0
0.116311,0.0632092,0.137826,0
0.160475,0.00809483,0.00155628,0
0.217754,0.102266,0.0398458,0
0.221562,0.0929656,0.0280818,0
0.210352,0.0820509,0.119714,0
0.16811,0.0641565,0.05499,0
0.18958,0.0707104,0.0422699,0
0.178684,0.0215433,0.0121898,0
0.188309,0.0564518,0.0289112,0
0.146851,0.0377441,0.107929,0
0.212619,0.0963274,0.0877724,0
0.114283,0.00328979,0.077025,0
0.13834,0.0736516,0.0193114,0
0.154187,0.0854405,0.00794065,0
0.0262619,0.10137,0.00801372,0
0.12912,0.0636644,0.124439,0
0.152895,0.107406,0.0970982,0
0.180725,0.0505359,0.10223,0
0.138335,0.0965661,0.0854352,0
0.154174,0.0918283,0.115734,0
0.184494,0.0443718,0.101021,0
0.143245,0.0844061,0.117998,0
0.183233,0.0471514,0.115473,0
0.137803,0.030626,0.0983901,0
0.148,0.105382,0.120867,0
0.162442,0.0926483,0.0732163,0
0.0335844,0.105935,0.13906,0
0.188542,0.106104,0.0129151,0
0.116522,0.110138,0.104601,0
0.106483,0.110163,0.0792656,0
0.0814961,0.173631,0.171306,1
0.136728,0.114776,0.197244,1
0.0419564,0.216801,0.152491,1
0.00364752,0.147912,0.210004,1
0.106514,0.165656,0.179141,1
0.0870881,0.189525,0.140897,1
0.129357,0.18334,0.131978,1
0.0794318,0.172293,0.138316,1
0.0148704,0.136028,0.193939,1
0.0475814,0.163669,0.171393,1
0.115172,0.153792,0.16638,1
0.0233442,0.19505,0.1749,1
0.0897779,0.182813,0.115488,1
0.0496582,0.220378,0.170021,1
0.0882115,0.143449,0.21446,1
0.0477028,0.168504,0.154466,1
0.0583882,0.214987,0.197359,1
0.0740465,0.137379,0.13145,1
0.0957444,0.158056,0.160672,1
0.135621,0.147425,0.162289,1
0.132477,0.186921,0.174555,1
0.107748,0.158905,0.210342,1
0.033048,0.115778,0.158757,1
0.0394521,0.153129,0.209184,1
0.0854111,0.17612,0.22022,1
0.1217,0.148772,0.142383,1
0.0351431,0.114915,0.168774,1
0.212215,0.12234,0.163969,1
0.113782,0.114556,0.207087,1
0.0220326,0.199239,0.154532,1
0.206428,0.120074,0.141506,1
0.109842,0.214784,0.143651,1
0.100022,0.17472,0.166375,1
0.170465,0.127928,0.221627,1
0.0926453,0.130028,0.173771,1
0.169946,0.159658,0.196705,1
0.183254,0.199557,0.145591,1
0.129452,0.156763,0.134388,1
0.168778,0.224299,0.168217,1
0.0881145,0.213649,0.197494,1
0.117761,0.114899,0.208794,1
0.205222,0.146083,0.21547,1
0.216132,0.158662,0.214908,1
0.0777405,0.181866,0.188271,1
0.106715,0.144551,0.169692,1
0.108744,0.15653,0.187049,1
0.0349779,0.133681,0.157343,1
0.21835,0.188734,0.134402,1
0.21016,0.185276,0.196646,1
0.041571,0.221696,0.179937,1
0.0120349,0.181294,0.217556,1
0.0884577,0.158921,0.20115,1
0.185198,0.199225,0.202749,1
0.112548,0.172524,0.195862,1
0.0652023,0.19717,0.163435,1
0.210426,0.174298,0.18878,1
0.0775186,0.152169,0.16232,1
0.210684,0.150218,0.14368,1
0.157365,0.121689,0.14169,1
0.130682,0.203648,0.15681,1
0.00213838,0.191039,0.207831,1
0.058114,0.212048,0.193211,1
0.00362381,0.113095,0.216822,1
0.162969,0.137361,0.160208,1
0.00101913,0.170902,0.144165,1
0.212902,0.191626,0.152681,1
0.00261808,0.13706,0.113004,1
0.211255,0.150349,0.137188,1
0.00145553,0.19647,0.181577,1
0.0854146,0.116402,0.154272,1
0.0250984,0.14432,0.19565,1
0.10655,0.125146,0.109281,1
0.0264808,0.152449,0.115091,1
0.191743,0.182081,0.137899,1
0.194079,0.162523,0.16838,1
0.0630752,0.143892,0.182037,1
0.014885,0.179222,0.215126,1
0.129125,0.169021,0.214346,1
0.0745475,0.136291,0.212655,1
0.0106905,0.203,0.142686,1
0.130523,0.222903,0.118797,1
0.118409,0.166098,0.125749,1
0.13934,0.124517,0.10754,1
0.190644,0.201547,0.196255,1
0.0369201,0.20927,0.116203,1
0.222369,0.140476,0.207471,1
0.223806,0.223186,0.12809,1
0.220363,0.2166,0.149087,1
0.187621,0.116163,0.191207,1
0.127832,0.2249,0.134327,1
0.0815525,0.211394,0.117175,1
0.172756,0.149039,0.15681,1
0.153591,0.126139,0.114858,1
0.0951318,0.164997,0.104568,1
0.186136,0.194007,0.20778,1
0.0517133,0.140475,0.155838,1
0.122163,0.166027,0.123753,1
0.0322198,0.156002,0.130014,1
0.00534969,0.198312,0.122494,1
0.0806237,0.169151,0.118773,1
0.173582,0.191024,0.142726,1
0.172983,0.169724,0.114354,1
0.192438,0.185351,0.113772,1
0.0559282,0.146066,0.12282,1
0.18341,0.125231,0.104786,1
0.196485,0.169941,0.207173,1
0.180498,0.194764,0.160259,1
0.0346332,0.150627,0.12718,1
0.15784,0.20555,0.163224,1
0.186541,0.133722,0.125152,1
0.047267,0.152647,0.116252,1
0.0419801,0.209936,0.110373,1
0.00992561,0.132783,0.135393,1
0.119441,0.121137,0.123527,1
0.183441,0.153513,0.148933,1
0.0311204,0.165457,0.155686,1
0.181845,0.221738,0.131609,1
0.143083,0.159077,0.213725,1
0.112886,0.196201,0.203198,1
0.020417,0.126764,0.142102,1
0.154886,0.190094,0.190099,1
0.0890062,0.141434,0.146339,1
0.207126,0.116279,0.121693,1
0.0896686,0.206797,0.117551,1
0.153382,0.132995,0.104882,1
0.0430506,0.121712,0.173363,1
0.0478471,0.0918965,0.215428,2
0.0530707,0.0220827,0.172419,2
0.0450934,0.08787,0.216047,2
0.0832037,0.0232088,0.192867,2
0.06598,0.09042,0.149274,2
0.179404,0.0910954,0.176395,2
0.119056,0.0053049,0.201776,2
0.0409603,0.0900782,0.216014,2
0.0644346,0.104354,0.213913,2
0.0824603,0.0704676,0.157066,2
0.157226,0.0917025,0.171587,2
0.0954788,0.101235,0.157454,2
0.0447973,0.030434,0.177889,2
0.0621372,0.0650975,0.157456,2
0.0564506,0.0159073,0.202835,2
0.0451337,0.0926463,0.210217,2
0.0414616,0.0903443,0.217988,2
0.222645,0.0693426,0.177503,2
0.0469884,0.0905378,0.215268,2
0.136919,0.0451631,0.214445,2
0.0430703,0.0917827,0.210084,2
0.0968037,0.0373825,0.145916,2
0.210815,0.0668154,0.201754,2
0.0502765,0.0520278,0.18924,2
0.180033,0.105833,0.215775,2
0.018511,0.032774,0.169368,2
0.159622,0.0447106,0.155392,2
0.140512,0.0774318,0.189052,2
0.0796574,0.0404956,0.141622,2
0.0998116,0.0666501,0.15502,2
0.0353529,0.043644,0.162972,2
0.177403,0.0230057,0.214368,2
0.0408842,0.0916502,0.213428,2
0.147392,0.0761333,0.146916,2
0.0794175,0.0390394,0.159309,2
0.120686,0.00401924,0.176918,2
0.199424,0.106333,0.172743,2
0.0427987,0.0895221,0.211587,2
0.0557714,0.0875667,0.219963,2
0.0779918,0.0537786,0.212635,2
0.0417305,0.0887885,0.216641,2
0.0245898,0.0560012,0.214777,2
0.137344,0.0715195,0.207889,2
0.0481445,0.0923544,0.215039,2
0.0459926,0.0917822,0.211534,2
0.0525228,0.0250919,0.216068,2
0.133775,0.107029,0.15164,2
0.045557,0.0902806,0.214447,2
0.106035,0.00256619,0.188215,2
0.102551,0.040322,0.195517,2
0.0439779,0.0926091,0.2162,2
0.15133,0.0344728,0.194851,2
0.106753,0.0898457,0.157915,2
0.154207,0.0717595,0.222916,2
0.0431048,0.0883107,0.220053,2
0.178095,0.00368393,0.19493,2
0.1384,0.0464006,0.178365,2
0.167079,0.0822953,0.204804,2
0.0111888,0.0295347,0.145027,2
0.136019,0.0719297,0.195589,2
0.0519952,0.011306,0.199343,2
0.129863,0.0600205,0.200655,2
0.0448582,0.0930344,0.215048,2
0.179761,0.019986,0.195372,2
0.121849,0.0443571,0.167882,2
0.195927,0.0535398,0.208774,2
0.209745,0.0876194,0.165334,2
0.209695,0.0615285,0.211907,2
0.161423,0.0645226,0.14908,2
0.214497,0.0968603,0.220944,2
0.0459264,0.091202,0.210985,2
0.130794,0.0214682,0.211023,2
0.219548,0.0535455,0.193499,2
0.1418,0.0479505,0.190108,2
0.0457372,0.088782,0.214627,2
0.0633461,0.0148332,0.144604,2
0.0039576,0.0519076,0.143769,2
0.0888812,0.00934085,0.167532,2
0.156002,0.0561339,0.14922,2
0.0480735,0.094724,0.216728,2
0.161918,0.0157641,0.222566,2
0.181799,0.0481291,0.164101,2
0.0818575,0.0543164,0.207079,2
0.0470583,0.0876701,0.215314,2
0.0483036,0.0879161,0.217292,2
0.0464532,0.0861988,0.21798,2
0.0226566,0.0507961,0.14661,2
0.0415769,0.0955715,0.213263,2
0.0411832,0.0895577,0.213014,2
0.0473485,0.0900582,0.213217,2
0.0962314,0.0614135,0.206424,2
0.0448013,0.0893593,0.208107,2
0.0832606,0.0579134,0.207623,2
0.0442019,0.0904066,0.215153,2
0.045462,0.0923899,0.217267,2
0.042823,0.0916613,0.217247,2
0.046375,0.0988755,0.212298,2
0.0507551,0.016585,0.176972,2
0.0391433,0.100625,0.211552,2
0.0432433,0.0944558,0.217511,2
0.121976,0.0452336,0.14499,2
0.133439,0.0710996,0.17413,2
0.0455307,0.0898993,0.215597,2
0.0640911,0.00373231,0.184505,2
0.170124,0.0394617,0.150443,2
0.206836,0.0928542,0.205018,2
0.0490315,0.0937288,0.216307,2
0.0552133,0.0168196,0.182662,2
0.0430054,0.0837788,0.214479,2
0.0940618,0.0871172,0.212404,2
0.115304,0.10501,0.183681,2
0.0437113,0.0551819,0.183889,2
0.0480344,0.0879707,0.21126,2
0.179272,0.0155178,0.175364,2
0.120116,0.0300779,0.217757,2
0.0488915,0.0928913,0.209527,2
0.0459418,0.0900095,0.210999,2
0.0410434,0.0932951,0.212413,2
0.0406358,0.0907478,0.215592,2
0.0646125,0.0564112,0.202828,2
0.0451258,0.087737,0.213249,2
0.0446714,0.0905008,0.218287,2
0.0472654,0.0907584,0.214042,2
0.0553167,0.11054,0.158016,2
0.139424,0.0296272,0.14183,2
0.0268746,0.110351,0.17066,2
0.0652689,0.112654,0.0168872,3
0.146815,0.11101,0.0404394,3
0.132187,0.118426,0.0915154,3
0.175099,0.143678,0.0940157,3
0.177917,0.119597,0.0487471,3
0.106397,0.207314,0.0942179,3
0.116771,0.18096,0.0163989,3
0.217992,0.206315,0.0725429,3
0.185895,0.20655,0.101611,3
0.224775,0.123034,0.0574944,3
0.135118,0.224963,0.0199485,3
0.110899,0.198515,0.0335214,3
0.124735,0.111951,0.0902859,3
0.182591,0.138103,0.0294216,3
0.210833,0.153173,0.0881959,3
0.216713,0.114082,0.0642161,3
0.186402,0.12654,0.0878783,3
0.163439,0.124531,0.0452809,3
0.164495,0.130679,0.0253398,3
0.176895,0.2171,0.0984839,3
0.0361903,0.128351,0.0829349,3
0.0600884,0.153586,0.0259016,3
0.166891,0.173581,0.0403333,3
0.19809,0.122878,0.0173331,3
0.0769083,0.213701,0.0343275,3
0.112701,0.178086,0.0527196,3
0.138703,0.184343,0.0350105,3
0.125882,0.192308,0.0764909,3
0.00616756,0.147687,0.0200042,3
0.145702,0.20546,0.0463289,3
0.127739,0.175442,0.0447822,3
0.214432,0.18334,0.00448516,3
0.124353,0.145592,0.0673833,3
0.0482874,0.129271,0.0281665,3
0.0725532,0.130383,0.0408015,3
0.176294,0.196413,0.0752095,3
0.138928,0.133099,0.0323348,3
0.0864001,0.123599,0.0933737,3
0.171189,0.153256,0.00578319,3
0.215684,0.15747,0.0928098,3
0.0667753,0.145443,0.0580339,3
0.141909,0.139395,0.027791,3
0.168398,0.173582,0.0198362,3
0.136688,0.163575,0.0442842,3
0.218923,0.171655,0.0594029,3
0.209603,0.116971,0.0355493,3
0.184917,0.194995,0.0230846,3
0.188436,0.143129,0.0388175,3
0.14546,0.15718,0.0129382,3
0.0593155,0.223702,0.0813778,3
0.0980545,0.218907,0.0340277,3
0.153467,0.202993,0.0294338,3
0.152044,0.163774,0.0609304,3
0.0782616,0.177594,0.00368915,3
0.0192193,0.123321,0.0388644,3
0.2108,0.156211,0.0263325,3
0.143344,0.156127,0.01012,3
0.144811,0.223257,0.0843491,3
0.199657,0.210317,0.0398575,3
0.174096,0.132288,0.0609512,3
0.00372061,0.219525,0.0954496,3
0.0946826,0.133012,0.072522,3
0.0593986,0.184585,0.0014747,3
0.0825606,0.16939,0.0162254,3
0.0536172,0.169783,0.0067615,3
0.184799,0.121443,0.0661647,3
0.196515,0.203365,0.0648238,3
0.127927,0.17342,0.0466075,3
0.180042,0.118822,0.0346484,3
0.0396611,0.222297,0.0999653,3
0.136853,0.162729,0.0383594,3
0.0172042,0.128206,0.0485841,3
0.0394687,0.129477,0.0905899,3
0.131408,0.121099,0.0520469,3
0.0766538,0.114936,0.00150243,3
0.158766,0.129153,0.0912832,3
0.0535875,0.148862,0.0618651,3
0.00452286,0.203419,0.0816754,3
0.0421019,0.146006,0.0713067,3
0.0791044,0.216436,0.0355038,3
0.0485327,0.149237,0.0393151,3
0.22215,0.188699,0.0710705,3
0.21301,0.122181,0.0149829,3
0.175891,0.133698,0.00729784,3
0.0572234,0.134738,0.0720825,3
0.0809252,0.189282,0.0239321,3
0.00663086,0.170924,0.0792033,3
0.031079,0.202108,0.0115241,3
0.0980813,0.168224,0.0111297,3
0.134406,0.126651,0.0611035,3
0.144209,0.151961,0.0494704,3
0.0132652,0.137904,0.0222249,3
0.085995,0.141857,0.0638099,3
0.040341,0.175066,0.0736034,3
0.159218,0.150733,0.0442359,3
0.205067,0.143067,0.0753546,3
0.0964847,0.148413,0.0697597,3
0.0926236,0.140242,0.0050432,3
0.0402221,0.172007,0.10354,3
0.164918,0.136119,0.0572696,3
0.15402,0.209709,0.00381002,3
0.067493,0.14454,0.0866716,3
0.106975,0.202535,0.0268415,3
0.134306,0.142573,0.0873543,3
0.183882,0.159839,0.038376,3
0.00219667,0.21511,0.0478347,3
0.00304291,0.132006,0.0689414,3
0.104868,0.191674,0.0687469,3
0.218207,0.193887,0.0683528,3
0.00902855,0.202326,0.0557093,3
0.052696,0.132435,0.0972927,3
0.114273,0.122861,0.0348106,3
0.179569,0.113651,0.0746912,3
0.0310882,0.159427,0.00229505,3
0.156213,0.220394,0.0260334,3
0.181691,0.171532,0.00849551,3
0.201525,0.204668,0.0505129,3
0.0239223,0.122706,0.0848309,3
0.0316796,0.132911,0.0148993,3
0.0753835,0.125297,0.0399563,3
0.0741328,0.215768,0.0474497,3
0.175476,0.1112,0.0386692,3
