x coord,y coord,z coord,rank
0.153758,0.115408,0.0852799,0
0.205741,0.0269701,0.18344,0
0.110002,0.00107436,0.161459,0
0.158351,0.0934679,0.186882,0
0.189749,0.0654505,0.215263,0
0.193044,0.0467733,0.0965043,0
0.200652,0.0940471,0.129963,0
0.121639,0.100232,0.130765,0
0.110411,0.00949768,0.178297,0
0.203938,0.0870339,0.215274,0
0.129702,0.0731865,0.20931,0
0.158619,0.0231637,0.149088,0
0.205106,0.12805,0.0208067,0
0.183749,0.00757064,0.116555,0
0.193634,0.0633556,0.0822902,0
0.105543,0.0842599,0.159205,0
0.206323,0.0183796,0.134872,0
0.139574,0.0183196,0.0894102,0
0.131853,0.0629949,0.165853,0
0.208648,0.0391514,0.224353,0
0.147118,0.0864899,0.155107,0
0.150447,0.106814,0.195532,0
0.108102,0.0785782,0.027072,0
0.187348,0.0910805,0.133958,0
0.152507,0.0686487,0.13652,0
0.142238,0.124556,0.15758,0
0.167834,0.0886182,0.171659,0
0.15205,0.111727,0.19513,0
0.179113,0.115404,0.0274121,0
0.14557,0.0983924,0.0658655,0
0.11551,0.0297352,0.146491,0
0.107597,0.0671999,0.209192,0
0.137158,0.0136918,0.0914336,0
0.147701,0.127188,0.00569767,0
0.109532,0.0294177,0.0770747,0
0.110821,0.128573,0.128917,0
0.160295,0.116623,0.13806,0
0.196781,0.102451,0.177596,0
0.150972,0.0691372,0.130119,0
0.127803,0.0386264,0.121858,0
0.144844,0.014187,0.0624371,0
0.14179,0.0290843,0.160531,0
0.114455,0.0664914,0.00899756,0
0.107816,0.131778,0.0193819,0
0.142464,0.00215854,0.183581,0
0.194176,0.0284641,0.207253,0
0.188164,0.0994983,0.0502177,0
0.178482,0.0516584,0.104256,0
0.181885,0.0363988,0.215871,0
0.116783,0.0230787,0.0242215,0
0.124197,0.110073,0.0614059,0
0.124028,0.0723912,0.0948533,0
0.166618,0.0530341,0.170024,0
0.168345,0.0673192,0.0728468,0
0.143621,0.0452789,0.197717,0
0.171043,0.0735836,0.00203413,0
0.158109,0.0460963,0.0991433,0
0.118605,0.0447574,0.130744,0
0.111549,0.068697,0.145441,0
0.219232,0.0820287,0.218619,0
0.186559,0.0415293,0.111337,0
0.111622,0.0796181,0.140977,0
0.126856,0.0532006,0.0745959,0
0.153039,0.0951393,0.193204,0
0.164447,0.0970004,0.112386,0
0.193037,0.0851672,0.0778222,0
0.137818,0.0717949,0.102821,0
0.172134,0.0134297,0.208922,0
0.183375,0.0836744,0.0421152,0
0.217665,0.09202,0.101751,0
0.125087,0.0650479,0.0605104,0
0.221303,0.0171452,0.181069,0
0.127513,0.0362657,0.169291,0
0.153587,0.000115859,0.0456663,0
0.163096,0.0259622,0.0480099,0
0.186084,0.121781,0.0306502,0
0.155567,0.0729608,0.134545,0
0.211613,0.049725,0.0905499,0
0.13925,0.0706454,0.089252,0
0.172835,0.0883157,0.00276023,0
0.20382,0.0569839,0.0386554,0
0.217598,0.0341176,0.180436,0
0.111736,0.0992064,0.138222,0
0.130288,0.0798103,0.124213,0
0.141713,0.0865465,0.218442,0
0.110096,0.0907246,0.178584,0
0.155976,0.0599121,0.0498606,0
0.16001,0.08913,0.191725,0
0.136393,0.117029,0.0898151,0
0.172099,0.0766364,0.178026,0
0.151444,0.0650116,0.101052,0
0.150598,0.0990723,0.0773326,0
0.117559,0.0644496,0.214865,0
0.206752,0.0115061,0.0098801,0
0.19285,0.0389348,0.00471203,0
0.205665,0.045827,0.0791109,0
0.141348,0.124447,0.118944,0
0.109231,0.126465,0.216641,0
0.141898,0.119733,0.103613,0
0.201015,0.0330548,0.0248276,0
0.195468,0.110745,0.0804555,0
0.207301,0.00963666,0.0721185,0
0.17434,0.0115449,0.129075,0
0.224925,0.0643989,0.117799,0
0.161461,0.0401935,0.202492,0
0.152733,0.0488695,0.0894223,0
0.124929,0.114117,0.21792,0
0.188368,0.113126,0.175351,0
0.194281,0.118123,0.160524,0
0.156858,0.0640468,0.0804326,0
0.142669,0.0947867,0.0227477,0
0.106389,0.10438,0.10434,0
0.218003,0.0593713,0.213807,0
0.131847,0.13029,0.206584,0
0.144972,0.0371106,0.00626465,0
0.203326,0.108583,0.113246,0
0.182379,0.0977498,0.0918134,0
0.156863,0.0623801,0.0339812,0
0.17342,0.108348,0.116509,0
0.123259,0.121003,0.146201,0
0.165864,0.128355,0.0447839,0
0.124889,0.115819,0.159314,0
0.128371,0.0661321,0.0582876,0
0.107874,0.0498284,0.128822,0
0.181573,0.121919,0.127108,0
0.167096,0.125649,0.0165278,0
0.109592,0.00557033,0.209898,0
0.100075,0.180767,0.101351,1
0.140641,0.132146,0.0790792,1
0.216437,0.195188,0.0512451,1
0.0949235,0.209698,0.0157782,1
0.118949,0.162817,0.042591,1
0.110863,0.217544,0.0816803,1
0.0883569,0.197552,0.0907601,1
0.104065,0.202152,0.0867002,1
0.20456,0.162028,0.0537973,1
0.165569,0.223881,0.0540553,1
0.151949,0.186007,0.0741499,1
0.0941661,0.173915,0.0863611,1
0.196516,0.137969,0.173674,1
0.0898625,0.13832,0.0137873,1
0.181947,0.180785,0.107919,1
0.211874,0.165006,0.0424137,1
0.0822288,0.133469,0.0366155,1
0.188741,0.221028,0.0478078,1
0.173725,0.150862,0.0769577,1
0.178176,0.158908,0.0378813,1
0.188599,0.224905,0.114106,1
0.164791,0.145321,0.0347904,1
0.120087,0.184657,0.0878988,1
0.125441,0.191757,0.0978849,1
0.120138,0.150661,0.0871435,1
0.165881,0.198649,0.0891991,1
0.0799381,0.132222,0.182588,1
0.12722,0.224472,0.00489509,1
0.112741,0.216549,0.0392148,1
0.219591,0.172014,0.00916877,1
0.21892,0.190549,0.113713,1
0.19354,0.175032,0.128953,1
0.171336,0.218958,0.161549,1
0.167755,0.214155,0.219265,1
0.105173,0.20836,0.0343505,1
0.165233,0.199018,0.0803589,1
0.213034,0.152423,0.201242,1
0.165754,0.178403,0.0289031,1
0.127617,0.209438,0.0469336,1
0.131713,0.132664,0.0567574,1
0.146831,0.160433,0.218936,1
0.120511,0.165896,0.164143,1
0.131839,0.147579,0.184073,1
0.0976285,0.150954,0.115766,1
0.162026,0.144736,0.186952,1
0.221597,0.22454,0.201157,1
0.133276,0.167422,0.172159,1
0.215442,0.194023,0.0430804,1
0.208507,0.182087,0.181649,1
0.111012,0.156347,0.186136,1
0.217404,0.212471,0.123405,1
0.211519,0.21259,0.116119,1
0.224928,0.164671,0.164277,1
0.204364,0.181643,0.182806,1
0.0892805,0.186153,0.103706,1
0.183609,0.199833,0.134512,1
0.213432,0.186339,0.00796541,1
0.127902,0.133643,0.179398,1
0.2043,0.199686,0.171362,1
0.131061,0.220894,0.0552159,1
0.133879,0.156775,0.222031,1
0.18102,0.179004,0.0147934,1
0.184883,0.189562,0.00294488,1
0.153803,0.219031,0.149742,1
0.10579,0.173189,0.0572692,1
0.178868,0.177819,0.00614201,1
0.144241,0.193586,0.0480018,1
0.137823,0.151951,0.0517947,1
0.216263,0.190538,0.183726,1
0.128928,0.223315,0.194809,1
0.165699,0.177459,0.19842,1
0.156729,0.169813,0.0167875,1
0.106312,0.157911,0.0143953,1
0.164295,0.14977,0.200821,1
0.135738,0.152599,0.14725,1
0.10243,0.22073,0.0664718,1
0.126092,0.194971,0.131331,1
0.150632,0.202812,0.00416485,1
0.222062,0.174509,0.0233041,1
0.180452,0.145198,0.18288,1
0.133955,0.158972,0.036856,1
0.140284,0.132084,0.0558503,1
0.148792,0.137358,0.00478661,1
0.0879933,0.177363,0.151229,1
0.168385,0.150736,0.020942,1
0.164289,0.136258,0.207635,1
0.170593,0.181223,0.20999,1
0.183093,0.206438,0.136599,1
0.167969,0.14894,0.0560732,1
0.22243,0.149338,0.194081,1
0.109516,0.171976,0.20047,1
0.214574,0.214502,0.146547,1
0.216614,0.224635,0.122299,1
0.159104,0.162842,0.167086,1
0.186137,0.147339,0.126227,1
0.194397,0.138708,0.0341422,1
0.207637,0.214493,0.117271,1
0.18668,0.135586,0.026019,1
0.157752,0.192689,0.0332295,1
0.159995,0.146466,0.0517858,1
0.150219,0.190097,0.189749,1
0.110108,0.179598,0.0694203,1
0.175591,0.156493,0.0236028,1
0.190323,0.208829,0.166249,1
0.147052,0.167333,0.143602,1
0.166091,0.165852,0.190446,1
0.210531,0.189836,0.131773,1
0.0956366,0.151179,0.0706085,1
0.160903,0.224823,0.115702,1
0.165097,0.207596,0.19165,1
0.197802,0.211617,0.192805,1
0.0913468,0.224242,0.121463,1
0.0795012,0.185113,0.159834,1
0.0825179,0.154929,0.0176886,1
0.0887683,0.224866,0.0708722,1
0.0899014,0.208347,0.178941,1
0.154365,0.139906,0.134117,1
0.121864,0.214852,0.18377,1
0.100089,0.221676,0.187644,1
0.135352,0.19381,0.13207,1
0.122468,0.163337,0.12833,1
0.0777916,0.144854,0.170714,1
0.141632,0.134332,0.117004,1
0.0786203,0.183847,0.0336352,1
0.0702732,0.101329,0.0948197,2
0.0208262,0.0167824,0.0274875,2
0.0118776,0.0586263,0.0385221,2
0.0161377,0.080679,0.0788056,2
0.00935898,0.0435979,0.0515766,2
0.028032,0.0680364,0.0756961,2
0.0253916,0.0104445,0.0133775,2
0.0683346,0.0887357,0.0335371,2
0.0333837,0.0387625,0.0132477,2
0.0331141,0.127493,0.0935361,2
0.0119957,0.0455793,0.0319401,2
0.0577705,0.0943401,0.0197586,2
0.00490215,0.0824856,0.0541852,2
0.00886089,0.10972,0.145352,2
0.000505399,0.0528779,0.0697364,2
0.0121158,0.0586633,0.0200569,2
0.0929804,0.100706,0.21201,2
0.0554588,0.0982936,0.025351,2
0.102238,0.115801,0.187425,2
0.0386763,0.0246319,0.0366376,2
0.104458,0.0238016,0.191308,2
0.0897851,0.0124918,0.204795,2
0.0100168,0.0180086,0.137395,2
0.0735598,0.0512715,0.150639,2
0.0444057,0.0232859,0.175987,2
0.0324074,0.0498873,0.0531362,2
0.0893775,0.00603714,0.155723,2
0.0839275,0.131335,0.0516357,2
0.0727142,0.00471605,0.141707,2
0.0475944,0.00167478,0.149984,2
0.0323138,0.119751,0.017858,2
0.0965475,0.058952,0.191165,2
0.0901171,0.0245131,0.0572424,2
0.0348106,0.118835,0.0690817,2
0.0693846,0.0791906,0.0396004,2
0.0760327,0.0730739,0.146985,2
0.0135903,0.0459207,0.219415,2
0.0338772,0.0847796,0.215337,2
0.0242974,0.0114916,0.150418,2
0.0761367,0.120579,0.19995,2
0.0932243,0.107705,0.212485,2
0.0705498,0.0990094,0.122764,2
0.0107919,0.109992,0.0397339,2
0.00484746,0.072645,0.203765,2
0.0865572,0.00188509,0.0275449,2
0.0705609,0.0417942,0.204783,2
0.0550523,0.0455539,0.0484348,2
0.0167951,0.0935392,0.188498,2
0.0511914,0.00868488,0.0672275,2
0.0990131,0.110192,0.103682,2
0.101107,0.0943927,0.150091,2
0.0073315,0.127801,0.199305,2
0.0455476,0.067378,0.0340558,2
0.03622,0.104314,0.174155,2
0.0124908,0.108558,0.0778838,2
0.0257027,0.0722675,0.0111733,2
0.00620828,0.0256908,0.14153,2
0.00363221,0.0930066,0.15559,2
0.0415021,0.0606161,0.164224,2
0.0068324,0.0154447,0.163843,2
0.0541679,0.0205957,0.134411,2
0.0122143,0.00511651,0.0570957,2
0.0334257,0.0667206,0.0468545,2
0.00587464,0.00657753,0.0630679,2
0.0438991,0.0574525,0.0535847,2
0.0674022,0.0411394,0.0572219,2
0.0323337,0.0332468,0.0744541,2
0.0583898,0.0378667,0.051797,2
0.0873729,0.0273821,0.0580756,2
0.0714873,0.0907775,0.0461958,2
0.0392552,0.0131583,0.14619,2
0.0795735,0.0691469,0.0152311,2
0.0403577,0.119719,0.17276,2
0.0657189,0.100728,0.0781334,2
0.0475789,0.10267,0.0643448,2
0.0011025,0.0576989,0.122846,2
0.0745531,0.0789591,0.20339,2
0.10083,0.0226949,0.0794116,2
0.00804811,0.0347771,0.169548,2
0.104878,0.124852,0.0171439,2
0.0417806,0.00973865,0.147903,2
0.0432905,0.0377786,0.14485,2
0.0957622,0.0221141,0.150841,2
0.0412766,0.065115,0.112777,2
0.00555372,0.101218,0.140261,2
0.00885845,0.10823,0.167818,2
0.0632613,0.00371099,0.153293,2
0.0146006,0.0482921,0.132506,2
0.0334987,0.0918613,0.146024,2
0.0566882,0.0795604,0.137397,2
0.0879589,0.081134,0.104484,2
0.0164727,0.0510769,0.161178,2
0.0205314,0.0611283,0.180249,2
0.00815043,0.0873243,0.101721,2
0.0567089,0.0598548,0.189857,2
0.0669578,0.0785671,0.138899,2
0.0094098,0.0298916,0.16813,2
0.104774,0.0568783,0.0433065,2
0.0894312,0.0791394,0.189955,2
0.0343817,0.0734594,0.138832,2
0.0953911,0.0786064,0.0218816,2
0.0406512,0.0627446,0.164479,2
0.091851,0.114484,0.0487196,2
0.0903519,0.111721,0.177001,2
0.00654488,0.0528627,0.111152,2
0.0258242,0.0403523,0.218877,2
0.0544271,0.101214,0.195728,2
0.104696,0.0720458,0.0744846,2
0.0846602,0.0781979,0.105831,2
0.0691586,0.0442922,0.0526944,2
0.0556662,0.00829784,0.0875539,2
0.0301554,0.0353651,0.107273,2
0.0881594,0.0369607,0.107532,2
0.000440234,0.118698,0.0976335,2
0.00558963,0.056921,0.135943,2
0.00310782,0.0646896,0.124458,2
0.0760908,0.130183,0.122145,2
0.0267995,0.116091,0.112357,2
0.0169422,0.105452,0.0900368,2
0.0217521,0.0250132,0.084448,2
0.0552936,0.0180991,0.0928521,2
0.00497855,0.0159212,0.19521,2
0.0290916,0.173646,0.0140357,3
0.010214,0.20453,0.0729895,3
0.0382257,0.175491,0.0384901,3
0.075496,0.195846,0.00957727,3
0.00993396,0.203378,0.0745503,3
0.0102126,0.206851,0.0745522,3
0.023947,0.179617,0.0246545,3
0.0180638,0.222921,0.01604,3
0.00972761,0.206378,0.0777051,3
0.0714362,0.134327,0.0658505,3
0.0106376,0.203252,0.0757558,3
0.0550648,0.158103,0.0229002,3
0.014833,0.200954,0.0784275,3
0.0113006,0.182055,0.199574,3
0.0110377,0.200206,0.0796124,3
0.0478171,0.14488,0.0124534,3
0.0300711,0.189542,0.142219,3
0.0689607,0.171861,0.0381285,3
0.0516313,0.224957,0.0699574,3
0.0555213,0.216733,0.109663,3
0.0107396,0.201595,0.0817981,3
0.0573262,0.211452,0.222025,3
0.0249511,0.192962,0.0371127,3
0.0683067,0.171479,0.167376,3
0.0156361,0.207079,0.0845475,3
0.00445067,0.190909,0.141402,3
0.0074506,0.204578,0.08235,3
0.0586054,0.206492,0.0601681,3
0.0401231,0.170821,0.196168,3
0.045473,0.139906,0.0415079,3
0.0116326,0.198189,0.0838087,3
0.0091736,0.210346,0.0803007,3
0.0666645,0.193915,0.205614,3
0.01703,0.143019,0.178964,3
0.0242987,0.161554,0.0234961,3
0.00544661,0.203648,0.0768923,3
0.00977909,0.201626,0.0776359,3
0.00902631,0.187998,0.222608,3
0.00937624,0.204238,0.075298,3
0.00696222,0.201659,0.080569,3
0.000370217,0.196878,0.0706368,3
0.0505994,0.222091,0.216552,3
0.00806611,0.205341,0.079932,3
0.00988302,0.202314,0.0825281,3
0.0425421,0.184944,0.0504061,3
0.0424371,0.159667,0.128402,3
0.0382326,0.197909,0.109966,3
0.0143258,0.20729,0.0807113,3
0.0276113,0.215882,0.15814,3
0.0101779,0.201541,0.077139,3
0.00309259,0.205064,0.177585,3
0.00996824,0.205055,0.0817385,3
0.0086671,0.204167,0.081293,3
9.7654e-05,0.150293,0.0192994,3
0.0351858,0.151511,0.109959,3
0.0599422,0.217588,0.0702084,3
0.0133826,0.206168,0.0804292,3
0.0101623,0.218976,0.211411,3
0.0654692,0.216268,0.0935966,3
0.00301984,0.211427,0.042807,3
0.0465023,0.181013,0.109772,3
0.00959665,0.205471,0.0776565,3
0.0574196,0.183065,0.186357,3
0.00729154,0.206366,0.0815221,3
0.0132082,0.20828,0.0788291,3
0.0436161,0.157472,0.120907,3
0.050669,0.181467,0.0597343,3
0.0289585,0.181569,0.190798,3
0.00611529,0.191296,0.20877,3
0.0367972,0.176933,0.0464421,3
0.00607322,0.200692,0.0788398,3
0.00347822,0.199189,0.126342,3
0.0123935,0.203131,0.0797839,3
0.00824237,0.202695,0.0829203,3
0.0391834,0.167779,0.0947862,3
0.027625,0.202203,0.210232,3
0.0104329,0.144601,0.0384303,3
0.009644,0.207658,0.0829189,3
0.0586705,0.205087,0.0195483,3
0.0159843,0.194695,0.128651,3
0.0746399,0.15951,0.0297288,3
0.00411266,0.224226,0.0864749,3
0.0272284,0.150831,0.0121274,3
0.0724137,0.14923,0.14995,3
0.0122488,0.189848,0.158796,3
0.0475123,0.182009,0.20276,3
0.00897527,0.198421,0.0793491,3
0.00828843,0.201564,0.0753442,3
0.0143872,0.207392,0.0803483,3
0.073177,0.14504,0.150248,3
0.0485936,0.217024,0.183206,3
0.0206613,0.166247,0.137079,3
0.00827226,0.154116,0.0306626,3
0.0140543,0.204433,0.0816886,3
0.0362735,0.133289,0.111744,3
0.0150628,0.202764,0.0760671,3
0.0594803,0.144215,0.111778,3
0.0646492,0.207362,0.0611438,3
0.00995663,0.205057,0.0745241,3
0.00770446,0.208117,0.0786802,3
0.00843681,0.150851,0.211903,3
0.0213755,0.167098,0.0113946,3
0.0101901,0.20207,0.0828079,3
0.0105102,0.202559,0.0779272,3
0.0108182,0.205533,0.0785201,3
0.010789,0.13222,0.0742211,3
0.0429098,0.176486,0.0418616,3
0.00601199,0.224264,0.043946,3
0.0376939,0.151279,0.0804153,3
0.0400717,0.201488,0.0560123,3
0.0344563,0.208775,0.0710611,3
0.0460142,0.15726,0.00964304,3
0.0119708,0.203451,0.0746467,3
0.0293883,0.210175,0.0736822,3
0.0310144,0.194303,0.0953899,3
0.009442,0.207734,0.0810569,3
0.0466998,0.210046,0.111837,3
0.00741116,0.201855,0.0769258,3
0.00767252,0.203809,0.0769481,3
0.00518321,0.199309,0.0762516,3
0.0123544,0.198878,0.074464,3
0.0655874,0.190468,0.211016,3
0.0488051,0.164242,0.0705673,3
0.00854817,0.203202,0.0759621,3
0.0529835,0.133873,0.00954015,3
0.0697249,0.140063,0.199031,3
0.0149693,0.133325,0.0941951,3
