x coord,y coord,z coord,rank
0.0970989,0.0724344,0.129927,0
0.0564648,0.128034,0.208555,0
0.0651056,0.0933743,0.178799,0
0.079224,0.099026,0.214694,0
0.0388436,0.201363,0.221505,0
0.0617396,0.194648,0.176227,0
0.113162,0.187472,0.120796,0
0.106323,0.128536,0.201884,0
0.095439,0.123595,0.147144,0
0.106157,0.0167042,0.160231,0
0.0655084,0.0224503,0.184529,0
0.0241384,0.211775,0.224918,0
0.0735882,0.193245,0.183787,0
0.0255339,0.138995,0.212177,0
0.0511561,0.114688,0.189949,0
0.0839736,0.123785,0.196426,0
0.0880068,0.15973,0.193725,0
0.0799137,0.0144844,0.141309,0
0.0344398,0.0374574,0.148424,0
0.0300478,0.0964492,0.194772,0
0.0933045,0.147357,0.140077,0
0.0183175,0.177184,0.19822,0
0.0410248,0.112799,0.207557,0
0.0441331,0.156181,0.202698,0
0.0863783,0.212043,0.133073,0
0.0910819,0.083054,0.221067,0
0.069801,0.0299737,0.211884,0
0.0193703,0.127481,0.151468,0
0.0527852,0.103581,0.160167,0
0.00655368,0.199349,0.208257,0
0.0853237,0.00827447,0.134839,0
0.0819861,0.0823436,0.179025,0
0.101878,0.0639047,0.145714,0
0.11316,0.198582,0.152649,0
0.00150108,0.0245498,0.128299,0
0.0304683,0.128028,0.221829,0
0.0462083,0.0350093,0.217795,0
0.0420048,0.106899,0.128228,0
0.0125542,0.127735,0.22109,0
0.0547096,0.0535446,0.220925,0
0.0352507,0.0261535,0.217111,0
0.0996669,0.00532807,0.168132,0
0.0206443,0.1819,0.208313,0
0.0674616,0.142454,0.171632,0
0.0464636,0.211836,0.169575,0
0.0148766,0.0228969,0.127963,0
0.0566543,0.0719172,0.220568,0
0.0953775,0.160554,0.19854,0
0.0501494,0.0416746,0.132488,0
0.10977,0.0218359,0.157505,0
0.0786089,0.167765,0.197215,0
0.050063,0.00879294,0.117743,0
0.0675307,0.0632462,0.144891,0
0.0240648,0.104845,0.143272,0
0.0227801,0.0452724,0.159854,0
0.0661143,0.0396519,0.161387,0
0.102085,0.223886,0.113379,0
0.0256628,0.0558535,0.11832,0
0.031509,0.0365498,0.134979,0
0.0357946,0.0699136,0.182015,0
0.0133355,0.166006,0.185128,0
0.0479762,0.0273526,0.150341,0
0.106515,0.183616,0.212817,0
0.01074,0.00941009,0.18216,0
0.0358481,0.0555453,0.204959,0
0.00674573,0.153856,0.194784,0
0.0471636,0.164421,0.12374,0
0.052631,0.0971821,0.191166,0
0.00266005,0.18238,0.16803,0
0.0640449,0.210089,0.152787,0
0.0743549,0.0105097,0.133045,0
0.00924137,0.177623,0.177922,0
0.0113335,0.135354,0.118699,0
0.0748751,0.0459141,0.200688,0
0.0863311,0.0239154,0.128497,0
0.088755,0.196873,0.177169,0
0.101283,0.0892579,0.171547,0
0.0212338,0.155309,0.141502,0
0.0256669,0.139869,0.223648,0
0.0875879,0.107328,0.210344,0
0.0965666,0.0700175,0.223461,0
0.0847838,0.116261,0.117324,0
0.106067,0.077912,0.193108,0
0.0482229,0.00810736,0.11415,0
0.0238056,0.155377,0.116572,0
0.0350709,0.0157656,0.186745,0
0.00726127,0.00667984,0.115362,0
0.0810584,0.19659,0.131942,0
0.0529104,0.0239525,0.151035,0
0.00400805,0.052945,0.144769,0
0.109996,0.0769596,0.17903,0
0.00497417,0.158585,0.197319,0
0.110375,0.206767,0.219222,0
0.0563397,0.216453,0.168215,0
0.054523,0.192036,0.159794,0
0.107294,0.138586,0.139984,0
0.101434,0.105313,0.147206,0
0.0990806,0.116267,0.192434,0
0.0844325,0.214273,0.199054,0
0.096391,0.19778,0.19517,0
0.0920571,0.0699806,0.182592,0
0.0410542,0.197533,0.204607,0
0.0328194,0.150309,0.112488,0
0.0977042,0.173348,0.13599,0
0.0855343,0.187089,0.177615,0
0.0557794,0.204893,0.190712,0
0.0854905,0.110288,0.143023,0
0.0753263,0.022858,0.190135,0
0.0003146,0.0424347,0.191128,0
0.0158066,0.206657,0.206197,0
0.0883965,0.161348,0.204879,0
0.059097,0.0656747,0.193963,0
0.0376904,0.0396214,0.214524,0
0.0280758,0.12878,0.170722,0
0.0407377,0.0262213,0.111206,0
0.0557967,0.0376598,0.120864,0
0.094341,0.154937,0.197262,0
0.0808086,0.115927,0.11129,0
0.0338493,0.172346,0.213636,0
0.0521766,0.222191,0.195855,0
0.0397204,0.0741732,0.202855,0
0.0143182,0.00630525,0.180085,0
0.0122338,0.176988,0.171893,0
0.019763,0.0623827,0.121774,0
0.0937999,0.00884565,0.106593,0
0.107206,0.177413,0.14227,0
0.1637,0.12331,0.203905,1
0.22365,0.0525606,0.167223,1
0.182519,0.0799421,0.116817,1
0.202968,0.142493,0.187671,1
0.1887,0.205152,0.177822,1
0.18301,0.0316933,0.131661,1
0.208581,0.0756574,0.17527,1
0.175919,0.0747711,0.220255,1
0.141401,0.138017,0.190731,1
0.131534,0.0998375,0.162691,1
0.118727,0.223998,0.204409,1
0.180963,0.0321834,0.215318,1
0.130289,0.186192,0.169138,1
0.118584,0.00671872,0.154161,1
0.186391,0.0784018,0.135105,1
0.151567,0.136229,0.153881,1
0.143052,0.0268605,0.199419,1
0.191526,0.07639,0.172047,1
0.125959,0.0175897,0.110791,1
0.13308,0.0614749,0.111389,1
0.14233,0.00442157,0.176535,1
0.205971,0.122003,0.208318,1
0.181844,0.170126,0.167224,1
0.178181,0.172444,0.161251,1
0.144805,0.163451,0.162897,1
0.221264,0.209634,0.151081,1
0.122561,0.206541,0.166294,1
0.171147,0.10092,0.180591,1
0.133469,0.0451381,0.177061,1
0.205651,0.0136994,0.121961,1
0.116532,0.0310816,0.132029,1
0.199115,0.146602,0.123464,1
0.207514,0.154026,0.128618,1
0.118755,0.195394,0.213612,1
0.215332,0.0758978,0.110346,1
0.161766,0.161962,0.176988,1
0.156671,0.00266156,0.196797,1
0.115647,0.200173,0.210545,1
0.142709,0.109618,0.157643,1
0.202943,0.143685,0.131533,1
0.196077,0.211181,0.216938,1
0.172407,0.207652,0.185984,1
0.134508,0.181251,0.212551,1
0.166125,0.185738,0.136426,1
0.176739,0.183334,0.152394,1
0.198201,0.18564,0.121026,1
0.15331,0.00123934,0.111644,1
0.119489,0.148845,0.215836,1
0.13941,0.0239929,0.199419,1
0.198815,0.0391334,0.202245,1
0.223587,0.0215404,0.213126,1
0.153806,0.0414789,0.181792,1
0.194064,0.093085,0.224398,1
0.190941,0.0831453,0.182495,1
0.217566,0.0330937,0.186236,1
0.140014,0.0841007,0.140766,1
0.212399,0.157209,0.137492,1
0.14385,0.0608592,0.128654,1
0.20682,0.126454,0.137614,1
0.224505,0.138145,0.216219,1
0.192585,0.196102,0.195578,1
0.185486,0.0525333,0.19807,1
0.188827,0.0727962,0.194177,1
0.181148,0.0771144,0.210882,1
0.179644,0.218901,0.174745,1
0.16346,0.107687,0.192608,1
0.12026,0.0969474,0.147076,1
0.126102,0.00508372,0.207204,1
0.204209,0.210689,0.127394,1
0.154912,0.211222,0.214213,1
0.151152,0.202914,0.165341,1
0.118632,0.183867,0.177915,1
0.211391,0.0252566,0.186683,1
0.137731,0.159341,0.18477,1
0.133295,0.0776143,0.219944,1
0.138811,0.115373,0.222564,1
0.19213,0.0619374,0.210137,1
0.200699,0.18168,0.198206,1
0.202918,0.131248,0.165019,1
0.128876,0.0942404,0.159739,1
0.123143,0.103084,0.205334,1
0.215759,0.0742186,0.116696,1
0.139441,0.0437815,0.210323,1
0.224311,0.000891483,0.139767,1
0.191232,0.0801774,0.177974,1
0.168941,0.121929,0.162085,1
0.13316,0.126069,0.151528,1
0.121813,0.0996063,0.203832,1
0.133648,0.0475432,0.147285,1
0.199129,0.108285,0.183234,1
0.137778,0.133642,0.19042,1
0.126393,0.0827393,0.219647,1
0.222242,0.201637,0.180844,1
0.157537,0.135661,0.107782,1
0.12879,0.139479,0.189831,1
0.179508,0.0685546,0.197911,1
0.185695,0.0758508,0.128843,1
0.148701,0.167621,0.138643,1
0.201656,0.123186,0.13437,1
0.133228,0.0465587,0.176558,1
0.136103,0.202213,0.165495,1
0.224117,0.125997,0.129768,1
0.182175,0.0682495,0.134596,1
0.199987,0.0473795,0.173506,1
0.149319,0.102448,0.154093,1
0.223987,0.205574,0.123714,1
0.131492,0.0289698,0.222989,1
0.200102,0.166716,0.16973,1
0.169091,0.188158,0.112431,1
0.182703,0.077529,0.110614,1
0.12364,0.0358843,0.148877,1
0.189212,0.0521091,0.125863,1
0.148869,0.163499,0.183186,1
0.114708,0.145578,0.213235,1
0.16771,0.141585,0.161219,1
0.192204,0.192,0.160211,1
0.163111,0.174772,0.201144,1
0.158192,0.196943,0.14661,1
0.163776,0.177223,0.116742,1
0.155996,0.218353,0.1868,1
0.143001,0.0916164,0.117756,1
0.222005,0.176903,0.179755,1
0.141227,0.111823,0.177762,1
0.138549,0.130602,0.139194,1
0.169458,0.0713382,0.107432,1
0.0540847,0.0441729,0.00273214,2
0.0153142,0.0728788,0.0526941,2
0.0455948,0.221497,0.0271378,2
0.0323472,0.0412645,0.00950221,2
0.0490799,0.223642,0.0952645,2
0.00278172,0.0219427,0.0997243,2
0.026574,0.221353,0.080823,2
0.0434735,0.0619251,0.0565072,2
0.0543171,0.0724404,0.0736591,2
0.060438,0.163693,0.0895067,2
0.0319288,0.179253,0.0149414,2
0.0341265,0.182525,0.00931157,2
0.0305147,0.178492,0.00816532,2
0.00693463,0.188906,0.055522,2
0.0312203,0.177157,0.0130429,2
0.0317966,0.179625,0.0123484,2
0.00166586,0.110911,0.0925185,2
0.0276241,0.182417,0.0111381,2
0.057756,0.220879,0.0807342,2
0.0278921,0.17822,0.00787812,2
0.0649236,0.190313,0.00638268,2
0.0309227,0.180591,0.0079528,2
0.029488,0.176816,0.0061484,2
0.0178283,0.130731,0.078989,2
0.0448396,0.160614,0.0528874,2
0.0342489,0.179783,0.00745774,2
0.0552492,0.198586,0.0237721,2
0.0279665,0.182936,0.00448603,2
0.0328421,0.185109,0.00827437,2
0.0490152,0.0509771,0.0476521,2
0.0245605,0.179089,0.005802,2
0.0288435,0.182388,0.00549813,2
0.0333815,0.18288,0.00919801,2
0.012437,0.154398,0.0811033,2
0.0136988,0.0154765,0.00978271,2
0.0267927,0.183061,0.00852844,2
0.0303471,0.176546,0.0134946,2
0.0312372,0.179829,0.00959205,2
0.0332148,0.1752,0.00586004,2
0.0774545,0.0489116,0.042279,2
0.0358938,0.17958,0.0134076,2
0.0319061,0.176077,0.0100246,2
0.0399584,0.177442,0.100619,2
0.0261165,0.181286,0.00566104,2
0.031536,0.183594,0.0146614,2
0.00981476,0.0516148,0.0595732,2
0.0178435,0.077331,0.0746442,2
0.0382584,0.0433191,0.0967372,2
0.0600089,0.0711597,0.097719,2
0.0158169,0.0546647,0.0797728,2
0.00486146,0.0835992,0.0932267,2
0.0201094,0.112242,0.0165593,2
0.0459067,0.217341,0.0868101,2
0.0808936,0.054523,0.0553969,2
0.00927436,0.137603,0.0713187,2
0.0368093,0.179871,0.00552908,2
0.00918581,0.156892,0.0556654,2
0.0317967,0.166122,0.093858,2
0.0563915,0.186069,0.0725504,2
0.0261308,0.0981629,0.0329605,2
0.0300162,0.179146,0.0101823,2
0.0302711,0.185461,0.00748469,2
0.0266349,0.180782,0.00887351,2
0.00685478,0.0168266,0.0966943,2
0.0311786,0.18148,0.0106589,2
0.0327123,0.180867,0.00879911,2
0.0427958,0.0159541,0.100563,2
0.0358574,0.0259826,0.0465629,2
0.038972,0.176587,0.00702413,2
0.00173655,0.0297469,0.0805355,2
0.0417108,0.173163,0.0853597,2
0.0612626,0.0986653,0.0967602,2
0.0446563,0.113381,0.0860894,2
0.030153,0.215873,0.07549,2
0.0660213,0.148005,0.0343291,2
0.0310586,0.181979,0.0117352,2
0.0303706,0.111192,0.0236034,2
0.0349615,0.177641,0.00304162,2
0.0321045,0.178082,0.0065242,2
0.0283838,0.183876,0.00435211,2
0.032182,0.185789,0.00915778,2
0.0391659,0.0929134,0.0467006,2
0.0227917,0.202888,0.0590531,2
0.0320934,0.18132,0.0107413,2
0.0243207,0.144158,0.0400299,2
0.0409878,0.162513,0.0900216,2
0.0169574,0.0802243,0.0549162,2
0.0297241,0.183158,0.00616788,2
0.0827743,0.157357,0.0139832,2
0.0300972,0.181456,0.0100099,2
0.0487326,0.138225,0.0636262,2
0.00554648,0.0332595,0.0116708,2
0.0242713,0.176769,0.0117375,2
0.0293059,0.1788,0.0072462,2
0.0587635,0.0244568,0.0715957,2
0.0409648,0.0905608,0.0656763,2
0.00392076,0.221252,0.039472,2
0.0272559,0.18282,0.0119849,2
0.0529695,0.0111155,0.0777242,2
0.0329335,0.185476,0.0103561,2
0.0272967,0.179722,0.00943621,2
0.0279171,0.178231,0.00480502,2
0.0295842,0.174629,0.00885938,2
0.0316536,0.180563,0.0109919,2
0.0740002,0.141658,0.0649214,2
0.00109668,0.148046,0.022247,2
0.0338059,0.176646,0.00392008,2
0.0661551,0.090233,0.00336389,2
0.0320842,0.17852,0.00865992,2
0.0152708,0.0385229,0.0912988,2
0.0345143,0.179243,0.00826716,2
0.0353955,0.135242,0.0676714,2
0.0831355,0.0504,0.00107985,2
0.0653626,0.101077,0.0153348,2
0.0315174,0.181423,0.00611615,2
0.0319998,0.184107,0.00826416,2
0.0329977,0.0586239,0.0121937,2
0.0110679,0.0508709,0.00145493,2
0.0299309,0.0861982,0.101751,2
0.0543713,0.118259,0.00197549,2
0.00996851,0.223686,0.0745845,2
0.0424173,0.203057,0.0843929,2
0.0688392,0.00222064,0.100547,2
0.000361255,0.213416,0.0889251,2
0.0843379,0.0264601,0.0875498,2
0.00829915,0.108801,0.105362,2
0.205013,0.0990061,0.0146017,3
0.101094,0.0221662,0.0450333,3
0.146331,0.172898,0.104977,3
0.13221,0.0705145,0.0789984,3
0.119405,0.209673,0.00549003,3
0.0895853,0.0271112,0.00695335,3
0.146687,0.206853,0.0718023,3
0.169355,0.124801,0.0295332,3
0.0960491,0.0141248,0.0729011,3
0.173865,0.00644481,0.0265583,3
0.217477,0.0557609,0.0089163,3
0.180014,0.0314534,0.059585,3
0.205192,0.10997,0.0153497,3
0.110081,0.130852,0.05218,3
0.113547,0.194069,0.0241777,3
0.0904118,0.222248,9.86635e-05,3
0.171609,0.0199619,0.0311197,3
0.172062,0.0781492,0.0529887,3
0.194972,0.207985,0.00343821,3
0.211077,0.0944769,0.0288677,3
0.201324,0.145837,0.064931,3
0.182569,0.145988,0.0705594,3
0.118424,0.154642,0.0578906,3
0.0912147,0.070523,0.094633,3
0.0945984,0.00390582,0.0586522,3
0.207186,0.15991,0.0597506,3
0.140334,0.190133,0.0132865,3
0.196255,0.221683,0.0126812,3
0.0984838,0.142289,0.10044,3
0.14744,0.111262,0.0556878,3
0.16619,0.121711,0.0912183,3
0.172894,0.100845,0.0152601,3
0.0891283,0.0996636,0.0306888,3
0.207545,0.112037,0.0247057,3
0.198504,0.207827,0.0567041,3
0.181225,0.185126,0.0685798,3
0.118643,0.0479014,0.0329514,3
0.183488,0.0658272,0.0855036,3
0.142937,0.160874,0.0450622,3
0.154236,0.0560931,0.0818892,3
0.208787,0.112543,0.083265,3
0.100216,0.0553041,0.00328213,3
0.157395,0.120724,0.036343,3
0.112374,0.22421,0.0918483,3
0.131837,0.117103,0.0762535,3
0.137014,0.170155,0.066151,3
0.206259,0.156194,0.0805695,3
0.139448,0.196636,0.0737514,3
0.212681,0.0352173,0.0854653,3
0.144752,0.0282012,0.0128856,3
0.170513,0.116445,0.0676556,3
0.213554,0.108689,0.0153593,3
0.212452,0.169315,0.0523481,3
0.103464,0.212585,0.00278738,3
0.0974331,0.0583856,0.100741,3
0.131804,0.196922,0.0277145,3
0.169577,0.0553873,0.0813908,3
0.0975638,0.108084,0.0476005,3
0.130828,0.176867,0.099548,3
0.136874,0.12239,0.0986366,3
0.121815,0.0821346,0.0590458,3
0.0990055,0.0895539,0.0128075,3
0.190766,0.184862,0.0642633,3
0.132538,0.112793,0.0135949,3
0.180614,0.154804,0.0363481,3
0.102793,0.153972,0.0618867,3
0.159272,0.183594,0.0901902,3
0.158257,0.155098,0.000708443,3
0.141301,0.0260661,0.016254,3
0.188119,0.122773,0.094087,3
0.216347,0.201762,0.00801515,3
0.147758,0.205855,0.0101333,3
0.115571,0.0751607,0.0206381,3
0.184681,0.20981,0.0145365,3
0.181907,0.135265,0.097948,3
0.0997784,0.175873,0.088519,3
0.153411,0.155369,0.0466462,3
0.187299,0.118485,0.0628566,3
0.223671,0.0799302,0.0896123,3
0.17478,0.0559995,0.0437046,3
0.149451,0.0316575,0.07842,3
0.213505,0.224622,0.0179551,3
0.090101,0.175224,0.0887305,3
0.171007,0.136282,0.0391001,3
0.130296,0.133069,0.0906697,3
0.21893,0.0833544,0.0136608,3
0.162673,0.0273415,0.083735,3
0.123939,0.0343434,0.0521219,3
0.117097,0.032856,0.0151458,3
0.211438,0.0531788,0.0533168,3
0.201931,0.0560786,0.0477725,3
0.148823,0.00832032,0.0510673,3
0.20732,0.187522,0.0743509,3
0.158482,0.0216703,0.0654872,3
0.221377,0.195069,0.0964355,3
0.0966306,0.201639,0.0534976,3
0.112086,0.0472313,0.0412058,3
0.0926641,0.125008,0.0408645,3
0.223212,0.0759383,0.0188568,3
0.126729,0.128662,0.0761205,3
0.104177,0.0452651,0.0570939,3
0.15676,0.0842445,0.096126,3
0.13212,0.0804716,0.00224556,3
0.221527,0.109837,0.0856743,3
0.187155,0.0377787,0.0941645,3
0.108475,0.223515,0.0911941,3
0.186181,0.120355,0.0169786,3
0.155026,0.0622237,0.0533182,3
0.203271,0.0357006,0.0196303,3
0.186348,0.213289,0.0917313,3
0.138523,0.0247771,0.0249932,3
0.167268,0.125283,0.00769266,3
0.2147,0.0433769,0.01459,3
0.171274,0.128277,0.0448536,3
0.148878,0.10904,0.0482914,3
0.196445,0.0990217,0.0374816,3
0.0908221,0.221381,0.100048,3
0.220667,0.0885249,0.0184711,3
0.200908,0.0305307,0.0499509,3
0.0910711,0.108629,0.104449,3
0.146288,0.0658537,0.0253161,3
0.21285,0.124986,0.0873196,3
0.185436,0.0688365,0.00117532,3
