x coord,y coord,z coord,rank
0.0596459,0.168066,0.0883778,0
0.0794533,0.144242,0.0890891,0
0.075342,0.143301,0.099959,0
0.0847114,0.138479,0.0946856,0
0.0809109,0.144044,0.0959923,0
0.0111198,0.170231,0.0669151,0
0.0761881,0.137521,0.0977426,0
0.0138671,0.175247,0.0480176,0
0.095421,0.155093,0.101245,0
0.0874812,0.137062,0.096808,0
0.129398,0.21142,0.0147726,0
0.21473,0.170169,0.0199768,0
0.0825164,0.19219,0.0854213,0
0.0809429,0.140498,0.0997742,0
0.169074,0.215916,0.0662561,0
0.174371,0.21609,0.0293087,0
0.145422,0.178743,0.0215726,0
0.018719,0.161085,0.0855993,0
0.0292139,0.213197,0.0217908,0
0.0187773,0.182631,0.0525877,0
0.207776,0.1439,0.0729175,0
0.218336,0.161798,0.0925756,0
0.0754803,0.159435,0.0357294,0
0.129781,0.217029,0.0860074,0
0.210601,0.207844,0.0281326,0
0.0808373,0.137059,0.0980482,0
0.191331,0.164257,0.0103874,0
0.075915,0.179139,0.0264773,0
0.171023,0.184654,0.0737368,0
0.0416498,0.199723,0.0266849,0
0.0777319,0.137096,0.0929915,0
0.171669,0.183942,0.0660054,0
0.0597077,0.169521,0.0189116,0
0.200933,0.149137,0.0415424,0
0.0811928,0.136789,0.0169735,0
0.0865794,0.194487,0.0597362,0
0.0800507,0.182176,0.0254912,0
0.174138,0.15923,0.0938833,0
0.133973,0.182758,0.026827,0
0.0866234,0.149363,0.00903128,0
0.0311683,0.180472,0.00623779,0
0.0758002,0.144945,0.0929409,0
0.217226,0.22127,0.0277731,0
0.082213,0.135911,0.0959177,0
0.118181,0.14037,0.0474615,0
0.141227,0.146404,0.0613614,0
0.126579,0.160753,0.0248732,0
0.19132,0.220951,0.0222569,0
0.108496,0.208954,0.100864,0
0.171058,0.214522,0.0266296,0
0.0840004,0.202751,0.0682272,0
0.0297719,0.187091,0.0504457,0
0.0809346,0.139523,0.0919559,0
0.0336576,0.224189,0.0590949,0
0.202668,0.203513,0.087143,0
0.0146444,0.220263,0.0283136,0
0.210958,0.159263,0.0149254,0
0.185897,0.160647,0.0626418,0
0.0595246,0.17245,0.0186661,0
0.192941,0.218045,0.023105,0
0.0795691,0.141697,0.0967317,0
0.0804824,0.138049,0.0973174,0
0.160636,0.178158,0.00142588,0
0.199717,0.153095,0.0510078,0
0.0753518,0.138749,0.0945183,0
0.0988647,0.202745,0.0316975,0
0.185907,0.166386,0.0521946,0
0.0709221,0.152576,0.0651772,0
0.184729,0.200963,0.0963356,0
0.0726843,0.204542,0.0780438,0
0.0355042,0.159295,0.0378555,0
0.123095,0.21124,0.00841319,0
0.201669,0.193787,0.0455374,0
0.206286,0.170939,0.0223007,0
0.0121042,0.151375,0.0737394,0
0.140971,0.144455,0.0259136,0
0.0149514,0.144634,0.0961652,0
0.0758793,0.142039,0.0971846,0
0.0792477,0.141537,0.0954782,0
0.0822352,0.140923,0.0980688,0
0.0803257,0.138338,0.0960017,0
0.0787581,0.136191,0.0986632,0
0.046711,0.219221,0.0577087,0
0.0787684,0.137121,0.0988535,0
0.0797797,0.140842,0.0899183,0
0.015962,0.214331,0.0479565,0
0.0794542,0.142029,0.0960812,0
0.0121999,0.141009,0.0403879,0
0.0128218,0.155507,0.0120857,0
0.0817911,0.1371,0.0980209,0
0.0800508,0.207689,0.0277487,0
0.0830279,0.142949,0.0942839,0
0.0827067,0.136096,0.0912278,0
0.0317173,0.174021,0.088561,0
0.0835553,0.218085,0.0150948,0
0.102684,0.172252,0.0163304,0
0.0392587,0.217878,0.0197494,0
0.0939692,0.21203,0.0464057,0
0.0644004,0.161956,0.0878078,0
0.0565845,0.223739,0.0581636,0
0.0828144,0.140161,0.0999574,0
0.0796277,0.136231,0.0990366,0
0.0736123,0.139718,0.0986426,0
0.0324602,0.172674,0.0905842,0
0.0938909,0.192216,0.0768439,0
0.0770216,0.137737,0.0983787,0
0.0838084,0.136099,0.0962273,0
0.0790223,0.205124,0.033552,0
0.0814566,0.140418,0.096789,0
0.0819672,0.139847,0.0990276,0
0.0817345,0.135791,0.0985738,0
0.0770279,0.140375,0.0936085,0
0.0466365,0.206433,0.0283371,0
0.0771177,0.136828,0.0940572,0
0.0586314,0.156731,0.0617816,0
0.0837464,0.141486,0.0959688,0
0.147522,0.141139,0.066242,0
0.0824844,0.141565,0.0955815,0
0.143417,0.138495,0.0117536,0
0.0380653,0.184503,0.00858955,0
0.0844857,0.145198,0.0984106,0
0.078489,0.139107,0.0990182,0
0.0751489,0.143927,0.0955106,0
0.0691822,0.137425,0.0131323,0
0.0810632,0.138962,0.097258,0
0.0789046,0.138389,0.100014,0
0.0815077,0.136238,0.0909084,0
0.0403642,0.142887,0.100044,0
0.0841689,0.136455,0.0967694,0
0.0813311,0.141848,0.100714,0
0.104551,0.0458559,0.105846,1
0.201932,0.0767998,0.18275,1
0.19517,0.00414199,0.113353,1
0.136282,0.0946819,0.104471,1
0.180027,0.0647514,0.115215,1
0.142866,0.0726627,0.10613,1
0.214283,0.0124181,0.117652,1
0.185511,0.0766585,0.128808,1
0.223151,0.0437651,0.10181,1
0.1389,0.0835983,0.184897,1
0.0730823,0.0354169,0.106477,1
0.132517,0.0435905,0.132258,1
0.131706,0.0401358,0.138144,1
0.220355,0.0781803,0.137319,1
0.113,0.0139458,0.114038,1
0.076426,0.0433506,0.197833,1
0.143988,0.0201661,0.103527,1
0.140746,0.0543764,0.203425,1
0.206467,0.0976137,0.207551,1
0.142836,0.0394046,0.119187,1
0.108995,0.0743812,0.103812,1
0.158604,0.0894641,0.156769,1
0.165848,0.00576685,0.163945,1
0.191532,0.0664735,0.173735,1
0.108359,0.0284284,0.148323,1
0.107266,0.0505613,0.131228,1
0.119116,0.0238545,0.134246,1
0.210233,0.0115903,0.121992,1
0.0246988,0.0644831,0.175143,1
0.180668,0.0458678,0.16865,1
0.0559906,0.0738408,0.180217,1
0.114643,0.0420479,0.170456,1
0.0265596,0.0214853,0.210669,1
0.196095,0.0227908,0.110141,1
0.108072,0.0519573,0.214909,1
0.196939,0.00505808,0.208236,1
0.142647,0.0132409,0.132263,1
0.0981285,0.0176033,0.154283,1
0.193999,0.0209276,0.141451,1
0.00713383,0.00863512,0.194655,1
0.148735,0.00736011,0.14117,1
0.0578004,0.00113379,0.157778,1
0.00384959,0.0595185,0.170203,1
0.0787162,0.0319862,0.107918,1
0.216028,0.0874979,0.176661,1
0.130204,0.0541889,0.114759,1
0.221977,0.0197027,0.201962,1
0.131625,0.00435394,0.193258,1
0.138417,0.0425201,0.11228,1
0.0956805,0.00318242,0.12448,1
0.1305,0.0761728,0.196631,1
0.112589,0.0130144,0.166347,1
0.0194908,0.0840398,0.21552,1
0.0754896,0.0331592,0.113314,1
0.147379,0.0412187,0.121103,1
0.137893,0.0157799,0.160772,1
0.138967,0.0701439,0.174346,1
0.164448,0.066844,0.16314,1
0.0184921,0.0360896,0.209691,1
0.0396656,0.0629406,0.174573,1
0.11152,0.0810768,0.199625,1
0.0986489,0.0488151,0.223306,1
0.11042,0.046655,0.207135,1
0.0749459,0.0552026,0.202328,1
0.0368336,0.0463735,0.193311,1
0.0809634,0.0713561,0.203581,1
0.150516,0.0226805,0.17053,1
0.0138552,0.0101055,0.150248,1
0.0500926,0.0741457,0.143246,1
0.0410322,0.0832446,0.118867,1
0.197962,0.0670747,0.166033,1
0.217447,0.0135677,0.218818,1
0.125666,0.052463,0.185849,1
0.136913,0.0317629,0.139831,1
0.0166918,0.0123289,0.150491,1
0.140203,0.0572847,0.20844,1
0.0725889,0.0526905,0.224164,1
0.197642,0.0485158,0.177003,1
0.0647708,0.0537356,0.176021,1
0.15184,0.0236792,0.192302,1
0.0181236,0.0118878,0.147968,1
0.0205795,0.0230979,0.113241,1
0.0345426,0.0302896,0.143096,1
0.202324,0.0279065,0.187719,1
0.107745,0.0715359,0.16862,1
0.0069283,0.0617779,0.14991,1
0.104331,0.0312029,0.214245,1
0.0889752,0.0836999,0.209325,1
0.150113,0.0135641,0.221807,1
0.195817,0.0229532,0.164656,1
0.143227,0.0966352,0.209065,1
0.0279706,0.0607886,0.18365,1
0.0172399,0.0351585,0.119091,1
0.0347978,0.0114785,0.188589,1
0.0266304,0.0332078,0.163419,1
0.0799406,0.0578394,0.171609,1
0.224069,0.0371958,0.209778,1
0.168367,0.00648389,0.153294,1
0.0813849,0.0608068,0.151616,1
0.133279,0.0146973,0.192597,1
0.0675861,0.0667607,0.122084,1
0.0491517,0.0326787,0.202494,1
0.0437269,0.0561811,0.178405,1
0.0521958,0.0811765,0.164968,1
0.17179,0.0636353,0.188323,1
0.191694,0.0654983,0.170485,1
0.0235309,0.0345489,0.201616,1
0.0536664,0.0335909,0.196156,1
0.0840937,0.02921,0.206788,1
0.0709025,0.0420771,0.17275,1
0.208882,0.0705824,0.196722,1
0.135407,0.0245386,0.150993,1
0.0901427,0.00543798,0.134628,1
0.0390705,0.0551297,0.206219,1
0.100077,0.00102517,0.109136,1
0.115853,0.0881068,0.187669,1
0.0673912,0.0265544,0.111021,1
0.139436,0.0370071,0.169273,1
0.1508,0.0824862,0.106293,1
0.154881,0.0834764,0.170125,1
0.196926,0.0898895,0.169959,1
0.20245,0.0748539,0.221519,1
0.128891,0.0768459,0.189542,1
0.0896434,0.0981308,0.21528,1
0.0259894,0.0919075,0.154347,1
0.179236,0.0655022,0.105836,1
0.0143877,0.0902482,0.105559,1
0.016275,0.0890905,0.105685,1
0.172267,0.0964958,0.138766,1
0.0561431,0.12829,0.134225,2
0.0791423,0.146919,0.177317,2
0.0537921,0.104371,0.19691,2
0.0352495,0.15272,0.164939,2
0.0065098,0.126171,0.211242,2
0.0496581,0.105604,0.192283,2
0.00780079,0.163839,0.182902,2
0.224712,0.106342,0.102247,2
0.0719095,0.115984,0.130763,2
0.0714076,0.216506,0.175498,2
0.0298756,0.107076,0.18961,2
0.1334,0.125413,0.111443,2
0.0228282,0.146521,0.221979,2
0.0777412,0.137828,0.102731,2
0.196315,0.122604,0.11516,2
0.186911,0.12217,0.105302,2
0.180457,0.113198,0.107804,2
0.161883,0.127445,0.10796,2
0.0533866,0.202012,0.113569,2
0.214362,0.142551,0.132243,2
0.200378,0.148408,0.103938,2
0.131319,0.147403,0.202241,2
0.11442,0.199223,0.224778,2
0.213974,0.216942,0.20099,2
0.0231044,0.108968,0.163046,2
0.027012,0.154644,0.144684,2
0.21769,0.175798,0.113371,2
0.118708,0.185698,0.163874,2
0.0487506,0.100521,0.131868,2
0.130676,0.205196,0.156124,2
0.128952,0.202534,0.218708,2
0.190545,0.141501,0.133336,2
0.125683,0.202703,0.1724,2
0.0369655,0.163667,0.12134,2
0.053055,0.139361,0.138722,2
0.192004,0.214532,0.132734,2
0.10304,0.153071,0.164968,2
0.219507,0.127824,0.185118,2
0.047257,0.163162,0.114919,2
0.0916752,0.214251,0.145957,2
0.144822,0.105328,0.142962,2
0.0489718,0.129399,0.142717,2
0.190572,0.162146,0.141363,2
0.0322386,0.218192,0.179054,2
0.110126,0.146236,0.223856,2
0.154528,0.181781,0.139522,2
0.121169,0.213233,0.220146,2
0.10703,0.200823,0.2151,2
0.171405,0.143188,0.127774,2
0.129319,0.19106,0.210552,2
0.172729,0.120151,0.131096,2
0.118707,0.203165,0.214685,2
0.0462542,0.193178,0.214656,2
0.155559,0.111728,0.220587,2
0.171698,0.19861,0.154699,2
0.0307462,0.211721,0.2055,2
0.100874,0.102661,0.123846,2
0.0674703,0.117356,0.221284,2
0.21677,0.142508,0.190007,2
0.171587,0.190878,0.157043,2
0.108792,0.127039,0.19838,2
0.00362294,0.135299,0.105925,2
0.0604238,0.112424,0.124651,2
0.141754,0.114515,0.214137,2
0.177633,0.173296,0.158254,2
0.0420661,0.202521,0.149463,2
0.112039,0.188137,0.217029,2
0.0621992,0.193079,0.147418,2
0.181648,0.155887,0.209769,2
0.0531635,0.114114,0.163703,2
0.182594,0.185539,0.188644,2
0.00828968,0.12806,0.156614,2
0.0857076,0.176902,0.161053,2
0.027394,0.145783,0.21892,2
0.0797307,0.19475,0.155474,2
0.0154962,0.221539,0.195077,2
0.181888,0.200559,0.170487,2
0.0290015,0.218622,0.175148,2
0.174296,0.110983,0.187203,2
0.182921,0.099823,0.164694,2
0.113494,0.156695,0.215194,2
0.0203573,0.19559,0.159307,2
0.147287,0.115376,0.174807,2
0.0811895,0.192962,0.217326,2
0.212025,0.174241,0.185634,2
0.0715901,0.172235,0.197187,2
0.087668,0.119165,0.156606,2
0.193392,0.112995,0.135965,2
0.206409,0.205659,0.137703,2
0.0770958,0.138018,0.10229,2
0.143669,0.223901,0.185906,2
0.146567,0.207701,0.170668,2
0.156343,0.103315,0.177938,2
0.116124,0.153079,0.178816,2
0.00683436,0.164006,0.120337,2
0.00832424,0.204503,0.139179,2
0.153336,0.124201,0.192585,2
0.0438617,0.12405,0.14317,2
0.0920776,0.164623,0.179918,2
0.0613446,0.134902,0.126781,2
0.180176,0.171285,0.185677,2
0.081928,0.20037,0.209338,2
0.0263648,0.19662,0.145805,2
0.000855031,0.215886,0.216907,2
0.0551274,0.123445,0.171902,2
0.0964995,0.136595,0.11979,2
0.0551485,0.153693,0.183937,2
0.170049,0.194183,0.205218,2
0.17456,0.22138,0.196321,2
0.188112,0.123508,0.128166,2
0.0194085,0.169802,0.180592,2
0.157811,0.220317,0.19065,2
0.129083,0.119206,0.223434,2
0.0872228,0.185353,0.186333,2
0.203758,0.105739,0.155631,2
0.169189,0.152798,0.143612,2
0.063376,0.165405,0.186091,2
0.0400762,0.187934,0.102877,2
0.115003,0.219842,0.221692,2
0.0897466,0.218818,0.138821,2
0.163814,0.163635,0.130226,2
0.099756,0.213851,0.145762,2
0.0449853,0.0672115,0.0885373,3
0.116519,0.103867,0.0888502,3
0.00266679,0.0836759,0.0975645,3
0.156998,0.0993347,0.0262029,3
0.105926,0.0419552,0.0672558,3
0.0631968,0.11055,0.0596044,3
0.0912897,0.123913,0.0862131,3
0.0301422,0.128409,0.0615338,3
0.077124,0.127672,0.071885,3
0.0785908,0.0683784,0.0245094,3
0.138838,0.0831833,0.0928938,3
0.110024,0.0280478,0.033338,3
0.208755,0.121182,0.0435903,3
0.11475,0.131223,0.0486945,3
0.157321,0.0840205,0.0932023,3
0.138187,0.0031686,0.0262139,3
0.129586,0.0896708,0.015266,3
0.055627,0.126983,0.030558,3
0.105115,0.0616403,0.0545675,3
0.0417744,0.0646225,0.0690278,3
0.105045,0.071982,0.0944007,3
0.0885307,0.0670178,0.0216522,3
0.0290594,0.120609,0.0642444,3
0.0802667,0.134118,0.0952938,3
0.08298,0.135224,0.0978679,3
0.178235,0.078886,0.0694967,3
0.222764,0.131537,0.0367088,3
0.180276,0.0181766,0.0872853,3
0.0985386,0.109431,0.0707121,3
0.151616,0.0192493,0.100706,3
0.0820696,0.0266356,0.0035636,3
0.13652,0.0435295,0.0113424,3
0.0803258,0.0832966,0.0624054,3
0.0524794,0.0731035,0.0896247,3
0.0724153,0.0672245,0.0237831,3
0.212806,0.123994,0.0309265,3
0.183921,0.0928526,0.0656261,3
0.0245876,0.0833855,0.0848525,3
0.0703272,0.0173085,0.0501293,3
0.12916,0.045208,0.0170778,3
0.16708,0.0170603,0.0812774,3
0.0766311,0.0824841,0.00588144,3
0.0822563,0.134196,0.0971771,3
0.00598046,0.0559318,0.0495499,3
0.114453,0.0893025,0.0130733,3
0.128721,0.0150554,0.0663926,3
0.0855768,0.131857,0.034465,3
0.220489,0.0264567,0.032228,3
0.0603619,0.104258,0.0835918,3
0.0776512,0.132446,0.0969141,3
0.0978639,0.105086,0.0729124,3
0.172022,0.0108797,0.0437342,3
0.209406,0.104177,0.018949,3
0.149671,0.00285087,0.000690585,3
0.154633,0.0254856,0.0244727,3
0.065835,0.10341,0.0930814,3
0.16551,0.114859,0.0730338,3
0.113198,0.0646461,0.0111769,3
0.197655,0.0695275,0.00766707,3
0.0883598,0.0190475,0.065283,3
0.0214521,0.0436029,0.0767428,3
0.0156773,0.0908279,0.0815542,3
0.0804579,0.132822,0.0937538,3
0.0808641,0.131959,0.0989103,3
0.0172876,0.0404754,0.0465637,3
0.0303761,0.130119,0.0413856,3
0.143888,0.0664652,0.0110534,3
0.110723,0.0823543,0.0556214,3
0.0790189,0.0448501,0.0653819,3
0.0638906,0.0292415,0.093702,3
0.0976394,0.0917532,0.0923646,3
0.142835,0.0505875,0.0309402,3
0.0327158,0.0935183,0.0226765,3
0.0132462,0.027843,0.0109678,3
0.173888,0.0302874,0.0625106,3
0.163938,0.0450988,0.00741213,3
0.0660537,0.00750965,0.00456882,3
0.00516974,0.0108428,0.0866681,3
0.158414,0.0286704,0.0568275,3
0.00383685,0.0714483,0.00721609,3
0.0130518,0.0219524,0.0899865,3
0.0609971,0.0341279,0.0803956,3
0.0274654,0.0414108,0.0926398,3
0.0803683,0.0181412,0.0820915,3
0.00958399,0.00379241,0.0231681,3
0.0875517,0.0310443,0.0463143,3
0.153048,0.0266489,0.0712482,3
0.0912735,0.0737072,0.00201246,3
0.215012,0.0305237,0.0770252,3
0.116338,0.0382227,0.0367889,3
0.208556,0.0148839,0.0112764,3
0.0259986,0.0273681,0.0952117,3
0.106196,0.105099,0.0011947,3
0.0413681,0.00112611,0.0675961,3
0.104943,0.0402549,0.018514,3
0.0406833,0.12872,0.0121635,3
0.0627997,0.0672972,0.059354,3
0.0255738,0.0384043,0.0425797,3
0.113214,0.0379035,0.0556951,3
0.167377,0.111689,0.0507584,3
0.132332,0.0583021,0.0667849,3
0.0887231,0.133944,0.0300829,3
0.046276,0.00986729,0.00225669,3
0.0199815,0.115597,0.0498092,3
0.158786,0.0797601,0.0887702,3
0.0101292,0.103308,0.0110918,3
0.0479511,0.0521519,0.0874316,3
0.0207798,0.0967628,0.0971506,3
0.089028,0.0544518,0.0440545,3
0.0111252,0.0368014,0.0326962,3
0.141434,0.13065,0.0503394,3
0.0922977,0.0705642,0.0722238,3
0.0300846,0.0399844,0.0701373,3
0.00373502,0.00566967,0.0636401,3
0.0379226,0.0785845,0.100814,3
0.0594537,0.0647649,0.00557327,3
0.0844598,0.10272,0.0798258,3
0.0244723,0.0275876,0.0211974,3
0.0372715,0.0245327,0.0358017,3
