x coord,y coord,z coord,rank
0.110186,0.126465,0.15806,0
0.218342,0.200445,0.214334,0
0.220622,0.203275,0.113496,0
0.149344,0.217978,0.123639,0
0.173508,0.183247,0.114307,0
0.095057,0.188748,0.0972343,0
0.0928966,0.222573,0.145708,0
0.0369762,0.142698,0.191598,0
0.0958141,0.156098,0.119986,0
0.0393872,0.191098,0.134353,0
0.180104,0.168174,0.210216,0
0.00797503,0.120645,0.14799,0
0.0224037,0.167322,0.172425,0
0.0355821,0.209632,0.175261,0
0.0292635,0.218567,0.1741,0
0.12222,0.154225,0.221979,0
0.0152031,0.155216,0.21973,0
0.038338,0.153784,0.152268,0
0.180022,0.218798,0.217092,0
0.141367,0.177156,0.199532,0
0.126825,0.181509,0.181868,0
0.155306,0.185907,0.170414,0
0.110928,0.188231,0.111484,0
0.196236,0.140389,0.169399,0
0.191154,0.224693,0.108682,0
0.0463186,0.219985,0.108843,0
0.168526,0.183638,0.106093,0
0.129922,0.152938,0.202806,0
0.175762,0.173282,0.108848,0
0.181297,0.207734,0.198937,0
0.0482258,0.130127,0.180597,0
0.0645165,0.137342,0.168925,0
0.124618,0.200097,0.221151,0
0.158318,0.151107,0.148908,0
0.178956,0.182074,0.197095,0
0.157753,0.125131,0.143163,0
0.220873,0.197369,0.177823,0
0.187704,0.120961,0.200747,0
0.210576,0.120048,0.2097,0
0.197517,0.173458,0.123285,0
0.186878,0.143546,0.190312,0
0.189093,0.186475,0.218061,0
0.130438,0.174996,0.157798,0
0.134624,0.160617,0.191173,0
0.174908,0.157923,0.169911,0
0.0640025,0.143657,0.0972251,0
0.0342988,0.211898,0.19786,0
0.161354,0.223206,0.209644,0
0.162641,0.152858,0.139309,0
0.0430908,0.191315,0.155246,0
0.0383257,0.146789,0.156031,0
0.211153,0.128012,0.173983,0
0.0710929,0.135997,0.0994907,0
0.0841422,0.14732,0.112905,0
0.0218917,0.194173,0.214068,0
0.212048,0.197736,0.204275,0
0.0134164,0.206309,0.19968,0
0.15602,0.15035,0.147801,0
0.120773,0.14236,0.148297,0
0.125313,0.123609,0.216145,0
0.0314943,0.200086,0.184928,0
0.105103,0.217708,0.1939,0
0.224026,0.139885,0.14649,0
0.0371404,0.199161,0.156183,0
0.20347,0.181413,0.140927,0
0.20635,0.21673,0.117859,0
0.0544416,0.196932,0.204218,0
0.152403,0.195551,0.112438,0
0.0502958,0.129404,0.192359,0
0.157549,0.133422,0.187806,0
0.0802318,0.186705,0.187726,0
0.0438122,0.171546,0.211255,0
0.168341,0.120735,0.213472,0
0.162652,0.197456,0.144011,0
0.181688,0.216412,0.166101,0
0.135367,0.128413,0.114251,0
0.133093,0.168958,0.148784,0
0.218142,0.187537,0.208499,0
0.0381286,0.145002,0.114751,0
0.155616,0.185409,0.133211,0
0.0224296,0.154209,0.195798,0
0.0876191,0.12604,0.152719,0
0.0768609,0.145108,0.121151,0
0.08016,0.125826,0.144594,0
0.119088,0.204789,0.153898,0
0.195283,0.222466,0.142737,0
0.167666,0.15694,0.135987,0
0.200777,0.142121,0.140137,0
0.0318976,0.165139,0.182322,0
0.198951,0.142048,0.11192,0
0.1959,0.195323,0.219683,0
0.0577889,0.137134,0.173809,0
0.17921,0.182806,0.201039,0
0.0673098,0.137327,0.0969645,0
0.0583325,0.117209,0.223065,0
0.210102,0.152904,0.135848,0
0.1416,0.175799,0.162817,0
0.0401228,0.131331,0.149026,0
0.116017,0.158357,0.209962,0
0.176038,0.185901,0.117101,0
0.0915398,0.122913,0.0975828,0
0.211163,0.119987,0.168179,0
0.143235,0.180583,0.0961363,0
0.0672354,0.142426,0.100616,0
0.00766703,0.117604,0.112881,0
0.0675506,0.145609,0.095749,0
0.0901599,0.150089,0.168322,0
0.111871,0.20321,0.0969007,0
0.0955844,0.202619,0.186314,0
0.197283,0.178276,0.222362,0
0.103541,0.173756,0.181243,0
0.111173,0.187308,0.211762,0
0.0237332,0.224637,0.108543,0
0.101067,0.172053,0.126862,0
0.0473899,0.159712,0.22156,0
0.141018,0.21748,0.212347,0
0.112795,0.14716,0.178209,0
0.0454827,0.137606,0.162623,0
0.11516,0.16354,0.221663,0
0.193528,0.222284,0.0958358,0
0.105719,0.135233,0.100157,0
0.0224642,0.124289,0.133854,0
0.0800336,0.193044,0.107883,0
0.0841848,0.135918,0.102472,0
0.177539,0.118645,0.206208,0
0.0612329,0.144258,0.0982134,0
0.063433,0.14484,0.0981943,0
0.0626483,0.146088,0.097332,0
0.0654066,0.147164,0.0975582,0
0.0684618,0.105102,0.152678,1
0.0894495,0.0392662,0.179411,1
0.181376,0.067055,0.186381,1
0.122177,0.0159021,0.202781,1
0.126276,0.0702339,0.182682,1
0.120874,0.0595138,0.194974,1
0.100982,0.0481793,0.211902,1
0.10194,0.0602311,0.19159,1
0.0674796,0.0591781,0.177674,1
0.0285676,0.0262534,0.158169,1
0.00586901,0.0126511,0.199515,1
0.0126897,0.0855112,0.160663,1
0.220192,0.10318,0.206075,1
0.16344,0.0302607,0.197324,1
0.158136,0.0908877,0.192604,1
0.0100011,0.0381671,0.203913,1
0.0442598,0.011973,0.15959,1
0.0900581,0.00220833,0.168255,1
0.173762,0.0693881,0.151771,1
0.104637,0.113383,0.178825,1
0.157354,0.102161,0.166692,1
0.201161,0.0714389,0.185123,1
0.127713,0.0573685,0.200195,1
0.11039,0.103452,0.158819,1
0.206529,0.00249062,0.139945,1
0.206789,0.0599868,0.193033,1
0.142224,0.0864481,0.146521,1
0.194393,0.0132574,0.169434,1
0.0162882,0.108057,0.212066,1
0.21636,0.0233607,0.151603,1
0.100688,0.108883,0.224367,1
0.127871,0.080852,0.160378,1
0.144315,0.0338747,0.212796,1
0.0364055,0.0776745,0.205663,1
0.171841,0.0644665,0.216826,1
0.175797,0.0027642,0.1304,1
0.122661,0.111423,0.187712,1
0.0592931,0.0581679,0.170121,1
0.130895,0.0104631,0.20726,1
0.101413,0.0893497,0.13472,1
0.0545572,0.0732176,0.187369,1
0.0165995,0.0487972,0.17224,1
0.0566462,0.0126173,0.172736,1
0.161793,0.0787388,0.153524,1
0.095123,0.00847803,0.209628,1
0.145156,0.067224,0.147646,1
0.107206,0.00235874,0.193002,1
0.199933,0.0574463,0.131808,1
0.105343,0.0805321,0.214907,1
0.0107497,0.106057,0.146717,1
0.126041,0.0287281,0.164673,1
0.00331907,0.0507427,0.126941,1
0.0632488,0.0644699,0.129032,1
0.0772323,0.0644439,0.163085,1
0.189481,0.0116081,0.219958,1
0.0177077,0.105715,0.14468,1
0.0670938,0.0333536,0.126567,1
0.208084,0.0547548,0.127399,1
0.00650757,0.013205,0.171912,1
0.00858875,0.0855746,0.140598,1
0.155793,0.0658543,0.165207,1
0.0374749,0.0620449,0.185368,1
0.0165298,0.110723,0.21338,1
0.147794,0.0889419,0.192923,1
0.0875737,0.0441236,0.179946,1
0.166724,0.0981018,0.19655,1
0.19367,0.0181543,0.212087,1
0.00761506,0.104155,0.128559,1
0.135672,0.100747,0.217396,1
0.212008,0.105826,0.166287,1
0.0649969,0.0965289,0.223696,1
0.160164,0.0655407,0.137074,1
0.149668,0.00191901,0.1899,1
0.134306,0.0837969,0.157989,1
0.11098,0.0811094,0.136039,1
0.103221,0.0357128,0.150815,1
0.180354,0.105525,0.168474,1
0.0922927,0.0663393,0.214361,1
0.0501115,0.0850859,0.194139,1
0.176612,0.0350939,0.149586,1
0.183708,0.0251999,0.167188,1
0.00541062,0.0472059,0.129013,1
0.170315,0.0553104,0.194494,1
0.134042,0.0257108,0.186966,1
0.190707,0.0112115,0.129618,1
0.0291425,0.0254122,0.144028,1
0.203991,0.0586022,0.172234,1
0.131035,0.0109799,0.209226,1
0.207219,0.110586,0.191464,1
0.0354386,0.0193931,0.19453,1
0.0599317,0.0606773,0.155416,1
0.0276291,0.0599377,0.159197,1
0.00951804,0.0766244,0.193478,1
0.194393,0.0390436,0.15786,1
0.129829,0.0800967,0.199119,1
0.13399,0.0170685,0.208402,1
0.117571,0.0363701,0.223386,1
0.0565431,0.0192002,0.194534,1
0.0231835,0.0157956,0.157101,1
0.124106,0.00197962,0.139484,1
0.0820301,0.106773,0.159987,1
0.181896,0.112975,0.220194,1
0.128151,0.0754995,0.158591,1
0.072686,0.0783384,0.151874,1
0.0356801,0.091035,0.22089,1
0.0789151,0.0165762,0.176074,1
0.0167921,0.0530156,0.176035,1
0.195328,0.0349859,0.136522,1
0.0566958,0.0586246,0.220613,1
0.0869631,0.0728296,0.161896,1
0.21545,0.0346044,0.186341,1
0.0508979,0.0277741,0.216943,1
0.213648,0.0552987,0.144404,1
0.118138,0.0767112,0.156913,1
0.16508,0.0486421,0.136221,1
0.0491769,0.0684887,0.126872,1
0.170375,0.096615,0.187025,1
0.199469,0.0618209,0.133127,1
0.0543389,0.0164265,0.15538,1
0.0643951,0.147355,0.0907268,2
0.110966,0.181711,0.00219325,2
0.101793,0.186,0.000185396,2
0.222456,0.131886,0.00671029,2
0.0624053,0.146755,0.091503,2
0.0607965,0.142841,0.0932951,2
0.0707204,0.144007,0.0885743,2
0.131315,0.16807,0.0345596,2
0.0664508,0.145014,0.0930542,2
0.0688262,0.142393,0.0914605,2
0.00617435,0.15798,0.0854008,2
0.0659074,0.138058,0.089922,2
0.0687226,0.144331,0.0952732,2
0.153922,0.128036,0.0865213,2
0.0671896,0.136622,0.0299014,2
0.0636112,0.144482,0.0848523,2
0.145845,0.143077,0.0887189,2
0.0674996,0.140777,0.087846,2
0.105465,0.213307,0.024352,2
0.180136,0.141051,0.0678031,2
0.15555,0.179894,0.0477857,2
0.130871,0.158969,0.0632266,2
0.183567,0.157247,0.0287975,2
0.0267461,0.178394,0.0412336,2
0.0331772,0.182768,0.00498085,2
0.0642461,0.141824,0.0924535,2
0.200081,0.200432,0.0870769,2
0.0452894,0.135637,0.0415449,2
0.118054,0.191283,0.0860641,2
0.033125,0.134734,0.0131675,2
0.0686015,0.147386,0.0920648,2
0.167231,0.160077,0.0460432,2
0.0645923,0.140079,0.091054,2
0.0708692,0.146881,0.090467,2
0.0666361,0.142661,0.0954161,2
0.0130352,0.180027,0.0472656,2
0.0489227,0.138108,0.0410274,2
0.155388,0.199228,0.0663775,2
0.0631862,0.142624,0.0916436,2
0.0249193,0.163925,0.036397,2
0.135623,0.126075,0.0557643,2
0.0649545,0.146063,0.0905231,2
0.0668777,0.147767,0.0923422,2
0.075725,0.152614,0.00269282,2
0.208724,0.212925,0.0404268,2
0.0670886,0.148332,0.0944766,2
0.151057,0.210238,0.0651663,2
0.210762,0.150082,0.0478817,2
0.212351,0.204543,0.0863627,2
0.217398,0.140971,0.0845141,2
0.0652963,0.150485,0.0945108,2
0.062687,0.144288,0.0903025,2
0.202881,0.148614,0.0803476,2
0.211671,0.143701,0.0534696,2
0.0399043,0.178235,0.0580318,2
0.069208,0.14298,0.0952806,2
0.0683956,0.140169,0.0898464,2
0.00720077,0.163451,0.021157,2
0.150524,0.139938,0.012652,2
0.011432,0.188736,0.0834636,2
0.0739075,0.141033,0.0922431,2
0.0605621,0.137533,0.0929311,2
0.0641377,0.130776,0.0908022,2
0.163314,0.224195,0.0616596,2
0.147653,0.207679,0.0831107,2
0.176825,0.185386,0.0774322,2
0.130135,0.176935,0.0403927,2
0.17639,0.172196,0.0709778,2
0.0849314,0.143737,0.0615428,2
0.131352,0.132701,0.058752,2
0.0674315,0.141937,0.0834338,2
0.045177,0.125997,0.0243316,2
0.0906206,0.188725,0.0241912,2
0.111056,0.155445,0.0517982,2
0.0724991,0.147431,0.0910581,2
0.0652929,0.145519,0.0871949,2
0.0870394,0.182074,0.00469751,2
0.171956,0.179486,0.0472398,2
0.0784503,0.218359,0.0902527,2
0.0649798,0.145462,0.0915648,2
0.0655996,0.146592,0.0879811,2
0.112325,0.20236,0.0764208,2
0.218502,0.118142,0.0421838,2
0.00425565,0.210275,0.0491425,2
0.171983,0.177383,0.0417196,2
0.182096,0.21275,0.0483012,2
0.0844099,0.208624,0.0300758,2
0.0174674,0.193487,0.0946006,2
0.0446775,0.22067,0.0799019,2
0.0756545,0.206975,0.0211678,2
0.0501672,0.173635,0.0474921,2
0.181607,0.123397,0.0721184,2
0.130129,0.196819,0.0944911,2
0.0187868,0.162094,0.039011,2
0.170935,0.211557,0.0044347,2
0.171003,0.120039,0.0823316,2
0.190255,0.216136,0.054009,2
0.0651405,0.145005,0.0944288,2
0.198833,0.22243,0.0783541,2
0.123487,0.189941,0.0468403,2
0.0622151,0.147891,0.0901128,2
0.0686165,0.146149,0.0912773,2
0.130845,0.149707,0.0319564,2
0.180102,0.192851,0.0531901,2
0.0617785,0.145318,0.0928277,2
0.113064,0.170339,0.0349156,2
0.108638,0.206069,0.079554,2
0.0670531,0.14632,0.0911135,2
0.207402,0.203952,0.0406629,2
0.109626,0.120873,0.0639909,2
0.0375951,0.205632,0.0456725,2
0.194569,0.129562,0.00411287,2
0.0839736,0.161105,0.0692696,2
0.148647,0.178207,0.0194079,2
0.125904,0.158045,0.0599138,2
0.0634355,0.140668,0.0895069,2
0.067259,0.14054,0.0936527,2
0.0688012,0.146687,0.088417,2
0.0660641,0.150098,0.0918591,2
0.0632786,0.145234,0.0928309,2
0.0664825,0.145041,0.0931304,2
0.131861,0.186717,0.0219597,2
0.0652606,0.142686,0.0924997,2
0.00347759,0.127669,0.0697419,2
0.0605316,0.121831,0.0736961,2
0.0625515,0.142955,0.0873743,2
0.0667884,0.141692,0.0906931,2
0.0637835,0.147596,0.0922167,2
0.00601314,0.158606,0.095592,2
0.0653083,0.140859,0.0954446,2
0.202017,0.11199,0.0767882,3
0.091325,0.0933419,0.013939,3
0.0182124,0.0515175,0.105695,3
0.0558586,0.0636623,0.0888667,3
0.0859075,0.00780074,0.034236,3
0.142867,0.0615582,0.0547193,3
0.114225,0.0633204,0.0286393,3
0.166701,0.10521,0.0333348,3
0.127242,0.0552789,0.00200097,3
0.147229,0.0895227,0.0606042,3
0.213036,0.0980095,0.0043826,3
0.176074,0.0594667,0.0180496,3
0.050243,0.0840821,0.11212,3
0.160902,0.0968042,0.111155,3
0.200047,0.0735207,0.0317628,3
0.108172,0.0879911,0.0804036,3
0.204597,0.0907603,0.0260319,3
0.0816988,0.107996,0.120565,3
0.197575,0.0457728,0.0660456,3
0.109949,0.0736313,0.0242494,3
0.177682,0.0171112,0.0355305,3
0.182975,0.0925699,0.044709,3
0.214535,0.036513,0.116042,3
0.100966,0.0874082,0.0216118,3
0.224079,0.0386096,0.110439,3
0.101057,0.0520424,0.0437365,3
0.0500154,0.0157634,0.115017,3
0.164383,0.0262301,0.0313819,3
0.14385,0.0140721,0.0386526,3
0.0871926,0.112586,0.0742769,3
0.20463,0.116977,0.0969033,3
0.0191988,0.0606065,0.116106,3
0.0212413,0.0353002,0.120471,3
0.0967152,0.0162245,0.0851406,3
0.146597,0.0812254,0.108718,3
0.162592,0.109361,0.0658324,3
0.0821282,0.114262,0.110851,3
0.0108144,0.110264,0.0535651,3
0.0768318,0.10288,0.0358596,3
0.157293,0.111855,0.037308,3
0.0105118,0.108771,0.00381792,3
0.0713765,0.0874608,0.00199087,3
0.0643015,0.100113,0.000438663,3
0.0515719,0.0130012,0.115321,3
0.0622316,0.101061,0.00226283,3
0.0835842,0.0809794,0.0556758,3
0.197019,0.108897,0.110141,3
0.166767,0.0976999,0.0819686,3
0.173853,0.0682436,0.0393735,3
0.0500274,0.0890571,0.0335573,3
0.160843,0.114125,0.102195,3
0.155336,0.0536863,0.0337963,3
0.0209319,0.110189,0.060093,3
0.0596797,0.112471,0.113537,3
0.0775969,0.106602,0.109771,3
0.0835787,0.0837807,0.117104,3
0.181625,0.00438791,0.00998594,3
0.159666,0.0815994,0.0612515,3
0.0346025,0.0428699,0.0607625,3
0.180957,0.0503391,0.0987411,3
0.0587006,0.00652918,0.0653819,3
0.138242,0.11223,0.0492701,3
0.198621,0.0579609,0.0410599,3
0.157728,0.0931624,0.0215565,3
0.11998,0.0211419,0.104923,3
0.216356,0.0738085,0.0888495,3
0.143972,0.0600075,0.0510589,3
0.064333,0.0122768,0.00802332,3
0.17281,0.0885561,0.0962779,3
0.0250917,0.0679127,0.0617645,3
0.157749,0.0242547,0.0109368,3
0.0199788,0.0293477,0.122037,3
0.00878056,0.040758,0.0291134,3
0.01693,0.00739929,0.0103156,3
0.0753089,0.0272787,0.0424312,3
0.0477967,0.00987645,0.0803849,3
0.045372,0.0651768,0.0718444,3
0.0619861,0.0989706,0.0506923,3
0.000441067,0.0481413,0.0410331,3
0.022423,0.080839,0.0126792,3
0.145243,0.0717459,0.121872,3
0.0304388,0.0503929,0.00917022,3
0.107309,0.0519543,0.0948392,3
0.009422,0.00338172,0.0468718,3
0.207598,0.0527143,0.064358,3
0.0132842,0.0660147,0.0376373,3
0.103134,0.0119932,0.0613552,3
0.00686615,0.0277576,0.0951206,3
0.0378846,0.0210255,0.116506,3
0.0490614,0.0160142,0.112936,3
0.104624,0.0808689,0.0846333,3
0.160689,0.0556747,0.0754296,3
0.066357,0.0330146,0.121414,3
0.0183788,0.0185533,0.0788133,3
0.190151,0.0546336,0.0669554,3
0.0747868,0.0479696,0.095001,3
0.200566,0.00894543,0.0548955,3
0.0767771,0.102044,0.023446,3
0.191889,0.0307017,0.0454583,3
0.0368103,0.10674,0.058991,3
0.194289,0.0762955,0.0779632,3
0.0254453,0.0629023,0.0873397,3
0.0277142,0.00346734,0.0283384,3
0.20341,0.0951601,0.0750753,3
0.0665195,0.0810727,0.0768209,3
0.0656618,0.0460548,0.0439223,3
0.102963,0.0829033,0.0399608,3
0.0369845,0.0183631,0.0807206,3
0.198417,0.050447,0.0691147,3
0.0508906,0.0477341,0.0803475,3
0.221585,0.0200636,0.0301383,3
0.180791,0.0989057,0.123437,3
0.0486739,0.00836303,0.0770352,3
0.194072,0.106775,0.110778,3
0.0233186,0.0807058,0.0614677,3
0.0773036,0.011896,0.0988887,3
0.0620974,0.0874777,0.116429,3
0.0592147,0.0968989,0.0539598,3
0.174801,0.112856,0.0667919,3
0.0696997,0.0685068,0.0119614,3
0.120917,0.0902264,0.0125802,3
0.0204022,0.051643,0.124747,3
