x coord,y coord,z coord,rank
0.21494,0.0876981,0.0926971,0
0.115991,0.0691616,0.0106659,0
0.11404,0.0830274,0.0915939,0
0.12005,0.0457932,0.0367447,0
0.181773,0.204519,0.105039,0
0.1044,0.03341,0.0575502,0
0.104668,0.11827,0.055715,0
0.121882,0.132302,0.0777402,0
0.126579,0.0380745,0.0886131,0
0.190983,0.203021,0.0433315,0
0.138905,0.162086,0.113268,0
0.173902,0.215646,0.0634715,0
0.129945,0.12945,0.0453187,0
0.176527,0.0479678,0.0531633,0
0.180245,0.106492,0.0805293,0
0.111991,0.0696812,0.0852331,0
0.191378,0.184732,0.0469499,0
0.174647,0.207135,0.0546117,0
0.145656,0.16356,0.0232032,0
0.148576,0.108873,0.0786331,0
0.20053,0.0378058,0.0712178,0
0.213779,0.149745,0.0186114,0
0.201301,0.152848,0.0924231,0
0.222785,0.0860054,0.00781189,0
0.126275,0.130272,0.0783169,0
0.166548,0.085996,0.00678506,0
0.19152,0.219532,0.0928967,0
0.168599,0.0316267,0.0970262,0
0.101088,0.133305,0.0509461,0
0.209423,0.190786,0.0972063,0
0.136297,0.16725,0.0567049,0
0.179359,0.218246,0.0196361,0
0.152911,0.128588,0.0556897,0
0.114518,0.215997,0.0258598,0
0.209348,0.0858502,0.0677599,0
0.136661,0.140759,0.0467801,0
0.104584,0.00513675,0.000810704,0
0.146875,0.179681,0.00308342,0
0.203266,0.201462,0.0444851,0
0.158223,0.0656645,0.0630958,0
0.182854,0.0680832,0.00958358,0
0.178564,0.070806,0.0636609,0
0.129251,0.178796,0.042422,0
0.115441,0.0366149,0.00621126,0
0.184903,0.0377708,0.0800367,0
0.208463,0.0285646,0.0346702,0
0.195015,0.11921,0.0481886,0
0.214599,0.208895,0.0040789,0
0.1581,0.218865,0.0880293,0
0.223182,0.149206,0.0775712,0
0.181546,0.177069,0.00743887,0
0.111218,0.00976864,0.0253585,0
0.224015,0.139123,0.0568748,0
0.196956,0.0516581,0.059412,0
0.172254,0.179508,0.0454734,0
0.21266,0.12421,0.0082936,0
0.195239,0.0378923,0.102284,0
0.120302,0.0537838,0.0389533,0
0.166325,0.0467626,0.00111477,0
0.166096,0.109748,0.0795029,0
0.146881,0.107892,0.0891602,0
0.149582,0.0146895,0.0608021,0
0.184211,0.077394,0.0580534,0
0.205625,0.203097,0.0686354,0
0.193737,0.127149,0.0741824,0
0.181207,0.138595,0.0418566,0
0.188133,0.198291,0.0857205,0
0.139188,0.183635,0.0169218,0
0.161266,0.055519,0.0534769,0
0.200463,0.0489357,0.100565,0
0.221762,0.217219,0.0892709,0
0.132872,0.120398,0.0914264,0
0.169341,0.144292,0.0958742,0
0.148267,0.0437906,0.0488701,0
0.170381,0.0285502,0.0389812,0
0.20014,0.143849,0.082864,0
0.148179,0.0132689,0.032509,0
0.178799,0.0828432,0.00271499,0
0.191784,0.171929,0.0806336,0
0.21835,0.122206,0.0430494,0
0.214372,0.0398621,0.0380468,0
0.147923,0.147529,0.0183106,0
0.200272,0.16631,0.0694855,0
0.191464,0.12811,0.0303097,0
0.15171,0.0415299,0.0304081,0
0.176951,0.0271388,0.0109424,0
0.147476,0.00655227,0.0153516,0
0.160773,0.221927,0.00246132,0
0.165719,0.146304,0.0253628,0
0.127004,0.0566553,0.0304624,0
0.192735,0.0168375,0.0284884,0
0.158784,0.132136,0.0812965,0
0.184812,0.115024,0.0481966,0
0.183405,0.00207179,0.0967609,0
0.155417,0.0221724,0.0110768,0
0.191972,0.0749494,0.0735495,0
0.220193,0.00811779,0.0482331,0
0.224639,0.125468,0.069442,0
0.191194,0.153502,0.0646408,0
0.177956,0.0634237,0.0227042,0
0.213007,0.0975963,0.0637694,0
0.136881,0.181686,0.0521427,0
0.101065,0.00144586,0.0552676,0
0.186847,0.159191,0.101287,0
0.164944,0.0646759,0.0960444,0
0.219012,0.0395246,0.034202,0
0.194052,0.0724267,0.0886413,0
0.18447,0.0102451,0.0409932,0
0.101094,0.105194,0.0333966,0
0.109111,0.104149,0.0602034,0
0.203015,0.0718575,0.1058,0
0.189606,0.0594031,0.001597,0
0.195849,0.101097,0.0534884,0
0.129916,0.0548382,0.050873,0
0.165955,0.0816591,0.0905555,0
0.121315,0.124176,0.062693,0
0.176049,0.012595,0.0968175,0
0.122089,0.0822596,0.0283768,0
0.102654,0.0882774,0.100548,0
0.169864,0.0297388,0.102584,0
0.213281,0.0267738,0.0825598,0
0.13449,0.0180827,0.047549,0
0.102223,0.0591614,0.178682,1
0.115708,0.145885,0.12345,1
0.121612,0.183813,0.186671,1
0.173044,0.00331145,0.140076,1
0.161759,0.0116878,0.133724,1
0.197124,0.106562,0.134212,1
0.135775,0.111353,0.115664,1
0.117494,0.201504,0.151768,1
0.16649,0.0199201,0.134454,1
0.111644,0.220168,0.128425,1
0.220047,0.0529238,0.132656,1
0.136714,0.143575,0.181966,1
0.136666,0.120714,0.205118,1
0.219902,0.0915564,0.171439,1
0.128639,0.0769314,0.127136,1
0.164011,0.0984315,0.189371,1
0.137007,0.0186816,0.124503,1
0.121081,0.202277,0.184673,1
0.189724,0.0890349,0.222209,1
0.113649,0.167239,0.176107,1
0.104309,0.139676,0.140821,1
0.114362,0.130501,0.139336,1
0.204034,0.0810241,0.199678,1
0.119974,0.22247,0.174646,1
0.139246,0.0917378,0.159082,1
0.132481,0.0530635,0.198163,1
0.118552,0.13855,0.198426,1
0.187211,0.116944,0.163773,1
0.197646,0.0589362,0.195367,1
0.162176,0.192985,0.157123,1
0.110908,0.177177,0.201222,1
0.195225,0.021335,0.123747,1
0.221591,0.0559358,0.221311,1
0.147393,0.0883937,0.118518,1
0.163237,0.119106,0.203557,1
0.217439,0.186916,0.152275,1
0.119859,0.202028,0.13951,1
0.183365,0.209995,0.115362,1
0.130834,0.214633,0.155748,1
0.22042,0.209,0.159723,1
0.223605,0.206343,0.15114,1
0.107565,0.181091,0.162147,1
0.110456,0.133485,0.222388,1
0.156242,0.160974,0.209228,1
0.153306,0.193054,0.119387,1
0.170503,0.0124818,0.214052,1
0.171402,0.163654,0.22203,1
0.211991,0.190287,0.204091,1
0.206972,0.200487,0.172157,1
0.183535,0.0091144,0.12835,1
0.120342,0.162714,0.141805,1
0.103475,0.196613,0.162216,1
0.152049,0.110354,0.147495,1
0.214426,0.0591702,0.138247,1
0.200731,0.0469921,0.175726,1
0.169404,0.162907,0.127026,1
0.150277,0.124203,0.194119,1
0.13765,0.209019,0.139981,1
0.202132,0.186325,0.189766,1
0.210788,0.0500231,0.19138,1
0.11133,0.174228,0.179621,1
0.152004,0.219404,0.196692,1
0.147774,0.200337,0.181102,1
0.163184,0.0949337,0.209316,1
0.194599,0.222107,0.22305,1
0.126369,0.048487,0.139142,1
0.145142,0.1275,0.136894,1
0.154337,0.137037,0.14572,1
0.171073,0.107552,0.159485,1
0.132108,0.000668371,0.127745,1
0.109429,0.0822784,0.218195,1
0.164338,0.0649097,0.175562,1
0.119864,0.028671,0.17231,1
0.180427,0.0078904,0.167951,1
0.167264,0.117179,0.174024,1
0.12782,0.214165,0.18409,1
0.222282,0.167591,0.195058,1
0.221142,0.0174584,0.137633,1
0.197912,0.107672,0.136334,1
0.115951,0.0958948,0.118176,1
0.213531,0.0348413,0.213394,1
0.106218,0.172852,0.173231,1
0.221317,0.0773004,0.221901,1
0.126535,0.0825444,0.11738,1
0.142546,0.0619806,0.172236,1
0.208345,0.161837,0.138527,1
0.113415,0.105825,0.18764,1
0.166347,0.0233524,0.22398,1
0.179489,0.224189,0.219622,1
0.191497,0.16751,0.133237,1
0.199475,0.145156,0.129288,1
0.186716,0.024943,0.223891,1
0.203512,0.173909,0.173447,1
0.199661,0.101037,0.129265,1
0.136396,0.164492,0.16822,1
0.144707,0.116833,0.116368,1
0.219436,0.172046,0.191553,1
0.17274,0.0111821,0.163714,1
0.118329,0.216088,0.152471,1
0.150371,0.00138218,0.114931,1
0.197826,0.115677,0.20402,1
0.175139,0.0808807,0.19005,1
0.128065,0.0726076,0.205874,1
0.162128,0.113246,0.12613,1
0.193109,0.202246,0.142109,1
0.162441,0.106466,0.186631,1
0.120799,0.0072395,0.122645,1
0.216803,0.0622621,0.129282,1
0.177268,0.133814,0.16038,1
0.117606,0.136054,0.138962,1
0.208187,0.0947822,0.168492,1
0.16653,0.0143237,0.173449,1
0.16655,0.0893233,0.139023,1
0.156375,0.219222,0.183277,1
0.168913,0.123074,0.204634,1
0.114462,0.180956,0.125549,1
0.22387,0.141683,0.161269,1
0.223598,0.0612211,0.164787,1
0.211885,0.0640783,0.14515,1
0.1957,0.0351406,0.124092,1
0.213559,0.11655,0.1502,1
0.153534,0.14135,0.187565,1
0.219954,0.191958,0.119697,1
0.165086,0.110047,0.115255,1
0.10176,0.154205,0.13398,1
0.0393774,0.116133,0.120346,2
0.0118288,0.217576,0.115623,2
0.0668883,0.119509,0.218443,2
0.0425202,0.0361855,0.159471,2
0.0707511,0.0558477,0.186907,2
0.0196345,0.0733927,0.186448,2
0.0722639,0.0129968,0.193108,2
0.0134466,0.16713,0.131369,2
0.090564,0.114904,0.218528,2
0.00428809,0.0611899,0.125157,2
0.0676291,0.183695,0.144544,2
0.0601727,0.189258,0.178747,2
0.0685116,0.201319,0.139854,2
0.0516589,0.0146953,0.218877,2
0.00236591,0.0444598,0.139537,2
0.0111386,0.212404,0.115265,2
0.000654828,0.132299,0.205263,2
0.00419872,0.0586337,0.216441,2
0.00822206,0.150937,0.19222,2
0.0502637,0.00297953,0.136536,2
0.0316839,0.195161,0.18261,2
0.0445091,0.199051,0.200918,2
0.0677691,0.000406341,0.22336,2
0.0113491,0.000783681,0.135012,2
0.0749228,0.180202,0.162103,2
0.0236159,0.211793,0.130604,2
0.0965789,0.197584,0.194774,2
0.0221051,0.147113,0.134071,2
0.0122654,0.212355,0.117124,2
0.0100082,0.104804,0.151343,2
0.0481269,0.0709125,0.148531,2
0.0170149,0.13179,0.167464,2
0.101492,0.107215,0.218511,2
0.0495489,0.0944716,0.173447,2
0.0228635,0.0616142,0.165079,2
0.0140743,0.213662,0.118488,2
0.0642534,0.0290179,0.122825,2
0.0674436,0.133089,0.211071,2
0.0166722,0.214666,0.11661,2
0.0147032,0.128221,0.207935,2
0.0680698,0.133374,0.159386,2
0.060676,0.090463,0.173429,2
0.0837529,0.0912693,0.18657,2
0.0958755,0.182157,0.131826,2
0.0866283,0.19813,0.141372,2
0.0698122,0.12002,0.15242,2
0.00796476,0.0891031,0.168584,2
0.0898677,0.194916,0.195639,2
0.0712883,0.100258,0.190789,2
0.00276053,0.0407511,0.161907,2
0.0791736,0.175864,0.169412,2
0.0576071,0.0249477,0.151913,2
0.0890088,0.00817276,0.175153,2
0.0560575,0.015826,0.140677,2
0.0627117,0.0951925,0.150068,2
0.0790575,0.206887,0.171041,2
0.039604,0.0105738,0.178277,2
0.0901268,0.10951,0.13207,2
0.01079,0.0370223,0.187076,2
0.00287975,0.141474,0.216276,2
0.0384945,0.200714,0.193257,2
0.0632245,0.106323,0.159441,2
0.0551136,0.00637397,0.136481,2
0.00778881,0.149556,0.135019,2
0.0398846,0.197034,0.135803,2
0.00470793,0.023395,0.179596,2
0.00348175,0.171997,0.175423,2
0.0238384,0.0379241,0.151258,2
0.0950641,0.0465667,0.171327,2
0.0656321,0.102444,0.176904,2
0.0842919,0.0486841,0.164815,2
0.087184,0.101554,0.141788,2
0.013629,0.0837194,0.223227,2
0.018264,0.2138,0.118946,2
0.0568277,0.13706,0.132652,2
0.0070972,0.0727929,0.175371,2
0.0993872,0.152114,0.184886,2
0.013641,0.0151822,0.119683,2
0.0241003,0.163265,0.146646,2
0.005053,0.203083,0.156615,2
0.0994772,0.0684887,0.208936,2
0.0515799,0.0167258,0.154244,2
0.00459723,0.144966,0.214578,2
0.0224888,0.2198,0.195639,2
0.00145004,0.061851,0.162781,2
0.0754226,0.0618946,0.144254,2
0.101083,0.207829,0.130062,2
0.001728,0.114193,0.162791,2
0.0774849,0.034334,0.190222,2
0.00345656,0.0789948,0.15388,2
0.0954496,0.0328907,0.173051,2
0.0557213,0.0943945,0.172834,2
0.0493436,0.132725,0.155927,2
0.0910473,0.13424,0.188086,2
0.0786309,0.11086,0.224197,2
0.0819944,0.191813,0.208682,2
0.094027,0.115802,0.160481,2
0.0111182,0.215598,0.114772,2
0.00527259,0.200802,0.16271,2
0.0940925,0.177256,0.147606,2
0.0116186,0.215399,0.122262,2
0.0836011,0.0842679,0.194975,2
0.0467083,0.0581183,0.124186,2
0.0141356,0.210692,0.118509,2
0.0375571,0.0203649,0.177218,2
0.00689271,0.206941,0.204854,2
0.0809718,0.20169,0.216705,2
0.0138151,0.213236,0.118152,2
0.0878054,0.184789,0.143713,2
0.015652,0.210439,0.115604,2
0.0159554,0.216531,0.116483,2
0.0981883,0.198415,0.203854,2
0.01367,0.217229,0.115935,2
0.0734653,0.175886,0.14712,2
0.0172653,0.214494,0.116156,2
0.0804362,0.197297,0.143633,2
0.0175206,0.216084,0.116027,2
0.013055,0.219415,0.12063,2
0.0976291,0.198134,0.134803,2
0.0185755,0.214364,0.115692,2
0.0167713,0.213032,0.115515,2
0.0160558,0.214788,0.119744,2
0.0214055,0.212085,0.1148,2
0.016676,0.212578,0.117474,2
0.013271,0.21277,0.116712,2
0.0176498,0.214791,0.117468,2
0.0196284,0.218368,0.115163,2
0.0884445,0.11203,0.0383102,3
0.0126928,0.218126,0.113856,3
0.0326587,0.088594,0.0354188,3
0.0168367,0.21459,0.111913,3
0.0147173,0.207096,0.114513,3
0.0226077,0.217336,0.112951,3
0.01012,0.216447,0.113513,3
0.0194126,0.215065,0.112986,3
0.0116058,0.212053,0.112015,3
0.0830343,0.0151482,0.0386769,3
0.0766748,0.202274,0.0595541,3
0.0160522,0.212863,0.109928,3
0.0139033,0.0451357,0.0467546,3
0.0580501,0.179413,0.0586075,3
0.0937443,0.0575547,0.0990294,3
0.00475455,0.188428,0.0695426,3
0.0283049,0.222647,0.0557792,3
0.0766852,0.160409,0.0574377,3
0.000342904,0.0288933,0.00790021,3
0.00683159,0.0682077,0.0277001,3
0.093879,0.00164524,0.0214984,3
0.00174857,0.140003,0.100293,3
0.025122,0.188852,0.0233092,3
0.0613273,0.149191,0.0887062,3
0.020389,0.0445625,0.0679592,3
0.0135423,0.209321,0.113193,3
0.0277537,0.0251534,0.0758436,3
0.00320427,0.0353073,0.0300588,3
0.0928212,0.117561,0.113406,3
0.0173108,0.218044,0.113719,3
0.0132246,0.216846,0.111172,3
0.0377915,0.000841184,0.0232498,3
0.0536877,0.116954,0.107715,3
0.0124219,0.214031,0.112382,3
0.0175177,0.215445,0.114813,3
0.0869509,0.10232,0.114806,3
0.0623638,0.216819,0.0393683,3
0.046816,0.0319395,0.0892573,3
0.0444622,0.147261,0.10813,3
0.0522999,0.214236,0.00363633,3
0.0459861,0.00578907,0.0601706,3
0.0615146,0.0470523,0.100494,3
0.0426596,0.113147,0.0760454,3
0.0100999,0.16581,0.0475837,3
0.0124254,0.164992,0.0759773,3
0.0191314,0.124903,0.0792626,3
0.00754851,0.0578222,0.0317897,3
0.0107797,0.106654,0.028037,3
0.0435714,0.0928614,0.00778296,3
0.0837619,0.0153202,0.0986933,3
0.0078538,0.00275036,0.104969,3
0.078043,0.0428652,0.0923809,3
0.0202027,0.183682,0.052002,3
0.0633175,0.0158178,0.00472882,3
0.0643237,0.151653,0.0364378,3
0.0364766,0.0437885,0.0430985,3
0.0949672,0.150212,0.0138568,3
0.0345767,0.159892,0.0126322,3
0.0220897,0.217631,0.0696834,3
0.0175106,0.211264,0.112799,3
0.0507618,0.0114337,0.111958,3
0.0185312,0.172416,0.0490021,3
0.0821671,0.0322521,0.108854,3
0.00340067,0.0285517,0.0717824,3
0.0330507,0.0632975,0.0370251,3
0.0439897,0.0734661,0.0485725,3
0.0740242,0.209287,0.0958342,3
0.0388372,0.0419606,0.00119164,3
0.0050155,0.177841,0.0305113,3
0.0834088,0.18788,0.0444779,3
0.0149509,0.0067599,0.0436584,3
0.061933,0.0107558,0.092359,3
0.0210368,0.114427,0.0850274,3
0.0274965,0.0925569,0.0865829,3
0.0700933,0.199328,0.105481,3
0.0368457,0.165632,0.0408363,3
0.0549448,0.0097871,0.0240505,3
0.0896806,0.150744,0.0647827,3
0.0412912,0.0455448,0.0422008,3
0.0601556,0.163754,0.0431117,3
0.03407,0.195029,0.00283229,3
0.0888016,0.197354,0.103585,3
0.0298846,0.0235062,0.0806466,3
0.0332829,0.0803133,0.0175608,3
0.000697078,0.166569,0.0758827,3
0.0125436,0.063828,0.0751745,3
0.0459418,0.219556,0.0971817,3
0.0417582,0.0345286,0.113243,3
0.0305362,0.0599643,0.00571378,3
0.0479703,0.161379,0.0494415,3
0.0741016,0.168492,0.0550582,3
0.0536287,0.036591,0.108556,3
0.0786933,0.168362,0.0850414,3
0.0168236,0.21231,0.114005,3
0.0863832,0.197026,0.0153542,3
0.0123928,0.213596,0.111651,3
0.0939558,0.149861,0.0217107,3
0.015344,0.212945,0.110928,3
0.0149404,0.0931802,0.0400592,3
0.0559942,0.0161167,0.0482344,3
0.0474616,0.119102,0.0448428,3
0.0669382,0.0765118,0.0176952,3
0.0206442,0.0625103,0.0377068,3
0.0254121,0.1999,0.0531662,3
0.0723848,0.0309806,0.0213123,3
0.0161678,0.0206537,0.0676225,3
0.0295544,0.121515,0.0280025,3
0.00733635,0.215531,0.0412708,3
0.0162461,0.212694,0.112797,3
0.0356798,0.197966,0.0405619,3
0.0168002,0.216258,0.110008,3
0.036216,0.20706,0.042219,3
0.0164498,0.179516,0.0846457,3
0.0732337,0.0141164,0.0311298,3
0.0338638,0.152889,0.112394,3
0.0298575,0.166766,0.038985,3
0.0149472,0.180761,0.0530699,3
0.0363723,0.196355,0.026473,3
0.0603536,0.164653,0.0668843,3
0.0357598,0.124637,0.040388,3
0.0715052,0.0366279,0.0832472,3
0.0952122,0.0833169,0.054174,3
0.0563447,0.0498777,0.0475741,3
0.0176421,0.214299,0.109629,3
0.0188017,0.209858,0.113842,3
0.0147606,0.219959,0.114246,3
