x coord,y coord,z coord,rank
0.102558,0.120498,0.0263693,0
0.00314746,0.0410298,0.0713186,0
0.0655046,0.0549549,0.0387598,0
0.108301,0.0386029,0.101085,0
0.012369,0.0572457,0.0100007,0
0.20931,0.0690289,0.0420435,0
0.0469337,0.108404,0.0973404,0
0.100167,0.0696977,0.00820911,0
0.00624475,0.0098623,0.051981,0
0.0442408,0.00779555,0.0812964,0
0.223042,0.0328631,0.10082,0
0.111988,0.108951,0.00937751,0
0.0679876,0.0773067,0.0757174,0
0.0974668,0.0554074,0.0921108,0
0.052389,0.0113291,0.0815304,0
0.0715634,0.115646,0.0981062,0
0.0988792,0.00757181,0.0285015,0
0.013452,0.0789182,0.0781038,0
0.0234188,0.0880357,0.0615777,0
0.00689655,0.0480979,0.0497583,0
0.00102698,0.0248624,0.100179,0
0.149672,0.0512202,0.0660513,0
0.129379,0.106231,0.0295562,0
0.224592,0.0900421,0.0499128,0
0.0424503,0.0541138,0.0141266,0
0.074447,0.0332403,0.0349862,0
0.052971,0.0412184,0.0436887,0
0.122336,0.093633,0.00694865,0
0.0941836,0.111929,0.00661668,0
0.0256331,0.0834807,0.0332588,0
0.132763,0.0288302,0.0148652,0
0.16644,0.0392018,0.0407599,0
0.0680071,0.106332,0.0614916,0
0.043121,0.0246154,0.0479553,0
0.0151562,0.0466871,0.0704584,0
0.119699,0.000303886,0.00287385,0
0.0438641,0.120296,0.0709568,0
0.0606732,0.012844,0.000986471,0
0.110776,0.0505626,0.00455276,0
0.029381,0.0465524,0.0954414,0
0.0481888,0.0298295,0.0507719,0
0.0235857,0.121749,0.0221901,0
0.191911,0.0273288,0.052,0
0.15443,0.0681682,0.060702,0
0.136841,0.096285,0.0281281,0
0.199036,0.0107175,0.0825095,0
0.0834413,0.102796,0.0336949,0
0.0619256,0.065747,0.0527348,0
0.171487,0.0705548,0.0293772,0
0.0298122,0.027098,0.00857253,0
0.00688028,0.104427,0.0716728,0
0.0162837,0.0309946,0.0265417,0
0.0270612,0.0961197,0.0144227,0
0.0862098,0.0476304,0.0328901,0
0.0863148,0.118384,0.0338998,0
0.055057,0.0582912,0.0704016,0
0.0049036,0.000848051,0.0561191,0
0.16368,0.0641242,0.0343797,0
0.00510757,0.00976903,0.0166586,0
0.0775846,0.0906301,0.0598411,0
0.035072,0.115412,0.0599417,0
0.00662048,0.00849897,0.0230933,0
0.128152,0.0436117,0.0236126,0
0.17349,0.0581794,0.0565095,0
0.0980206,0.100415,0.087753,0
0.0611714,0.0442641,0.0108589,0
0.19186,0.0387049,0.0243197,0
0.169744,0.0562904,0.0398244,0
0.221321,0.0904269,0.0524611,0
0.0418059,0.0105726,0.04542,0
0.0359079,0.051077,0.0637072,0
0.111646,0.0931873,0.0261401,0
0.201295,0.0960263,0.0474456,0
0.00538994,0.0758073,0.0499173,0
0.0658822,0.0592771,0.0242908,0
0.0273678,0.00530857,0.0315562,0
0.0372969,0.0495667,0.0959126,0
0.0128268,0.103773,0.0694024,0
0.199565,0.0321377,0.100628,0
0.0291366,0.0490521,0.0587823,0
0.189122,0.108023,0.0951579,0
0.075163,0.112709,0.102397,0
0.00515875,0.00757999,0.00942593,0
0.047158,0.0921363,0.0966525,0
0.210134,0.0729612,0.0875594,0
0.123287,0.0662247,0.0416439,0
0.137807,0.108887,0.0630148,0
0.16232,0.0151377,0.0688706,0
0.212497,0.0634508,0.0501447,0
0.170786,0.0232341,0.0497274,0
0.212388,0.0425876,0.0901229,0
0.158276,0.111436,0.092284,0
0.183644,0.0477832,0.0386111,0
0.206487,0.092625,0.031373,0
0.139513,0.0160025,0.00826878,0
0.0893869,0.098052,0.0191972,0
0.215305,0.017161,0.0492585,0
0.182358,0.0403975,0.0991526,0
0.131304,0.095601,0.0593119,0
0.118204,0.0342316,0.0667049,0
0.0923678,0.0104287,0.00350617,0
0.108176,0.0563061,0.024474,0
0.191798,0.0079527,0.0259565,0
0.105375,0.0210904,0.0484777,0
0.181491,0.0814773,0.0108493,0
0.204889,0.0177343,0.0150683,0
0.166003,0.0305115,0.079104,0
0.0652201,0.0903617,0.0892864,0
0.109765,0.119124,0.00476983,0
0.199027,0.0794458,0.000864029,0
0.200919,0.0910563,0.0496,0
0.115061,0.0442611,0.0918998,0
0.138482,0.0488928,0.0334696,0
0.0888725,0.098015,0.017696,0
0.0675652,0.0520735,0.0853276,0
0.171506,0.0418989,0.0962536,0
0.199533,0.00555382,0.0584957,0
0.172413,0.0656418,0.0156112,0
0.191587,0.0352598,0.0465327,0
0.102053,0.0668203,0.0757192,0
0.0933371,0.0162302,0.0968332,0
0.0402326,0.115516,0.0929642,0
0.017595,0.0878059,0.0896796,0
0.0855506,0.0348125,0.0218553,0
0.193548,0.0752986,0.0952587,0
0.0933822,0.0436868,0.0996221,0
0.113461,0.122345,0.0368417,0
0.1556,0.122313,0.0460637,0
0.05043,0.0873914,0.105009,1
0.183387,0.121621,0.104916,1
0.0852669,0.0642967,0.143199,1
0.0738556,0.119149,0.140331,1
0.144457,0.0024337,0.131152,1
0.179984,1.56424e-05,0.219258,1
0.107006,0.0757494,0.218879,1
0.135994,0.114679,0.211815,1
0.190581,0.0871901,0.151313,1
0.179998,0.0321672,0.176524,1
0.200525,0.0642307,0.195285,1
0.163819,0.0259007,0.192197,1
0.0704704,0.0613054,0.149953,1
0.077538,0.0149268,0.19662,1
0.0297805,0.0807434,0.113518,1
0.211087,0.0490111,0.192774,1
0.161882,0.0685709,0.126438,1
0.195918,0.0286804,0.198183,1
0.203659,0.048864,0.172762,1
0.0476535,0.105172,0.111649,1
0.130073,0.0577253,0.139915,1
0.116077,0.121946,0.208672,1
0.0024112,0.075027,0.210471,1
0.221285,0.0252206,0.144262,1
0.216308,0.0469557,0.133381,1
0.110441,0.0591929,0.136808,1
0.0968434,0.102078,0.167567,1
0.0125573,0.0561173,0.22142,1
0.038218,0.0561976,0.21147,1
0.111704,0.118675,0.115572,1
0.14688,0.102392,0.197923,1
0.073321,0.0983739,0.178773,1
0.000249486,0.0149068,0.150724,1
0.0384432,0.0357348,0.169688,1
0.0550906,0.00329174,0.218095,1
0.216879,0.00404036,0.186584,1
0.0720762,0.0474866,0.160742,1
0.0334386,0.0461838,0.128726,1
0.121615,0.100971,0.108094,1
0.141333,0.0383372,0.127088,1
0.0935192,0.111874,0.213418,1
0.21585,0.10524,0.165313,1
0.177774,0.0969162,0.108402,1
0.0685421,0.0365506,0.123405,1
0.084415,0.103487,0.222402,1
0.0971035,0.0775457,0.206678,1
0.00636483,0.110448,0.154221,1
0.216754,0.013787,0.19412,1
0.141167,0.0568766,0.191565,1
0.0366693,0.0506668,0.137401,1
0.188407,0.0752852,0.195764,1
0.0504507,0.102253,0.118638,1
0.0481071,0.0670655,0.147989,1
0.003149,0.0564645,0.106805,1
0.186543,0.0835042,0.151426,1
0.02696,0.0232367,0.188975,1
0.156044,0.0625564,0.219482,1
0.0250477,0.0128236,0.106282,1
0.200313,0.106827,0.127231,1
0.0656144,0.105939,0.219467,1
0.18345,0.0297889,0.18473,1
0.0760851,0.00133683,0.143488,1
0.0260511,0.0856503,0.170326,1
0.163958,0.0713812,0.192715,1
0.0647991,0.0712835,0.129443,1
0.135197,0.0973527,0.173324,1
0.186659,0.0079785,0.167683,1
0.218275,0.0315395,0.199392,1
0.100569,0.0317497,0.208216,1
0.140817,0.021494,0.131691,1
0.150524,0.119173,0.126321,1
0.00477582,0.0942628,0.193498,1
0.04911,0.0603543,0.159019,1
0.0251493,0.106841,0.137072,1
0.163702,0.0416678,0.177209,1
0.0715533,0.0702097,0.164723,1
0.205369,0.0730938,0.151166,1
0.0585436,0.000528756,0.210659,1
0.00050561,0.0548622,0.22257,1
0.00614432,0.103008,0.216418,1
0.0666695,0.103333,0.220727,1
0.13918,0.0470464,0.216071,1
0.0791749,0.0428623,0.207291,1
0.0193495,0.0725724,0.191891,1
0.213911,0.106541,0.161829,1
0.0731416,0.0670688,0.218393,1
0.0689387,0.0508822,0.143541,1
0.025702,0.0859744,0.158989,1
0.0149651,0.0764574,0.150355,1
0.106852,0.0196229,0.158088,1
0.107996,0.00332887,0.115079,1
0.174445,0.0287656,0.178409,1
0.21138,0.0429645,0.110779,1
0.125799,0.0185085,0.222432,1
0.100485,0.0755129,0.11311,1
0.0345139,0.0997042,0.213078,1
0.160868,0.0812912,0.120196,1
0.153145,0.0185797,0.19004,1
0.162581,0.0786424,0.118375,1
0.184998,0.114263,0.154037,1
0.0275385,0.040234,0.193314,1
0.058501,0.111327,0.213257,1
0.21322,0.0498143,0.20954,1
0.176881,0.120696,0.147755,1
0.140922,0.0262819,0.131332,1
0.0378324,0.0775511,0.188821,1
0.0871185,0.110533,0.222777,1
0.0708484,0.0255027,0.197734,1
0.00706808,0.0159361,0.110192,1
0.0583356,0.0656507,0.193519,1
0.166916,0.0531072,0.148039,1
0.0535312,0.110333,0.221233,1
0.199675,0.0108209,0.199209,1
0.0411559,0.116423,0.128687,1
0.00977388,0.0618542,0.154803,1
0.137573,0.0365019,0.205334,1
0.00711906,0.106623,0.218068,1
0.00100523,0.0345108,0.16768,1
0.0535146,0.0979917,0.120994,1
0.101459,0.0768139,0.198694,1
0.202661,0.0080809,0.190632,1
0.0215561,0.0280912,0.11664,1
0.145971,0.12041,0.158316,1
0.0643967,0.0711365,0.120874,1
0.0656146,0.093185,0.104533,1
0.210139,0.121728,0.139713,1
0.154423,0.122088,0.152721,1
0.0280524,0.163456,0.123362,2
0.20549,0.124116,0.140907,2
0.165256,0.223718,0.0845811,2
0.0306123,0.209636,0.220168,2
0.0584001,0.185146,0.109303,2
0.0259547,0.18737,0.166143,2
0.0849399,0.167771,0.126108,2
0.00126924,0.206045,0.10941,2
0.0740916,0.14486,0.132459,2
0.0814158,0.127731,0.113726,2
0.00852693,0.191223,0.0852197,2
0.00377586,0.191564,0.213471,2
0.0373711,0.132414,0.101773,2
0.0647115,0.19079,0.0943317,2
0.0801299,0.160071,0.176073,2
0.0140042,0.16177,0.179752,2
0.0612858,0.198219,0.160788,2
0.158739,0.215398,0.0904084,2
0.179453,0.157272,0.17985,2
0.0414723,0.207811,0.149189,2
0.0555956,0.12569,0.107763,2
0.203153,0.127706,0.14246,2
0.215145,0.152645,0.218316,2
0.000961776,0.142249,0.108599,2
0.188203,0.161882,0.163936,2
0.0835269,0.133049,0.163261,2
0.0944165,0.149363,0.224597,2
0.181597,0.166007,0.165909,2
0.113037,0.147878,0.158126,2
0.222412,0.222395,0.0882934,2
0.0246274,0.189058,0.168326,2
0.199862,0.167838,0.222422,2
0.0570812,0.213172,0.145856,2
0.186242,0.147554,0.1348,2
0.210649,0.217161,0.150034,2
0.174129,0.224033,0.173627,2
0.0263504,0.182015,0.2059,2
0.160236,0.21326,0.0888727,2
0.188234,0.213417,0.105046,2
0.16525,0.157815,0.120715,2
0.036175,0.124061,0.0892585,2
0.0759046,0.210291,0.109426,2
0.171958,0.152539,0.0981414,2
0.0643973,0.213129,0.131505,2
0.210093,0.170257,0.106793,2
0.209868,0.137341,0.10435,2
0.137503,0.210689,0.138601,2
0.127717,0.192516,0.157465,2
0.0388914,0.143638,0.202579,2
0.138908,0.168446,0.169475,2
0.199028,0.213651,0.100327,2
0.147531,0.17563,0.0948188,2
0.0746761,0.212548,0.195746,2
0.17894,0.204654,0.217574,2
0.170977,0.12296,0.109025,2
0.00927834,0.189092,0.214006,2
0.0207918,0.165918,0.12232,2
0.112465,0.161271,0.211938,2
0.0275466,0.223499,0.150761,2
0.137506,0.18081,0.171471,2
0.0305684,0.19849,0.100947,2
0.0787935,0.213654,0.113448,2
0.0432009,0.218493,0.22468,2
0.118069,0.126708,0.212954,2
0.185462,0.126166,0.100052,2
0.186436,0.158676,0.121322,2
0.20281,0.169166,0.171265,2
0.224877,0.218832,0.222515,2
0.0978613,0.13058,0.156176,2
0.177643,0.140178,0.122978,2
0.0160148,0.174072,0.109152,2
0.190276,0.211828,0.093,2
0.0804489,0.188572,0.215149,2
0.000226502,0.217023,0.155196,2
0.0517107,0.194187,0.189383,2
0.158543,0.194049,0.131633,2
0.0147417,0.183807,0.218179,2
0.025217,0.141355,0.222108,2
0.18145,0.222145,0.212138,2
0.125286,0.175637,0.123507,2
0.127554,0.153327,0.10592,2
0.00316178,0.145027,0.107278,2
0.0715979,0.169322,0.116344,2
0.158951,0.194327,0.175239,2
0.139206,0.131092,0.0941821,2
0.153365,0.200914,0.199123,2
0.215693,0.156688,0.217766,2
0.0195851,0.14595,0.205517,2
0.145858,0.198419,0.196616,2
0.161611,0.157531,0.0989638,2
0.217979,0.126004,0.143989,2
0.155686,0.193907,0.170406,2
0.069612,0.180443,0.119951,2
0.178911,0.15905,0.105344,2
0.184448,0.155323,0.120363,2
0.101569,0.179782,0.180097,2
0.108965,0.206464,0.11327,2
0.163281,0.169806,0.223814,2
0.128993,0.134668,0.135522,2
0.107993,0.124563,0.120817,2
0.136918,0.197889,0.127182,2
0.165925,0.126145,0.161738,2
0.170751,0.200153,0.129492,2
0.106211,0.199317,0.196986,2
0.105022,0.195373,0.0856805,2
0.219771,0.167748,0.212726,2
0.131503,0.206618,0.137311,2
0.214263,0.218767,0.166426,2
0.111235,0.136702,0.0869401,2
0.136084,0.223539,0.15306,2
0.117056,0.141336,0.147859,2
0.0329286,0.123575,0.103681,2
0.214446,0.161975,0.172458,2
0.152539,0.213427,0.145602,2
0.1037,0.204633,0.180072,2
0.147236,0.196633,0.191691,2
0.111765,0.196808,0.0921966,2
0.2198,0.135386,0.121328,2
0.198952,0.207691,0.2194,2
0.188965,0.207665,0.22169,2
0.0273594,0.174813,0.047452,3
0.0318584,0.17676,0.0452151,3
0.0349546,0.17659,0.0461062,3
0.0340678,0.175638,0.0456027,3
0.111092,0.13854,0.079179,3
0.0338423,0.181263,0.0492815,3
0.0310248,0.180961,0.0430802,3
0.0274842,0.179626,0.0775755,3
0.0295929,0.184426,0.048201,3
0.0317296,0.174054,0.0504797,3
0.115981,0.205211,0.0459435,3
0.036687,0.174227,0.0431246,3
0.036706,0.178441,0.0478802,3
0.0350703,0.180711,0.0442655,3
0.138807,0.145697,0.0034805,3
0.062986,0.148817,0.00802511,3
0.170381,0.222277,0.064853,3
0.110676,0.135246,0.0666347,3
0.172449,0.222087,0.0647793,3
0.184409,0.165295,0.00214442,3
0.156788,0.123944,0.0236611,3
0.202536,0.134926,0.0729701,3
0.14305,0.172394,0.0747686,3
0.173076,0.126376,0.0507907,3
0.0878043,0.125158,0.0185275,3
0.12695,0.138499,0.0703812,3
0.0228475,0.138856,0.00388342,3
0.0363463,0.176312,0.0448588,3
0.0327648,0.182698,0.0409714,3
0.0949546,0.222612,0.0497118,3
0.163037,0.14239,0.00126203,3
0.10022,0.138478,0.0316876,3
0.0381112,0.180052,0.0462087,3
0.189174,0.140305,0.00174739,3
0.202472,0.196906,0.031431,3
0.0302419,0.178699,0.0441311,3
0.183648,0.188343,0.0712515,3
0.0358041,0.182425,0.0493323,3
0.0314318,0.179927,0.0447256,3
0.0309089,0.176273,0.0446709,3
0.0342578,0.181758,0.0462905,3
0.181618,0.177774,0.0367539,3
0.0838295,0.175782,0.0684411,3
0.177041,0.190287,0.0245088,3
0.0303836,0.180543,0.0451629,3
0.151363,0.183887,0.0640011,3
0.153219,0.222859,0.019666,3
0.137508,0.196764,0.0593539,3
0.136157,0.148365,0.0290602,3
0.0327368,0.181569,0.0422272,3
0.0474819,0.150197,0.0783791,3
0.0327207,0.175902,0.0461241,3
0.198737,0.126617,0.00131783,3
0.0910094,0.167954,0.0641433,3
0.0746168,0.170194,0.0177677,3
0.0794352,0.214241,0.0275747,3
0.0302967,0.186447,0.0420445,3
0.0366758,0.176107,0.0499727,3
0.0344276,0.181324,0.0471602,3
0.0336381,0.173328,0.0472163,3
0.0370612,0.17964,0.0431564,3
0.0312655,0.179324,0.0486207,3
0.0483275,0.211918,0.00563199,3
0.159448,0.155383,0.00750524,3
0.216464,0.165397,0.0154995,3
0.00225922,0.198116,0.0659899,3
0.0318202,0.220825,0.0322759,3
0.117906,0.168255,0.0227683,3
0.0354448,0.179681,0.0455812,3
0.188366,0.221771,0.0741409,3
0.0949242,0.157803,0.0810119,3
0.0236348,0.178113,0.0393501,3
0.117615,0.14203,0.0398043,3
0.0337848,0.179653,0.0424492,3
0.0698892,0.18904,0.0448042,3
0.161305,0.217051,0.0246231,3
0.0582677,0.197481,0.00750873,3
0.201622,0.214225,0.0690346,3
0.0176998,0.193212,0.00740334,3
0.129089,0.135924,0.0642113,3
0.0355155,0.1827,0.044623,3
0.0346424,0.176735,0.0513715,3
0.178647,0.194632,0.0143446,3
0.0293598,0.177411,0.0506905,3
0.034659,0.177213,0.0464654,3
0.0274227,0.181388,0.0652801,3
0.0361434,0.17814,0.0500303,3
0.0349443,0.179309,0.0445967,3
0.0284486,0.184132,0.047355,3
0.0111528,0.206766,0.000567214,3
0.0788544,0.131413,0.0117588,3
0.101493,0.203011,0.0562859,3
0.191958,0.16746,0.0423156,3
0.0317736,0.179869,0.0468712,3
0.0288925,0.164645,0.0472205,3
0.154569,0.220604,0.0441377,3
0.19041,0.184817,0.0513283,3
0.163157,0.180744,0.0141495,3
0.0364017,0.179447,0.0466563,3
0.0325106,0.172591,0.0464198,3
0.0328306,0.179321,0.0426506,3
0.0314527,0.181343,0.0478635,3
0.222766,0.155859,0.038317,3
0.0268768,0.181135,0.0461668,3
0.0370089,0.183559,0.0445308,3
0.0327797,0.178689,0.0452238,3
0.16609,0.184014,0.0134708,3
0.0345718,0.173647,0.045346,3
0.11305,0.218089,0.0107475,3
0.0640302,0.194734,0.0837804,3
0.0320598,0.179507,0.039983,3
0.0341911,0.178782,0.0396161,3
0.0343853,0.183235,0.0366295,3
0.0345833,0.177761,0.048289,3
0.0376698,0.183786,0.0457965,3
0.040112,0.18023,0.0431791,3
0.0335429,0.174771,0.042476,3
0.177736,0.194264,0.0130903,3
0.00114346,0.189239,0.0190954,3
0.136527,0.161916,0.0574945,3
0.13498,0.150634,0.0438956,3
0.134536,0.134975,0.0490453,3
0.139282,0.207216,0.050015,3
0.20263,0.160278,0.084233,3
0.0373029,0.174223,0.0809872,3
