x coord,y coord,z coord,rank
0.137303,0.144394,0.0817741,0
0.10703,0.105601,0.0337702,0
0.199707,0.214151,0.0937164,0
0.171597,0.204776,0.0592829,0
0.142164,0.175161,0.0348302,0
0.155477,0.134965,0.0144596,0
0.149766,0.109954,0.0267376,0
0.114633,0.142998,0.0393959,0
0.157069,0.0685095,0.091436,0
0.111597,0.017525,0.0368835,0
0.196532,0.217884,0.0943577,0
0.152161,0.000235893,0.0426117,0
0.12849,0.15815,0.0261231,0
0.127232,0.0495305,0.0310244,0
0.206982,0.0724751,0.0586762,0
0.114066,0.106346,0.00385314,0
0.186802,0.10541,0.00711503,0
0.183283,0.0444048,0.00902337,0
0.159466,0.118025,0.101382,0
0.217585,0.215025,0.0774787,0
0.161836,0.141143,0.0270378,0
0.17863,0.0659824,0.0840837,0
0.115033,0.187481,0.0013917,0
0.191338,0.0182582,0.00538523,0
0.184482,0.0527915,0.00859165,0
0.155471,0.133308,0.0312057,0
0.108202,0.219129,0.0149551,0
0.161833,0.0684853,0.0360093,0
0.16592,0.212836,0.0374206,0
0.200523,0.0424125,0.0548414,0
0.133748,0.0468921,0.0283382,0
0.198254,0.0389477,0.0659908,0
0.21064,0.17323,0.0665485,0
0.173313,0.145611,0.0543475,0
0.219185,0.0639466,0.0447263,0
0.214132,0.0213565,0.0547255,0
0.129785,0.179606,0.0033299,0
0.199371,0.136632,0.00132727,0
0.204886,0.00491152,0.080144,0
0.147154,0.146472,0.0403491,0
0.131977,0.202282,0.00475374,0
0.210012,0.193953,0.0343798,0
0.193245,0.122371,0.00592277,0
0.182168,0.0249557,0.0224705,0
0.151336,0.11416,0.0483147,0
0.190923,0.0640415,0.0631319,0
0.109895,0.104329,0.0851806,0
0.170099,0.0954542,0.0437991,0
0.201676,0.209201,0.0408777,0
0.13079,0.00432139,0.0348272,0
0.118109,0.185112,0.0368284,0
0.111182,0.138217,0.0767831,0
0.163124,0.21307,0.00940734,0
0.184799,0.132963,0.0715938,0
0.182973,0.00958604,0.0847036,0
0.207062,0.120867,0.00803244,0
0.156918,0.0591623,0.0221315,0
0.156541,0.193043,0.0278826,0
0.122501,0.140894,0.098531,0
0.157484,0.00408275,0.0605696,0
0.195606,0.16277,0.067715,0
0.198739,0.184388,0.0592465,0
0.145778,0.147597,0.0398954,0
0.222905,0.135649,0.0956794,0
0.151789,0.0793664,0.0559997,0
0.224444,0.150639,0.0998873,0
0.197527,0.091496,0.0398179,0
0.19452,0.151059,0.0220776,0
0.196083,0.221387,0.0879084,0
0.194764,0.0630896,0.0443108,0
0.137764,0.0248541,0.0128264,0
0.199587,0.125253,0.0739874,0
0.215499,0.216448,0.0337456,0
0.119192,0.124819,0.063057,0
0.149682,0.196431,0.0761811,0
0.224851,0.220975,0.0128443,0
0.121075,0.0897463,0.0549312,0
0.201674,0.119953,0.0647368,0
0.135189,0.210603,0.0308162,0
0.135377,0.146003,0.0979829,0
0.163141,0.107443,0.0202877,0
0.134949,0.168748,0.0134325,0
0.164631,0.134065,0.0908217,0
0.20827,0.000718028,0.0514106,0
0.207682,0.124349,0.0396258,0
0.219985,0.218597,0.0636443,0
0.141683,0.20024,0.0399363,0
0.123048,0.181292,0.0291407,0
0.163118,0.21597,0.0757089,0
0.19174,0.0522472,0.0573981,0
0.146856,0.201358,0.0755115,0
0.18729,0.181112,0.0880222,0
0.205274,0.00913411,0.0536728,0
0.189954,0.109224,0.0362512,0
0.104569,0.0837277,0.0338906,0
0.188687,0.193795,0.0311938,0
0.180633,0.133832,0.0954234,0
0.208883,0.117999,0.0541003,0
0.223338,0.146628,0.0792136,0
0.10557,0.0695824,0.0813587,0
0.162032,0.180093,0.0234607,0
0.126556,0.0296256,0.0169246,0
0.132756,0.0783458,0.0173367,0
0.186871,0.196386,0.0422003,0
0.118637,0.0260643,0.0262282,0
0.160883,0.15833,0.0788968,0
0.170364,0.123552,0.101714,0
0.131062,0.0819562,0.0341545,0
0.126088,0.0991347,0.0527197,0
0.111033,0.212615,0.0173017,0
0.126035,0.0442531,0.0252985,0
0.116201,0.0996212,0.0890306,0
0.180874,0.0132373,0.0501472,0
0.104011,0.0668022,0.0724199,0
0.111101,0.0263885,0.0273587,0
0.140533,0.0714197,0.017353,0
0.119008,0.18416,0.0327655,0
0.124643,0.000590422,0.0107326,0
0.144555,0.093618,0.0105416,0
0.110555,0.15246,0.100066,0
0.1193,0.220486,0.0610665,0
0.175259,0.118712,0.0922938,0
0.104426,0.207263,0.019366,0
0.122954,0.112928,0.0497989,0
0.163576,0.106282,0.102627,0
0.140556,0.107429,0.121725,1
0.192966,0.117845,0.105809,1
0.127756,0.125364,0.179341,1
0.180654,0.12056,0.105542,1
0.193933,0.215657,0.151513,1
0.198285,0.0765146,0.117191,1
0.211849,0.112115,0.177275,1
0.144645,0.176754,0.105256,1
0.182183,0.161535,0.161141,1
0.13666,0.140396,0.183419,1
0.168404,0.18008,0.189241,1
0.103694,0.0367866,0.12533,1
0.216238,0.153888,0.168535,1
0.191372,0.0986527,0.109957,1
0.221147,0.00508641,0.108554,1
0.148109,0.00630487,0.124383,1
0.126024,0.00110095,0.12011,1
0.150502,0.159957,0.187918,1
0.224619,0.187911,0.137979,1
0.193398,0.185627,0.178165,1
0.222737,0.139853,0.165203,1
0.177126,0.182327,0.210365,1
0.194143,0.0322041,0.11322,1
0.195754,0.0178835,0.106374,1
0.149808,0.101668,0.130763,1
0.197322,0.105301,0.114114,1
0.160605,0.138648,0.121779,1
0.203073,0.201056,0.182698,1
0.175155,0.122497,0.22475,1
0.146227,0.0422464,0.107964,1
0.133617,0.186958,0.224021,1
0.112742,0.0409706,0.126212,1
0.165266,0.0330599,0.105013,1
0.133773,0.183405,0.120791,1
0.162142,0.207982,0.190483,1
0.188782,0.162888,0.152276,1
0.154218,0.0769465,0.121045,1
0.220798,0.114855,0.131476,1
0.177874,0.107817,0.1297,1
0.205785,0.223106,0.156242,1
0.215704,0.097243,0.155177,1
0.184996,0.0485657,0.180695,1
0.175107,0.150657,0.198843,1
0.17357,0.0574714,0.147238,1
0.118379,0.0188455,0.188185,1
0.164053,0.0692837,0.182351,1
0.161705,0.21759,0.107924,1
0.159445,0.188988,0.213585,1
0.111668,0.151849,0.148611,1
0.213413,0.00601471,0.174427,1
0.186019,0.0544367,0.223949,1
0.179993,0.0581853,0.216188,1
0.184036,0.167808,0.178372,1
0.186522,0.073654,0.185408,1
0.217172,0.0736441,0.147836,1
0.207229,0.1335,0.170015,1
0.182807,0.0672723,0.20448,1
0.168453,0.194407,0.115991,1
0.14321,0.211596,0.224686,1
0.140199,0.152099,0.142808,1
0.145608,0.0345623,0.17822,1
0.169959,0.069179,0.156997,1
0.156093,0.089635,0.132607,1
0.216669,0.216022,0.191493,1
0.175087,0.0425873,0.171271,1
0.156332,0.143891,0.122273,1
0.144949,0.0120167,0.190404,1
0.207229,0.140987,0.187746,1
0.119157,0.0706006,0.19065,1
0.185732,0.158865,0.191436,1
0.183518,0.0754733,0.224982,1
0.212427,0.0592355,0.215152,1
0.216744,0.167265,0.175676,1
0.147023,0.203779,0.148228,1
0.190126,0.205958,0.115613,1
0.183449,0.00952143,0.162882,1
0.143359,0.0787577,0.129124,1
0.193605,0.176284,0.162663,1
0.110805,0.00663514,0.129521,1
0.117454,0.0635138,0.220756,1
0.109508,0.0566965,0.196982,1
0.119885,0.195211,0.156038,1
0.188238,0.0564474,0.204837,1
0.172256,0.144916,0.164858,1
0.156181,0.0187644,0.176444,1
0.153438,0.157129,0.16727,1
0.174371,0.205339,0.158769,1
0.214636,0.224878,0.132628,1
0.157572,0.212644,0.107111,1
0.222606,0.00813183,0.126888,1
0.11451,0.00201065,0.202718,1
0.198142,0.0722816,0.193149,1
0.127792,0.11787,0.159588,1
0.137103,0.0574641,0.192091,1
0.183671,0.131615,0.223005,1
0.13395,0.0516665,0.16871,1
0.210275,0.113194,0.196315,1
0.108826,0.0478584,0.109397,1
0.203448,0.0304397,0.119055,1
0.123026,0.102035,0.205631,1
0.156601,0.158045,0.152401,1
0.218962,0.046346,0.155679,1
0.172015,0.186603,0.19475,1
0.171565,0.179617,0.196641,1
0.110847,0.197035,0.17826,1
0.152402,0.163619,0.172328,1
0.205948,0.181713,0.154237,1
0.157818,0.0363112,0.193849,1
0.198294,0.116371,0.107561,1
0.106434,0.00672351,0.197028,1
0.122985,0.21467,0.109458,1
0.183078,0.0397657,0.17747,1
0.143361,0.00864964,0.221408,1
0.104496,0.0130361,0.208642,1
0.135463,0.19509,0.109411,1
0.101959,0.0523905,0.146191,1
0.185175,0.014773,0.185298,1
0.187453,0.113362,0.151017,1
0.216796,0.0407565,0.184196,1
0.153606,0.00346357,0.182115,1
0.170745,0.0691609,0.224925,1
0.117878,0.0205587,0.174633,1
0.189248,0.0790229,0.122407,1
0.103353,0.155733,0.18482,1
0.102389,0.166442,0.163785,1
0.0421301,0.0936359,0.218227,2
0.0296241,0.149891,0.220425,2
0.0897333,0.178871,0.195389,2
0.052884,0.130799,0.159446,2
0.0772856,0.0987146,0.190846,2
0.0914089,0.128787,0.179895,2
0.0905357,0.137733,0.165907,2
0.0381784,0.0917952,0.217694,2
0.0415368,0.0937816,0.212142,2
0.040693,0.0885178,0.21481,2
0.0772526,0.221723,0.156832,2
0.0345502,0.220443,0.144108,2
0.0550567,0.00840474,0.167913,2
0.0154368,0.0844614,0.216997,2
0.0753008,0.0989432,0.199786,2
0.0391759,0.0900439,0.214929,2
0.0406318,0.0926145,0.220504,2
0.0405149,0.0889451,0.214191,2
0.0435668,0.0900982,0.216047,2
0.0485306,0.145425,0.205366,2
0.0393242,0.0912179,0.213237,2
0.0275654,0.0407979,0.158666,2
0.0350258,0.219228,0.158934,2
0.0651304,0.0384711,0.157149,2
0.0385706,0.0899357,0.219338,2
0.0288492,0.0126838,0.200485,2
0.0602683,0.138005,0.215329,2
0.0449057,0.0950837,0.219073,2
0.0729249,0.116272,0.157439,2
0.0869397,0.113024,0.155477,2
0.0849995,0.143887,0.144786,2
0.0816833,0.170255,0.207752,2
0.0361943,0.0923894,0.216482,2
0.0563782,0.0155248,0.150451,2
0.0416297,0.0946585,0.223083,2
0.0869129,0.0174299,0.224762,2
0.0397079,0.0896125,0.209421,2
0.073571,0.051283,0.147224,2
0.00344388,0.0760742,0.19585,2
0.0692463,0.168857,0.221114,2
0.0905489,0.188051,0.171759,2
0.0110115,0.0216648,0.140317,2
0.036351,0.135535,0.22157,2
0.044951,0.0927532,0.21463,2
0.00519788,0.217279,0.164448,2
0.0108098,0.0242711,0.161512,2
0.0946722,0.133589,0.20241,2
0.0418283,0.0914557,0.218776,2
0.0734679,0.167825,0.138448,2
0.0604799,0.213914,0.208982,2
0.0403982,0.0943304,0.218853,2
0.0574418,0.173134,0.224527,2
0.0292978,0.0180938,0.147431,2
0.0306617,0.213243,0.151667,2
0.0364617,0.0896512,0.220345,2
0.0412331,0.0928963,0.215611,2
0.0616269,0.174961,0.162429,2
0.0559373,0.201354,0.155025,2
0.041654,0.0163174,0.184189,2
0.0510628,0.138945,0.144997,2
0.00401013,0.0812024,0.224771,2
0.0632102,0.207825,0.194341,2
0.0397102,0.0940374,0.217203,2
0.0382805,0.0889726,0.215817,2
0.0912541,0.0577207,0.202113,2
0.00768608,0.204048,0.223592,2
0.0119382,0.111309,0.215359,2
0.00745238,0.160027,0.140979,2
0.0900379,0.181709,0.173827,2
0.0943816,0.161197,0.166477,2
0.0430239,0.0914764,0.214501,2
0.0650298,0.172531,0.201392,2
0.0986875,0.165452,0.169902,2
0.0355668,0.152573,0.210979,2
0.0508787,0.0414255,0.137374,2
0.0156205,0.148,0.198525,2
0.0611747,0.0135261,0.150307,2
0.0630799,0.214841,0.208216,2
0.0422919,0.134985,0.220569,2
0.0245986,0.0456731,0.147636,2
0.0135845,0.146399,0.189767,2
0.0484647,0.175492,0.22222,2
0.0181994,0.0546599,0.182755,2
0.0892727,0.118614,0.165613,2
0.082991,0.215948,0.208742,2
0.0938013,0.181179,0.173138,2
0.0436838,0.0887799,0.218508,2
0.0310774,0.219084,0.15659,2
0.0469646,0.117285,0.175647,2
0.0430453,0.0902478,0.215733,2
0.064174,0.0222466,0.208658,2
0.0943941,0.130175,0.174133,2
0.020317,0.0675671,0.195863,2
0.0392938,0.092326,0.218332,2
0.043075,0.0931262,0.219805,2
0.0872363,0.0902266,0.206957,2
0.0404946,0.0888602,0.214461,2
0.0818236,0.0254288,0.167605,2
0.0644932,0.00744016,0.188095,2
0.00838647,0.00757877,0.171847,2
0.0424679,0.0951401,0.216349,2
0.0440091,0.0881292,0.214869,2
0.0239798,0.0344062,0.137732,2
0.0387617,0.08676,0.21815,2
0.043149,0.089289,0.217315,2
0.025427,0.0773128,0.198312,2
0.0435408,0.0918215,0.217128,2
0.026131,0.034062,0.209652,2
0.0520129,0.00329267,0.144432,2
0.0630584,0.0689489,0.183809,2
0.0811843,0.208143,0.15619,2
0.0838722,0.0287831,0.169903,2
0.0401716,0.0951835,0.219576,2
0.0474615,0.0936915,0.218438,2
0.0633987,0.0140815,0.22262,2
0.0445553,0.0959267,0.219684,2
0.043069,0.0900576,0.214776,2
0.0372164,0.0939161,0.215304,2
0.0416654,0.0892692,0.219123,2
0.0419841,0.0906735,0.219125,2
0.0414707,0.0895104,0.215638,2
0.0407941,0.0919679,0.221272,2
0.0437658,0.0921306,0.219963,2
0.0847275,0.0992606,0.182166,2
0.0779297,0.0171854,0.130679,3
0.0155578,0.121544,0.0696816,3
0.0506834,0.00630046,0.114234,3
0.0508331,0.125932,0.0518688,3
0.0625897,0.0955883,0.09696,3
0.065546,0.0707887,0.118924,3
0.0213933,0.194461,0.123743,3
0.0360273,0.152657,0.113817,3
0.0563069,0.173697,0.124535,3
0.0770224,0.136425,0.0969334,3
0.00235736,0.152835,0.131323,3
0.0881423,0.136898,0.109706,3
0.02549,0.110304,0.0093658,3
0.073657,0.205393,0.119773,3
0.0860644,0.213496,0.103842,3
0.0411409,0.196721,0.129186,3
0.040388,0.0692161,0.0229326,3
0.0886112,0.218715,0.0984471,3
0.0526703,0.122052,0.10838,3
0.0964897,0.153969,0.0778343,3
0.093808,0.213533,0.0916452,3
0.0226997,0.198288,0.00195175,3
0.0903263,0.0249674,0.11873,3
0.0847522,0.19679,0.0889653,3
0.0306181,0.174197,0.106618,3
0.0106862,0.20697,0.0392262,3
0.0699189,0.0715093,0.0264225,3
0.0689248,0.0332356,0.0952993,3
0.0407355,0.198676,0.040138,3
0.0818219,0.0576909,0.0910291,3
0.0854973,0.0727059,0.0611861,3
0.0476376,0.0321609,0.0659373,3
0.0532197,0.112205,0.123459,3
0.0952831,0.213512,0.0904878,3
0.0822761,0.0550565,0.125961,3
0.01627,0.0493421,0.0316337,3
0.0210179,0.00607607,0.0873884,3
0.0596827,0.224014,0.0746538,3
0.0707891,0.0374383,0.0232038,3
0.0770602,0.0485875,0.011964,3
0.0235201,0.206436,0.0886597,3
0.0793113,0.0811457,0.000989884,3
0.0124626,0.0485808,0.0287919,3
0.0511027,0.212448,0.0341402,3
0.00853859,0.047162,0.0106742,3
0.0148472,0.124582,0.0956559,3
0.0916019,0.0461138,0.0355259,3
0.0551258,0.0411834,0.0811259,3
0.0669905,0.047076,0.0378245,3
0.0864135,0.129464,0.0645186,3
0.0778471,0.164228,0.0150361,3
0.0280627,0.0633764,0.0173479,3
0.0295277,0.0494168,0.0178306,3
0.022446,0.00245517,0.128345,3
0.0498358,0.121368,0.087877,3
0.000867635,0.103097,0.0685517,3
0.0137661,0.056511,0.0262914,3
0.0326512,0.107515,0.00538758,3
0.00798841,0.187821,0.0493265,3
0.0254167,0.120451,0.0935403,3
0.0532795,0.13415,0.0100007,3
0.0266812,0.110995,0.0204859,3
0.0706413,0.199463,0.0329248,3
0.0365894,0.205412,0.062423,3
0.0424464,0.0222026,0.105709,3
0.00789425,0.0564693,0.0667467,3
0.0510185,0.0122893,0.126352,3
0.0266829,0.0914939,0.00796765,3
0.0358958,0.206375,0.0714696,3
0.0940913,0.104086,0.118354,3
0.0741405,0.176673,0.0154671,3
0.0833176,0.167978,0.065285,3
0.00442391,0.19074,0.0901061,3
0.0176914,0.0792324,0.0127644,3
0.0557634,0.0983978,0.0120326,3
0.0117247,0.0420523,0.0372934,3
0.101043,0.144257,0.0266692,3
0.0550877,0.113151,0.0866954,3
0.00780312,0.165496,0.0887062,3
0.05449,0.139234,0.0848027,3
0.0786021,0.168904,0.082775,3
0.0529322,0.138563,0.0893665,3
0.0756364,0.0809968,0.0538558,3
0.0168129,0.159411,0.0640757,3
0.0969427,0.217667,0.131838,3
0.0545616,0.184495,0.0249837,3
0.0408661,0.0251523,0.045316,3
0.030637,0.192466,0.0804996,3
0.0133503,0.0554028,0.00163274,3
0.0808522,0.103763,0.0624634,3
0.00966412,0.0128476,0.0714032,3
0.059811,0.206094,0.0941875,3
0.0679369,0.109487,0.0913318,3
0.0995072,0.143483,0.0981071,3
0.0338389,0.0042606,0.0109543,3
0.0697905,0.0847191,0.0954876,3
0.0579536,0.165376,0.0919543,3
0.0516497,0.162396,0.0403113,3
0.0952913,0.205353,0.0424005,3
0.0694811,0.075276,0.0701609,3
0.050953,0.044884,0.00578939,3
0.0303201,0.144592,0.0549188,3
0.0093437,0.121606,0.000363874,3
0.0894867,0.0156419,0.0712812,3
0.0592611,0.0924935,0.00804366,3
0.019989,0.145461,0.0640829,3
0.0121881,0.12593,0.0764342,3
0.00572805,0.0664864,0.00789122,3
0.053589,0.0634034,0.0887525,3
0.0633786,0.115846,0.0567884,3
0.000890297,0.0427512,0.00575976,3
0.0521012,0.0436768,0.111807,3
0.0611807,0.0637691,0.0786674,3
0.0132525,0.218692,0.0733091,3
0.00293852,0.100499,0.0406964,3
0.0542967,0.110891,0.0955638,3
0.0347867,0.212828,0.107998,3
0.0306094,0.0897823,0.0482999,3
0.0586711,0.0823591,0.0923426,3
0.0454525,0.112998,0.0420874,3
0.0629533,0.101597,0.106807,3
0.0068928,0.153064,0.128799,3
0.0944504,0.223227,0.100362,3
0.0529066,0.200185,0.134968,3
0.0752581,0.165257,0.132627,3
0.100276,0.204152,0.0360239,3
