x coord,y coord,z coord,rank
0.0714195,0.158757,0.14532,0
0.0351627,0.179905,0.0294029,0
0.0570265,0.159618,0.0980462,0
0.0736115,0.169338,0.102969,0
0.0256411,0.179124,0.0353485,0
0.0272139,0.175234,0.0317985,0
0.0104164,0.141644,0.18392,0
0.0318191,0.177738,0.0328939,0
0.0509021,0.148267,0.175918,0
0.0333556,0.181388,0.0289762,0
0.0318729,0.179208,0.0293165,0
0.0612331,0.152341,0.102192,0
0.0341596,0.179673,0.0395237,0
0.0137636,0.216442,0.202931,0
0.0284564,0.178222,0.033995,0
0.0294174,0.181356,0.0316644,0
0.029069,0.178366,0.0316282,0
0.0243237,0.158413,0.168003,0
0.0140549,0.191372,0.132339,0
0.0352494,0.178568,0.0311657,0
0.0725098,0.140391,0.0991203,0
0.0309844,0.182217,0.0366145,0
0.0365403,0.179903,0.0370591,0
0.0336818,0.187022,0.0345534,0
0.0314658,0.186004,0.0343207,0
0.0340701,0.185571,0.0348777,0
0.0408587,0.146959,0.0848865,0
0.051491,0.138103,0.0851375,0
0.0291023,0.181061,0.0347624,0
0.048607,0.157204,0.0720943,0
0.0721222,0.208704,0.109802,0
0.038425,0.183084,0.0144165,0
0.0773958,0.145215,0.0920808,0
0.0929257,0.211665,0.139016,0
0.0156734,0.163063,0.129535,0
0.0255536,0.182603,0.0335455,0
0.0284044,0.184178,0.0359344,0
0.033261,0.178355,0.0340122,0
0.0350599,0.184505,0.0332395,0
0.027948,0.171468,0.200616,0
0.027625,0.176871,0.030879,0
0.00645374,0.140979,0.181923,0
0.0315828,0.176355,0.0316834,0
0.0787717,0.21726,0.0224472,0
0.0083787,0.203234,0.151603,0
0.0274034,0.178814,0.0368843,0
0.0294073,0.151824,0.0106604,0
0.0497741,0.188125,0.16791,0
0.0460137,0.205616,0.00716625,0
0.0637756,0.205261,0.102413,0
0.0267042,0.216183,0.199828,0
0.0359025,0.176125,0.0359154,0
0.0799114,0.219298,0.0264947,0
0.00193748,0.168066,0.164684,0
0.0513865,0.217228,0.168166,0
0.0284403,0.148717,0.102068,0
0.0359643,0.21627,0.0801007,0
0.0279314,0.143227,0.0385724,0
0.0155843,0.154365,0.131748,0
0.0211495,0.17827,0.21443,0
0.0358828,0.181401,0.0323555,0
0.0280747,0.214239,0.175711,0
0.0158659,0.183215,0.0108601,0
0.0117051,0.164686,0.00880852,0
0.00377004,0.181548,0.0506128,0
0.0244736,0.199738,0.0962999,0
0.0693541,0.136739,0.06237,0
0.0286374,0.180439,0.0365281,0
0.0352692,0.180769,0.0316601,0
0.0291778,0.182086,0.0322132,0
0.0329293,0.183796,0.0360824,0
0.0356827,0.179175,0.0349436,0
0.0746598,0.203339,0.0538118,0
0.0626412,0.197159,0.0565204,0
0.0237998,0.179183,0.054056,0
0.0801024,0.181957,0.187195,0
0.0016366,0.20838,0.146888,0
0.0436111,0.195478,0.120177,0
0.0344178,0.183061,0.0382252,0
0.0980566,0.153255,0.0305041,0
0.063359,0.18271,0.172083,0
0.0676974,0.209042,0.190118,0
0.0270078,0.203317,0.209012,0
0.0351185,0.179916,0.0347352,0
0.0271925,0.18018,0.0315173,0
0.0328957,0.184363,0.034459,0
0.0406907,0.181042,0.190966,0
0.0375603,0.178307,0.0312958,0
0.034915,0.179156,0.0317571,0
0.0311103,0.175991,0.0299717,0
0.0290696,0.178356,0.0330538,0
0.0353087,0.179972,0.0349342,0
0.03517,0.203967,0.0656015,0
0.0725543,0.163742,0.00680474,0
0.0904948,0.197146,0.0770083,0
0.0566672,0.134543,0.085085,0
0.0328298,0.181384,0.0315122,0
0.033516,0.187905,0.0376504,0
0.047208,0.162886,0.143323,0
0.0393907,0.164864,0.133148,0
0.0556121,0.161844,0.137613,0
0.0649279,0.20001,0.00778932,0
0.0861404,0.202833,0.106516,0
0.0365605,0.192134,0.08174,0
0.0776859,0.172439,0.123765,0
0.0115345,0.169347,0.00658797,0
0.0796014,0.212499,0.123813,0
0.0279476,0.173821,0.035302,0
0.0913215,0.191037,0.120882,0
0.0326666,0.179713,0.0363832,0
0.0276908,0.184959,0.0349788,0
0.0975103,0.174037,0.202955,0
0.0323202,0.177836,0.033063,0
0.0984026,0.178828,0.0370768,0
0.0283014,0.179572,0.0325344,0
0.0370996,0.17963,0.028407,0
0.0529744,0.194457,0.099732,0
0.0318332,0.178269,0.0347412,0
0.0329718,0.183253,0.0382058,0
0.029879,0.176427,0.032748,0
0.0510474,0.140834,0.0946814,0
0.0802566,0.204596,0.0148118,0
0.0958537,0.224738,0.0173077,0
0.0117674,0.134659,0.217359,0
0.1081,0.129272,0.218404,1
0.120708,0.178164,0.0126451,1
0.110013,0.134747,0.138336,1
0.112428,0.13415,0.0810316,1
0.111149,0.136506,0.213833,1
0.115619,0.178158,0.189932,1
0.178729,0.175583,0.0811276,1
0.170832,0.170504,0.0919385,1
0.111647,0.211946,0.169684,1
0.112051,0.136096,0.153437,1
0.193579,0.149231,0.0882177,1
0.115412,0.161696,0.150716,1
0.153354,0.110297,0.0263775,1
0.161027,0.158031,0.0160255,1
0.209246,0.179413,0.0666817,1
0.204422,0.134943,0.0495823,1
0.191771,0.1693,0.0195637,1
0.110211,0.15612,0.0267242,1
0.189657,0.117125,0.0476249,1
0.109563,0.146824,0.175978,1
0.143204,0.122633,0.0864284,1
0.189605,0.195298,0.152783,1
0.143203,0.115229,0.0540368,1
0.17499,0.147001,0.214506,1
0.125154,0.1768,0.0732941,1
0.162899,0.159764,0.0232251,1
0.21774,0.176872,0.117447,1
0.151053,0.126212,0.125404,1
0.135131,0.163287,0.151595,1
0.210752,0.1888,0.055034,1
0.125818,0.150488,0.0964716,1
0.179843,0.164575,0.166796,1
0.158548,0.155714,0.175881,1
0.210603,0.212445,0.14302,1
0.205615,0.220165,0.221216,1
0.162696,0.203729,0.0171826,1
0.220688,0.124403,0.0677659,1
0.184186,0.170191,0.024146,1
0.108226,0.17187,0.0324092,1
0.162446,0.22374,0.00118777,1
0.206471,0.143529,0.179722,1
0.180899,0.154416,0.0814186,1
0.147761,0.157847,0.00318611,1
0.211301,0.139812,0.0547975,1
0.125394,0.169139,0.0783057,1
0.177138,0.117652,0.0439169,1
0.136449,0.187634,0.133551,1
0.19118,0.185542,0.0507124,1
0.216359,0.189225,0.0293792,1
0.175607,0.139621,0.0535674,1
0.224626,0.21722,0.16706,1
0.191751,0.145317,0.0104656,1
0.171801,0.15907,0.0621296,1
0.220565,0.138737,0.208456,1
0.209116,0.192043,0.145968,1
0.219033,0.173655,0.212618,1
0.216354,0.116789,0.079261,1
0.22179,0.211298,0.18381,1
0.160512,0.173677,0.205429,1
0.14687,0.155477,0.174778,1
0.126088,0.164549,0.0506413,1
0.135905,0.215581,0.190842,1
0.217215,0.199053,0.191501,1
0.208541,0.205733,0.00717226,1
0.126598,0.211391,0.0995594,1
0.207892,0.223978,0.219574,1
0.18159,0.21816,0.00625801,1
0.18448,0.218033,0.129176,1
0.186476,0.182599,0.193092,1
0.143099,0.148263,0.023526,1
0.112085,0.145758,0.0624923,1
0.151501,0.175937,0.0957708,1
0.169689,0.189475,0.189349,1
0.11589,0.180768,0.110196,1
0.150833,0.21588,0.112692,1
0.155657,0.123899,0.0226548,1
0.181646,0.127618,0.100363,1
0.209331,0.207457,0.212945,1
0.157553,0.16857,0.062677,1
0.210724,0.144981,0.142339,1
0.132766,0.12219,0.218589,1
0.116162,0.189797,0.0126305,1
0.205654,0.13455,0.0889344,1
0.167325,0.149125,0.0947083,1
0.157669,0.141212,0.0494101,1
0.152308,0.166306,0.0340229,1
0.136433,0.221642,0.0783947,1
0.223323,0.22106,0.133694,1
0.162477,0.121913,0.101834,1
0.155214,0.154659,0.0451238,1
0.158958,0.213377,0.0396147,1
0.126499,0.18088,0.110776,1
0.155747,0.205923,0.140419,1
0.138597,0.216628,0.079256,1
0.202592,0.18509,0.0120806,1
0.152009,0.179846,0.0295066,1
0.189827,0.164418,0.118233,1
0.142215,0.1614,0.039781,1
0.197128,0.189525,0.13129,1
0.192019,0.1093,0.114181,1
0.130866,0.164696,0.0219954,1
0.188381,0.199384,0.158273,1
0.195249,0.153342,0.0287091,1
0.167396,0.185935,0.119061,1
0.110639,0.133032,0.0399805,1
0.116782,0.204539,0.21173,1
0.224083,0.217697,0.146941,1
0.173327,0.128556,0.208278,1
0.169281,0.170478,0.178383,1
0.117772,0.121805,0.0709136,1
0.201426,0.219261,0.125178,1
0.190751,0.213994,0.125652,1
0.141758,0.152461,0.068567,1
0.221554,0.219401,0.186554,1
0.122869,0.122079,0.060478,1
0.220976,0.195216,0.0836711,1
0.142127,0.13827,0.100185,1
0.218515,0.125954,0.217287,1
0.196519,0.149922,0.21345,1
0.209784,0.193239,0.0899031,1
0.168495,0.111237,0.172913,1
0.11863,0.118756,0.163219,1
0.185328,0.189847,0.195729,1
0.169575,0.15641,0.207887,1
0.102857,0.169023,0.145877,1
0.217446,0.0028366,0.146233,2
0.177577,0.0927359,0.175536,2
0.197785,0.103578,0.0926983,2
0.117863,0.09559,0.186698,2
0.172912,0.0309341,0.179311,2
0.169295,0.0725738,0.160421,2
0.111666,0.0725235,0.158743,2
0.130266,0.104847,0.107001,2
0.117623,0.0808196,0.124898,2
0.177676,0.0190205,0.0959458,2
0.166345,0.0508567,0.120602,2
0.165233,0.021353,0.214651,2
0.145987,0.0937362,0.0868303,2
0.206852,0.0301483,0.163526,2
0.207116,0.0556089,0.164236,2
0.165375,0.0114263,0.157141,2
0.161681,0.0187597,0.178799,2
0.121481,0.0332826,0.123311,2
0.114603,0.0334621,0.125691,2
0.160738,0.0593029,0.133812,2
0.111239,0.0277821,0.170049,2
0.125986,0.100406,0.147029,2
0.199757,0.0735811,0.189633,2
0.198767,0.0705378,0.133747,2
0.143056,0.0398019,0.128084,2
0.17057,0.0733992,0.0894824,2
0.141304,0.0752961,0.0932033,2
0.164611,0.0194356,0.147336,2
0.158312,0.0646262,0.13393,2
0.140909,0.0220571,0.202985,2
0.111365,0.00215112,0.0520357,2
0.199012,0.0054812,0.0794685,2
0.105371,0.104769,0.0337184,2
0.108431,0.000144569,0.0782147,2
0.125449,0.00841884,0.0393525,2
0.169393,0.0919922,0.0972912,2
0.169442,0.0685333,0.0402851,2
0.164022,0.0378373,0.0281951,2
0.171511,0.00967552,0.0445381,2
0.114391,0.00096486,0.0221579,2
0.125227,0.0367754,0.178149,2
0.153826,0.0366727,0.115273,2
0.207383,0.087797,0.0998698,2
0.12861,0.0837235,0.217507,2
0.199514,0.0855207,0.0813594,2
0.190857,0.0317278,0.0534147,2
0.198284,0.0671669,0.0394103,2
0.154535,0.0949571,0.134822,2
0.196074,0.0592487,0.0370975,2
0.181385,0.0271607,0.121903,2
0.178634,0.0872691,0.168602,2
0.144923,0.104861,0.0206273,2
0.131506,0.00705191,0.192785,2
0.158023,0.0777171,0.183984,2
0.116768,0.0070434,0.180085,2
0.206646,0.0227958,0.0239959,2
0.152908,0.00186334,0.121826,2
0.144474,0.0753709,0.0195493,2
0.188222,0.0636313,0.164304,2
0.160719,0.0934611,0.142283,2
0.121354,0.0904153,0.130364,2
0.153126,0.0125686,0.0937902,2
0.176553,0.00124308,0.0999472,2
0.216336,0.0364839,0.0407944,2
0.197579,0.0639325,0.200166,2
0.121233,0.0166134,0.0602143,2
0.146852,0.0643877,0.0638105,2
0.14088,0.076417,0.00890895,2
0.159715,0.0178411,0.0936479,2
0.119176,0.0351826,0.0512089,2
0.127112,0.0258875,0.205302,2
0.13609,0.0956259,0.119146,2
0.179884,0.0290574,0.143347,2
0.174901,0.0490256,0.08548,2
0.182544,0.0358973,0.102612,2
0.169188,0.0964753,0.193436,2
0.142448,0.0431342,0.171465,2
0.205476,0.0582571,0.158953,2
0.197746,0.0953493,0.16597,2
0.192162,0.0109209,0.182505,2
0.191075,0.0599786,0.0539052,2
0.218108,0.0435409,0.219154,2
0.208211,0.0457822,0.1546,2
0.191151,0.0683868,0.0221065,2
0.193608,0.0147798,0.101393,2
0.209207,0.0565089,0.176161,2
0.153231,0.0397078,0.210538,2
0.149129,0.0819518,0.0854646,2
0.203238,0.00541801,0.0548004,2
0.173739,0.039373,0.00800198,2
0.150634,0.0234129,0.21899,2
0.205882,0.0502004,0.0787897,2
0.210627,0.0228765,0.0494236,2
0.190353,0.0113023,0.048456,2
0.136363,0.0124562,0.00474457,2
0.165076,0.06885,0.0246495,2
0.138749,0.0408575,0.123382,2
0.217021,0.032734,0.185747,2
0.181033,0.0440981,0.0848765,2
0.183409,0.0858074,0.0868599,2
0.186391,0.0839291,0.142236,2
0.149821,0.0756251,0.0285743,2
0.214644,0.00429999,0.0151455,2
0.148461,0.0626744,0.0112906,2
0.14405,0.0338045,0.0408707,2
0.10921,0.0633956,0.00156819,2
0.193819,0.0684604,0.0210306,2
0.152967,0.0396303,0.0417342,2
0.216573,0.0729951,0.0567532,2
0.132855,0.0384306,0.0594949,2
0.139945,0.034942,0.167731,2
0.212576,0.0467929,0.0572616,2
0.128852,0.0079307,0.107008,2
0.143156,0.012454,0.0394942,2
0.178128,0.0368022,0.0850036,2
0.189857,0.00819133,0.0463696,2
0.114314,0.0908484,0.154185,2
0.153952,0.0368082,0.182502,2
0.136672,0.00797672,0.164124,2
0.180238,0.0609813,0.168613,2
0.129654,0.0171916,0.0743574,2
0.198106,0.0955648,0.15643,2
0.191309,0.0649202,0.0694751,2
0.1803,0.0848375,0.0883447,2
0.105037,0.0716619,0.222396,2
0.103205,0.0610594,0.117477,2
0.102059,0.00350459,0.191195,3
0.00392652,0.0520931,0.106624,3
0.0331352,0.132849,0.151689,3
0.101285,0.0344712,0.0912475,3
0.0964375,0.127513,0.0739173,3
0.0788613,0.0369459,0.0753672,3
0.0953076,0.0892355,0.00579949,3
0.0973593,0.0832995,0.0870909,3
0.095268,0.0122663,0.00275684,3
0.090887,0.0324609,0.0730565,3
0.0888298,0.0783499,0.0251813,3
0.0933356,0.111087,0.0229488,3
0.0768306,0.00386145,0.0908041,3
0.0806196,0.0695641,0.0910943,3
0.0123642,0.0525395,0.0750244,3
0.0714574,0.010986,0.0748754,3
0.00527607,0.125878,0.0363085,3
0.035822,0.116769,0.125159,3
0.0908664,0.0722143,0.161431,3
0.10235,0.132998,0.09927,3
0.0169902,0.124752,0.0555344,3
0.0111089,0.127958,0.0576172,3
0.000628666,0.129268,0.0836497,3
0.0222093,0.0779334,0.0656445,3
0.0434807,0.0961598,0.00745551,3
0.064895,0.0740434,0.1994,3
0.0923235,0.0316743,0.122868,3
0.0396749,0.0970089,0.0723444,3
0.0362592,0.116975,0.179758,3
0.0582213,0.0447594,0.190686,3
0.0286884,0.0900454,0.0886368,3
0.0743135,0.0111438,0.106855,3
0.0742713,0.0716325,0.189232,3
0.00682925,0.118902,0.212012,3
0.013248,0.0346317,0.0471746,3
0.0528304,0.00376269,0.106068,3
0.0411294,0.117178,0.0194582,3
0.0937619,0.125519,0.180906,3
0.0137949,0.0719995,0.14841,3
0.0036088,0.115266,0.204999,3
0.0387673,0.00784335,0.0431999,3
0.0144889,0.0598896,0.166538,3
0.0625062,0.0570963,0.077692,3
0.0407426,0.0926327,0.0759692,3
0.0853116,0.0622986,0.216704,3
0.013737,0.104711,0.0886721,3
0.061113,0.10615,0.134325,3
0.0140721,0.0945276,0.0377053,3
0.0752734,0.0475618,0.171186,3
0.0345984,0.0933903,0.171768,3
0.068121,0.0101604,0.0228914,3
0.0245824,0.0353556,0.0538491,3
0.0104798,0.0109498,0.129007,3
0.0238718,0.0677345,0.141617,3
0.00237951,0.030507,0.201108,3
0.0502896,0.0120362,0.130214,3
0.0454697,0.0517998,0.17776,3
0.0539673,0.0512238,0.101112,3
0.0026752,0.0805843,0.161264,3
0.0655165,0.0145449,0.202505,3
0.0179777,0.121018,0.165915,3
0.0250036,0.0545811,0.167262,3
0.0693916,0.0213661,0.204069,3
0.0263977,0.0766151,0.219378,3
0.0881952,0.0969969,0.0986652,3
0.0227769,0.0606707,0.170513,3
0.0504254,0.0891978,0.107945,3
0.046239,0.000284817,0.0883356,3
0.0349762,0.131776,0.0289356,3
0.066508,0.00752957,0.0244921,3
0.0411297,0.0750042,0.13729,3
0.091579,0.0652572,0.116691,3
0.00968492,0.0924801,0.0928205,3
0.0582049,0.0333648,0.136514,3
0.0242085,0.0843622,0.14561,3
0.0249604,0.0628454,0.0566654,3
0.0218327,0.128704,0.118056,3
0.00859069,0.119652,0.0426616,3
0.0602656,0.0944712,0.109588,3
0.00922174,0.0737838,0.0118165,3
0.0314508,0.10206,0.196367,3
0.0600301,0.0610143,0.169061,3
0.0770319,0.0887569,0.00253173,3
0.101176,0.0239707,0.0953122,3
0.0205052,0.0221213,0.123756,3
0.00165608,0.000908583,0.0947824,3
0.0822727,0.0318908,0.19937,3
0.0265532,0.0674934,0.112767,3
0.00390562,0.0865704,0.112102,3
0.00817264,0.0635443,0.0785942,3
0.036652,0.102129,0.0475604,3
0.0572197,0.0123011,0.113815,3
0.0581189,0.11064,0.0291923,3
0.00247685,0.0412189,0.221952,3
0.00549372,0.112883,0.219013,3
0.0651195,0.0808526,0.0898706,3
0.0100094,0.0864624,0.217604,3
0.0556133,0.00189721,0.163341,3
0.0182899,0.0395867,0.140508,3
0.0786834,0.0397053,0.104294,3
0.0743015,0.126665,0.173428,3
0.0780015,0.0106187,0.164371,3
0.0683613,0.0849582,0.0589129,3
0.0389239,0.0437032,0.132992,3
0.0208897,0.0432011,0.0656923,3
0.0663744,0.0262249,0.206833,3
0.0743644,0.0377567,0.0282968,3
0.0449398,0.0183139,0.172032,3
0.0730213,0.0801484,0.0383429,3
0.0994535,0.0927469,0.105848,3
0.0195681,0.0353442,0.194367,3
0.10171,0.0737759,0.146706,3
0.0523205,0.0122558,0.144237,3
0.0710457,0.0787717,0.0947055,3
0.00712122,0.0936555,0.112981,3
0.0433658,0.133402,0.222752,3
0.0553372,0.0764254,0.0491516,3
0.0599701,0.0346714,0.0983555,3
0.0870165,0.0551379,0.133435,3
0.00826258,0.065902,0.0805122,3
0.0404438,0.1093,0.0356865,3
0.0318218,0.1302,0.0479885,3
0.0554808,0.0371399,0.0979733,3
0.0747127,0.0497209,0.0261151,3
0.101249,0.107143,0.183655,3
