x coord,y coord,z coord,rank
0.0970589,0.129113,0.112889,0
0.0987565,0.12907,0.104543,0
0.0996479,0.126134,0.111056,0
0.0965958,0.126425,0.109295,0
0.0921941,0.128426,0.106237,0
0.0880217,0.128634,0.11146,0
0.0928401,0.126687,0.113038,0
0.097652,0.127129,0.103719,0
0.0228604,0.172274,0.0867877,0
0.0948019,0.12788,0.110959,0
0.0913504,0.125264,0.112662,0
0.0647155,0.142719,0.0981183,0
0.0601949,0.175727,0.0676463,0
0.0935138,0.129114,0.104269,0
0.0627939,0.214913,0.0324339,0
0.0949515,0.12923,0.106117,0
0.0866753,0.12585,0.110469,0
0.0247323,0.176309,0.0445326,0
0.0146477,0.151105,0.0819488,0
0.0711583,0.150452,0.0839158,0
0.096478,0.130592,0.112484,0
0.0962702,0.205865,0.0717999,0
0.088516,0.126532,0.10894,0
0.0336103,0.160871,0.119074,0
0.0925942,0.224403,0.134002,0
0.1003,0.128172,0.107916,0
0.0939612,0.128211,0.107581,0
0.0381323,0.207773,0.00613473,0
0.0633296,0.168168,0.0600274,0
0.0879814,0.16339,0.165911,0
0.0588542,0.125884,0.083387,0
0.0122572,0.12633,0.00269153,0
0.0983708,0.219201,0.0265807,0
0.0806413,0.186609,0.0729633,0
0.0864357,0.156115,0.0759609,0
0.0906653,0.126203,0.111882,0
0.052,0.188978,0.0633323,0
0.044072,0.171678,0.143604,0
0.0678613,0.196156,0.158467,0
0.0884016,0.202604,0.158748,0
0.0559122,0.187914,0.0798509,0
0.00835525,0.217519,0.210394,0
0.00260778,0.124549,0.149946,0
0.0191013,0.160434,0.0436818,0
0.00427206,0.209282,0.0299732,0
0.0950674,0.130059,0.104819,0
0.0952031,0.126051,0.10726,0
0.0227284,0.220145,0.20771,0
0.0716835,0.195104,0.164722,0
0.0943936,0.129803,0.105253,0
0.0231204,0.160947,0.077524,0
0.0923875,0.127035,0.113979,0
0.0151901,0.183642,0.131437,0
0.0592105,0.176402,0.128202,0
0.035651,0.20728,0.21952,0
0.0858726,0.135146,0.0331516,0
0.0673112,0.134019,0.223401,0
0.00836307,0.166526,0.0283408,0
0.0938915,0.133595,0.118431,0
0.0816105,0.132628,0.167956,0
0.00438312,0.141325,0.0810378,0
0.0449506,0.192382,0.213582,0
0.0356574,0.222078,0.102713,0
0.000270427,0.160696,0.214509,0
0.0400132,0.184118,0.0624413,0
0.000897825,0.134322,0.0446937,0
0.0350595,0.206181,0.216392,0
0.094597,0.130675,0.108306,0
0.0568058,0.186927,0.0666416,0
0.0628808,0.211417,0.0353228,0
0.0472464,0.205451,0.0179041,0
0.0335185,0.125109,0.205533,0
0.0183778,0.189558,0.115302,0
0.0842349,0.127306,0.108946,0
0.0316047,0.169215,0.0767017,0
0.0703511,0.200253,0.0538437,0
0.0133968,0.203748,0.121527,0
0.0861026,0.151555,0.192034,0
0.0931777,0.128874,0.112655,0
0.0485962,0.206482,0.103797,0
0.08887,0.126292,0.109985,0
0.00430476,0.157408,0.0355927,0
0.00875184,0.137618,0.185356,0
0.0973035,0.127961,0.115833,0
0.0385577,0.137541,0.0064467,0
0.0463205,0.135375,0.181814,0
0.0701533,0.211312,0.0736856,0
0.0590713,0.155691,0.107136,0
0.0965242,0.129331,0.110537,0
0.0659157,0.174585,0.0541549,0
0.0918311,0.12671,0.113203,0
0.0746441,0.17597,0.164169,0
0.0671661,0.211049,0.0365523,0
0.0972401,0.124931,0.111269,0
0.0109285,0.167467,0.200761,0
0.0299305,0.164042,0.0192575,0
0.028877,0.21017,0.170259,0
0.0767965,0.165342,0.161582,0
0.0445388,0.155735,0.0387338,0
0.00103668,0.174696,0.0495862,0
0.10062,0.171404,0.135663,0
0.0440873,0.198772,0.163346,0
0.0325331,0.187236,0.141313,0
0.0116238,0.210796,0.104522,0
0.0640929,0.134029,0.0265858,0
0.0174033,0.148674,0.184247,0
0.0172076,0.130431,0.0917562,0
0.0845425,0.206251,0.156305,0
0.0958095,0.127488,0.112192,0
0.0947954,0.130061,0.104424,0
0.0954474,0.129405,0.105784,0
0.0960244,0.125575,0.104873,0
0.0570391,0.175339,0.0722237,0
0.0955665,0.13195,0.109859,0
0.00608685,0.165826,0.204399,0
0.0973158,0.204185,0.19439,0
0.00754542,0.151284,0.189319,0
0.0933491,0.213076,0.173848,0
0.0892872,0.124941,0.105381,0
0.0930464,0.124599,0.11388,0
0.0965165,0.125115,0.113968,0
0.092807,0.125611,0.110207,0
0.0925129,0.125628,0.111726,0
0.0982376,0.125473,0.106498,0
0.100487,0.125688,0.0986425,0
0.0916862,0.124346,0.111759,1
0.0987034,0.0170825,0.00359915,1
0.0954071,0.123804,0.107354,1
0.0942214,0.121397,0.11204,1
0.0791881,0.0783348,0.131767,1
0.0962166,0.123379,0.114141,1
0.091612,0.120496,0.111366,1
0.0952697,0.12029,0.110142,1
0.0972989,0.124487,0.109204,1
0.0939307,0.0930996,0.0883252,1
0.093391,0.123246,0.111198,1
0.0918483,0.0663686,0.128193,1
0.0774487,0.113309,0.122056,1
0.0465354,0.00733681,0.0568316,1
0.0912599,0.118973,0.107251,1
0.0992556,0.121193,0.114051,1
0.0634652,0.049767,0.197192,1
0.095604,0.0552364,0.106515,1
0.0132575,0.0768441,0.180884,1
0.0450621,0.0587646,0.0266301,1
0.00402843,0.0767119,0.202305,1
0.0512518,0.0768071,0.136493,1
0.0287617,0.0761878,0.0345257,1
0.0792432,0.0396591,0.193041,1
0.0994124,0.00851679,0.114498,1
0.0165993,0.0569572,0.10847,1
0.0814029,0.0401899,0.105485,1
0.0410955,0.0818618,0.0539352,1
0.0580524,0.0404711,0.085399,1
0.0593358,0.0421028,0.180098,1
0.0825288,0.0786956,0.0894974,1
0.066442,0.0993447,0.162263,1
0.0643147,0.0822137,0.210686,1
0.0356381,0.0310467,0.0356526,1
0.0728364,0.00883431,0.00371106,1
0.0992271,0.0978635,0.0342814,1
0.0679256,0.0479893,0.0649538,1
0.0904901,0.0294168,0.200958,1
0.0990823,0.00176303,0.109741,1
0.0565372,0.0929028,0.161886,1
0.0846588,0.0713964,0.00093959,1
0.0603345,0.043525,0.191862,1
0.0875628,0.0921059,0.204954,1
0.0115825,0.0230285,0.190739,1
0.0907287,0.0744742,0.0606765,1
0.0950979,0.123165,0.108736,1
0.0632067,0.112979,0.0282982,1
0.0788484,0.0116275,0.112731,1
0.0603314,0.101161,0.188408,1
0.0985574,0.119613,0.0284707,1
0.0460437,0.0599263,0.0116295,1
0.0889759,0.084175,0.208013,1
0.0482074,0.0711311,0.146346,1
0.0930494,0.123167,0.1085,1
0.0514677,0.0942886,0.11538,1
0.0827699,0.0685486,0.143709,1
0.0333058,0.0730368,0.141609,1
0.0855324,0.0982244,0.203482,1
0.026159,0.0294092,0.0385703,1
0.00292425,0.0688613,0.0239813,1
0.00228537,0.0974712,0.185036,1
0.0884267,0.120498,0.0985765,1
0.0451077,0.0324394,0.0238655,1
0.0759672,0.0188542,0.21571,1
0.0920787,0.123404,0.112272,1
0.0767151,0.0249891,0.0873799,1
0.0570334,0.0529372,0.0102811,1
0.0913148,0.0797901,0.209235,1
0.0218027,0.0280239,0.0382091,1
0.0910171,0.0880449,0.0925923,1
0.0857586,0.0159775,0.210664,1
0.0536516,0.0511212,0.0842675,1
0.0151291,0.0605896,0.116396,1
0.0568522,0.0357275,0.104114,1
0.0923968,0.124324,0.105978,1
0.0929977,0.115901,0.0155755,1
0.0374602,0.0421665,0.0664761,1
0.0110327,0.109342,0.0635154,1
0.0451451,0.0843808,0.0979081,1
0.0189327,0.0536777,0.119428,1
0.0130535,0.0108225,0.170272,1
0.0575787,0.00704859,0.186802,1
0.0888525,0.114967,0.103291,1
0.0759364,0.0868381,0.0542747,1
0.0430512,0.0242159,0.134913,1
0.0649803,0.1149,0.148086,1
0.0555676,0.0756723,0.116263,1
0.00933523,0.0209812,0.0304352,1
0.0671318,0.0882231,0.112363,1
0.098167,0.118512,0.111244,1
0.0417485,0.0844538,0.135982,1
0.0597404,0.116499,0.154864,1
0.07074,0.0962576,0.138302,1
0.0798165,0.115298,0.121121,1
0.0299771,0.116573,0.0196729,1
0.0926307,0.118061,0.107608,1
0.00795778,0.104759,0.038073,1
0.0674171,0.103125,0.08716,1
0.0403125,0.0795536,0.0162736,1
0.0405448,0.055984,0.110999,1
0.0398649,0.0961112,0.189192,1
0.0936555,0.119788,0.111527,1
0.0144121,0.0128127,0.103077,1
0.0318965,0.120067,0.108541,1
0.0950103,0.00191363,0.154529,1
0.0836656,0.0462463,0.00367176,1
0.0889091,0.0745026,0.132219,1
0.0422581,0.0308302,0.0886415,1
0.0998967,0.112025,0.0575964,1
0.0308785,0.0813738,0.00888954,1
0.0138457,0.0720421,0.0161047,1
0.0842541,0.115829,0.115045,1
0.0935079,0.0181601,0.19279,1
0.0254525,0.0164442,0.035713,1
0.0895068,0.122346,0.111403,1
0.0529001,0.00251373,0.129296,1
0.0772367,0.0917942,0.042465,1
0.0957209,0.123793,0.10218,1
0.0542158,0.0153624,0.0778239,1
0.0168088,0.103581,0.103666,1
0.0931472,0.0882044,0.0921863,1
0.0628296,0.111989,0.066687,1
0.0435067,0.0226966,0.0901448,1
0.0975645,0.123445,0.113701,1
0.056777,0.118679,0.0501269,1
0.0810248,0.121029,0.115885,1
0.100672,0.122388,0.109074,1
0.0929204,0.120773,0.111887,1
0.0945906,0.123222,0.106472,1
0.0987381,0.121865,0.115907,1
0.0926336,0.123906,0.111365,1
0.194013,0.143579,0.151731,2
0.101383,0.186538,0.163076,2
0.152196,0.175467,0.117229,2
0.119179,0.14117,0.0435788,2
0.15077,0.114257,0.1048,2
0.164532,0.132984,0.214906,2
0.119477,0.109749,0.0319,2
0.136816,0.214672,0.175375,2
0.199902,0.130196,0.0983656,2
0.117112,0.189247,0.0182661,2
0.193442,0.135976,0.191824,2
0.119854,0.108293,0.03372,2
0.138783,0.112037,0.177608,2
0.215797,0.208526,0.17933,2
0.215964,0.124826,0.00772401,2
0.109523,0.141791,0.0222116,2
0.119163,0.113546,0.18943,2
0.189362,0.119781,0.183528,2
0.122409,0.187949,0.0578024,2
0.12774,0.199703,0.205857,2
0.102971,0.221613,0.219293,2
0.139963,0.170649,0.204477,2
0.176724,0.125808,0.113024,2
0.127521,0.166609,0.120504,2
0.165378,0.190168,0.134564,2
0.207115,0.114119,0.180791,2
0.183368,0.114842,0.0328833,2
0.200094,0.174548,0.0904291,2
0.189133,0.122007,0.0748188,2
0.184547,0.138476,0.154222,2
0.148415,0.139264,0.0208494,2
0.105998,0.173394,0.0122411,2
0.127808,0.15049,0.185578,2
0.160374,0.178338,0.117704,2
0.111924,0.189693,0.197674,2
0.134785,0.204903,0.0288247,2
0.146206,0.148442,0.184834,2
0.142258,0.156142,0.0246706,2
0.209658,0.107262,0.040094,2
0.198778,0.164395,0.0601049,2
0.183062,0.210665,0.0402057,2
0.211353,0.220565,0.212177,2
0.128245,0.133028,0.0824834,2
0.219248,0.149828,0.223742,2
0.138769,0.204418,0.210565,2
0.116732,0.154218,0.179606,2
0.222704,0.220143,0.217505,2
0.137786,0.173944,0.0149151,2
0.212024,0.138607,0.174617,2
0.180287,0.143721,0.0748115,2
0.209313,0.142663,0.185226,2
0.115196,0.166696,0.0343557,2
0.186855,0.163493,0.0137798,2
0.113773,0.190883,0.0225848,2
0.222605,0.154777,0.1198,2
0.162163,0.20682,0.13115,2
0.153429,0.146905,0.17594,2
0.171088,0.139326,0.161459,2
0.167164,0.122301,0.105308,2
0.173589,0.213863,0.113972,2
0.207094,0.127033,0.0320773,2
0.188395,0.159313,0.114998,2
0.13095,0.215736,0.144868,2
0.161381,0.16147,0.14098,2
0.22108,0.210811,0.0649252,2
0.202718,0.199871,0.0206126,2
0.201617,0.202177,0.0752906,2
0.134242,0.13123,0.150109,2
0.146908,0.211818,0.153468,2
0.18824,0.11283,0.177585,2
0.148616,0.17405,0.0694088,2
0.202805,0.166064,0.107563,2
0.176607,0.126989,0.174018,2
0.208476,0.181736,0.0505416,2
0.187926,0.136393,0.119988,2
0.221069,0.222587,0.0518083,2
0.129885,0.161409,0.156925,2
0.21063,0.114474,0.0806275,2
0.102232,0.142807,0.033669,2
0.203407,0.151555,0.214,2
0.121308,0.213068,0.220171,2
0.115111,0.185363,0.0196694,2
0.116436,0.183348,0.0923609,2
0.123294,0.198741,0.0499474,2
0.203406,0.125751,0.130385,2
0.222953,0.203264,0.150144,2
0.108179,0.176507,0.0130917,2
0.178065,0.201749,0.105037,2
0.216164,0.144315,0.0400199,2
0.191057,0.107336,0.0750281,2
0.202978,0.119917,0.154348,2
0.10166,0.193796,0.0189627,2
0.210211,0.195941,0.174092,2
0.118596,0.155235,0.175076,2
0.215394,0.145394,0.171852,2
0.119793,0.188919,0.0217842,2
0.159603,0.106838,0.083049,2
0.106825,0.163763,0.102947,2
0.139221,0.201842,0.0987228,2
0.15607,0.115679,0.179766,2
0.16211,0.156884,0.0934472,2
0.195411,0.142695,0.0083277,2
0.115127,0.145333,0.211387,2
0.184384,0.181311,0.022973,2
0.162361,0.145614,0.208312,2
0.101267,0.170985,0.133023,2
0.167209,0.218113,0.186906,2
0.183804,0.205066,0.165491,2
0.111826,0.153045,0.107573,2
0.12609,0.197743,0.0148498,2
0.140024,0.197438,0.11145,2
0.169603,0.106763,0.0769222,2
0.136941,0.115075,0.149685,2
0.116322,0.204454,0.0448609,2
0.172265,0.19931,0.167063,2
0.10194,0.129276,0.108413,2
0.119935,0.13551,0.111601,2
0.140098,0.169256,0.181255,2
0.12944,0.209168,0.0539413,2
0.194023,0.133989,0.127047,2
0.10168,0.129624,0.107712,2
0.116765,0.112321,0.120001,2
0.106621,0.182151,0.166761,2
0.110083,0.0691705,0.0716573,3
0.133786,0.0761541,0.119354,3
0.170572,0.0449965,0.127,3
0.185818,0.0929622,0.126472,3
0.158466,0.0956182,0.140854,3
0.128748,0.0726799,0.0690232,3
0.154637,0.0532308,0.186484,3
0.220707,0.0181155,0.0980184,3
0.17609,0.0664949,0.154111,3
0.168678,0.0338392,0.0956886,3
0.160558,0.0221088,0.103803,3
0.103515,0.081141,0.0366861,3
0.187208,0.0888199,0.0638937,3
0.131262,0.00642438,0.157685,3
0.198187,0.0484816,0.107081,3
0.107652,0.0311216,0.0120883,3
0.217521,0.0249309,0.117337,3
0.177736,0.00815612,0.192188,3
0.133862,0.101837,0.136894,3
0.143719,0.0370334,0.214539,3
0.166737,0.0911661,0.123177,3
0.153338,0.0879989,0.205614,3
0.131584,0.0623897,0.0683528,3
0.132666,0.0121272,0.0791049,3
0.217993,0.0885796,0.198543,3
0.161747,0.0341701,0.219552,3
0.125697,0.073627,0.183632,3
0.126637,0.00268195,0.107823,3
0.1419,0.0922816,0.136086,3
0.191551,0.00461657,0.00419019,3
0.202144,0.0679975,0.10849,3
0.222584,0.0239717,0.010705,3
0.123063,0.0602255,0.224036,3
0.192522,0.0196753,0.197296,3
0.219158,0.103452,0.114476,3
0.224469,0.0696635,0.00813994,3
0.220196,0.0372519,0.15116,3
0.126035,0.00933593,0.0167897,3
0.211107,0.00490035,0.0218471,3
0.184278,0.0232543,0.0934428,3
0.118693,0.0340446,0.0498627,3
0.166685,0.079617,0.0344619,3
0.141883,0.013472,0.0427457,3
0.220205,0.00286732,0.2066,3
0.101065,0.0555172,0.082428,3
0.175641,0.00757122,0.201809,3
0.149896,0.0890963,0.139689,3
0.11456,0.0883538,0.191335,3
0.182573,0.0158894,0.147013,3
0.191793,0.0525481,0.221077,3
0.17109,0.053189,0.179182,3
0.149226,0.0986719,0.024078,3
0.14401,0.0423011,0.190705,3
0.185464,0.0253149,0.151463,3
0.155113,0.0212894,0.042137,3
0.108693,0.0728956,0.0120527,3
0.153322,0.0757253,0.075278,3
0.219995,0.0442858,0.156908,3
0.182765,0.0279378,0.0930416,3
0.21231,0.021102,0.197394,3
0.205426,0.0291731,0.0858598,3
0.221693,0.0293706,0.113344,3
0.220458,0.0963697,0.0911008,3
0.146698,0.0121826,0.1995,3
0.190581,0.068487,0.0455078,3
0.186855,0.026173,0.217188,3
0.198734,0.025566,0.0319892,3
0.144219,0.0348526,0.0168342,3
0.146917,0.00550354,0.19928,3
0.136633,0.084267,0.169974,3
0.179114,0.0972995,0.0872469,3
0.196413,0.0279982,0.185968,3
0.220806,0.0248043,0.00983626,3
0.187682,0.0413383,0.197746,3
0.118654,0.0718207,0.0819478,3
0.196986,0.0973226,0.0362711,3
0.199784,0.0667235,0.0891661,3
0.19107,0.0127521,0.0795308,3
0.110331,0.034072,0.0103849,3
0.148693,0.0819308,0.0981575,3
0.203382,0.0602593,0.17907,3
0.172584,0.0927422,0.117694,3
0.191189,0.0228258,0.160075,3
0.216658,0.0202258,0.0664374,3
0.105339,0.0940863,0.153595,3
0.116831,0.0940337,0.223759,3
0.161579,0.0458507,0.20098,3
0.124001,0.0587487,0.130936,3
0.135538,0.0335275,0.181251,3
0.193798,0.00696493,0.210582,3
0.154656,0.0524898,0.182144,3
0.147724,0.0244077,0.00340435,3
0.196347,0.0121398,0.0079752,3
0.196162,0.0356275,0.190791,3
0.157023,0.0543312,0.113871,3
0.116044,0.0563304,0.158501,3
0.223731,0.0326513,0.195565,3
0.131183,0.0174225,0.130125,3
0.138188,0.0854669,0.106093,3
0.220982,0.0952494,0.223809,3
0.167523,0.0935234,0.0660221,3
0.190268,0.0939836,0.109708,3
0.12809,0.0211905,0.0364156,3
0.20069,0.0126347,0.0525575,3
0.192445,0.0876739,0.170927,3
0.214788,0.101915,0.0282508,3
0.126842,0.012408,0.0207706,3
0.123896,0.0429375,0.104359,3
0.151217,0.0351408,0.0479094,3
0.135599,0.0753021,0.038787,3
0.212524,0.0959109,0.0520313,3
0.143463,0.00913785,0.0450429,3
0.207278,0.0280653,0.0429543,3
0.144065,0.0140151,0.0433148,3
0.106604,0.0124228,0.0305414,3
0.197917,0.0939503,0.0651407,3
0.191233,0.0780645,0.0112857,3
0.209471,0.0140893,0.0570907,3
0.104668,0.0856709,0.12497,3
0.109531,0.0140112,0.0311431,3
0.222167,0.0852202,0.0283203,3
