x coord,y coord,z coord,rank
0.189246,0.182198,0.189915,0
0.120928,0.175184,0.144437,0
0.158964,0.129276,0.211466,0
0.172844,0.150322,0.223084,0
0.133052,0.130919,0.191563,0
0.105338,0.181267,0.114471,0
0.108743,0.163507,0.134903,0
0.15678,0.191715,0.115179,0
0.130743,0.177964,0.119678,0
0.149708,0.14352,0.224105,0
0.108742,0.144595,0.133415,0
0.168867,0.1752,0.157494,0
0.112499,0.217133,0.145162,0
0.139477,0.149514,0.112398,0
0.117547,0.162503,0.0537386,0
0.143268,0.205463,0.0260942,0
0.215343,0.11963,0.164367,0
0.213103,0.217365,0.00079839,0
0.121796,0.124934,0.0413021,0
0.139401,0.147554,0.0582486,0
0.11109,0.127736,0.0092046,0
0.159259,0.178248,0.024521,0
0.215535,0.125339,0.0769338,0
0.18698,0.136638,0.172343,0
0.137151,0.141671,0.0317365,0
0.217623,0.153535,0.107899,0
0.118561,0.177729,0.145546,0
0.170604,0.119934,0.00528473,0
0.118478,0.164587,0.0588967,0
0.116198,0.130202,0.124845,0
0.157842,0.208497,0.188148,0
0.121426,0.174151,0.0101253,0
0.220669,0.17888,0.03537,0
0.152618,0.17565,0.130394,0
0.171298,0.217854,0.217317,0
0.16824,0.161601,0.0601777,0
0.198014,0.199502,0.0623981,0
0.140921,0.216915,0.0978332,0
0.111003,0.211791,0.144639,0
0.166266,0.188454,0.0511839,0
0.160037,0.158837,0.205797,0
0.217801,0.148089,0.0856339,0
0.214362,0.174833,0.185127,0
0.182138,0.183285,0.0259885,0
0.151264,0.214131,0.140827,0
0.171888,0.136334,0.171453,0
0.215702,0.16824,0.185986,0
0.182408,0.217015,0.0603906,0
0.198493,0.139892,0.101584,0
0.121135,0.17776,0.0112595,0
0.127702,0.168931,0.0838504,0
0.198385,0.202806,0.154816,0
0.142042,0.191675,0.18339,0
0.153701,0.218188,0.145987,0
0.130343,0.204251,0.0610882,0
0.104967,0.204669,0.217184,0
0.105221,0.22063,0.0132713,0
0.210007,0.198767,0.108277,0
0.119274,0.219782,0.129504,0
0.173492,0.13054,0.125404,0
0.197323,0.203112,0.213307,0
0.191416,0.203145,0.151276,0
0.193543,0.21031,0.126455,0
0.121778,0.121218,0.198272,0
0.157878,0.193087,0.129194,0
0.188346,0.21045,0.0214509,0
0.212288,0.185696,0.195585,0
0.171782,0.15316,0.214962,0
0.149172,0.185109,0.220178,0
0.14303,0.164487,0.0227559,0
0.15109,0.129464,0.0852548,0
0.17924,0.126254,0.115975,0
0.213471,0.143188,0.00884317,0
0.175519,0.161062,0.223447,0
0.15352,0.127781,0.00504433,0
0.106464,0.160344,0.199202,0
0.204978,0.168694,0.0500166,0
0.193304,0.135398,0.140199,0
0.176728,0.133394,0.165599,0
0.120299,0.124355,0.0404987,0
0.199276,0.180807,0.201035,0
0.210548,0.13416,0.211037,0
0.223936,0.216459,0.0832873,0
0.15201,0.179984,0.0479229,0
0.158618,0.153144,0.0118692,0
0.20823,0.211923,0.205809,0
0.180132,0.175945,0.172615,0
0.215172,0.171987,0.179515,0
0.170964,0.190033,0.152282,0
0.126289,0.202364,0.185579,0
0.140592,0.223787,0.0772397,0
0.192736,0.166825,0.211486,0
0.177137,0.222283,0.104184,0
0.204088,0.192493,0.0807031,0
0.120969,0.171024,0.0420906,0
0.113619,0.182836,0.159767,0
0.141917,0.160986,0.144439,0
0.186782,0.219997,0.0682435,0
0.169412,0.175677,0.0983553,0
0.216712,0.217477,0.0443577,0
0.142233,0.204299,0.0971342,0
0.139568,0.175599,0.0219199,0
0.161365,0.119674,0.17532,0
0.147503,0.164948,0.0703123,0
0.167029,0.205399,0.124488,0
0.111191,0.218793,0.196313,0
0.211562,0.18924,0.0284498,0
0.160172,0.152705,0.1041,0
0.133258,0.153299,0.0716481,0
0.165616,0.142035,0.00841932,0
0.12045,0.176794,0.0100394,0
0.11192,0.21454,0.0760561,0
0.148839,0.178474,0.0697361,0
0.187496,0.126644,0.0300029,0
0.162891,0.18075,0.0552735,0
0.133187,0.190724,0.130458,0
0.215547,0.137108,0.0926261,0
0.147359,0.163347,0.0781996,0
0.189449,0.220325,0.0968336,0
0.105166,0.145119,0.114248,0
0.190415,0.154498,0.165755,0
0.214336,0.167586,0.154852,0
0.0978473,0.150555,0.176297,0
0.142819,0.120278,0.0449756,0
0.195191,0.119201,0.00888093,0
0.206328,0.110083,0.0179732,1
0.0975438,0.0305162,0.161038,1
0.172076,0.00173732,0.0558036,1
0.196729,0.110733,0.0877328,1
0.114593,0.0655115,0.165536,1
0.131369,0.116906,0.0935802,1
0.142382,0.10448,0.148066,1
0.145618,0.0974966,0.131012,1
0.112729,0.0180528,0.0409749,1
0.209356,0.0481753,0.10518,1
0.18865,0.0299941,0.0291386,1
0.177077,0.0445903,0.169825,1
0.164287,0.0495592,0.0916678,1
0.151608,0.111818,0.107601,1
0.200269,0.0181433,0.0429541,1
0.203675,0.0842072,0.177822,1
0.191561,0.000236281,0.218633,1
0.155527,0.0973989,0.186825,1
0.13762,0.0473695,0.0331177,1
0.215344,0.0622622,0.03985,1
0.149285,0.0155931,0.0292438,1
0.139877,0.0865538,0.218612,1
0.103562,0.0761222,0.189508,1
0.135859,0.0214673,0.180168,1
0.185286,0.0875367,0.0592524,1
0.185259,0.0873755,0.214891,1
0.219778,0.0390647,0.116562,1
0.163639,0.066375,0.142662,1
0.21322,0.0403041,0.0582436,1
0.119248,0.0287722,0.193753,1
0.141987,0.00906195,0.1306,1
0.21707,0.0244128,0.0822452,1
0.126343,0.016905,0.0201207,1
0.177556,0.0652251,0.104096,1
0.192471,0.0336902,0.213077,1
0.193315,0.00456307,0.0327473,1
0.203558,0.0565071,0.0486609,1
0.167633,0.04523,0.136818,1
0.222758,0.0131043,0.0332143,1
0.147499,0.069594,0.0794632,1
0.152479,0.0222768,0.0461668,1
0.16254,0.077754,0.187532,1
0.14044,0.0688439,0.220921,1
0.108281,0.0347723,0.13318,1
0.118878,0.0470452,0.0422405,1
0.223384,0.00895571,0.0545892,1
0.144654,0.0115407,0.0284786,1
0.1162,0.0438065,0.215495,1
0.185457,0.100112,0.0666078,1
0.133158,0.112179,0.198317,1
0.0988133,0.0243575,0.0586663,1
0.172734,0.0770033,0.0584203,1
0.159372,0.0763712,0.0854145,1
0.19084,0.0340632,0.0119941,1
0.113093,0.117833,0.124681,1
0.203173,0.0238835,0.164265,1
0.18076,0.0383127,0.145162,1
0.222707,0.02205,0.200951,1
0.134249,0.0995763,0.0318529,1
0.20542,0.0989043,0.193618,1
0.127818,0.0328359,0.153334,1
0.191401,0.0672107,0.114215,1
0.145078,0.0873635,0.00322096,1
0.184773,0.0920821,0.071511,1
0.132358,0.0385721,0.222229,1
0.125622,0.00449411,0.115676,1
0.151157,0.0829196,0.134948,1
0.162506,0.0666683,0.0937997,1
0.195277,0.107223,0.0864728,1
0.214185,0.00961111,0.0986375,1
0.197976,0.0490486,0.120209,1
0.174594,0.103953,0.040836,1
0.176016,0.0576554,0.0243888,1
0.146647,0.0228157,0.0680897,1
0.1457,0.112802,0.059036,1
0.212027,0.0576018,0.0610542,1
0.209257,0.0950745,0.191625,1
0.116474,0.0540046,0.0675525,1
0.105607,0.0904419,0.149393,1
0.148373,0.104555,0.140589,1
0.175802,0.00168684,0.0588541,1
0.198458,0.0687772,0.0210722,1
0.0987216,0.0177396,0.0249463,1
0.177444,0.0121237,0.140733,1
0.216855,0.0831214,0.0367654,1
0.224745,0.0991939,0.0728019,1
0.168966,0.102995,0.13974,1
0.181278,0.0107219,0.131397,1
0.203668,0.0666863,0.137604,1
0.191245,0.0990174,0.215664,1
0.223673,0.0382454,0.182298,1
0.188051,0.0310465,0.00567368,1
0.123176,0.0331569,0.105519,1
0.188892,0.0658672,0.191824,1
0.123545,0.0928526,0.21585,1
0.161717,0.021243,0.147047,1
0.207547,0.0466808,0.169815,1
0.178418,0.0860526,0.0389109,1
0.205071,0.0858624,0.000877448,1
0.215046,0.0762925,0.193398,1
0.189278,0.0359991,0.138456,1
0.108138,0.0519844,0.0704389,1
0.0980133,0.0555182,0.203775,1
0.199607,0.0458912,0.0575739,1
0.147534,0.0498361,0.127083,1
0.215023,0.00090969,0.190272,1
0.170155,0.0863781,0.131158,1
0.153204,0.0587878,0.119487,1
0.212187,0.0594656,0.177879,1
0.0978564,0.0620343,0.205433,1
0.22289,0.00199597,0.0778276,1
0.207404,0.103861,0.127957,1
0.154948,0.053669,0.224707,1
0.103043,0.0514053,0.0806669,1
0.144834,0.0524187,0.134256,1
0.207782,0.0769935,0.0367775,1
0.210374,0.101512,0.0333761,1
0.223494,0.0385492,0.132788,1
0.117893,0.106561,0.121329,1
0.22447,0.0435409,0.0960336,1
0.160437,0.00399769,0.184685,1
0.138515,0.0398997,0.0662168,1
0.100276,0.014574,0.142841,1
0.121001,0.0863263,0.214405,1
0.1031,0.0462869,0.219355,1
0.101936,0.0310807,0.131994,1
0.130017,0.116182,0.0157162,1
0.0981133,0.0187132,0.0120189,1
0.159852,0.118153,0.207231,1
0.0968027,0.0255158,0.198205,1
0.096603,0.0844171,0.20592,1
0.0376082,0.0420294,0.15237,2
0.0705383,0.0954282,0.0777777,2
0.0546424,0.103218,0.0244041,2
0.0741391,0.100603,0.0505627,2
0.0648993,0.125592,0.0292625,2
0.0384786,0.0455937,0.134887,2
0.0171022,0.0975044,0.137456,2
0.00214994,0.106096,0.0102977,2
0.0138202,0.101996,0.113146,2
0.0583454,0.0942599,0.0281719,2
0.0017332,0.106333,0.0886338,2
0.0506249,0.0449406,0.00465288,2
0.0752285,0.0128434,0.0373082,2
0.0690549,0.0189598,0.162493,2
0.0789809,0.118175,0.197118,2
0.00524796,0.0858152,0.0918912,2
0.0587541,0.00154066,0.159205,2
0.0883226,0.00712036,0.207345,2
0.00882114,0.0218568,0.195289,2
0.0917061,0.0917503,0.0214109,2
0.071195,0.0296072,0.200629,2
0.0835489,0.100143,0.205541,2
0.073345,0.0766557,0.224189,2
0.083019,0.0225724,0.198557,2
0.0614435,0.00130833,0.00694342,2
0.0859825,0.0859673,0.220039,2
0.00159772,0.127657,0.103755,2
0.00169412,0.103636,0.0768449,2
0.0902951,0.107022,0.167491,2
0.00394884,0.0814802,0.0899245,2
0.0615202,0.0307392,0.0333162,2
0.0436053,0.119108,0.210622,2
0.0656688,0.0103419,0.144837,2
0.0920279,0.0898978,0.111464,2
0.0033276,0.00455877,0.0834988,2
0.0508013,0.0564965,0.0448093,2
0.00891638,0.0692849,0.0589089,2
0.0194622,0.074007,0.0361987,2
0.0905816,0.0846975,0.196498,2
0.0400396,0.105171,0.114971,2
0.0220414,0.108932,0.0108982,2
0.0716585,0.0681634,0.0115149,2
0.0718551,0.124515,0.142615,2
0.00387261,0.08696,0.0109502,2
0.0443874,0.0642647,0.213568,2
0.0286614,0.0216743,0.213392,2
0.0916182,0.0499813,0.219323,2
0.000589329,0.0747388,0.0337697,2
0.0642328,0.126919,0.212759,2
0.0388126,0.097067,0.0987982,2
0.000643102,0.0277394,0.112979,2
0.0722674,0.106028,0.111228,2
0.0863798,0.076581,0.19553,2
0.0705666,0.108108,0.149161,2
0.027206,0.0601687,0.16388,2
0.0289781,0.0205333,0.109471,2
0.0134338,0.0590907,0.220842,2
0.00171143,0.0790971,0.00199847,2
0.0425398,0.0101747,0.092298,2
0.045417,0.0309954,0.191406,2
0.0394063,0.0256078,0.0963566,2
0.0521833,0.00170705,0.102884,2
0.00746071,0.0843629,0.220683,2
0.0709971,0.0139313,0.144434,2
0.00219827,0.105194,0.147047,2
0.0322127,0.0101717,0.0570681,2
0.0727819,0.0598906,0.19095,2
0.0816005,0.00731896,0.0542809,2
0.0582364,0.0456165,0.177842,2
0.0529454,0.0850964,0.145631,2
0.082358,0.0529518,0.0650809,2
0.0742592,0.114384,0.161385,2
0.0638019,0.0147888,0.112158,2
0.0680667,0.00255193,0.0744421,2
0.0477391,0.116242,0.0797936,2
0.00827937,0.101622,0.154329,2
0.0494708,0.0423148,0.11018,2
0.032557,0.0796692,0.0618458,2
0.0256153,0.0904846,0.209661,2
0.0548723,0.100192,0.176371,2
0.00302281,0.00955013,0.142108,2
0.0738654,0.117287,0.130935,2
0.0688329,0.0224691,0.20622,2
0.0458764,0.0481594,0.140022,2
0.0514074,0.0490652,0.198242,2
0.0795698,0.0344462,0.182467,2
0.0672912,0.0644332,0.0919813,2
0.0361774,0.122053,0.166621,2
0.0499327,0.0925415,0.209836,2
0.00695117,0.0887884,0.106818,2
0.0432115,0.110526,0.144291,2
0.0944551,0.0641322,0.100664,2
0.0225635,0.0396996,0.132809,2
0.0573893,0.0436857,0.0331284,2
0.0270058,0.126544,0.0884741,2
0.050736,0.112009,0.0654351,2
0.0460877,0.0681218,0.00594691,2
0.0297808,0.0364295,0.171594,2
0.0635141,0.117815,0.112531,2
0.028305,0.0218855,0.0548859,2
0.0794092,0.0750125,0.131898,2
0.0247625,0.0679199,0.189313,2
0.0543435,0.0075641,0.0549125,2
0.0339203,0.0377619,0.174131,2
0.0242197,0.0145931,0.0153896,2
0.0618149,0.0341828,0.0495056,2
0.0953643,0.116208,0.0495803,2
0.0399195,0.117223,0.00221941,2
0.0192254,0.0069799,0.0438538,2
0.0317411,0.0994445,0.0447877,2
0.0479597,0.0655736,0.116119,2
0.0803453,0.0250713,0.062443,2
0.0380429,0.106234,0.0597378,2
0.0681323,0.105551,0.199533,2
0.0844973,0.0673818,0.00157605,2
0.0922036,0.0562967,0.0973045,2
0.00728319,0.123622,0.0642459,2
0.0913648,0.128526,0.206232,2
0.030639,0.179277,0.143535,3
0.05563,0.171831,0.180879,3
0.0333068,0.172928,0.140279,3
0.0321695,0.176728,0.144733,3
0.0338875,0.175078,0.139664,3
0.0150511,0.188196,0.1312,3
0.0295585,0.177192,0.140037,3
0.0282734,0.183567,0.144588,3
0.0466801,0.206831,0.158572,3
0.0845983,0.176121,0.0716404,3
0.0323017,0.174376,0.142394,3
0.0119649,0.171902,0.175819,3
0.00817945,0.155979,0.174646,3
0.00373943,0.171468,0.198166,3
0.0252271,0.129756,0.127229,3
0.0297354,0.20132,0.107593,3
0.0816079,0.171558,0.136472,3
0.031335,0.161678,0.0882645,3
0.0302643,0.172712,0.146136,3
0.0521329,0.133459,0.0505148,3
0.0591803,0.16633,0.206467,3
0.0304588,0.179248,0.142381,3
0.0949531,0.164148,0.14616,3
0.0341611,0.14974,0.105885,3
0.0318795,0.183454,0.208053,3
0.0348189,0.155617,0.0592288,3
0.0507386,0.203741,0.121787,3
0.0535909,0.220502,0.0612932,3
0.0121075,0.174126,0.1096,3
0.0796875,0.17975,0.0110588,3
0.0867444,0.218456,0.104935,3
0.0122039,0.218933,0.139514,3
0.0307955,0.172919,0.141134,3
0.0575947,0.216181,0.218122,3
0.0276728,0.159235,0.186169,3
0.070398,0.146967,0.0507723,3
0.0255672,0.223116,0.188134,3
0.0239143,0.172686,0.139992,3
0.0329808,0.170322,0.143661,3
0.0322121,0.175581,0.145053,3
0.0294008,0.174385,0.139246,3
0.0267176,0.174624,0.143502,3
0.0314777,0.174748,0.146078,3
0.0301721,0.178137,0.140757,3
0.0312918,0.173551,0.145304,3
0.0276255,0.173288,0.108033,3
0.0657524,0.181341,0.204599,3
0.0298236,0.176405,0.139958,3
0.0384222,0.190982,0.0713049,3
0.0839174,0.208465,0.0820188,3
0.0957762,0.131938,0.205409,3
0.0256906,0.178102,0.14841,3
0.0302649,0.174363,0.149875,3
0.0453434,0.201535,0.188043,3
0.0347269,0.174183,0.143311,3
0.0206215,0.158572,0.162197,3
0.0339679,0.177203,0.145964,3
0.0324573,0.132358,0.14597,3
0.0283139,0.178838,0.145038,3
0.0237076,0.178221,0.141303,3
0.0436793,0.218341,0.0684794,3
0.0382427,0.13395,0.117949,3
0.0366097,0.167348,0.160203,3
0.0236918,0.177375,0.142665,3
0.0559762,0.189756,0.102083,3
0.019281,0.216284,0.056991,3
0.0287715,0.173577,0.146827,3
0.0272166,0.19702,0.045083,3
0.0107456,0.165533,0.0488758,3
0.0278837,0.175393,0.142008,3
0.0801885,0.185529,0.0606626,3
0.00235141,0.153486,0.218878,3
0.0320423,0.177558,0.140883,3
0.033259,0.172561,0.144857,3
0.0955748,0.142947,0.0572034,3
0.0662721,0.165968,0.151124,3
0.0733723,0.183954,0.150768,3
0.0673557,0.134841,0.0861305,3
0.0461376,0.161586,0.0118789,3
0.0284383,0.175393,0.143072,3
0.0498132,0.221266,0.0980601,3
0.0377958,0.189084,0.0180022,3
0.0267505,0.180841,0.142727,3
0.0528199,0.21879,0.0893037,3
0.077889,0.216218,0.139386,3
0.0241681,0.155296,0.167201,3
0.0233346,0.14358,0.0789359,3
0.024625,0.172425,0.143821,3
0.0896045,0.195875,0.154713,3
0.034517,0.174446,0.14444,3
0.0513552,0.191264,0.164702,3
0.0297182,0.177381,0.145356,3
0.0326045,0.137849,0.0734503,3
0.0843098,0.175654,0.0185396,3
0.0321301,0.177678,0.141347,3
0.0514873,0.19384,0.0438387,3
0.0425403,0.143973,0.0940068,3
0.0216486,0.143684,0.0139514,3
0.031778,0.174514,0.144626,3
0.012825,0.187625,0.106328,3
0.0304537,0.176446,0.141318,3
0.0343635,0.143793,0.122554,3
0.0906263,0.173321,0.0746635,3
0.0504868,0.192661,0.12952,3
0.0108503,0.178261,0.10334,3
0.0300005,0.168468,0.140509,3
0.0668894,0.173422,0.0935837,3
0.0322921,0.178253,0.143583,3
0.0407342,0.192099,0.0566247,3
0.076992,0.198039,0.0584463,3
0.0317637,0.180563,0.141146,3
0.0277971,0.178335,0.145243,3
0.095203,0.205147,0.168562,3
0.0319251,0.175146,0.146597,3
0.0796437,0.200753,0.0737829,3
0.0319622,0.176214,0.141166,3
0.0237586,0.210884,0.178021,3
0.0906022,0.177899,0.0940121,3
0.0752513,0.185953,0.15186,3
0.0319588,0.175788,0.142119,3
0.08196,0.1647,0.181799,3
0.0818087,0.223111,0.0972068,3
0.0276222,0.177119,0.140212,3
0.0953544,0.221055,0.133968,3
0.0927672,0.14155,0.199596,3
0.000236045,0.133649,0.136938,3
