x coord,y coord,z coord,rank
0.155482,0.120504,0.149266,0
0.134977,0.133887,0.130519,0
0.149733,0.123925,0.218622,0
0.111815,0.129332,0.135007,0
0.184492,0.12788,0.156647,0
0.187147,0.0195602,0.123789,0
0.19036,0.130152,0.175221,0
0.0509216,0.0365516,0.121791,0
0.130572,0.0125508,0.123537,0
0.150762,0.0910763,0.124638,0
0.124556,0.131174,0.162295,0
0.0628403,0.121233,0.193063,0
0.115135,0.0899639,0.196884,0
0.104752,0.0140697,0.139858,0
0.0669585,0.0896786,0.172093,0
0.183852,0.0422025,0.21548,0
0.15813,0.114759,0.208551,0
0.133296,0.104395,0.207355,0
0.212166,0.0191244,0.209324,0
0.200678,0.0794999,0.150438,0
0.168275,0.014916,0.139388,0
0.149018,0.0446337,0.158033,0
0.191091,0.0472574,0.184556,0
0.149928,0.0178358,0.121866,0
0.0507883,0.125573,0.220522,0
0.201201,0.0893783,0.199131,0
0.194554,0.110204,0.154481,0
0.153955,0.10735,0.163599,0
0.20655,0.089011,0.131408,0
0.219261,0.0823983,0.19275,0
0.0981922,0.0386643,0.163844,0
0.0846002,0.0428293,0.222701,0
0.164131,0.0215257,0.158882,0
0.184162,0.00222321,0.177659,0
0.196893,0.0966782,0.124629,0
0.115775,0.0883975,0.206562,0
0.0467552,0.0884347,0.166969,0
0.0229912,0.00946669,0.182538,0
0.131588,0.0232088,0.129386,0
0.14384,0.0534211,0.132396,0
0.144144,0.0250996,0.187364,0
0.184306,0.00688655,0.185141,0
0.0724221,0.0974627,0.220323,0
0.115189,0.0763676,0.154684,0
0.134198,0.0677148,0.199024,0
0.0219674,0.0568058,0.165645,0
0.0986542,0.0576664,0.135164,0
0.208781,0.0974341,0.198764,0
0.13675,0.0529424,0.18749,0
0.0438888,0.0155593,0.195629,0
0.139018,0.0291129,0.21161,0
0.0982807,0.0688104,0.162757,0
0.183502,0.123555,0.186711,0
0.0671843,0.0756782,0.152145,0
0.0217345,0.106494,0.1546,0
0.145886,0.0366538,0.157874,0
0.0946406,0.0762426,0.160726,0
0.176323,0.0513293,0.127438,0
0.0850607,0.0267628,0.205172,0
0.0567377,0.0542649,0.18688,0
0.0856115,0.100002,0.139637,0
0.0464244,0.1145,0.12971,0
0.138461,0.101554,0.15521,0
0.0528469,0.0670819,0.176488,0
0.0386293,0.110798,0.137318,0
0.151293,0.0922471,0.19934,0
0.0256371,0.0697014,0.157997,0
0.128177,0.0820412,0.144575,0
0.0797996,0.0499718,0.128822,0
0.108392,0.00535025,0.214235,0
0.182063,0.092252,0.217404,0
0.134296,0.0481159,0.127591,0
0.0200925,0.119752,0.147392,0
0.14608,0.0304037,0.209121,0
0.206413,0.0587274,0.159073,0
0.0549127,0.0657072,0.159685,0
0.0256754,0.0446966,0.196872,0
0.0495144,0.0539447,0.170275,0
0.217638,0.0159392,0.223638,0
0.216925,0.00811587,0.176514,0
0.193893,0.00846665,0.154071,0
0.10153,0.0959077,0.172971,0
0.0995187,0.0813021,0.21631,0
0.132928,0.0907005,0.125995,0
0.16598,0.0916677,0.129385,0
0.0530191,0.0714897,0.128859,0
0.110754,0.0552238,0.20366,0
0.023015,0.0836668,0.182807,0
0.0516584,0.00140955,0.179856,0
0.032127,0.035315,0.129853,0
0.0499365,0.104294,0.13933,0
0.0502465,0.0316716,0.205188,0
0.0840255,0.0190186,0.181525,0
0.151636,0.107622,0.178279,0
0.222477,0.0170676,0.149425,0
0.222598,0.0748774,0.13763,0
0.0154522,0.0916489,0.167843,0
0.12403,0.0843627,0.177615,0
0.180294,0.0821174,0.181407,0
0.211533,0.119178,0.18071,0
0.0925854,0.0320355,0.215992,0
0.204801,0.076607,0.217374,0
0.0173273,0.0876076,0.181241,0
0.140381,0.036854,0.118213,0
0.0521703,0.120151,0.189869,0
0.00804797,0.0715145,0.214211,0
0.14015,0.0491555,0.136632,0
0.143006,0.0521462,0.165748,0
0.198574,0.0381756,0.187939,0
0.208336,0.0232788,0.126989,0
0.157476,0.0391443,0.223833,0
0.07767,0.0319573,0.218028,0
0.170682,0.0835302,0.199131,0
0.00539812,0.068274,0.175969,0
0.181744,0.118551,0.184924,0
0.00336977,0.00443832,0.224332,0
0.148674,0.122617,0.125061,0
0.114826,0.0492933,0.17608,0
0.0761223,0.106812,0.164634,0
0.0823861,0.10658,0.145671,0
0.0853111,0.0323456,0.135027,0
0.0825287,0.0790555,0.142297,0
0.104262,0.0324148,0.166557,0
0.0558702,0.125614,0.125976,0
0.00655587,0.130959,0.17349,0
0.214043,0.0261824,0.122668,0
0.133854,0.133987,0.198152,0
0.0334814,0.216887,0.131882,1
0.0310219,0.219975,0.125704,1
0.0326741,0.216555,0.132541,1
0.031639,0.214994,0.127876,1
0.00505656,0.175886,0.147037,1
0.0276878,0.159355,0.130341,1
0.0919098,0.163774,0.144647,1
0.164956,0.182665,0.118487,1
0.0353695,0.21326,0.131776,1
0.010031,0.150626,0.172104,1
0.0869231,0.158607,0.197877,1
0.0335007,0.215877,0.13201,1
0.0307934,0.214281,0.133065,1
0.0347202,0.220134,0.131556,1
0.0300749,0.216487,0.136121,1
0.107058,0.222265,0.22277,1
0.0324337,0.223294,0.130307,1
0.0319548,0.214155,0.131457,1
0.0296322,0.220111,0.132267,1
0.0341211,0.213217,0.129856,1
0.028061,0.217208,0.13152,1
0.0418664,0.223851,0.208102,1
0.0477998,0.173576,0.217603,1
0.0265105,0.216114,0.131259,1
0.0285484,0.214892,0.135599,1
0.0362525,0.219601,0.132288,1
0.0304254,0.219164,0.13044,1
0.0408157,0.159612,0.168974,1
0.0300949,0.213305,0.13689,1
0.215959,0.140931,0.164563,1
0.126125,0.218062,0.120712,1
0.0644797,0.21989,0.221671,1
0.142532,0.175859,0.163027,1
0.0337894,0.218717,0.129263,1
0.025283,0.214156,0.133518,1
0.0302947,0.215927,0.134822,1
0.0681005,0.140842,0.18377,1
0.188525,0.174397,0.223988,1
0.0286718,0.216578,0.135038,1
0.0996755,0.20504,0.178042,1
0.12892,0.165652,0.176948,1
0.142961,0.153909,0.21544,1
0.210669,0.213168,0.169,1
0.0884879,0.165688,0.19636,1
0.222755,0.22072,0.214192,1
0.184391,0.198793,0.180549,1
0.0487205,0.219305,0.139295,1
0.0279205,0.214926,0.136305,1
0.221933,0.182064,0.137131,1
0.144306,0.195314,0.214875,1
0.161305,0.175209,0.134715,1
0.013849,0.20796,0.196373,1
0.0303771,0.193404,0.141376,1
0.0301165,0.220106,0.132844,1
0.0496374,0.216084,0.122121,1
0.137473,0.136111,0.188711,1
0.000297355,0.18209,0.169345,1
0.168083,0.151863,0.134977,1
0.0329682,0.218774,0.136005,1
0.0958778,0.139208,0.189477,1
0.217015,0.199325,0.208159,1
0.0336332,0.221663,0.130735,1
0.140334,0.217612,0.195289,1
0.0363713,0.214126,0.132971,1
0.0529086,0.140855,0.19217,1
0.21326,0.206942,0.178346,1
0.190019,0.198135,0.187593,1
0.0373553,0.220612,0.134222,1
0.0321152,0.218393,0.136971,1
0.125367,0.203867,0.173136,1
0.197638,0.198683,0.143936,1
0.032025,0.218752,0.129533,1
0.180256,0.174008,0.160685,1
0.0320528,0.217259,0.135246,1
0.157897,0.185432,0.197315,1
0.0138456,0.15429,0.195276,1
0.0327216,0.211539,0.138965,1
0.0147792,0.224467,0.136252,1
0.0159724,0.19235,0.128202,1
0.164077,0.193011,0.176484,1
0.149244,0.163941,0.17313,1
0.155085,0.192841,0.137934,1
0.192139,0.210909,0.171583,1
0.0215517,0.192273,0.142564,1
0.153155,0.154052,0.169632,1
0.188577,0.163158,0.175369,1
0.0299523,0.213106,0.132977,1
0.148146,0.176058,0.168575,1
0.0308949,0.213869,0.127112,1
0.0966387,0.149796,0.166771,1
0.219963,0.209924,0.145905,1
0.0285247,0.211581,0.134185,1
0.171157,0.172963,0.170656,1
0.0202752,0.153612,0.153863,1
0.0319588,0.214017,0.131481,1
0.189227,0.165209,0.206659,1
0.160194,0.182018,0.182279,1
0.136827,0.184453,0.122993,1
0.213802,0.154587,0.161045,1
0.0146812,0.150045,0.219945,1
0.191603,0.182179,0.156907,1
0.188422,0.214114,0.167315,1
0.0316569,0.218504,0.133771,1
0.00941047,0.152581,0.167116,1
0.0475844,0.179763,0.214798,1
0.107656,0.18155,0.12706,1
0.0374771,0.21773,0.133585,1
0.22299,0.200865,0.211335,1
0.0326796,0.217411,0.13127,1
0.200193,0.217672,0.142529,1
0.186054,0.195572,0.196983,1
0.214332,0.2149,0.172242,1
0.0224255,0.153838,0.130899,1
0.173356,0.199358,0.223017,1
0.0356902,0.215591,0.134177,1
0.0551384,0.207205,0.149775,1
0.0515414,0.14789,0.192334,1
0.150998,0.177989,0.203391,1
0.00509949,0.138385,0.126501,1
0.0296938,0.221708,0.133758,1
0.0303554,0.217306,0.129874,1
0.0256011,0.218786,0.133427,1
0.0290814,0.214127,0.133606,1
0.125972,0.15958,0.181009,1
0.0436211,0.176271,0.135395,1
0.0330381,0.147692,0.125663,1
0.0534549,0.0741644,0.0904813,2
0.0631289,0.00866012,0.0863196,2
0.0373397,0.0371431,0.0837091,2
0.126565,0.0545862,0.0209929,2
0.0179071,0.0151899,0.0643588,2
0.057626,0.0891468,0.0746344,2
0.13399,0.0609852,0.0145794,2
0.103404,0.0403679,0.0193755,2
0.0379179,0.0638755,0.0123669,2
0.118189,0.0617841,0.0580974,2
0.102523,0.0349312,0.0242594,2
0.119637,0.0272632,0.0375396,2
0.0634953,0.0281047,0.0330356,2
0.116949,0.0802226,0.0919378,2
0.0555085,0.0122895,0.0607521,2
0.135773,0.00966903,0.0439088,2
0.159217,0.0612311,0.0264219,2
0.0687451,0.0139087,0.000954859,2
0.139282,0.0605922,0.0386667,2
0.113234,0.0824262,0.00620818,2
0.220222,0.0411585,0.100401,2
0.207461,0.0441627,0.0405275,2
0.118015,0.0618832,0.0675641,2
0.164967,0.0204774,0.0748396,2
0.144859,0.0312401,0.0932387,2
0.0446632,0.0881004,0.00590415,2
0.216153,0.0115346,0.0589181,2
0.187126,0.0251568,0.0153662,2
0.153947,0.0623436,0.095599,2
0.0465423,0.0917318,0.101406,2
0.133672,0.108884,0.020537,2
0.152513,0.100747,0.105239,2
0.135711,0.0727351,0.0531163,2
0.215486,0.0751168,0.0771936,2
0.0739207,0.0889989,0.0918156,2
0.103146,0.0969597,0.0431776,2
0.0650488,0.073575,0.0897452,2
0.136159,0.0796493,0.00462452,2
0.113697,0.0774633,0.111529,2
0.142217,0.0626718,0.115623,2
0.204555,0.00223396,0.0698555,2
0.181932,0.0112488,0.0516098,2
0.12994,0.0992527,0.0607509,2
0.114649,0.00972293,0.0434905,2
0.117691,0.0312892,0.0394426,2
0.169552,0.107874,0.0857261,2
0.0160533,0.0870968,0.1124,2
0.197281,0.066387,0.0263729,2
0.212352,0.0251657,0.0894882,2
0.0268063,0.0249877,0.0863957,2
0.170301,0.0533668,0.112375,2
0.183769,0.0506797,0.0704633,2
0.0677248,0.0511148,0.0468612,2
0.0231719,0.0495374,0.00217802,2
0.125143,0.0994826,0.104851,2
0.157272,0.0451627,0.000235109,2
0.197608,0.0869537,0.104773,2
0.214351,0.0290711,0.0714435,2
0.0322541,0.0583572,0.0453115,2
0.156979,0.0984683,0.0436924,2
0.0535406,0.11053,0.0930126,2
0.127486,0.0469511,0.0742612,2
0.0876561,0.0120808,0.035435,2
0.0588739,0.0260247,0.00978446,2
0.215224,0.0399906,0.0429491,2
0.0819464,0.00662539,0.0554626,2
0.0119465,0.0771862,0.00151865,2
0.171731,0.0390179,0.0170821,2
0.180016,0.0932962,0.0818651,2
0.0664005,0.0416205,0.0472078,2
0.223276,0.103571,0.0299732,2
0.169903,0.0689021,0.110696,2
0.010294,0.0925938,0.108596,2
0.186112,0.0417303,0.0743647,2
0.165783,0.0604836,0.0971415,2
0.0273122,0.0299131,0.0958062,2
0.189781,0.0795345,0.0262893,2
0.128691,0.108941,0.115998,2
0.0192054,0.10779,0.00944589,2
0.0186515,0.0687121,0.104964,2
0.0838984,0.0103217,0.0526801,2
0.0446608,0.0598821,0.0099175,2
0.200014,0.098326,0.0631958,2
0.117467,0.0226396,0.0258943,2
0.0289298,0.0921579,0.00626835,2
0.0309564,0.0343916,0.0882204,2
0.207552,0.0114061,0.0252512,2
0.106309,0.0320796,0.115209,2
0.174682,0.0586101,0.0984674,2
0.18149,0.107519,0.0637996,2
0.201331,0.0235013,0.00953534,2
0.199389,0.00629061,0.0167009,2
0.175452,0.105044,0.0926624,2
0.0434037,0.093228,0.101255,2
0.151801,0.10716,0.114868,2
0.0688133,0.00307946,0.0918009,2
0.117297,0.0810653,0.0236384,2
0.0171753,0.0777376,0.0343037,2
0.00839525,0.0230885,0.0604154,2
0.147206,0.101774,0.0475256,2
0.0990343,0.0590581,0.103496,2
0.138337,0.0941464,0.100133,2
0.0196763,0.0131301,0.0283224,2
0.118325,0.0724696,0.0153744,2
0.0615009,0.000728731,0.0739464,2
0.176622,0.0700026,0.0464094,2
0.0257739,0.0978858,0.0429276,2
0.182609,0.0150581,0.0228001,2
0.177416,0.0144374,0.0534424,2
0.136167,0.112794,0.0847248,2
0.193693,0.00976855,0.0476288,2
0.208634,0.0500554,0.0597868,2
0.0154301,0.0944056,0.110046,2
0.194324,0.109616,0.0698864,2
0.189971,0.0643911,0.0223357,2
0.185157,0.0190543,0.0829725,2
0.0662195,0.0294262,0.0930461,2
0.105444,0.012267,0.0384421,2
0.0713093,0.0492379,0.0303922,2
0.219726,0.108285,0.0295113,2
0.123047,0.0369816,0.0984826,2
0.129385,0.119832,0.0456476,3
0.211499,0.195624,0.0486663,3
0.0932605,0.206592,0.0524246,3
0.0969231,0.17976,0.0922487,3
0.0566918,0.120772,0.0845253,3
0.173439,0.180748,0.100723,3
0.107739,0.171512,0.0365107,3
0.097523,0.126777,0.0856928,3
0.157863,0.140484,0.0841559,3
0.117175,0.133395,0.0531902,3
0.217259,0.175833,0.04444,3
0.0168562,0.11659,0.0404126,3
0.110899,0.156998,0.0209197,3
0.168113,0.148458,0.0152318,3
0.130516,0.185091,0.0738633,3
0.137726,0.149473,0.0642472,3
0.1618,0.187315,0.0367854,3
0.0681477,0.115774,0.00923007,3
0.119497,0.219411,0.0553536,3
0.216601,0.139736,0.014936,3
0.116053,0.204321,0.00307707,3
0.195895,0.139619,0.0158336,3
0.0878128,0.218168,0.0247401,3
0.0590307,0.124046,0.110141,3
0.0401247,0.116746,0.0407625,3
0.100415,0.116001,0.0891511,3
0.093965,0.140642,0.107234,3
0.165871,0.144223,0.0652295,3
0.132832,0.216434,0.0015155,3
0.0601281,0.127457,0.0787993,3
0.0864816,0.15932,0.0764949,3
0.0117654,0.127945,0.0249128,3
0.0453174,0.146245,0.0535631,3
0.00233368,0.131634,0.0374046,3
0.127421,0.130807,0.114259,3
0.187957,0.204588,0.0273321,3
0.187613,0.201284,0.0874877,3
0.0591831,0.169361,0.0779084,3
0.00349369,0.164881,0.0636892,3
0.100627,0.179902,0.0420968,3
0.174401,0.22458,0.0809669,3
0.1875,0.143072,0.0278782,3
0.0502982,0.17077,0.0197009,3
0.115542,0.218593,0.108437,3
0.0289627,0.185874,0.094921,3
0.0350142,0.177547,0.0104097,3
0.109887,0.204439,0.0981518,3
0.0700016,0.162025,0.0183522,3
0.0273911,0.145274,0.0699893,3
0.0348488,0.208062,0.0197391,3
0.0575106,0.153877,0.109955,3
0.0535213,0.162794,0.0721314,3
0.029675,0.147996,0.0360498,3
0.045191,0.210825,0.0629553,3
0.0599399,0.169443,0.0423989,3
0.0709328,0.15066,0.0296856,3
0.0265528,0.222597,0.00729132,3
0.165781,0.192078,0.00776746,3
0.0283675,0.223304,0.0100989,3
0.165427,0.208057,0.0345028,3
0.220806,0.129251,0.0508748,3
0.156785,0.15433,0.107746,3
0.16684,0.184871,0.038645,3
0.164675,0.145079,0.0766312,3
0.154311,0.194714,0.0116736,3
0.196438,0.208928,0.00701986,3
0.214573,0.194292,0.0700149,3
0.188803,0.220165,0.0595895,3
0.214641,0.198185,0.0547385,3
0.0488162,0.167785,0.0331407,3
0.212477,0.129369,0.0758037,3
0.0607627,0.163019,0.0488669,3
0.194071,0.215079,0.0849637,3
0.00954836,0.222492,0.0495021,3
0.21818,0.138089,0.0228192,3
0.0161198,0.15036,0.0679841,3
0.016374,0.201391,0.0547471,3
0.0508019,0.19572,0.0537172,3
0.00258696,0.131039,0.0930871,3
0.202333,0.127407,0.0204923,3
0.0376519,0.198414,0.0235921,3
0.0828454,0.212146,0.0157018,3
0.0403771,0.220361,0.0822238,3
0.053714,0.149669,0.0387792,3
0.11105,0.184437,0.0938633,3
0.066852,0.152646,0.0451327,3
0.0583748,0.13658,0.043413,3
0.0699338,0.14265,0.0931289,3
0.199231,0.210422,0.0846165,3
0.0314174,0.209984,0.054794,3
0.00196924,0.185529,0.0702747,3
0.0163867,0.159477,0.0477246,3
0.0230261,0.217089,0.0308987,3
0.0292616,0.166201,0.0956794,3
0.0977954,0.189406,0.0745781,3
0.124797,0.148161,0.0820519,3
0.0481028,0.191437,0.0855279,3
0.0234943,0.15198,0.111968,3
0.0266648,0.191471,0.00192439,3
0.0356053,0.196725,0.0739568,3
0.0241402,0.197484,0.0847031,3
0.00796758,0.217706,0.076476,3
0.201226,0.201291,0.0215816,3
0.179601,0.178296,0.0829913,3
0.0888485,0.203942,0.073503,3
0.0356836,0.202884,0.01428,3
0.177919,0.221387,0.0819302,3
0.0490358,0.178274,0.0578685,3
0.0703616,0.165853,0.0831697,3
0.188208,0.14371,0.115221,3
0.00909594,0.137297,0.00692932,3
0.0970142,0.140885,0.0064423,3
0.21023,0.129557,0.057483,3
0.224374,0.221781,0.0540673,3
0.0606198,0.155553,0.0928671,3
0.115844,0.138421,0.0182736,3
0.0376892,0.131598,0.0305392,3
0.0658343,0.156424,0.115633,3
0.104018,0.215051,0.0635932,3
0.12748,0.121884,0.0427224,3
0.156256,0.188788,0.0990608,3
0.209663,0.11485,0.0718893,3
0.138764,0.114271,0.000961378,3
0.0842104,0.114566,0.0938702,3
0.0111167,0.166983,0.116976,3
0.196883,0.114146,0.0958641,3
