x coord,y coord,z coord,rank
0.0830455,0.209806,0.13182,0
0.0423787,0.218477,0.14966,0
0.0689478,0.150749,0.134323,0
0.030387,0.10975,0.189139,0
0.0986763,0.134752,0.142793,0
0.0802189,0.154495,0.12704,0
0.0255905,0.188367,0.188536,0
0.124944,0.109712,0.176453,0
0.0757271,0.214931,0.186061,0
0.0409747,0.191415,0.162898,0
0.0650079,0.195226,0.224757,0
0.128844,0.116914,0.196958,0
0.116411,0.175295,0.186484,0
0.00345713,0.220356,0.140862,0
0.00271473,0.187718,0.168834,0
0.0613611,0.17387,0.221406,0
0.0345765,0.109214,0.191259,0
0.211278,0.211686,0.179277,0
0.097984,0.118015,0.170171,0
0.0357047,0.202465,0.211314,0
0.0733683,0.199507,0.139464,0
0.0292437,0.203478,0.17667,0
0.014596,0.191556,0.137649,0
0.15882,0.144216,0.176701,0
0.185615,0.139718,0.177075,0
0.1813,0.210549,0.135323,0
0.0243151,0.109425,0.210043,0
0.0245466,0.10993,0.198152,0
0.0196051,0.196622,0.206402,0
0.0887992,0.168011,0.142086,0
0.0357233,0.114314,0.18996,0
0.127511,0.190384,0.139787,0
0.0682426,0.195853,0.206454,0
0.0946863,0.151693,0.220933,0
0.00377617,0.133558,0.171151,0
0.0564005,0.173587,0.180323,0
0.0858899,0.171401,0.171424,0
0.0272166,0.163415,0.220433,0
0.0303429,0.1124,0.192984,0
0.160339,0.200033,0.216594,0
0.141131,0.167797,0.159056,0
0.147097,0.177591,0.184889,0
0.183825,0.132879,0.159861,0
0.0284071,0.11097,0.187655,0
0.194092,0.13307,0.187203,0
0.00141469,0.199907,0.14602,0
0.0286994,0.110162,0.190768,0
0.142795,0.116837,0.198645,0
0.0272319,0.109214,0.189492,0
0.0235758,0.147309,0.151962,0
0.0561211,0.188827,0.15215,0
0.131948,0.206147,0.14737,0
0.00933892,0.205625,0.193967,0
0.101607,0.15273,0.184927,0
0.136819,0.224957,0.131156,0
0.0124062,0.131584,0.194816,0
0.199116,0.133643,0.151292,0
0.0481373,0.187578,0.175568,0
0.160183,0.21284,0.13541,0
0.176139,0.166842,0.150547,0
0.0273372,0.109169,0.188737,0
0.0306285,0.207537,0.208925,0
0.0680644,0.158259,0.15839,0
0.150986,0.139121,0.19728,0
0.00341929,0.178638,0.15783,0
0.197794,0.213911,0.193045,0
0.0824255,0.181171,0.195208,0
0.0268416,0.10922,0.189787,0
0.159066,0.159196,0.171623,0
0.0160114,0.191001,0.213205,0
0.126743,0.222629,0.196728,0
0.00670117,0.224371,0.21901,0
0.104201,0.213139,0.172001,0
0.21785,0.125836,0.15188,0
0.224504,0.193126,0.187049,0
0.116116,0.174298,0.17812,0
0.151321,0.210105,0.149568,0
0.013989,0.208024,0.157909,0
0.222481,0.157065,0.191999,0
0.181563,0.183801,0.17277,0
0.202527,0.112131,0.208331,0
0.125345,0.15053,0.139134,0
0.13117,0.2014,0.218231,0
0.00383111,0.157006,0.190175,0
0.0344139,0.109714,0.184418,0
0.20267,0.206284,0.132572,0
0.204003,0.155306,0.223581,0
0.00113627,0.149707,0.145887,0
0.142944,0.161933,0.130295,0
0.00364328,0.162463,0.199834,0
0.0256658,0.198023,0.182786,0
0.216644,0.175976,0.132449,0
0.178103,0.206946,0.220289,0
0.022038,0.118614,0.137211,0
0.16593,0.158158,0.180596,0
0.0296649,0.109914,0.190261,0
0.167157,0.162051,0.16052,0
0.073882,0.181401,0.210943,0
0.223859,0.119236,0.138787,0
0.0680946,0.200904,0.188618,0
0.0272572,0.20571,0.209888,0
0.00615595,0.173968,0.215552,0
0.129709,0.194724,0.17945,0
0.0288471,0.139667,0.155952,0
0.196554,0.128314,0.155579,0
0.0270697,0.11272,0.192728,0
0.0299163,0.111015,0.191884,0
0.104412,0.207192,0.162317,0
0.0434567,0.198933,0.176806,0
0.159952,0.120512,0.162511,0
0.183754,0.139103,0.183767,0
0.13898,0.133467,0.207537,0
0.178274,0.149919,0.144771,0
0.112395,0.184934,0.163308,0
0.0992083,0.209452,0.17974,0
0.000169371,0.195745,0.163064,0
0.10505,0.148892,0.170558,0
0.0911679,0.213296,0.198917,0
0.0467898,0.124301,0.20339,0
0.118271,0.189289,0.148268,0
0.11315,0.200437,0.218307,0
0.0974428,0.121208,0.143535,0
0.0256595,0.111174,0.188868,0
0.0244571,0.109199,0.189126,0
0.0268325,0.109532,0.192235,0
0.0159407,0.109954,0.179206,0
0.100009,0.0823157,0.140667,1
0.105749,0.00652275,0.220473,1
0.125002,0.0780018,0.128366,1
0.121628,0.0698516,0.17695,1
0.115272,0.00827968,0.163098,1
0.207792,0.0539916,0.18821,1
0.0259039,0.103674,0.188437,1
0.167039,0.0524048,0.141574,1
0.0286285,0.10572,0.190622,1
0.145825,0.0505121,0.199913,1
0.0280353,0.105403,0.185661,1
0.116012,0.0952085,0.203734,1
0.223609,0.0187537,0.134061,1
0.172837,0.0252004,0.168371,1
0.0250772,0.108869,0.188236,1
0.0788489,0.0493728,0.146319,1
0.148563,0.106205,0.159638,1
0.0312595,0.105507,0.193983,1
0.152253,0.0661998,0.174758,1
0.030409,0.103334,0.188028,1
0.0106837,0.0249372,0.134341,1
0.0295012,0.105705,0.190429,1
0.203548,0.0349124,0.150043,1
0.0304097,0.105497,0.190246,1
0.196468,0.0201253,0.156401,1
0.17302,0.0837845,0.166629,1
0.207342,0.0292869,0.208402,1
0.00980691,0.101284,0.167714,1
0.145992,0.0437095,0.206661,1
0.185518,0.0873565,0.159572,1
0.0286544,0.106916,0.195441,1
0.0293832,0.105806,0.193784,1
0.166846,0.0149882,0.208505,1
0.21623,0.0217991,0.1475,1
0.179979,0.00897262,0.142405,1
0.0315075,0.102894,0.191705,1
0.0302232,0.102138,0.189237,1
0.106346,0.0272369,0.139639,1
0.0321796,0.10585,0.186714,1
0.0226217,0.0714175,0.178422,1
0.158268,0.0895451,0.209033,1
0.0405084,0.0523852,0.166577,1
0.0334668,0.107967,0.195015,1
0.218179,0.0876479,0.135523,1
0.174938,0.0144362,0.211775,1
0.208568,0.0331935,0.194296,1
0.0294838,0.106045,0.193486,1
0.106633,0.0146672,0.131968,1
0.0480163,0.0159296,0.193891,1
0.036027,0.0612509,0.153958,1
0.182962,0.0641642,0.179548,1
0.191975,0.0367801,0.182828,1
0.0257059,0.10605,0.186452,1
0.209049,0.0328371,0.221434,1
0.11566,0.0255665,0.222587,1
0.0613172,0.0537704,0.130515,1
0.0207227,0.0529744,0.129892,1
0.138693,0.0223237,0.209114,1
0.0261985,0.105414,0.188263,1
0.0433117,0.0421986,0.196931,1
0.214021,0.026993,0.222858,1
0.113035,0.0654777,0.19775,1
0.00400256,0.0150268,0.185741,1
0.0282932,0.0353885,0.135611,1
0.0360724,0.0329896,0.1779,1
0.19562,0.0246946,0.131601,1
0.18732,0.0773925,0.17022,1
0.167515,0.0479555,0.178976,1
0.200159,0.0381879,0.137448,1
0.0547336,0.0295418,0.211737,1
0.0138204,0.009157,0.134673,1
0.210958,0.0161901,0.178132,1
0.21305,0.0194537,0.139995,1
0.00528191,0.0605794,0.223569,1
0.060881,0.046068,0.138564,1
0.16845,0.0979464,0.146524,1
0.216244,0.0642364,0.165669,1
0.219459,0.0878943,0.200251,1
0.123401,0.0957106,0.215761,1
0.179666,0.00606313,0.160778,1
0.0213481,0.0224654,0.142915,1
0.0750877,0.0625574,0.217638,1
0.188936,0.0184949,0.192338,1
0.0197445,0.101254,0.157725,1
0.0142714,0.0481035,0.160213,1
0.152615,0.0836012,0.166392,1
0.131802,0.0135517,0.161217,1
0.025828,0.103635,0.188549,1
0.114698,0.0759959,0.184759,1
0.0480915,0.0804235,0.222908,1
0.194318,0.0666239,0.163483,1
0.0279355,0.022429,0.215992,1
0.190036,0.0709152,0.130714,1
0.218475,0.039513,0.144243,1
0.0266008,0.0215421,0.195466,1
0.131614,0.0215743,0.166951,1
0.0292114,0.0714163,0.14255,1
0.0306132,0.106696,0.188106,1
0.154529,0.0911635,0.155976,1
0.00547491,0.0323217,0.204281,1
0.168602,0.0111041,0.205985,1
0.0301422,0.105663,0.192503,1
0.0272716,0.107336,0.193202,1
0.0802715,0.051116,0.196236,1
0.0307826,0.107548,0.193459,1
0.00955866,0.0801173,0.168837,1
0.0307697,0.107218,0.189277,1
0.0470595,0.0904079,0.195358,1
0.0254321,0.103011,0.189322,1
0.217236,0.0795054,0.127243,1
0.224051,0.0138264,0.160582,1
0.196439,0.0361664,0.159773,1
0.107255,0.0743531,0.163973,1
0.0266496,0.106129,0.190661,1
0.202235,0.021244,0.140775,1
0.0607393,0.104952,0.173493,1
0.0942343,0.0998139,0.164643,1
0.156819,0.0828942,0.192009,1
0.188013,0.0656651,0.192575,1
0.0248446,0.108713,0.191152,1
0.0279617,0.108844,0.191321,1
0.223362,0.039934,0.126542,1
0.127734,0.213075,0.0535563,2
0.139793,0.161912,0.048081,2
0.148886,0.154856,0.00899867,2
0.104516,0.159124,0.116479,2
0.154827,0.184726,0.0568589,2
0.205969,0.15027,0.0892019,2
0.0355287,0.105922,0.11436,2
0.11539,0.128417,0.00381099,2
0.019752,0.140406,0.111256,2
0.185039,0.201148,0.000782755,2
0.204988,0.147115,0.117825,2
0.0583957,0.117017,0.125784,2
0.201671,0.171587,0.0979246,2
0.128693,0.112175,0.0628654,2
0.107885,0.108296,0.113722,2
0.152459,0.111624,0.0314584,2
0.208067,0.135141,0.0620821,2
0.149704,0.172294,0.0608874,2
0.0452658,0.182114,0.107713,2
0.0869613,0.181006,0.0313225,2
0.223098,0.103882,0.0468977,2
0.170164,0.167098,0.0535841,2
0.071081,0.183237,0.0336672,2
0.0553643,0.141742,0.119156,2
0.161654,0.106557,0.0694801,2
0.0214082,0.112769,0.0510983,2
0.213517,0.177157,0.0570254,2
0.171525,0.197451,0.0750898,2
0.180632,0.113947,0.118792,2
0.206236,0.206393,0.084216,2
0.196512,0.172244,0.0332876,2
0.115527,0.112326,0.0358874,2
0.0196092,0.183937,0.0618275,2
0.15205,0.147787,0.00289236,2
0.197044,0.186001,0.0616787,2
0.061929,0.160576,0.0481042,2
0.0411783,0.196851,0.120847,2
0.129546,0.167147,0.107878,2
0.123988,0.131563,0.0864559,2
0.0232224,0.212378,0.0226461,2
0.204276,0.133611,0.0758474,2
0.147412,0.208625,0.0743846,2
0.194043,0.168303,0.019046,2
0.139166,0.145366,0.0752831,2
0.0815102,0.141123,0.0304461,2
0.172851,0.117205,0.115466,2
0.172641,0.174268,0.0499151,2
0.163969,0.137394,0.0266507,2
0.0472583,0.205881,0.0770377,2
0.0322537,0.119782,0.00936585,2
0.0575916,0.196254,0.0896531,2
0.221035,0.170915,0.0625141,2
0.0663092,0.118213,0.0593106,2
0.00159661,0.178951,0.12415,2
0.170512,0.111922,0.0521553,2
0.110872,0.204205,0.00188287,2
0.117705,0.17092,0.0627169,2
0.104422,0.219046,0.0119096,2
0.158045,0.165242,0.0643715,2
0.00888219,0.180447,0.0399928,2
0.186742,0.182037,0.0488746,2
0.155457,0.14969,0.0507016,2
0.138194,0.129548,0.100902,2
0.168938,0.200496,0.0946938,2
0.0715348,0.146079,0.113486,2
0.164544,0.192026,0.0405393,2
0.0569778,0.15077,0.0933057,2
0.043614,0.175153,0.0495338,2
0.222438,0.152579,0.020035,2
0.0895938,0.223674,0.0344354,2
0.0227585,0.175944,0.0136113,2
0.146878,0.106709,0.0215883,2
0.0980099,0.150651,0.0671855,2
0.0112281,0.120772,0.0989416,2
0.220503,0.145143,0.113215,2
0.0676066,0.149614,0.0056541,2
0.224513,0.183768,0.0200609,2
0.13911,0.170988,0.0454296,2
0.203683,0.152234,0.0272873,2
0.145127,0.110041,0.108903,2
0.057519,0.170095,0.0421737,2
0.190979,0.137126,0.0411484,2
0.125542,0.17265,0.0095307,2
0.213554,0.205015,0.103177,2
0.0492485,0.11637,0.0130254,2
0.188264,0.119008,0.0198559,2
0.0781869,0.212399,0.110899,2
0.0727519,0.176596,0.00370184,2
0.0826791,0.190082,0.0604116,2
0.0861238,0.211502,0.0625571,2
0.175498,0.198489,0.0138798,2
0.0721054,0.206439,0.123977,2
0.189487,0.127414,0.0382847,2
0.0900002,0.195253,0.10256,2
0.136745,0.145069,0.0534095,2
0.00284542,0.169588,0.00540053,2
0.0141143,0.221282,0.0885103,2
0.184832,0.114547,0.0780679,2
0.188657,0.220103,0.108782,2
0.045399,0.155964,0.0174133,2
0.104878,0.148508,0.0504027,2
0.0973764,0.221095,0.112627,2
0.17049,0.188117,0.118069,2
0.0177411,0.194145,0.0746104,2
0.0738417,0.134906,0.08445,2
0.0744804,0.117216,0.00129811,2
0.192058,0.20094,0.116582,2
0.157988,0.222089,0.0164759,2
0.0229279,0.152839,0.0849486,2
0.0369956,0.154776,0.0348446,2
0.0767836,0.19751,0.103112,2
0.0413218,0.170893,0.0590943,2
0.0115077,0.207952,0.0291906,2
0.112377,0.106864,0.0181536,2
0.201164,0.144267,0.0228171,2
0.127717,0.203172,0.11587,2
0.0634423,0.158286,0.0590458,2
0.220331,0.21535,0.0639542,2
0.0513453,0.214096,0.0462855,2
0.0854379,0.157874,0.0644802,2
0.112572,0.132284,0.0135139,2
0.100363,0.15598,0.100482,2
0.0161271,0.117846,0.111991,2
0.06603,0.115718,0.0371613,2
0.103791,0.110501,0.0228566,2
0.18172,0.104978,0.0800852,2
0.121405,0.17763,0.121274,2
0.0605833,0.211458,0.124594,2
0.11583,0.10259,0.066454,2
0.120531,0.0657286,0.104331,3
0.128996,0.0497883,0.118887,3
0.0184807,0.0686638,0.0146476,3
0.131595,0.00507982,0.0580474,3
0.148957,0.0373901,0.0619894,3
0.089152,0.0532922,0.0912095,3
0.0908443,0.0768688,0.0536626,3
0.168671,0.100489,0.000500446,3
0.202381,0.0267251,0.0708755,3
0.17962,0.0860884,0.0384819,3
0.0981617,0.0240109,0.0208028,3
0.170138,0.0406281,0.0211523,3
0.152057,0.0551529,0.0794784,3
0.206701,0.00539296,0.0343136,3
0.0388763,0.0262342,0.0738205,3
0.135207,0.0762597,0.0560224,3
0.210293,0.0310718,0.03513,3
0.179349,0.00762285,0.0163764,3
0.0502764,0.0804225,0.0526451,3
0.194951,0.0978807,0.001333,3
0.157007,0.0311544,0.078255,3
0.016891,0.0755752,0.0497203,3
0.0529424,0.0797326,0.0458322,3
0.113356,0.0174997,0.0246305,3
0.165429,0.0280082,0.0254267,3
0.124623,0.0636078,0.0112277,3
0.0559949,0.000471486,0.0309872,3
0.0835743,0.0699447,0.0105435,3
0.197336,0.0814286,0.116453,3
0.156369,0.0965141,0.0395836,3
0.0925503,0.0498914,0.0241854,3
0.0733752,0.016101,0.124842,3
0.171189,0.0552959,0.00525296,3
0.104253,0.0617215,0.0706361,3
0.188274,0.0983181,0.0844284,3
0.112995,0.0570865,0.10398,3
0.0633802,0.0450903,0.0277442,3
0.057438,0.0240942,0.0405207,3
0.140527,0.00029507,0.0197834,3
0.195051,0.0877924,0.0586531,3
0.128214,0.0991125,0.0178153,3
0.133304,0.0819847,0.112265,3
0.0270669,0.0620641,0.047645,3
0.0716122,0.0534181,0.0762744,3
0.0671285,0.0160396,0.0669046,3
0.185128,0.0111786,0.0377743,3
0.0836762,0.101508,0.064776,3
0.136906,0.0695481,0.0983275,3
0.185722,0.065751,0.00257016,3
0.191732,0.00478863,0.0662739,3
0.148379,0.0483411,0.0114172,3
0.0983991,0.0162608,0.0579229,3
0.21146,0.0391642,0.0775511,3
0.143984,0.0452858,0.0652875,3
0.216222,0.0203691,0.0272132,3
0.135671,0.0858323,0.011476,3
0.0991407,0.0962696,0.0918237,3
0.125903,0.0888635,0.106955,3
0.176047,0.0725654,0.0248176,3
0.0860459,0.0204803,0.0105744,3
0.0837495,0.0911358,0.0680457,3
0.172645,0.0863288,0.0303739,3
0.0639479,0.0700039,0.0498191,3
0.186697,0.0456124,0.00706913,3
0.106588,0.0603925,0.00446643,3
0.190556,0.0352303,0.109137,3
0.0208987,0.0520278,0.00508028,3
0.133923,0.0352512,0.0858332,3
0.119456,0.0850717,0.105858,3
0.148694,0.0519872,0.0595545,3
0.0204401,0.0213974,0.0602442,3
0.059055,0.0806271,0.0523278,3
0.0510567,0.0788274,0.0654211,3
0.0814467,0.0015851,0.0195691,3
0.0557902,0.0378807,0.0418072,3
0.0479269,0.0192979,0.0851913,3
0.162772,0.0349003,0.0978372,3
0.191439,0.070212,0.0779628,3
0.129051,0.0327152,0.0444746,3
0.115129,0.101574,0.0656187,3
0.175672,0.0228694,0.116472,3
0.0482449,0.00131614,0.0966443,3
0.218406,0.0157605,0.0216665,3
0.0791811,0.02165,0.115477,3
0.0445142,0.0695842,0.0399367,3
0.200057,0.01968,0.088444,3
0.176185,0.0263093,0.12318,3
0.153278,0.0170671,0.109105,3
0.162197,0.05865,0.0482061,3
0.041182,0.0568888,0.00617558,3
0.0150909,0.101523,0.0758663,3
0.212122,0.0710249,0.0734636,3
0.0373006,0.0171036,0.0161362,3
0.0554845,0.0113208,0.117731,3
0.0264034,0.026866,0.0643282,3
0.141944,0.0916541,0.0411438,3
0.0784175,0.0235024,0.00895731,3
0.0426203,0.0648225,0.0731481,3
0.122766,0.00716645,0.0560666,3
0.208371,0.0264826,0.0870833,3
0.0104333,0.0103843,0.0184128,3
0.188452,0.0136591,0.0248045,3
0.0610923,0.0271277,0.0455711,3
0.150647,0.0974571,0.0629983,3
0.219805,0.0142866,0.0911033,3
0.116912,0.0581211,0.073541,3
0.0116448,0.082149,0.0808468,3
0.104505,0.020001,0.0497516,3
0.0329678,0.0800014,0.121309,3
0.0578972,0.0424209,0.0946986,3
0.0479018,0.0547753,0.0680238,3
0.0772497,0.0615814,0.011462,3
0.113767,0.0404001,0.124823,3
0.0161241,0.0963471,0.0323901,3
0.113817,0.0762377,0.103081,3
0.0373585,0.0216541,0.105725,3
0.11375,0.0692561,0.112491,3
0.0957568,0.0999596,0.0725916,3
0.105214,0.0776676,0.0129894,3
0.105845,0.0511244,0.121991,3
0.1158,0.0751537,0.120043,3
0.0965708,0.0576364,0.0661066,3
0.118239,0.0379254,0.108934,3
