x coord,y coord,z coord,rank
0.211363,0.133881,0.0289276,0
0.0965832,0.154727,0.0948742,0
0.0738895,0.191575,0.0234384,0
0.0382749,0.182906,0.0631641,0
0.0232123,0.162001,0.052973,0
0.0145735,0.177196,0.0549422,0
0.0310483,0.183986,0.00882841,0
0.0289715,0.179507,0.00975277,0
0.0150913,0.172184,0.0513759,0
0.205576,0.136309,0.0664571,0
0.0272487,0.130968,0.0243099,0
0.0261407,0.18327,0.00947478,0
0.0330483,0.182797,0.00807867,0
0.0256777,0.184917,0.0111144,0
0.0410356,0.190991,0.0379884,0
0.0664591,0.173147,0.0342021,0
0.0261173,0.184503,0.0122311,0
0.0313464,0.177937,0.0138569,0
0.0292563,0.177496,0.0128094,0
0.0344684,0.183913,0.00854293,0
0.033681,0.186346,0.00834107,0
0.191728,0.184282,0.0706145,0
0.0288849,0.182637,0.0119783,0
0.0380846,0.17724,0.0325819,0
0.0678147,0.215338,0.0539444,0
0.0293361,0.177883,0.00440282,0
0.0272066,0.180578,0.0112775,0
0.163733,0.172302,0.0978571,0
0.0328462,0.182969,0.00477526,0
0.136846,0.202474,0.0165582,0
0.18544,0.136876,0.0893608,0
0.0639141,0.177118,0.0195261,0
0.0335416,0.183241,0.00637618,0
0.160378,0.137443,0.088703,0
0.0290318,0.183473,0.00898527,0
0.173497,0.16333,0.0701822,0
0.0317455,0.186177,0.00999941,0
0.0261333,0.179242,0.00604635,0
0.035532,0.17931,0.0103883,0
0.0370868,0.181538,0.00701104,0
0.0315988,0.180485,0.00489207,0
0.0336998,0.144912,0.0141797,0
0.11938,0.197914,0.0564626,0
0.21755,0.212326,0.0311373,0
0.0303426,0.158729,0.0474099,0
0.0359499,0.178611,0.0635801,0
0.0577883,0.189174,0.0465377,0
0.0703391,0.209197,0.0723107,0
0.0288952,0.183152,0.013077,0
0.0294848,0.185279,0.00822924,0
0.164828,0.206752,0.0835266,0
0.171949,0.189242,0.0305378,0
0.034181,0.181732,0.00932825,0
0.0324711,0.179418,0.0115795,0
0.0270022,0.182914,0.0090767,0
0.21869,0.224693,0.103386,0
0.183223,0.197365,0.0222301,0
0.0666546,0.199365,0.0552718,0
0.0296314,0.206786,0.0934785,0
0.0361697,0.179616,0.00647406,0
0.197767,0.154549,0.0679911,0
0.192117,0.131417,0.0085504,0
0.00897057,0.206345,0.077004,0
0.051662,0.145344,0.038845,0
0.0271683,0.186425,0.011832,0
0.127644,0.16357,0.0446921,0
0.0809238,0.137165,0.00140709,0
0.0327083,0.184354,0.00883974,0
0.0707189,0.153105,0.00887536,0
0.0280071,0.179299,0.00910489,0
0.0317545,0.181484,0.0103971,0
0.154911,0.169877,0.0967583,0
0.0286537,0.175988,0.00846876,0
0.027658,0.181072,0.0144157,0
0.0308221,0.179312,0.0123716,0
0.0328998,0.179472,0.00991166,0
0.0753877,0.209439,0.0529612,0
0.168471,0.144257,0.030967,0
0.0267093,0.180711,0.00823701,0
0.0324624,0.182952,0.0103406,0
0.0257774,0.182072,0.00653082,0
0.0323981,0.18586,0.0042009,0
0.0297891,0.186868,0.00692771,0
0.0158408,0.221346,0.080262,0
0.026968,0.18263,0.0105355,0
0.00411915,0.14366,0.091109,0
0.0250277,0.182096,0.0108401,0
0.0288279,0.17724,0.0046083,0
0.116,0.202109,0.00263289,0
0.0307896,0.180869,0.0120585,0
0.059511,0.213822,0.0808327,0
0.0327041,0.180527,0.0121539,0
0.118095,0.203354,0.0308905,0
0.112382,0.139094,0.0822624,0
0.196372,0.183383,0.0995941,0
0.125258,0.222153,0.0332306,0
0.0127015,0.142987,0.0422683,0
0.0322646,0.182206,0.00574405,0
0.14288,0.216185,0.0686208,0
0.220954,0.196575,0.0994104,0
0.141762,0.219262,0.0454825,0
0.136923,0.202406,0.0501816,0
0.172375,0.148224,0.0311573,0
0.198646,0.191545,0.0018377,0
0.0266504,0.189858,0.00969915,0
0.130183,0.19032,0.0402853,0
0.0435598,0.187864,0.0803817,0
0.0326163,0.178251,0.0130039,0
0.0270634,0.184291,0.0086527,0
0.0317345,0.184394,0.0147118,0
0.0566354,0.22485,0.0193144,0
0.0711559,0.196328,0.0995905,0
0.0181092,0.210809,0.0378786,0
0.192933,0.192321,0.00386914,0
0.223424,0.195437,0.0944947,0
0.10595,0.165035,0.0729693,0
0.00140806,0.193509,0.0948408,0
0.174766,0.141144,0.0170396,0
0.178976,0.141975,0.0357932,0
0.170777,0.21764,0.0329607,0
0.126156,0.131677,0.0848376,0
0.0321414,0.172847,0.0986302,0
0.105094,0.192384,0.0631627,0
0.0057016,0.139594,0.102758,0
0.0405055,0.169469,0.102855,0
0.212851,0.127282,0.00285219,0
0.113211,0.186047,0.136086,1
0.101584,0.131273,0.197919,1
0.125526,0.123376,0.173463,1
0.210875,0.16933,0.153173,1
0.123414,0.22418,0.108947,1
0.159903,0.136287,0.210868,1
0.111148,0.1994,0.132458,1
0.222386,0.115208,0.129689,1
0.0445231,0.117302,0.11895,1
0.122848,0.14621,0.15582,1
0.164437,0.116386,0.197413,1
0.0992802,0.150425,0.210161,1
0.161172,0.121273,0.220821,1
0.0602223,0.126736,0.187355,1
0.0361344,0.115485,0.211098,1
0.157252,0.21928,0.141989,1
0.0448224,0.150836,0.144421,1
0.0417394,0.20113,0.140711,1
0.103545,0.150349,0.212527,1
0.146772,0.125571,0.127799,1
0.0201793,0.178462,0.150483,1
0.0289663,0.147775,0.150418,1
0.150597,0.121847,0.115647,1
0.202204,0.174366,0.160064,1
0.186707,0.21694,0.154745,1
0.0766314,0.204002,0.223392,1
0.22175,0.224679,0.110416,1
0.120313,0.179534,0.13141,1
0.00246311,0.189451,0.115103,1
0.0526252,0.146938,0.108615,1
0.186316,0.214055,0.117431,1
0.0191991,0.114203,0.198146,1
0.1253,0.137977,0.121041,1
0.216235,0.145663,0.216114,1
0.0240915,0.207722,0.22334,1
0.211232,0.193054,0.208103,1
0.149282,0.123581,0.178357,1
0.128243,0.157177,0.199655,1
0.111311,0.219828,0.143894,1
0.0625754,0.219861,0.186526,1
0.0136,0.163227,0.155705,1
0.187288,0.179812,0.175031,1
0.120417,0.182544,0.129841,1
0.182583,0.150228,0.171739,1
0.201577,0.207666,0.140828,1
0.0178959,0.158459,0.201452,1
0.0494438,0.210801,0.136929,1
0.0732677,0.184504,0.187049,1
0.023624,0.177846,0.175798,1
0.0241293,0.148744,0.164732,1
0.045336,0.22373,0.161686,1
0.159313,0.13743,0.214514,1
0.101945,0.206531,0.202067,1
0.0741033,0.138051,0.133275,1
0.104818,0.156894,0.170042,1
0.120324,0.192052,0.159148,1
0.158619,0.150731,0.17282,1
0.0238693,0.154715,0.195844,1
0.191923,0.199832,0.169938,1
0.0386222,0.180026,0.125873,1
0.216381,0.21932,0.205619,1
0.0103436,0.189496,0.114387,1
0.0378908,0.214136,0.194352,1
0.0280728,0.218891,0.16734,1
0.121337,0.157603,0.120879,1
0.0672506,0.213027,0.192597,1
0.0438188,0.213904,0.135795,1
0.068905,0.184475,0.168032,1
0.120253,0.134748,0.150949,1
0.163782,0.19954,0.20391,1
0.217292,0.158288,0.214197,1
0.134236,0.204352,0.208199,1
0.102938,0.178879,0.175595,1
0.219351,0.210888,0.198187,1
0.147348,0.166866,0.21164,1
0.143652,0.122012,0.197496,1
0.0324165,0.218442,0.211065,1
0.133803,0.18403,0.218602,1
0.183983,0.18442,0.118279,1
0.160684,0.165238,0.205178,1
0.163657,0.164767,0.221148,1
0.163457,0.137791,0.120196,1
0.084347,0.150059,0.211884,1
0.103028,0.152301,0.172153,1
0.0884063,0.20291,0.206683,1
0.000534385,0.152903,0.115575,1
0.173289,0.17766,0.131017,1
0.0300865,0.126533,0.21965,1
0.109264,0.154561,0.131602,1
0.0335551,0.173877,0.139824,1
0.191516,0.213467,0.160643,1
0.0377743,0.155382,0.138561,1
0.0160038,0.203527,0.193735,1
0.204693,0.149476,0.107348,1
0.121854,0.136427,0.113571,1
0.222507,0.145622,0.21431,1
0.0776289,0.174913,0.177698,1
0.154488,0.14528,0.169267,1
0.0419311,0.167671,0.13617,1
0.148576,0.120616,0.141139,1
0.204843,0.208287,0.180908,1
0.101426,0.19447,0.190293,1
0.049258,0.147972,0.186797,1
0.0298792,0.203118,0.172492,1
0.115873,0.220035,0.164475,1
0.168302,0.17436,0.138256,1
0.0320223,0.152786,0.197825,1
0.115293,0.197443,0.20346,1
0.1648,0.208298,0.220024,1
0.14152,0.155739,0.177334,1
0.143478,0.14325,0.145697,1
0.0217029,0.134565,0.104583,1
0.22177,0.139522,0.115978,1
0.154295,0.21488,0.186621,1
0.101974,0.160597,0.218462,1
0.184058,0.134905,0.208184,1
0.221077,0.223109,0.134415,1
0.120966,0.121142,0.127738,1
0.11515,0.208236,0.211538,1
0.0982166,0.178231,0.156696,1
0.216083,0.161708,0.189152,1
0.0425316,0.16914,0.106672,1
0.0848667,0.150518,0.20458,1
0.0563894,0.0758356,0.0688576,2
0.0921824,0.100049,0.0305026,2
0.0846301,0.0675579,0.103237,2
0.076135,0.0578514,0.0964034,2
0.145703,0.0995596,0.0730889,2
0.140503,0.103331,0.0435424,2
0.218189,0.0712021,0.0957582,2
0.0104035,0.081398,0.00509458,2
0.0904311,0.0894197,0.0587592,2
0.114878,0.0251154,0.0962705,2
0.091807,0.0956864,0.0906993,2
0.092421,0.0863704,0.0767491,2
0.0827528,0.0606011,0.0499815,2
0.142483,0.125914,0.0492908,2
0.0967037,0.0989109,0.0437276,2
0.110708,0.0355579,0.0446318,2
0.169468,0.125818,0.0470985,2
0.132944,0.0797236,0.000437362,2
0.222202,0.0610471,0.0204428,2
0.176816,0.0772681,0.0049252,2
0.0430633,0.0906903,0.0942032,2
0.143552,0.0857259,0.0776241,2
0.146104,0.104169,0.00127683,2
0.010333,0.052905,0.0949783,2
0.17553,0.0425613,0.0154035,2
0.111456,0.052947,0.0302971,2
0.101269,0.100931,0.101863,2
0.105313,0.00909654,0.0600932,2
0.150236,0.108205,0.0419735,2
0.0753653,0.0741998,0.0696959,2
0.103779,0.0242795,0.0219383,2
0.138501,0.0438546,0.0612379,2
0.114563,0.0441906,0.0154677,2
0.00963586,0.070103,0.000169747,2
0.107698,0.0735583,0.0350648,2
0.0838618,0.0917532,0.0753905,2
0.121838,0.0775756,0.0691422,2
0.106198,0.0668075,0.0829099,2
0.189252,0.00510097,0.0826952,2
0.0638517,0.00881748,0.0391574,2
0.22309,0.0141157,0.0384985,2
0.20596,0.116587,0.0540203,2
0.173329,0.0224125,0.00564684,2
0.133331,0.0542911,0.0111631,2
0.108469,0.00473411,0.0985261,2
0.0337127,0.0559566,0.00389714,2
0.0519065,0.0349245,0.0389869,2
0.0298373,0.124297,0.0783081,2
0.0373745,0.00754474,0.0529138,2
0.0231448,0.0487064,0.0263363,2
0.0229887,0.0765819,0.0721326,2
0.152402,0.0320098,0.0895265,2
0.165522,0.113257,0.0466331,2
0.0590806,0.0885566,0.019019,2
0.044085,0.0453082,0.0989055,2
0.0847674,0.00360214,0.00474244,2
0.0305697,0.00323208,0.0720178,2
0.167694,0.116625,0.0596483,2
0.059165,0.0138175,0.0876644,2
0.112326,0.0295075,0.0250115,2
0.197134,0.0586602,0.0272374,2
0.0940992,0.0595008,0.101183,2
0.160862,0.0880811,0.0183919,2
0.024656,0.0164776,0.0511994,2
0.155622,0.0126702,0.0382462,2
0.14661,0.023117,0.00389019,2
0.0175277,0.103128,0.0343749,2
0.000404251,0.10205,0.0205942,2
0.189624,0.0749253,0.000555943,2
0.0115526,0.00523534,0.0467719,2
0.146087,0.0728503,0.096339,2
0.123413,0.116531,0.0627452,2
0.0853544,0.10969,0.0511608,2
0.0425921,0.0149168,0.081798,2
0.174707,0.0622994,0.0663611,2
0.215237,0.0568249,0.0874561,2
0.0171332,0.0274674,0.0539589,2
0.0851622,0.111043,0.0687659,2
0.159183,0.0744215,0.0320091,2
0.209448,0.11598,0.00378276,2
0.163196,0.00879241,0.0044828,2
0.00028802,0.0363315,0.0366543,2
0.0229627,0.120387,0.0872957,2
0.216026,0.112516,0.0769818,2
0.049526,0.0485575,0.0128161,2
0.0652234,0.0237092,0.00806458,2
0.0408759,0.0535797,0.0270606,2
0.164992,0.0309346,0.0460887,2
0.0895354,0.0464096,0.0917707,2
0.210831,0.0925659,0.0961245,2
0.0372596,0.00548921,0.0866652,2
0.0201177,0.0880742,0.0552758,2
0.10973,0.0564392,0.0254494,2
0.197864,0.077492,0.0774015,2
0.035956,0.0060189,0.0886637,2
0.146165,0.00326002,0.0673053,2
0.210335,0.116474,0.025178,2
0.171171,0.0527877,0.0658858,2
0.0030719,0.0317752,0.0219238,2
0.106533,0.0149717,0.0875136,2
0.172267,0.00198022,0.0111811,2
0.185754,0.106128,0.021796,2
0.0889646,0.0490854,0.0205326,2
0.16177,0.0678749,0.0413538,2
0.198019,0.0893038,0.0404692,2
0.159301,0.0169031,0.0396578,2
0.192301,0.0877162,0.0199693,2
0.0280329,0.0474689,0.0349967,2
0.101354,0.0117788,0.0656323,2
0.0154874,0.0823009,0.082324,2
0.157054,0.0260327,0.0578006,2
0.0377673,0.10183,0.100465,2
0.178594,0.0982207,0.0716936,2
0.154803,0.111061,0.0532118,2
0.174572,0.0745318,0.0469334,2
0.201779,0.0577741,0.0161419,2
0.0606586,0.0458588,0.0187198,2
0.206885,0.0429734,0.0607152,2
0.000263013,0.062267,0.033159,2
0.0792207,0.094912,0.0543314,2
0.113056,0.0683634,0.0206363,2
0.0174172,0.0489484,0.015822,2
0.0577237,0.0634994,0.0148357,2
0.106185,0.116402,0.062639,2
0.0312761,0.0401089,0.144505,3
0.155731,0.0552809,0.12053,3
0.0847496,0.0690803,0.219099,3
0.0438946,0.0474634,0.210348,3
0.111412,0.0265542,0.120394,3
0.0868733,0.087704,0.176544,3
0.220965,0.0358322,0.123303,3
0.00452131,0.0328389,0.159257,3
0.100796,0.0679612,0.205174,3
0.0845198,0.0478218,0.163741,3
0.0363582,0.0369796,0.217224,3
0.0620814,0.0170149,0.111184,3
0.0861643,0.0324927,0.188424,3
0.0830857,0.0599541,0.150495,3
0.140438,0.0097563,0.108085,3
0.126692,0.0969872,0.203948,3
0.141466,0.0314639,0.166521,3
0.091869,0.0897131,0.1865,3
0.211186,0.109419,0.175517,3
0.039573,0.0270061,0.212757,3
0.105137,0.0887318,0.139435,3
0.113399,0.0884569,0.209048,3
0.197487,0.110484,0.177258,3
0.169603,0.019518,0.221726,3
0.200882,0.0237057,0.189182,3
0.206256,0.00417531,0.153336,3
0.154519,0.0668909,0.194871,3
0.187312,0.0443377,0.157269,3
0.217027,0.0737143,0.212212,3
0.0481322,0.0725837,0.170518,3
0.112743,0.0705117,0.125799,3
0.116317,0.0555337,0.186797,3
0.0577964,0.0956845,0.198126,3
0.00703367,0.110841,0.167576,3
0.0810955,0.103958,0.204201,3
0.172705,0.0110921,0.17073,3
0.0689496,0.0735129,0.137023,3
0.0396755,0.00666846,0.224669,3
0.224471,0.104836,0.179025,3
0.0764619,0.0782054,0.18225,3
0.0116101,0.00396946,0.196538,3
0.155991,0.0432045,0.157874,3
0.0163737,0.0700576,0.200257,3
0.138668,0.10077,0.136031,3
0.0974049,0.0195275,0.135027,3
0.151723,0.0782015,0.223772,3
0.161344,0.0932935,0.20558,3
0.169615,0.0707803,0.158918,3
0.0507782,0.00748715,0.143229,3
0.0157446,0.00948576,0.129018,3
0.0824134,0.0587902,0.187596,3
0.137003,0.067338,0.139153,3
0.197217,0.0138286,0.171017,3
0.18692,0.101847,0.146131,3
0.0116801,0.0229781,0.125302,3
0.166725,0.0867574,0.145389,3
0.0118216,0.0303442,0.144161,3
0.223609,0.0536992,0.190137,3
0.208507,0.0427911,0.120728,3
0.0657942,0.0318742,0.111046,3
0.124375,0.0656361,0.205257,3
0.0671518,0.0159745,0.181091,3
0.198939,0.0484861,0.14373,3
0.213674,0.0335459,0.171047,3
0.20115,0.0694032,0.181892,3
0.017165,0.073768,0.167822,3
0.121277,0.0880098,0.14499,3
0.198712,0.0473748,0.180898,3
0.0148088,0.0189555,0.146325,3
0.0355231,0.0327054,0.160315,3
0.216739,0.00819573,0.12025,3
0.18926,0.111063,0.176146,3
0.0543998,0.0124444,0.132879,3
0.142085,0.0500407,0.203603,3
0.181068,0.0304627,0.186158,3
0.174106,0.0226268,0.213479,3
0.0790734,0.0723366,0.106942,3
0.201497,0.050489,0.224386,3
0.132379,0.0879551,0.200313,3
0.0194271,0.0840138,0.224646,3
0.0965146,0.0891312,0.140403,3
0.164324,0.0414912,0.185618,3
0.112569,0.0117006,0.110365,3
0.140828,0.0447304,0.134794,3
0.203263,0.00128578,0.158948,3
0.137445,0.0785118,0.221404,3
0.0486871,0.0696471,0.130606,3
0.109614,0.00358232,0.13837,3
0.0243911,0.0598277,0.153065,3
0.12463,0.0718524,0.166827,3
0.0632506,0.0208218,0.185264,3
0.0302297,0.104369,0.150507,3
0.150329,0.0167584,0.200613,3
0.0922771,0.0595285,0.162683,3
0.142866,0.0716986,0.161078,3
0.136729,0.0175489,0.219985,3
0.137558,0.106809,0.111949,3
0.17474,0.0878938,0.203547,3
0.112799,0.0786919,0.186594,3
0.220431,0.0796756,0.223094,3
0.164085,0.0817465,0.144546,3
0.163896,0.0918849,0.196886,3
0.0645761,0.0671912,0.171155,3
0.177048,0.0212441,0.212662,3
0.0645929,0.0550281,0.222571,3
0.00077385,0.0814152,0.199251,3
0.0986519,0.00243451,0.135104,3
0.054148,0.0845326,0.128979,3
0.0633449,0.0810742,0.200947,3
0.0285218,0.0149096,0.170125,3
0.0387194,0.11138,0.144198,3
0.0498363,0.0882727,0.195838,3
0.071673,0.0299703,0.156307,3
0.209351,0.0447937,0.159511,3
0.0400883,0.00528267,0.124379,3
0.172637,0.0160145,0.180057,3
0.100267,0.0116633,0.197525,3
0.0626432,0.00361918,0.198362,3
0.0891035,0.0212194,0.211579,3
0.129012,0.0686703,0.204183,3
0.154241,0.0381982,0.184358,3
0.220567,0.0946129,0.164399,3
0.0517567,0.0526109,0.105236,3
0.0685353,0.0832695,0.112861,3
0.114455,0.112937,0.13269,3
0.166918,0.0768303,0.106859,3
0.0875111,0.113336,0.151469,3
