x coord,y coord,z coord,rank
0.090313,0.144326,0.0938417,0
0.0926746,0.137051,0.098466,0
0.0957567,0.14437,0.092626,0
0.0948477,0.138054,0.0974142,0
0.0907899,0.139578,0.101792,0
0.0908283,0.141672,0.0996016,0
0.0952405,0.143093,0.0991178,0
0.0900612,0.141183,0.098185,0
0.0905188,0.138097,0.0970833,0
0.0924671,0.145306,0.0994737,0
0.0522477,0.219323,0.011484,0
0.049301,0.153707,0.104461,0
0.0948468,0.135805,0.0950186,0
0.0901458,0.148744,0.100608,0
0.0902883,0.140813,0.100369,0
0.0975376,0.134132,0.101473,0
0.0973188,0.136664,0.0980257,0
0.0955763,0.146053,0.0971618,0
0.00834318,0.159199,0.0594994,0
0.095303,0.144969,0.0969022,0
0.0525447,0.166905,0.0712405,0
0.0897839,0.142315,0.100967,0
0.0775387,0.136437,0.0730365,0
0.0915455,0.137415,0.0987606,0
0.0825351,0.105082,0.0415262,0
0.0503406,0.220011,0.00352874,0
0.0912562,0.0357136,0.0983548,0
0.0341404,0.113789,0.0784775,0
0.0509964,0.0494257,0.051438,0
0.026244,0.142848,0.063283,0
0.0879515,0.0382592,0.0821227,0
0.0498604,0.196615,0.0209211,0
0.0313362,0.1315,0.0202071,0
0.0476612,0.213659,0.0755391,0
0.0796122,0.0602001,0.0408213,0
0.0158824,0.102084,0.016722,0
0.0269237,0.204254,0.0915586,0
0.0706582,0.0414949,0.00866464,0
0.0403732,0.0192514,0.0797073,0
0.0964393,0.143563,0.104874,0
0.099625,0.142985,0.1015,0
0.0752323,0.0322189,0.0118675,0
0.0963329,0.139011,0.100602,0
0.0574105,0.0327804,0.0240153,0
0.0933078,0.14315,0.0973881,0
0.0446048,0.164256,0.0914394,0
0.0769923,0.0891994,0.0228843,0
0.0833039,0.184101,0.0323614,0
0.0924007,0.139642,0.10242,0
0.0176423,0.192312,0.0359304,0
0.067463,0.0480759,0.00800219,0
0.0985747,0.141079,0.0958708,0
0.0139933,0.176401,0.0943594,0
0.0140478,0.0743951,0.103035,0
0.078709,0.148114,0.0782385,0
0.00578638,0.100682,0.0830258,0
0.0812029,0.0747005,0.103303,0
0.0901946,0.118903,0.0304614,0
0.047463,0.221265,0.00826305,0
0.0324666,0.0929445,0.0602583,0
0.00766991,0.163669,0.0445077,0
0.0949849,0.146026,0.0979622,0
0.0681471,0.123117,0.0669131,0
0.0124355,0.19487,0.0428929,0
0.0368374,0.0604516,0.04259,0
0.0987335,0.138242,0.0993816,0
0.0974046,0.13569,0.101171,0
0.0978366,0.136923,0.0955289,0
0.0807687,0.0350237,0.0914012,0
0.0586738,0.0337784,0.000978771,0
0.0683425,0.0278683,0.0511137,0
0.0890794,0.0159924,0.0947088,0
0.100452,0.146502,0.0995154,0
0.0545747,0.203488,0.0733171,0
0.0725218,0.0466903,0.035543,0
0.0697076,0.00159376,0.0262772,0
0.0272631,0.165272,0.0968536,0
0.0346534,0.0731526,0.08689,0
0.095292,0.143179,0.0997207,0
0.0876505,0.142682,0.0995787,0
0.0966824,0.143491,0.103224,0
0.0426119,0.0669542,0.0995885,0
0.0262214,0.0017745,0.0183507,0
0.093118,0.139738,0.0967723,0
0.0201519,0.153169,0.0530074,0
0.036182,0.186607,0.0429042,0
0.0194675,0.149853,0.0353383,0
0.0918695,0.143132,0.0994726,0
0.0864461,0.193912,0.100433,0
0.0271679,0.200701,0.0181081,0
0.0124522,0.0741716,0.0421337,0
0.0941329,0.141326,0.0970894,0
0.0958875,0.139163,0.0966175,0
0.0029864,0.202999,0.0779937,0
0.0718541,0.144455,0.0627936,0
0.096454,0.139906,0.101743,0
0.0111386,0.194992,0.0359964,0
0.0941572,0.138246,0.0937662,0
0.0836344,0.176594,0.0254403,0
0.0192495,0.155254,0.0347734,0
0.0966638,0.140013,0.101629,0
0.0154568,0.0573551,0.0319249,0
0.0971084,0.140917,0.0974335,0
0.0924883,0.144598,0.10264,0
0.0950023,0.141023,0.0947108,0
0.095797,0.146607,0.100343,0
0.0966146,0.13866,0.101164,0
0.0961578,0.140451,0.102946,0
0.0989719,0.141871,0.0961657,0
0.0988237,0.141038,0.099719,0
0.0793865,0.0990191,0.0960353,0
0.0935737,0.145274,0.100175,0
0.0763174,0.0729185,0.0259108,0
0.0903501,0.140131,0.0935955,0
0.0927104,0.139425,0.09942,0
0.0941318,0.144415,0.0956185,0
0.0941476,0.142826,0.0983821,0
0.093907,0.138266,0.0998618,0
0.0410677,0.123856,0.0559094,0
0.057004,0.128154,0.0845218,0
0.0400515,0.125979,0.0576639,0
0.0207686,0.14344,0.020537,0
0.0947424,0.143465,0.100507,0
0.092679,0.145421,0.0984772,0
0.0946807,0.144626,0.0993186,0
0.0910635,0.140585,0.0921942,0
0.0537322,7.84807e-06,0.104368,0
0.102248,0.0555226,0.0294439,1
0.12572,0.0409926,0.097296,1
0.138362,0.179591,0.0155786,1
0.130317,0.215556,0.0651547,1
0.101353,0.220468,0.0743183,1
0.14619,0.0680552,0.0918965,1
0.194928,0.113387,0.0267639,1
0.136857,0.0658377,0.00850612,1
0.128991,0.0224671,0.0471074,1
0.17307,0.0334046,0.0659921,1
0.14043,0.0479725,0.0666757,1
0.158486,0.0174035,0.0749041,1
0.121341,0.215113,0.05184,1
0.186488,0.193859,0.0699072,1
0.181067,0.175296,0.016251,1
0.202037,0.0278795,0.0613459,1
0.125284,0.107079,0.0730267,1
0.213983,0.0366381,0.0315144,1
0.156664,0.0258417,0.0330891,1
0.150075,0.214853,0.0835185,1
0.2004,0.222395,0.0860609,1
0.223478,0.173221,0.0658173,1
0.198674,0.20276,0.0304951,1
0.159318,0.149637,0.0308371,1
0.223045,0.000663848,0.0208477,1
0.118409,0.187859,0.0569562,1
0.153936,0.0318852,0.0940871,1
0.217599,0.0392859,0.0266462,1
0.149093,0.202343,0.00446975,1
0.170271,0.218538,0.0482876,1
0.147896,0.0766374,0.0659834,1
0.180339,0.115333,0.0429071,1
0.147203,0.219403,0.0210636,1
0.18672,0.147588,0.0527308,1
0.146478,0.0727218,0.0805334,1
0.174632,0.0891354,0.0591517,1
0.174772,0.0873122,0.000408465,1
0.199777,0.193726,0.0181966,1
0.174939,0.147563,0.000557989,1
0.18981,0.119686,0.0719823,1
0.163113,0.188448,0.0198651,1
0.2016,0.206214,0.0772753,1
0.213514,0.163507,0.0697174,1
0.203761,0.0652822,0.0644469,1
0.136336,0.153921,0.0594162,1
0.182497,0.188027,0.00856236,1
0.188746,0.000287053,0.0853627,1
0.202781,0.0604876,0.0278434,1
0.131192,0.224798,0.0505544,1
0.187444,0.19005,0.00702156,1
0.162406,0.184985,0.0912238,1
0.211819,0.104865,0.0948084,1
0.171799,0.208598,0.0692367,1
0.183262,0.0997886,0.0192511,1
0.219132,0.200308,0.0373899,1
0.182301,0.154903,0.0505106,1
0.126183,0.0193435,0.0487225,1
0.167325,0.161609,0.0177332,1
0.218867,0.0401186,0.00241406,1
0.117805,0.108409,0.0492221,1
0.191688,0.174534,0.0455376,1
0.209349,0.146133,0.000462148,1
0.108582,0.173315,0.0348066,1
0.183102,0.186104,0.00868525,1
0.122387,0.209483,0.0667893,1
0.172484,0.00794003,0.00223946,1
0.149479,0.170597,0.0324603,1
0.172729,0.064292,0.0226947,1
0.179933,0.190614,0.0339554,1
0.168857,0.0240484,0.0785038,1
0.219327,0.125263,0.069868,1
0.162312,0.0851189,0.00551885,1
0.205349,0.165349,0.0437667,1
0.197946,0.0506081,0.0722731,1
0.21672,0.0606902,0.0280513,1
0.135028,0.0741158,0.0519988,1
0.124125,0.0558072,0.0834337,1
0.208971,0.0422609,0.0836613,1
0.15929,0.0607631,0.0436629,1
0.114383,0.192549,0.0449964,1
0.194677,0.00485538,0.0779873,1
0.132755,0.221571,0.0772344,1
0.190067,0.169874,0.081617,1
0.22326,0.123889,0.0946073,1
0.222143,0.0517942,0.0656022,1
0.212345,0.0524621,0.0678848,1
0.175702,0.122868,0.0246814,1
0.174193,0.0101999,0.0162574,1
0.131075,0.0101749,0.0753157,1
0.16144,0.0357151,0.092501,1
0.163856,0.0214284,0.0776441,1
0.110722,0.000359825,0.0895496,1
0.140266,0.143135,0.0984806,1
0.22467,0.0512494,0.00391684,1
0.186264,0.122238,0.0645679,1
0.109733,0.131617,0.0552277,1
0.120638,0.17269,0.00102785,1
0.13573,0.0760587,0.0617146,1
0.187013,0.148008,0.0638396,1
0.143011,0.144677,0.061261,1
0.180469,0.110949,0.00823622,1
0.162974,0.0331821,0.0457982,1
0.137412,0.0413986,0.0966682,1
0.135125,0.00262511,0.0938995,1
0.215389,0.0422032,0.0555924,1
0.111594,0.164331,0.0232863,1
0.172928,0.142231,0.00685839,1
0.113776,0.14983,0.0361749,1
0.132152,0.0477133,0.0866866,1
0.156905,0.108887,0.000750293,1
0.107388,0.152417,0.0729636,1
0.126571,0.21414,0.0564087,1
0.103629,0.0294108,0.0659758,1
0.112422,0.00173212,0.00868154,1
0.107978,0.0852814,0.0195328,1
0.141695,0.00628787,0.0654285,1
0.164836,0.0705157,0.072216,1
0.214993,0.100099,0.0603879,1
0.167954,0.0850077,0.0703228,1
0.184102,0.0398168,0.0301323,1
0.105203,0.0465322,0.085327,1
0.107408,0.0543983,0.0733651,1
0.12072,0.0256975,0.0236671,1
0.115019,0.112446,0.0615279,1
0.101092,0.103599,0.0959009,1
0.10056,0.0664462,0.0289881,1
0.200396,0.212242,0.0974482,1
0.0382777,0.0683291,0.218916,2
0.0645358,0.181304,0.179137,2
0.0179716,0.0898471,0.155815,2
0.0893926,0.0682827,0.224163,2
0.0645428,0.000371506,0.125392,2
0.0857477,0.0490068,0.112414,2
0.040764,0.00336435,0.121124,2
0.0474661,0.069488,0.164585,2
0.0541718,0.218479,0.212983,2
0.0787663,0.0413241,0.223649,2
0.0251503,0.0354104,0.115521,2
0.000670952,0.183868,0.152377,2
0.0820251,0.0380276,0.161262,2
0.00365976,0.179828,0.222636,2
0.0521925,0.0221353,0.224691,2
0.0469835,0.146261,0.199375,2
0.0406831,0.123787,0.196976,2
0.00109601,0.151559,0.185734,2
0.000314328,0.125591,0.188975,2
0.0154072,0.0797255,0.190497,2
0.0933856,0.0385964,0.130125,2
0.0607343,0.0882731,0.162305,2
0.00819805,0.131129,0.122799,2
0.0137144,0.128927,0.176529,2
0.0782671,0.150974,0.206561,2
0.0596826,0.131102,0.19698,2
0.0230829,0.0858517,0.217445,2
0.0452392,0.0635713,0.15331,2
0.090719,0.0554806,0.176326,2
0.0425039,0.158619,0.139517,2
0.0310316,0.00538627,0.136945,2
0.0791457,0.20667,0.128267,2
0.0876217,0.141901,0.196334,2
0.0984172,0.0189838,0.131419,2
0.0643096,0.10626,0.136399,2
0.0785903,0.00898208,0.178197,2
0.0346658,0.00898616,0.207033,2
0.0920156,0.11413,0.220319,2
0.0102457,0.220603,0.220664,2
0.077304,0.00184241,0.152751,2
0.0443354,0.00456272,0.161758,2
0.0235495,0.160621,0.136838,2
0.0311979,0.141174,0.221195,2
0.0097621,0.200874,0.127875,2
0.0682546,0.201745,0.194154,2
0.0591837,0.0213504,0.174874,2
0.0326677,0.0484041,0.163886,2
0.00644541,0.0285432,0.149507,2
0.0815504,0.179417,0.151521,2
0.0232169,0.159723,0.115594,2
0.000693811,0.0241828,0.134987,2
0.0746253,0.0114575,0.138215,2
0.0205259,0.0111238,0.115099,2
0.078993,0.0953417,0.148975,2
0.0552372,0.0785508,0.156046,2
0.0994892,0.173489,0.110262,2
0.0790119,0.166137,0.19655,2
0.0422762,0.222547,0.162683,2
0.0764157,0.216942,0.112453,2
0.074502,0.156246,0.186921,2
0.0387233,0.127974,0.161695,2
0.0896109,0.0564209,0.120299,2
0.00558458,0.141738,0.161969,2
0.00187211,0.0828425,0.150261,2
0.029121,0.042568,0.1994,2
0.0528263,0.00938453,0.122949,2
0.0398727,0.026417,0.110742,2
0.0476114,0.210539,0.146056,2
0.0644148,0.0527622,0.108668,2
0.05542,0.0730689,0.205592,2
0.0270107,0.218307,0.174762,2
0.0309548,0.042471,0.19794,2
0.00893566,0.134151,0.122987,2
0.0288123,0.178872,0.206232,2
0.0967769,0.027277,0.111113,2
0.0736272,0.101971,0.171926,2
0.0855986,0.204316,0.131362,2
0.0546918,0.17499,0.123317,2
0.0828912,0.185584,0.105645,2
0.0569797,0.0199141,0.174896,2
0.0732284,0.146537,0.221744,2
0.0581104,0.106816,0.133543,2
0.00164307,0.196062,0.189604,2
0.0518562,0.204988,0.145798,2
0.0868167,0.146641,0.153103,2
0.0786607,0.163037,0.19472,2
0.0531603,0.172652,0.122992,2
0.0878215,0.219017,0.133382,2
0.0135705,0.0733708,0.19572,2
0.0315501,0.0730533,0.219628,2
0.0153441,0.0269765,0.152625,2
0.0162037,0.0317743,0.214674,2
0.0237607,0.0449551,0.199476,2
0.0165143,0.0522983,0.216435,2
0.0486766,0.0544639,0.166987,2
0.00186011,0.0466012,0.129498,2
0.0208859,0.0183725,0.204277,2
0.0803894,0.208886,0.204369,2
0.0630985,0.0878963,0.199444,2
0.0264666,0.221512,0.149259,2
0.0772244,0.114706,0.143929,2
0.0109735,0.00569723,0.204168,2
0.0145854,0.0858711,0.222157,2
0.0495437,0.0965325,0.213095,2
0.0168504,0.112592,0.147521,2
0.0747398,0.114025,0.176752,2
0.0359639,0.080708,0.183355,2
0.0266404,0.0922974,0.153335,2
0.0586992,0.0177127,0.22425,2
0.0902122,0.21199,0.222817,2
0.033358,0.0291887,0.185333,2
0.0611535,0.0726899,0.131306,2
0.0955976,0.0232701,0.141315,2
0.0388086,0.174274,0.194331,2
0.0501113,0.19083,0.110715,2
0.0158438,0.209188,0.135182,2
0.0143962,0.0872955,0.140523,2
0.0423412,0.115926,0.207072,2
0.0214171,0.0996844,0.166706,2
0.021109,0.0914644,0.210954,2
0.0892778,0.0664855,0.189574,2
0.0331063,0.0164218,0.111257,2
0.0879582,0.143557,0.105628,2
0.100037,0.111507,0.19357,2
0.108214,0.0325926,0.20078,3
0.18932,0.152241,0.200265,3
0.108239,0.0474903,0.153735,3
0.217775,0.110202,0.167843,3
0.110723,0.0753506,0.110742,3
0.114165,0.1282,0.214387,3
0.202137,0.212154,0.116045,3
0.138872,0.176613,0.13189,3
0.215224,0.129617,0.209598,3
0.104131,0.0856545,0.169436,3
0.125177,0.0364491,0.143828,3
0.113827,0.0272042,0.203353,3
0.109921,0.0275938,0.197744,3
0.101307,0.0490589,0.172016,3
0.101301,0.209342,0.224762,3
0.214572,0.156739,0.185902,3
0.199319,0.0214364,0.170163,3
0.213231,0.016533,0.122099,3
0.14621,0.0200056,0.204722,3
0.147606,0.080342,0.207417,3
0.168553,0.00579552,0.18072,3
0.187494,0.211223,0.161299,3
0.112213,0.190252,0.164682,3
0.132315,0.0748589,0.191619,3
0.195248,0.208168,0.166243,3
0.169143,0.175522,0.187733,3
0.115152,0.200167,0.158716,3
0.164371,0.196411,0.219924,3
0.180977,0.137819,0.174627,3
0.22217,0.151177,0.214797,3
0.167257,0.126743,0.185814,3
0.175698,0.00899208,0.215473,3
0.146402,0.103274,0.130575,3
0.142509,0.208363,0.13756,3
0.1541,0.14827,0.133994,3
0.113841,0.12109,0.162068,3
0.195655,0.0611016,0.152565,3
0.206612,0.0709607,0.207087,3
0.130467,0.204288,0.158684,3
0.175467,0.107588,0.102368,3
0.172544,0.204326,0.145533,3
0.194699,0.100194,0.179498,3
0.152602,0.104036,0.104983,3
0.138542,0.111487,0.183161,3
0.180021,0.165197,0.200869,3
0.117185,0.131204,0.187357,3
0.154806,0.159984,0.114681,3
0.113131,0.143799,0.197484,3
0.145199,0.035688,0.131383,3
0.153854,0.132411,0.183439,3
0.223152,0.0059054,0.160541,3
0.108533,0.197891,0.183785,3
0.193107,0.00206348,0.135902,3
0.177987,0.125461,0.122147,3
0.189925,0.201971,0.121827,3
0.16693,0.0440564,0.208445,3
0.209447,0.172251,0.194481,3
0.21528,0.117392,0.205099,3
0.151312,0.212225,0.204655,3
0.176053,0.0105478,0.171447,3
0.1731,0.0241697,0.204353,3
0.204589,0.00652268,0.213495,3
0.207557,0.0078199,0.211539,3
0.141455,0.199701,0.221897,3
0.147878,0.024218,0.158009,3
0.137375,0.00491218,0.181465,3
0.135557,0.135206,0.145641,3
0.120387,0.027573,0.197817,3
0.204662,0.0592908,0.204788,3
0.167505,0.0859692,0.111133,3
0.148942,0.0430127,0.114976,3
0.144839,0.221512,0.128126,3
0.171921,1.10487e-05,0.115292,3
0.116829,0.03228,0.169367,3
0.110731,0.00958681,0.187007,3
0.145703,0.0450944,0.116098,3
0.214904,0.129369,0.12979,3
0.173104,0.169593,0.167393,3
0.164408,0.0554383,0.142396,3
0.167418,0.182285,0.139519,3
0.11512,0.196162,0.106418,3
0.128112,0.177204,0.114235,3
0.116966,0.0891793,0.174056,3
0.16907,0.0456016,0.19896,3
0.22388,0.0446875,0.149331,3
0.170649,0.0157734,0.194848,3
0.175867,0.182804,0.21616,3
0.201169,0.0561395,0.117524,3
0.156121,0.0549206,0.188221,3
0.145706,0.189191,0.176749,3
0.167897,0.0605714,0.202008,3
0.187558,0.0278523,0.1451,3
0.202048,0.168933,0.0995022,3
0.173463,0.037856,0.137179,3
0.202261,0.157998,0.175207,3
0.217428,0.127602,0.167344,3
0.201255,0.154207,0.156128,3
0.182563,0.104867,0.18503,3
0.148841,0.195508,0.166782,3
0.194483,0.159444,0.102057,3
0.224043,0.0209021,0.149764,3
0.187518,0.0141179,0.222668,3
0.200332,0.122888,0.19231,3
0.151766,0.0332769,0.114855,3
0.12741,0.147638,0.111955,3
0.176135,0.123549,0.134056,3
0.119751,0.205319,0.111568,3
0.206105,0.118379,0.203912,3
0.104533,0.0689375,0.189834,3
0.210736,0.00778422,0.212174,3
0.123722,0.0556292,0.20671,3
0.222138,0.146777,0.205752,3
0.129876,0.145745,0.10474,3
0.128446,0.0167723,0.121395,3
0.12853,0.223633,0.126625,3
0.181632,0.189988,0.150523,3
0.133138,0.210962,0.189509,3
0.175024,0.1142,0.191091,3
0.146836,0.108886,0.171464,3
0.141614,0.000525185,0.117755,3
0.138835,0.102265,0.183328,3
0.161096,0.131822,0.102809,3
