x coord,y coord,z coord,rank
0.00616322,0.105148,0.223452,0
0.0557745,0.0023874,0.193482,0
0.0373466,0.11167,0.157647,0
0.0632951,0.136544,0.176005,0
0.0548071,0.118088,0.21368,0
0.0613687,0.096671,0.131845,0
0.00491567,0.120936,0.216636,0
0.0125725,0.139443,0.169297,0
0.0532852,0.0572826,0.134291,0
0.0167481,0.0986347,0.182829,0
0.00837197,0.142732,0.17348,0
0.00777405,0.143053,0.169391,0
0.06411,0.0290076,0.162452,0
0.0139146,0.14599,0.168514,0
0.0520646,0.0211561,0.150132,0
0.00530296,0.0148641,0.200904,0
0.0113555,0.0418195,0.153225,0
0.0573797,0.0430508,0.183763,0
0.00694136,0.140462,0.170092,0
0.0695595,0.0781282,0.207853,0
0.0485872,0.195798,0.125617,0
0.00837471,0.14247,0.172962,0
0.0136033,0.141465,0.1689,0
0.00366626,0.0688386,0.187615,0
0.00640273,0.0931977,0.192525,0
0.000783348,0.0225886,0.13394,0
0.00821848,0.140311,0.169331,0
0.0338573,0.207843,0.185521,0
0.0749694,0.0172685,0.151598,0
0.0705604,0.214424,0.160135,0
0.0054998,0.146121,0.173311,0
0.0459943,0.00924173,0.145875,0
0.0101437,0.148127,0.166839,0
0.0243077,0.138563,0.220068,0
0.0644517,0.00893572,0.142307,0
0.00575268,0.170977,0.187335,0
0.0483231,0.0318563,0.14115,0
0.0668722,0.172133,0.203672,0
0.0110469,0.144665,0.168237,0
0.0199381,0.0582388,0.175946,0
0.0735131,0.00376719,0.161212,0
0.0129498,0.155623,0.142487,0
0.00679373,0.139599,0.169634,0
0.0154281,0.210679,0.196118,0
0.0467999,0.0279976,0.184385,0
0.0166133,0.0726344,0.162598,0
0.0129761,0.0161037,0.12845,0
0.00861879,0.144908,0.172767,0
0.0600604,0.0242213,0.20978,0
0.00514811,0.14328,0.169828,0
0.080678,0.173996,0.169719,0
0.00806311,0.141748,0.172144,0
0.00998658,0.142702,0.170933,0
0.00576558,0.145039,0.17382,0
0.00513439,0.143402,0.170027,0
0.0541765,0.0256604,0.156903,0
0.00981425,0.0745707,0.1509,0
0.054875,0.0855686,0.197063,0
0.0187572,0.045902,0.174286,0
0.0155226,0.143685,0.166892,0
0.0113218,0.139808,0.174309,0
0.00997381,0.1391,0.171151,0
0.0151164,0.19032,0.223677,0
0.0486784,0.00532323,0.137767,0
0.071809,0.0894382,0.142822,0
0.00849024,0.14688,0.168291,0
0.00544216,0.146978,0.166393,0
0.00913219,0.146348,0.168349,0
0.0356851,0.0712438,0.142951,0
0.0107426,0.0673991,0.198188,0
0.00745284,0.147702,0.168414,0
0.0378289,0.0846132,0.124901,0
0.0801331,0.0705632,0.184491,0
0.00947271,0.141806,0.176419,0
0.0459391,0.0602253,0.155402,0
0.00637774,0.140784,0.169164,0
0.0124816,0.144532,0.17003,0
0.0113659,0.112431,0.143415,0
0.0090357,0.147026,0.170328,0
0.0118978,0.144258,0.167681,0
0.00891937,0.147484,0.170164,0
0.012067,0.197116,0.211746,0
0.063146,0.174695,0.179943,0
0.0226529,0.0809099,0.14476,0
0.0512738,0.126793,0.142516,0
0.0164303,0.0399554,0.204702,0
0.0176704,0.0364975,0.181104,0
0.0737721,0.00611108,0.218769,0
0.0109445,0.143028,0.172337,0
0.0136298,0.146621,0.171676,0
0.00814845,0.145123,0.172084,0
0.0098704,0.147879,0.168494,0
0.0290867,0.05975,0.159957,0
0.0477142,0.181064,0.143995,0
0.0623694,0.211012,0.160596,0
0.0487,0.134008,0.208461,0
0.00900961,0.139307,0.1742,0
0.00928643,0.145343,0.168183,0
0.0140454,0.143848,0.169307,0
0.0263132,0.105403,0.16663,0
0.00935078,0.141004,0.173785,0
0.0777942,0.147352,0.167216,0
0.0520404,0.112745,0.210517,0
0.073592,0.042916,0.169468,0
0.00735186,0.145082,0.173991,0
0.0187201,0.00434443,0.206125,0
0.0126751,0.14238,0.172261,0
0.0648341,0.0618562,0.143825,0
0.0104998,0.139889,0.167432,0
0.078334,0.0824096,0.1412,0
0.0373783,0.157311,0.224556,0
0.0595441,0.166552,0.149103,0
0.0180969,0.163406,0.207939,0
0.0169974,0.092639,0.190807,0
0.0533205,0.180523,0.20506,0
0.0141838,0.143923,0.164845,0
0.0057561,0.145366,0.172896,0
0.00802167,0.17068,0.212329,0
0.0694084,0.107054,0.2156,0
0.0294955,0.0320995,0.141846,0
0.00109344,0.205884,0.210326,0
0.0568905,0.223208,0.21516,0
0.0363183,0.0418448,0.124695,0
0.0500636,0.145574,0.125921,0
0.0602135,0.222576,0.177615,0
0.0745255,0.190173,0.143054,0
0.0778868,0.224229,0.196959,0
0.18274,0.0585543,0.0937341,1
0.122809,0.0786112,0.04733,1
0.159488,0.0352819,0.102038,1
0.203968,0.220708,0.0874546,1
0.12531,0.141935,0.066967,1
0.200491,0.147987,0.0129815,1
0.210461,0.0477365,0.0391992,1
0.198121,0.0547948,0.0710551,1
0.151612,0.138043,0.119367,1
0.219606,0.133586,0.0111612,1
0.137545,0.161829,0.0307119,1
0.190324,0.210683,0.0813766,1
0.198207,0.132218,0.115515,1
0.138367,0.0767112,0.105272,1
0.176845,0.0951566,0.0879963,1
0.222249,0.119463,0.00745017,1
0.136448,0.149997,0.0381462,1
0.216973,0.123827,0.100695,1
0.123441,0.0206122,0.0408647,1
0.216344,0.18652,0.0152851,1
0.217261,0.125537,0.0346093,1
0.209863,0.137231,0.0540738,1
0.150223,0.21274,0.116254,1
0.130094,0.0908729,0.0985045,1
0.199934,0.20791,0.0101667,1
0.155805,0.198292,0.0681459,1
0.139947,0.192416,0.10994,1
0.124139,0.000446606,0.0443132,1
0.174834,0.206772,0.0998121,1
0.123281,0.0666281,0.0979707,1
0.177757,0.0405392,0.00929172,1
0.173865,0.101342,0.0153865,1
0.149162,0.111241,0.0484759,1
0.184573,0.11963,0.0141635,1
0.120618,0.173116,0.011114,1
0.164324,0.0476086,0.0679774,1
0.147268,0.0121081,0.0220269,1
0.203979,0.069512,0.100992,1
0.130804,0.0560999,0.0264503,1
0.157165,0.208414,0.0124426,1
0.139024,0.172029,0.047795,1
0.190781,0.0852137,0.081142,1
0.139151,0.145335,0.10667,1
0.1782,0.0153684,0.0850945,1
0.212544,0.208879,0.0374723,1
0.206182,0.140872,0.066503,1
0.141429,0.0693709,0.0639744,1
0.197298,0.0552183,0.0238435,1
0.192686,0.000913611,0.0681565,1
0.224706,0.0128314,0.0715561,1
0.189814,0.156975,0.00532344,1
0.216511,0.152983,0.05255,1
0.183911,0.0700425,0.0394253,1
0.191531,0.189611,0.0531666,1
0.126717,0.0697361,0.0487559,1
0.167191,0.20612,0.0482136,1
0.171653,0.189229,0.118826,1
0.197494,0.224104,0.0104511,1
0.192099,0.123162,0.0828295,1
0.176095,0.14713,0.0142312,1
0.137768,0.206241,0.119142,1
0.135243,0.0972468,0.0584216,1
0.132835,0.149954,0.100996,1
0.195761,0.0203974,0.103993,1
0.149762,0.114776,0.0392149,1
0.147185,0.155315,0.0147131,1
0.211324,0.00173769,0.0884351,1
0.192648,0.145996,0.095676,1
0.122858,0.14757,0.0760679,1
0.183227,0.0368772,0.0767105,1
0.178943,0.163163,0.1067,1
0.137051,0.0234717,0.105697,1
0.202522,0.150896,0.102756,1
0.191463,0.00561991,0.0224166,1
0.196059,0.194639,0.0426207,1
0.208193,0.143687,0.000900037,1
0.209852,0.144707,0.0647382,1
0.141201,0.0264494,0.117403,1
0.222768,0.0496348,0.0680698,1
0.146829,0.0367133,0.0161086,1
0.154109,0.0233776,0.100002,1
0.211536,0.185005,0.00526214,1
0.177857,0.106108,0.00729679,1
0.126756,0.0725944,0.00555918,1
0.198962,0.224145,0.0248958,1
0.15274,0.18171,0.10048,1
0.127464,0.0339603,0.0615157,1
0.200429,0.0719261,0.0369615,1
0.222475,0.148598,0.0396639,1
0.171257,0.0677838,0.0589141,1
0.146746,0.222957,0.00636176,1
0.220586,0.161221,0.0283649,1
0.175945,0.0214644,0.0771906,1
0.191538,0.0318802,0.110807,1
0.224534,0.0330688,0.086664,1
0.171457,0.0811817,0.0543885,1
0.217722,0.0700235,0.0090885,1
0.190158,0.0945316,0.0354762,1
0.214979,0.0553969,0.0731439,1
0.143002,0.0589358,0.071172,1
0.196306,0.0872714,0.0143322,1
0.186847,0.161906,0.0462303,1
0.140991,0.0494479,0.111238,1
0.140259,0.0528876,0.120713,1
0.125319,0.144667,0.0427353,1
0.158284,0.0369986,0.0223706,1
0.204602,0.205401,0.00669233,1
0.141316,0.217963,0.101606,1
0.156921,0.0489215,0.0473513,1
0.2245,0.0964435,0.111802,1
0.134413,0.195355,0.0158918,1
0.166588,0.0553762,0.0898845,1
0.15972,0.105205,0.00283286,1
0.145297,0.203209,0.034284,1
0.135012,0.0990874,0.117202,1
0.193303,0.046515,0.0445957,1
0.138479,0.0807919,0.112781,1
0.122461,0.00360134,0.100482,1
0.209913,0.105613,0.0546584,1
0.145686,0.0920812,0.102342,1
0.148254,0.107702,0.0171233,1
0.127775,0.108651,0.102701,1
0.14085,0.0792295,0.101641,1
0.123731,0.0729244,0.0489097,1
0.064531,0.132041,0.00815725,2
0.0722161,0.160977,0.107887,2
0.0379183,0.101448,0.112509,2
0.0669171,0.170009,0.0711561,2
0.0763613,0.205211,0.0218784,2
0.0700292,0.096641,0.028605,2
0.0696783,0.144687,0.0887676,2
0.104961,0.215003,0.01172,2
0.0311491,0.0793559,0.107848,2
0.0587042,0.106048,0.10518,2
0.037047,0.040653,0.121216,2
0.0262735,0.194282,0.0796859,2
0.00441811,0.142373,0.085165,2
0.115994,0.072649,0.018173,2
0.110072,0.152728,0.116995,2
0.0833448,0.0755364,0.0185812,2
0.0431796,0.19897,0.0566447,2
0.024459,0.19863,0.104514,2
0.0571986,0.188575,0.0985759,2
0.091941,0.0697281,0.066702,2
0.104347,0.108543,0.0913604,2
0.0962438,0.075707,0.00475527,2
0.00230455,0.0341929,0.0774119,2
0.0320183,0.218478,0.0857606,2
0.0560613,0.0134822,0.0394567,2
0.104972,0.0439806,0.0881628,2
0.0386124,0.0724136,5.99257e-05,2
0.0446496,0.134905,0.077436,2
0.0314663,0.217704,0.0558774,2
0.0779991,0.101101,0.0459737,2
0.0097047,0.000740881,0.0434539,2
0.0763422,0.151413,0.0832793,2
0.114615,0.141119,0.0704698,2
0.0778083,0.050805,0.113062,2
0.0465611,0.105156,0.00765919,2
0.111493,0.139862,0.0529182,2
0.0896525,0.153412,0.0186896,2
0.0376712,0.0288714,0.108715,2
0.0775124,0.174518,0.051793,2
0.0725319,0.145362,0.0544411,2
0.0802218,0.0672571,0.0288962,2
0.0228127,0.000251623,0.0100374,2
0.0119185,0.0120288,0.0570842,2
0.0193076,0.173539,0.0612222,2
0.0788421,0.173476,0.0192441,2
0.117326,0.216213,0.0761309,2
0.0875156,0.141977,0.0422047,2
0.100317,0.0664673,0.0109017,2
0.0642965,0.161951,0.0355791,2
0.00562501,0.156267,0.0748146,2
0.00536838,0.189372,0.0651569,2
0.0687378,0.0288807,0.00918424,2
0.108346,0.0541249,0.10831,2
0.018176,0.199858,0.0470493,2
0.0404008,0.190725,0.106139,2
0.0694874,0.0209873,0.0556829,2
0.0964567,0.0445248,0.0522607,2
0.0620715,0.16219,0.0947314,2
0.0963325,0.152189,0.0733969,2
0.0140322,0.0737747,0.0649821,2
0.0783574,0.171966,0.0148023,2
0.100974,0.0442703,0.0689393,2
0.0705932,0.215257,0.0472863,2
0.0218018,0.0292324,0.103254,2
0.0276162,0.0256937,0.016115,2
0.0938991,0.0748106,0.0480693,2
0.0694358,0.0410045,0.0671126,2
0.102132,0.00677203,0.0727667,2
0.0588836,0.220786,0.0442202,2
0.11914,0.166353,0.100863,2
0.0400609,0.0333811,0.00957702,2
0.045691,0.0310222,0.110607,2
0.0509041,0.204157,0.0548757,2
0.0786929,0.218949,0.0632696,2
0.0301701,0.00183239,0.0588807,2
0.0148727,0.0469094,0.0307325,2
0.0417154,0.137681,0.0951051,2
0.0671542,0.111629,0.102609,2
0.0347876,0.173176,0.0260841,2
0.0214191,0.183642,0.0168214,2
0.0133708,0.0922444,0.0738091,2
0.0199082,0.18389,0.0400433,2
0.041077,0.206435,0.0573118,2
0.0587929,0.186208,0.0631785,2
0.0574726,0.130404,0.109501,2
0.09509,0.101133,0.0834913,2
0.0385872,0.168905,0.12033,2
0.00433269,0.151686,0.0377903,2
0.0992273,0.0756003,0.0994592,2
0.0175785,0.13027,0.0801985,2
0.0848117,0.19894,0.0372591,2
0.0680381,0.095484,0.110466,2
0.052637,0.129128,0.0858171,2
0.0345603,0.142905,0.0746794,2
0.0877341,0.163516,0.0747694,2
0.111665,0.0305223,0.0633562,2
0.0461837,0.0676398,0.066237,2
0.0174403,0.114732,0.0310576,2
0.0167409,0.206451,0.0389081,2
0.093512,0.138258,0.118946,2
0.0723184,0.0685024,0.09973,2
0.0107305,0.219027,0.0827399,2
0.0320179,0.0084241,0.115014,2
0.0105695,0.150607,0.0574581,2
0.118871,0.144385,0.00803172,2
0.02393,0.111306,0.0996613,2
0.0968993,0.0535091,0.000336415,2
0.00997371,0.0647591,0.014113,2
0.0314746,0.104511,0.0469712,2
0.00164661,0.0666437,0.0718923,2
0.0740093,0.000613482,0.119478,2
0.0839397,0.157812,0.0472979,2
0.0123418,0.104486,0.0092675,2
0.102422,0.0954082,0.0102225,2
0.0327924,0.0790783,0.116587,2
0.104217,0.0928049,0.0735564,2
0.0708942,0.0959338,0.0189718,2
0.0285321,0.119315,0.00920505,2
0.110559,0.117636,0.110266,2
0.0370462,0.000250538,0.0690589,2
0.108614,0.0214694,0.00931538,2
0.00435636,0.0601532,0.09847,2
0.0148131,0.101836,0.119275,2
0.11501,0.0825354,0.0925176,2
0.118489,0.0120227,0.0380896,2
0.22142,0.133551,0.171986,3
0.195093,0.118671,0.151391,3
0.101591,0.0272511,0.125812,3
0.179979,0.03002,0.142394,3
0.21827,0.0301972,0.215921,3
0.109545,0.00403514,0.148983,3
0.160337,0.0886566,0.184017,3
0.189279,0.136712,0.160481,3
0.103719,0.145432,0.127806,3
0.151115,0.115089,0.131221,3
0.100454,0.0300989,0.16144,3
0.182349,0.036987,0.16664,3
0.0835458,0.0681892,0.183763,3
0.10896,0.218054,0.208471,3
0.213387,0.138104,0.152767,3
0.200913,0.0499253,0.129558,3
0.222458,0.038455,0.174895,3
0.157734,0.01543,0.15992,3
0.0977672,0.104576,0.177698,3
0.184636,0.0249952,0.152004,3
0.10322,0.100569,0.176253,3
0.121569,0.0322603,0.202673,3
0.188487,0.0776455,0.143327,3
0.223277,0.0099689,0.152381,3
0.151669,0.0124934,0.172911,3
0.158467,0.0377563,0.159251,3
0.109261,0.18656,0.145601,3
0.124977,0.152204,0.165352,3
0.184988,0.0472554,0.146685,3
0.0930669,0.0885687,0.190203,3
0.163417,0.0642618,0.211694,3
0.14204,0.135654,0.209321,3
0.0998768,0.220844,0.162085,3
0.173803,0.0367952,0.171617,3
0.153182,0.13094,0.205793,3
0.183376,0.0289668,0.146364,3
0.156445,0.0756142,0.221226,3
0.190443,0.156152,0.198569,3
0.150619,0.132979,0.194878,3
0.124676,0.0177513,0.17033,3
0.114694,0.0697314,0.168449,3
0.0975473,0.152535,0.20431,3
0.217053,0.097939,0.166277,3
0.112039,0.161961,0.129945,3
0.105102,0.185002,0.166665,3
0.112584,0.0502736,0.161004,3
0.216646,0.0322963,0.191366,3
0.175039,0.0209578,0.193235,3
0.137829,0.10709,0.213666,3
0.144652,0.0157065,0.207883,3
0.201098,0.133052,0.173168,3
0.0831876,0.113306,0.178003,3
0.0834531,0.0699122,0.198461,3
0.160415,0.130312,0.209109,3
0.175069,0.0724806,0.158454,3
0.209053,0.0762283,0.186395,3
0.113271,0.198878,0.138801,3
0.145929,0.173363,0.122878,3
0.224835,0.104614,0.131937,3
0.12697,0.130842,0.201062,3
0.126328,0.219428,0.2167,3
0.0964221,0.0352497,0.145944,3
0.159801,0.126216,0.173142,3
0.103836,0.0499897,0.161973,3
0.172585,0.128996,0.14645,3
0.136399,0.120318,0.178295,3
0.0982394,0.223208,0.163565,3
0.122305,0.0697335,0.129821,3
0.18504,0.0203394,0.204043,3
0.0891412,0.0359994,0.190294,3
0.212284,0.0740212,0.219685,3
0.108814,0.0903448,0.214225,3
0.212999,0.0053863,0.177594,3
0.190614,0.187516,0.17792,3
0.153408,0.179149,0.169298,3
0.155623,0.107097,0.19896,3
0.185936,0.187396,0.140742,3
0.168159,0.00721114,0.218769,3
0.114678,0.0539261,0.158291,3
0.110934,0.211426,0.182261,3
0.191889,0.202399,0.18336,3
0.149953,0.198351,0.171348,3
0.154544,0.0163763,0.217949,3
0.22366,0.0704864,0.151837,3
0.119606,0.113247,0.135642,3
0.100137,0.128842,0.198852,3
0.130918,0.184697,0.16234,3
0.151125,0.203817,0.172586,3
0.125091,0.0907519,0.171937,3
0.161395,0.202251,0.148826,3
0.205577,0.0148753,0.142788,3
0.196456,0.0735164,0.198905,3
0.141242,0.0412813,0.142264,3
0.158994,0.208926,0.176549,3
0.167913,0.123012,0.151779,3
0.202478,0.183942,0.19279,3
0.20229,0.0762374,0.156607,3
0.118061,0.0520079,0.219529,3
0.138654,0.107372,0.190457,3
0.127672,0.0644226,0.222332,3
0.126207,0.0867593,0.177319,3
0.144769,0.176259,0.215036,3
0.204225,0.106351,0.19927,3
0.167517,0.189112,0.181444,3
0.213119,0.123175,0.160853,3
0.194945,0.117873,0.180431,3
0.214542,0.119062,0.2118,3
0.219347,0.185753,0.171942,3
0.155945,0.136038,0.162097,3
0.130321,0.219241,0.129869,3
0.181279,0.210407,0.17309,3
0.211162,0.192012,0.133939,3
0.153963,0.200971,0.171045,3
0.187811,0.194573,0.190478,3
0.103857,0.153032,0.156616,3
0.169449,0.117075,0.159669,3
0.215189,0.212766,0.201608,3
0.157559,0.168455,0.195138,3
0.102581,0.122717,0.21081,3
0.204509,0.160868,0.177064,3
0.173224,0.207839,0.222521,3
0.182248,0.104231,0.124854,3
0.147784,0.175512,0.127203,3
0.116112,0.116542,0.124548,3
