x coord,y coord,z coord,rank
0.037418,0.0431401,0.107009,0
0.00525955,0.0142333,0.0299027,0
0.0934931,0.15638,0.0482811,0
0.0538832,0.0309696,0.046026,0
0.100238,0.142962,0.00213719,0
0.0550942,0.136202,0.0830937,0
0.0137748,0.148445,0.0907912,0
0.0320374,0.150266,0.0427586,0
0.0099631,0.131985,0.0269841,0
0.0703275,0.148889,0.0271844,0
0.0312771,0.147607,0.0473122,0
0.0440301,0.148137,0.0262297,0
0.036422,0.0467818,0.0882606,0
0.0535687,0.189322,0.048596,0
0.0307603,0.174325,0.063052,0
0.0561353,0.103674,0.0850414,0
0.1009,0.140171,0.0640676,0
0.08655,0.0913455,0.0193437,0
0.085637,0.116839,0.0426521,0
0.0126047,0.215808,0.106938,0
0.00918781,0.0861212,0.000537534,0
0.106212,0.0526061,0.044345,0
0.00991846,0.167182,0.0126634,0
0.0274734,0.0929131,0.105488,0
0.0118928,0.175467,0.0185347,0
0.072304,0.0682021,3.05929e-05,0
0.042849,0.15392,0.114143,0
0.0406891,0.0662585,0.0788452,0
0.0482999,0.0632707,0.0433743,0
0.0725288,0.108415,0.07654,0
0.0850101,0.205606,0.0575018,0
0.047861,0.224584,0.0441755,0
0.0930832,0.0498018,0.0403851,0
0.0453802,0.0792774,0.0161781,0
0.0948746,0.163669,0.041861,0
0.100474,0.107418,0.094237,0
0.0493237,0.143396,0.0568182,0
0.0736321,0.144555,0.0530475,0
0.00981586,0.0622549,0.082083,0
0.00238423,0.0332219,0.0978356,0
0.0556282,0.107365,0.0923869,0
0.086765,0.021608,0.00437375,0
0.00388537,0.208217,0.00326353,0
0.0290351,0.0373641,0.0789295,0
0.074612,0.0250774,0.0436518,0
0.1035,0.181074,0.0224875,0
0.0317947,0.0278492,0.019219,0
0.0637916,0.0970266,0.0245159,0
0.0398767,0.000592395,0.0138303,0
0.00264914,0.214807,0.00268118,0
0.0402666,0.128678,0.0847666,0
0.0683205,0.12389,0.0734996,0
0.0654161,0.0984477,0.0144096,0
0.00938243,0.121733,0.100731,0
0.023103,0.164222,0.0849053,0
0.0451608,0.0438463,0.0959157,0
0.0561518,0.144445,0.0925268,0
0.0677956,0.0860604,0.0839044,0
0.0876993,0.156684,0.0102956,0
0.0160191,0.126209,0.00324355,0
0.0800623,0.107208,7.404e-05,0
0.0233251,0.189184,0.0703354,0
0.0789356,0.136709,0.0816125,0
0.0419942,0.185501,0.0902153,0
0.0192767,0.221374,0.0642253,0
0.0977004,0.0273827,0.0771324,0
0.0280057,0.0363128,0.099884,0
0.0717774,0.0991793,0.0926575,0
0.0742118,0.175301,0.038777,0
0.00287569,0.118042,0.0295894,0
0.104175,0.00643514,0.0979085,0
0.100137,0.0397523,0.0647291,0
0.0517756,0.177644,0.000422929,0
0.00451346,0.0734594,0.00213144,0
0.0863851,0.103739,0.00174144,0
0.00669213,0.130025,0.0527262,0
0.0893267,0.157847,0.0559235,0
0.0217581,0.168134,0.0259219,0
0.0870874,0.141301,0.0756561,0
0.0921404,0.0156147,0.0872562,0
0.0373099,0.0361211,0.0528351,0
0.0743568,0.0600906,0.0852134,0
0.102964,0.0271369,0.00708695,0
0.0304155,0.220527,0.0788352,0
0.0387196,0.112389,0.0655192,0
0.0408477,0.159726,0.0199252,0
0.0280529,0.0189545,0.0322704,0
0.00661615,0.203958,0.113294,0
0.0235628,0.196106,0.0916562,0
0.0228151,0.203403,0.0956312,0
0.0115638,0.171194,0.0101028,0
0.0602834,0.0512556,0.063795,0
0.0884709,0.219596,0.0348137,0
0.0695953,0.0913441,0.0126587,0
0.0831239,0.15057,0.0322944,0
0.0799952,0.0430697,0.0416334,0
0.0521063,0.0303298,0.110835,0
0.0185496,0.133402,0.0265951,0
0.0913981,0.21414,0.0316321,0
0.0483565,0.171179,0.0377953,0
0.0293532,0.123285,0.0524347,0
0.0137641,0.123722,0.0561418,0
0.044334,0.210946,0.0303775,0
0.0855564,0.21131,0.033336,0
0.0214842,0.157762,0.0566135,0
0.0211141,0.161821,0.0705598,0
0.0288499,0.152131,0.0533303,0
0.0230087,0.0421398,0.0364921,0
0.0705532,0.0823501,0.0972271,0
0.0781409,0.055065,0.0487784,0
0.0396656,0.0594716,0.0951823,0
0.04714,0.177051,0.0657122,0
0.0464596,0.202176,0.0493844,0
0.000405549,0.173498,0.0319847,0
0.0290795,0.200773,0.0822344,0
0.0621201,0.035541,0.0168309,0
0.0725899,0.21405,0.116323,0
0.0775214,0.142855,0.106226,0
0.0190769,0.110002,0.0101694,0
0.000887345,0.129137,0.089901,0
0.0177004,0.1173,0.109123,0
0.0411958,0.0755228,0.105759,0
0.0629015,0.135457,0.0215628,0
0.0546112,0.105775,0.112274,0
0.0567752,0.110681,0.114438,0
0.106835,0.132358,0.040788,0
0.0308787,0.210894,0.131669,1
0.0331314,0.216124,0.130857,1
0.0326135,0.210081,0.130635,1
0.094375,0.117806,0.146535,1
0.0093133,0.13255,0.16422,1
0.0973128,0.215828,0.150729,1
0.0112268,0.114001,0.158723,1
0.0770515,0.151355,0.167515,1
0.0987842,0.169008,0.133389,1
0.0356886,0.211548,0.129702,1
0.0856928,0.149799,0.223751,1
0.0312243,0.210518,0.131113,1
0.0317183,0.215176,0.132896,1
0.0306221,0.206025,0.134191,1
0.0509881,0.010482,0.167474,1
0.0442765,0.0175192,0.128917,1
0.0951495,0.202615,0.196679,1
0.0315179,0.209382,0.134062,1
0.0375497,0.211291,0.129286,1
0.0340105,0.21132,0.132321,1
0.0370383,0.209536,0.131908,1
0.00170509,0.183122,0.186856,1
0.0455777,0.140403,0.194405,1
0.0363703,0.208736,0.131843,1
0.00369376,0.067923,0.167152,1
0.0342049,0.206753,0.133987,1
0.0327729,0.204596,0.134184,1
0.0884276,0.0323834,0.160929,1
0.0424961,0.136426,0.199538,1
0.0190879,0.0640465,0.202148,1
0.00557269,0.190763,0.211878,1
0.0351502,0.209714,0.132235,1
0.0153606,0.117121,0.13886,1
0.0316153,0.207857,0.134664,1
0.0270668,0.208725,0.129863,1
0.0341432,0.211322,0.126378,1
0.0343774,0.211734,0.132163,1
0.0310685,0.211424,0.129033,1
0.0377105,0.2086,0.129729,1
0.0152812,0.0713911,0.16149,1
0.079227,0.141217,0.204357,1
0.0286795,0.0888602,0.138118,1
0.0324466,0.0895748,0.191479,1
0.0332925,0.212635,0.136163,1
0.03914,0.0886643,0.120154,1
0.0791409,0.0366107,0.178568,1
0.0351826,0.208019,0.127937,1
0.0992824,0.180419,0.148529,1
0.0575414,0.116201,0.14622,1
0.0223403,0.0574342,0.175604,1
0.0370016,0.0212353,0.207149,1
0.00499474,0.204117,0.183219,1
0.0160243,0.152111,0.13586,1
0.0360768,0.207305,0.132681,1
0.0378871,0.184021,0.208635,1
0.0122342,0.0836863,0.132117,1
0.00884378,0.135167,0.201701,1
0.0141074,0.0754787,0.187409,1
0.00409394,0.170079,0.130962,1
0.0374702,0.207322,0.128921,1
0.0177143,0.0253386,0.126389,1
0.0353967,0.208219,0.132882,1
0.049424,0.136031,0.196795,1
0.0315983,0.211131,0.130499,1
0.0772977,0.136401,0.2023,1
0.0154524,0.123324,0.130507,1
0.0939358,0.0498154,0.168477,1
0.0355795,0.205991,0.134826,1
0.0314563,0.207226,0.129213,1
0.0933016,0.192745,0.212495,1
0.0614576,0.00122631,0.191094,1
0.036699,0.213333,0.130621,1
0.0779405,0.212845,0.212551,1
0.0280395,0.212021,0.128773,1
0.0520757,0.102204,0.182083,1
0.0509992,0.139148,0.120308,1
0.0225018,0.177214,0.122928,1
0.0383601,0.0307646,0.187022,1
0.0289021,0.215927,0.163438,1
0.0477239,0.148704,0.214609,1
0.0451634,0.0790035,0.209969,1
0.0943963,0.0290298,0.147646,1
0.0731636,0.00756366,0.192095,1
0.0298709,0.179995,0.188626,1
0.032822,0.207536,0.129169,1
0.0365957,0.098417,0.124128,1
0.0335351,0.212048,0.13086,1
0.037508,0.0461786,0.201238,1
0.0835742,0.0556661,0.194874,1
0.0316689,0.20926,0.127021,1
0.0982122,0.0356656,0.131843,1
0.0363306,0.207798,0.134358,1
0.0724292,0.16689,0.189728,1
0.0689626,0.114474,0.199157,1
0.032847,0.212766,0.131512,1
0.0998941,0.0145616,0.136867,1
0.0818791,0.0654777,0.192627,1
0.0994043,0.0966764,0.128615,1
0.100677,0.0745746,0.117894,1
0.0925775,0.0660067,0.185879,1
0.0206793,0.0713469,0.15137,1
0.0591432,0.0751023,0.202189,1
0.0331498,0.209552,0.133858,1
0.0303646,0.154307,0.151966,1
0.0485317,0.119096,0.206993,1
0.0322976,0.212207,0.128879,1
0.0341914,0.206924,0.128662,1
0.0936362,0.0963982,0.118478,1
0.0336422,0.208083,0.131912,1
0.0895532,0.0490395,0.161495,1
0.0369955,0.181995,0.174286,1
0.033481,0.20855,0.136617,1
0.0343652,0.214958,0.136359,1
0.0382741,0.177082,0.121833,1
0.0292711,0.211369,0.129883,1
0.0546482,0.206536,0.139885,1
0.0460879,0.150869,0.20581,1
0.0938688,0.138265,0.122897,1
0.0694167,0.216081,0.123109,1
0.0323051,0.206146,0.137089,1
0.0637604,0.193836,0.121831,1
0.0358842,0.212802,0.136505,1
0.0864945,0.157307,0.13394,1
0.192801,0.0483472,0.180805,2
0.106952,0.0894722,0.121443,2
0.105222,0.157369,0.132567,2
0.140419,0.0860282,0.166574,2
0.180991,0.0900795,0.127249,2
0.222171,0.0551239,0.221782,2
0.124454,0.130418,0.187195,2
0.134861,0.0829625,0.134922,2
0.207572,0.197556,0.179577,2
0.110976,0.0718948,0.161407,2
0.168347,0.0698864,0.134993,2
0.124006,0.015864,0.183336,2
0.215159,0.0971767,0.2082,2
0.138983,0.028651,0.131692,2
0.180106,0.0285412,0.13847,2
0.214302,0.157965,0.121565,2
0.153511,0.0943724,0.128653,2
0.21333,0.0607848,0.132393,2
0.164969,0.221885,0.175977,2
0.128021,0.037859,0.160686,2
0.218262,0.223442,0.171713,2
0.214093,0.140863,0.14718,2
0.21611,0.0823512,0.20981,2
0.183264,0.209044,0.219934,2
0.148892,0.152186,0.156799,2
0.187967,0.0604164,0.156246,2
0.102184,0.0535434,0.223321,2
0.143978,0.148592,0.187605,2
0.101667,0.105622,0.200114,2
0.165442,0.0912147,0.204009,2
0.143808,0.126166,0.176852,2
0.187871,0.0561546,0.13739,2
0.163086,0.176032,0.166695,2
0.175118,0.125587,0.181431,2
0.139065,0.00983258,0.124842,2
0.163404,0.070694,0.142333,2
0.193155,0.119337,0.137122,2
0.191641,0.10324,0.126946,2
0.189368,0.0592444,0.136072,2
0.174209,0.159536,0.198028,2
0.106575,0.0538049,0.128933,2
0.160192,0.144244,0.143756,2
0.11553,0.191577,0.221557,2
0.189048,0.187429,0.159586,2
0.193201,0.202453,0.149297,2
0.220558,0.0996668,0.207486,2
0.167424,0.0631539,0.122094,2
0.128003,0.208557,0.151755,2
0.184239,0.0409161,0.169715,2
0.191055,0.0507015,0.21974,2
0.152682,0.170969,0.208568,2
0.198574,0.212944,0.17892,2
0.178067,0.0684944,0.146475,2
0.104753,0.115285,0.186807,2
0.12303,0.0917405,0.138112,2
0.163003,0.168836,0.165914,2
0.195294,0.212282,0.143404,2
0.161748,0.221929,0.199904,2
0.191065,0.203486,0.13481,2
0.119979,0.198384,0.178813,2
0.132604,0.0641777,0.179755,2
0.210581,0.121872,0.205416,2
0.112755,0.120028,0.128475,2
0.216752,0.0378122,0.198684,2
0.170195,0.2017,0.206216,2
0.183167,0.197992,0.16987,2
0.130621,0.0920648,0.170715,2
0.180859,0.215967,0.216005,2
0.127863,0.077964,0.135359,2
0.155446,0.0413094,0.131325,2
0.115527,0.15971,0.216828,2
0.1739,0.14509,0.13896,2
0.153824,0.0713709,0.223584,2
0.111869,0.147099,0.189687,2
0.209631,0.0366101,0.122692,2
0.13729,0.0452788,0.127021,2
0.204229,0.221283,0.13375,2
0.191358,0.076196,0.156632,2
0.178872,0.0557488,0.126412,2
0.128613,0.0900502,0.198061,2
0.207229,0.0398324,0.184203,2
0.175873,0.220784,0.194947,2
0.112353,0.142808,0.139636,2
0.150808,0.0540573,0.200045,2
0.198448,0.210414,0.196074,2
0.165987,0.0526255,0.132358,2
0.122197,0.115202,0.138261,2
0.177563,0.0119574,0.175813,2
0.189112,0.123654,0.190244,2
0.161342,0.217629,0.181356,2
0.158703,0.123404,0.168732,2
0.127414,0.0281458,0.196902,2
0.110669,0.0634913,0.202843,2
0.207399,0.0447349,0.214611,2
0.175927,0.148345,0.124921,2
0.22012,0.151113,0.124666,2
0.118003,0.202798,0.209293,2
0.181476,0.0154278,0.171219,2
0.127588,0.110985,0.132358,2
0.158656,0.021571,0.129225,2
0.221526,0.119853,0.168394,2
0.149454,0.0645877,0.126153,2
0.164468,0.142615,0.21842,2
0.205869,0.183563,0.175822,2
0.110556,0.154828,0.118448,2
0.193494,0.152046,0.215505,2
0.216175,0.0647082,0.171967,2
0.125755,0.142265,0.155131,2
0.138965,0.173549,0.167498,2
0.120727,0.148406,0.213339,2
0.164429,0.15512,0.217445,2
0.125296,0.11841,0.198531,2
0.182338,0.20603,0.11938,2
0.197611,0.142058,0.210415,2
0.205825,0.123909,0.207737,2
0.16411,0.0738648,0.137296,2
0.204412,0.0226489,0.201887,2
0.144651,0.0871804,0.120854,2
0.149465,0.0451385,0.178963,2
0.20213,0.104727,0.146389,2
0.130926,0.0939225,0.205871,2
0.119631,0.128425,0.19453,2
0.133454,0.18052,0.118651,2
0.19319,0.0404649,0.119395,2
0.101508,0.221185,0.160253,2
0.125607,0.038928,0.117349,3
0.11843,0.0171222,0.110311,3
0.157355,0.019272,0.103988,3
0.214241,0.0802877,0.110591,3
0.170013,0.0959772,0.0991481,3
0.161622,0.0307358,0.107576,3
0.210743,0.112958,0.0585871,3
0.117904,0.083202,0.115052,3
0.157831,0.124456,0.108324,3
0.107514,0.147825,0.029457,3
0.188121,0.171562,0.0858764,3
0.222919,0.132473,0.0624103,3
0.125727,0.150541,0.0943416,3
0.210449,0.145403,0.111526,3
0.16222,0.100815,0.0763438,3
0.201226,0.154909,0.00640781,3
0.147291,0.141302,0.0583744,3
0.188046,0.157086,0.048392,3
0.196995,0.14709,0.107436,3
0.218298,0.0501267,0.113722,3
0.14723,0.0950832,0.0344807,3
0.16041,0.0286303,0.101131,3
0.13156,0.0112886,0.065447,3
0.195372,0.154471,0.0549668,3
0.192774,0.170904,0.0405062,3
0.192331,0.0206461,0.0540475,3
0.180514,0.0190623,0.0361696,3
0.147399,0.154044,0.0737284,3
0.129799,0.118334,0.0782755,3
0.178841,0.0586293,0.018338,3
0.16419,0.0674303,0.0177689,3
0.178383,0.0530124,0.0813895,3
0.193411,0.00776316,0.0827506,3
0.136349,0.0426956,0.0240558,3
0.13751,0.137078,0.0408725,3
0.113908,0.00567519,0.0902749,3
0.215,0.123854,0.113071,3
0.218367,0.00452843,0.00264089,3
0.213976,0.136765,0.110141,3
0.194201,0.0213799,0.022315,3
0.185965,0.224815,0.0691398,3
0.210214,0.02427,0.0574265,3
0.160373,0.0551698,0.0920165,3
0.216156,0.221485,0.00711832,3
0.222687,0.192335,0.100301,3
0.135547,0.0481393,0.0955705,3
0.188908,0.176038,0.0061076,3
0.132225,0.11636,0.0106019,3
0.157611,0.170951,0.0913711,3
0.145629,0.093759,0.0869718,3
0.217616,0.219199,0.00428609,3
0.215221,0.0155653,0.00281813,3
0.162006,0.0536282,0.0635929,3
0.173596,0.100154,0.0451061,3
0.172601,0.0366259,0.0059742,3
0.121184,0.0796107,0.098287,3
0.199165,0.19255,0.110343,3
0.200719,0.205144,0.0614853,3
0.141677,0.00818541,0.00845114,3
0.20421,0.197825,0.0411538,3
0.131565,0.167862,0.000540741,3
0.208059,0.0241889,0.0794287,3
0.123873,0.000219003,0.0804177,3
0.121349,0.146316,0.0510835,3
0.129272,0.181673,0.0452501,3
0.120773,0.181726,0.10483,3
0.215044,0.18693,0.00228359,3
0.191384,0.0720751,0.0134349,3
0.189736,0.10684,0.047841,3
0.150656,0.084947,0.0619088,3
0.178195,0.131837,0.0169506,3
0.131888,0.0940568,0.0250974,3
0.178201,0.074008,0.0579133,3
0.180333,0.0356453,0.0800773,3
0.208669,0.224522,0.0904549,3
0.137003,0.216671,0.0774562,3
0.186401,0.0768718,0.0948018,3
0.119011,0.038309,0.102434,3
0.206214,0.00458277,0.0436305,3
0.213988,0.143055,0.0516682,3
0.167561,0.201394,0.0921251,3
0.224405,0.0274523,0.106146,3
0.135741,0.0126125,0.0827523,3
0.118425,0.056467,0.045912,3
0.20851,0.0111138,0.096206,3
0.209743,0.0370684,0.103503,3
0.207714,0.0626099,0.0124969,3
0.179516,0.0661865,0.00345021,3
0.218834,0.157202,0.11085,3
0.191232,0.0595029,0.0768717,3
0.181436,0.0445825,0.0681422,3
0.181549,0.0567934,0.060988,3
0.180474,0.116865,0.0894647,3
0.203366,0.123876,0.0738778,3
0.221191,0.176193,0.0771468,3
0.172608,0.120009,0.0173182,3
0.125116,0.0804625,0.00318042,3
0.118359,0.204271,0.0345831,3
0.150137,0.107551,0.0359011,3
0.217202,0.0974906,0.0172817,3
0.183617,0.179528,0.0379993,3
0.13053,0.112335,0.0541221,3
0.134935,0.0225667,0.0161127,3
0.21583,0.131842,0.0464316,3
0.166514,0.111055,0.0376774,3
0.181327,0.101922,0.0558632,3
0.145276,0.212096,0.0770055,3
0.180474,0.118744,0.00916976,3
0.213678,0.171512,0.0150973,3
0.143574,0.207205,0.0675074,3
0.115349,0.0715277,0.0141255,3
0.164901,0.105612,0.000517467,3
0.187035,0.138079,0.0984006,3
0.190835,0.151217,0.0425972,3
0.106969,0.142285,0.0331316,3
0.204293,0.185823,0.0135762,3
0.107811,0.138151,0.0233767,3
0.16151,0.170948,0.103972,3
0.149885,0.206178,0.0689004,3
0.111373,0.198002,0.032169,3
0.111355,0.128856,0.0912022,3
0.120102,0.155579,0.0506103,3
0.13627,0.189449,0.026472,3
0.131631,0.1765,0.0890921,3
0.127377,0.212825,0.0920038,3
0.110026,0.0570943,0.0243559,3
