x coord,y coord,z coord,rank
0.132539,0.0881942,0.081148,0
0.0463019,0.0346541,0.094712,0
0.0709687,0.0929487,0.00338956,0
0.218273,0.0916654,0.0627047,0
0.216889,0.0807896,0.0115393,0
0.177365,0.10599,0.0781582,0
0.115187,0.0992104,0.015253,0
0.143961,0.00328714,0.00368844,0
0.170465,0.10703,0.0558959,0
0.0502367,0.00460029,0.103348,0
0.0833367,0.0846984,0.0632463,0
0.106231,0.0991482,0.0274037,0
0.179789,0.106692,0.0305356,0
0.0719127,0.072917,0.00315503,0
0.198333,0.00943808,0.0437532,0
0.107054,0.0879146,0.00728962,0
0.0458995,0.0655678,0.0826355,0
0.201549,0.0175985,0.033856,0
0.0380037,0.0576184,0.0359874,0
0.0531699,0.049294,0.103302,0
0.00856568,0.0418975,0.103082,0
0.051066,0.0781574,0.00819475,0
0.153398,0.0603488,0.000384603,0
0.164182,0.00588191,0.0335856,0
0.111391,0.00544608,0.0132525,0
0.0689723,0.0872131,0.093499,0
0.13076,0.0966074,0.0419465,0
0.205386,0.0888934,0.0213955,0
0.0151023,0.0561284,0.086051,0
0.209693,0.00199183,0.0747437,0
0.220626,0.0716306,0.0500155,0
0.0895265,0.00977196,0.0207417,0
0.00436328,0.0215302,0.046921,0
0.0998882,0.0891723,0.0529875,0
0.205078,0.0535996,0.0545371,0
0.166053,0.0180158,0.0813313,0
0.0307951,0.0580373,0.0422087,0
0.0775189,0.0969415,0.0410435,0
0.111742,0.0313299,0.0139227,0
0.0430164,0.100193,0.0269763,0
0.000676812,0.0238708,0.00204925,0
0.0534789,0.0226282,0.100554,0
0.198624,0.0174654,0.0528398,0
0.0376591,0.0689251,0.0072525,0
0.0125266,0.0286549,0.0447292,0
0.163589,0.0329116,0.101038,0
0.199838,0.0513248,0.0486959,0
0.0570767,0.10685,0.0162163,0
0.0204421,0.0103943,0.0938359,0
0.155293,0.00450612,0.055299,0
0.0949314,0.101463,0.10189,0
0.0615219,0.0100919,0.069116,0
0.104914,0.073131,0.000902827,0
0.0652149,0.065877,0.0135091,0
0.199664,0.106251,0.025489,0
0.131681,0.0264061,0.0514669,0
0.175464,0.109802,0.0705545,0
0.0403852,0.0608175,0.0782046,0
0.172721,0.0419736,0.0232121,0
0.201751,0.0387406,0.0671618,0
0.0422049,0.0211953,0.0887458,0
0.00329393,0.0506859,0.0501347,0
0.158794,0.0662142,0.0872047,0
0.0418609,0.0462339,0.0202505,0
0.116388,0.076236,0.0384249,0
0.0847312,0.0405828,0.0550147,0
0.149723,0.110397,0.0369043,0
0.0903419,0.0806911,0.000517682,0
0.0147359,0.0507061,0.0446119,0
0.219732,0.0252693,0.0760492,0
0.00505088,0.0907096,0.0449518,0
0.04595,0.0554919,0.0026847,0
0.0414157,0.0640078,0.0435606,0
0.0185356,0.0168496,0.109472,0
0.204481,0.0721534,0.0313167,0
0.0390086,0.0700138,0.09815,0
0.210727,0.082344,0.0529337,0
0.212429,0.0555827,0.0621456,0
0.0780106,0.107185,0.00977037,0
0.0806241,0.00935654,0.10742,0
0.139541,0.00938023,0.0402572,0
0.062254,0.0137064,0.0814928,0
0.0436182,0.0666133,0.0712093,0
0.157709,0.0342734,0.00864525,0
0.114573,0.0501136,0.0362853,0
0.0110172,0.107134,0.00661858,0
0.0416189,0.00733083,0.0390767,0
0.115953,0.0791407,0.00475875,0
0.0816402,0.0424297,0.0914714,0
0.0989715,0.0998603,0.110674,0
0.0489319,0.0308999,0.0673266,0
0.00494494,0.0426879,0.102769,0
0.158707,0.042473,0.017181,0
0.184125,0.0440891,0.0487297,0
0.0369726,0.0978755,0.129687,0
0.126728,0.0319664,0.0959005,0
0.104083,0.0511151,0.123393,0
0.15031,0.0133386,0.00815488,0
0.0803395,0.0291358,0.131542,0
0.205962,0.0899583,0.0261805,0
0.0960915,0.0424059,0.133523,0
0.159945,0.0525431,0.0464541,0
0.18186,0.0746484,0.0328458,0
0.174289,0.0361835,0.00794986,0
0.19765,0.0688359,0.0301111,0
0.124089,0.0432588,0.0924908,0
0.209179,0.0849289,0.0921223,0
0.113786,0.0058906,0.0697153,0
0.159404,0.0813537,0.00396864,0
0.172093,0.0916297,0.019651,0
0.114983,0.0453824,0.126041,0
0.146534,0.0345623,0.127601,0
0.128349,0.0483432,0.122344,0
0.190452,0.0589563,0.111963,0
0.116021,0.0819221,0.118714,0
0.119884,0.0781138,0.13023,0
0.192641,0.0362241,0.104757,0
0.144893,0.0770209,0.11553,0
0.190321,0.0362688,0.115143,0
0.139042,0.0429077,0.104963,0
0.173692,0.0962657,0.121981,0
0.208007,0.0809407,0.133194,0
0.159496,0.106539,0.131131,0
0.194641,0.0750557,0.129554,0
0.0838744,0.18191,0.156287,1
0.128086,0.115465,0.191549,1
0.0518835,0.21965,0.148921,1
0.00818882,0.145217,0.189889,1
0.096172,0.167443,0.168476,1
0.0943546,0.177864,0.147958,1
0.11682,0.186469,0.144352,1
0.0811362,0.173923,0.148957,1
0.00956408,0.136805,0.18194,1
0.049236,0.152769,0.157471,1
0.113897,0.134652,0.156144,1
0.0226997,0.195913,0.165749,1
0.0809267,0.157094,0.108212,1
0.0502845,0.224201,0.163522,1
0.0914961,0.147357,0.204811,1
0.0469547,0.161204,0.158112,1
0.0527996,0.217514,0.189884,1
0.0551093,0.139226,0.149186,1
0.0903233,0.168312,0.171363,1
0.128151,0.145036,0.169528,1
0.112244,0.165324,0.178732,1
0.0978622,0.160934,0.211737,1
0.0304816,0.122183,0.1703,1
0.0246422,0.149862,0.211126,1
0.0811427,0.186806,0.218372,1
0.134821,0.160794,0.170824,1
0.0305035,0.119735,0.170502,1
0.209565,0.11908,0.154788,1
0.195728,0.116945,0.221267,1
0.0245542,0.189574,0.169652,1
0.222594,0.111923,0.138076,1
0.106311,0.206371,0.147112,1
0.0948805,0.176608,0.171544,1
0.177978,0.132804,0.211762,1
0.0847516,0.113966,0.167154,1
0.166319,0.159607,0.195371,1
0.190965,0.197511,0.144267,1
0.140133,0.162335,0.143646,1
0.177677,0.209594,0.167184,1
0.104565,0.194761,0.185615,1
0.111373,0.138139,0.200071,1
0.200119,0.15271,0.219748,1
0.223103,0.165945,0.208788,1
0.0898855,0.187344,0.19387,1
0.0886715,0.147449,0.164529,1
0.111955,0.162686,0.194452,1
0.0313013,0.129964,0.165007,1
0.202868,0.202742,0.132195,1
0.201312,0.195485,0.195357,1
0.0354787,0.218483,0.18786,1
0.00188707,0.187742,0.201682,1
0.0831999,0.161346,0.206855,1
0.199195,0.192976,0.219822,1
0.102082,0.183303,0.199481,1
0.0673601,0.192753,0.159278,1
0.21354,0.164048,0.178084,1
0.0699905,0.148856,0.174413,1
0.21775,0.162189,0.137554,1
0.150671,0.125378,0.133803,1
0.125153,0.192731,0.146201,1
0.0146335,0.188034,0.212491,1
0.0631699,0.224655,0.195866,1
0.0344756,0.119864,0.213059,1
0.162422,0.14687,0.173795,1
0.0200426,0.175851,0.151998,1
0.20831,0.187896,0.157875,1
0.0611692,0.110743,0.157539,1
0.216534,0.146586,0.1433,1
0.0110419,0.184661,0.177583,1
0.175803,0.131434,0.11118,1
0.014037,0.157736,0.189081,1
0.0306223,0.116696,0.184064,1
0.200163,0.122143,0.109333,1
0.184999,0.175436,0.134696,1
0.196567,0.157838,0.171793,1
0.0659962,0.135659,0.196535,1
0.00840164,0.191164,0.205098,1
0.123788,0.167024,0.206145,1
0.0737445,0.154246,0.223072,1
0.0263312,0.189301,0.147813,1
0.117836,0.217659,0.126694,1
0.116167,0.167631,0.137974,1
0.0836439,0.200798,0.118853,1
0.191024,0.217993,0.195413,1
0.0534415,0.153767,0.107993,1
0.224429,0.145252,0.201688,1
0.210091,0.219115,0.132202,1
0.215609,0.209136,0.151405,1
0.179137,0.114537,0.178553,1
0.0351994,0.214772,0.12064,1
0.0831709,0.220743,0.127075,1
0.173035,0.166542,0.156105,1
0.183841,0.179472,0.118868,1
0.0544929,0.153873,0.121056,1
0.180842,0.218962,0.188988,1
0.044238,0.144658,0.113869,1
0.115577,0.170456,0.129372,1
0.0163116,0.150381,0.122351,1
0.00124782,0.212394,0.119603,1
0.0829495,0.171587,0.11412,1
0.165587,0.176833,0.145312,1
0.0187442,0.13109,0.110355,1
0.196528,0.110851,0.182599,1
0.0520076,0.145234,0.120742,1
0.0279818,0.167672,0.113963,1
0.199036,0.159626,0.206027,1
0.176235,0.187773,0.158807,1
0.0277808,0.153206,0.119824,1
0.160631,0.202029,0.168962,1
0.183736,0.142295,0.138066,1
0.0411881,0.207973,0.111754,1
0.174513,0.123925,0.113328,1
0.0286671,0.12662,0.124972,1
0.111531,0.143278,0.123487,1
0.165241,0.156159,0.133757,1
0.0964762,0.144455,0.112078,1
0.190236,0.209181,0.124716,1
0.135809,0.158539,0.223115,1
0.10943,0.186489,0.194383,1
0.00057522,0.144224,0.134592,1
0.16397,0.188689,0.183436,1
0.100442,0.145547,0.151132,1
0.0443109,0.137904,0.141913,1
0.0353357,0.159523,0.14457,1
0.144292,0.223482,0.116087,1
0.18456,0.19776,0.107069,1
0.0464802,0.089086,0.214801,2
0.0471382,0.0184124,0.164647,2
0.0429549,0.0880259,0.216342,2
0.0942955,0.0450146,0.205478,2
0.0429377,0.0880883,0.213404,2
0.197063,0.0857987,0.184763,2
0.12581,0.00371928,0.213739,2
0.0478136,0.0918706,0.215863,2
0.13724,0.0244545,0.136795,2
0.0676222,0.0767895,0.141189,2
0.145633,0.093901,0.161822,2
0.115061,0.106307,0.203432,2
0.0590708,0.0218069,0.192974,2
0.0537131,0.0687742,0.168405,2
0.0598697,0.0309196,0.211534,2
0.0474765,0.0937388,0.215225,2
0.047421,0.0912893,0.217967,2
0.218343,0.0799901,0.186488,2
0.0430601,0.092781,0.218152,2
0.129143,0.060738,0.224692,2
0.0401533,0.0919383,0.218977,2
0.0846815,0.036712,0.149211,2
0.208668,0.0677031,0.18625,2
0.0536567,0.0501957,0.184226,2
0.161133,0.0119314,0.146154,2
0.0103458,0.024087,0.175085,2
0.157736,0.0370508,0.149909,2
0.130745,0.0790784,0.198339,2
0.0891259,0.0445038,0.145611,2
0.107869,0.0561468,0.168322,2
0.0470168,0.0359539,0.180267,2
0.177737,0.0258258,0.207012,2
0.0421071,0.0917582,0.211345,2
0.148988,0.0688954,0.155375,2
0.092829,0.0605199,0.181727,2
0.113961,0.000993078,0.186443,2
0.0633795,0.099376,0.148756,2
0.0422282,0.0933944,0.215554,2
0.0341631,0.0921295,0.209537,2
0.0836725,0.0554277,0.210335,2
0.0422644,0.0934649,0.21828,2
0.022152,0.0497273,0.217982,2
0.137207,0.068875,0.204676,2
0.0467752,0.0901232,0.209482,2
0.0463481,0.0859097,0.214817,2
0.0414649,0.0157498,0.220672,2
0.220507,0.1083,0.201368,2
0.0443094,0.0909152,0.210981,2
0.107043,0.00569075,0.191017,2
0.0931418,0.0345499,0.183106,2
0.0446843,0.0873333,0.215298,2
0.151124,0.0249714,0.193416,2
0.103982,0.0839807,0.165997,2
0.173631,0.0679561,0.219011,2
0.0465029,0.0958349,0.208394,2
0.167026,0.00835709,0.199316,2
0.152848,0.0256104,0.186032,2
0.170122,0.0811925,0.208631,2
0.0167661,0.0212194,0.15213,2
0.135708,0.0569316,0.193363,2
0.0432948,0.0239606,0.203837,2
0.139911,0.0568128,0.196808,2
0.0468022,0.0895976,0.215629,2
0.177789,0.00374744,0.188549,2
0.126366,0.0305959,0.170698,2
0.191682,0.0701648,0.200792,2
0.213852,0.0850961,0.162074,2
0.205627,0.0649554,0.220791,2
0.165506,0.0632491,0.162701,2
0.2094,0.089134,0.221632,2
0.043626,0.0933447,0.212658,2
0.150478,0.0176754,0.205168,2
0.209202,0.0558006,0.191266,2
0.166863,0.0506966,0.182525,2
0.0413458,0.0939413,0.213748,2
0.0447808,0.0965401,0.212217,2
0.0140132,0.0448469,0.144916,2
0.115092,0.000366862,0.184702,2
0.14568,0.0505538,0.144911,2
0.0438336,0.0916452,0.215683,2
0.180007,0.0264963,0.208861,2
0.17039,0.0580004,0.173468,2
0.0703796,0.0552918,0.218311,2
0.0487685,0.0913463,0.215248,2
0.0454947,0.0957042,0.214372,2
0.105734,0.104639,0.16955,2
0.0318633,0.0626653,0.148704,2
0.0487878,0.0930701,0.218238,2
0.0415527,0.0936841,0.214584,2
0.0441501,0.0895266,0.219955,2
0.0912161,0.044155,0.205362,2
0.0393858,0.0890531,0.216725,2
0.0865828,0.0463211,0.208341,2
0.0478219,0.0875747,0.213345,2
0.0423948,0.0901766,0.214319,2
0.0509202,0.0904393,0.211298,2
0.0408144,0.0842856,0.217991,2
0.0560897,0.00836506,0.196087,2
0.0505704,0.0759065,0.220156,2
0.0457825,0.0938966,0.213575,2
0.129703,0.0310198,0.139758,2
0.123374,0.061054,0.166565,2
0.0416529,0.0872728,0.216902,2
0.0714728,0.00945063,0.173546,2
0.157394,0.0458999,0.14489,2
0.0745239,0.109389,0.162125,2
0.0431275,0.0854139,0.216552,2
0.0494446,0.0198064,0.186997,2
0.0447021,0.0989881,0.167872,2
0.0884143,0.0838272,0.222178,2
0.0873844,0.00890448,0.136721,2
0.0515101,0.0402083,0.179627,2
0.0454428,0.0872655,0.217163,2
0.16805,0.00832545,0.174542,2
0.109741,0.0229253,0.219659,2
0.0417997,0.0882449,0.21822,2
0.0426012,0.0928954,0.212888,2
0.0415577,0.0894038,0.21666,2
0.0466799,0.0927726,0.220252,2
0.0682939,0.0641576,0.199201,2
0.0410064,0.093052,0.211826,2
0.0442055,0.0872756,0.215492,2
0.0463249,0.0937289,0.212949,2
0.0732328,0.11029,0.189057,2
0.0984727,0.110229,0.155968,2
0.14715,0.100494,0.134609,2
0.145873,0.120447,0.102332,3
0.145168,0.116039,0.0959571,3
0.212625,0.117557,0.0381419,3
0.175537,0.134833,0.0954466,3
0.161393,0.138903,0.0571229,3
0.121629,0.214038,0.0980956,3
0.115821,0.186583,0.0164115,3
0.222761,0.209667,0.0877393,3
0.203307,0.20452,0.104156,3
0.124708,0.11989,0.0850577,3
0.144414,0.219571,0.0237538,3
0.120524,0.210611,0.0307895,3
0.104831,0.113571,0.102206,3
0.188971,0.139666,0.0384977,3
0.221436,0.14959,0.0894237,3
0.180874,0.111103,0.0644776,3
0.184483,0.12922,0.0955691,3
0.167169,0.150756,0.0525465,3
0.159509,0.143316,0.0339677,3
0.169594,0.213036,0.100879,3
0.184089,0.128989,0.00356589,3
0.122559,0.112806,0.073403,3
0.162051,0.179657,0.038733,3
0.142625,0.131006,0.101947,3
0.0930502,0.213702,0.0477908,3
0.104574,0.166136,0.0597446,3
0.155117,0.190757,0.0396793,3
0.132405,0.181935,0.0795257,3
0.00420634,0.143888,0.0251651,3
0.144044,0.198946,0.0407224,3
0.129097,0.181971,0.041898,3
0.216317,0.191646,0.00131766,3
0.121407,0.156774,0.0590477,3
0.0574574,0.142964,0.0296889,3
0.0769801,0.134789,0.0477844,3
0.169217,0.216265,0.0764273,3
0.126387,0.144545,0.0322901,3
0.0877335,0.140518,0.0938304,3
0.174718,0.146719,0.0148093,3
0.223134,0.170107,0.0933721,3
0.0504767,0.154995,0.0471155,3
0.146991,0.137237,0.038174,3
0.179649,0.165146,0.00019725,3
0.138009,0.160222,0.0437874,3
0.215196,0.174022,0.0592972,3
0.206649,0.115861,0.0527327,3
0.186374,0.188723,0.0315968,3
0.181268,0.153767,0.0369105,3
0.150711,0.152013,0.0239093,3
0.0640348,0.220921,0.0828101,3
0.0817155,0.217218,0.034242,3
0.154586,0.209446,0.0217797,3
0.146693,0.168573,0.0777533,3
0.071719,0.179505,0.00524587,3
0.119196,0.116596,0.0945592,3
0.217924,0.160414,0.0283108,3
0.161759,0.172724,0.000742909,3
0.161004,0.222363,0.103477,3
0.191379,0.192902,0.023631,3
0.195018,0.121247,0.0684595,3
0.00665834,0.218728,0.0845657,3
0.0934613,0.151331,0.076662,3
0.0716353,0.186277,0.0024172,3
0.080509,0.168648,0.00999801,3
0.0498257,0.158454,0.00467037,3
0.197222,0.121114,0.0641314,3
0.207485,0.188474,0.0548395,3
0.143731,0.176347,0.0457338,3
0.108052,0.120951,0.0974794,3
0.0336977,0.220692,0.0905583,3
0.124902,0.16408,0.0457617,3
0.0238945,0.127731,0.041058,3
0.02977,0.128356,0.0863807,3
0.137759,0.123096,0.0499937,3
0.213931,0.117853,0.0532262,3
0.154607,0.137482,0.0754292,3
0.0469343,0.130923,0.0564189,3
0.00997908,0.210282,0.0779634,3
0.0229284,0.140256,0.0688494,3
0.070724,0.222137,0.041341,3
0.0614447,0.141238,0.0320946,3
0.217974,0.192163,0.0748722,3
0.217992,0.130472,0.0239484,3
0.157617,0.135092,0.0236407,3
0.0564106,0.130657,0.0812623,3
0.0797205,0.186799,0.0231453,3
0.00463156,0.17452,0.0811763,3
0.0489193,0.211028,0.0102566,3
0.109978,0.17625,0.00189221,3
0.135968,0.129864,0.0559404,3
0.149619,0.14026,0.0494958,3
0.00838342,0.122982,0.0176632,3
0.0922695,0.136452,0.0614261,3
0.0299382,0.172223,0.0718809,3
0.162383,0.148839,0.0415146,3
0.207322,0.156262,0.075768,3
0.0919021,0.150883,0.0816479,3
0.0859545,0.162768,0.00922257,3
0.0385502,0.187574,0.0993374,3
0.169967,0.131124,0.0540682,3
0.147996,0.210996,0.00904385,3
0.0123027,0.112299,0.0143968,3
0.104621,0.210261,0.0295094,3
0.137869,0.160766,0.0907961,3
0.151135,0.158487,0.0538852,3
0.0191273,0.21,0.0394192,3
0.00690046,0.129798,0.0737336,3
0.109227,0.185563,0.0515115,3
0.214844,0.198393,0.0719445,3
0.00494689,0.205322,0.0589264,3
0.0418361,0.117463,0.0891285,3
0.114342,0.126497,0.0356487,3
0.0658059,0.11806,0.0346182,3
0.0343869,0.150028,0.00944284,3
0.156115,0.20414,0.0252588,3
0.175693,0.172821,0.000360252,3
0.215432,0.204262,0.0526952,3
0.0177705,0.122718,0.0696049,3
0.0359749,0.126581,0.0100028,3
0.143113,0.110792,0.0625177,3
0.0813091,0.216492,0.037617,3
0.206342,0.121855,0.0240944,3
0.10287,0.113694,0.0766858,3
0.0523918,0.149168,0.0249977,3
