x coord,y coord,z coord,rank
0.195285,0.13867,0.0509053,0
0.0622161,0.164702,0.0665595,0
0.0160404,0.191984,0.0521118,0
0.0486073,0.165141,0.0431243,0
0.101865,0.145037,0.043026,0
0.0567933,0.126267,0.000795054,0
0.0418239,0.126002,0.0225741,0
0.00900145,0.191314,0.0477451,0
0.014067,0.195885,0.0445129,0
0.040943,0.221188,0.00888067,0
0.0835985,0.215527,0.0449081,0
0.0484654,0.220704,0.0735353,0
0.0172659,0.190882,0.0513329,0
0.00633523,0.223467,0.0340079,0
0.148023,0.17214,0.0670205,0
0.00795382,0.194104,0.0744914,0
0.0770721,0.161685,0.0112577,0
0.177959,0.170552,0.0463827,0
0.161954,0.148297,0.0630664,0
0.0134287,0.193806,0.0438674,0
0.0139436,0.189489,0.0494767,0
0.0222189,0.123651,0.0414343,0
0.140491,0.178356,0.0184922,0
0.0120052,0.195252,0.0503668,0
0.0761375,0.177991,0.0157603,0
0.0152673,0.193365,0.0505837,0
0.0297985,0.135831,0.0592932,0
0.126298,0.193845,0.0578052,0
0.133601,0.205847,0.0164656,0
0.0503372,0.187129,0.0217473,0
0.0112473,0.190041,0.0465609,0
0.0144903,0.189794,0.0443571,0
0.0871982,0.19584,0.0494987,0
0.0193402,0.192611,0.048991,0
0.103962,0.16409,0.0204304,0
0.0192972,0.193041,0.0478949,0
0.0150633,0.191304,0.0428675,0
0.0909854,0.136751,0.0286007,0
0.140548,0.125957,0.000516555,0
0.0399181,0.127509,0.00824725,0
0.0558618,0.21639,0.0280031,0
0.127235,0.187308,0.026387,0
0.183324,0.169918,0.0127268,0
0.016358,0.144815,0.0351008,0
0.015769,0.191727,0.0520155,0
0.000849701,0.148913,0.0332398,0
0.0126655,0.194007,0.0431496,0
0.0118279,0.194026,0.0479668,0
0.0161485,0.191772,0.0463414,0
0.0151764,0.190815,0.0448467,0
0.116711,0.214185,0.0632599,0
0.208654,0.218649,0.0815323,0
0.0599162,0.191396,0.0497708,0
0.0100851,0.191501,0.0456806,0
0.0114855,0.193225,0.045416,0
0.0104483,0.198335,0.0455887,0
0.0145819,0.189866,0.0507793,0
0.0148766,0.190323,0.0528425,0
0.0798251,0.188802,0.0266278,0
0.140042,0.171017,0.0419487,0
0.0655496,0.200739,0.0202494,0
0.0168943,0.187774,0.0462332,0
0.0157076,0.195526,0.0461112,0
0.0158915,0.189164,0.0494137,0
0.012874,0.197272,0.0464195,0
0.0122844,0.196884,0.0452171,0
0.0167742,0.19323,0.0518232,0
0.0803793,0.1275,0.0715086,0
0.167016,0.222983,0.00341707,0
0.0117594,0.195309,0.0453355,0
0.0117935,0.195636,0.0490612,0
0.220986,0.193545,0.0865356,0
0.010985,0.191183,0.0492119,0
0.00574164,0.161316,0.0586724,0
0.201677,0.177099,0.0443312,0
0.191634,0.215239,0.0184133,0
0.0116824,0.195477,0.0438936,0
0.0175699,0.192594,0.0496346,0
0.0107594,0.194448,0.0456815,0
0.180424,0.158811,0.040346,0
0.0118581,0.192729,0.0478682,0
0.0154271,0.194394,0.0495426,0
0.0296148,0.211377,0.0816012,0
0.0143239,0.187651,0.0438063,0
0.144744,0.126995,0.0683489,0
0.0933144,0.220647,0.060919,0
0.0116762,0.192341,0.0481103,0
0.198792,0.189509,0.0807338,0
0.209622,0.144858,0.01852,0
0.0137919,0.194153,0.0467207,0
0.0120165,0.186923,0.0479181,0
0.0957777,0.13717,0.0116007,0
0.0493651,0.187885,0.0123647,0
0.0929829,0.223944,0.0255644,0
0.213522,0.138545,0.0104251,0
0.172211,0.137827,0.0821169,0
0.0154149,0.192105,0.0478732,0
0.0107539,0.191559,0.0472722,0
0.0606718,0.138094,0.0677195,0
0.165959,0.18944,0.00826193,0
0.224937,0.162287,0.00603283,0
0.0599602,0.195697,0.0458603,0
0.0154173,0.188824,0.0477414,0
0.189929,0.194898,0.0377498,0
0.0452883,0.199007,0.0149008,0
0.200341,0.165609,0.0828726,0
0.190404,0.125702,0.0266663,0
0.0547078,0.206383,0.0748532,0
0.0627021,0.141567,0.0476114,0
0.215405,0.176497,0.0185453,0
0.0109548,0.1936,0.0458185,0
0.0165145,0.191049,0.052753,0
0.00724389,0.192811,0.0493893,0
0.0152862,0.193423,0.0509639,0
0.207891,0.133051,0.022523,0
0.222001,0.192577,0.0700514,0
0.0133042,0.188803,0.0488427,0
0.0278558,0.194953,0.0364402,0
0.168901,0.141302,0.0710453,0
0.0483384,0.167788,0.0390359,0
0.0143335,0.144422,0.0149658,0
0.0710191,0.190638,0.0702657,0
0.196946,0.145612,0.0498838,0
0.214052,0.169861,0.0837044,0
0.153176,0.123926,0.0819545,0
0.178424,0.122531,0.0351529,0
0.0972261,0.0582799,0.0739373,1
0.00264777,0.0120294,0.0723661,1
0.0513776,0.0875585,0.0414076,1
0.20993,0.114138,0.0700924,1
0.18114,0.111244,0.110736,1
0.17042,0.105813,0.104485,1
0.125726,0.0291031,0.11567,1
0.0928614,0.075914,0.0260296,1
0.0786205,0.066375,0.0843977,1
0.156511,0.106562,0.11269,1
0.0848266,0.0954362,0.1067,1
0.191218,0.106522,0.0756607,1
0.186207,0.0881877,0.114127,1
0.0138839,0.0616814,0.0956434,1
0.0222837,0.0971604,0.0855128,1
0.066977,0.0412778,0.05995,1
0.101797,0.0256006,0.0800182,1
0.131168,0.120989,0.0108938,1
0.113179,0.108345,0.0983322,1
0.0901192,0.0710277,0.106724,1
0.124959,0.119766,0.0934211,1
0.152661,0.038407,0.114036,1
0.0729152,0.020745,0.068891,1
0.165508,0.120537,0.0215722,1
0.122279,0.0509445,0.11111,1
0.0207047,0.0908751,0.103345,1
0.0757085,0.0296747,0.0160452,1
0.0964079,0.0633178,0.0801554,1
0.103032,0.0338081,0.113665,1
0.0715934,0.058694,0.0167881,1
0.0849814,0.100401,0.105214,1
0.028268,0.00509771,0.0127044,1
0.115127,0.00565848,0.104862,1
0.0575629,0.0500597,0.0486606,1
0.121174,0.0897785,0.0840303,1
0.0850847,0.048352,0.0042675,1
0.189025,0.103939,0.062611,1
0.0962432,0.091904,0.0693535,1
0.171715,0.099167,0.0953822,1
0.188797,0.0415527,0.0618118,1
0.00702242,0.00776153,0.038904,1
0.000341741,0.00910602,0.0713511,1
0.0313223,0.00727085,0.110594,1
0.215466,0.0900195,0.0728882,1
0.00860257,0.119981,0.00640706,1
0.015443,0.058126,0.0275775,1
0.158294,0.0731647,0.0854162,1
0.0427758,0.01748,0.0268914,1
0.0835522,0.0481227,0.00312708,1
0.183108,0.0192951,0.109599,1
0.000889375,0.0117933,0.0840717,1
0.072811,0.0525703,0.0632498,1
0.203611,0.000664291,0.0828384,1
0.0300381,0.0210831,0.00285155,1
0.00854522,0.0330786,0.0673594,1
0.170446,0.0789946,0.0479565,1
0.0462352,0.0610543,0.062592,1
0.146791,0.0601967,0.0400306,1
0.177296,0.0104029,0.0176345,1
0.0563166,0.0657046,0.0336099,1
0.147062,0.117705,0.0104111,1
0.0257556,0.107409,0.0111148,1
0.17829,0.045967,0.02776,1
0.0482938,0.0514848,0.0709277,1
0.00636427,0.0857092,0.116339,1
0.0350351,0.0794005,0.0998213,1
0.208872,0.00224696,0.00667049,1
0.179005,0.104987,0.058418,1
0.0527812,0.064244,0.0407705,1
0.128639,0.0636904,0.0489482,1
0.223536,0.0155615,0.0373814,1
0.173791,0.00477677,0.058248,1
0.125829,0.040192,0.00955533,1
0.0149912,0.0424213,0.0819719,1
0.0204486,0.112921,0.0559405,1
0.122422,0.0667155,0.105743,1
0.0976828,0.00871827,0.014945,1
0.197003,0.0130727,0.0771136,1
0.152716,0.070075,0.00621569,1
0.155701,0.021292,0.0553799,1
0.108444,0.083028,0.104127,1
0.104216,0.0283434,0.0144326,1
0.0815205,0.0905562,0.0847808,1
0.219242,0.0253293,0.0779939,1
0.163799,0.0955913,0.0835471,1
0.189911,0.104935,0.0993643,1
0.204703,0.0144614,0.0465598,1
0.0168709,0.0133449,0.0896236,1
0.21124,0.0990424,0.101507,1
0.154111,0.0382553,0.00498954,1
0.0580074,0.112792,0.0342484,1
0.19096,0.0188113,0.0245022,1
0.219466,0.0977195,0.0172525,1
0.19456,0.0585251,0.0519066,1
0.198981,0.00300828,0.0960075,1
0.1761,0.0561663,0.0334276,1
0.158028,0.036737,0.0857656,1
0.20423,0.0656237,0.0810046,1
0.16472,0.00184628,0.0873656,1
0.100664,0.0899809,0.0330937,1
0.188634,0.0811608,0.0893147,1
0.146856,0.0115312,0.00464415,1
0.113557,0.0482831,0.0201686,1
0.22047,0.093485,0.0600826,1
0.166834,0.0384854,0.0850332,1
0.0666371,0.00298454,0.0688875,1
0.120996,0.0919764,0.00343158,1
0.192438,0.0239782,0.0115671,1
0.204349,0.0443945,0.000777723,1
0.138584,0.00977719,0.0288642,1
0.167845,0.0612524,0.0912158,1
0.0388629,0.0518512,0.014601,1
0.209372,0.0840337,0.0995988,1
0.190277,0.104094,0.0105969,1
0.160193,0.0995257,0.0830993,1
0.00480283,0.060267,0.0893668,1
0.127503,0.024292,0.00674292,1
0.211672,0.0587017,0.0623219,1
0.0941518,0.0386489,0.000456575,1
0.149452,0.0022036,0.0610984,1
0.0996157,0.0864388,0.0144642,1
0.124507,0.0303148,0.0961999,1
0.0398359,0.0707675,0.0368279,1
0.0324139,0.0716041,0.100694,1
0.0815439,0.0973689,0.0940156,1
0.0967891,0.0426495,0.136556,2
0.142808,0.00628419,0.197578,2
0.126134,0.0209421,0.187598,2
0.129513,0.0890784,0.174085,2
0.1435,0.113975,0.15402,2
0.0649233,0.0519267,0.212592,2
0.215618,0.0618062,0.171275,2
0.165355,0.0751127,0.154907,2
0.124211,0.0189327,0.117707,2
0.0928658,0.0247331,0.169744,2
0.185898,0.0175755,0.185544,2
0.0284495,0.0387342,0.206987,2
0.209408,0.0317709,0.159618,2
0.144488,0.0685753,0.132121,2
0.133476,0.107552,0.184382,2
0.152434,0.0217328,0.193773,2
0.201193,0.0335836,0.181478,2
0.208227,0.113664,0.161896,2
0.0979515,0.0634449,0.152864,2
0.105544,0.000609174,0.148716,2
0.164684,0.0476227,0.118615,2
0.0452915,0.0797177,0.138001,2
0.171433,0.00514064,0.127629,2
0.0219264,0.091654,0.183226,2
0.186094,0.00117682,0.153301,2
0.0329948,0.0652712,0.118862,2
0.10352,0.00917379,0.177954,2
0.0280571,0.00770791,0.169687,2
0.215476,0.0489698,0.168126,2
0.100387,0.0641641,0.206593,2
0.0957722,0.106666,0.180717,2
0.0448088,0.0388854,0.123988,2
0.134736,0.0693826,0.146749,2
0.143924,0.0677589,0.219392,2
0.0672,0.0278148,0.162475,2
0.169091,0.0346316,0.129267,2
0.102315,0.0732161,0.175716,2
0.196743,0.0689477,0.120157,2
0.0833748,0.0228429,0.13837,2
0.0562929,0.0305381,0.223005,2
0.0763432,0.100079,0.137385,2
0.15251,0.0619168,0.197197,2
0.0109777,0.0175977,0.125496,2
0.149412,0.0310928,0.203983,2
0.00486469,0.0411644,0.139453,2
0.00179798,0.0963684,0.163695,2
0.0956913,0.00700285,0.219816,2
0.0521956,0.0844176,0.134555,2
0.161114,0.0917648,0.207965,2
0.0593209,0.0534443,0.135095,2
0.0258562,0.10228,0.156708,2
0.045435,0.0303074,0.185242,2
0.190326,0.0751618,0.124322,2
0.0646198,0.0455891,0.159747,2
0.140413,0.0491432,0.198762,2
0.185828,0.00339985,0.189358,2
0.0328141,0.0270044,0.220186,2
0.0547432,0.089714,0.212244,2
0.0902881,0.0959482,0.185434,2
0.0574539,0.0562436,0.116434,2
0.17401,0.0839863,0.224254,2
0.0513895,0.0745681,0.19086,2
0.0889276,0.0640133,0.213219,2
0.0717253,0.0613048,0.11772,2
0.0424849,0.0326847,0.155853,2
0.0163008,0.0984642,0.127288,2
0.174432,0.0267706,0.213866,2
0.0360522,0.0254022,0.144587,2
0.00354799,0.00775016,0.123399,2
0.194793,0.00328105,0.193475,2
0.204717,0.0573155,0.14212,2
0.0946024,0.108136,0.190942,2
0.0993129,0.0905535,0.183546,2
0.197822,0.0812285,0.140232,2
0.145055,0.0920203,0.129648,2
0.171888,0.0553481,0.198603,2
0.0772087,0.103583,0.139278,2
0.224156,0.0320082,0.143972,2
0.0701833,0.0909001,0.209524,2
0.17076,0.0708714,0.151271,2
0.00312251,0.0650963,0.142384,2
0.224122,0.0657552,0.147166,2
0.0871027,0.0717638,0.138642,2
0.13847,0.103162,0.150804,2
0.0600874,0.111466,0.162869,2
0.205673,0.0314388,0.141952,2
0.126176,0.0796747,0.130875,2
0.105149,0.0764621,0.158894,2
0.0281692,0.0398357,0.190315,2
0.116879,0.0472009,0.211263,2
0.187138,0.0153528,0.139975,2
0.0127132,0.0852728,0.223563,2
0.110083,0.0898773,0.129806,2
0.0572732,0.0424366,0.205199,2
0.0174849,0.00488835,0.149417,2
0.0882581,0.0731183,0.148199,2
0.104885,0.078863,0.11673,2
0.179185,0.060406,0.212323,2
0.0696846,0.071465,0.134007,2
0.196126,0.0350385,0.190701,2
0.0367079,0.114265,0.138611,2
0.0892835,0.0713875,0.134718,2
0.0291864,0.100962,0.171876,2
0.204616,0.00821352,0.153758,2
8.75859e-05,0.115847,0.169799,2
0.20706,0.0594566,0.182239,2
0.136285,0.0531988,0.223675,2
0.173289,0.10159,0.203782,2
0.202224,0.091839,0.215654,2
0.103667,0.0227705,0.186237,2
0.0849588,0.0227009,0.145177,2
0.15594,0.0797363,0.133209,2
0.0511238,0.0503356,0.205071,2
0.214585,0.0826445,0.193929,2
0.0984077,0.08253,0.144765,2
0.188115,0.0135727,0.163297,2
0.199698,0.0586395,0.151601,2
0.1422,0.0295189,0.18597,2
0.123119,0.0809774,0.166278,2
0.0082236,0.0462651,0.184068,2
0.0434972,0.105574,0.212995,2
0.119541,0.00320223,0.116986,2
0.0498862,0.12966,0.0985198,3
0.194792,0.153087,0.207752,3
0.172894,0.134811,0.0993935,3
0.0324595,0.148171,0.197823,3
0.204796,0.126481,0.204081,3
0.173641,0.144218,0.197196,3
0.209329,0.143225,0.176237,3
0.0843783,0.16522,0.190312,3
0.176025,0.196622,0.118146,3
0.074538,0.140572,0.163878,3
0.221608,0.123302,0.0963789,3
0.022008,0.18617,0.106374,3
0.0950466,0.122288,0.191861,3
0.149094,0.221955,0.127389,3
0.051107,0.130705,0.105107,3
0.181773,0.202258,0.184016,3
0.0567152,0.147355,0.0957743,3
0.182696,0.219827,0.183293,3
0.110739,0.21139,0.0895927,3
0.132782,0.133462,0.204036,3
0.211928,0.138532,0.187791,3
0.128995,0.142132,0.150077,3
0.16858,0.20846,0.149804,3
0.0346634,0.220666,0.0918771,3
0.14599,0.189094,0.100529,3
0.198147,0.194342,0.154307,3
0.197563,0.196924,0.0958318,3
0.0760717,0.170257,0.107655,3
0.144588,0.194727,0.10034,3
0.19053,0.170932,0.0924577,3
0.0917459,0.126824,0.118197,3
0.0962804,0.130077,0.161731,3
0.119015,0.165302,0.108924,3
0.160842,0.125861,0.191891,3
0.145201,0.217576,0.177043,3
0.10394,0.16004,0.210548,3
0.127394,0.181904,0.171789,3
0.0832222,0.168601,0.217454,3
0.144898,0.184853,0.122195,3
0.0973585,0.223919,0.134312,3
0.206085,0.146651,0.170416,3
0.167675,0.191414,0.111728,3
0.0934417,0.184252,0.13662,3
0.148215,0.193564,0.139074,3
0.166644,0.215513,0.132365,3
0.168227,0.199243,0.132764,3
0.132913,0.196468,0.114766,3
0.0365702,0.215079,0.155576,3
0.0773343,0.196536,0.164037,3
0.0340829,0.189736,0.155918,3
0.0379906,0.1519,0.142694,3
0.0632906,0.217036,0.152628,3
0.112691,0.140479,0.200613,3
0.155769,0.14705,0.204585,3
0.116267,0.200455,0.218552,3
0.0764699,0.171379,0.105108,3
0.161262,0.14068,0.193111,3
0.134821,0.127466,0.127994,3
0.025358,0.160357,0.126229,3
0.0279991,0.134139,0.182925,3
0.21602,0.166219,0.174758,3
0.108648,0.166549,0.153036,3
0.201708,0.16747,0.174828,3
0.120278,0.130215,0.215451,3
0.0760767,0.223799,0.0993245,3
0.0702324,0.152352,0.162544,3
0.114719,0.167827,0.189521,3
0.0308309,0.197047,0.136633,3
0.0929865,0.194826,0.174888,3
0.0984703,0.199019,0.157243,3
0.195274,0.172472,0.189235,3
0.0510843,0.167811,0.186564,3
0.2166,0.164102,0.0928089,3
0.000228555,0.158784,0.185533,3
0.0519988,0.18305,0.219682,3
0.217078,0.137114,0.103022,3
0.0327521,0.165582,0.180468,3
0.0484674,0.201805,0.098095,3
0.00812419,0.221333,0.214482,3
0.183413,0.202854,0.109685,3
0.224146,0.189665,0.217349,3
0.169098,0.156528,0.191246,3
0.0589718,0.221975,0.188854,3
0.195968,0.191157,0.139481,3
0.0803081,0.223559,0.137499,3
0.162771,0.13128,0.204251,3
0.0147728,0.21001,0.0997431,3
0.067171,0.148756,0.215675,3
0.0942906,0.138109,0.134121,3
0.131328,0.147539,0.188086,3
0.0297876,0.122066,0.153686,3
0.112941,0.167258,0.188209,3
0.0393826,0.179108,0.211826,3
0.138514,0.218103,0.190498,3
0.082654,0.1683,0.13736,3
0.142474,0.167288,0.14779,3
0.0405944,0.127777,0.198351,3
0.175898,0.136191,0.107484,3
0.152422,0.144352,0.120026,3
0.211035,0.182401,0.196621,3
0.0417659,0.210094,0.149043,3
0.0421903,0.157723,0.122146,3
0.135255,0.183689,0.124136,3
0.151703,0.182827,0.106806,3
0.12179,0.18471,0.173677,3
0.162223,0.132677,0.186011,3
0.115896,0.188077,0.129964,3
0.018265,0.212891,0.139961,3
0.215602,0.131846,0.112927,3
0.20176,0.13844,0.15316,3
0.0129639,0.156799,0.0928903,3
0.139823,0.218573,0.14593,3
0.143317,0.224021,0.147793,3
0.207333,0.21355,0.125465,3
0.129274,0.136497,0.210214,3
0.190061,0.219199,0.135549,3
0.117885,0.133704,0.112568,3
0.106871,0.142327,0.0939951,3
0.197228,0.193824,0.200374,3
0.201453,0.20107,0.120023,3
0.146149,0.150919,0.109043,3
0.219008,0.163341,0.0887144,3
0.204748,0.178683,0.0967558,3
0.0782309,0.125052,0.217411,3
0.147015,0.153374,0.0963923,3
0.0573672,0.139185,0.0938859,3
0.183558,0.160258,0.0873949,3
