x coord,y coord,z coord,rank
0.133734,0.134473,0.0823364,0
0.10792,0.107833,0.0312435,0
0.19744,0.216813,0.0978719,0
0.164615,0.205103,0.0596038,0
0.138355,0.175183,0.0388147,0
0.155592,0.127543,0.0127255,0
0.150267,0.109818,0.022836,0
0.114703,0.144861,0.0398437,0
0.146227,0.0622205,0.0937463,0
0.11144,0.0188036,0.0333078,0
0.193325,0.223321,0.0957915,0
0.145762,0.00614717,0.0405083,0
0.130531,0.154992,0.0347521,0
0.124035,0.0598798,0.0311438,0
0.213672,0.0698003,0.0504211,0
0.119896,0.102485,0.00785602,0
0.191893,0.116898,0.0072726,0
0.183465,0.0384191,0.00549569,0
0.156599,0.10576,0.0913725,0
0.218802,0.221445,0.0776877,0
0.161654,0.139957,0.0256269,0
0.176493,0.0732743,0.0879304,0
0.125809,0.18496,0.00285353,0
0.184998,0.0183265,0.00220893,0
0.187649,0.0509529,0.010734,0
0.158566,0.133889,0.0290637,0
0.111004,0.218058,0.0209033,0
0.161598,0.0767017,0.0438747,0
0.172587,0.216995,0.0413769,0
0.210408,0.0465911,0.0623863,0
0.13257,0.0409524,0.0268497,0
0.198379,0.0337288,0.0704918,0
0.208631,0.178618,0.0714986,0
0.170635,0.14732,0.048243,0
0.220062,0.0707082,0.0414442,0
0.214894,0.0178818,0.0542597,0
0.126817,0.18467,0.00387913,0
0.198333,0.139166,0.00354169,0
0.196114,0.00746156,0.080024,0
0.146846,0.149941,0.0381795,0
0.141556,0.198805,0.00402299,0
0.216894,0.195338,0.0329036,0
0.187606,0.115437,0.000986353,0
0.180357,0.0256625,0.0191451,0
0.14654,0.106073,0.0566377,0
0.193823,0.06675,0.0593099,0
0.120799,0.101082,0.0834008,0
0.172408,0.0907434,0.0432003,0
0.192185,0.201966,0.0458051,0
0.123059,0.0106216,0.0336918,0
0.107,0.187363,0.0362921,0
0.114838,0.141448,0.0640458,0
0.164085,0.210014,0.0128846,0
0.189142,0.131625,0.0769327,0
0.186038,0.0101495,0.0879756,0
0.205878,0.126213,0.00327974,0
0.152521,0.0538509,0.0273057,0
0.154208,0.196212,0.026157,0
0.12044,0.141928,0.0945952,0
0.160326,0.00160296,0.0616578,0
0.196555,0.159807,0.0717373,0
0.196951,0.185615,0.05925,0
0.147698,0.145603,0.0398186,0
0.169205,0.0399374,0.100126,0
0.14894,0.0759811,0.0544274,0
0.220625,0.144093,0.0973878,0
0.2001,0.0968778,0.0416224,0
0.189787,0.157983,0.0263487,0
0.194021,0.223687,0.0863519,0
0.195355,0.06598,0.0423737,0
0.143048,0.0279109,0.0165005,0
0.190033,0.129078,0.0793858,0
0.222947,0.215304,0.0243822,0
0.118825,0.127061,0.0682344,0
0.145358,0.19052,0.0723566,0
0.224197,0.216825,0.0143875,0
0.123371,0.0864917,0.049988,0
0.196683,0.119931,0.0657194,0
0.13563,0.213901,0.0296067,0
0.136256,0.154121,0.0945773,0
0.164767,0.107085,0.018298,0
0.133315,0.164886,0.00930184,0
0.168764,0.128713,0.0914032,0
0.205471,0.00152658,0.0481841,0
0.20304,0.130464,0.0405468,0
0.211602,0.221405,0.0666443,0
0.139533,0.20226,0.0405561,0
0.128514,0.18094,0.0332912,0
0.160789,0.204081,0.0835642,0
0.18792,0.0496003,0.0599804,0
0.146036,0.207498,0.0804416,0
0.189777,0.167818,0.0919041,0
0.206697,0.0190778,0.0547198,0
0.192175,0.106758,0.0342593,0
0.108964,0.0856155,0.0391668,0
0.179965,0.202822,0.0271785,0
0.175364,0.132262,0.0960671,0
0.205172,0.117667,0.0573842,0
0.221862,0.147074,0.0836232,0
0.104218,0.218152,0.0961473,0
0.166574,0.173614,0.024021,0
0.124963,0.0308099,0.0230628,0
0.130151,0.0830732,0.020188,0
0.191594,0.193883,0.0443354,0
0.117407,0.02315,0.0340567,0
0.162337,0.161436,0.076938,0
0.104443,0.210441,0.0373415,0
0.122656,0.0781489,0.0321161,0
0.128843,0.0985556,0.0475803,0
0.109337,0.215593,0.0175106,0
0.128309,0.0409078,0.0286279,0
0.12503,0.0969266,0.0837707,0
0.18044,0.00955579,0.050214,0
0.105955,0.0697234,0.0751494,0
0.108381,0.027638,0.028479,0
0.133247,0.0694951,0.0167893,0
0.108007,0.192198,0.0329875,0
0.121016,0.00670163,0.00729987,0
0.140236,0.0957927,0.0154448,0
0.106687,0.156614,0.10045,0
0.116087,0.221824,0.0665301,0
0.178534,0.116365,0.0982809,0
0.103414,0.213648,0.0148294,0
0.127243,0.110977,0.048598,0
0.136186,0.106759,0.115373,1
0.19505,0.114732,0.116524,1
0.131372,0.119497,0.182814,1
0.170385,0.120232,0.103963,1
0.200516,0.221757,0.137336,1
0.196518,0.0776246,0.11066,1
0.217679,0.112728,0.182385,1
0.134755,0.186377,0.109792,1
0.173687,0.165495,0.154826,1
0.141382,0.150729,0.176572,1
0.162202,0.189179,0.189018,1
0.107321,0.0405102,0.120514,1
0.221031,0.155939,0.163778,1
0.19373,0.0953161,0.11198,1
0.216708,0.00927185,0.108326,1
0.146628,0.00279545,0.122044,1
0.124886,0.00160828,0.11834,1
0.148784,0.160109,0.18719,1
0.220801,0.186819,0.137243,1
0.199576,0.188298,0.18141,1
0.221837,0.13241,0.165134,1
0.174571,0.185596,0.208162,1
0.192995,0.0253059,0.116806,1
0.101975,0.216265,0.129986,1
0.151537,0.108179,0.133452,1
0.19557,0.103121,0.109506,1
0.156955,0.140309,0.124546,1
0.20105,0.205071,0.179858,1
0.170197,0.126809,0.221067,1
0.145988,0.0383287,0.107353,1
0.13616,0.189554,0.220626,1
0.109073,0.0403841,0.124046,1
0.162553,0.114128,0.113228,1
0.125847,0.176149,0.119141,1
0.157833,0.202857,0.189989,1
0.181864,0.159349,0.143541,1
0.14619,0.0730296,0.119017,1
0.218985,0.109126,0.126554,1
0.185829,0.0977475,0.123344,1
0.203402,0.221046,0.1639,1
0.210839,0.101616,0.159892,1
0.183758,0.0447665,0.165248,1
0.190828,0.154152,0.197215,1
0.161877,0.05761,0.14305,1
0.124467,0.0230959,0.17988,1
0.159401,0.0716045,0.181396,1
0.169007,0.218022,0.11496,1
0.159044,0.193575,0.206685,1
0.113137,0.156492,0.147781,1
0.203934,0.00879407,0.17089,1
0.182646,0.050543,0.222882,1
0.182275,0.057464,0.208342,1
0.181076,0.165199,0.180381,1
0.184375,0.0743521,0.180308,1
0.215045,0.0722802,0.146344,1
0.20419,0.132213,0.172704,1
0.187901,0.0642813,0.218232,1
0.159755,0.193176,0.117344,1
0.149057,0.214311,0.221101,1
0.136192,0.154371,0.146335,1
0.147434,0.0423294,0.178153,1
0.169099,0.0773282,0.153423,1
0.15465,0.0878383,0.141076,1
0.208677,0.215127,0.201353,1
0.17906,0.0410369,0.16868,1
0.154195,0.139236,0.121217,1
0.147377,0.0196859,0.190356,1
0.208455,0.14021,0.189438,1
0.119453,0.0667158,0.189528,1
0.184703,0.150517,0.191228,1
0.184824,0.0739817,0.223697,1
0.218819,0.0681173,0.209595,1
0.215869,0.169882,0.172854,1
0.140007,0.202259,0.149888,1
0.197752,0.202704,0.11757,1
0.189983,0.0158433,0.166996,1
0.148071,0.0763443,0.131184,1
0.191126,0.173026,0.163677,1
0.111696,0.00175689,0.130358,1
0.111995,0.069673,0.223171,1
0.112501,0.0567326,0.195565,1
0.116874,0.198348,0.16475,1
0.178456,0.0554523,0.203589,1
0.17009,0.1532,0.16087,1
0.156924,0.0236648,0.174459,1
0.160104,0.168459,0.156447,1
0.174497,0.196785,0.159286,1
0.208784,0.219817,0.133861,1
0.160251,0.204472,0.109058,1
0.224226,0.0134672,0.128847,1
0.11534,0.00135548,0.204067,1
0.197132,0.0710194,0.19975,1
0.123736,0.11178,0.161373,1
0.137095,0.0561935,0.190701,1
0.182356,0.134213,0.218038,1
0.139033,0.0522171,0.171257,1
0.2115,0.108013,0.194913,1
0.218553,0.132619,0.106516,1
0.207892,0.0275606,0.121409,1
0.117841,0.106927,0.209064,1
0.154348,0.155017,0.151831,1
0.209558,0.0476482,0.158773,1
0.172781,0.183618,0.197385,1
0.170341,0.183985,0.202463,1
0.121068,0.199338,0.181071,1
0.158297,0.165007,0.174232,1
0.210709,0.180776,0.151198,1
0.159116,0.0326526,0.198263,1
0.187802,0.120337,0.118836,1
0.113242,0.00283495,0.189977,1
0.169827,0.125317,0.104597,1
0.183483,0.041916,0.173844,1
0.147276,0.00337191,0.214706,1
0.105658,0.0203485,0.208751,1
0.131519,0.193518,0.11036,1
0.102479,0.0422267,0.150029,1
0.187856,0.0177383,0.189651,1
0.17755,0.115093,0.154293,1
0.203422,0.0456749,0.175196,1
0.155292,0.00421885,0.176013,1
0.161727,0.0686166,0.220137,1
0.112509,0.0232699,0.17534,1
0.180476,0.0855706,0.111915,1
0.112705,0.22032,0.106271,1
0.207728,0.0209097,0.103794,1
0.108303,0.0381472,0.104114,1
0.0382156,0.091092,0.216217,2
0.0390951,0.151248,0.211058,2
0.0907412,0.179277,0.200368,2
0.0575034,0.124827,0.157471,2
0.0782381,0.0945431,0.18496,2
0.0471348,0.0333504,0.134051,2
0.0890062,0.132341,0.163663,2
0.0402353,0.0894932,0.216313,2
0.0393246,0.088281,0.221508,2
0.0437463,0.0921081,0.222122,2
0.0783826,0.214227,0.149279,2
0.0383804,0.21622,0.137738,2
0.0468018,0.0132367,0.175786,2
0.0109951,0.0860108,0.222185,2
0.0772308,0.10665,0.194648,2
0.0458123,0.0894537,0.210996,2
0.0371553,0.0893054,0.214384,2
0.0433954,0.0917144,0.220073,2
0.0392441,0.091594,0.215967,2
0.050065,0.14817,0.198433,2
0.045597,0.0905006,0.217959,2
0.0209707,0.0411809,0.159391,2
0.0395589,0.22353,0.154381,2
0.0664317,0.0371844,0.15421,2
0.0428916,0.0884264,0.214768,2
0.0334994,0.0164294,0.203246,2
0.0722018,0.136112,0.202186,2
0.038724,0.088733,0.215756,2
0.0773475,0.122236,0.158386,2
0.0898758,0.1133,0.15526,2
0.0883899,0.142748,0.147432,2
0.0837293,0.16414,0.209211,2
0.0455121,0.0899855,0.220636,2
0.0536487,0.0129453,0.15257,2
0.0381277,0.0896245,0.215171,2
0.0849577,0.0202084,0.221571,2
0.041674,0.0891322,0.220753,2
0.0688172,0.0519544,0.149387,2
0.000524289,0.0742091,0.194076,2
0.0750912,0.166514,0.219556,2
0.0914927,0.182114,0.177015,2
0.099781,0.155385,0.18021,2
0.100507,0.168312,0.161969,2
0.0410641,0.093708,0.22255,2
0.00168603,0.215283,0.169212,2
0.0168633,0.0284839,0.155041,2
0.0909511,0.132308,0.206069,2
0.0405608,0.0920877,0.219977,2
0.00893247,0.152389,0.137653,2
0.0557255,0.208225,0.211078,2
0.0422767,0.09171,0.215394,2
0.0518149,0.174419,0.22345,2
0.0274718,0.0219855,0.154203,2
0.0364739,0.208845,0.147422,2
0.0441232,0.0947904,0.215545,2
0.0391419,0.0954598,0.220097,2
0.0554057,0.170203,0.166387,2
0.0561927,0.190898,0.160377,2
0.0444116,0.020498,0.187757,2
0.0496616,0.143353,0.144491,2
0.000454641,0.087524,0.222871,2
0.0572845,0.210861,0.199787,2
0.0411027,0.0898815,0.216608,2
0.0450055,0.0908613,0.219029,2
0.0896913,0.0548859,0.206062,2
0.00459686,0.202444,0.222435,2
0.00973764,0.10964,0.221134,2
0.00150445,0.161394,0.138374,2
0.0867136,0.182743,0.180167,2
0.0932445,0.162173,0.15993,2
0.0398901,0.0901349,0.222464,2
0.061459,0.172143,0.204941,2
0.0738793,0.164352,0.135366,2
0.0367056,0.148548,0.203617,2
0.0733406,0.167266,0.138855,2
0.0135464,0.149843,0.200151,2
0.0667411,0.0101561,0.150777,2
0.0612538,0.209264,0.205967,2
0.0495522,0.133237,0.222299,2
0.0267941,0.0459826,0.152694,2
0.0120396,0.150385,0.193658,2
0.0458214,0.177466,0.219135,2
0.0122183,0.0543371,0.177324,2
0.084966,0.118853,0.162551,2
0.0824007,0.221104,0.212706,2
0.0895983,0.183215,0.174988,2
0.0359168,0.0935448,0.216837,2
0.0284665,0.216234,0.152487,2
0.0469706,0.112355,0.177626,2
0.0391062,0.0942682,0.215622,2
0.0609688,0.0293319,0.209026,2
0.0901409,0.137931,0.168366,2
0.00986443,0.0570369,0.197492,2
0.0398123,0.0943792,0.218471,2
0.0411957,0.0908758,0.215245,2
0.0825035,0.091735,0.201882,2
0.0455645,0.0959064,0.219576,2
0.0854555,0.0293995,0.157691,2
0.0661443,0.0165032,0.183405,2
0.00414356,0.00452748,0.180426,2
0.0390446,0.0894085,0.212579,2
0.0428498,0.0924641,0.214048,2
0.0278828,0.0262462,0.153758,2
0.0357319,0.0846638,0.214718,2
0.0416937,0.0909667,0.218711,2
0.0201685,0.0733397,0.202306,2
0.0371394,0.0895802,0.218973,2
0.0235239,0.0356332,0.212171,2
0.0526593,0.0143078,0.142243,2
0.0602494,0.0672666,0.178877,2
0.0772443,0.196687,0.15115,2
0.0870142,0.0360782,0.169153,2
0.0403873,0.0873764,0.218586,2
0.0376436,0.0877249,0.217723,2
0.0583307,0.0186382,0.22192,2
0.0376322,0.0985507,0.217286,2
0.0403471,0.0919354,0.222108,2
0.045736,0.0910093,0.217949,2
0.0415522,0.0957427,0.215195,2
0.0422143,0.0948946,0.214743,2
0.0434001,0.0963355,0.216061,2
0.0416026,0.0941486,0.21499,2
0.0400793,0.0964205,0.214836,2
0.0866181,0.103166,0.180144,2
0.0331719,0.134795,0.215973,2
0.100306,0.160579,0.171968,2
0.0988744,0.122098,0.18332,2
0.0533207,0.197646,0.131761,2
0.00974119,0.0185943,0.13167,2
0.0732338,0.0120236,0.12636,3
0.0201547,0.121271,0.0687537,3
0.061927,0.0037989,0.119494,3
0.0558693,0.123776,0.0555673,3
0.0608768,0.101405,0.0972245,3
0.0681811,0.0656339,0.122267,3
0.0212353,0.194299,0.119078,3
0.0341448,0.153184,0.113021,3
0.0532784,0.170662,0.125153,3
0.0681587,0.136421,0.105154,3
0.00352381,0.15487,0.125691,3
0.0851465,0.139006,0.111621,3
0.0213223,0.114405,0.0102277,3
0.0691513,0.193947,0.118821,3
0.0857851,0.204044,0.106479,3
0.0352941,0.200458,0.125054,3
0.0402261,0.0756752,0.0214516,3
0.0800355,0.223561,0.103283,3
0.0494278,0.116729,0.10785,3
0.0986314,0.156087,0.0810601,3
0.0952529,0.22281,0.0924312,3
0.0308309,0.203099,0.00740294,3
0.0899849,0.0321157,0.117202,3
0.0868779,0.19405,0.0895597,3
0.0338409,0.167145,0.10518,3
0.00279542,0.205809,0.0396818,3
0.0728544,0.0721298,0.0214088,3
0.0697385,0.0354296,0.0968334,3
0.0372101,0.200738,0.0439934,3
0.0819686,0.0630663,0.0892156,3
0.0863185,0.0691652,0.0669,3
0.0485938,0.0279482,0.0622612,3
0.0527773,0.110788,0.12812,3
0.0967959,0.216538,0.0833374,3
0.0734879,0.0554162,0.123835,3
0.0114212,0.0399504,0.0281512,3
0.0212798,0.00866768,0.0850571,3
0.0523018,0.2123,0.0731836,3
0.0757945,0.0352246,0.0211277,3
0.0805568,0.0478407,0.0129332,3
0.0187909,0.219786,0.0877995,3
0.0743951,0.077344,0.00667592,3
0.0142558,0.0463903,0.0283669,3
0.0559351,0.211937,0.0286258,3
0.00731678,0.0470177,0.016766,3
0.0150875,0.122292,0.0851967,3
0.0901127,0.0431,0.0395737,3
0.0509197,0.0365854,0.0902466,3
0.0683424,0.0463789,0.0396735,3
0.0846431,0.131226,0.0630807,3
0.0776397,0.163548,0.0177362,3
0.0181719,0.0661592,0.00839002,3
0.0333038,0.0490291,0.0141093,3
0.0203572,0.00107385,0.123986,3
0.0570452,0.117409,0.0844159,3
0.00852317,0.105834,0.0604363,3
0.0106031,0.0543679,0.0214611,3
0.0296934,0.101679,0.00713103,3
0.00517064,0.184057,0.0448038,3
0.0271805,0.120021,0.0956086,3
0.0562955,0.135834,0.00701958,3
0.0245965,0.10543,0.0198837,3
0.0644507,0.206349,0.0333677,3
0.0403223,0.201777,0.0619098,3
0.0402793,0.0235572,0.109734,3
0.0108549,0.0613623,0.0636887,3
0.0464666,0.0106552,0.120016,3
0.0227247,0.0891879,0.00466852,3
0.0314033,0.203967,0.0735023,3
0.0884257,0.105256,0.113572,3
0.0734325,0.175751,0.0144662,3
0.0741661,0.169345,0.0576839,3
0.00542544,0.192548,0.091101,3
0.0130087,0.0758758,0.0123688,3
0.0584886,0.094859,0.0139819,3
0.0118626,0.0438607,0.0356694,3
0.100365,0.14928,0.0265392,3
0.051748,0.116411,0.0897366,3
0.0117509,0.166865,0.0852376,3
0.0485184,0.14209,0.0833189,3
0.0736089,0.169503,0.0868554,3
0.0548581,0.137036,0.0822012,3
0.0712538,0.0811627,0.0554549,3
0.0219894,0.158034,0.0632109,3
0.101127,0.0639648,0.0784089,3
0.0511918,0.173069,0.0266904,3
0.0403702,0.0206912,0.0496331,3
0.0294813,0.184593,0.0788734,3
0.0158578,0.048025,0.00365011,3
0.0807655,0.0982118,0.0575522,3
0.00464078,0.0168468,0.0680693,3
0.0618833,0.205892,0.092241,3
0.0639699,0.102568,0.0949093,3
0.096549,0.138025,0.0927669,3
0.0376741,0.00738638,0.0119434,3
0.0719937,0.0825502,0.10272,3
0.0516286,0.174713,0.0891141,3
0.0586282,0.168002,0.0430774,3
0.0948348,0.201202,0.0430159,3
0.0693214,0.0731027,0.0739975,3
0.0536372,0.0431652,0.0112903,3
0.0279949,0.160038,0.0496447,3
0.0123419,0.12148,0.00733279,3
0.0869893,0.0139408,0.0807599,3
0.0649491,0.100828,0.00438211,3
0.0142986,0.151423,0.0704549,3
0.00973603,0.123777,0.0679838,3
0.00488241,0.0670124,0.00131883,3
0.0553261,0.0597036,0.0843813,3
0.0730674,0.113133,0.0554558,3
0.00421676,0.0384319,0.0076011,3
0.0568616,0.0438932,0.112813,3
0.0621898,0.0653365,0.0758552,3
0.0152257,0.2202,0.0748978,3
0.0010225,0.105196,0.0412507,3
0.0548508,0.105557,0.0884117,3
0.0355722,0.205098,0.107334,3
0.0288926,0.0924728,0.0444446,3
0.0528765,0.082267,0.1022,3
0.0462365,0.109093,0.0452914,3
0.0583008,0.101054,0.0995584,3
