x coord,y coord,z coord,rank
0.155302,0.0823474,0.0773057,0
0.109715,0.0732092,0.102681,0
0.115031,0.0233893,0.0832184,0
0.191547,0.0542279,0.118747,0
0.103322,0.0245559,0.0547714,0
0.169847,0.0543276,0.0290173,0
0.201447,0.100648,0.0544037,0
0.223923,0.0546911,0.095449,0
0.204882,0.0306101,0.124581,0
0.215784,0.0766264,0.0102355,0
0.140846,0.0340807,0.0742101,0
0.169291,0.0292166,0.0711785,0
0.145137,0.0163692,0.0997205,0
0.165502,0.00357241,0.108533,0
0.126727,0.0737975,0.0573745,0
0.174537,0.065812,0.00983582,0
0.193865,0.0342154,0.0361706,0
0.166464,0.00901351,0.064918,0
0.106624,0.077273,0.0664086,0
0.122012,0.0374041,0.0293316,0
0.11665,0.108016,0.0500249,0
0.106689,0.0291697,0.151555,0
0.143505,0.0057999,0.0369148,0
0.20185,0.0509214,0.0406442,0
0.112108,0.0677555,0.117035,0
0.165384,0.0933766,0.0983211,0
0.180342,0.0829207,0.0671636,0
0.2156,0.00369167,0.0610134,0
0.214142,0.0848036,0.116123,0
0.127734,0.0351977,0.22313,0
0.208451,0.0957196,0.125111,0
0.180737,0.107773,0.185667,0
0.142637,0.0663023,0.160979,0
0.141274,0.105467,0.173426,0
0.198672,0.0509773,0.032719,0
0.198079,0.0701812,0.188255,0
0.120775,0.098629,0.193811,0
0.166115,0.0281571,0.192264,0
0.162767,0.0328868,0.148321,0
0.15368,0.0685941,0.0760083,0
0.123658,0.107665,0.10828,0
0.19332,0.103052,0.0306764,0
0.190143,0.0286698,0.0824841,0
0.170861,0.0401369,0.0128271,0
0.20509,0.0254639,0.203817,0
0.220979,0.0578252,0.195743,0
0.142583,0.0864597,0.121379,0
0.21855,0.0246612,0.210516,0
0.15115,0.0260642,0.163522,0
0.162041,0.0433716,0.0272104,0
0.138829,0.0171902,0.199932,0
0.126038,0.0644283,0.133191,0
0.121667,0.0168016,0.0568288,0
0.139989,0.0359149,0.13953,0
0.203353,0.0919773,0.0683235,0
0.143192,0.105802,0.203286,0
0.172314,0.0872266,0.176263,0
0.170956,0.0775311,0.0291984,0
0.219375,0.030824,0.0741796,0
0.121064,0.0368556,0.196503,0
0.159042,0.0545641,0.0306052,0
0.154463,0.0999,0.109851,0
0.118388,0.106897,0.122943,0
0.201998,0.0255733,0.0370151,0
0.116723,0.107416,0.210458,0
0.190281,0.0334408,0.135263,0
0.147799,0.0486426,0.108689,0
0.102533,0.0509261,0.123581,0
0.131708,0.103378,0.0789286,0
0.181801,0.0853766,0.000869872,0
0.188229,0.0413322,0.0999584,0
0.129506,0.0529609,0.0105967,0
0.112965,0.0633218,0.0165663,0
0.124241,0.0777192,0.103651,0
0.189008,0.0910052,0.125777,0
0.144536,0.027531,0.143293,0
0.103624,0.0529189,0.195263,0
0.169263,0.0497215,0.110568,0
0.160034,0.0676474,0.0300328,0
0.142385,0.0177269,0.103505,0
0.179197,0.016638,0.145605,0
0.139106,0.0830109,0.081048,0
0.213489,0.00239134,0.1804,0
0.159679,0.0853724,0.136813,0
0.130341,0.108083,0.180999,0
0.140715,0.0150078,0.205178,0
0.160119,0.05882,0.0789148,0
0.165265,0.0281195,0.0312243,0
0.202791,0.0753646,0.0876032,0
0.167747,0.0740445,0.209332,0
0.191996,0.0153515,0.143149,0
0.174221,0.0982234,0.191115,0
0.118545,0.0708724,0.0377517,0
0.173258,0.0521592,0.0889227,0
0.216427,0.0788836,0.0276802,0
0.161141,0.0492013,0.116071,0
0.152988,0.0290666,0.159165,0
0.14366,0.0484293,0.223755,0
0.148665,0.0647851,0.0986763,0
0.110949,0.0785946,0.0881872,0
0.104575,0.00267709,0.215826,0
0.140537,0.0878988,0.128671,0
0.191681,0.103818,0.175989,0
0.153745,0.0125574,0.112808,0
0.149861,0.105005,0.158073,0
0.192327,0.0891549,0.0060727,0
0.194336,0.011613,0.184223,0
0.187263,0.0719991,0.0951284,0
0.207229,0.0542485,0.0360326,0
0.122438,0.0165921,0.179195,0
0.180077,0.0232373,0.113635,0
0.188155,0.095722,0.173265,0
0.118544,0.0135822,0.158285,0
0.122136,0.0843718,0.108737,0
0.214379,0.0835815,0.18762,0
0.203378,0.0870542,0.161739,0
0.200276,0.035762,0.181484,0
0.126124,0.104615,0.11363,0
0.219061,0.0794093,0.0225581,0
0.140978,0.00170806,0.158843,0
0.183558,0.0791966,0.199377,0
0.224986,0.0126072,0.201147,0
0.14415,0.0269271,0.189022,0
0.121828,0.0718575,0.116396,0
0.12454,0.192474,0.0318258,1
0.22093,0.169434,0.0613074,1
0.105966,0.133714,0.115986,1
0.103352,0.210474,0.113859,1
0.11059,0.12005,0.0276996,1
0.197989,0.146553,0.026754,1
0.123788,0.168905,0.0548476,1
0.2143,0.183439,0.113153,1
0.135181,0.114527,0.0968058,1
0.219918,0.146967,0.101156,1
0.179038,0.18341,0.103703,1
0.220475,0.11245,0.0393597,1
0.13821,0.163785,0.0328723,1
0.207383,0.170565,0.0209745,1
0.157553,0.197188,0.0803666,1
0.195219,0.112172,0.127071,1
0.18555,0.160059,0.0651153,1
0.21034,0.129128,0.000408053,1
0.186837,0.172523,0.216736,1
0.152514,0.185232,0.2037,1
0.124163,0.200618,0.0241,1
0.206579,0.111403,0.00899338,1
0.182107,0.219653,0.11389,1
0.177257,0.159968,0.0989532,1
0.194753,0.166983,0.0991787,1
0.138011,0.15409,0.174173,1
0.166993,0.190178,0.0833768,1
0.197905,0.216434,0.103267,1
0.119225,0.211174,0.110347,1
0.150346,0.159418,0.166107,1
0.221242,0.120524,0.162204,1
0.203499,0.129626,0.170385,1
0.145999,0.202703,0.168024,1
0.139969,0.130419,0.00506232,1
0.18365,0.156879,0.117027,1
0.116309,0.180584,0.175585,1
0.222928,0.139127,0.0017325,1
0.22215,0.215073,0.090034,1
0.211768,0.163956,0.134887,1
0.201374,0.137986,0.128257,1
0.196273,0.172303,0.0279592,1
0.114162,0.113896,0.0889309,1
0.159353,0.191578,0.00938111,1
0.19366,0.200154,0.125303,1
0.179679,0.172147,0.165939,1
0.211969,0.141102,0.0117122,1
0.182661,0.224014,0.102239,1
0.126792,0.136888,0.143543,1
0.20745,0.112038,0.00536537,1
0.104837,0.147155,0.116844,1
0.203681,0.1178,0.141428,1
0.187078,0.120699,0.150336,1
0.214979,0.221888,0.100154,1
0.147191,0.157144,0.199579,1
0.170379,0.115853,0.10891,1
0.186035,0.186442,0.0482773,1
0.1862,0.220177,0.217326,1
0.193217,0.217456,0.179759,1
0.199623,0.218777,0.132203,1
0.110236,0.143048,0.140159,1
0.157897,0.185758,0.114973,1
0.172727,0.167613,0.0494792,1
0.134187,0.184385,0.0932128,1
0.143903,0.116903,0.190017,1
0.159421,0.201881,0.183215,1
0.179026,0.127038,0.0744658,1
0.166761,0.20084,0.116088,1
0.115338,0.131336,0.149408,1
0.20593,0.149574,0.118101,1
0.146847,0.161293,0.164964,1
0.161946,0.132339,0.0482951,1
0.10721,0.173724,0.0554334,1
0.115293,0.177063,0.0270384,1
0.14033,0.114111,0.213207,1
0.119755,0.127079,0.213628,1
0.185468,0.223987,0.104224,1
0.17368,0.110786,0.13069,1
0.131071,0.142838,0.090737,1
0.165085,0.181257,0.195338,1
0.18555,0.173367,0.218857,1
0.108946,0.182555,0.182391,1
0.148777,0.217909,0.0127651,1
0.143698,0.220632,0.160689,1
0.166538,0.131707,0.193251,1
0.218523,0.153382,0.152603,1
0.13399,0.17536,0.0486171,1
0.156573,0.214461,0.0102756,1
0.168507,0.165927,0.153189,1
0.164714,0.215416,0.0480574,1
0.111578,0.11845,0.142121,1
0.166969,0.208157,0.0381055,1
0.137124,0.112863,0.212746,1
0.206205,0.179944,0.158555,1
0.139798,0.202252,0.0372907,1
0.119749,0.169095,0.133579,1
0.200804,0.189297,0.03386,1
0.192541,0.193994,0.187938,1
0.212221,0.159637,0.0535888,1
0.17915,0.142063,0.1992,1
0.217353,0.165501,0.136098,1
0.136435,0.138406,0.2104,1
0.199642,0.180914,0.0308902,1
0.1728,0.207265,0.0372501,1
0.143337,0.13335,0.088678,1
0.135748,0.161806,0.0306719,1
0.206738,0.138355,0.0233065,1
0.146545,0.16934,0.0631927,1
0.147582,0.138974,0.156286,1
0.118442,0.181031,0.145788,1
0.178484,0.187022,0.177014,1
0.152637,0.13862,0.212436,1
0.212776,0.123239,0.165536,1
0.109317,0.179179,0.204862,1
0.133064,0.131689,0.122234,1
0.180549,0.140625,0.0121196,1
0.194953,0.188856,0.117072,1
0.202546,0.220139,0.0760915,1
0.167984,0.208507,0.0482838,1
0.123306,0.138918,0.088889,1
0.188224,0.141395,0.11383,1
0.144455,0.216202,0.111407,1
0.161544,0.217112,0.0480833,1
0.129113,0.222208,0.0555888,1
0.194087,0.111059,0.124185,1
0.162986,0.111283,0.161088,1
0.102657,0.189263,0.177367,1
0.214216,0.109504,0.199825,1
0.0298832,0.101014,0.199557,2
0.0331684,0.0972743,0.196883,2
0.018648,0.0489936,0.215157,2
0.0322408,0.0973279,0.198476,2
0.0862498,0.0800055,0.19611,2
0.0333013,0.0996774,0.204821,2
0.0354854,0.0943384,0.206465,2
0.0986437,0.0830753,0.0544226,2
0.0136589,0.0362871,0.160317,2
0.0746809,0.0870307,0.144582,2
0.0327402,0.100925,0.198298,2
0.0422273,0.0936814,0.110729,2
0.0322019,0.101321,0.200164,2
0.0777942,0.00756679,0.201962,2
0.0200288,0.0384692,0.219469,2
0.0221663,0.0620996,0.146636,2
0.0195322,0.0112033,0.105567,2
0.0308752,0.102547,0.198485,2
0.0342729,0.101873,0.198608,2
0.023582,0.0999091,0.200165,2
0.0302378,0.096387,0.200497,2
0.0811057,0.0350422,0.213299,2
0.057685,0.0841894,0.158179,2
0.0290926,0.10328,0.20024,2
0.0119074,0.0264143,0.193868,2
0.0187632,0.0558682,0.175139,2
0.033063,0.102228,0.197449,2
0.0869267,0.0714921,0.0608605,2
0.026079,0.103258,0.203487,2
0.0349014,0.103046,0.199047,2
0.065051,0.0202413,0.0379473,2
0.0307393,0.100174,0.204581,2
0.0777859,0.0838169,0.19053,2
0.0301817,0.0772678,0.095203,2
0.0287468,0.0606652,0.0820239,2
0.0110594,0.0290066,0.185195,2
0.0551792,0.0830451,0.194572,2
0.0673654,0.00208952,0.0160286,2
0.0313454,0.0995266,0.203368,2
0.0801028,0.0818821,0.191322,2
0.0956868,0.0170058,0.00649838,2
0.0135896,0.0315354,0.00509376,2
0.0932122,0.0580436,0.190062,2
0.00250647,0.0979832,0.213571,2
0.0301989,0.100502,0.205271,2
0.0368549,0.101333,0.20177,2
0.0353431,0.0183612,0.0159276,2
0.0303452,0.101025,0.200047,2
0.0381493,0.0245611,0.155261,2
0.0144035,0.0255037,0.14588,2
0.0848785,0.0224261,0.0709571,2
0.029018,0.0992042,0.203867,2
0.099131,0.0197834,0.0105125,2
0.0485561,0.0419168,0.0572881,2
0.0591456,0.0428499,0.00630595,2
0.023553,0.0459181,0.118305,2
0.0685522,0.0223753,0.17279,2
0.0662646,0.0339078,0.126652,2
0.0335726,0.0385373,0.116898,2
0.0273669,0.101968,0.197178,2
0.0372971,0.0986271,0.199194,2
0.0644715,0.054363,0.0979132,2
0.052209,0.00174701,0.0673478,2
0.00536084,0.0687806,0.0830368,2
0.0336164,0.102298,0.200268,2
0.0436609,0.0590312,0.194,2
0.0591862,0.011822,0.0847427,2
0.0306639,0.0952732,0.201111,2
0.0404384,0.0732573,0.000895336,2
0.0635672,0.0699927,0.0017233,2
0.00585426,0.0994518,0.0537954,2
0.0484914,0.0476,0.0031363,2
0.0293375,0.0175375,0.0329188,2
0.0353335,0.0999601,0.199983,2
0.0172461,2.14789e-05,0.152831,2
0.0449662,0.0931744,0.148199,2
0.0502311,0.0667188,0.0896109,2
0.0288146,0.102168,0.197984,2
0.0162195,0.0118924,0.141087,2
0.0816067,0.019016,0.0846135,2
0.00488535,0.0832461,0.142877,2
0.0719327,0.0128634,0.0831221,2
0.0302778,0.0980003,0.204956,2
0.101329,0.0285155,0.0991223,2
0.0123197,0.100019,0.0755491,2
0.0856246,0.0734685,0.142924,2
0.0741952,0.0995352,0.0623799,2
0.012752,0.0879391,0.0516798,2
0.0545619,0.0459573,0.182796,2
0.0936896,0.00545825,0.218072,2
0.00299827,0.0650999,0.184921,2
0.0925768,0.0510715,0.211833,2
0.0944518,0.0567072,0.160796,2
0.0958596,0.00614286,0.0308429,2
0.0107023,0.0523573,0.0473076,2
0.0441581,0.0200221,0.128871,2
0.0518424,0.0397621,0.203304,2
0.0277173,0.0944631,0.000134256,2
0.0607042,0.0776928,0.0195886,2
0.0192705,0.0633558,0.18638,2
0.0345271,0.0502402,0.0804062,2
0.0251732,0.0948245,0.20062,2
0.0670418,0.03271,0.154441,2
0.0355896,0.10193,0.200929,2
0.0345944,0.101409,0.197861,2
0.0362101,0.100143,0.202834,2
0.0639012,0.0766936,0.212758,2
0.0950473,0.0762586,0.0379672,2
0.0447325,0.0908285,0.139281,2
0.0300465,0.0964589,0.2018,2
0.0556345,0.0826708,0.0979877,2
0.00135083,0.0274519,0.0951113,2
0.0710956,0.0499572,0.0806118,2
0.00835373,0.0871251,0.0777834,2
0.0292729,0.101122,0.201789,2
0.0388806,0.0395633,0.209713,2
0.0707957,0.00334723,0.0785165,2
0.0581567,0.02327,0.0961238,2
0.0795172,0.0372704,0.025494,2
0.0281895,0.102861,0.200643,2
0.0297096,0.0768109,0.0826325,2
0.00499725,0.0725156,0.0421465,2
0.0265183,0.0985663,0.198004,2
0.030907,0.0988468,0.208453,2
0.0314328,0.10078,0.198907,2
0.03539,0.0983499,0.198539,2
0.0350085,0.106094,0.202775,3
0.0805402,0.205895,0.125933,3
0.0178401,0.108304,0.0456607,3
0.0620404,0.196099,0.0870683,3
0.00174342,0.107065,0.00940504,3
0.0692918,0.214737,0.213897,3
0.0411748,0.197136,0.2164,3
0.0900435,0.191071,0.192844,3
0.0431848,0.172412,0.174466,3
0.0933009,0.163561,0.0631581,3
0.0473212,0.186872,0.0714918,3
0.0581244,0.137398,0.212931,3
0.0976183,0.115938,0.100352,3
0.0169823,0.157581,0.0327467,3
0.051874,0.190136,0.197707,3
0.0633912,0.124922,0.105599,3
0.0898175,0.186203,0.0591554,3
0.0909833,0.216518,0.0685574,3
0.090037,0.212547,0.0479487,3
0.0719786,0.130961,0.0639805,3
0.0980189,0.209756,0.20712,3
0.0778646,0.217723,0.136155,3
0.0114132,0.106428,0.0429698,3
0.0718665,0.128953,0.0550705,3
0.0916593,0.113942,0.121917,3
0.000343786,0.205526,0.0242791,3
0.0436462,0.223722,0.204704,3
0.0677305,0.215772,0.147326,3
0.0679837,0.138554,0.0523238,3
0.0929388,0.193426,0.0232846,3
0.00673786,0.111134,0.0534731,3
0.00753466,0.124311,0.157728,3
0.0547952,0.197738,0.026585,3
0.0389985,0.213901,0.0670244,3
0.0245107,0.165552,0.00202331,3
0.060121,0.202887,0.138463,3
0.0361918,0.178731,0.0323727,3
0.00632831,0.218103,0.127744,3
0.0322705,0.149094,0.0686857,3
0.0402586,0.158722,0.0250449,3
0.00481139,0.108025,0.0434208,3
0.0461245,0.199986,0.101161,3
0.0287001,0.146511,0.151163,3
0.096201,0.194048,0.0850162,3
0.00970655,0.136161,0.193941,3
0.100344,0.174258,0.172257,3
0.0162852,0.131871,0.0369577,3
0.0853783,0.118805,0.214315,3
0.0291001,0.176877,0.11808,3
0.0808738,0.155458,0.1325,3
0.0688034,0.113285,0.104549,3
0.0240751,0.114555,0.116317,3
0.0610764,0.131492,0.074114,3
0.0793645,0.155725,0.126197,3
0.0205636,0.155084,0.0702176,3
0.051936,0.136617,0.0938683,3
0.0158167,0.10413,0.02992,3
0.0383619,0.131134,0.166236,3
0.0382378,0.162317,0.0707569,3
0.0400981,0.105409,0.011612,3
0.0581138,0.193959,0.115662,3
0.0973738,0.116807,0.0370759,3
0.0358147,0.168551,0.162115,3
0.0959362,0.119799,0.0413977,3
0.0550188,0.16718,0.125768,3
0.0579777,0.123133,0.220335,3
0.0270746,0.16406,0.194833,3
0.0114623,0.220391,0.192643,3
0.0395319,0.146048,0.133441,3
0.0263752,0.120032,0.185744,3
0.0875586,0.160078,0.219988,3
0.0459811,0.176371,0.170043,3
0.0551046,0.176413,0.185496,3
0.00183704,0.17558,0.0338034,3
0.0868981,0.17261,0.179241,3
0.0363897,0.21411,0.0584211,3
0.026131,0.14746,0.191237,3
0.033691,0.109228,0.0425008,3
0.083242,0.173451,0.190975,3
0.0453672,0.206492,0.209131,3
0.0870434,0.181733,0.218678,3
0.00434867,0.205168,0.219958,3
0.075075,0.196882,0.193229,3
0.0643385,0.184051,0.16823,3
0.0683802,0.207568,0.00455523,3
0.0311232,0.183335,0.111067,3
0.0430741,0.211388,0.133414,3
0.00356683,0.20195,0.13375,3
0.0194098,0.211326,0.140982,3
0.0179652,0.155865,0.0205221,3
0.0259695,0.173184,0.133636,3
0.0575378,0.115924,0.0626061,3
0.0634297,0.111894,0.155519,3
0.0670552,0.112182,0.207627,3
0.07709,0.162679,0.0991966,3
0.0213503,0.11162,0.00844842,3
0.0818562,0.196083,0.0660102,3
0.0216487,0.153502,0.109293,3
0.0883605,0.207999,0.141896,3
0.0458407,0.137735,0.135746,3
0.0111098,0.202163,0.0721097,3
0.00353051,0.12389,0.0027994,3
0.0211114,0.121352,0.166848,3
0.092887,0.164874,0.0669501,3
0.000980488,0.140799,0.22252,3
0.0347372,0.105539,0.200213,3
0.0910214,0.15257,0.202877,3
0.0964156,0.135356,0.0338528,3
0.100432,0.18596,0.0116307,3
0.100933,0.155536,0.123309,3
0.0891724,0.117302,0.215981,3
0.0574494,0.224811,0.0479328,3
0.0813204,0.118633,0.0302237,3
0.00211226,0.196107,0.0396753,3
0.0859343,0.127041,0.00937956,3
0.0121318,0.115011,0.0831265,3
0.0414394,0.206963,0.104595,3
0.0890554,0.163045,0.0339238,3
0.00720163,0.218725,0.0753499,3
0.095947,0.164743,0.214078,3
0.0464451,0.106967,0.0227629,3
0.0311111,0.105861,0.201379,3
0.0262963,0.105409,0.202209,3
