x coord,y coord,z coord,rank
0.0937764,0.132757,0.00148131,0
0.0806641,0.142066,0.00709399,0
0.0194934,0.188747,0.0248969,0
0.0611617,0.203516,0.0627168,0
0.0267103,0.208178,0.0512378,0
0.0931555,0.0123688,0.100912,0
0.0240004,0.184422,0.0271322,0
0.0746623,0.0395236,0.0299631,0
0.0245356,0.187788,0.0281991,0
0.00761474,0.21713,0.023497,0
0.0525919,0.197109,0.0870551,0
0.0798471,0.130441,0.0695223,0
0.0348168,0.206595,0.0701663,0
0.0298172,0.1471,0.0753674,0
0.0285306,0.184834,0.0290853,0
0.00753041,0.130715,0.0895031,0
0.0237175,0.193393,0.0624318,0
0.0810505,0.100843,0.0836766,0
0.0330756,0.163871,0.00469837,0
0.0248113,0.181757,0.0297633,0
0.0188565,0.185253,0.031406,0
0.0804562,0.132782,0.0364189,0
0.0228602,0.182573,0.0228031,0
0.0265266,0.151871,0.0902153,0
0.0206154,0.182787,0.0260283,0
0.0425384,0.183748,0.018425,0
0.0108375,0.124723,0.0194441,0
0.0658174,0.135956,0.0914718,0
0.0448852,0.111991,0.0596184,0
0.0385831,0.116085,0.0724605,0
0.0186266,0.184223,0.0280044,0
0.0249814,0.184246,0.0304144,0
0.0794663,0.218859,0.0841779,0
0.0200649,0.0741007,0.0343639,0
0.00457794,0.187111,0.0449833,0
0.0195235,0.186837,0.0271294,0
0.0227849,0.185036,0.0201514,0
0.013287,0.185261,0.009223,0
0.0029126,0.0583419,0.0160831,0
0.0413052,0.0533869,0.0256363,0
0.000584566,0.100503,0.0687538,0
0.0264739,0.0311312,0.0708462,0
0.0239084,0.181657,0.0267769,0
0.0307519,0.218153,0.0563831,0
0.0463377,0.0815,0.0710603,0
0.0319653,0.0678935,0.0079729,0
0.0849085,0.0981154,0.0031605,0
0.0268121,0.183217,0.0275051,0
0.0252825,0.181932,0.026674,0
0.0203206,0.185091,0.0287683,0
0.101367,0.0892285,0.0241141,0
0.0249948,0.168287,0.04055,0
0.0268798,0.178058,0.0263714,0
0.0539508,0.0806834,0.0148686,0
0.0257329,0.179216,0.0280279,0
0.024975,0.179487,0.0286926,0
0.0290802,0.18346,0.0238271,0
0.0223351,0.184794,0.0238666,0
0.0248946,0.182516,0.0306086,0
0.0821946,0.0350075,0.0519678,0
0.0217427,0.0066889,0.0090963,0
0.0188873,0.181998,0.0301073,0
0.0214056,0.182266,0.0266137,0
0.017936,0.185417,0.0234892,0
0.0726215,0.185195,0.0398915,0
0.0421401,0.192717,0.0507244,0
0.0260462,0.183682,0.0210543,0
0.0398948,0.0751926,0.0455759,0
0.0215962,0.0529359,0.0676734,0
0.0196646,0.181482,0.0241778,0
0.0250364,0.186841,0.0236898,0
0.0787077,0.0180141,0.0210068,0
0.0252382,0.18158,0.029344,0
0.0234498,0.178946,0.0275755,0
0.0194025,0.181505,0.0297776,0
0.0400332,0.0266465,0.0966726,0
0.0141587,0.159371,0.00913116,0
0.0486016,0.130237,0.0129977,0
0.0590337,0.0282999,0.0343867,0
0.0587208,0.0512089,0.020449,0
0.0187449,0.185466,0.0261462,0
0.0241646,0.18478,0.0303028,0
0.0271703,0.185584,0.0262088,0
0.0204467,0.182077,0.0264125,0
0.0197538,0.087141,0.00571995,0
0.00857299,0.20269,0.0860323,0
0.0275718,0.185837,0.0251048,0
0.0185929,0.186646,0.0281914,0
0.0509333,0.00116711,0.0642872,0
0.030379,0.188242,0.0262678,0
0.00708311,0.142459,0.00878521,0
0.0259214,0.182558,0.0321621,0
0.0618803,0.167377,0.0543322,0
0.0507518,0.15018,0.0254931,0
0.0238401,0.0282968,0.0817035,0
0.0328153,0.126716,0.0844504,0
0.0208337,0.184627,0.0320009,0
0.0276835,0.188164,0.0259202,0
0.0655735,0.158197,0.0459061,0
0.0640585,0.0187534,0.00361123,0
0.0088907,0.0997639,0.038044,0
0.0393515,0.0895709,0.0892847,0
0.0235992,0.180704,0.0278924,0
0.0951066,0.180765,0.0379499,0
0.0413889,0.0749782,0.00197477,0
0.0357298,0.210137,0.0687257,0
0.0280616,0.185525,0.026361,0
0.0268168,0.188876,0.0239547,0
0.0266035,0.183913,0.0211339,0
0.0221613,0.183023,0.0221099,0
0.021539,0.18805,0.0266002,0
0.00568236,0.0108156,0.0229428,0
0.0508621,0.0428548,0.0925094,0
0.02451,0.143271,0.0669873,0
0.0733097,0.0948544,0.0877733,0
0.0235501,0.188552,0.0257735,0
0.0243269,0.184059,0.0303135,0
0.0215563,0.0828042,0.0820571,0
0.0928921,0.00790091,0.0726753,0
0.0432566,0.183816,0.0389394,0
0.0844229,0.0860261,0.100437,0
0.101988,0.0666561,0.0526425,0
0.0840642,0.212463,0.218583,1
0.0405143,0.0953739,0.131873,1
0.0194069,0.103216,0.121984,1
0.0915624,0.0409502,0.161416,1
0.0171615,0.118486,0.101924,1
0.0424237,0.0731657,0.116903,1
0.0948588,0.113153,0.205091,1
0.0684512,0.0965457,0.15505,1
0.0866617,0.176611,0.206791,1
0.0692761,0.126046,0.224756,1
0.00188627,0.156037,0.19443,1
0.0804614,0.122492,0.153117,1
0.0761765,0.0460952,0.219336,1
0.100557,0.0593295,0.152559,1
0.0656735,0.116537,0.169439,1
0.101585,0.0106233,0.221374,1
0.0887739,0.0660499,0.183197,1
0.0377431,0.132375,0.126402,1
0.0233415,0.0126537,0.191977,1
0.0305071,0.0150254,0.202683,1
0.0658637,0.0774204,0.212716,1
0.00250573,0.12894,0.214403,1
0.0413216,0.0125777,0.190571,1
0.00199174,0.13937,0.187937,1
0.02758,0.115369,0.180159,1
0.0657892,0.0551178,0.182534,1
0.0488061,0.132914,0.120824,1
0.0857193,0.0886035,0.137643,1
0.100054,0.107917,0.125189,1
0.0636291,0.114213,0.176307,1
0.0214076,0.140497,0.151822,1
0.0787401,0.0484938,0.105789,1
0.00520397,0.131931,0.220818,1
0.00906113,0.142837,0.21033,1
0.0591661,0.127881,0.199014,1
0.0592007,0.00676528,0.154101,1
0.0181636,0.208825,0.185967,1
0.0429386,0.191788,0.181991,1
0.0915375,0.0631896,0.157586,1
0.0181181,0.00964421,0.146305,1
0.0788511,0.080134,0.177256,1
0.0785488,0.190824,0.126277,1
0.0747064,0.169462,0.143045,1
0.0927283,0.0164425,0.150313,1
0.0662571,0.220425,0.188428,1
0.0329556,0.208369,0.164637,1
0.0179511,0.0832853,0.106834,1
0.0694672,0.111759,0.132419,1
0.0164157,0.0879861,0.214377,1
0.0549013,0.203338,0.147349,1
0.0467226,0.181374,0.113418,1
0.0453699,0.0526395,0.183718,1
0.0160227,0.192367,0.184901,1
0.00809847,0.0626552,0.179913,1
0.0747642,0.140788,0.125261,1
0.0414714,0.164998,0.154255,1
0.0990701,0.211255,0.165693,1
0.0884999,0.216854,0.186451,1
0.0505637,0.0354239,0.137054,1
0.0328456,0.0366286,0.166578,1
0.00438921,0.0716328,0.119749,1
0.0998239,0.0418303,0.203741,1
0.0454488,0.148809,0.17336,1
0.0072105,0.224171,0.164151,1
0.0164738,0.078422,0.118879,1
0.00615786,0.0516456,0.109501,1
0.0711602,0.0932629,0.150597,1
0.0698723,0.194946,0.111061,1
0.0262458,0.222282,0.159479,1
0.0426282,0.146132,0.161704,1
0.0589808,0.156687,0.221163,1
0.023544,0.155378,0.136843,1
0.065262,0.140084,0.142951,1
0.0602762,0.0610609,0.187544,1
0.0667557,0.0237179,0.187525,1
0.0339665,0.0793811,0.12416,1
0.0672933,0.102869,0.191034,1
0.0752803,0.0391288,0.12243,1
0.0766191,0.170728,0.216679,1
0.0540292,0.0416885,0.165265,1
0.0822328,0.176031,0.160642,1
0.00501865,0.188629,0.106099,1
0.0688804,0.0497946,0.182254,1
0.0539806,0.182023,0.152453,1
0.0156881,0.119675,0.165896,1
0.0596224,0.135909,0.125908,1
0.030078,0.0903336,0.118283,1
0.0226284,0.213915,0.164031,1
0.0732113,0.103282,0.189846,1
0.042582,0.0481058,0.177569,1
0.00413007,0.00718133,0.112766,1
0.0964226,0.181002,0.200845,1
0.0350908,0.0665848,0.160091,1
0.090526,0.196138,0.163686,1
0.0836812,0.195368,0.191002,1
0.0462858,0.0750506,0.112239,1
0.0153791,0.0163043,0.146812,1
0.0505417,0.224627,0.1857,1
0.027947,0.033621,0.20799,1
0.0562958,0.0658146,0.141959,1
0.0522125,0.0494964,0.142817,1
0.0919117,0.107702,0.106966,1
0.080348,0.161932,0.114346,1
0.0363114,0.195835,0.223399,1
0.0856985,0.182065,0.115182,1
0.00999672,0.176014,0.184787,1
0.0901003,0.219567,0.206463,1
0.0419842,0.0366195,0.11479,1
0.0343058,0.162214,0.2144,1
0.0698217,0.182652,0.188826,1
0.0631044,0.192469,0.193115,1
0.0127994,0.0753056,0.123725,1
0.0701567,0.0943,0.105211,1
0.0340503,0.0514599,0.208039,1
0.0722275,0.0914779,0.12102,1
0.0433226,0.0802642,0.212623,1
0.00849558,0.0643152,0.202813,1
0.0793828,0.101416,0.222248,1
0.0693824,0.0944957,0.144909,1
0.0548954,0.0832904,0.172646,1
0.0623572,0.0154,0.167364,1
0.0472337,0.0834963,0.105865,1
0.0277197,0.0768559,0.14002,1
0.0748169,0.0901322,0.174335,1
0.0928803,0.113817,0.136959,1
0.0975502,0.00417075,0.105804,1
0.0950288,0.193204,0.211869,1
0.202228,0.17565,0.0949009,2
0.21055,0.121291,0.000398532,2
0.107639,0.203006,0.0172828,2
0.105788,0.123396,0.0721908,2
0.177742,0.128161,0.0627234,2
0.154005,0.180669,0.083717,2
0.167089,0.200338,0.073354,2
0.16334,0.214418,0.115149,2
0.126715,0.0386377,0.0667229,2
0.103535,0.0520409,0.075385,2
0.112761,0.0201142,0.0818654,2
0.108547,0.0785475,0.106951,2
0.164089,0.000199782,0.00195137,2
0.129478,0.0550873,0.0712575,2
0.104504,0.0255624,0.025255,2
0.135525,0.00261186,0.0304606,2
0.104217,0.12946,0.0398709,2
0.117856,0.111405,0.08149,2
0.162447,0.0826299,0.112611,2
0.108759,0.034381,0.0686875,2
0.104299,0.0423336,0.0746519,2
0.196304,0.0271736,0.00207347,2
0.120552,0.0418295,0.104599,2
0.193722,0.0720923,0.0524372,2
0.218222,0.0142584,0.0759814,2
0.172167,0.0282959,0.0700623,2
0.192529,0.223222,0.0614403,2
0.137552,0.0237373,0.0788064,2
0.127552,0.0269647,0.027538,2
0.170589,0.0162969,0.00463008,2
0.105017,0.151829,0.0478206,2
0.130395,0.2171,0.027346,2
0.153395,0.119903,0.0156887,2
0.118863,0.0179448,0.108254,2
0.155298,0.194496,0.0365554,2
0.205314,0.053042,0.0921699,2
0.123432,0.194125,0.0433243,2
0.219721,0.0842303,0.0391199,2
0.217569,0.0038713,0.06022,2
0.113996,0.0178279,0.0564325,2
0.180036,0.0310276,0.0708055,2
0.193179,0.187152,0.0561822,2
0.192581,0.149626,0.0536357,2
0.126134,0.20492,0.0393694,2
0.111775,0.0139305,0.00970932,2
0.164466,0.0566264,0.0850311,2
0.102332,0.19944,0.0612594,2
0.223238,0.0447051,0.00538255,2
0.20981,0.0551371,0.0583798,2
0.222919,0.0287453,0.050924,2
0.175159,0.18315,0.0172909,2
0.125666,0.204843,0.0889345,2
0.157723,0.150844,0.10074,2
0.12457,0.0759101,0.0939785,2
0.204851,0.0500749,0.0957416,2
0.203873,0.0691456,0.0816866,2
0.165282,0.183542,0.10376,2
0.212674,0.194517,0.0307059,2
0.151337,0.181885,0.00241584,2
0.195826,0.178173,0.100452,2
0.193478,0.168255,0.10333,2
0.161074,0.127249,0.0166653,2
0.164401,0.175305,0.0194538,2
0.192564,0.0852572,0.115168,2
0.156394,0.219734,0.0623215,2
0.164182,0.166084,0.103597,2
0.217234,0.0499944,0.0201632,2
0.184717,0.0587234,0.112112,2
0.195423,0.139273,0.02094,2
0.121119,0.0239962,0.019847,2
0.174747,0.13226,0.0387955,2
0.135268,0.112128,0.107578,2
0.221303,0.120317,0.0737373,2
0.147645,0.00988303,0.0162711,2
0.137673,0.213751,0.0252342,2
0.223518,0.0126154,0.0477255,2
0.109967,0.0536952,0.0142401,2
0.171563,0.0380681,0.00683656,2
0.158394,0.0246596,0.06474,2
0.150541,0.00530058,0.101277,2
0.182162,0.0419047,0.0954225,2
0.145443,0.119662,0.0870523,2
0.204251,0.0958174,0.11423,2
0.183839,0.113278,0.109922,2
0.191482,0.0219771,0.00663368,2
0.124277,0.15976,0.0822138,2
0.219843,0.0262031,0.107374,2
0.166664,0.0642245,0.0661954,2
0.112342,0.168622,0.082607,2
0.207868,0.0629148,0.0198231,2
0.172187,0.0742634,0.0862443,2
0.212725,0.00825942,0.0917375,2
0.218381,0.0935828,0.078922,2
0.188346,0.139056,0.0938771,2
0.175265,0.041544,0.108202,2
0.223839,0.181034,0.0884128,2
0.140406,0.100248,0.063398,2
0.143576,0.193658,0.0182277,2
0.181878,0.15017,0.0404949,2
0.152541,0.123285,0.0585348,2
0.105759,0.0905732,0.104763,2
0.133698,0.104585,0.0357394,2
0.16937,0.160106,0.000454761,2
0.174383,0.11735,0.0416297,2
0.150406,0.109722,0.101822,2
0.186651,0.129471,0.0169725,2
0.152651,0.143829,0.0846195,2
0.159198,0.104259,0.0158441,2
0.123946,0.155451,0.0496005,2
0.199939,0.186203,0.0923331,2
0.178966,0.116997,0.0419567,2
0.223398,0.22202,0.106671,2
0.159812,0.183992,0.0145881,2
0.198598,0.181304,0.0127609,2
0.157175,0.128131,0.0690561,2
0.185777,0.108493,0.0719332,2
0.106245,0.0864614,0.0445524,2
0.136011,0.128927,0.0859477,2
0.12595,0.100061,0.0763113,2
0.127263,0.123256,0.0781008,2
0.136521,0.127015,0.0110573,2
0.216294,0.145518,0.0030235,2
0.221424,0.126752,0.0582143,2
0.152093,0.130438,0.0606672,2
0.135399,0.160169,0.101984,2
0.105791,0.200048,0.0702321,2
0.198642,0.0881511,0.112322,2
0.10349,0.103877,0.0655149,2
0.112696,0.174161,0.16131,3
0.203738,0.0526902,0.222303,3
0.110746,0.0328717,0.202491,3
0.192306,0.0285423,0.1194,3
0.112958,0.146722,0.218195,3
0.217985,0.0340931,0.124142,3
0.112926,0.209065,0.157738,3
0.204805,0.0248009,0.148113,3
0.208812,0.0229826,0.134446,3
0.206764,0.106094,0.116898,3
0.209917,0.0101983,0.144489,3
0.120906,0.0564037,0.18958,3
0.114289,0.0324306,0.193475,3
0.166999,0.0225751,0.120875,3
0.135673,0.0398677,0.215407,3
0.137489,0.0620295,0.126508,3
0.167395,0.0175499,0.123131,3
0.195695,0.0751819,0.179797,3
0.217845,0.0458782,0.15331,3
0.187327,0.0246146,0.130264,3
0.169263,0.0421321,0.199763,3
0.12476,0.155047,0.127155,3
0.188888,0.0364167,0.205757,3
0.132771,0.0553725,0.195833,3
0.197441,0.0287202,0.138206,3
0.173423,0.0876415,0.183078,3
0.197375,0.123101,0.172841,3
0.124383,0.00915435,0.192999,3
0.126829,0.177746,0.183768,3
0.13755,0.0184043,0.144371,3
0.188011,0.216447,0.161331,3
0.164139,0.00280401,0.1542,3
0.202786,0.0673972,0.16185,3
0.175726,0.0658659,0.124895,3
0.138174,0.0558461,0.207239,3
0.155082,0.0915838,0.153858,3
0.168098,0.0270785,0.192965,3
0.219172,0.0147068,0.184855,3
0.201361,0.095881,0.212047,3
0.116192,0.0489027,0.216068,3
0.113893,0.0603242,0.133929,3
0.205288,0.0385192,0.129701,3
0.129126,0.0840966,0.171162,3
0.203795,0.0707742,0.197881,3
0.147055,0.0187834,0.185181,3
0.18184,0.215098,0.121184,3
0.142182,0.0694985,0.143422,3
0.139022,0.134317,0.224794,3
0.142664,0.186943,0.204632,3
0.186071,0.098831,0.139685,3
0.15714,0.186845,0.13376,3
0.195078,0.0482427,0.122418,3
0.217007,0.191048,0.119129,3
0.137242,0.0432196,0.14287,3
0.103116,0.125012,0.148179,3
0.16614,0.127316,0.121322,3
0.219372,0.185842,0.219362,3
0.197817,0.0244173,0.162364,3
0.138476,0.108949,0.195926,3
0.190072,0.208103,0.156125,3
0.14347,0.164052,0.211554,3
0.156775,0.172969,0.171794,3
0.145682,0.0532213,0.156575,3
0.106507,0.142769,0.12598,3
0.194043,0.121488,0.148639,3
0.207302,0.176351,0.143557,3
0.200965,0.163204,0.20221,3
0.139408,0.18304,0.187637,3
0.149989,0.209039,0.144702,3
0.162576,0.118408,0.192919,3
0.197718,0.0909537,0.117518,3
0.190652,0.0207738,0.206226,3
0.127284,0.143349,0.202444,3
0.148458,0.202798,0.177369,3
0.112551,0.175173,0.143276,3
0.121053,0.178031,0.217921,3
0.103726,0.0108771,0.171593,3
0.223145,0.186486,0.137983,3
0.156733,0.162086,0.223627,3
0.20364,0.146725,0.153955,3
0.181263,0.174328,0.203149,3
0.125154,0.150704,0.143081,3
0.19381,0.0313473,0.186176,3
0.20329,0.0149465,0.198716,3
0.164037,0.101263,0.196401,3
0.217092,0.123858,0.161696,3
0.184944,0.106779,0.162576,3
0.153293,0.144974,0.168083,3
0.114606,0.139085,0.143827,3
0.133647,0.217805,0.217488,3
0.212326,0.0228606,0.203704,3
0.146009,0.223923,0.181067,3
0.159678,0.152609,0.141348,3
0.186479,0.21002,0.175833,3
0.170265,0.150476,0.220684,3
0.188588,0.0198927,0.181075,3
0.198062,0.129719,0.149299,3
0.191227,0.0518871,0.168304,3
0.198655,0.166285,0.166236,3
0.217283,0.0387265,0.168228,3
0.103952,0.0791192,0.143183,3
0.221948,0.0891921,0.211387,3
0.198902,0.14169,0.189669,3
0.224329,0.119436,0.127758,3
0.180882,0.131416,0.13055,3
0.164431,0.205234,0.148939,3
0.136116,0.16035,0.141195,3
0.139096,0.218684,0.156179,3
0.14127,0.210177,0.168699,3
0.211432,0.185692,0.196312,3
0.147222,0.16354,0.212601,3
0.208596,0.196155,0.176792,3
0.21096,0.111965,0.148744,3
0.111461,0.138919,0.147643,3
0.208584,0.20702,0.20337,3
0.116637,0.166992,0.224076,3
0.182412,0.198311,0.180267,3
0.173638,0.104135,0.173546,3
0.118291,0.218492,0.159833,3
0.113602,0.065865,0.135125,3
0.141695,0.178481,0.203968,3
0.178754,0.0186692,0.117045,3
0.179915,0.184664,0.118397,3
