x coord,y coord,z coord,rank
0.0715208,0.140946,0.0994155,0
0.157285,0.167199,0.0325166,0
0.138098,0.168383,0.0430279,0
0.0702778,0.141619,0.0896308,0
0.0720092,0.13777,0.0962693,0
0.0772793,0.137472,0.0918135,0
0.0761271,0.143019,0.0973213,0
0.0785471,0.142975,0.0887335,0
0.0753348,0.140899,0.0920185,0
0.0742022,0.141672,0.0968798,0
0.0141432,0.169682,0.0493454,0
0.0728926,0.139129,0.096373,0
0.0751801,0.1425,0.0956075,0
0.0179216,0.204278,0.0715618,0
0.0720966,0.142222,0.096622,0
0.189625,0.199375,0.102803,0
0.0727362,0.144206,0.0955375,0
0.138356,0.160205,0.0515247,0
0.224209,0.202006,0.0691891,0
0.0786136,0.158512,0.00301314,0
0.0976024,0.197277,0.033652,0
0.159654,0.166059,0.0863794,0
0.07256,0.137371,0.0853806,0
0.147092,0.217659,0.0506402,0
0.0794884,0.138907,0.0954033,0
0.00960099,0.158649,0.0968482,0
0.0748184,0.143667,0.095963,0
0.16841,0.210681,0.0678147,0
0.146246,0.162044,0.0882358,0
0.0878131,0.146342,0.0100742,0
0.103174,0.18162,0.0673952,0
0.078657,0.175242,0.0597693,0
0.123151,0.19424,0.0983412,0
0.184557,0.188047,0.0297901,0
0.0871439,0.148841,0.0498452,0
0.0714654,0.144218,0.0977428,0
0.0751659,0.140734,0.0916472,0
0.108379,0.144776,0.0742652,0
0.0520788,0.161198,0.0911912,0
0.032557,0.162364,0.096778,0
0.0575372,0.167363,0.0666046,0
0.0697468,0.140434,0.0949093,0
0.129854,0.194893,0.0326137,0
0.143368,0.185126,0.0340785,0
0.00073277,0.194997,0.034575,0
0.112198,0.178164,0.0618713,0
0.186937,0.199461,0.0809656,0
0.188842,0.200823,0.0732536,0
0.0776664,0.138744,0.0911377,0
0.0771374,0.141858,0.092581,0
0.0646394,0.141051,0.0130962,0
0.00493394,0.164946,0.0023097,0
0.00708171,0.17672,0.0169356,0
0.0748435,0.139949,0.0923406,0
0.187925,0.171452,0.0399755,0
0.0725008,0.142724,0.0964598,0
0.118879,0.163242,0.0454701,0
0.0937314,0.191639,0.0386302,0
0.204628,0.169608,0.0935133,0
0.0853306,0.214502,0.00602657,0
0.0722036,0.140602,0.0927279,0
0.0927778,0.212702,0.0159658,0
0.204982,0.216868,0.0384477,0
0.0729053,0.13865,0.0956287,0
0.075352,0.222858,0.052596,0
0.130876,0.138225,0.0792293,0
0.0706588,0.16176,0.0284211,0
0.0709862,0.143337,0.0940525,0
0.0710254,0.146035,0.0934297,0
0.0621371,0.14094,0.0141571,0
0.062076,0.212328,0.0612182,0
0.186614,0.20816,0.0342552,0
0.0752755,0.140755,0.0974555,0
0.0760089,0.142763,0.0928519,0
0.0725685,0.139249,0.0912496,0
0.143442,0.221569,0.0481528,0
0.183289,0.161931,0.0701666,0
0.0724608,0.140049,0.0922716,0
0.0155398,0.151483,0.101036,0
0.188152,0.208189,0.0342073,0
0.0119588,0.158362,0.0216458,0
0.182764,0.197002,0.0501963,0
0.0893069,0.197802,0.0479865,0
0.138341,0.22432,0.0238836,0
0.0187176,0.178032,0.0558587,0
0.0755007,0.138457,0.0924315,0
0.0770279,0.139067,0.0991769,0
0.0793417,0.143349,0.0917151,0
0.124703,0.159761,0.0529173,0
0.135015,0.176745,0.0467226,0
0.00611007,0.184625,0.00799183,0
0.0708024,0.138488,0.0875923,0
0.179294,0.221574,0.0662628,0
0.00299584,0.152454,0.0731938,0
0.0343212,0.185037,0.0131015,0
0.115159,0.198402,0.0241385,0
0.0693838,0.143117,0.0954591,0
0.18792,0.180455,0.0404111,0
0.0797794,0.161217,0.00518073,0
0.0910228,0.194114,0.0127513,0
0.0336115,0.198801,0.00900947,0
0.14568,0.164929,0.0461855,0
0.0761193,0.141896,0.0964534,0
0.163625,0.220858,0.0454679,0
0.172814,0.163485,0.0965881,0
0.130847,0.181332,0.041569,0
0.0728471,0.14204,0.0944983,0
0.0183526,0.206918,0.0881407,0
0.0769812,0.146071,0.0942297,0
0.0348993,0.144732,0.00376752,0
0.146893,0.222875,0.0270779,0
0.120085,0.167304,0.0355534,0
0.0720991,0.141914,0.0978933,0
0.0138803,0.212791,0.0133971,0
0.119787,0.193626,0.0684452,0
0.0708901,0.141475,0.0916725,0
0.0356861,0.169144,0.014773,0
0.0794403,0.13905,0.0937653,0
0.0706674,0.143641,0.096572,0
0.0733713,0.143675,0.0923567,0
0.0748467,0.145583,0.097585,0
0.074138,0.146033,0.0946609,0
0.181341,0.171975,0.10372,0
0.0724719,0.140615,0.0936119,0
0.0710783,0.138918,0.0955567,0
0.0505854,0.138334,0.0453883,0
0.107743,0.0138855,0.147296,1
0.160457,0.00542767,0.203156,1
0.0846447,0.0216713,0.211405,1
0.071497,0.0448304,0.117914,1
0.102979,0.0615093,0.146239,1
0.158938,0.0347188,0.130173,1
0.0630065,0.0899359,0.221457,1
0.0276305,0.02535,0.205636,1
0.0607813,0.0372933,0.120615,1
0.15559,0.0556963,0.136816,1
0.125483,0.026214,0.114168,1
0.097406,0.00987389,0.149194,1
0.117113,0.00220551,0.218522,1
0.210858,0.0449763,0.129167,1
1.17277e-05,0.0274912,0.17504,1
0.0151685,0.0095419,0.196235,1
0.057114,0.0538823,0.218694,1
0.0897366,0.0663002,0.221359,1
0.169555,0.0851693,0.195436,1
0.0360633,0.0265111,0.127893,1
0.0665543,0.00979755,0.126091,1
0.185623,0.00320216,0.193463,1
0.0781602,0.022551,0.144578,1
0.0773745,0.0849861,0.148551,1
0.150266,0.0650843,0.143828,1
0.0996049,0.060045,0.188356,1
0.145858,0.0753998,0.114474,1
0.201767,0.0270798,0.152623,1
0.0948212,0.00467881,0.149535,1
0.17,0.0862072,0.157535,1
0.0955638,0.0410258,0.158014,1
0.133819,0.080915,0.210482,1
0.00918589,0.0880801,0.180811,1
0.00108164,0.0751352,0.179554,1
0.144958,0.0105666,0.124959,1
0.195763,0.0340065,0.200981,1
0.10251,0.0351076,0.151836,1
0.224405,0.0723136,0.120649,1
0.207296,0.0246496,0.147508,1
0.220286,0.0216826,0.166737,1
0.128105,0.089109,0.222894,1
0.0354489,0.0373631,0.173659,1
0.137989,0.0473431,0.127619,1
0.018352,0.0594143,0.1975,1
0.13751,0.0490049,0.126062,1
0.0295126,0.00255658,0.132582,1
0.201256,0.00976023,0.193442,1
0.218192,0.0369809,0.132103,1
0.133337,0.0306883,0.118294,1
0.0589786,0.0363431,0.161942,1
0.0942165,0.0896168,0.160658,1
0.211775,0.0807478,0.109147,1
0.0681931,0.0609381,0.159953,1
0.0929551,0.0184406,0.207244,1
0.107852,0.0144888,0.158893,1
0.189931,0.0250981,0.127301,1
0.0244225,0.0417624,0.115967,1
0.120097,0.0740213,0.205654,1
0.0384488,0.00231353,0.132481,1
0.149402,0.0565906,0.175552,1
0.101947,0.075813,0.11106,1
0.0928579,0.0453937,0.223671,1
0.0688881,0.0188696,0.203004,1
0.0352547,0.00156849,0.133742,1
0.0386024,0.0270339,0.197145,1
0.00734006,0.0365771,0.118343,1
0.170585,0.0382901,0.153735,1
0.0338084,0.0382583,0.177867,1
0.0379795,0.0373541,0.17984,1
0.173895,0.0554962,0.115592,1
0.0351224,0.0648646,0.196476,1
0.067983,0.018791,0.135243,1
0.104179,0.0525577,0.188047,1
0.048036,0.0868143,0.120066,1
0.063703,0.0128157,0.180939,1
0.17692,0.0576326,0.165375,1
0.0548974,0.0399209,0.127499,1
0.201225,0.0684103,0.139591,1
0.0416467,0.0391613,0.118478,1
0.199057,0.0303179,0.201995,1
0.102945,0.0276903,0.222195,1
0.0425287,0.0367873,0.11117,1
0.10419,0.0360291,0.121752,1
0.169297,0.0070942,0.179271,1
0.0886556,0.0310186,0.192713,1
0.132542,0.0769353,0.223166,1
0.097089,0.0272031,0.118044,1
0.00901967,0.00195731,0.20231,1
0.16336,0.00798697,0.186823,1
0.0140282,0.0427395,0.114372,1
0.0549371,0.05423,0.156475,1
0.0606156,0.0470486,0.17791,1
0.0210862,0.0375132,0.146566,1
0.0110544,0.087659,0.181206,1
0.162611,0.0469647,0.165339,1
0.0379522,0.0688506,0.114296,1
0.186935,0.0584948,0.207648,1
0.0194579,0.0316195,0.131006,1
0.000921377,0.0758827,0.179674,1
0.116571,0.0512301,0.151853,1
0.141428,0.0511397,0.13259,1
0.0367964,0.0659673,0.182675,1
0.197026,0.0691132,0.145097,1
0.00957356,0.051635,0.157814,1
0.0133689,0.0787594,0.130546,1
0.0335633,0.0857688,0.187494,1
0.154074,0.00247568,0.168529,1
0.058296,0.0181695,0.147011,1
0.109909,0.0245255,0.17435,1
0.0159581,0.0865186,0.150783,1
0.202486,0.0682618,0.214478,1
0.101375,0.0360966,0.176445,1
0.174124,0.00874828,0.177761,1
0.141123,0.0870948,0.189995,1
0.140382,0.0280098,0.2217,1
0.130793,0.0298003,0.200865,1
0.181118,0.00255625,0.148577,1
0.0859368,0.0736198,0.147866,1
0.0763627,0.0199455,0.196688,1
0.0120228,0.0628217,0.194228,1
0.0316958,0.0142909,0.144509,1
0.0856474,0.0166726,0.209793,1
0.0638202,0.011774,0.169278,1
0.0404533,0.00352408,0.108373,1
0.20174,0.103737,0.0930931,2
0.0417328,0.135594,0.027418,2
0.168706,0.000546387,0.105583,2
0.122596,0.0998341,0.0898607,2
0.0819012,0.0391266,0.0933683,2
0.0655048,0.0655084,0.104896,2
0.0470308,0.105058,0.00300753,2
0.0742949,0.136799,0.0954834,2
0.1061,0.049653,0.012084,2
0.078555,0.121692,0.0702877,2
0.20223,0.128342,0.095539,2
0.152381,0.12443,0.0926215,2
0.0904952,0.0980767,0.00832651,2
0.085414,0.0788786,0.096137,2
0.149612,0.0216295,0.0894925,2
0.114745,0.0930907,0.0856978,2
0.110981,0.0310585,0.0488375,2
0.193344,0.13073,0.0557369,2
0.127219,0.00436903,0.024066,2
0.0365882,0.127674,0.0499568,2
0.0623682,0.0104262,0.0742953,2
0.0906616,0.117593,0.00374687,2
0.103344,0.115241,0.0155177,2
0.201761,0.121956,0.0868721,2
0.167555,0.135964,0.0398097,2
0.0765323,0.112848,0.0700366,2
0.0021343,0.124408,0.0623352,2
0.183543,0.0750848,0.00948514,2
0.0713998,0.0544314,0.00837778,2
0.0409244,0.0828496,0.086293,2
0.163549,0.132018,0.0104979,2
0.0306762,0.126491,0.0303001,2
0.223226,0.128739,0.0477991,2
0.0320532,0.103162,0.0259198,2
0.00127365,0.022475,0.0831845,2
0.015413,0.00324786,0.051383,2
0.00860812,0.102406,0.0632054,2
0.0174648,0.0287507,0.0861947,2
0.00578239,0.0256287,0.0217586,2
0.105677,0.0451047,0.0965245,2
0.0323576,0.135361,0.105016,2
0.069786,0.0604554,0.0576718,2
0.0299518,0.0213863,0.0212391,2
0.0377162,0.0859197,0.0938405,2
0.110598,0.0470524,0.0361984,2
0.0970939,0.0492281,0.0537271,2
0.223233,0.0484547,0.022164,2
0.0681441,0.0737313,0.0098156,2
0.0260254,0.00700035,0.00305516,2
0.138347,0.134444,0.0727311,2
0.0261864,0.102935,0.0249042,2
0.112145,0.131589,0.0901773,2
0.0286083,0.025259,0.0177972,2
0.0771388,0.135928,0.0933124,2
0.00159674,0.0507303,0.00156688,2
0.00991837,0.0778381,0.0439706,2
0.155597,0.0230622,0.0134105,2
0.0304921,0.0590011,0.0659265,2
0.000875469,0.0857688,0.0106826,2
0.130893,0.0516192,0.0600522,2
0.145315,0.103606,0.0373771,2
0.0464497,0.0698635,0.0171807,2
0.0186135,0.0599472,0.000522583,2
0.200996,0.0983146,0.032939,2
0.134545,0.0631235,0.0533724,2
0.00221754,0.0614095,0.102692,2
0.0402977,0.0712756,0.10504,2
0.210955,0.0375518,0.0658918,2
0.191586,0.0462127,0.0453781,2
0.181186,0.0639484,0.026442,2
0.0218118,0.0338027,0.0230728,2
0.0766891,0.135928,0.0924909,2
0.131196,0.0710748,0.0676184,2
0.0374117,0.0900755,0.0552871,2
0.00185717,0.0226535,0.0776252,2
0.133187,0.00416843,0.100474,2
0.210301,0.0407861,0.097877,2
0.135163,0.135748,0.0784629,2
0.0986355,0.0968855,0.0788129,2
0.135737,0.0833273,0.0230042,2
0.168276,0.127607,0.0955277,2
0.0878085,0.0346182,0.0115569,2
0.0335343,0.118364,0.0300924,2
0.0335623,0.038608,0.0712617,2
0.120527,0.0848615,0.0880771,2
0.170485,0.134785,0.0742216,2
0.161393,0.0524456,0.0831326,2
0.016635,0.103921,0.0935706,2
0.117071,0.0433539,0.0683608,2
0.117368,0.122884,0.0972605,2
0.159788,0.0205019,0.0995658,2
0.0952307,0.0826735,0.0620257,2
0.0208194,0.126844,0.0168566,2
0.0689125,0.127937,0.0112097,2
0.161206,0.0159872,0.0233091,2
0.135759,0.0335167,0.0451174,2
0.142022,0.0305882,0.0162014,2
0.184886,0.0473809,0.0143552,2
0.216995,0.122156,0.0314789,2
0.181821,0.132281,0.0678559,2
0.146065,0.102398,0.0636782,2
0.0512907,0.0644306,0.00689767,2
0.0355814,0.0292118,0.0913132,2
0.0756224,0.134311,0.0890807,2
0.0452456,0.00600956,0.024313,2
0.155102,0.0372611,0.0965298,2
0.0619232,0.102205,0.00979403,2
0.139862,0.132752,0.0105999,2
0.135847,0.0651478,0.0423592,2
0.00199397,0.0879385,0.0706804,2
0.188771,0.0873195,0.0724266,2
0.00913862,0.0983878,0.0612314,2
0.0246066,0.0991827,0.00885879,2
0.0656092,0.0224373,0.0244757,2
0.0482455,0.0698639,0.0415994,2
0.0768807,0.0396502,0.045166,2
0.00544075,0.00883005,0.0852093,2
0.00609135,0.0750886,0.0656122,2
0.124796,0.126014,0.0605266,2
0.183446,0.131596,0.0353649,2
0.117674,0.120455,0.0242197,2
0.033774,0.0975255,0.0915146,2
0.0714659,0.134986,0.0916832,2
0.0729405,0.136289,0.0902758,2
0.00521823,0.114016,0.102882,2
0.0677717,0.136961,0.0926617,2
0.0701619,0.217993,0.138393,3
0.0911151,0.176953,0.170997,3
0.153245,0.158143,0.115094,3
0.0895058,0.134837,0.137042,3
0.0349624,0.144989,0.166216,3
0.0986091,0.162851,0.122702,3
0.145147,0.206116,0.171467,3
0.191029,0.104206,0.107652,3
0.10819,0.193621,0.209897,3
0.154765,0.139701,0.136628,3
0.155442,0.217681,0.143685,3
0.156136,0.0963297,0.14502,3
0.18712,0.183702,0.204782,3
0.173324,0.16165,0.215866,3
0.197668,0.110583,0.166396,3
0.146641,0.130954,0.132254,3
0.205955,0.113778,0.118478,3
0.206781,0.164341,0.115666,3
0.210171,0.167788,0.12867,3
0.163648,0.100472,0.171725,3
0.147419,0.1018,0.20132,3
0.124431,0.183903,0.187941,3
0.149129,0.21703,0.223611,3
0.194667,0.207383,0.161639,3
0.173205,0.157509,0.15512,3
0.143702,0.193774,0.133507,3
0.161635,0.183962,0.161777,3
0.174215,0.126252,0.167007,3
0.149657,0.207212,0.196786,3
0.167175,0.219111,0.163577,3
0.119041,0.202574,0.19971,3
0.143184,0.205985,0.203188,3
0.0641732,0.0908136,0.20671,3
0.206957,0.0961406,0.148733,3
0.149975,0.107713,0.144289,3
0.112792,0.158399,0.219042,3
0.220562,0.133187,0.219081,3
0.131011,0.119571,0.192596,3
0.00587772,0.0907296,0.172703,3
0.125795,0.187348,0.134996,3
0.135259,0.174231,0.223979,3
0.182451,0.142691,0.109018,3
0.0639358,0.107308,0.128015,3
0.215892,0.0985072,0.211488,3
0.0471467,0.204079,0.224353,3
0.195686,0.120486,0.218917,3
0.168699,0.211744,0.140951,3
0.196848,0.166806,0.153885,3
0.104286,0.184352,0.159423,3
0.000580061,0.145142,0.216761,3
0.20769,0.148264,0.191541,3
0.151788,0.142025,0.207754,3
0.0606696,0.184207,0.218625,3
0.187201,0.175823,0.202552,3
0.215087,0.123977,0.185435,3
0.167273,0.177786,0.15233,3
0.12607,0.126479,0.170914,3
0.0983118,0.128067,0.11706,3
0.096407,0.138518,0.195741,3
0.215361,0.210649,0.171932,3
0.0647475,0.0991363,0.194419,3
0.203024,0.19691,0.18776,3
0.205161,0.123044,0.127202,3
0.113944,0.221242,0.153625,3
0.11485,0.128322,0.19455,3
0.19684,0.214613,0.170092,3
0.126611,0.183028,0.139002,3
0.104283,0.186247,0.131538,3
0.0326812,0.166143,0.120988,3
0.156094,0.109184,0.17566,3
0.189435,0.117705,0.207976,3
0.0612163,0.196357,0.182639,3
0.113681,0.103084,0.149605,3
0.0287753,0.184724,0.193248,3
0.0019196,0.139917,0.164407,3
0.197439,0.214235,0.120313,3
0.0343593,0.169128,0.123351,3
0.0267714,0.119413,0.219959,3
0.00979146,0.187931,0.167024,3
0.0998549,0.202917,0.181652,3
0.127449,0.21321,0.201322,3
0.022254,0.157973,0.219057,3
0.0985876,0.178273,0.168344,3
0.0316306,0.104531,0.182074,3
0.0937546,0.221967,0.179794,3
0.200735,0.0937645,0.152877,3
0.124153,0.175826,0.195335,3
0.0798518,0.153158,0.214029,3
0.168159,0.203591,0.133255,3
0.158581,0.178976,0.222368,3
0.195327,0.12812,0.222249,3
0.0522375,0.110963,0.193786,3
0.129619,0.187215,0.163051,3
0.103388,0.194086,0.173032,3
0.057457,0.170898,0.207725,3
0.0720205,0.200356,0.183342,3
0.0575393,0.16737,0.223276,3
0.0470491,0.163154,0.114357,3
0.00484546,0.189552,0.216181,3
0.0731159,0.197475,0.12272,3
0.160096,0.132257,0.140778,3
0.0708299,0.180286,0.169862,3
0.0632611,0.178072,0.197595,3
0.185318,0.136506,0.155712,3
0.124628,0.200573,0.128207,3
0.0583605,0.188173,0.210972,3
0.127971,0.133091,0.165705,3
0.002505,0.136036,0.125206,3
0.107264,0.114439,0.211237,3
0.00275331,0.167811,0.186168,3
0.0584957,0.192763,0.164348,3
0.00972178,0.140409,0.16271,3
0.0387678,0.144753,0.199643,3
0.0196114,0.217246,0.153269,3
0.191779,0.0957713,0.11576,3
0.19989,0.102833,0.190394,3
0.155419,0.106906,0.193023,3
0.155218,0.109644,0.167996,3
0.0753928,0.108067,0.197277,3
0.112187,0.116297,0.151535,3
0.0511911,0.185271,0.11212,3
0.0352898,0.0920081,0.138679,3
0.0309535,0.109976,0.107872,3
0.104299,0.0906251,0.2078,3
