x coord,y coord,z coord,rank
0.216582,0.162649,0.102522,0
0.151386,0.208627,0.0552224,0
0.119397,0.175084,0.0260428,0
0.219025,0.16493,0.0244676,0
0.105335,0.14314,0.0737983,0
0.21708,0.162643,0.0925538,0
0.194004,0.125293,0.0438434,0
0.196728,0.205128,0.0446758,0
0.116199,0.159849,0.120744,0
0.194546,0.211139,0.0429916,0
0.148242,0.213096,0.0551579,0
0.181771,0.174807,0.0911793,0
0.10383,0.130772,0.0971631,0
0.188872,0.217274,0.0770182,0
0.19961,0.132875,0.0138543,0
0.204097,0.120337,0.0341322,0
0.159214,0.157027,0.0876913,0
0.139418,0.208893,0.109842,0
0.167777,0.139178,0.0286975,0
0.114603,0.198175,0.0497246,0
0.198619,0.200182,0.0636241,0
0.221504,0.127612,0.052914,0
0.114567,0.126667,0.0256232,0
0.21065,0.184741,0.0899332,0
0.173749,0.189592,0.0134042,0
0.211027,0.221902,0.014433,0
0.181398,0.172388,0.0606645,0
0.18935,0.121555,0.195841,0
0.144311,0.151649,0.0906331,0
0.221494,0.21333,0.00169104,0
0.21579,0.123464,0.0408819,0
0.139765,0.137184,0.0362696,0
0.124359,0.152299,0.0171832,0
0.134287,0.131361,0.217304,0
0.128153,0.130047,0.140418,0
0.129178,0.223619,0.106218,0
0.160145,0.163005,0.0508335,0
0.195488,0.136262,0.206369,0
0.21562,0.148827,0.0895908,0
0.161977,0.12256,0.170555,0
0.156734,0.159112,0.110715,0
0.174912,0.166882,0.0916983,0
0.142232,0.15524,0.216705,0
0.206451,0.125374,0.199342,0
0.184434,0.197233,0.0613856,0
0.118565,0.125049,0.125001,0
0.174332,0.208046,0.0942817,0
0.178695,0.132847,0.219261,0
0.169602,0.135919,0.186859,0
0.152759,0.138114,0.169883,0
0.107041,0.142173,0.222486,0
0.112345,0.200151,0.128712,0
0.171947,0.167962,0.208179,0
0.161456,0.220539,0.083346,0
0.202223,0.199963,0.147552,0
0.210407,0.163628,0.142064,0
0.165231,0.162246,0.13403,0
0.12516,0.224384,0.153962,0
0.142328,0.219698,0.207714,0
0.179984,0.223482,0.217634,0
0.175549,0.191485,0.196449,0
0.175769,0.168105,0.141567,0
0.162265,0.17695,0.0609251,0
0.122967,0.206208,0.178713,0
0.176278,0.137941,0.105552,0
0.181499,0.224462,0.0486825,0
0.174999,0.18633,0.0727399,0
0.218318,0.145748,0.202736,0
0.108747,0.184038,0.221572,0
0.124113,0.148392,0.183194,0
0.167642,0.201532,0.172092,0
0.17969,0.167934,0.219997,0
0.1497,0.173406,0.16234,0
0.111939,0.150495,0.13163,0
0.181375,0.189072,0.0790686,0
0.176726,0.220074,0.137356,0
0.147063,0.14288,0.191866,0
0.179801,0.152663,0.128194,0
0.106939,0.122193,0.120708,0
0.16443,0.207849,0.0313473,0
0.103889,0.178119,0.183847,0
0.151497,0.145816,0.0561516,0
0.108706,0.198878,0.197545,0
0.114643,0.215498,0.126322,0
0.224444,0.145732,0.0525471,0
0.117779,0.205359,0.182543,0
0.172609,0.144335,0.134245,0
0.177679,0.150294,0.0939868,0
0.171698,0.185645,0.117477,0
0.191894,0.18291,0.163143,0
0.166577,0.16058,0.136695,0
0.139919,0.161627,0.186117,0
0.126567,0.150648,0.182321,0
0.149069,0.138111,0.163039,0
0.187157,0.163602,0.0977262,0
0.181671,0.144969,0.207947,0
0.219937,0.139761,0.196318,0
0.126158,0.139537,0.0099663,0
0.189167,0.192447,0.149491,0
0.19835,0.205671,0.116468,0
0.157822,0.190766,0.149744,0
0.168539,0.188275,0.209139,0
0.189367,0.146506,0.118081,0
0.139034,0.206194,0.0316786,0
0.166822,0.210551,0.125635,0
0.10927,0.181747,0.113702,0
0.148358,0.135892,0.0385178,0
0.208566,0.168634,0.0876398,0
0.134948,0.197852,0.0666894,0
0.151559,0.212672,0.0337405,0
0.157107,0.166269,0.00574421,0
0.161022,0.187113,0.0679632,0
0.198646,0.154087,0.214225,0
0.135997,0.151231,0.0789644,0
0.211607,0.211051,0.184284,0
0.159266,0.184226,0.140364,0
0.153857,0.161128,0.0718356,0
0.216642,0.198191,0.0393197,0
0.222759,0.224704,0.0331583,0
0.112159,0.166814,0.15163,0
0.114456,0.208629,0.0862503,0
0.0331172,0.200386,0.131765,1
0.0291618,0.205244,0.12937,1
0.0325325,0.200253,0.133562,1
0.0428465,0.154419,0.134638,1
0.0580837,0.163971,0.0468592,1
0.00917923,0.217815,0.120346,1
0.0738307,0.174213,0.124785,1
0.0536135,0.172144,0.181948,1
0.0978689,0.198913,0.121911,1
0.0363066,0.202254,0.129211,1
0.0432667,0.164249,0.00896256,1
0.0333003,0.200852,0.133811,1
0.0298625,0.198453,0.136428,1
0.0308052,0.196966,0.13198,1
0.0517311,0.203128,0.0632851,1
0.0459966,0.171923,0.00893465,1
0.0598141,0.216261,0.0699662,1
0.0336079,0.199588,0.133708,1
0.0294669,0.197022,0.136653,1
0.0344124,0.202612,0.13365,1
0.0366361,0.199427,0.134124,1
0.00719143,0.203537,0.0822022,1
0.0571857,0.205833,0.0758463,1
0.0356257,0.196166,0.129671,1
0.028854,0.179258,0.0157412,1
0.0335388,0.195981,0.133786,1
0.031324,0.200917,0.129154,1
0.0781076,0.153997,0.0476439,1
0.0449898,0.183521,0.0489091,1
0.0519808,0.190898,0.0682906,1
0.0618617,0.158516,0.118875,1
0.0372106,0.198251,0.133945,1
0.0736691,0.16338,0.132206,1
0.0314629,0.199172,0.135318,1
0.0388565,0.202506,0.130443,1
0.0347117,0.200213,0.128275,1
0.0360811,0.201949,0.131744,1
0.0367622,0.194832,0.13118,1
0.0382552,0.199194,0.128471,1
0.0691378,0.194812,0.00563525,1
0.00251437,0.173171,0.0222676,1
0.0133414,0.220681,0.0681315,1
0.0203957,0.216885,0.0647569,1
0.0341595,0.202591,0.134948,1
0.0641474,0.173223,0.0537922,1
0.0544142,0.188385,0.108194,1
0.0361214,0.194656,0.134237,1
0.0612928,0.20389,0.17447,1
0.00233829,0.209491,7.86769e-05,1
0.060513,0.223333,0.0704729,1
0.0831058,0.221229,0.198395,1
0.0280816,0.155264,0.00635657,1
0.0780583,0.199858,0.129909,1
0.0349318,0.195769,0.131164,1
0.0151978,0.187409,0.116009,1
0.0193397,0.208387,0.0117743,1
0.0584821,0.188536,0.0244954,1
0.0825439,0.223256,0.0162208,1
0.0119106,0.19665,0.1623,1
0.035525,0.198857,0.131599,1
0.0599261,0.189002,0.0257879,1
0.0398106,0.200191,0.131207,1
0.0251205,0.221444,0.0740732,1
0.0338499,0.199948,0.129833,1
0.0372288,0.163645,0.069036,1
0.0742279,0.169652,0.0309815,1
0.041951,0.189835,0.0300294,1
0.0308792,0.199325,0.128122,1
0.0287838,0.197444,0.133655,1
0.0415602,0.203617,0.114207,1
0.0858367,0.161928,0.152908,1
0.0379854,0.203672,0.130055,1
0.0400194,0.157242,0.176036,1
0.0309136,0.201076,0.135782,1
0.0157351,0.205277,0.119043,1
0.0613969,0.161173,0.0338451,1
0.0461085,0.208724,0.149818,1
0.0922485,0.173252,0.0649611,1
0.0875629,0.168919,0.0907431,1
0.00865437,0.153604,0.0211439,1
0.098132,0.173013,0.0658963,1
0.066422,0.19338,0.0447852,1
0.0351293,0.173524,0.155708,1
0.00911775,0.181133,0.0359782,1
0.0322749,0.19727,0.129164,1
0.0336324,0.156827,0.160504,1
0.0363709,0.201787,0.131101,1
0.0810127,0.15339,0.0897675,1
0.0114513,0.163931,0.00138281,1
0.0347123,0.196981,0.1311,1
0.0736367,0.181473,0.101931,1
0.0389547,0.196939,0.134883,1
0.100519,0.189948,0.114776,1
0.0748106,0.18767,0.186043,1
0.0340953,0.202438,0.133801,1
0.0135479,0.224934,0.0398361,1
0.0485399,0.159913,0.183109,1
0.00974689,0.201289,0.0219537,1
0.0838467,0.209324,0.0264225,1
0.0864498,0.175211,0.0881434,1
0.0606253,0.199958,0.180223,1
0.0949503,0.198579,0.0746869,1
0.033571,0.195042,0.128698,1
0.0962963,0.17391,0.129232,1
0.0959061,0.219581,0.184871,1
0.04249,0.195117,0.131627,1
0.0359811,0.197155,0.127462,1
0.0774755,0.16506,0.0634496,1
0.0325534,0.198725,0.133498,1
0.0220182,0.177447,0.0904931,1
0.0733557,0.223343,0.0344389,1
0.0337336,0.196081,0.133597,1
0.0345813,0.204038,0.133059,1
0.0394056,0.20038,0.131033,1
0.0301735,0.200596,0.129814,1
0.0375378,0.183197,0.00557271,1
0.0127069,0.192835,0.174179,1
0.0547902,0.191262,0.0393637,1
0.0456699,0.172385,0.024865,1
0.0336405,0.204202,0.12738,1
0.0170654,0.155599,0.00442779,1
0.0208152,0.151065,0.160021,1
0.0493956,0.189713,0.108533,1
0.103109,0.177615,0.0363691,1
0.0662591,0.21766,0.112917,1
0.0977879,0.154816,0.0624189,1
0.0984707,0.198547,0.045674,1
0.0248576,0.150789,0.106818,1
0.0185581,0.150452,0.0124153,1
0.0197566,0.150443,0.0722517,1
0.191774,0.0798732,0.156453,2
0.15588,0.0953327,0.148838,2
0.114986,0.0896574,0.107843,2
0.129189,0.0527107,0.154883,2
0.157296,0.0172455,0.189638,2
0.208874,0.00470137,0.178133,2
0.217205,0.0713361,0.178325,2
0.141528,0.0242399,0.203254,2
0.183069,0.06243,0.0652452,2
0.111639,0.0154355,0.0900635,2
0.142574,0.0562192,0.179942,2
0.119339,0.00183058,0.181619,2
0.194303,0.114582,0.128588,2
0.123431,0.0547738,0.127033,2
0.111351,0.0479857,0.204523,2
0.107931,0.00439506,0.205347,2
0.119828,0.0714123,0.191873,2
0.139332,0.102052,0.0496716,2
0.137946,0.0836524,0.168747,2
0.206213,0.0124034,0.165036,2
0.116931,0.0503719,0.187548,2
0.109506,0.077322,0.0471921,2
0.152371,0.0811604,0.147865,2
0.210236,0.0850884,0.0440475,2
0.175362,0.0700901,0.0856541,2
0.105522,0.0725336,0.212084,2
0.149618,0.102877,0.194039,2
0.205388,0.0816379,0.0353117,2
0.173359,0.0234397,0.100645,2
0.215578,0.0811358,0.189024,2
0.218542,0.0823121,0.19481,2
0.168708,0.0989634,0.143866,2
0.192056,0.00931207,0.197361,2
0.219059,0.066212,0.0808556,2
0.138831,0.0697675,0.132943,2
0.13705,0.049693,0.109722,2
0.157818,0.0610182,0.0480575,2
0.168728,0.0358152,0.0169735,2
0.197947,0.0985572,0.151156,2
0.184278,0.021307,0.062723,2
0.218229,0.103308,0.0417162,2
0.103676,0.0728105,0.00817982,2
0.117838,0.0550719,0.101965,2
0.123323,0.0846322,0.0558442,2
0.222131,0.0349297,0.0956921,2
0.149111,0.0735223,0.0247837,2
0.211275,0.102712,0.0971765,2
0.203495,0.0228083,0.0833019,2
0.209947,0.0625658,0.159588,2
0.174251,0.0815239,0.151038,2
0.218092,0.0873457,0.117039,2
0.155738,0.105958,0.103704,2
0.181999,0.101544,0.211944,2
0.143265,0.091298,0.0256383,2
0.215712,0.117786,0.0979143,2
0.149603,0.0629727,0.027079,2
0.121892,0.0559804,0.0266206,2
0.110383,0.0403804,0.148234,2
0.144148,0.0872791,0.102148,2
0.199799,0.0836138,0.109123,2
0.189609,0.113058,0.212168,2
0.161756,0.103595,0.0676677,2
0.106751,0.10923,0.0382602,2
0.174645,0.114263,0.118467,2
0.173249,0.0397306,0.101495,2
0.104081,0.102979,0.152254,2
0.180856,0.035008,0.0735286,2
0.193055,0.031088,0.0781415,2
0.22234,0.00665812,0.0205981,2
0.173586,0.0298593,0.117349,2
0.224872,0.0123876,0.0933293,2
0.165769,0.0167755,0.128675,2
0.195806,0.0192804,0.053314,2
0.192662,0.0115781,0.0331985,2
0.11059,0.0243085,0.197751,2
0.212592,0.0861572,0.189849,2
0.184005,0.0368643,0.0285588,2
0.140041,0.0735987,0.173658,2
0.174544,0.079539,0.0592292,2
0.118092,0.0301297,0.072754,2
0.160916,0.0498868,0.178547,2
0.219078,0.0783237,0.0510163,2
0.210817,0.09213,0.0468603,2
0.211031,0.0362923,0.0333844,2
0.19091,0.102153,0.0973284,2
0.116649,0.0246931,0.128063,2
0.186706,0.113901,0.144995,2
0.209431,0.113209,0.121125,2
0.138875,0.0830134,0.0945351,2
0.120268,0.0237535,0.0342851,2
0.119709,0.0259368,0.177182,2
0.203811,0.0300964,0.117764,2
0.148255,0.00225404,0.062154,2
0.195236,0.102031,0.184702,2
0.173869,0.0906596,0.132903,2
0.146652,0.0879242,0.0287668,2
0.151144,0.0893149,0.0421465,2
0.197286,0.0972594,0.115044,2
0.188549,0.109317,0.21342,2
0.205057,0.01152,0.148921,2
0.12369,0.104996,0.186389,2
0.172411,0.116814,0.121144,2
0.165052,0.0831532,0.0866553,2
0.152276,0.0152095,0.130398,2
0.154076,0.0181687,0.129774,2
0.176573,0.0529371,0.197564,2
0.112414,0.111094,0.18437,2
0.223623,0.102215,0.147845,2
0.162568,0.0671481,0.196039,2
0.21454,0.0991747,0.202888,2
0.108452,0.0787888,0.169224,2
0.189555,0.0819631,0.122667,2
0.161228,0.0911572,0.143214,2
0.169956,0.0296614,0.118514,2
0.218813,0.113944,0.22352,2
0.18401,0.0690406,0.192802,2
0.189522,0.0115752,0.108178,2
0.206129,0.118283,0.122734,2
0.138965,0.0775681,0.152091,2
0.216692,0.0408935,0.0563805,2
0.107447,0.0116799,0.150697,2
0.12743,0.11885,0.175102,2
0.0476529,0.00595523,0.181151,3
0.0556057,0.110033,0.185868,3
0.0544005,0.0433076,0.189939,3
0.0237219,0.139109,0.218325,3
0.0530826,0.0848503,0.180586,3
0.034071,0.0564213,0.198444,3
0.0320292,0.0722496,0.153259,3
0.0682895,0.0533491,0.0689046,3
0.0260044,0.0418872,0.114707,3
0.00151365,0.0452798,0.138072,3
0.048932,0.0359141,0.20115,3
0.10246,0.104474,0.0857664,3
0.0164303,0.086993,0.00650677,3
0.0681903,0.0124583,0.201993,3
0.0104861,0.0423026,0.0414433,3
0.099724,0.145929,0.0877228,3
0.0974296,0.000993233,0.0417531,3
0.0674377,0.0181471,0.157827,3
0.0598159,0.0556492,0.212296,3
0.019682,0.00766624,0.0284783,3
0.0932007,0.0261982,0.198637,3
0.0911942,0.120104,0.0343323,3
0.0857826,0.110468,0.160578,3
0.00997871,0.0142086,0.0133487,3
0.0631516,0.00117256,0.113608,3
0.013709,0.0813773,0.16237,3
0.0892883,0.0406556,0.0138457,3
0.00692374,0.0181572,0.192171,3
0.0425992,0.0434172,0.0341672,3
0.071494,0.0622988,0.167014,3
0.0536831,0.14091,0.133212,3
0.070083,0.0911218,0.0309799,3
0.0337277,0.0501065,0.063878,3
0.077764,0.0987676,0.105624,3
0.0608462,0.150017,0.224759,3
0.0507672,0.0022306,0.0773566,3
0.0793179,0.082939,0.149347,3
0.0574037,0.0776626,0.200146,3
0.0961379,0.0319122,0.190036,3
0.0253935,0.0523906,0.0354492,3
0.0159669,0.0285099,0.0832631,3
0.0852177,0.0244675,0.17813,3
0.0368652,0.0797939,0.176476,3
0.0721666,0.0315681,0.197005,3
0.0580006,0.041902,0.00822915,3
0.0475655,0.0240377,0.202047,3
0.00604506,0.0865354,0.0121813,3
0.0769923,0.101136,0.03152,3
0.0253781,0.0832353,0.0527728,3
0.0641264,0.0386523,0.223874,3
0.0106765,0.0360677,0.132917,3
0.0693234,0.067872,0.16119,3
0.0539159,0.0629977,0.107701,3
0.0800608,0.110475,0.22301,3
0.0887444,0.0474588,0.172248,3
0.0393364,0.111534,0.110178,3
0.0636486,0.0993721,0.211944,3
0.00656304,0.0527906,0.208505,3
0.0409951,0.0572748,0.144344,3
0.0852681,0.035386,0.182958,3
0.0319319,0.0558012,0.0399164,3
0.0572366,0.121108,0.0643241,3
0.0780796,0.105093,0.149312,3
0.0110714,0.0326403,0.0128853,3
0.0601019,0.127853,0.0373648,3
0.0943782,0.0336388,0.0940854,3
0.0809859,0.0865106,0.169832,3
0.0267609,0.0755821,0.105737,3
0.0675966,0.143411,0.190476,3
0.0588305,0.146068,0.175533,3
0.0443256,0.0056779,0.0733329,3
0.0722799,0.139125,0.139722,3
0.0425586,0.0715843,0.0725362,3
0.0686232,0.0839862,0.00277758,3
0.076006,0.0847775,0.0296144,3
0.000919987,0.0850893,0.115129,3
0.0188515,0.137171,0.173266,3
0.0200996,0.116104,0.0969665,3
0.0233899,0.0787227,0.0676243,3
0.0325672,0.0231248,0.0561476,3
0.0957092,0.023847,0.151864,3
0.00626927,0.0370474,0.106489,3
0.0338179,0.0407554,0.0418716,3
0.00935486,0.141952,0.210135,3
0.0552839,0.0174482,0.0340414,3
0.0846697,0.140293,0.179686,3
0.0173746,0.0893269,0.0645518,3
0.0130406,0.128015,0.0632026,3
0.0832407,0.0666538,0.0167651,3
0.0444678,0.1109,0.0735157,3
0.0921765,0.0845089,0.0774784,3
0.10135,0.115203,0.0662111,3
0.0769189,0.134429,0.0956213,3
0.0336516,0.13988,0.0330068,3
0.102749,0.116824,0.0849696,3
0.0554156,0.135563,0.0742189,3
0.0926273,0.0788485,0.027158,3
0.0468371,0.0632011,0.0611977,3
0.0625282,0.136408,0.0807058,3
0.102531,0.111323,0.0576114,3
0.0756258,0.0322428,0.0171495,3
0.0133275,0.0150487,0.0894169,3
0.0308255,0.0345148,0.0310492,3
0.0464368,0.0501525,0.107501,3
0.0149277,0.124823,0.0600199,3
0.0642733,0.00677702,0.0109356,3
0.0237821,0.090121,0.0227246,3
0.0893231,0.0650379,0.100443,3
0.00134395,0.127084,0.0689639,3
0.1006,0.033481,0.0849362,3
0.0872942,0.0677072,0.0111968,3
0.0493593,0.128796,0.0165094,3
0.0910142,0.117308,0.00343702,3
0.064779,0.0916404,0.0341583,3
0.0351623,0.0914656,0.119874,3
0.0202449,0.0265736,0.0275142,3
0.0329973,0.121071,0.0210456,3
0.0572689,0.0669138,0.00911394,3
0.0757738,0.149728,0.0606251,3
0.0260037,0.130733,0.00658866,3
0.0984702,0.0534656,0.133255,3
0.0589824,0.127266,0.0468307,3
0.063489,0.14279,0.0902458,3
0.101606,0.065077,0.216515,3
0.0903092,0.00913062,0.0396023,3
0.101491,0.01982,0.176144,3
0.102999,0.0740006,0.178016,3
